Date,Open,High,Low,Close,Volume,OpenInt
2010-08-30,9.3807,9.3807,9.2944,9.2944,1645766,0
2010-08-31,9.3179,9.3356,9.2405,9.2857,554971,0
2010-09-01,9.3758,9.3807,9.3248,9.363,799763,0
2010-09-02,9.3807,9.4199,9.3552,9.4199,1442742,0
2010-09-03,9.4562,9.4562,9.4199,9.4356,625744,0
2010-09-07,9.4248,9.4248,9.3689,9.3974,732013,0
2010-09-08,9.4405,9.4405,9.3915,9.3915,664197,0
2010-09-09,9.4689,9.4689,9.4199,9.4248,1335191,0
2010-09-10,9.4758,9.4807,9.4199,9.4317,802440,0
2010-09-13,9.4483,9.4758,9.4405,9.4758,920144,0
2010-09-14,9.4905,9.4974,9.4405,9.4631,794573,0
2010-09-15,9.4807,9.4807,9.414,9.4356,1045480,0
2010-09-16,9.4631,9.4631,9.414,9.4356,1078636,0
2010-09-17,9.4631,9.4631,9.414,9.4405,1002987,0
2010-09-20,9.4807,9.4974,9.4405,9.4807,782751,0
2010-09-21,9.4974,9.512,9.4758,9.4974,819894,0
2010-09-22,9.4974,9.535,9.4905,9.526,865182,0
2010-09-23,9.4758,9.518,9.4631,9.4807,885230,0
2010-09-24,9.562,9.568,9.4905,9.4905,1528146,0
2010-09-27,9.535,9.535,9.4974,9.518,633041,0
2010-09-28,9.53,9.554,9.4846,9.535,682318,0
2010-09-29,9.541,9.58,9.53,9.574,965738,0
2010-09-30,9.617,9.617,9.554,9.597,2066731,0
2010-10-01,9.636,9.654,9.597,9.647,886614,0
2010-10-04,9.68,9.68,9.611,9.654,1059229,0
2010-10-05,9.71,9.71,9.66,9.68,1203534,0
2010-10-06,9.685,9.71,9.673,9.703,810341,0
2010-10-07,9.736,9.781,9.68,9.759,1273244,0
2010-10-08,9.781,9.786,9.736,9.766,693884,0
2010-10-11,9.803,9.816,9.766,9.803,664729,0
2010-10-12,9.795,9.816,9.752,9.809,873268,0
2010-10-13,9.883,9.883,9.828,9.845,1297276,0
2010-10-14,9.845,9.853,9.79,9.816,1259584,0
2010-10-15,9.845,9.845,9.773,9.809,601143,0
2010-10-18,9.816,9.816,9.786,9.809,821567,0
2010-10-19,9.752,9.803,9.748,9.766,592637,0
2010-10-20,9.803,9.823,9.786,9.816,404655,0
2010-10-21,9.828,9.867,9.786,9.809,609980,0
2010-10-22,9.823,9.833,9.795,9.809,528448,0
2010-10-25,9.845,9.872,9.803,9.816,470339,0
2010-10-26,9.803,9.845,9.803,9.84,1261224,0
2010-10-27,9.84,9.872,9.803,9.845,810667,0
2010-10-28,9.896,9.896,9.816,9.845,1024261,0
2010-10-29,9.848,9.9,9.848,9.9,493381,0
2010-11-01,9.933,9.933,9.883,9.916,762093,0
2010-11-02,9.982,9.982,9.916,9.966,979030,0
2010-11-03,9.996,10.008,9.939,9.966,559738,0
2010-11-04,10.047,10.132,9.996,10.008,789970,0
2010-11-05,9.946,9.982,9.853,9.939,1197284,0
2010-11-08,9.926,9.933,9.876,9.91,2175438,0
2010-11-09,9.982,9.989,9.916,9.982,1873660,0
2010-11-10,10.032,10.032,9.922,9.972,730404,0
2010-11-11,9.933,9.96,9.926,9.952,439378,0
2010-11-12,9.972,9.972,9.89,9.916,571031,0
2010-11-15,10.008,10.016,9.926,9.952,813537,0
2010-11-16,9.966,9.966,9.752,9.809,1043930,0
2010-11-17,9.803,9.84,9.786,9.816,602493,0
2010-11-18,9.89,9.89,9.833,9.845,584922,0
2010-11-19,9.867,9.876,9.816,9.872,838669,0
2010-11-22,9.91,9.91,9.845,9.883,950573,0
2010-11-23,9.883,9.883,9.816,9.876,999546,0
2010-11-24,9.946,9.946,9.867,9.872,578539,0
2010-11-26,9.845,9.876,9.845,9.845,216237,0
2010-11-29,9.896,9.896,9.816,9.853,967652,0
2010-11-30,9.817,9.861,9.809,9.854,1471147,0
2010-12-01,9.933,9.946,9.833,9.845,1556283,0
2010-12-02,9.872,9.876,9.816,9.853,1997302,0
2010-12-03,9.86,9.86,9.84,9.853,771339,0
2010-12-06,9.845,9.872,9.845,9.853,906600,0
2010-12-07,9.922,9.922,9.845,9.86,1088558,0
2010-12-08,9.876,9.883,9.816,9.828,1296365,0
2010-12-09,9.853,9.86,9.84,9.845,1091016,0
2010-12-10,9.876,9.89,9.853,9.883,3255613,0
2010-12-13,9.933,9.939,9.903,9.933,1668177,0
2010-12-14,9.952,9.952,9.89,9.896,1571767,0
2010-12-15,9.803,9.922,9.781,9.816,2062904,0
2010-12-16,9.84,9.84,9.742,9.773,1237465,0
2010-12-17,9.781,9.786,9.731,9.766,910442,0
2010-12-20,9.786,9.786,9.71,9.748,863399,0
2010-12-21,9.773,9.803,9.748,9.803,867873,0
2010-12-22,9.816,9.86,9.809,9.853,849946,0
2010-12-23,9.872,9.883,9.853,9.86,823851,0
2010-12-27,9.872,9.872,9.823,9.853,662949,0
2010-12-28,9.867,9.903,9.86,9.903,1546002,0
2010-12-29,9.935,9.942,9.912,9.935,1525402,0
2010-12-30,9.948,9.999,9.912,9.974,3492619,0
2010-12-31,9.975,10.003,9.965,9.981,941154,0
2011-01-03,10.022,10.047,9.989,10.016,1493860,0
2011-01-04,9.966,10.032,9.952,9.982,1754007,0
2011-01-05,9.996,9.996,9.96,9.972,1093126,0
2011-01-06,9.989,10.003,9.96,9.972,858168,0
2011-01-07,10.003,10.003,9.96,9.982,1639783,0
2011-01-10,9.982,10.016,9.976,10.008,843485,0
2011-01-11,10.027,10.057,10.022,10.047,1547323,0
2011-01-12,10.088,10.095,10.047,10.076,932518,0
2011-01-13,10.095,10.095,10.066,10.082,866156,0
2011-01-14,10.102,10.115,10.088,10.108,875862,0
2011-01-18,10.125,10.132,10.076,10.082,920648,0
2011-01-19,10.076,10.095,9.989,10.003,797217,0
2011-01-20,10.003,10.027,9.853,9.926,956248,0
2011-01-21,9.976,9.976,9.946,9.966,779435,0
2011-01-24,9.982,10.051,9.976,10.039,1057249,0
2011-01-25,10.047,10.057,10.016,10.032,769005,0
2011-01-26,10.047,10.115,10.032,10.102,772716,0
2011-01-27,10.115,10.139,10.082,10.125,890552,0
2011-01-28,10.152,10.152,10.072,10.082,851774,0
2011-01-31,10.086,10.125,10.079,10.125,910172,0
2011-02-01,10.169,10.245,10.125,10.139,957005,0
2011-02-02,10.152,10.231,10.125,10.157,854021,0
2011-02-03,10.176,10.182,10.139,10.182,857014,0
2011-02-04,10.189,10.189,10.152,10.182,929242,0
2011-02-07,10.076,10.076,10.003,10.008,1070781,0
2011-02-08,9.816,10.119,9.816,9.996,1396089,0
2011-02-09,9.939,10.008,9.939,9.976,724245,0
2011-02-10,9.972,9.989,9.952,9.989,727190,0
2011-02-11,9.939,9.989,9.926,9.989,510404,0
2011-02-14,9.989,10.076,9.989,10.076,1006708,0
2011-02-15,10.082,10.152,10.072,10.139,2348760,0
2011-02-16,10.169,10.201,10.132,10.146,997327,0
2011-02-18,10.189,10.22,10.164,10.195,1266406,0
2011-02-22,10.189,10.207,10.115,10.132,1200725,0
2011-02-23,10.152,10.207,10.095,10.132,832492,0
2011-02-24,10.157,10.176,10.125,10.132,1174002,0
2011-02-25,10.176,10.225,10.146,10.225,847608,0
2011-02-28,10.252,10.27,10.226,10.27,1043190,0
2011-03-01,10.306,10.318,10.212,10.225,1000847,0
2011-03-02,10.258,10.262,10.195,10.22,791074,0
2011-03-03,10.281,10.297,10.225,10.251,1365683,0
2011-03-04,10.262,10.262,10.207,10.22,769612,0
2011-03-07,10.22,10.258,10.164,10.195,1645491,0
2011-03-08,10.22,10.22,10.125,10.164,2372513,0
2011-03-09,10.157,10.176,10.051,10.066,1221712,0
2011-03-10,10.066,10.095,9.91,9.96,1650934,0
2011-03-11,9.96,9.972,9.89,9.966,811834,0
2011-03-14,9.972,9.976,9.896,9.946,572740,0
2011-03-15,9.816,9.876,9.748,9.833,1189657,0
2011-03-16,9.845,9.926,9.795,9.89,959665,0
2011-03-17,9.948,9.985,9.912,9.974,930316,0
2011-03-18,10.008,10.051,9.946,9.952,1023142,0
2011-03-21,10.003,10.057,9.989,10.057,1396746,0
2011-03-22,10.066,10.095,10.047,10.095,650293,0
2011-03-23,10.102,10.139,10.027,10.047,1377311,0
2011-03-24,10.072,10.119,10.066,10.119,739381,0
2011-03-25,10.119,10.152,10.095,10.139,690564,0
2011-03-28,10.164,10.176,10.095,10.115,957962,0
2011-03-29,10.119,10.119,10.066,10.076,797939,0
2011-03-30,10.119,10.139,10.108,10.132,1386904,0
2011-03-31,10.139,10.178,10.125,10.164,841773,0
2011-04-01,10.195,10.212,10.169,10.195,631440,0
2011-04-04,10.225,10.225,10.195,10.207,801650,0
2011-04-05,10.212,10.226,10.189,10.207,756173,0
2011-04-06,10.231,10.251,10.195,10.212,498282,0
2011-04-07,10.226,10.24,10.194,10.232,2361737,0
2011-04-08,10.258,10.258,10.176,10.212,580893,0
2011-04-11,10.231,10.231,10.157,10.189,570178,0
2011-04-12,10.182,10.182,10.035,10.145,932572,0
2011-04-13,10.164,10.189,10.132,10.152,647525,0
2011-04-14,10.119,10.182,10.102,10.169,708642,0
2011-04-15,10.169,10.201,10.169,10.201,880606,0
2011-04-18,10.169,10.189,10.125,10.189,791962,0
2011-04-19,10.189,10.207,10.164,10.201,661754,0
2011-04-20,10.251,10.268,10.22,10.245,1810818,0
2011-04-21,10.274,10.288,10.225,10.288,1241769,0
2011-04-25,10.33,10.33,10.281,10.318,872969,0
2011-04-26,10.358,10.358,10.326,10.358,1062030,0
2011-04-27,10.374,10.38,10.318,10.368,1821804,0
2011-04-28,10.288,10.395,10.288,10.395,1515437,0
2011-04-29,10.367,10.433,10.367,10.379,851147,0
2011-05-02,10.406,10.418,10.268,10.274,870815,0
2011-05-03,10.298,10.303,10.156,10.175,1437685,0
2011-05-04,10.194,10.207,9.985,10.093,1933804,0
2011-05-05,10.063,10.07,9.942,10.025,2517866,0
2011-05-06,10.101,10.175,10.079,10.145,1323109,0
2011-05-09,10.156,10.212,10.106,10.151,1371646,0
2011-05-10,10.201,10.201,10.114,10.137,1019514,0
2011-05-11,10.145,10.151,9.999,10.044,1503019,0
2011-05-12,10.079,10.079,9.912,9.974,1198013,0
2011-05-13,9.999,10.044,9.905,9.905,1302694,0
2011-05-16,9.929,9.974,9.854,9.861,1274719,0
2011-05-17,9.861,9.868,9.696,9.751,2667981,0
2011-05-18,9.747,9.905,9.747,9.897,1858188,0
2011-05-19,9.935,9.993,9.877,9.993,1459440,0
2011-05-20,10.019,10.03,9.956,10.025,1452769,0
2011-05-23,9.935,9.993,9.905,9.985,914734,0
2011-05-24,10.005,10.07,9.942,9.979,1168236,0
2011-05-25,9.999,10.03,9.974,10.011,1383851,0
2011-05-26,10.025,10.044,9.999,10.035,1364919,0
2011-05-27,10.056,10.074,10.011,10.03,1000697,0
2011-05-31,10.079,10.093,10.018,10.054,2423507,0
2011-06-01,10.056,10.056,9.969,9.969,3418328,0
2011-06-02,9.985,10.019,9.912,9.962,874294,0
2011-06-03,9.942,9.969,9.885,9.969,722730,0
2011-06-06,9.974,9.974,9.854,9.861,1057454,0
2011-06-07,9.874,9.892,9.841,9.854,1053128,0
2011-06-08,9.861,9.912,9.809,9.861,1007206,0
2011-06-09,9.877,9.962,9.861,9.956,776153,0
2011-06-10,9.956,10.019,9.942,10.019,1215733,0
2011-06-13,10.03,10.056,9.912,9.962,915874,0
2011-06-14,9.999,9.999,9.956,9.969,1680487,0
2011-06-15,9.918,9.969,9.868,9.935,900906,0
2011-06-16,9.946,9.966,9.826,9.848,1157963,0
2011-06-17,9.868,9.897,9.781,9.803,1195503,0
2011-06-20,9.809,9.841,9.773,9.841,1356329,0
2011-06-21,9.874,9.948,9.874,9.948,977562,0
2011-06-22,9.956,9.979,9.942,9.962,1796205,0
2011-06-23,9.948,9.974,9.841,9.974,2065504,0
2011-06-24,9.942,9.999,9.942,9.993,983753,0
2011-06-27,9.969,10.035,9.969,10.025,1013847,0
2011-06-28,10.035,10.049,9.999,10.03,891092,0
2011-06-29,10.063,10.124,10.03,10.119,1593643,0
2011-06-30,10.147,10.158,10.079,10.119,1813367,0
2011-07-01,10.093,10.151,10.087,10.145,999334,0
2011-07-05,10.169,10.169,10.131,10.156,827300,0
2011-07-06,10.156,10.17,10.119,10.164,730729,0
2011-07-07,10.156,10.221,10.156,10.202,1035655,0
2011-07-08,10.152,10.19,10.093,10.19,491320,0
2011-07-11,10.106,10.151,10.101,10.131,746500,0
2011-07-12,10.119,10.123,10.093,10.113,756206,0
2011-07-13,10.175,10.175,10.093,10.106,602619,0
2011-07-14,10.131,10.156,10.074,10.093,949808,0
2011-07-15,10.093,10.137,10.093,10.131,633538,0
2011-07-18,10.131,10.137,10.079,10.106,516303,0
2011-07-19,10.131,10.152,10.123,10.131,1031555,0
2011-07-20,10.151,10.156,10.119,10.124,927312,0
2011-07-21,10.164,10.164,10.131,10.137,827082,0
2011-07-22,10.145,10.17,10.138,10.156,644057,0
2011-07-25,10.151,10.151,10.087,10.114,761469,0
2011-07-26,10.119,10.131,10.028,10.033,1007407,0
2011-07-27,9.999,10.049,9.935,9.969,1427227,0
2011-07-28,9.966,10.018,9.938,9.966,560554,0
2011-07-29,9.93,10.023,9.897,10.003,647934,0
2011-08-01,10.063,10.119,10.03,10.035,1269883,0
2011-08-02,10.054,10.069,10.004,10.024,1428792,0
2011-08-03,10.087,10.087,9.935,10.025,1369830,0
2011-08-04,10.024,10.028,9.804,9.842,1210325,0
2011-08-05,9.83,9.888,8.3989,9.735,6981448,0
2011-08-08,9.503,9.517,8.9187,9.0532,3481070,0
2011-08-09,9.0977,9.786,9.0977,9.735,2047684,0
2011-08-10,9.729,10.069,9.554,9.888,2029745,0
2011-08-11,9.938,10.131,9.925,9.973,3666590,0
2011-08-12,10.131,10.131,9.9,9.925,1176156,0
2011-08-15,10.093,10.131,9.973,10.024,1067370,0
2011-08-16,10.033,10.033,9.925,9.99,695090,0
2011-08-17,10.028,10.062,9.973,9.99,1721809,0
2011-08-18,9.811,9.88,9.747,9.83,1310097,0
2011-08-19,9.811,9.826,9.54,9.605,3909923,0
2011-08-22,9.65,9.735,9.3356,9.3483,1461483,0
2011-08-23,9.4513,9.657,9.3297,9.657,1266007,0
2011-08-24,9.657,9.781,9.524,9.74,630522,0
2011-08-25,9.797,9.857,9.581,9.626,2240879,0
2011-08-26,9.587,9.791,9.554,9.752,819608,0
2011-08-29,9.759,9.888,9.759,9.87,635214,0
2011-08-30,9.908,10.024,9.804,9.925,863681,0
2011-08-31,10.023,10.054,9.93,9.981,863324,0
2011-09-01,10.024,10.024,9.92,9.973,661724,0
2011-09-02,9.965,10.079,9.832,9.892,808226,0
2011-09-06,9.83,9.9,9.689,9.818,930673,0
2011-09-07,9.87,9.925,9.74,9.888,821240,0
2011-09-08,9.87,9.946,9.87,9.925,608383,0
2011-09-09,9.908,9.932,9.862,9.888,1091093,0
2011-09-12,9.888,9.888,9.735,9.842,661891,0
2011-09-13,9.797,9.88,9.797,9.875,521799,0
2011-09-14,9.959,9.959,9.826,9.88,1059556,0
2011-09-15,9.932,9.973,9.826,9.952,1471083,0
2011-09-16,10.069,10.069,9.842,9.875,985108,0
2011-09-19,9.875,10.01,9.791,10.01,690978,0
2011-09-20,10.123,10.123,9.977,10.048,2501060,0
2011-09-21,10.01,10.123,9.966,9.99,684910,0
2011-09-22,9.973,9.973,9.747,9.811,1465841,0
2011-09-23,9.875,9.875,9.713,9.729,1063795,0
2011-09-26,9.848,9.952,9.695,9.804,774613,0
2011-09-27,10.028,10.1,9.88,9.894,1422211,0
2011-09-28,9.842,9.908,9.786,9.797,810034,0
2011-09-29,9.952,10.1,9.786,9.804,837188,0
2011-09-30,9.835,9.835,9.756,9.771,750723,0
2011-10-03,9.781,9.781,9.587,9.619,940713,0
2011-10-04,9.613,9.619,9.1693,9.613,1438099,0
2011-10-05,9.567,9.793,9.4552,9.754,1947805,0
2011-10-06,9.754,9.845,9.597,9.814,1089991,0
2011-10-07,9.797,9.811,9.657,9.747,1032636,0
2011-10-10,9.811,9.908,9.713,9.848,1598441,0
2011-10-11,9.818,9.925,9.781,9.908,1535591,0
2011-10-12,9.938,9.966,9.908,9.932,1585495,0
2011-10-13,9.959,9.977,9.88,9.977,815783,0
2011-10-14,10.018,10.062,9.977,10.042,997954,0
2011-10-17,10.106,10.119,10.004,10.01,1016772,0
2011-10-18,10.042,10.093,9.973,10.069,4464296,0
2011-10-19,10.138,10.156,10.074,10.106,1236219,0
2011-10-20,10.183,10.183,10.074,10.156,819681,0
2011-10-21,10.257,10.257,10.164,10.178,958430,0
2011-10-24,10.227,10.265,10.19,10.233,1292842,0
2011-10-25,10.269,10.29,10.172,10.185,1335747,0
2011-10-26,10.294,10.31,10.221,10.301,1388877,0
2011-10-27,10.453,10.453,10.294,10.352,4624139,0
2011-10-28,10.373,10.4,10.29,10.379,1527824,0
2011-10-31,10.311,10.371,10.306,10.358,933798,0
2011-11-01,10.269,10.32,10.223,10.269,1377226,0
2011-11-02,10.338,10.345,10.259,10.278,1506337,0
2011-11-03,10.327,10.353,10.25,10.335,2087067,0
2011-11-04,10.32,10.379,10.269,10.379,1801633,0
2011-11-07,10.438,10.438,10.262,10.343,2396660,0
2011-11-08,10.424,10.453,10.262,10.308,1506157,0
2011-11-09,10.244,10.327,10.164,10.178,1544438,0
2011-11-10,10.217,10.262,10.158,10.25,1804736,0
2011-11-11,10.282,10.406,10.244,10.29,1454047,0
2011-11-14,10.298,10.36,10.298,10.343,1330576,0
2011-11-15,10.343,10.353,10.29,10.313,2892838,0
2011-11-16,10.327,10.36,10.29,10.327,1245665,0
2011-11-17,10.36,10.388,10.29,10.379,1587367,0
2011-11-18,10.424,10.424,10.313,10.379,1253046,0
2011-11-21,10.32,10.424,10.25,10.343,1414379,0
2011-11-22,10.353,10.373,10.303,10.335,1299401,0
2011-11-23,10.298,10.424,10.237,10.262,1264961,0
2011-11-25,10.262,10.298,10.25,10.262,330189,0
2011-11-28,10.373,10.424,10.35,10.36,1529304,0
2011-11-29,10.4,10.406,10.353,10.388,1442426,0
2011-11-30,10.439,10.492,10.377,10.406,1649498,0
2011-12-01,10.424,10.518,10.406,10.518,3826493,0
2011-12-02,10.551,10.551,10.49,10.528,1552075,0
2011-12-05,10.57,10.608,10.518,10.544,2436638,0
2011-12-06,10.552,10.552,10.47,10.545,1914430,0
2011-12-07,10.544,10.581,10.518,10.551,2106672,0
2011-12-08,10.536,11.195,10.466,10.466,1622759,0
2011-12-09,10.49,10.551,10.47,10.528,1694505,0
2011-12-12,10.522,10.563,10.477,10.528,1350669,0
2011-12-13,10.563,10.574,10.49,10.522,2010583,0
2011-12-14,10.536,10.536,10.438,10.466,1549607,0
2011-12-15,10.603,10.608,10.477,10.518,2261415,0
2011-12-16,10.528,10.563,10.518,10.551,1425924,0
2011-12-19,10.581,10.608,10.522,10.558,2195401,0
2011-12-20,10.596,10.641,10.57,10.621,2694616,0
2011-12-21,10.786,10.831,10.608,10.633,2444264,0
2011-12-22,10.752,10.752,10.608,10.608,4128288,0
2011-12-23,10.686,10.712,10.641,10.706,1706805,0
2011-12-27,10.706,10.744,10.693,10.74,1703934,0
2011-12-28,10.744,10.79,10.693,10.74,1506389,0
2011-12-29,10.77,10.816,10.655,10.811,2037401,0
2011-12-30,10.814,10.834,10.787,10.829,1979178,0
2012-01-03,10.935,10.935,10.823,10.843,2884250,0
2012-01-04,10.857,10.914,10.843,10.914,2554271,0
2012-01-05,10.92,10.949,10.902,10.949,3186875,0
2012-01-06,10.98,10.993,10.744,10.895,4156239,0
2012-01-09,10.889,10.914,10.786,10.831,3879773,0
2012-01-10,10.883,10.883,10.752,10.804,4150851,0
2012-01-11,10.808,10.83,10.714,10.756,4612552,0
2012-01-12,10.768,10.789,10.714,10.784,4022863,0
2012-01-13,10.764,10.786,10.706,10.786,3979092,0
2012-01-17,10.794,10.861,10.776,10.835,4578266,0
2012-01-18,10.843,10.861,10.823,10.857,3170262,0
2012-01-19,10.883,10.895,10.823,10.895,4296195,0
2012-01-20,10.889,10.98,10.837,10.902,2450709,0
2012-01-23,10.92,10.98,10.914,10.972,3488756,0
2012-01-24,10.972,11.01,10.935,10.972,2574244,0
2012-01-25,10.972,11.017,10.949,11.017,3492133,0
2012-01-26,11.017,11.06,10.98,11.001,2714072,0
2012-01-27,11.008,11.054,10.928,10.949,2697940,0
2012-01-30,10.959,10.965,10.889,10.935,2259942,0
2012-01-31,10.972,10.972,10.911,10.964,3695959,0
2012-02-01,11.01,11.046,10.98,11.039,3265102,0
2012-02-02,11.097,11.097,11.01,11.046,2762009,0
2012-02-03,11.086,11.093,11.027,11.041,2697110,0
2012-02-06,11.06,11.064,11.019,11.064,3160312,0
2012-02-07,11.086,11.132,11.019,11.078,3587940,0
2012-02-08,11.093,11.125,11.041,11.073,5320219,0
2012-02-09,11.086,11.112,11.064,11.107,3042115,0
2012-02-10,11.078,11.1,11.019,11.1,2895895,0
2012-02-13,11.118,11.139,11.1,11.132,2730672,0
2012-02-14,11.125,11.172,11.107,11.132,2522293,0
2012-02-15,11.147,11.193,11.125,11.193,2512623,0
2012-02-16,11.199,11.271,11.172,11.252,3131017,0
2012-02-17,11.271,11.305,11.252,11.305,1737725,0
2012-02-21,11.31,11.337,11.278,11.31,4265447,0
2012-02-22,11.324,11.324,11.226,11.31,2348908,0
2012-02-23,11.31,11.31,11.252,11.291,2014386,0
2012-02-24,11.317,11.355,11.278,11.355,2119716,0
2012-02-27,11.337,11.364,11.324,11.345,3701518,0
2012-02-28,11.345,11.351,11.252,11.299,3376780,0
2012-02-29,11.299,11.356,11.251,11.299,2499534,0
2012-03-01,11.278,11.317,11.271,11.317,2420003,0
2012-03-02,11.324,11.332,11.245,11.278,1921324,0
2012-03-05,11.278,11.299,11.206,11.245,1755289,0
2012-03-06,11.226,11.226,11.107,11.153,3202544,0
2012-03-07,11.219,11.219,11.139,11.199,1805413,0
2012-03-08,11.226,11.291,11.158,11.178,2378231,0
2012-03-09,11.178,11.211,11.147,11.211,2156261,0
2012-03-12,11.178,11.231,11.172,11.206,2214166,0
2012-03-13,11.219,11.231,11.132,11.172,2481556,0
2012-03-14,11.185,11.206,11.06,11.06,2663833,0
2012-03-15,11.064,11.073,10.981,11.06,2530316,0
2012-03-16,11.054,11.1,11.008,11.086,2083006,0
2012-03-19,11.06,11.165,11.011,11.158,2882403,0
2012-03-20,11.118,11.158,11.06,11.153,3174800,0
2012-03-21,11.153,11.165,11.1,11.165,3030183,0
2012-03-22,11.125,11.125,11.041,11.107,2574176,0
2012-03-23,11.093,11.125,11.054,11.086,1886232,0
2012-03-26,11.086,11.132,11.046,11.093,2003086,0
2012-03-27,11.078,11.112,11.019,11.041,2043042,0
2012-03-28,10.994,11.046,10.908,10.972,2445394,0
2012-03-29,10.949,10.981,10.861,10.928,2878162,0
2012-03-30,10.924,11.022,10.911,11.003,2657855,0
2012-04-02,10.949,11.041,10.949,11.008,2280288,0
2012-04-03,10.966,11.046,10.949,11.027,2391585,0
2012-04-04,10.956,11.013,10.951,10.96,2237506,0
2012-04-05,10.929,10.983,10.929,10.975,1926136,0
2012-04-09,10.902,10.966,10.902,10.928,1833307,0
2012-04-10,10.908,10.949,10.762,10.784,2952923,0
2012-04-11,10.776,10.894,10.776,10.815,2374869,0
2012-04-12,10.815,10.902,10.815,10.882,2820549,0
2012-04-13,10.821,10.949,10.821,10.914,2224593,0
2012-04-16,10.928,10.966,10.847,10.861,2780206,0
2012-04-17,10.882,10.942,10.867,10.914,2972246,0
2012-04-18,10.882,10.966,10.882,10.928,2277521,0
2012-04-19,10.902,11.002,10.902,10.988,2538303,0
2012-04-20,11.019,11.046,11.008,11.011,2268778,0
2012-04-23,10.959,11.046,10.959,11.027,2486487,0
2012-04-24,11.011,11.064,11.011,11.027,2760258,0
2012-04-25,11.06,11.073,10.972,10.981,3315212,0
2012-04-26,10.959,11.027,10.949,11.011,3251031,0
2012-04-27,10.997,11.069,10.997,11.05,2500473,0
2012-04-30,11.022,11.111,11.022,11.111,2849468,0
2012-05-01,11.083,11.137,11.083,11.129,4054114,0
2012-05-02,11.041,11.153,11.041,11.153,4009861,0
2012-05-03,11.129,11.163,11.043,11.076,2979690,0
2012-05-04,11.043,11.09,10.983,11.083,3463990,0
2012-05-07,11.083,11.137,10.942,11.003,4409335,0
2012-05-08,10.929,11.01,10.867,10.942,5333654,0
2012-05-09,10.936,10.936,10.841,10.867,2907710,0
2012-05-10,10.861,10.929,10.861,10.914,3141605,0
2012-05-11,10.847,10.908,10.847,10.889,1898114,0
2012-05-14,10.814,10.874,10.788,10.814,2250766,0
2012-05-15,10.793,10.847,10.767,10.767,3153402,0
2012-05-16,10.793,10.829,10.767,10.767,2051914,0
2012-05-17,10.761,10.783,10.673,10.673,1822375,0
2012-05-18,10.64,10.701,10.507,10.524,3902856,0
2012-05-21,10.568,10.701,10.5,10.687,2673208,0
2012-05-22,10.667,10.783,10.667,10.72,2874980,0
2012-05-23,10.667,10.72,10.572,10.687,2567081,0
2012-05-24,10.673,10.708,10.614,10.667,1526825,0
2012-05-25,10.647,10.728,10.64,10.701,1601438,0
2012-05-29,10.767,10.793,10.701,10.747,2669895,0
2012-05-30,10.735,10.735,10.614,10.633,2125747,0
2012-05-31,10.601,10.649,10.518,10.554,2253103,0
2012-06-01,10.467,10.519,10.364,10.371,3279946,0
2012-06-04,10.358,10.418,10.192,10.251,3415012,0
2012-06-05,10.197,10.432,10.197,10.418,3527809,0
2012-06-06,10.467,10.539,10.467,10.519,2785435,0
2012-06-07,10.6,10.633,10.492,10.5,3229306,0
2012-06-08,10.406,10.586,10.406,10.492,1770796,0
2012-06-11,10.507,10.594,10.471,10.485,1682835,0
2012-06-12,10.446,10.568,10.446,10.514,2224576,0
2012-06-13,10.514,10.554,10.471,10.5,1736237,0
2012-06-14,10.519,10.6,10.453,10.485,2039059,0
2012-06-15,10.453,10.514,10.453,10.471,2480879,0
2012-06-18,10.467,10.471,10.413,10.446,2760420,0
2012-06-19,10.439,10.6,10.439,10.586,3093809,0
2012-06-20,10.607,10.626,10.572,10.594,3274448,0
2012-06-21,10.607,10.607,10.478,10.478,2686150,0
2012-06-22,10.5,10.519,10.453,10.471,3101198,0
2012-06-25,10.453,10.453,10.34,10.364,3602525,0
2012-06-26,10.352,10.424,10.352,10.406,2246448,0
2012-06-27,10.424,10.572,10.424,10.568,2983937,0
2012-06-28,10.547,10.6,10.5,10.586,3430553,0
2012-06-29,10.641,10.723,10.641,10.723,3190605,0
2012-07-02,10.728,10.808,10.694,10.801,4285652,0
2012-07-03,10.75,10.846,10.75,10.791,1585374,0
2012-07-05,10.808,10.82,10.761,10.808,2661346,0
2012-07-06,10.788,10.834,10.741,10.814,2212497,0
2012-07-09,10.814,10.867,10.793,10.841,2565057,0
2012-07-10,10.829,10.902,10.808,10.841,2701407,0
2012-07-11,10.874,10.902,10.814,10.902,2333002,0
2012-07-12,10.895,10.914,10.801,10.889,3492913,0
2012-07-13,10.935,10.997,10.919,10.997,4057500,0
2012-07-16,10.983,11.022,10.942,11.01,3668172,0
2012-07-17,11.022,11.091,11.01,11.091,2947496,0
2012-07-18,11.091,11.107,11.059,11.07,3365132,0
2012-07-19,11.105,11.129,11.069,11.105,4782883,0
2012-07-20,11.105,11.137,11.083,11.097,2831155,0
2012-07-23,11.069,11.097,11.003,11.05,3860344,0
2012-07-24,11.077,11.084,10.967,11.003,2754535,0
2012-07-25,11.037,11.037,10.902,10.929,4394376,0
2012-07-26,10.975,11.029,10.921,11.013,2701375,0
2012-07-27,11.044,11.05,10.99,11.029,2021171,0
2012-07-30,11.013,11.083,11.003,11.043,2190890,0
2012-07-31,11.042,11.084,11.02,11.036,2897960,0
2012-08-01,11.076,11.122,11.05,11.105,2324411,0
2012-08-02,11.07,11.138,10.997,11.013,2271563,0
2012-08-03,11.07,11.107,11.01,11.059,2219143,0
2012-08-06,11.07,11.107,11.022,11.098,2368836,0
2012-08-07,11.117,11.165,11.07,11.077,3317628,0
2012-08-08,11.07,11.077,11.013,11.029,3019064,0
2012-08-09,11.003,11.059,10.997,11.044,2395974,0
2012-08-10,11.037,11.084,11.01,11.084,2774868,0
2012-08-13,11.05,11.091,11.037,11.05,1902241,0
2012-08-14,11.091,11.098,11.05,11.084,2958448,0
2012-08-15,11.084,11.132,11.07,11.107,3287377,0
2012-08-16,11.124,11.165,11.091,11.159,3004363,0
2012-08-17,11.159,11.173,11.132,11.159,1992195,0
2012-08-20,11.165,11.173,11.138,11.138,2404917,0
2012-08-21,11.165,11.208,11.107,11.117,2812333,0
2012-08-22,11.117,11.138,11.062,11.091,2526014,0
2012-08-23,11.098,11.098,11.037,11.059,2625261,0
2012-08-24,11.05,11.062,11.029,11.037,2655383,0
2012-08-27,11.037,11.107,11.022,11.044,3605032,0
2012-08-28,11.05,11.098,11.037,11.098,2804938,0
2012-08-29,11.107,11.111,11.077,11.091,1917530,0
2012-08-30,11.084,11.117,11.077,11.091,2069153,0
2012-08-31,11.111,11.153,11.091,11.132,1732246,0
2012-09-04,11.138,11.159,11.117,11.138,2475770,0
2012-09-05,11.173,11.173,11.107,11.117,2027930,0
2012-09-06,11.153,11.165,11.111,11.138,3576123,0
2012-09-07,11.173,11.173,11.111,11.138,2232607,0
2012-09-10,11.146,11.173,11.117,11.117,2790335,0
2012-09-11,11.124,11.132,11.091,11.111,2206876,0
2012-09-12,11.132,11.179,11.107,11.153,2067757,0
2012-09-13,11.159,11.221,11.138,11.208,2559861,0
2012-09-14,11.213,11.307,11.208,11.288,3429709,0
2012-09-17,11.297,11.307,11.267,11.282,2262285,0
2012-09-18,11.288,11.297,11.261,11.297,2940084,0
2012-09-19,11.323,11.33,11.256,11.275,4759000,0
2012-09-20,11.261,11.323,11.241,11.267,2788628,0
2012-09-21,11.275,11.323,11.256,11.323,3148810,0
2012-09-24,11.165,11.303,11.165,11.282,2275405,0
2012-09-25,11.303,11.307,11.221,11.227,2285545,0
2012-09-26,11.235,11.235,11.181,11.209,1824264,0
2012-09-27,11.222,11.278,11.209,11.278,2142215,0
2012-09-28,11.262,11.305,11.22,11.29,2677211,0
2012-10-01,11.307,11.425,11.297,11.377,2456699,0
2012-10-02,11.394,11.408,11.359,11.359,1749312,0
2012-10-03,11.367,11.423,11.354,11.415,2601699,0
2012-10-04,11.423,11.451,11.394,11.438,2983859,0
2012-10-05,11.41,11.494,11.41,11.459,2804090,0
2012-10-08,11.446,11.465,11.432,11.453,1972990,0
2012-10-09,11.446,11.465,11.41,11.425,2586725,0
2012-10-10,11.425,11.439,11.363,11.385,2626827,0
2012-10-11,11.397,11.41,11.35,11.355,1571863,0
2012-10-12,11.35,11.432,11.33,11.355,1771359,0
2012-10-15,11.377,11.377,11.33,11.377,1716348,0
2012-10-16,11.397,11.446,11.377,11.439,2486549,0
2012-10-17,11.439,11.501,11.439,11.485,2566113,0
2012-10-18,11.48,11.501,11.432,11.439,2368013,0
2012-10-19,11.439,11.48,11.314,11.336,2946337,0
2012-10-22,11.336,11.405,11.33,11.363,1784144,0
2012-10-23,11.334,11.359,11.292,11.359,2696691,0
2012-10-24,11.363,11.432,11.355,11.363,2058256,0
2012-10-25,11.416,11.425,11.355,11.377,1881856,0
2012-10-26,11.367,11.394,11.292,11.318,1863401,0
2012-10-31,11.325,11.354,11.256,11.31,2748272,0
2012-11-01,11.314,11.35,11.303,11.344,2044224,0
2012-11-02,11.367,11.367,11.311,11.311,2453022,0
2012-11-05,11.318,11.347,11.278,11.311,2087874,0
2012-11-06,11.326,11.367,11.311,11.367,2264194,0
2012-11-07,11.34,11.359,11.215,11.283,4612790,0
2012-11-08,11.3,11.311,11.222,11.257,3165961,0
2012-11-09,11.222,11.27,11.139,11.173,3809258,0
2012-11-12,11.166,11.173,10.964,10.981,6476780,0
2012-11-13,10.938,10.994,10.856,10.959,5955575,0
2012-11-14,10.988,11.058,10.861,10.884,4125299,0
2012-11-15,10.856,10.876,10.669,10.781,6881861,0
2012-11-16,10.792,10.988,10.739,10.981,5459257,0
2012-11-19,11.058,11.16,11.002,11.139,5140730,0
2012-11-20,11.139,11.173,11.117,11.173,3069219,0
2012-11-21,11.181,11.188,11.117,11.188,2880722,0
2012-11-23,11.222,11.222,11.188,11.215,1051720,0
2012-11-26,11.201,11.235,11.166,11.181,4036704,0
2012-11-27,11.209,11.222,11.166,11.215,2515713,0
2012-11-28,11.181,11.263,11.181,11.263,2599386,0
2012-11-29,11.283,11.311,11.257,11.292,3166199,0
2012-11-30,11.305,11.31,11.241,11.305,2690300,0
2012-12-03,11.318,11.318,11.195,11.222,2715272,0
2012-12-04,11.173,11.209,11.091,11.117,2854433,0
2012-12-05,11.139,11.166,11.042,11.077,2099329,0
2012-12-06,11.091,11.091,11.012,11.042,3596485,0
2012-12-07,11.042,11.098,11.008,11.05,3281857,0
2012-12-10,11.061,11.147,11.036,11.036,3659892,0
2012-12-11,11.098,11.139,11.012,11.061,3670367,0
2012-12-12,11.077,11.091,10.954,10.981,3802642,0
2012-12-13,10.994,10.994,10.856,10.924,7466361,0
2012-12-14,10.898,10.988,10.898,10.904,3375657,0
2012-12-17,10.916,10.938,10.89,10.932,5026385,0
2012-12-18,10.932,11.077,10.898,11.02,6902448,0
2012-12-19,11.058,11.139,11.036,11.111,5421321,0
2012-12-20,11.091,11.166,11.084,11.16,2611113,0
2012-12-21,11.111,11.16,11.05,11.098,5444550,0
2012-12-24,11.098,11.111,11.042,11.069,1529204,0
2012-12-26,11.077,11.084,10.959,10.988,3222596,0
2012-12-27,10.981,11.058,10.89,10.911,2891029,0
2012-12-28,10.904,10.981,10.89,10.938,3649440,0
2012-12-31,10.934,11.061,10.898,11.041,3746995,0
2013-01-02,11.195,11.318,11.153,11.306,7110879,0
2013-01-03,11.283,11.415,11.278,11.367,4097802,0
2013-01-04,11.381,11.463,11.374,11.463,3923189,0
2013-01-07,11.415,11.484,11.415,11.451,4095141,0
2013-01-08,11.451,11.479,11.403,11.408,5559149,0
2013-01-09,11.445,11.502,11.423,11.502,5318076,0
2013-01-10,11.52,11.569,11.52,11.556,4701212,0
2013-01-11,11.566,11.573,11.518,11.573,5769851,0
2013-01-14,11.582,11.604,11.555,11.573,3903345,0
2013-01-15,11.573,11.597,11.533,11.591,4792476,0
2013-01-16,11.591,11.609,11.56,11.573,4728106,0
2013-01-17,11.609,11.665,11.591,11.646,4549708,0
2013-01-18,11.642,11.704,11.618,11.692,5282308,0
2013-01-22,11.705,11.819,11.687,11.81,6112173,0
2013-01-23,11.831,11.831,11.733,11.76,4097153,0
2013-01-24,11.762,11.79,11.677,11.695,4180233,0
2013-01-25,11.718,11.76,11.668,11.733,5344376,0
2013-01-28,11.754,11.831,11.735,11.831,5264663,0
2013-01-29,11.802,11.858,11.762,11.85,4335066,0
2013-01-30,11.868,11.922,11.846,11.858,4761385,0
2013-01-31,11.875,11.968,11.86,11.968,4694742,0
2013-02-01,12.042,12.042,11.818,11.949,7753414,0
2013-02-04,11.899,11.972,11.899,11.957,4510326,0
2013-02-05,11.992,12.005,11.874,11.949,5514184,0
2013-02-06,11.874,11.929,11.868,11.886,5549970,0
2013-02-07,11.899,11.923,11.859,11.899,3735654,0
2013-02-08,11.908,11.942,11.886,11.942,3299934,0
2013-02-11,11.886,12.021,11.886,11.986,2754407,0
2013-02-12,12.005,12.029,11.965,12.021,3570573,0
2013-02-13,12.042,12.091,11.998,12.076,3606325,0
2013-02-14,12.085,12.147,12.071,12.134,4076612,0
2013-02-15,12.119,12.16,12.014,12.042,3691139,0
2013-02-19,12.036,12.141,12.036,12.141,4110814,0
2013-02-20,12.167,12.183,12.055,12.076,4228060,0
2013-02-21,12.076,12.076,11.886,11.942,4432056,0
2013-02-22,11.986,12.055,11.929,11.986,3846602,0
2013-02-25,11.998,12.021,11.868,11.874,3636752,0
2013-02-26,11.923,11.935,11.824,11.929,4296773,0
2013-02-27,11.916,11.986,11.874,11.972,3747746,0
2013-02-28,11.989,12.024,11.973,12,3501048,0
2013-03-01,11.979,12.014,11.942,11.965,3794680,0
2013-03-04,11.979,12.042,11.957,12.036,2791708,0
2013-03-05,12.064,12.076,11.998,12.045,4422926,0
2013-03-06,12.097,12.274,11.868,11.972,6843836,0
2013-03-07,12.005,12.021,11.916,12.014,3540412,0
2013-03-08,12.055,12.097,12.036,12.091,4637735,0
2013-03-11,12.105,12.134,12.045,12.105,4086581,0
2013-03-12,12.097,12.141,12.045,12.085,6934386,0
2013-03-13,12.097,12.105,12.021,12.021,3654862,0
2013-03-14,12.045,12.076,11.998,12.045,3554220,0
2013-03-15,12.042,12.045,11.998,12.045,4741935,0
2013-03-18,11.957,12.021,11.942,12.021,3382608,0
2013-03-19,12.071,12.071,11.957,12.029,5053045,0
2013-03-20,12.021,12.119,11.998,12.119,3964964,0
2013-03-21,12.085,12.26,12.045,12.21,4105571,0
2013-03-22,12.295,12.343,12.225,12.295,5504479,0
2013-03-25,12.316,12.399,12.308,12.323,4482592,0
2013-03-26,12.349,12.415,12.323,12.399,4000154,0
2013-03-27,12.316,12.406,12.316,12.379,4308209,0
2013-03-28,12.392,12.448,12.366,12.448,3577415,0
2013-04-01,12.473,12.497,12.415,12.424,3876524,0
2013-04-02,12.451,12.484,12.417,12.436,4554455,0
2013-04-03,12.448,12.448,12.217,12.281,3938553,0
2013-04-04,12.274,12.295,12.244,12.252,2920029,0
2013-04-05,12.19,12.274,12.141,12.252,3464526,0
2013-04-08,12.26,12.406,12.252,12.379,6728926,0
2013-04-09,12.387,12.514,12.387,12.448,7821561,0
2013-04-10,12.479,12.502,12.436,12.451,4424011,0
2013-04-11,12.435,12.448,12.392,12.415,5261487,0
2013-04-12,12.406,12.428,12.343,12.387,5101298,0
2013-04-15,12.357,12.366,12.217,12.239,5401110,0
2013-04-16,12.26,12.399,12.26,12.373,5052798,0
2013-04-17,12.324,12.374,12.281,12.324,3911621,0
2013-04-18,12.331,12.387,12.316,12.349,4469858,0
2013-04-19,12.368,12.468,12.35,12.442,5074890,0
2013-04-22,12.343,12.497,12.343,12.488,4513695,0
2013-04-23,12.497,12.568,12.478,12.556,5088014,0
2013-04-24,12.576,12.604,12.547,12.556,4976641,0
2013-04-25,12.589,12.626,12.497,12.556,5050290,0
2013-04-26,12.536,12.58,12.368,12.476,4650243,0
2013-04-29,12.473,12.514,12.428,12.473,3877953,0
2013-04-30,12.485,12.512,12.443,12.512,3456448,0
2013-05-01,12.506,12.538,12.343,12.343,5564096,0
2013-05-02,12.616,12.616,12.309,12.331,5745456,0
2013-05-03,12.608,12.608,12.368,12.425,4193455,0
2013-05-06,12.451,12.502,12.425,12.468,3393387,0
2013-05-07,12.51,12.517,12.468,12.492,4242207,0
2013-05-08,12.517,12.608,12.484,12.608,4919638,0
2013-05-09,12.608,12.673,12.587,12.659,4415421,0
2013-05-10,12.696,12.737,12.644,12.723,2729153,0
2013-05-13,12.737,12.765,12.673,12.696,3110077,0
2013-05-14,12.714,12.731,12.659,12.686,4661295,0
2013-05-15,12.696,12.765,12.673,12.701,3741036,0
2013-05-16,12.714,12.737,12.608,12.623,4197589,0
2013-05-17,12.652,12.696,12.623,12.696,3778575,0
2013-05-20,12.696,12.714,12.652,12.709,3611281,0
2013-05-21,12.701,12.844,12.701,12.836,4398054,0
2013-05-22,12.893,12.935,12.83,12.884,4359015,0
2013-05-23,12.866,12.872,12.731,12.808,4507910,0
2013-05-24,12.794,12.823,12.752,12.774,7211482,0
2013-05-28,12.884,12.909,12.786,12.815,3572347,0
2013-05-29,12.803,12.808,12.63,12.659,5732816,0
2013-05-30,12.673,12.673,12.4,12.517,8800740,0
2013-05-31,12.367,12.547,12.367,12.41,6318807,0
2013-06-03,12.442,12.63,12.35,12.63,6783162,0
2013-06-04,12.476,12.502,12.374,12.374,5530317,0
2013-06-05,12.359,12.359,12.202,12.252,9295432,0
2013-06-06,12.259,12.409,12.208,12.4,8831440,0
2013-06-07,12.425,12.543,12.417,12.543,2686399,0
2013-06-10,12.623,12.652,12.484,12.553,3625822,0
2013-06-11,12.492,12.553,12.409,12.409,3769745,0
2013-06-12,12.436,12.476,12.388,12.436,3706536,0
2013-06-13,12.381,12.468,12.344,12.468,4382927,0
2013-06-14,12.587,12.587,12.4,12.536,4423751,0
2013-06-17,12.608,12.63,12.559,12.608,8924162,0
2013-06-18,12.623,12.659,12.566,12.63,4110118,0
2013-06-19,12.659,12.68,12.559,12.58,3481024,0
2013-06-20,12.553,12.574,12.239,12.331,11832420,0
2013-06-21,12.43,12.436,12.145,12.316,6360394,0
2013-06-24,12.202,12.316,11.944,12.239,10142939,0
2013-06-25,12.374,12.417,12.259,12.4,4901273,0
2013-06-26,12.479,12.602,12.425,12.602,4765227,0
2013-06-27,12.635,12.745,12.623,12.723,5622938,0
2013-06-28,12.927,12.965,12.87,12.927,3587577,0
2013-07-01,12.745,12.884,12.714,12.844,6264347,0
2013-07-02,12.894,12.894,12.735,12.78,4094638,0
2013-07-03,12.772,12.785,12.663,12.735,2151856,0
2013-07-05,12.714,12.803,12.665,12.752,2618076,0
2013-07-08,12.815,12.893,12.714,12.774,3104732,0
2013-07-09,12.944,12.944,12.774,12.823,4849858,0
2013-07-10,12.836,12.866,12.765,12.866,3497065,0
2013-07-11,12.966,12.974,12.893,12.966,4527581,0
2013-07-12,12.958,12.974,12.884,12.944,2940524,0
2013-07-15,12.994,13.034,12.935,13.034,3091820,0
2013-07-16,13.053,13.088,12.852,12.881,4749847,0
2013-07-17,12.937,12.98,12.866,12.873,3235229,0
2013-07-18,12.916,12.958,12.83,12.852,3073188,0
2013-07-19,12.872,12.98,12.815,12.858,2409192,0
2013-07-22,12.88,12.944,12.852,12.909,2545439,0
2013-07-23,12.958,12.958,12.823,12.852,3867885,0
2013-07-24,12.884,12.921,12.745,12.803,4065496,0
2013-07-25,12.794,12.836,12.774,12.774,2969834,0
2013-07-26,12.785,12.858,12.742,12.822,2990177,0
2013-07-29,12.858,12.858,12.714,12.745,2559742,0
2013-07-30,12.78,12.858,12.663,12.72,3436022,0
2013-07-31,12.758,12.803,12.696,12.714,3900691,0
2013-08-01,12.772,12.835,12.735,12.794,5983199,0
2013-08-02,12.866,12.866,12.684,12.72,4241850,0
2013-08-05,12.729,12.742,12.634,12.693,2754599,0
2013-08-06,12.7,12.835,12.669,12.802,4655476,0
2013-08-07,12.808,12.852,12.606,12.693,4878727,0
2013-08-08,12.751,12.814,12.663,12.677,4527547,0
2013-08-09,12.707,12.772,12.684,12.707,3172756,0
2013-08-12,12.988,12.988,12.648,12.657,3495129,0
2013-08-13,12.684,12.684,12.52,12.589,2910483,0
2013-08-14,12.641,12.648,12.547,12.597,3646311,0
2013-08-15,12.569,12.634,12.52,12.584,4663449,0
2013-08-16,12.589,12.606,12.532,12.562,2972737,0
2013-08-19,12.597,12.597,12.48,12.48,4925305,0
2013-08-20,12.504,12.634,12.48,12.589,4711058,0
2013-08-21,12.597,12.669,12.584,12.612,3540733,0
2013-08-22,12.612,12.72,12.606,12.677,5073465,0
2013-08-23,12.693,12.735,12.677,12.72,3590078,0
2013-08-26,12.735,12.751,12.576,12.62,4630678,0
2013-08-27,12.584,12.641,12.532,12.606,3165675,0
2013-08-28,12.627,12.677,12.576,12.657,2868558,0
2013-08-29,12.669,12.669,12.62,12.641,2601595,0
2013-08-30,12.853,12.888,12.705,12.735,6145824,0
2013-09-03,12.584,12.663,12.443,12.532,4408658,0
2013-09-04,12.532,12.555,12.437,12.461,2948288,0
2013-09-05,12.477,12.532,12.443,12.48,2352324,0
2013-09-06,12.504,12.537,12.477,12.495,2865719,0
2013-09-09,12.495,12.612,12.477,12.612,3036926,0
2013-09-10,12.612,12.693,12.589,12.677,3637964,0
2013-09-11,12.52,12.677,12.52,12.627,2980900,0
2013-09-12,12.634,12.657,12.555,12.569,2902203,0
2013-09-13,12.584,12.606,12.437,12.477,5096199,0
2013-09-16,12.512,12.547,12.393,12.418,5858677,0
2013-09-17,12.418,12.426,12.323,12.338,9443569,0
2013-09-18,12.343,12.584,12.331,12.576,7246783,0
2013-09-19,12.576,12.814,12.562,12.756,9530656,0
2013-09-20,12.772,12.772,12.669,12.7,3809789,0
2013-09-23,12.648,12.7,12.606,12.634,2993988,0
2013-09-24,12.669,12.707,12.612,12.641,3139696,0
2013-09-25,12.657,12.677,12.584,12.663,2546444,0
2013-09-26,12.684,12.763,12.648,12.756,6094102,0
2013-09-27,12.742,12.756,12.657,12.729,2788706,0
2013-09-30,12.882,12.939,12.831,12.932,2779479,0
2013-10-01,12.763,12.858,12.742,12.844,6054045,0
2013-10-02,12.83,12.852,12.763,12.852,3036284,0
2013-10-03,12.814,12.852,12.729,12.756,3446902,0
2013-10-04,12.756,12.78,12.712,12.735,2440396,0
2013-10-07,12.7,12.72,12.641,12.641,2757503,0
2013-10-08,12.669,12.707,12.589,12.597,2762394,0
2013-10-09,12.78,12.78,12.504,12.597,3916857,0
2013-10-10,12.677,12.729,12.576,12.606,4010822,0
2013-10-11,12.606,12.677,12.576,12.669,3653898,0
2013-10-14,12.707,12.756,12.606,12.742,3901767,0
2013-10-15,12.735,12.763,12.612,12.627,8436737,0
2013-10-16,12.669,12.712,12.641,12.663,4995378,0
2013-10-17,12.663,12.751,12.641,12.735,5850482,0
2013-10-18,12.772,12.852,12.72,12.802,3790447,0
2013-10-21,12.822,12.91,12.802,12.894,6358799,0
2013-10-22,12.937,13.021,12.917,12.98,4083802,0
2013-10-23,12.959,12.975,12.873,12.945,5574118,0
2013-10-24,12.952,13.021,12.945,12.996,4261011,0
2013-10-25,13.001,13.045,12.98,13.021,2891348,0
2013-10-28,13.045,13.071,12.858,12.903,3565905,0
2013-10-29,12.93,12.996,12.881,12.952,2833693,0
2013-10-30,12.98,13.011,12.903,12.968,3043989,0
2013-10-31,13.145,13.183,13.034,13.137,3922857,0
2013-11-01,12.923,12.968,12.881,12.917,5182999,0
2013-11-04,12.968,12.968,12.83,12.945,2981688,0
2013-11-05,12.91,12.945,12.873,12.923,2935192,0
2013-11-06,12.959,12.996,12.894,12.968,4283329,0
2013-11-07,13.016,13.034,12.837,12.882,3515785,0
2013-11-08,12.888,12.919,12.763,12.868,4022874,0
2013-11-11,12.845,12.913,12.794,12.815,2873963,0
2013-11-12,12.802,12.837,12.763,12.823,2778511,0
2013-11-13,12.785,12.823,12.735,12.772,3992829,0
2013-11-14,12.756,12.888,12.756,12.831,3629733,0
2013-11-15,12.785,12.948,12.78,12.948,5042788,0
2013-11-18,12.963,12.984,12.904,12.939,3594472,0
2013-11-19,12.845,12.956,12.794,12.808,4526513,0
2013-11-20,12.794,12.875,12.78,12.815,6419389,0
2013-11-21,12.837,12.932,12.815,12.913,6083195,0
2013-11-22,12.932,13.029,12.904,12.991,4435026,0
2013-11-25,13.006,13.042,12.984,13.023,5417678,0
2013-11-26,13.023,13.042,12.977,12.984,3140373,0
2013-11-27,13.034,13.034,12.963,12.977,2341052,0
2013-11-29,13.042,13.049,12.984,12.999,1336765,0
2013-12-02,13.006,13.023,12.888,12.913,2873088,0
2013-12-03,12.888,12.896,12.837,12.875,3228534,0
2013-12-04,12.868,12.896,12.728,12.763,3984741,0
2013-12-05,12.772,12.837,12.661,12.676,3960678,0
2013-12-06,12.735,12.735,12.632,12.712,3273328,0
2013-12-09,12.742,12.742,12.661,12.676,2661097,0
2013-12-10,12.705,12.735,12.646,12.655,3617391,0
2013-12-11,12.691,12.719,12.574,12.58,3024781,0
2013-12-12,12.594,12.609,12.499,12.574,3216681,0
2013-12-13,12.58,12.646,12.522,12.603,5881163,0
2013-12-16,12.632,12.691,12.587,12.609,3447596,0
2013-12-17,12.632,12.632,12.542,12.566,3960537,0
2013-12-18,12.587,12.594,12.464,12.552,5875599,0
2013-12-19,12.58,12.603,12.483,12.603,3855138,0
2013-12-20,12.609,12.728,12.587,12.699,3876996,0
2013-12-23,12.735,12.853,12.661,12.831,4086675,0
2013-12-24,12.853,12.926,12.831,12.875,2767488,0
2013-12-26,12.882,12.956,12.875,12.904,2762753,0
2013-12-27,12.926,12.977,12.875,12.963,2871059,0
2013-12-30,12.977,13.059,12.963,13.042,3260509,0
2013-12-31,13.069,13.111,13.049,13.079,3230775,0
2014-01-02,13.059,13.076,12.919,12.956,4333944,0
2014-01-03,12.971,12.991,12.888,12.932,2861522,0
2014-01-06,12.939,12.963,12.888,12.913,3658770,0
2014-01-07,13.016,13.029,12.868,12.919,3812721,0
2014-01-08,12.932,12.939,12.802,12.823,4864727,0
2014-01-09,12.86,12.86,12.785,12.823,3373557,0
2014-01-10,12.853,12.875,12.772,12.785,5065402,0
2014-01-13,12.78,12.86,12.78,12.794,3811183,0
2014-01-14,12.831,12.86,12.78,12.845,3294607,0
2014-01-15,12.875,12.888,12.808,12.853,4229710,0
2014-01-16,12.837,12.888,12.831,12.888,3086357,0
2014-01-17,12.875,12.919,12.831,12.837,3226406,0
2014-01-21,12.896,12.956,12.868,12.956,3830128,0
2014-01-22,12.977,13.034,12.971,13.029,3558417,0
2014-01-23,13.029,13.069,12.999,13.034,3221554,0
2014-01-24,13.029,13.034,12.939,12.984,3423051,0
2014-01-27,12.991,13.029,12.808,12.904,7291566,0
2014-01-28,12.948,13.006,12.919,12.956,3226828,0
2014-01-29,12.904,13.016,12.888,12.963,3172178,0
2014-01-30,12.999,13.059,12.977,12.977,6636914,0
2014-01-31,12.904,13.125,12.897,13.085,5307439,0
2014-02-03,13.085,13.145,12.971,13.034,4530332,0
2014-02-04,13.049,13.102,12.939,12.963,3579000,0
2014-02-05,12.948,13.029,12.919,13.006,2901196,0
2014-02-06,13.068,13.111,13.014,13.075,4357735,0
2014-02-07,13.078,13.222,13.078,13.178,4611640,0
2014-02-10,13.178,13.184,13.049,13.126,4186747,0
2014-02-11,13.131,13.216,13.111,13.198,4110036,0
2014-02-12,13.216,13.237,13.178,13.207,4340745,0
2014-02-13,13.216,13.319,13.163,13.222,3485671,0
2014-02-14,13.244,13.289,13.198,13.237,3402923,0
2014-02-18,13.229,13.295,13.198,13.222,5365409,0
2014-02-19,13.222,13.237,13.102,13.126,3845892,0
2014-02-20,13.119,13.138,13.028,13.068,5336768,0
2014-02-21,13.078,13.111,13.028,13.058,3369689,0
2014-02-24,13.049,13.049,12.937,12.997,6481399,0
2014-02-25,13.023,13.034,12.945,12.997,4924310,0
2014-02-26,13.014,13.126,12.96,13.102,4999134,0
2014-02-27,13.078,13.111,13.041,13.058,3846103,0
2014-02-28,13.058,13.075,12.982,13.004,5224600,0
2014-03-03,13.004,13.058,12.96,13.023,3207231,0
2014-03-04,13.075,13.102,13.028,13.075,4459254,0
2014-03-05,13.075,13.146,13.041,13.111,3156438,0
2014-03-06,13.131,13.146,13.058,13.094,3931851,0
2014-03-07,13.102,13.119,13.028,13.085,5334148,0
2014-03-10,13.075,13.102,13.014,13.023,2574851,0
2014-03-11,13.049,13.058,12.96,13.028,2978284,0
2014-03-12,13.014,13.058,12.96,13.014,3194083,0
2014-03-13,13.034,13.034,12.93,12.953,2905081,0
2014-03-14,12.969,13.078,12.969,13.014,3624599,0
2014-03-17,13.049,13.094,12.997,13.075,4272800,0
2014-03-18,13.085,13.171,13.075,13.131,3945934,0
2014-03-19,13.163,13.178,13.014,13.034,5578001,0
2014-03-20,13.041,13.075,12.969,13.075,3774294,0
2014-03-21,13.094,13.094,13.034,13.058,3953351,0
2014-03-24,13.075,13.094,12.96,13.014,3980912,0
2014-03-25,13.041,13.058,12.982,13.004,2408920,0
2014-03-26,13.034,13.058,12.997,13.023,4076605,0
2014-03-27,13.034,13.075,13.004,13.058,4411099,0
2014-03-28,13.075,13.138,13.041,13.138,2352268,0
2014-03-31,13.146,13.191,13.126,13.191,4046132,0
2014-04-01,13.207,13.341,13.191,13.326,4773628,0
2014-04-02,13.319,13.348,13.289,13.312,4500951,0
2014-04-03,13.335,13.388,13.295,13.335,3659555,0
2014-04-04,13.363,13.424,13.341,13.341,3305127,0
2014-04-07,13.363,13.379,13.229,13.251,3459614,0
2014-04-08,13.312,13.348,13.251,13.319,3604148,0
2014-04-09,13.335,13.4,13.282,13.348,3428067,0
2014-04-10,13.348,13.408,13.237,13.267,2810436,0
2014-04-11,13.267,13.4,13.251,13.393,19681824,0
2014-04-14,13.416,13.507,13.393,13.4,4329366,0
2014-04-15,13.408,13.433,13.348,13.379,5276248,0
2014-04-16,13.416,13.476,13.371,13.444,3997441,0
2014-04-17,13.444,13.52,13.408,13.498,4269607,0
2014-04-21,13.514,13.559,13.482,13.55,5539137,0
2014-04-22,13.572,13.632,13.55,13.566,3840589,0
2014-04-23,13.559,13.595,13.527,13.543,2896560,0
2014-04-24,13.632,13.632,13.454,13.469,6150767,0
2014-04-25,13.476,13.543,13.371,13.416,2974968,0
2014-04-28,13.454,13.476,13.4,13.454,3539882,0
2014-04-29,13.476,13.559,13.469,13.55,3686577,0
2014-04-30,13.566,13.566,13.49,13.527,3022477,0
2014-05-01,13.559,13.611,13.535,13.595,2957143,0
2014-05-02,13.603,13.648,13.566,13.648,3073606,0
2014-05-05,13.648,13.768,13.624,13.744,8379365,0
2014-05-06,13.767,13.79,13.668,13.713,3549354,0
2014-05-07,13.758,13.837,13.691,13.837,3184118,0
2014-05-08,13.819,13.837,13.638,13.691,5020820,0
2014-05-09,13.721,13.743,13.616,13.645,3113674,0
2014-05-12,13.691,13.721,13.653,13.684,2949602,0
2014-05-13,13.721,13.729,13.638,13.653,4794993,0
2014-05-14,13.668,13.706,13.638,13.706,4210625,0
2014-05-15,13.713,13.721,13.622,13.706,3020530,0
2014-05-16,13.729,13.758,13.698,13.737,3241967,0
2014-05-19,13.752,13.774,13.684,13.691,3794273,0
2014-05-20,13.706,13.743,13.675,13.729,3822769,0
2014-05-21,13.743,13.782,13.713,13.758,3700821,0
2014-05-22,13.767,13.827,13.767,13.811,3434128,0
2014-05-23,13.819,13.837,13.774,13.811,5707575,0
2014-05-27,13.843,13.849,13.752,13.79,3087650,0
2014-05-28,13.819,13.827,13.729,13.774,3882097,0
2014-05-29,13.774,13.819,13.743,13.767,3411079,0
2014-05-30,13.782,13.843,13.737,13.837,3920300,0
2014-06-02,13.837,13.911,13.805,13.904,3375249,0
2014-06-03,13.911,13.942,13.872,13.888,4141613,0
2014-06-04,13.837,13.957,13.819,13.942,2724962,0
2014-06-05,13.957,13.98,13.895,13.962,4032878,0
2014-06-06,13.957,14.032,13.957,14.016,4578719,0
2014-06-09,14.025,14.063,14.01,14.025,3334980,0
2014-06-10,13.987,14.07,13.987,14.032,3373653,0
2014-06-11,14.016,14.04,13.962,14.002,2866287,0
2014-06-12,13.996,14.016,13.915,13.942,4224909,0
2014-06-13,13.962,13.996,13.888,13.962,3339320,0
2014-06-16,13.98,14.07,13.957,14.07,5131339,0
2014-06-17,14.094,14.094,14.016,14.025,3669310,0
2014-06-18,14.048,14.056,13.888,13.942,6605837,0
2014-06-19,13.957,14.148,13.904,14.129,6405876,0
2014-06-20,14.148,14.154,14.04,14.07,5419592,0
2014-06-23,14.077,14.2,14.032,14.193,3698122,0
2014-06-24,14.183,14.299,14.183,14.237,4030856,0
2014-06-25,14.252,14.321,14.221,14.299,3475740,0
2014-06-26,14.303,14.321,14.267,14.312,3438710,0
2014-06-27,14.303,14.375,14.283,14.35,7326499,0
2014-06-30,14.357,14.41,14.312,14.41,4674209,0
2014-07-01,14.435,14.456,14.395,14.448,3706934,0
2014-07-02,14.448,14.456,14.365,14.39,3291120,0
2014-07-03,14.429,14.429,14.267,14.283,4098916,0
2014-07-07,14.283,14.303,14.116,14.162,4267843,0
2014-07-08,14.154,14.175,14.07,14.102,4899641,0
2014-07-09,14.122,14.229,14.077,14.229,4582084,0
2014-07-10,14.2,14.213,14.094,14.193,4172691,0
2014-07-11,14.183,14.252,14.148,14.237,2622731,0
2014-07-14,14.258,14.29,14.207,14.237,3057506,0
2014-07-15,14.252,14.267,14.183,14.252,2595038,0
2014-07-16,14.276,14.345,14.267,14.345,3518850,0
2014-07-17,14.328,14.39,14.299,14.35,4309335,0
2014-07-18,14.375,14.395,14.336,14.365,2665099,0
2014-07-21,14.357,14.382,14.303,14.375,2628095,0
2014-07-22,14.39,14.465,14.382,14.435,2676775,0
2014-07-23,14.448,14.533,14.441,14.448,3296343,0
2014-07-24,14.456,14.495,14.39,14.395,4297054,0
2014-07-25,14.42,14.42,14.336,14.365,2651793,0
2014-07-28,14.395,14.401,14.321,14.375,2639157,0
2014-07-29,14.375,14.435,14.312,14.328,2945336,0
2014-07-30,14.365,14.365,14.162,14.213,3714770,0
2014-07-31,14.175,14.193,14.01,14.016,4046384,0
2014-08-01,13.996,14.032,13.843,13.95,5449820,0
2014-08-04,13.934,14.154,13.895,14.154,5387310,0
2014-08-05,14.108,14.154,13.95,13.98,3886925,0
2014-08-06,13.958,13.998,13.882,13.928,3685092,0
2014-08-07,13.958,14.036,13.897,13.953,3180388,0
2014-08-08,14.02,14.02,13.874,13.991,3334711,0
2014-08-11,14.443,14.505,14.337,14.404,9029434,0
2014-08-12,14.358,14.396,14.267,14.329,3829556,0
2014-08-13,14.351,14.483,14.267,14.413,3835243,0
2014-08-14,14.459,14.529,14.436,14.505,3504269,0
2014-08-15,14.538,14.605,14.499,14.599,4000969,0
2014-08-18,14.599,14.599,14.553,14.583,2912042,0
2014-08-19,14.583,14.638,14.575,14.621,3928381,0
2014-08-20,14.613,14.706,14.599,14.699,3473477,0
2014-08-21,14.713,14.713,14.621,14.675,3281133,0
2014-08-22,14.683,14.692,14.592,14.621,3171580,0
2014-08-25,14.654,14.706,14.575,14.706,3115936,0
2014-08-26,14.713,14.754,14.683,14.737,3067399,0
2014-08-27,14.759,14.776,14.713,14.759,6797013,0
2014-08-28,14.754,14.8,14.746,14.793,2492160,0
2014-08-29,14.822,14.899,14.776,14.875,2882712,0
2014-09-02,14.907,14.907,14.814,14.839,3602776,0
2014-09-03,14.86,14.875,14.822,14.852,5005118,0
2014-09-04,14.868,14.868,14.737,14.783,4090515,0
2014-09-05,14.783,14.822,14.729,14.822,2804517,0
2014-09-08,14.793,14.839,14.776,14.839,2315854,0
2014-09-09,14.839,14.86,14.783,14.839,2711592,0
2014-09-10,14.852,14.852,14.783,14.822,3081128,0
2014-09-11,14.793,14.822,14.706,14.814,3663235,0
2014-09-12,14.8,14.8,14.529,14.605,4427621,0
2014-09-15,14.553,14.599,14.459,14.559,4602703,0
2014-09-16,14.538,14.729,14.521,14.675,3777304,0
2014-09-17,14.692,14.754,14.646,14.721,3150087,0
2014-09-18,14.721,14.8,14.646,14.776,3950636,0
2014-09-19,14.8,14.845,14.754,14.83,3741318,0
2014-09-22,14.822,14.83,14.646,14.675,3769133,0
2014-09-23,14.638,14.683,14.545,14.545,3259774,0
2014-09-24,14.545,14.638,14.423,14.592,4706748,0
2014-09-25,14.605,14.646,14.451,14.538,5673430,0
2014-09-26,14.553,14.666,14.436,14.646,3561044,0
2014-09-29,14.559,14.699,14.559,14.692,3359016,0
2014-09-30,14.706,14.783,14.575,14.767,3675886,0
2014-10-01,14.776,14.845,14.605,14.621,4933807,0
2014-10-02,14.621,14.692,14.396,14.666,5707809,0
2014-10-03,14.675,14.713,14.613,14.675,4205585,0
2014-10-06,14.683,14.699,14.545,14.592,3499883,0
2014-10-07,14.592,14.638,14.483,14.499,4118622,0
2014-10-08,14.505,14.521,14.22,14.436,6200050,0
2014-10-09,14.436,14.443,14.059,14.099,12428334,0
2014-10-10,14.074,14.136,13.543,13.965,12297222,0
2014-10-13,13.991,14.066,13.337,13.337,10975444,0
2014-10-14,13.52,13.596,12.81,13.349,19364148,0
2014-10-15,13.157,13.767,12.904,13.736,20035228,0
2014-10-16,13.682,14.252,13.559,14.136,17175843,0
2014-10-17,14.29,14.337,13.928,14.174,11489963,0
2014-10-20,14.191,14.276,14.053,14.245,6830215,0
2014-10-21,14.322,14.469,14.252,14.404,7697889,0
2014-10-22,14.404,14.514,14.267,14.283,6213022,0
2014-10-23,14.377,14.469,14.358,14.396,4655054,0
2014-10-24,14.391,14.499,14.358,14.451,4931950,0
2014-10-27,14.391,14.451,14.267,14.413,6120367,0
2014-10-28,14.451,14.49,14.367,14.443,4455139,0
2014-10-29,14.469,14.499,14.322,14.459,5080488,0
2014-10-30,14.443,14.459,14.283,14.299,4458386,0
2014-10-31,14.383,14.404,14.229,14.313,6523072,0
2014-11-03,14.592,14.592,14.299,14.299,6761292,0
2014-11-04,14.367,14.443,14.09,14.127,4711324,0
2014-11-05,14.199,14.267,14.121,14.237,5354351,0
2014-11-06,14.283,14.314,14.142,14.236,3798153,0
2014-11-07,14.323,14.478,14.212,14.433,3867508,0
2014-11-10,14.478,14.533,14.359,14.378,3491732,0
2014-11-11,14.385,14.446,14.276,14.351,4381561,0
2014-11-12,14.338,14.398,14.283,14.398,3587628,0
2014-11-13,14.393,14.438,14.228,14.283,4962552,0
2014-11-14,14.314,14.453,14.29,14.453,5020294,0
2014-11-17,14.438,14.564,14.393,14.564,5718892,0
2014-11-18,14.588,14.666,14.533,14.635,6576475,0
2014-11-19,14.612,14.728,14.612,14.728,4844585,0
2014-11-20,14.712,14.8,14.673,14.759,5185188,0
2014-11-21,14.831,14.933,14.658,14.666,10439775,0
2014-11-24,14.72,14.736,14.541,14.573,5260559,0
2014-11-25,14.635,14.666,14.525,14.533,4182122,0
2014-11-26,14.58,14.666,14.472,14.666,4645544,0
2014-11-28,14.478,14.548,14.142,14.165,7247718,0
2014-12-01,13.985,14.086,13.61,13.742,11203896,0
2014-12-02,13.735,14.078,13.657,13.968,8028539,0
2014-12-03,13.994,14.212,13.994,14.118,5436981,0
2014-12-04,14.078,14.257,14.025,14.189,3678405,0
2014-12-05,14.198,14.244,14.04,14.064,4912127,0
2014-12-08,13.931,13.994,13.484,13.547,10165000,0
2014-12-09,13.469,13.657,13.375,13.649,13216371,0
2014-12-10,13.484,13.509,13.194,13.235,12922116,0
2014-12-11,13.226,13.522,13.147,13.256,8104114,0
2014-12-12,13.109,13.256,12.991,13.156,9759383,0
2014-12-15,13.226,13.302,12.818,12.914,10612197,0
2014-12-16,12.805,13.282,12.529,13.084,15028014,0
2014-12-17,13.092,13.522,13.092,13.492,21569948,0
2014-12-18,13.838,13.946,13.358,13.625,13606564,0
2014-12-19,13.64,13.673,13.461,13.618,9745104,0
2014-12-22,13.522,13.625,13.391,13.625,9359275,0
2014-12-23,13.673,13.757,13.57,13.728,6627790,0
2014-12-24,13.688,13.757,13.618,13.735,2971940,0
2014-12-26,13.742,13.751,13.657,13.711,2796362,0
2014-12-29,13.68,13.844,13.673,13.797,3928285,0
2014-12-30,13.774,13.861,13.711,13.797,5352907,0
2014-12-31,13.774,13.892,13.695,13.711,4587358,0
2015-01-02,13.711,13.914,13.711,13.821,7419183,0
2015-01-05,13.719,13.766,13.432,13.443,8817637,0
2015-01-06,13.438,13.509,13.1,13.265,9246578,0
2015-01-07,13.358,13.405,13.139,13.218,6573594,0
2015-01-08,13.338,13.422,13.282,13.338,8875014,0
2015-01-09,13.358,13.391,13.241,13.344,6810239,0
2015-01-12,13.265,13.289,12.905,13.03,9853025,0
2015-01-13,13.036,13.139,12.756,12.827,10116358,0
2015-01-14,12.686,12.914,12.576,12.898,12053892,0
2015-01-15,12.999,13.084,12.889,12.968,10189170,0
2015-01-16,12.991,13.273,12.975,13.273,10376505,0
2015-01-20,13.211,13.413,13.1,13.289,8472197,0
2015-01-21,13.312,13.547,13.302,13.522,6464482,0
2015-01-22,13.577,13.665,13.461,13.53,6805073,0
2015-01-23,13.484,13.649,13.453,13.54,5954535,0
2015-01-26,13.618,13.68,13.5,13.577,5302714,0
2015-01-27,13.522,13.586,13.397,13.522,5281632,0
2015-01-28,13.517,13.555,13.289,13.32,7299092,0
2015-01-29,13.375,13.375,13.109,13.302,6530569,0
2015-01-30,13.202,13.509,13.18,13.385,8805914,0
2015-02-02,13.461,13.54,13.32,13.509,8113772,0
2015-02-03,13.555,13.688,13.522,13.64,7463733,0
2015-02-04,13.53,13.618,13.453,13.555,8019397,0
2015-02-05,13.61,13.735,13.54,13.695,6976349,0
2015-02-06,13.695,13.774,13.586,13.665,5561377,0
2015-02-09,13.68,13.704,13.477,13.5,7126299,0
2015-02-10,13.54,13.57,13.385,13.547,4550102,0
2015-02-11,13.518,13.532,13.356,13.365,6415863,0
2015-02-12,13.462,13.541,13.413,13.518,4559730,0
2015-02-13,13.605,13.708,13.566,13.605,5550845,0
2015-02-17,13.596,13.7,13.518,13.644,5608025,0
2015-02-18,13.628,13.644,13.548,13.605,4191022,0
2015-02-19,13.485,13.605,13.413,13.58,6961844,0
2015-02-20,13.58,13.708,13.566,13.7,5596942,0
2015-02-23,13.652,13.692,13.532,13.58,6435848,0
2015-02-24,13.605,13.621,13.524,13.566,3443737,0
2015-02-25,13.589,13.733,13.573,13.684,4707391,0
2015-02-26,13.652,13.66,13.453,13.477,5119822,0
2015-02-27,13.501,13.58,13.453,13.58,4989277,0
2015-03-02,13.524,13.58,13.413,13.413,4271428,0
2015-03-03,13.413,13.532,13.396,13.511,4214523,0
2015-03-04,13.511,13.524,13.39,13.453,5499355,0
2015-03-05,13.462,13.573,13.453,13.501,3842689,0
2015-03-06,13.396,13.485,13.294,13.327,6494509,0
2015-03-09,13.294,13.39,13.183,13.183,5065468,0
2015-03-10,13.078,13.246,13.038,13.215,10828999,0
2015-03-11,13.222,13.246,13.017,13.025,4495407,0
2015-03-12,13.038,13.073,12.952,12.952,5685775,0
2015-03-13,12.904,12.935,12.84,12.92,5777475,0
2015-03-16,12.92,12.92,12.794,12.913,8059222,0
2015-03-17,12.857,12.984,12.84,12.935,4445535,0
2015-03-18,12.84,13.175,12.816,13.12,7438036,0
2015-03-19,12.992,13.031,12.959,13.031,3811158,0
2015-03-20,13.112,13.135,13.017,13.073,5155286,0
2015-03-23,13.065,13.271,13.047,13.261,4208367,0
2015-03-24,13.288,13.294,13.103,13.112,4727302,0
2015-03-25,13.15,13.197,13.103,13.142,4400690,0
2015-03-26,13.206,13.253,13.103,13.142,5675098,0
2015-03-27,13.175,13.215,13.078,13.12,3303281,0
2015-03-30,13.183,13.222,13.15,13.222,3245748,0
2015-03-31,13.183,13.309,13.135,13.191,5699213,0
2015-04-01,13.222,13.294,13.167,13.175,3684786,0
2015-04-02,13.135,13.271,13.135,13.222,3918691,0
2015-04-06,13.215,13.288,13.206,13.253,4262637,0
2015-04-07,13.253,13.327,13.206,13.288,4136430,0
2015-04-08,13.318,13.342,13.239,13.288,4324314,0
2015-04-09,13.288,13.336,13.253,13.309,2597910,0
2015-04-10,13.348,13.384,13.294,13.374,3587055,0
2015-04-13,13.39,13.413,13.318,13.318,2865876,0
2015-04-14,13.342,13.47,13.327,13.422,3465706,0
2015-04-15,13.492,13.541,13.422,13.518,5606100,0
2015-04-16,13.518,13.566,13.453,13.548,6648874,0
2015-04-17,13.511,13.524,13.438,13.462,9367169,0
2015-04-20,13.501,13.589,13.47,13.524,3365126,0
2015-04-21,13.644,13.644,13.462,13.462,3926417,0
2015-04-22,13.485,13.532,13.422,13.443,4115099,0
2015-04-23,13.477,13.557,13.477,13.548,3808271,0
2015-04-24,13.566,13.605,13.541,13.596,3270565,0
2015-04-27,13.605,13.644,13.573,13.605,6160364,0
2015-04-28,13.589,13.596,13.532,13.573,4120937,0
2015-04-29,13.557,13.748,13.532,13.684,7408141,0
2015-04-30,13.668,13.756,13.621,13.692,5575731,0
2015-05-01,13.716,13.763,13.676,13.724,4494779,0
2015-05-04,13.739,13.756,13.676,13.676,4540377,0
2015-05-05,13.716,13.771,13.66,13.724,17112971,0
2015-05-06,13.796,13.811,13.566,13.596,5764361,0
2015-05-07,13.557,13.596,13.438,13.453,5049823,0
2015-05-08,13.532,13.589,13.462,13.524,4272305,0
2015-05-11,13.492,13.518,13.422,13.438,3714932,0
2015-05-12,13.396,13.518,13.356,13.477,5273785,0
2015-05-13,13.773,13.79,13.539,13.643,6807099,0
2015-05-14,13.733,13.733,13.676,13.684,3688726,0
2015-05-15,13.652,13.717,13.627,13.676,5275514,0
2015-05-18,13.676,13.765,13.652,13.749,4429283,0
2015-05-19,13.709,13.733,13.643,13.684,3402255,0
2015-05-20,13.717,13.725,13.627,13.643,3374606,0
2015-05-21,13.66,13.7,13.62,13.66,5312649,0
2015-05-22,13.62,13.7,13.603,13.684,2871519,0
2015-05-26,13.643,13.66,13.539,13.571,3903846,0
2015-05-27,13.547,13.62,13.547,13.587,3597020,0
2015-05-28,13.547,13.555,13.44,13.466,2884797,0
2015-05-29,13.448,13.481,13.4,13.408,3111091,0
2015-06-01,13.417,13.475,13.4,13.417,5671417,0
2015-06-02,13.417,13.49,13.386,13.466,3576598,0
2015-06-03,13.466,13.49,13.271,13.28,8695031,0
2015-06-04,13.232,13.295,13.092,13.1,6980267,0
2015-06-05,13.012,13.222,13.012,13.174,7667136,0
2015-06-08,13.19,13.206,13.084,13.118,4421757,0
2015-06-09,13.148,13.174,13.1,13.1,3604279,0
2015-06-10,13.109,13.174,13.071,13.077,6698456,0
2015-06-11,13.084,13.126,13.061,13.084,3971060,0
2015-06-12,13.043,13.084,12.996,13.051,4475571,0
2015-06-15,13.002,13.206,12.996,13.183,10718609,0
2015-06-16,13.174,13.206,13.118,13.157,3340047,0
2015-06-17,13.215,13.232,13.077,13.148,3955204,0
2015-06-18,13.148,13.19,13.126,13.148,4167498,0
2015-06-19,13.133,13.183,13.034,13.051,5967797,0
2015-06-22,13.174,13.174,13.028,13.061,7979776,0
2015-06-23,13.077,13.084,13.028,13.043,4354394,0
2015-06-24,13.043,13.071,13.002,13.028,4709339,0
2015-06-25,13.012,13.061,12.899,12.899,5956813,0
2015-06-26,12.907,12.921,12.817,12.842,5322894,0
2015-06-29,12.784,12.803,12.663,12.663,10291185,0
2015-06-30,12.737,12.768,12.575,12.608,9651891,0
2015-07-01,12.656,12.663,12.471,12.492,8374862,0
2015-07-02,12.526,12.663,12.502,12.631,7060742,0
2015-07-06,12.533,12.615,12.502,12.526,6959284,0
2015-07-07,12.518,12.784,12.443,12.784,10629991,0
2015-07-08,12.696,12.759,12.526,12.558,6769578,0
2015-07-09,12.711,12.745,12.575,12.598,4516054,0
2015-07-10,12.647,12.737,12.623,12.729,4584680,0
2015-07-13,12.842,12.93,12.759,12.842,5347577,0
2015-07-14,12.842,12.996,12.794,12.93,4662087,0
2015-07-15,12.938,12.956,12.754,12.754,4627810,0
2015-07-16,12.777,12.777,12.631,12.639,7382142,0
2015-07-17,12.615,12.647,12.483,12.533,5993225,0
2015-07-20,12.518,12.541,12.347,12.347,7562347,0
2015-07-21,12.347,12.462,12.275,12.347,6170958,0
2015-07-22,12.347,12.347,12.045,12.104,9862649,0
2015-07-23,12.104,12.225,12.073,12.113,9603082,0
2015-07-24,12.193,12.242,12.129,12.21,6057282,0
2015-07-27,12.153,12.307,12.073,12.275,6691324,0
2015-07-28,12.316,12.511,12.275,12.483,7467678,0
2015-07-29,12.443,12.647,12.404,12.639,7297718,0
2015-07-30,12.656,12.696,12.492,12.551,4771920,0
2015-07-31,12.541,12.615,12.478,12.483,4399169,0
2015-08-03,12.422,12.471,12.251,12.275,6819468,0
2015-08-04,12.299,12.388,12.169,12.177,3645896,0
2015-08-05,12.234,12.316,11.756,11.756,20751587,0
2015-08-06,11.749,11.788,11.303,11.701,19725655,0
2015-08-07,11.673,11.822,11.625,11.692,10531990,0
2015-08-10,11.708,11.975,11.701,11.95,10205897,0
2015-08-11,11.827,11.975,11.814,11.975,9827716,0
2015-08-12,11.974,12.165,11.868,12.139,11926443,0
2015-08-13,12.131,12.257,11.983,11.998,7730065,0
2015-08-14,12.046,12.139,12.006,12.074,9741729,0
2015-08-17,12.056,12.23,12.006,12.207,4770070,0
2015-08-18,12.221,12.271,12.106,12.139,4900674,0
2015-08-19,12.139,12.173,11.948,11.998,6568415,0
2015-08-20,11.989,12.074,11.818,11.849,16950225,0
2015-08-21,11.809,11.882,11.625,11.634,11879767,0
2015-08-24,11.08,11.948,9.715,11.948,15929905,0
2015-08-25,11.702,11.882,11.404,11.404,10710740,0
2015-08-26,11.461,11.604,11.28,11.604,17106466,0
2015-08-27,11.718,11.983,11.644,11.94,12936208,0
2015-08-28,11.898,12.106,11.875,12.024,10068359,0
2015-08-31,11.998,12.106,11.809,11.94,8510425,0
2015-09-01,11.769,11.891,11.734,11.783,8655420,0
2015-09-02,11.882,11.983,11.668,11.882,6228361,0
2015-09-03,11.933,12.006,11.832,11.868,6374807,0
2015-09-04,11.774,11.898,11.769,11.818,6912944,0
2015-09-08,11.849,11.891,11.783,11.832,5176273,0
2015-09-09,11.898,11.925,11.694,11.71,7061083,0
2015-09-10,11.774,11.792,11.668,11.702,9360285,0
2015-09-11,11.604,11.604,11.419,11.469,8127197,0
2015-09-14,11.419,11.495,11.337,11.354,7403433,0
2015-09-15,11.388,11.503,11.337,11.337,5736299,0
2015-09-16,11.429,11.503,11.388,11.469,8160333,0
2015-09-17,11.469,11.634,11.394,11.485,7285245,0
2015-09-18,11.419,11.519,11.32,11.453,6150000,0
2015-09-21,11.503,11.554,11.394,11.527,4695458,0
2015-09-22,11.411,11.485,11.247,11.33,4274139,0
2015-09-23,11.33,11.394,10.848,10.884,9419692,0
2015-09-24,10.857,10.915,10.461,10.776,15544945,0
2015-09-25,10.898,10.907,10.651,10.741,8120064,0
2015-09-28,10.643,10.668,10.005,10.163,20560529,0
2015-09-29,10.154,10.261,9.4905,9.519,22054907,0
2015-09-30,9.65,10.437,9.65,10.319,24413157,0
2015-10-01,10.437,10.807,10.418,10.757,16854811,0
2015-10-02,10.619,11.164,10.552,11.097,15396158,0
2015-10-05,11.164,11.519,11.147,11.438,10999197,0
2015-10-06,11.438,11.61,11.37,11.438,9338308,0
2015-10-07,11.56,11.617,11.411,11.595,10318443,0
2015-10-08,11.545,11.718,11.429,11.668,7464625,0
2015-10-09,11.734,11.783,11.604,11.694,6310472,0
2015-10-12,11.702,11.718,11.445,11.535,6375055,0
2015-10-13,11.485,11.554,11.346,11.354,10123747,0
2015-10-14,11.312,11.419,11.164,11.379,8740310,0
2015-10-15,11.388,11.545,11.256,11.545,6814989,0
2015-10-16,11.604,11.653,11.503,11.61,10639875,0
2015-10-19,11.554,11.576,11.37,11.485,6719511,0
2015-10-20,11.453,11.545,11.346,11.453,7283541,0
2015-10-21,11.453,11.535,11.263,11.263,6238639,0
2015-10-22,11.164,11.237,10.865,10.99,11018869,0
2015-10-23,11.057,11.164,10.841,10.898,5738958,0
2015-10-26,10.891,10.907,10.625,10.634,7443220,0
2015-10-27,10.57,10.57,10.304,10.468,13552827,0
2015-10-28,10.502,10.915,10.468,10.907,13570846,0
2015-10-29,10.907,11.172,10.857,11.121,8431577,0
2015-10-30,11.164,11.419,10.924,11.237,6180472,0
2015-11-02,11.206,11.519,11.172,11.379,8520100,0
2015-11-03,11.453,11.71,11.411,11.653,18112478,0
2015-11-04,11.653,11.71,11.237,11.445,19923479,0
2015-11-05,11.362,11.535,11.179,11.346,7814594,0
2015-11-06,11.237,11.37,11.073,11.156,8626879,0
2015-11-09,11.138,11.27,10.973,11.023,12023810,0
2015-11-10,11.03,11.123,10.962,11.03,11857652,0
2015-11-11,11.039,11.089,10.727,10.844,11882357,0
2015-11-12,10.709,10.751,10.506,10.53,14637880,0
2015-11-13,10.481,10.608,10.236,10.506,13226841,0
2015-11-16,10.516,10.92,10.471,10.912,16873840,0
2015-11-17,10.887,10.93,10.693,10.727,13529596,0
2015-11-18,10.879,10.962,10.658,10.819,10399913,0
2015-11-19,10.778,10.801,10.567,10.642,17465516,0
2015-11-20,10.617,10.676,10.297,10.379,13261952,0
2015-11-23,10.303,10.489,10.236,10.303,13136641,0
2015-11-24,10.297,10.573,10.277,10.464,12957900,0
2015-11-25,10.413,10.54,10.297,10.421,9010982,0
2015-11-27,10.348,10.54,10.259,10.37,3775147,0
2015-11-30,10.421,10.481,10.297,10.37,10618498,0
2015-12-01,10.361,10.438,10.117,10.218,16221115,0
2015-12-02,10.117,10.194,9.845,9.947,22928865,0
2015-12-03,9.99,10.057,9.549,9.576,23391940,0
2015-12-04,9.4758,9.576,9.1451,9.2279,34495637,0
2015-12-07,8.9326,9.0003,8.2897,8.5854,54463575,0
2015-12-08,8.0784,8.9828,8.0784,8.8397,37369618,0
2015-12-09,8.848,9.627,8.8397,9.61,38713743,0
2015-12-10,9.4228,9.643,9.2703,9.3473,28535604,0
2015-12-11,9.0684,9.1451,8.6283,8.7127,28441149,0
2015-12-14,8.5605,8.6707,8.273,8.4419,31547581,0
2015-12-15,8.5522,8.6963,8.3832,8.6114,27127164,0
2015-12-16,8.6542,9.0589,8.5274,8.9828,30907394,0
2015-12-17,8.9586,9.0087,8.5522,8.7637,28533476,0
2015-12-18,8.7036,8.941,8.6707,8.831,40067921,0
2015-12-21,8.78,9.2116,8.7127,9.2116,30731015,0
2015-12-22,9.2049,9.795,9.1615,9.592,32508238,0
2015-12-23,9.931,10.142,9.729,10.142,38384746,0
2015-12-24,10.108,10.268,10.057,10.1,11640832,0
2015-12-28,9.915,10.016,9.683,9.915,23360326,0
2015-12-29,10.041,10.134,9.729,9.812,23411112,0
2015-12-30,9.643,9.798,9.466,9.744,23743952,0
2015-12-31,9.729,10.236,9.618,10.194,28880761,0
2016-01-04,10.067,10.303,9.981,10.282,25262589,0
2016-01-05,10.236,10.311,10.045,10.218,13191940,0
2016-01-06,9.981,10.079,9.4827,9.636,22528976,0
2016-01-07,9.3473,9.614,9.0938,9.1185,27147560,0
2016-01-08,9.2279,9.4758,9.1731,9.2972,24511806,0
2016-01-11,9.2549,9.2972,8.6283,8.7974,26224209,0
2016-01-12,8.9075,9.2193,8.2305,8.7637,39324469,0
2016-01-13,8.8815,9.0087,8.0614,8.2137,33522023,0
2016-01-14,8.3067,8.78,8.1714,8.7637,26064380,0
2016-01-15,8.2814,8.5729,8.2137,8.2983,26836961,0
2016-01-19,8.3746,8.4165,7.6131,7.8076,29535248,0
2016-01-20,7.4947,7.5286,6.9786,7.2409,39029204,0
2016-01-21,7.2917,7.8331,7.2917,7.7063,25889101,0
2016-01-22,8.036,8.5344,8.0021,8.3912,31655645,0
2016-01-25,8.0445,8.7464,8.036,8.0953,28063695,0
2016-01-26,8.3067,8.476,7.9515,8.3912,18843517,0
2016-01-27,8.3912,8.463,8.036,8.3067,14580126,0
2016-01-28,9.0087,9.0087,8.4927,8.7036,40491909,0
2016-01-29,8.8229,9.0258,8.7036,8.7974,39723992,0
2016-02-01,8.5854,8.7546,8.3578,8.6365,22255867,0
2016-02-02,8.5015,8.5774,8.2983,8.476,12499573,0
2016-02-03,8.679,8.679,8.07,8.4927,20185548,0
2016-02-04,8.5605,8.7546,8.3832,8.6616,14737627,0
2016-02-05,8.5434,8.7127,8.3237,8.434,14469104,0
2016-02-08,7.9092,8.0614,7.5878,7.63,23375344,0
2016-02-09,7.4608,7.5116,7.1056,7.3416,19663284,0
2016-02-10,7.3154,7.5606,7.14,7.3591,15332777,0
2016-02-11,7.0875,7.4686,6.8072,6.9825,28607472,0
2016-02-12,7.1663,7.5081,7.07,7.4731,11802164,0
2016-02-16,7.841,8.0073,7.6307,7.9548,26193942,0
2016-02-17,8.2789,8.5417,8.1388,8.4104,24910699,0
2016-02-18,8.6908,8.7081,8.2789,8.5328,20730530,0
2016-02-19,8.4542,8.4542,8.1651,8.3491,14242466,0
2016-02-22,8.6736,8.8666,8.6033,8.848,14360608,0
2016-02-23,8.761,8.761,8.4236,8.463,17148949,0
2016-02-24,8.2178,8.7081,8.1257,8.6643,19770411,0
2016-02-25,8.5417,8.6817,8.3974,8.6033,21693835,0
2016-02-26,8.848,8.9708,8.6473,8.7081,14088174,0
2016-02-29,8.7784,8.927,8.6689,8.8666,17090563,0
2016-03-01,8.954,8.9708,8.6999,8.8573,14988338,0
2016-03-02,8.7519,9.2,8.7254,9.1904,12843110,0
2016-03-03,9.1109,9.548,9.1109,9.4268,19202646,0
2016-03-04,9.515,9.592,9.2866,9.366,18812151,0
2016-03-07,9.304,9.715,9.304,9.715,13104427,0
2016-03-08,9.629,9.629,9.0495,9.0674,20492221,0
2016-03-09,9.252,9.3126,9.0589,9.1807,13395494,0
2016-03-10,9.1904,9.1904,9.0022,9.0854,14187795,0
2016-03-11,9.1904,9.3562,9.1635,9.2684,12316050,0
2016-03-14,9.2,9.3395,9.076,9.2597,10370093,0
2016-03-15,9.1289,9.2,8.9363,9.1194,6225957,0
2016-03-16,9.1904,9.629,9.1557,9.568,14259640,0
2016-03-17,9.654,9.899,9.601,9.795,23437966,0
2016-03-18,9.899,9.987,9.558,9.743,20095512,0
2016-03-21,9.725,9.743,9.4189,9.4954,11848669,0
2016-03-22,9.4425,9.698,9.3993,9.629,8309658,0
2016-03-23,9.4189,9.558,9.2337,9.2866,9560728,0
2016-03-24,9.0674,9.3179,8.98,9.1721,11997288,0
2016-03-28,9.2866,9.2866,9.0325,9.1109,6849259,0
2016-03-29,8.9633,9.2164,8.8917,9.1721,9545808,0
2016-03-30,9.304,9.505,9.2433,9.3826,14614874,0
2016-03-31,9.366,9.619,9.3156,9.568,8646422,0
2016-04-01,9.3738,9.4356,9.1721,9.2866,9674141,0
2016-04-04,9.2684,9.4189,9.076,9.1024,6223621,0
2016-04-05,8.98,9.1185,8.9708,8.9975,9556907,0
2016-04-06,9.0589,9.3209,9.0239,9.2433,10116205,0
2016-04-07,9.1471,9.3297,9.1156,9.2962,7323377,0
2016-04-08,9.576,9.645,9.4719,9.54,8488245,0
2016-04-11,9.654,9.787,9.4876,9.54,12190882,0
2016-04-12,9.576,9.978,9.548,9.899,12378130,0
2016-04-13,9.944,9.982,9.795,9.892,12728062,0
2016-04-14,10.004,10.004,9.773,9.865,12396694,0
2016-04-15,9.725,9.909,9.663,9.672,11169486,0
2016-04-18,9.4523,10.048,9.3738,9.997,14425677,0
2016-04-19,10.092,10.425,10.075,10.4,14484180,0
2016-04-20,10.355,10.688,10.303,10.592,16334715,0
2016-04-21,10.61,10.733,10.529,10.601,14716077,0
2016-04-22,10.662,10.749,10.61,10.697,18264965,0
2016-04-25,10.671,10.741,10.478,10.539,9287750,0
2016-04-26,10.582,10.662,10.425,10.478,16558088,0
2016-04-27,10.573,10.825,10.557,10.706,13596514,0
2016-04-28,10.679,10.757,10.514,10.539,12001960,0
2016-04-29,10.567,10.786,10.549,10.697,13401902,0
2016-05-02,10.777,10.786,10.461,10.619,9865175,0
2016-05-03,10.496,10.557,10.206,10.355,18999298,0
2016-05-04,10.453,10.549,10.286,10.435,12104453,0
2016-05-05,10.61,10.82,10.567,10.61,15490038,0
2016-05-06,10.567,10.724,10.504,10.573,10022968,0
2016-05-09,10.521,10.582,10.18,10.435,22013257,0
2016-05-10,10.514,10.635,10.392,10.415,13291029,0
2016-05-11,10.362,10.649,10.21,10.523,17890329,0
2016-05-12,10.649,10.756,10.57,10.703,8136012,0
2016-05-13,10.64,10.809,10.586,10.64,7314730,0
2016-05-16,10.775,10.981,10.747,10.961,12223473,0
2016-05-17,10.989,11.168,10.883,11.042,18738731,0
2016-05-18,11.096,11.131,10.721,10.775,13434589,0
2016-05-19,10.721,11.008,10.596,10.956,11532391,0
2016-05-20,11.033,11.185,10.899,11.106,9986291,0
2016-05-23,11.106,11.16,10.998,11.052,7615345,0
2016-05-24,11.15,11.229,10.927,10.971,13878215,0
2016-05-25,11.061,11.175,10.961,11.061,9319246,0
2016-05-26,11.15,11.175,10.899,10.936,8649126,0
2016-05-27,10.944,11.004,10.792,10.927,6604738,0
2016-05-31,10.989,11.121,10.883,10.936,9707000,0
2016-06-01,10.838,11.226,10.809,11.212,9171437,0
2016-06-02,11.122,11.293,11.077,11.275,13980990,0
2016-06-03,11.249,11.337,11.16,11.266,6629095,0
2016-06-06,11.391,11.445,11.283,11.417,7788369,0
2016-06-07,11.445,11.578,11.445,11.481,7767461,0
2016-06-08,11.578,11.588,11.378,11.445,11900620,0
2016-06-09,11.302,11.445,11.266,11.437,6654153,0
2016-06-10,11.266,11.373,11.15,11.229,14957572,0
2016-06-13,11.131,11.229,11.033,11.096,11365569,0
2016-06-14,11.069,11.096,10.819,10.989,12620493,0
2016-06-15,10.944,11.204,10.854,11.131,9848016,0
2016-06-16,11.042,11.185,10.899,11.16,10825443,0
2016-06-17,11.185,11.257,11.096,11.168,16257394,0
2016-06-20,11.364,11.4,11.185,11.222,7948218,0
2016-06-21,11.175,11.417,11.16,11.391,6832276,0
2016-06-22,11.364,11.481,11.283,11.383,6873901,0
2016-06-23,11.554,11.561,11.373,11.544,7734534,0
2016-06-24,11.175,11.512,11.141,11.302,15590872,0
2016-06-27,11.195,11.249,10.775,10.908,20012990,0
2016-06-28,11.131,11.319,11.008,11.311,9594126,0
2016-06-29,11.383,11.471,11.329,11.391,12049429,0
2016-06-30,11.437,11.481,11.239,11.4,15593853,0
2016-07-01,11.445,11.496,11.383,11.409,6273520,0
2016-07-05,11.302,11.373,11.175,11.347,5489042,0
2016-07-06,11.229,11.311,11.15,11.293,12572407,0
2016-07-07,11.364,11.462,11.185,11.222,10690723,0
2016-07-08,11.319,11.409,11.27,11.373,6608012,0
2016-07-11,11.49,11.491,11.347,11.364,9628188,0
2016-07-12,11.49,11.632,11.454,11.554,11668793,0
2016-07-13,11.598,11.642,11.417,11.445,6361523,0
2016-07-14,11.578,11.578,11.462,11.534,8771345,0
2016-07-15,11.632,11.632,11.481,11.516,5834381,0
2016-07-18,11.454,11.561,11.454,11.508,5466381,0
2016-07-19,11.5,11.554,11.462,11.5,4926383,0
2016-07-20,11.481,11.608,11.427,11.578,4564563,0
2016-07-21,11.598,11.642,11.49,11.529,6168352,0
2016-07-22,11.554,11.569,11.496,11.544,6735990,0
2016-07-25,11.508,11.525,11.462,11.5,3927189,0
2016-07-26,11.445,11.534,11.4,11.409,5683661,0
2016-07-27,11.409,11.534,11.364,11.373,5420377,0
2016-07-28,11.355,11.409,11.311,11.364,4102059,0
2016-07-29,11.329,11.471,11.302,11.471,3460045,0
2016-08-01,11.373,11.454,11.175,11.266,8709123,0
2016-08-02,11.337,11.352,11.033,11.266,10721196,0
2016-08-03,11.329,11.49,11.293,11.481,8113452,0
2016-08-04,11.462,11.525,11.364,11.481,6365574,0
2016-08-05,11.481,11.554,11.409,11.476,9281954,0
2016-08-08,11.569,11.632,11.534,11.569,9463800,0
2016-08-09,11.652,11.675,11.5,11.534,7289021,0
2016-08-10,11.634,11.634,11.407,11.435,9878611,0
2016-08-11,11.516,11.516,11.415,11.48,5482731,0
2016-08-12,11.579,11.624,11.534,11.562,12043436,0
2016-08-15,11.664,11.679,11.562,11.574,9497624,0
2016-08-16,11.589,11.609,11.554,11.599,6996808,0
2016-08-17,11.679,11.679,11.525,11.554,8221501,0
2016-08-18,11.599,11.679,11.589,11.669,10111791,0
2016-08-19,11.669,11.679,11.562,11.579,5873447,0
2016-08-22,11.525,11.544,11.461,11.489,5822675,0
2016-08-23,11.48,11.512,11.461,11.507,6161410,0
2016-08-24,11.499,11.534,11.407,11.435,6461039,0
2016-08-25,11.397,11.452,11.38,11.425,6437647,0
2016-08-26,11.415,11.516,11.402,11.425,5374193,0
2016-08-29,11.425,11.489,11.407,11.489,3515316,0
2016-08-30,11.47,11.525,11.407,11.47,5257597,0
2016-08-31,11.415,11.435,11.325,11.415,4657044,0
2016-09-01,11.38,11.452,11.325,11.452,5001708,0
2016-09-02,11.507,11.534,11.407,11.489,5036811,0
2016-09-06,11.452,11.599,11.452,11.57,6833391,0
2016-09-07,11.48,11.633,11.48,11.599,7474566,0
2016-09-08,11.654,11.679,11.599,11.624,11006171,0
2016-09-09,11.554,11.57,11.402,11.415,13954618,0
2016-09-12,11.39,11.444,11.306,11.39,10874262,0
2016-09-13,11.343,11.343,10.979,11.007,22093390,0
2016-09-14,10.997,11.233,10.997,11.061,9702065,0
2016-09-15,11.088,11.143,10.979,11.007,17117385,0
2016-09-16,10.942,11.069,10.888,11.042,8300516,0
2016-09-19,11.097,11.243,11.097,11.198,6405717,0
2016-09-20,11.252,11.28,11.123,11.143,3595906,0
2016-09-21,11.215,11.397,11.207,11.38,6332258,0
2016-09-22,11.461,11.525,11.435,11.489,6184099,0
2016-09-23,11.452,11.544,11.438,11.461,4581396,0
2016-09-26,11.525,11.544,11.42,11.444,6141939,0
2016-09-27,11.415,11.425,11.261,11.298,5528655,0
2016-09-28,11.397,11.579,11.298,11.579,17337733,0
2016-09-29,11.589,11.616,11.461,11.507,11635088,0
2016-09-30,11.579,11.589,11.48,11.562,5634570,0
2016-10-03,11.579,11.612,11.461,11.499,5545687,0
2016-10-04,11.525,11.525,11.352,11.38,8126635,0
2016-10-05,11.489,11.525,11.397,11.48,7903037,0
2016-10-06,11.507,11.525,11.325,11.37,5826369,0
2016-10-07,11.38,11.452,11.343,11.38,11008879,0
2016-10-10,11.47,11.525,11.439,11.525,7142808,0
2016-10-11,11.499,11.512,11.39,11.47,5678388,0
2016-10-12,11.397,11.48,11.39,11.461,5241545,0
2016-10-13,11.397,11.47,11.352,11.444,5229602,0
2016-10-14,11.425,11.48,11.39,11.397,3752203,0
2016-10-17,11.361,11.435,11.361,11.435,5778490,0
2016-10-18,11.461,11.499,11.426,11.489,6506515,0
2016-10-19,11.516,11.596,11.5,11.562,8237585,0
2016-10-20,11.544,11.554,11.473,11.554,6630807,0
2016-10-21,11.499,11.544,11.48,11.534,5556137,0
2016-10-24,11.525,11.579,11.452,11.516,6180964,0
2016-10-25,11.48,11.504,11.407,11.415,5071429,0
2016-10-26,11.38,11.415,11.27,11.397,7437801,0
2016-10-27,11.435,11.489,11.37,11.37,6255426,0
2016-10-28,11.39,11.435,11.298,11.335,7347777,0
2016-10-31,11.335,11.335,11.143,11.143,9830609,0
2016-11-01,11.225,11.248,11.052,11.078,8673776,0
2016-11-02,11.061,11.061,10.759,10.979,14296025,0
2016-11-03,10.952,10.979,10.85,10.888,11990553,0
2016-11-04,10.869,10.879,10.764,10.805,15258092,0
2016-11-07,10.888,10.975,10.859,10.879,7768208,0
2016-11-08,10.879,11.007,10.843,10.914,5774501,0
2016-11-09,11.036,11.295,10.98,11.23,13312130,0
2016-11-10,11.286,11.398,11.25,11.352,25639380,0
2016-11-11,11.296,11.324,11.063,11.194,12553239,0
2016-11-14,11.212,11.361,11.169,11.334,14776680,0
2016-11-15,11.482,11.491,11.37,11.436,9069485,0
2016-11-16,11.426,11.445,11.259,11.268,8605912,0
2016-11-17,11.454,11.454,11.314,11.38,9911649,0
2016-11-18,11.416,11.426,11.324,11.416,7822079,0
2016-11-21,11.574,11.612,11.37,11.416,9982411,0
2016-11-22,11.445,11.5,11.364,11.416,12119481,0
2016-11-23,11.436,11.467,11.38,11.445,6075817,0
2016-11-25,11.463,11.472,11.361,11.37,1989420,0
2016-11-28,11.398,11.408,11.184,11.184,6588788,0
2016-11-29,11.138,11.138,10.943,11.101,11187476,0
2016-11-30,11.38,11.528,11.342,11.492,13418259,0
2016-12-01,11.66,11.66,11.25,11.268,13507877,0
2016-12-02,11.286,11.416,11.25,11.342,11262511,0
2016-12-05,11.352,11.38,11.24,11.286,8538553,0
2016-12-06,11.259,11.324,11.184,11.259,6695312,0
2016-12-07,11.268,11.352,11.203,11.334,8381966,0
2016-12-08,11.342,11.416,11.305,11.408,6219489,0
2016-12-09,11.426,11.441,11.37,11.37,7586916,0
2016-12-12,11.538,11.538,11.38,11.454,10499367,0
2016-12-13,11.472,11.472,11.38,11.454,9328493,0
2016-12-14,11.398,11.433,11.296,11.305,7447355,0
2016-12-15,11.286,11.426,11.203,11.398,11875637,0
2016-12-16,11.352,11.538,11.352,11.538,8512367,0
2016-12-19,11.538,11.543,11.436,11.482,7266139,0
2016-12-20,11.528,11.574,11.492,11.574,8950329,0
2016-12-21,11.574,11.66,11.528,11.62,15305260,0
2016-12-22,11.64,11.788,11.62,11.762,10303993,0
2016-12-23,11.778,11.825,11.718,11.825,5596266,0
2016-12-27,11.825,11.854,11.778,11.818,7103829,0
2016-12-28,11.825,11.834,11.742,11.762,5906812,0
2016-12-29,11.778,11.778,11.706,11.722,4430858,0
2016-12-30,11.716,11.752,11.686,11.716,5909433,0
2017-01-03,11.798,11.89,11.762,11.844,13934558,0
2017-01-04,11.844,11.9,11.788,11.88,10095763,0
2017-01-05,11.873,11.929,11.864,11.9,9490096,0
2017-01-06,11.946,11.975,11.9,11.91,11445715,0
2017-01-09,11.956,11.956,11.834,11.844,9554743,0
2017-01-10,11.873,11.88,11.732,11.742,12597571,0
2017-01-11,11.798,11.854,11.778,11.844,6732164,0
2017-01-12,11.9,11.933,11.788,11.808,6534248,0
2017-01-13,11.825,11.88,11.788,11.854,6904371,0
2017-01-17,11.88,11.929,11.873,11.88,7962782,0
2017-01-18,11.88,11.9,11.808,11.818,6520409,0
2017-01-19,11.808,11.854,11.771,11.778,5921938,0
2017-01-20,11.834,11.873,11.808,11.808,5453732,0
2017-01-23,11.818,11.854,11.742,11.798,13768647,0
2017-01-24,11.854,12.012,11.818,11.975,10753543,0
2017-01-25,12.086,12.17,12.012,12.142,14211851,0
2017-01-26,12.291,12.291,12.203,12.281,11613633,0
2017-01-27,12.281,12.281,12.142,12.235,13079059,0
2017-01-30,12.235,12.235,12.002,12.077,9936885,0
2017-01-31,12.091,12.104,11.975,12.096,9293532,0
2017-02-01,12.254,12.281,12.17,12.263,10414155,0
2017-02-02,12.291,12.3,12.189,12.281,9644886,0
2017-02-03,12.356,12.374,12.291,12.356,9613643,0
2017-02-06,12.356,12.374,12.3,12.356,9847092,0
2017-02-07,12.337,12.356,12.225,12.291,12008977,0
2017-02-08,12.315,12.315,12.173,12.276,12440956,0
2017-02-09,12.324,12.352,12.276,12.276,7786998,0
2017-02-10,12.362,12.39,12.286,12.333,6476552,0
2017-02-13,12.343,12.352,12.258,12.324,10008025,0
2017-02-14,12.324,12.399,12.286,12.39,7050508,0
2017-02-15,12.39,12.427,12.365,12.39,13644706,0
2017-02-16,12.447,12.523,12.315,12.343,8275964,0
2017-02-17,12.315,12.333,12.258,12.276,6113104,0
2017-02-21,12.39,12.399,12.315,12.352,12383488,0
2017-02-22,12.343,12.357,12.239,12.258,8822525,0
2017-02-23,12.333,12.352,12.153,12.22,14339392,0
2017-02-24,12.173,12.191,12.078,12.125,13436938,0
2017-02-27,12.144,12.153,12.087,12.097,10014083,0
2017-02-28,12.116,12.201,12.083,12.163,11326120,0
2017-03-01,12.229,12.295,12.182,12.267,12232866,0
2017-03-02,12.248,12.295,12.201,12.258,9783353,0
2017-03-03,12.286,12.295,12.239,12.267,9663221,0
2017-03-06,12.276,12.276,12.182,12.267,6544945,0
2017-03-07,12.286,12.295,12.182,12.239,7575721,0
2017-03-08,12.21,12.239,12.059,12.078,8622381,0
2017-03-09,12.012,12.049,11.87,11.992,19821305,0
2017-03-10,12.031,12.064,11.945,11.992,11750203,0
2017-03-13,11.992,12.04,11.983,12.031,7608603,0
2017-03-14,11.974,11.992,11.861,11.898,7427913,0
2017-03-15,11.983,12.049,11.918,12.04,8062191,0
2017-03-16,12.049,12.078,11.974,12.002,6364341,0
2017-03-17,12.012,12.04,11.888,11.918,7188628,0
2017-03-20,11.918,11.935,11.841,11.927,5979900,0
2017-03-21,11.935,11.987,11.774,11.831,5812399,0
2017-03-22,11.784,11.823,11.767,11.804,5064028,0
2017-03-23,11.814,11.927,11.784,11.861,7901978,0
2017-03-24,11.888,11.927,11.87,11.87,6266311,0
2017-03-27,11.823,11.841,11.774,11.814,9968798,0
2017-03-28,11.841,11.897,11.831,11.879,7399370,0
2017-03-29,11.888,12.002,11.851,11.955,6102860,0
2017-03-30,11.983,12.002,11.908,11.935,5186531,0
2017-03-31,11.935,12.059,11.918,12.022,5362440,0
2017-04-03,12.059,12.106,11.935,12.022,19067715,0
2017-04-04,12.049,12.087,11.983,12.069,6707112,0
2017-04-05,12.153,12.191,12.022,12.022,9597350,0
2017-04-06,12.022,12.144,12.022,12.106,8799663,0
2017-04-07,12.135,12.144,12.078,12.087,9192671,0
2017-04-10,12.144,12.153,12.069,12.069,7905717,0
2017-04-11,12.049,12.106,12.031,12.04,6106273,0
2017-04-12,12.049,12.059,11.974,11.983,6421968,0
2017-04-13,11.974,12.022,11.927,11.935,8054587,0
2017-04-17,11.955,11.965,11.888,11.935,3942451,0
2017-04-18,11.918,11.965,11.888,11.945,4369103,0
2017-04-19,11.965,12.002,11.888,11.898,5741447,0
2017-04-20,11.945,11.97,11.888,11.927,4822628,0
2017-04-21,11.935,11.935,11.851,11.879,3905333,0
2017-04-24,11.945,11.965,11.879,11.945,5267551,0
2017-04-25,11.965,12.04,11.915,12.04,7379137,0
2017-04-26,12.002,12.031,11.974,12.002,5053153,0
2017-04-27,11.945,12,11.87,11.87,11205967,0
2017-04-28,11.945,11.965,11.888,11.918,9325021,0
2017-05-01,11.955,11.974,11.898,11.935,5608334,0
2017-05-02,11.955,11.965,11.888,11.898,11690638,0
2017-05-03,11.888,11.908,11.804,11.831,13496937,0
2017-05-04,11.794,11.823,11.519,11.576,15763440,0
2017-05-05,11.596,11.767,11.539,11.767,12142017,0
2017-05-08,11.767,11.794,11.7,11.767,8083623,0
2017-05-09,11.747,11.774,11.643,11.69,7614694,0
2017-05-10,11.772,11.829,11.723,11.829,7237656,0
2017-05-11,11.82,11.839,11.743,11.781,8045768,0
2017-05-12,11.772,11.849,11.753,11.781,8735739,0
2017-05-15,11.955,11.955,11.811,11.839,7620412,0
2017-05-16,11.887,11.897,11.811,11.811,4986040,0
2017-05-17,11.811,11.82,11.637,11.675,12707519,0
2017-05-18,11.637,11.685,11.569,11.667,8829214,0
2017-05-19,11.733,11.829,11.675,11.791,5128928,0
2017-05-22,11.859,11.869,11.763,11.829,6181914,0
2017-05-23,11.859,11.887,11.811,11.887,6634531,0
2017-05-24,11.887,11.917,11.811,11.849,9420710,0
2017-05-25,11.829,11.877,11.705,11.743,11158195,0
2017-05-26,11.743,11.763,11.675,11.733,6939423,0
2017-05-30,11.667,11.695,11.569,11.569,6538260,0
2017-05-31,11.512,11.569,11.464,11.551,9568063,0
2017-06-01,11.569,11.637,11.541,11.561,9121873,0
2017-06-02,11.541,11.579,11.483,11.493,9402235,0
2017-06-05,11.415,11.541,11.415,11.503,7690453,0
2017-06-06,11.483,11.579,11.473,11.541,10056188,0
2017-06-07,11.493,11.609,11.367,11.377,11911513,0
2017-06-08,11.339,11.411,11.281,11.291,13911046,0
2017-06-09,11.329,11.435,11.301,11.397,8073416,0
2017-06-12,11.464,11.503,11.339,11.397,7043675,0
2017-06-13,11.425,11.435,11.367,11.397,6168954,0
2017-06-14,11.397,11.397,11.156,11.156,10236074,0
2017-06-15,11.098,11.18,10.963,10.992,11442825,0
2017-06-16,11.021,11.185,10.992,11.146,9073897,0
2017-06-19,11.175,11.233,11.011,11.06,5616458,0
2017-06-20,10.963,10.963,10.636,10.752,22201251,0
2017-06-21,10.752,10.829,10.646,10.646,19712600,0
2017-06-22,10.684,10.819,10.665,10.781,10271960,0
2017-06-23,10.809,11.05,10.795,11.041,11394465,0
2017-06-26,11.069,11.252,11.041,11.252,23362575,0
2017-06-27,11.243,11.31,11.146,11.156,13280263,0
2017-06-28,11.156,11.397,11.156,11.329,11030388,0
2017-06-29,11.377,11.483,11.349,11.367,14988801,0
2017-06-30,11.455,11.521,11.407,11.512,23313275,0
2017-07-03,11.521,11.632,11.503,11.599,10475581,0
2017-07-05,11.599,11.599,11.455,11.455,29992686,0
2017-07-06,11.531,11.609,11.425,11.464,23639171,0
2017-07-07,11.425,11.508,11.339,11.483,15732429,0
2017-07-10,11.483,11.503,11.387,11.425,10823457,0
2017-07-11,11.415,11.445,11.363,11.445,6467263,0
2017-07-12,11.483,11.531,11.45,11.503,8746951,0
2017-07-13,11.493,11.512,11.445,11.503,5399806,0
2017-07-14,11.512,11.617,11.493,11.599,7045469,0
2017-07-17,11.609,11.667,11.599,11.617,6112848,0
2017-07-18,11.647,11.667,11.579,11.627,7688044,0
2017-07-19,11.627,11.675,11.599,11.647,5921220,0
2017-07-20,11.657,11.657,11.503,11.503,10769571,0
2017-07-21,11.503,11.561,11.455,11.455,8624932,0
2017-07-24,11.512,11.536,11.464,11.512,6831999,0
2017-07-25,11.551,11.599,11.531,11.541,8480301,0
2017-07-26,11.599,11.617,11.531,11.551,7122916,0
2017-07-27,11.561,11.589,11.5,11.521,7272993,0
2017-07-28,11.521,11.569,11.483,11.531,7330511,0
2017-07-31,11.531,11.565,11.483,11.551,7106325,0
2017-08-01,11.561,11.609,11.531,11.551,8910027,0
2017-08-02,11.561,11.589,11.526,11.579,5895632,0
2017-08-03,11.579,11.579,11.435,11.435,7737468,0
2017-08-04,11.473,11.483,11.367,11.377,8111645,0
2017-08-07,11.407,11.424,11.329,11.339,6772155,0
2017-08-08,11.146,11.252,10.935,10.963,18058181,0
2017-08-09,10.993,11.168,10.934,11.061,5879559,0
2017-08-10,11.081,11.15,10.914,10.934,6759234,0
2017-08-11,10.914,10.968,10.856,10.865,5944903,0
2017-08-14,10.924,11.012,10.856,10.865,9965337,0
2017-08-15,10.816,10.836,10.571,10.62,24051719,0
2017-08-16,10.699,10.708,10.493,10.552,10571897,0
2017-08-17,10.571,10.62,10.503,10.522,14106867,0
2017-08-18,10.512,10.542,10.415,10.493,12099509,0
2017-08-21,10.493,10.522,10.306,10.336,15203520,0
2017-08-22,10.355,10.522,10.355,10.493,13508279,0
2017-08-23,10.503,10.689,10.453,10.659,11276879,0
2017-08-24,10.669,10.738,10.62,10.659,12891035,0
2017-08-25,10.679,10.787,10.661,10.699,10174249,0
2017-08-28,10.708,10.762,10.62,10.65,8099806,0
2017-08-29,10.591,10.689,10.532,10.659,11662212,0
2017-08-30,10.591,10.757,10.571,10.738,7588547,0
2017-08-31,10.757,11.012,10.757,10.983,12439624,0
2017-09-01,10.983,11.057,10.934,11.032,10972580,0
2017-09-05,11.071,11.091,10.944,10.963,11558540,0
2017-09-06,10.973,11.032,10.944,11.003,9196803,0
2017-09-07,10.973,11.01,10.914,10.963,8319411,0
2017-09-08,10.963,10.983,10.865,10.895,9267208,0
2017-09-11,10.905,10.993,10.895,10.993,7727746,0
2017-09-12,10.963,11.012,10.944,10.993,8741127,0
2017-09-13,11.012,11.111,11.003,11.101,12029780,0
2017-09-14,11.111,11.187,11.071,11.14,9107067,0
2017-09-15,11.12,11.169,11.042,11.052,7686030,0
2017-09-18,11.042,11.101,11.042,11.091,4765971,0
2017-09-19,11.081,11.091,10.993,11.003,4361609,0
2017-09-20,11.012,11.071,10.954,10.983,6130260,0
2017-09-21,10.973,11.003,10.846,10.905,8986869,0
2017-09-22,10.865,10.934,10.836,10.895,5547647,0
2017-09-25,10.934,11.184,10.934,11.13,18994319,0
2017-09-26,11.14,11.189,11.012,11.12,5715155,0
2017-09-27,11.12,11.179,10.964,11.022,5815793,0
2017-09-28,11.052,11.071,10.924,10.983,6266702,0
2017-09-29,10.954,11.174,10.954,11.003,11777446,0
2017-10-02,10.954,11.071,10.934,11.071,5783080,0
2017-10-03,11.071,11.111,11.042,11.091,5634583,0
2017-10-04,11.101,11.13,11.032,11.111,6569673,0
2017-10-05,11.13,11.209,11.097,11.209,6052226,0
2017-10-06,11.14,11.199,11.061,11.179,6640155,0
2017-10-09,11.209,11.223,11.12,11.12,6170770,0
2017-10-10,11.179,11.218,11.101,11.13,5359491,0
2017-10-11,11.13,11.199,11.101,11.189,4412371,0
2017-10-12,11.14,11.155,11.061,11.081,5462907,0
2017-10-13,11.14,11.179,10.944,10.963,5893192,0
2017-10-16,10.993,11.022,10.865,10.895,6979792,0
2017-10-17,10.885,10.914,10.767,10.797,6311272,0
2017-10-18,10.836,10.846,10.581,10.63,11592913,0
2017-10-19,10.591,10.718,10.561,10.708,21340075,0
2017-10-20,10.708,10.718,10.581,10.591,13001211,0
2017-10-23,10.62,10.62,10.414,10.424,16598302,0
2017-10-24,10.463,10.493,10.306,10.375,16822507,0
2017-10-25,10.326,10.382,10.042,10.12,17870512,0
2017-10-26,10.12,10.336,10.032,10.287,23792439,0
2017-10-27,10.316,10.561,10.297,10.444,16497434,0
2017-10-30,10.493,10.659,10.479,10.532,14259575,0
2017-10-31,10.542,10.561,10.434,10.512,12650972,0
2017-11-01,10.552,10.718,10.529,10.689,14686829,0
2017-11-02,10.689,10.689,10.355,10.473,18300049,0
2017-11-03,10.473,10.625,10.434,10.561,12300141,0
2017-11-06,10.561,10.718,10.503,10.708,13436750,0
2017-11-07,10.75,10.826,10.728,10.787,17373622,0
2017-11-08,10.757,10.807,10.61,10.63,10747760,0
2017-11-09,10.63,10.72,10.58,10.63,11263195,0
2017-11-10,10.61,10.68,10.52,10.56,11240835,0
