Date,Open,High,Low,Close,Volume,OpenInt
2010-04-13,26.906,26.906,26.505,26.729,17599,0
2010-04-14,26.968,27.323,26.968,27.282,21185,0
2010-04-15,27.209,27.209,27.04,27.059,15381,0
2010-04-16,26.78,26.825,26.151,26.212,43222,0
2010-04-19,26.302,26.391,25.899,26.079,10218,0
2010-04-20,28.544,28.544,26.321,26.542,40809,0
2010-04-21,26.747,26.747,26.331,26.497,48831,0
2010-04-22,26.471,26.754,26.302,26.754,23910,0
2010-04-23,26.719,26.799,26.56,26.799,27832,0
2010-04-26,27.003,27.04,26.275,26.924,21961,0
2010-04-27,26.737,26.737,26.22,26.22,28000,0
2010-04-28,26.657,26.657,26.088,26.256,15186,0
2010-04-29,26.169,26.647,26.169,26.647,27999,0
2010-04-30,26.852,26.862,26.48,26.48,12982,0
2010-05-03,26.373,26.603,26.356,26.551,12221,0
2010-05-04,26.373,26.373,25.366,25.527,14372,0
2010-05-05,25.204,25.42,24.921,25.187,34077,0
2010-05-06,24.958,25.056,13.351,23.737,46400,0
2010-05-07,24.486,24.486,23.631,23.916,12554,0
2010-05-10,26.603,26.603,25.33,25.849,41293,0
2010-05-11,25.313,25.633,25.313,25.42,3461,0
2010-05-12,25.233,25.705,24.227,25.686,31515,0
2010-05-13,25.767,25.955,25.464,25.464,46273,0
2010-05-14,25.065,25.223,24.921,24.984,4254,0
2010-05-17,24.975,24.975,24.272,24.644,20064,0
2010-05-18,25.003,25.021,24.245,24.245,7507,0
2010-05-19,23.864,23.996,23.444,23.765,7605,0
2010-05-20,23.214,23.214,22.649,22.927,12755,0
2010-05-21,22.803,23.347,22.386,23.098,11354,0
2010-05-24,23.703,23.703,23.347,23.427,4795,0
2010-05-25,22.386,22.962,22.252,22.962,11481,0
2010-05-26,23.32,23.365,23.008,23.008,4903,0
2010-05-27,23.916,24.272,23.711,24.253,13872,0
2010-05-28,24.318,24.318,23.987,24.299,6019,0
2010-06-01,23.864,24.129,23.747,23.765,4668,0
2010-06-02,23.933,24.351,23.933,24.351,13031,0
2010-06-03,24.521,24.521,23.933,23.933,17961,0
2010-06-04,23.783,23.818,23.728,23.747,1078,0
2010-06-07,23.864,23.864,23.408,23.408,5453,0
2010-06-08,23.417,23.507,23.4,23.507,935,0
2010-06-09,23.765,24.006,23.507,23.507,15748,0
2010-06-10,23.996,24.138,23.961,24.129,4044,0
2010-06-11,24.253,24.369,24.253,24.351,837,0
2010-06-14,24.654,24.699,24.584,24.681,1578,0
2010-06-15,24.851,25.447,24.798,25.151,15951,0
2010-06-16,24.895,25.447,24.895,25.118,15394,0
2010-06-17,25.598,25.598,24.825,25.285,3790,0
2010-06-18,25.392,25.392,25.233,25.294,3121,0
2010-06-21,25.992,26.123,25.841,25.867,2225,0
2010-06-22,25.867,25.867,25.357,25.357,1833,0
2010-06-23,25.204,25.527,25.204,25.527,2327,0
2010-06-24,25.624,25.624,24.949,25.083,2845,0
2010-06-25,24.833,25.251,24.833,25.038,13771,0
2010-06-28,24.993,25.242,24.94,24.94,870,0
2010-06-29,24.469,24.469,23.979,24.033,3835,0
2010-06-30,24.161,24.27,24.078,24.078,1626,0
2010-07-01,24.033,24.033,23.48,24.033,4360,0
2010-07-02,23.827,24.023,23.827,24.023,2760,0
2010-07-06,24.511,24.511,24.076,24.076,1046,0
2010-07-07,24.423,24.423,24.395,24.423,619,0
2010-07-08,24.62,24.644,24.423,24.644,2141,0
2010-07-09,24.654,25.118,24.654,25.083,1590,0
2010-07-12,24.877,25.021,24.753,25.021,11697,0
2010-07-13,25.204,25.204,24.958,25.102,5174,0
2010-07-14,24.984,25.102,24.984,25.102,749,0
2010-07-15,25.003,25.003,24.672,24.725,20155,0
2010-07-16,24.538,24.689,24.015,24.068,11677,0
2010-07-19,24.148,24.263,24.129,24.263,900,0
2010-07-20,24.494,24.707,24.45,24.707,2105,0
2010-07-21,24.833,24.958,24.672,24.78,5182,0
2010-07-22,25.179,25.447,25.179,25.42,4412,0
2010-07-23,25.616,25.723,25.464,25.723,5616,0
2010-07-26,25.573,25.937,25.573,25.899,33005,0
2010-07-27,25.899,25.937,25.867,25.875,804,0
2010-07-28,25.767,25.831,25.545,25.661,8203,0
2010-07-29,25.652,25.795,25.652,25.795,1147,0
2010-07-30,25.909,25.983,25.624,25.918,10376,0
2010-08-02,26.461,26.674,26.461,26.674,5170,0
2010-08-03,26.497,26.505,26.275,26.408,13862,0
2010-08-04,26.542,26.692,26.212,26.568,113260,0
2010-08-05,26.594,26.594,26.142,26.302,40253,0
2010-08-06,26.184,26.302,25.992,26.256,23405,0
2010-08-09,26.585,26.585,26.347,26.427,37922,0
2010-08-10,26.079,26.212,25.757,26.088,22320,0
2010-08-11,25.652,25.652,25.233,25.268,16455,0
2010-08-12,25.429,25.429,25.075,25.313,70310,0
2010-08-13,25.357,25.501,25.357,25.501,3957,0
2010-08-16,25.482,25.608,25.437,25.598,18183,0
2010-08-17,25.955,25.992,25.795,25.813,40881,0
2010-08-18,25.937,26.017,25.813,26.001,19906,0
2010-08-19,26.202,26.202,25.68,25.795,14368,0
2010-08-20,26.088,26.088,25.624,25.795,8422,0
2010-08-23,25.705,25.713,25.383,25.464,10234,0
2010-08-24,24.931,25.204,24.806,25.03,11552,0
2010-08-25,24.806,24.843,24.663,24.78,24787,0
2010-08-26,24.984,25.214,24.771,24.861,45293,0
2010-08-27,25.126,25.294,25.083,25.294,12274,0
2010-08-30,25.251,25.285,24.975,24.984,2923,0
2010-08-31,24.958,25.204,24.931,25.092,10245,0
2010-09-01,25.545,25.973,25.537,25.964,15663,0
2010-09-02,25.992,25.992,25.785,25.955,22173,0
2010-09-03,26.356,26.356,26.042,26.132,29684,0
2010-09-07,26.238,26.238,25.983,26.052,8556,0
2010-09-08,26.212,26.293,26.151,26.177,38940,0
2010-09-09,26.452,26.48,26.256,26.471,13912,0
2010-09-10,26.532,26.532,26.356,26.471,17986,0
2010-09-13,27.05,27.153,27.012,27.127,34048,0
2010-09-14,27.059,27.219,26.844,27.103,8475,0
2010-09-15,27.127,27.127,27.05,27.127,26190,0
2010-09-16,26.747,27.111,26.747,26.968,21255,0
2010-09-17,27.379,27.379,27.031,27.209,15346,0
2010-09-20,27.228,27.424,27.228,27.387,22434,0
2010-09-21,27.54,27.548,27.264,27.405,41384,0
2010-09-22,27.645,27.839,27.531,27.823,47885,0
2010-09-23,27.484,27.76,27.459,27.548,19081,0
2010-09-24,27.815,27.848,27.503,27.742,24572,0
2010-09-27,27.912,27.912,27.707,27.831,21810,0
2010-09-28,27.77,27.885,27.484,27.885,17152,0
2010-09-29,28.083,28.101,27.912,28.028,13410,0
2010-09-30,28.206,29.629,27.912,28.133,34622,0
2010-10-01,28.376,28.606,28.151,28.597,93400,0
2010-10-04,28.83,28.847,28.402,28.562,4214245,0
2010-10-05,28.793,29.052,28.776,29.016,171292,0
2010-10-06,29.14,29.176,28.926,28.999,43438,0
2010-10-07,29.149,29.149,28.622,28.767,51392,0
2010-10-08,28.943,29.096,28.776,29.079,30087,0
2010-10-11,29.578,29.578,29.016,29.105,33395,0
2010-10-12,29.14,29.14,28.901,29.042,46174,0
2010-10-13,29.335,29.807,29.335,29.683,75595,0
2010-10-14,29.941,29.941,29.434,29.637,59056,0
2010-10-15,29.987,29.987,29.434,29.614,72081,0
2010-10-18,29.461,29.461,29.301,29.434,174727,0
2010-10-19,29.193,29.193,28.492,28.579,67671,0
2010-10-20,29.025,29.202,28.91,28.943,38633,0
2010-10-21,29.265,29.292,28.821,29.061,39663,0
2010-10-22,29.273,29.273,28.882,28.936,32809,0
2010-10-25,29.238,29.479,29.238,29.379,50245,0
2010-10-26,29.292,29.407,29.176,29.388,60305,0
2010-10-27,29.079,29.079,28.588,28.839,29823,0
2010-10-28,29.122,29.122,28.882,29.007,116850,0
2010-10-29,29.007,29.007,28.788,28.98,20526,0
2010-11-01,29.479,29.495,29.265,29.283,94161,0
2010-11-02,29.504,29.701,29.273,29.683,94479,0
2010-11-03,29.889,29.906,29.522,29.906,34319,0
2010-11-04,30.37,30.574,30.298,30.565,53248,0
2010-11-05,30.672,30.672,30.439,30.539,46723,0
2010-11-08,30.598,30.598,30.308,30.411,45060,0
2010-11-09,30.531,30.531,29.879,29.879,48934,0
2010-11-10,30.154,30.298,29.87,30.298,32141,0
2010-11-11,29.978,30.128,29.863,30.128,62486,0
2010-11-12,29.637,29.637,29.105,29.193,41157,0
2010-11-15,29.122,29.47,29.079,29.283,21644,0
2010-11-16,28.882,28.882,28.223,28.25,30156,0
2010-11-17,28.429,28.527,28.392,28.474,31960,0
2010-11-18,28.936,29.283,28.936,29.211,63106,0
2010-11-19,29.114,29.13,28.802,29.105,31992,0
2010-11-22,29.14,29.14,28.694,29.033,48652,0
2010-11-23,28.332,28.332,28.001,28.109,67907,0
2010-11-24,28.376,28.784,28.376,28.776,19789,0
2010-11-26,28.305,28.305,27.894,28.028,18582,0
2010-11-29,27.894,28.179,27.885,28.179,7178,0
2010-11-30,28.133,28.233,27.894,28.056,17765,0
2010-12-01,28.694,28.874,28.588,28.874,17587,0
2010-12-02,28.926,29.184,28.926,29.157,141518,0
2010-12-03,28.99,29.184,28.936,29.184,43638,0
2010-12-06,29.061,29.061,28.936,29.052,20726,0
2010-12-07,29.426,29.461,29.007,29.007,64381,0
2010-12-08,28.943,28.943,28.483,28.722,71415,0
2010-12-09,28.757,28.757,28.332,28.36,26421,0
2010-12-10,28.384,28.641,28.322,28.622,65659,0
2010-12-13,28.51,28.901,28.51,28.802,34275,0
2010-12-14,28.892,28.962,28.731,28.856,22476,0
2010-12-15,28.392,28.562,28.233,28.233,29184,0
2010-12-16,28.36,28.36,28.215,28.36,8996,0
2010-12-17,28.269,28.384,28.223,28.376,18432,0
2010-12-20,28.332,28.332,28.16,28.241,24621,0
2010-12-21,28.597,28.694,28.544,28.632,75424,0
2010-12-22,28.722,28.722,28.483,28.704,26246,0
2010-12-23,28.856,28.856,28.376,28.544,24069,0
2010-12-27,28.392,28.483,28.17,28.42,25249,0
2010-12-28,28.305,28.402,28.269,28.402,13233,0
2010-12-29,28.517,28.835,28.517,28.78,59829,0
2010-12-30,28.951,29.161,28.951,29.143,34139,0
2010-12-31,29.16,29.289,29.106,29.243,40802,0
2011-01-03,29.807,29.807,29.479,29.62,103878,0
2011-01-04,29.798,29.798,29.388,29.701,105333,0
2011-01-05,29.656,29.737,29.578,29.665,53890,0
2011-01-06,29.763,29.763,29.257,29.417,61537,0
2011-01-07,29.369,29.369,28.936,29.211,36106,0
2011-01-10,28.704,28.882,28.641,28.847,22840,0
2011-01-11,28.943,29.157,28.943,29.157,23584,0
2011-01-12,29.434,29.773,29.434,29.747,20844,0
2011-01-13,29.514,29.588,29.265,29.398,45828,0
2011-01-14,29.247,29.398,29.247,29.361,26001,0
2011-01-18,29.061,29.379,29.007,29.361,33175,0
2011-01-19,29.14,29.327,29.13,29.22,26107,0
2011-01-20,28.866,29.007,28.641,28.926,15281,0
2011-01-21,28.919,28.971,28.562,28.685,44037,0
2011-01-24,28.802,28.901,28.658,28.812,28223,0
2011-01-25,28.936,28.936,28.501,28.658,42274,0
2011-01-26,28.866,29.042,28.866,29.007,25013,0
2011-01-27,28.776,28.892,28.704,28.731,22195,0
2011-01-28,28.474,28.606,27.733,27.949,43148,0
2011-01-31,27.998,28.208,27.815,28.181,19171,0
2011-02-01,28.126,28.562,28.047,28.562,61927,0
2011-02-02,28.518,28.518,28.188,28.223,32135,0
2011-02-03,28.16,28.402,28.092,28.341,35966,0
2011-02-04,28.322,28.322,27.903,28.133,29727,0
2011-02-07,27.931,28.25,27.931,28.037,47826,0
2011-02-08,27.958,28.037,27.857,27.949,125326,0
2011-02-09,27.848,27.848,27.191,27.228,268208,0
2011-02-10,26.772,27.191,26.4,27.181,315158,0
2011-02-11,27.136,27.567,26.968,27.531,45357,0
2011-02-14,27.688,27.912,27.688,27.823,47699,0
2011-02-15,27.742,27.875,27.698,27.752,28591,0
2011-02-16,27.857,28.064,27.839,28.037,35220,0
2011-02-18,28.179,28.42,28.16,28.215,41742,0
2011-02-22,27.594,27.742,27.273,27.289,61684,0
2011-02-23,27.163,27.586,26.889,27.153,98537,0
2011-02-24,26.879,27.059,26.789,27.003,90732,0
2011-02-25,27.246,27.442,27.119,27.387,81208,0
2011-02-28,27.407,27.591,27.305,27.444,139238,0
2011-03-01,27.77,27.77,27.352,27.387,28368,0
2011-03-02,27.586,27.715,27.352,27.688,19835,0
2011-03-03,28.241,28.392,27.983,28.392,23905,0
2011-03-04,28.527,28.527,28.269,28.368,21376,0
2011-03-07,28.341,28.341,27.894,28.118,77208,0
2011-03-08,28.188,28.562,28.188,28.411,69609,0
2011-03-09,28.322,28.552,28.313,28.447,70029,0
2011-03-10,28.313,28.313,27.779,27.788,33475,0
2011-03-11,27.54,27.921,27.54,27.875,20264,0
2011-03-14,28.101,28.206,27.885,28.118,42983,0
2011-03-15,27.379,27.823,27.237,27.688,65944,0
2011-03-16,27.68,27.975,27.127,27.209,53986,0
2011-03-17,27.535,27.582,27.323,27.444,21659,0
2011-03-18,27.611,27.76,27.576,27.576,20509,0
2011-03-21,28.01,28.133,27.903,28.028,11543,0
2011-03-22,28.083,28.179,28.019,28.118,13807,0
2011-03-23,28.083,28.42,28.083,28.305,32010,0
2011-03-24,28.51,28.722,28.474,28.632,31110,0
2011-03-25,28.632,28.882,28.632,28.749,4823,0
2011-03-28,28.83,28.892,28.713,28.739,26606,0
2011-03-29,28.919,29.149,28.749,29.13,17732,0
2011-03-30,29.369,29.701,29.369,29.588,21181,0
2011-03-31,29.829,29.938,29.71,29.875,13142,0
2011-04-01,30.05,30.449,30.05,30.396,23829,0
2011-04-04,30.531,30.698,30.352,30.457,72315,0
2011-04-05,30.495,30.608,30.467,30.476,9981,0
2011-04-06,30.706,30.796,30.449,30.457,11647,0
2011-04-07,30.617,30.733,30.495,30.583,8614,0
2011-04-08,30.815,30.815,30.539,30.608,11194,0
2011-04-11,30.513,30.741,30.235,30.251,64554,0
2011-04-12,29.916,30.034,29.747,29.798,16932,0
2011-04-13,30.387,30.574,30.101,30.27,21051,0
2011-04-14,30.315,30.485,30.101,30.476,21521,0
2011-04-15,30.27,30.548,30.27,30.485,7015,0
2011-04-18,30.21,30.21,29.629,29.969,24196,0
2011-04-19,30.308,30.421,30.21,30.325,18474,0
2011-04-20,31.027,31.15,30.946,31.009,19480,0
2011-04-21,31.348,31.42,31.196,31.357,30449,0
2011-04-25,31.668,31.668,31.215,31.313,10834,0
2011-04-26,31.33,31.41,31.177,31.322,44888,0
2011-04-27,31.366,31.366,30.786,31.177,25617,0
2011-04-28,30.946,30.964,30.75,30.869,9308,0
2011-04-29,30.981,31.111,30.872,31.056,9624,0
2011-05-02,31.072,31.215,30.973,31.027,25349,0
2011-05-03,30.548,30.548,29.996,30.077,14843,0
2011-05-04,29.863,29.906,29.461,29.55,14255,0
2011-05-05,29.184,29.452,29.079,29.211,22477,0
2011-05-06,29.701,29.951,29.596,29.596,6554,0
2011-05-09,29.683,29.683,29.514,29.675,18836,0
2011-05-10,29.596,29.87,29.596,29.87,15003,0
2011-05-11,29.729,29.807,29.257,29.426,32113,0
2011-05-12,29.016,29.379,29.016,29.327,13255,0
2011-05-13,28.962,29.343,28.677,28.856,24278,0
2011-05-16,28.597,28.962,28.597,28.622,14356,0
2011-05-17,28.492,28.722,28.368,28.722,21735,0
2011-05-18,28.926,29.14,28.083,29.105,59061,0
2011-05-19,28.999,29.007,28.812,28.874,16059,0
2011-05-20,28.892,29.007,28.731,28.776,16131,0
2011-05-23,27.983,28.118,27.857,28.074,66308,0
2011-05-24,28.269,28.411,28.197,28.26,13634,0
2011-05-25,28.16,28.241,28.126,28.241,2365,0
2011-05-26,28.368,28.622,28.368,28.571,7254,0
2011-05-27,28.798,28.943,28.798,28.835,62471,0
2011-05-31,29.308,29.316,29.071,29.316,4733662,0
2011-06-01,29.202,29.343,28.757,28.776,135623,0
2011-06-02,28.892,29.105,28.784,29.007,131507,0
2011-06-03,28.51,28.962,28.51,28.749,27899,0
2011-06-06,28.606,28.731,28.36,28.36,44681,0
2011-06-07,28.687,28.78,28.633,28.642,17766,0
2011-06-08,28.453,28.462,28.233,28.252,25496,0
2011-06-09,28.372,28.462,28.108,28.372,40038,0
2011-06-10,28.053,28.072,27.687,27.697,51860,0
2011-06-13,27.805,27.949,27.68,27.688,12570,0
2011-06-14,28.133,28.345,28.133,28.308,10408,0
2011-06-15,27.98,27.98,27.535,27.635,35160,0
2011-06-16,27.389,27.526,27.149,27.305,10505,0
2011-06-17,27.398,27.407,27.197,27.217,24477,0
2011-06-20,27.107,27.178,26.916,27.115,16444,0
2011-06-21,27.563,27.715,27.343,27.643,11222,0
2011-06-22,27.77,27.77,27.526,27.526,86305,0
2011-06-23,27.333,27.462,27.197,27.453,3215,0
2011-06-24,27.816,27.816,27.608,27.697,5062,0
2011-06-27,27.988,30.462,27.841,28.225,220772,0
2011-06-28,28.271,28.552,28.225,28.543,11165,0
2011-06-29,28.389,28.817,28.389,28.733,8876,0
2011-06-30,28.941,29.032,28.923,28.996,6591,0
2011-07-01,29.216,29.582,29.098,29.553,29941,0
2011-07-05,29.435,29.689,29.435,29.624,17253,0
2011-07-06,29.516,29.516,29.235,29.426,29393,0
2011-07-07,29.726,29.908,29.689,29.807,5038,0
2011-07-08,29.342,29.443,29.253,29.443,4439,0
2011-07-11,29.017,29.017,28.597,28.633,5808,0
2011-07-12,28.462,28.49,28.216,28.281,24168,0
2011-07-13,28.444,28.951,28.444,28.707,5009,0
2011-07-14,28.871,28.99,28.552,28.642,25755,0
2011-07-15,28.679,28.78,28.588,28.633,3671,0
2011-07-18,28.444,28.444,28.091,28.298,5219,0
2011-07-19,28.597,28.707,28.535,28.707,13051,0
2011-07-20,28.707,28.881,28.623,28.817,26848,0
2011-07-21,28.697,29.017,28.697,28.998,15896,0
2011-07-22,29.08,29.179,28.99,29.089,8477,0
2011-07-25,28.871,29.106,28.871,29.025,9019,0
2011-07-26,28.951,29.133,28.926,29.025,10673,0
2011-07-27,28.725,28.725,28.326,28.364,13068,0
2011-07-28,28.407,28.651,28.389,28.389,9797,0
2011-07-29,28.016,28.462,28.007,28.298,56970,0
2011-08-01,28.633,28.633,28.188,28.326,8122,0
2011-08-02,28.007,28.007,27.498,27.498,19080,0
2011-08-03,27.169,27.197,26.651,27.169,35833,0
2011-08-04,26.29,26.497,25.469,25.469,93053,0
2011-08-05,25.971,25.971,24.669,25.342,96282,0
2011-08-08,24.161,24.424,23.061,23.378,82788,0
2011-08-09,23.853,24.187,23.151,24.178,23985,0
2011-08-10,23.651,23.97,23.235,23.398,20657,0
2011-08-11,23.697,24.897,23.697,24.723,15299,0
2011-08-12,24.333,24.532,24.27,24.395,13564,0
2011-08-15,24.87,25.043,24.77,25.017,31884,0
2011-08-16,24.77,24.961,24.696,24.878,7163,0
2011-08-17,25.043,25.187,24.752,25.025,82091,0
2011-08-18,24.044,24.044,23.462,23.552,9502,0
2011-08-19,22.777,23.371,22.777,22.905,10318,0
2011-08-22,23.043,23.043,22.658,22.658,51494,0
2011-08-23,23.097,23.668,23.097,23.641,9947,0
2011-08-24,23.433,23.598,23.235,23.543,26863,0
2011-08-25,23.405,23.462,22.968,23.141,11867,0
2011-08-26,22.786,23.47,22.786,23.378,18845,0
2011-08-29,23.879,24.369,23.879,24.369,15870,0
2011-08-30,24.369,24.826,24.369,24.752,57161,0
2011-08-31,25.032,25.149,24.911,25.014,21909,0
2011-09-01,25.406,25.416,25.043,25.089,15588,0
2011-09-02,24.483,24.611,24.252,24.252,18434,0
2011-09-06,23.216,23.796,23.216,23.78,48390,0
2011-09-07,24.289,24.616,24.289,24.559,9947,0
2011-09-08,24.451,24.451,24.133,24.25,175520,0
2011-09-09,23.641,23.687,23.187,23.225,3767,0
2011-09-12,22.741,23.097,22.515,23.097,37080,0
2011-09-13,23.07,23.123,22.796,23.052,27839,0
2011-09-14,22.786,23.187,22.506,23.052,87569,0
2011-09-15,23.361,23.424,23.106,23.424,239619,0
2011-09-16,23.598,23.598,23.462,23.552,25937,0
2011-09-19,22.786,22.786,22.506,22.75,4956,0
2011-09-20,22.805,23.033,22.658,22.713,8012,0
2011-09-21,22.543,22.58,21.96,21.96,29091,0
2011-09-22,20.606,20.843,20.015,20.358,41710,0
2011-09-23,20.202,20.55,20.192,20.477,125869,0
2011-09-26,20.116,20.46,19.86,20.46,19537,0
2011-09-27,21.115,21.679,21.115,21.278,14792,0
2011-09-28,21.141,21.24,20.598,20.598,19028,0
2011-09-29,21.223,21.223,20.686,20.833,11440,0
2011-09-30,20.471,20.564,19.952,20.015,16021,0
2011-10-03,19.732,19.971,19.386,19.386,15332,0
2011-10-04,18.858,19.487,18.702,19.487,98092,0
2011-10-05,19.414,19.649,19.386,19.623,5488,0
2011-10-06,20.005,20.579,19.915,20.569,14691,0
2011-10-07,20.923,21.025,20.494,20.65,8617,0
2011-10-10,21.05,21.606,21.05,21.497,11572,0
2011-10-11,21.468,21.824,21.413,21.732,8783,0
2011-10-12,22.08,22.741,22.08,22.534,11769,0
2011-10-13,22.379,22.379,22.116,22.332,14328,0
2011-10-14,22.587,22.713,22.552,22.596,12667,0
2011-10-17,22.552,22.552,22.214,22.243,9501,0
2011-10-18,21.96,22.605,21.96,22.487,4314,0
2011-10-19,22.332,22.58,22.252,22.252,7484,0
2011-10-20,21.76,21.76,21.395,21.64,4700,0
2011-10-21,22.149,22.286,22.098,22.286,10061,0
2011-10-24,22.886,23.225,22.534,23.225,24823,0
2011-10-25,22.87,23.079,22.732,22.732,8346,0
2011-10-26,23.115,23.278,22.786,23.278,21095,0
2011-10-27,24.317,24.943,24.25,24.687,11614,0
2011-10-28,24.788,24.87,24.752,24.779,3560,0
2011-10-31,24.107,24.262,23.769,23.769,9781,0
2011-11-01,23.141,23.306,23.015,23.206,8886,0
2011-11-02,23.598,23.951,23.57,23.789,7830,0
2011-11-03,23.598,23.961,23.589,23.961,13201,0
2011-11-04,23.666,23.951,23.623,23.933,11165,0
2011-11-07,23.915,23.997,23.761,23.915,6458,0
2011-11-08,24.016,24.395,23.834,24.395,10247,0
2011-11-09,23.633,23.751,22.87,22.941,22707,0
2011-11-10,22.987,23.187,22.732,22.86,7335,0
2011-11-11,23.268,23.47,23.235,23.47,3796,0
2011-11-14,23.16,23.197,22.996,23.141,9518,0
2011-11-15,23.024,23.141,23.024,23.024,439,0
2011-11-16,22.677,22.832,22.407,22.487,14619,0
2011-11-17,22.442,22.615,21.878,21.979,34003,0
2011-11-18,21.969,21.996,21.942,21.942,4758,0
2011-11-21,21.361,21.361,20.932,21.24,25517,0
2011-11-22,21.24,21.413,20.969,21.141,23088,0
2011-11-23,20.615,20.615,20.376,20.395,7713,0
2011-11-25,20.304,20.659,20.304,20.367,6705,0
2011-11-28,21.404,21.404,21.231,21.342,11669,0
2011-11-29,21.478,21.497,21.278,21.352,4544,0
2011-11-30,22.203,22.431,22.164,22.339,25790,0
2011-12-01,22.694,22.842,22.552,22.631,39047,0
2011-12-02,22.86,22.86,22.596,22.668,5681,0
2011-12-05,23.005,23.052,22.741,22.923,6604,0
2011-12-06,22.631,22.861,22.571,22.751,16113,0
2011-12-07,22.505,22.76,22.431,22.76,6955,0
2011-12-08,22.23,22.267,21.836,21.836,8544,0
2011-12-09,21.946,22.44,21.946,22.267,90723,0
2011-12-12,21.543,21.65,21.304,21.385,12058,0
2011-12-13,21.578,21.578,21.115,21.115,9829,0
2011-12-14,21.106,21.106,20.714,20.742,15714,0
2011-12-15,21.006,21.123,20.787,20.833,10230,0
2011-12-16,20.967,21.085,20.765,20.775,16055,0
2011-12-19,20.615,20.669,20.148,20.192,20233,0
2011-12-20,20.541,20.951,20.486,20.852,19967,0
2011-12-21,20.848,20.892,20.654,20.857,37487,0
2011-12-22,20.976,21.223,20.976,21.15,48860,0
2011-12-23,21.23,21.278,21.177,21.23,4988,0
2011-12-27,21.114,21.15,20.939,20.967,76164,0
2011-12-28,20.61,20.729,20.497,20.535,59542,0
2011-12-29,20.628,20.757,20.628,20.709,19340,0
2011-12-30,20.664,20.92,20.664,20.765,42301,0
2012-01-03,21.58,21.772,21.362,21.607,27622,0
2012-01-04,21.535,21.598,21.405,21.545,6633,0
2012-01-05,21.223,21.489,21.187,21.479,7077,0
2012-01-06,21.206,21.249,21.197,21.197,1843,0
2012-01-09,21.423,21.479,21.313,21.479,2993,0
2012-01-10,22.085,22.193,22.047,22.112,15135,0
2012-01-11,22.057,22.267,21.991,22.221,7291,0
2012-01-12,22.431,22.449,22.267,22.396,15204,0
2012-01-13,22.23,22.423,22.203,22.311,25267,0
2012-01-17,22.907,23.073,22.861,22.861,5052,0
2012-01-18,23.245,23.41,23.135,23.401,23851,0
2012-01-19,23.475,23.833,23.475,23.787,42272,0
2012-01-20,23.887,23.97,23.722,23.97,9800,0
2012-01-23,23.941,24.226,23.941,24.162,20904,0
2012-01-24,24.007,24.208,23.869,24.134,14791,0
2012-01-25,24.017,24.371,23.988,24.371,4987,0
2012-01-26,24.593,24.701,24.328,24.345,23182,0
2012-01-27,24.49,24.665,24.455,24.62,28139,0
2012-01-30,23.895,24.134,23.895,24.054,21125,0
2012-01-31,24.455,24.483,24.054,24.262,17848,0
2012-02-01,24.719,24.95,24.646,24.859,63680,0
2012-02-02,25.032,25.223,25.005,25.079,23108,0
2012-02-03,25.517,25.526,25.368,25.461,17878,0
2012-02-06,25.213,25.223,25.116,25.194,18485,0
2012-02-07,25.097,25.194,24.903,25.123,14360,0
2012-02-08,25.387,25.645,25.332,25.461,13308,0
2012-02-09,25.735,25.735,25.47,25.544,10956,0
2012-02-10,24.95,25.123,24.931,24.94,16771,0
2012-02-13,25.434,25.526,25.269,25.352,13981,0
2012-02-14,25.203,25.368,25.194,25.323,10967,0
2012-02-15,25.599,25.718,25.536,25.573,13220,0
2012-02-16,25.36,25.735,25.36,25.718,11380,0
2012-02-17,25.82,25.875,25.735,25.839,9112,0
2012-02-21,25.875,25.909,25.635,25.69,18009,0
2012-02-22,25.682,25.883,25.554,25.626,13954,0
2012-02-23,25.554,25.554,25.342,25.425,11976,0
2012-02-24,25.591,25.69,25.47,25.517,7698,0
2012-02-27,25.06,25.107,24.822,25.023,22901,0
2012-02-28,25.251,25.564,25.251,25.489,16098,0
2012-02-29,25.632,25.724,25.355,25.42,99127,0
2012-03-01,25.489,25.609,25.425,25.526,14011,0
2012-03-02,25.609,25.664,25.536,25.544,33593,0
2012-03-05,25.378,25.378,25.023,25.079,6544,0
2012-03-06,24.262,24.564,24.063,24.144,12330,0
2012-03-07,24.226,24.455,24.226,24.388,10023,0
2012-03-08,24.859,25.042,24.738,25.042,7206,0
2012-03-09,25.123,25.261,25.123,25.141,10395,0
2012-03-12,24.868,24.868,24.637,24.757,6554,0
2012-03-13,25.06,25.296,24.911,25.251,10056,0
2012-03-14,25.269,25.286,24.986,25.042,7031,0
2012-03-15,25.088,25.149,25.05,25.131,8007,0
2012-03-16,25.123,25.203,25.088,25.186,10235,0
2012-03-19,24.94,24.967,24.876,24.921,5160,0
2012-03-20,24.665,24.665,24.371,24.554,25225,0
2012-03-21,24.473,24.665,24.465,24.611,7011,0
2012-03-22,24.252,24.252,24.045,24.088,16122,0
2012-03-23,24.054,24.272,23.997,24.262,33201,0
2012-03-26,24.199,24.435,24.199,24.371,8387,0
2012-03-27,24.528,24.536,24.388,24.408,12930,0
2012-03-28,24.226,24.252,23.887,24.017,10277,0
2012-03-29,23.74,23.813,23.605,23.813,13879,0
2012-03-30,24.063,24.117,23.979,24.063,12554,0
2012-04-02,24.234,24.445,24.189,24.362,9448,0
2012-04-03,24.564,24.701,24.319,24.353,10300,0
2012-04-04,24.035,24.079,23.895,23.951,11575,0
2012-04-05,24.097,24.281,23.914,23.933,201266,0
2012-04-09,23.576,23.596,23.375,23.513,52372,0
2012-04-10,23.558,23.567,22.97,23.109,163168,0
2012-04-11,23.475,23.475,23.191,23.21,11972,0
2012-04-12,23.438,23.878,23.438,23.842,16254,0
2012-04-13,23.666,23.74,23.623,23.631,3900,0
2012-04-16,23.623,23.623,23.429,23.438,5049,0
2012-04-17,23.586,23.833,23.54,23.75,5595,0
2012-04-18,23.567,23.639,23.484,23.54,4197,0
2012-04-19,23.586,23.685,23.348,23.466,15853,0
2012-04-20,23.657,23.675,23.558,23.576,2592,0
2012-04-23,22.879,23.055,22.853,23.055,3962,0
2012-04-24,22.915,23.091,22.915,23.046,18118,0
2012-04-25,23.164,23.22,23.118,23.145,6731,0
2012-04-26,23.055,23.282,23.046,23.22,10651,0
2012-04-27,23.263,23.291,23.181,23.254,20794,0
2012-04-30,23.254,23.254,23.1,23.164,10836,0
2012-05-01,23.273,23.521,23.273,23.366,4496,0
2012-05-02,23.164,23.273,23.145,23.273,2421,0
2012-05-03,22.98,23.126,22.934,22.97,3782,0
2012-05-04,22.824,22.824,22.505,22.551,15456,0
2012-05-07,22.25,22.486,22.25,22.44,24691,0
2012-05-08,22.203,22.203,21.919,22.146,2922,0
2012-05-09,21.617,21.863,21.535,21.763,32286,0
2012-05-10,21.974,22.02,21.8,21.8,7273,0
2012-05-11,21.413,21.772,21.413,21.527,5202,0
2012-05-14,21.104,21.14,21.014,21.022,4349,0
2012-05-15,21.031,21.122,20.831,20.831,4035,0
2012-05-16,20.709,20.719,20.369,20.436,6258,0
2012-05-17,20.242,20.324,20.07,20.07,37110,0
2012-05-18,20.185,20.194,19.878,19.878,10613,0
2012-05-21,19.988,20.324,19.988,20.324,10072,0
2012-05-22,20.271,20.315,19.915,19.979,17718,0
2012-05-23,19.84,19.84,19.585,19.776,13745,0
2012-05-24,20.042,20.042,19.683,19.795,6108,0
2012-05-25,19.869,19.961,19.823,19.869,7713,0
2012-05-29,20.48,20.535,20.332,20.427,5500,0
2012-05-30,20.133,20.133,20.015,20.05,5745,0
2012-05-31,19.84,20.117,19.84,20.06,9658,0
2012-06-01,19.558,19.683,19.558,19.585,7859,0
2012-06-04,19.466,19.484,19.363,19.41,8546,0
2012-06-05,19.401,19.623,19.401,19.596,2578,0
2012-06-06,19.92,20.24,19.92,20.231,8094,0
2012-06-07,20.584,20.851,20.36,20.369,21001,0
2012-06-08,20.211,20.305,20.131,20.231,4172,0
2012-06-11,20.48,20.48,20.005,20.005,8941,0
2012-06-12,20.252,20.445,20.213,20.445,8990,0
2012-06-13,20.351,20.61,20.351,20.427,3995,0
2012-06-14,20.351,20.454,20.261,20.436,6701,0
2012-06-15,20.526,20.646,20.526,20.621,4485,0
2012-06-18,20.61,20.672,20.564,20.645,2933,0
2012-06-19,20.883,21.085,20.883,21.031,8198,0
2012-06-20,20.967,20.967,20.811,20.811,5687,0
2012-06-21,20.886,20.886,20.24,20.24,35238,0
2012-06-22,20.175,20.221,20.076,20.221,13081,0
2012-06-25,19.686,19.771,19.606,19.762,2455,0
2012-06-26,19.771,20.001,19.771,20.001,12031,0
2012-06-27,20.001,20.038,19.92,19.956,8457,0
2012-06-28,19.882,19.882,19.725,19.809,2721,0
2012-06-29,20.603,20.721,20.435,20.702,4259,0
2012-07-02,20.851,20.851,20.721,20.721,3750,0
2012-07-03,21.009,21.255,21.009,21.255,3103,0
2012-07-05,21.212,21.221,21.044,21.221,2314,0
2012-07-06,20.768,20.778,20.646,20.721,7957,0
2012-07-09,20.489,20.611,20.472,20.603,2516,0
2012-07-10,20.445,20.454,20.324,20.324,1503,0
2012-07-11,20.388,20.472,20.305,20.378,2385,0
2012-07-12,20.021,20.038,19.78,20.001,5733,0
2012-07-13,20.122,20.369,20.122,20.332,7971,0
2012-07-16,20.094,20.221,20.094,20.122,4659,0
2012-07-17,20.378,20.378,20.053,20.317,9448,0
2012-07-18,20.184,20.369,20.184,20.298,7765,0
2012-07-19,20.472,20.629,20.464,20.555,3184,0
2012-07-20,20.298,20.313,20.183,20.183,5553,0
2012-07-23,19.716,19.716,19.521,19.716,8250,0
2012-07-24,19.771,19.771,19.496,19.6,6475,0
2012-07-25,19.649,19.686,19.579,19.623,4308,0
2012-07-26,19.873,20.114,19.855,20.094,11892,0
2012-07-27,20.279,20.69,20.279,20.666,12383,0
2012-07-30,20.741,20.758,20.629,20.692,10145,0
2012-07-31,20.833,20.908,20.656,20.656,4089,0
2012-08-01,20.886,20.896,20.758,20.768,6370,0
2012-08-02,20.489,20.658,20.388,20.52,21532,0
2012-08-03,20.943,21.108,20.943,21.027,3118,0
2012-08-06,21.174,21.488,21.174,21.414,5952,0
2012-08-07,21.58,21.58,21.449,21.459,8179,0
2012-08-08,21.35,21.58,21.35,21.574,6913,0
2012-08-09,21.681,21.728,21.634,21.635,4704,0
2012-08-10,21.429,21.634,21.429,21.621,1969,0
2012-08-13,21.402,21.488,21.328,21.384,4620,0
2012-08-14,21.493,21.59,21.478,21.489,3926,0
2012-08-15,21.359,21.411,21.344,21.396,3943,0
2012-08-16,21.33,21.598,21.33,21.577,7496,0
2012-08-17,21.527,21.606,21.527,21.606,969,0
2012-08-20,21.34,21.643,21.33,21.635,15827,0
2012-08-21,21.681,21.681,21.432,21.459,15573,0
2012-08-22,21.393,21.517,21.301,21.449,71963,0
2012-08-23,21.334,21.334,21.221,21.236,5112,0
2012-08-24,21.255,21.255,21.102,21.129,5112,0
2012-08-27,21.019,21.118,20.926,21.019,6210,0
2012-08-28,20.981,20.981,20.852,20.933,7231,0
2012-08-29,20.786,20.786,20.629,20.702,6017,0
2012-08-30,20.454,20.564,20.344,20.507,7166,0
2012-08-31,20.445,20.575,20.417,20.553,2274,0
2012-09-04,20.464,20.464,20.26,20.443,4920,0
2012-09-05,20.166,20.305,20.158,20.221,13047,0
2012-09-06,20.479,20.786,20.454,20.747,22076,0
2012-09-07,21.081,21.458,21.081,21.35,9076,0
2012-09-10,21.164,21.22,20.943,20.952,41338,0
2012-09-11,21.221,21.291,21.16,21.282,16470,0
2012-09-12,21.301,21.412,21.236,21.265,60621,0
2012-09-13,21.193,21.83,21.193,21.745,38133,0
2012-09-14,22.456,22.704,22.336,22.393,11778,0
2012-09-17,22.299,22.374,22.246,22.246,25787,0
2012-09-18,22.207,22.272,22.098,22.159,23243,0
2012-09-19,22.246,22.326,22.178,22.263,14736,0
2012-09-20,21.838,22.071,21.773,22.043,26547,0
2012-09-21,22.423,22.44,22.338,22.346,23385,0
2012-09-24,22.189,22.367,22.17,22.265,7328,0
2012-09-25,22.16,22.206,21.895,21.895,6756,0
2012-09-26,21.68,21.82,21.656,21.708,15039,0
2012-09-27,22.043,22.141,21.865,22.082,8315,0
2012-09-28,22.033,22.061,21.934,22.061,4266,0
2012-10-01,22.218,22.394,22.199,22.237,8844,0
2012-10-02,22.228,22.256,22.071,22.133,19749,0
2012-10-03,22.099,22.159,22.094,22.144,9159,0
2012-10-04,22.347,22.496,22.28,22.362,2972,0
2012-10-05,22.431,22.533,22.367,22.376,2665,0
2012-10-08,22.117,22.189,22.08,22.189,4961,0
2012-10-09,22.107,22.107,21.912,21.949,3218,0
2012-10-10,21.884,21.884,21.651,21.715,5306,0
2012-10-11,22.071,22.099,21.953,21.958,6000,0
2012-10-12,21.978,22.043,21.773,21.874,4705,0
2012-10-15,21.978,22.08,21.967,22.071,6576,0
2012-10-16,22.199,22.237,22.142,22.218,3464,0
2012-10-17,22.301,22.405,22.281,22.319,4744,0
2012-10-18,22.476,22.476,22.347,22.347,8555,0
2012-10-19,22.199,22.199,22.117,22.117,2848,0
2012-10-22,22.061,22.256,22.061,22.152,6508,0
2012-10-23,21.743,21.874,21.743,21.829,5814,0
2012-10-24,21.949,21.958,21.791,21.845,1342,0
2012-10-25,22.18,22.18,22.023,22.066,3457,0
2012-10-26,21.912,21.912,21.764,21.786,3605,0
2012-10-31,21.922,21.922,21.82,21.903,5622,0
2012-11-01,22.033,22.347,22.033,22.301,7895,0
2012-11-02,22.476,22.476,22.199,22.199,6804,0
2012-11-05,22.107,22.256,22.107,22.228,4375,0
2012-11-06,22.367,22.497,22.357,22.423,4511,0
2012-11-07,22.264,22.264,22.055,22.151,20232,0
2012-11-08,21.744,21.87,21.744,21.801,4261,0
2012-11-09,21.811,21.903,21.748,21.748,3306,0
2012-11-12,21.754,21.903,21.735,21.746,3579,0
2012-11-13,21.579,21.628,21.551,21.588,2420,0
2012-11-14,21.689,21.689,21.298,21.298,7153,0
2012-11-15,21.366,21.366,21.199,21.252,5041,0
2012-11-16,21.17,21.298,21.123,21.272,2266,0
2012-11-19,21.456,21.661,21.456,21.636,2738,0
2012-11-20,21.561,21.614,21.485,21.578,7538,0
2012-11-21,21.525,21.588,21.525,21.588,1464,0
2012-11-23,21.884,21.948,21.882,21.908,1233,0
2012-11-26,21.811,21.948,21.792,21.948,2712,0
2012-11-27,22.004,22.004,21.829,21.829,4601,0
2012-11-28,21.772,21.894,21.764,21.874,1987,0
2012-11-29,22.107,22.16,22.052,22.16,3639,0
2012-11-30,22.142,22.142,22.102,22.102,574,0
2012-12-03,22.142,22.228,22.11,22.16,2436,0
2012-12-04,22.133,22.133,22.033,22.043,11142,0
2012-12-05,22.291,22.396,22.273,22.33,3778,0
2012-12-06,22.376,22.607,22.376,22.607,51063,0
2012-12-07,22.607,22.718,22.598,22.718,539,0
2012-12-10,22.637,22.79,22.637,22.782,7574,0
2012-12-11,22.764,22.917,22.764,22.876,4676,0
2012-12-12,22.893,22.949,22.883,22.949,3695,0
2012-12-13,22.893,22.932,22.76,22.829,21175,0
2012-12-14,22.987,23.062,22.922,22.932,26449,0
2012-12-17,23.006,23.044,22.949,23.044,24199,0
2012-12-18,22.967,23.154,22.967,23.154,7566,0
2012-12-19,23.378,23.462,23.239,23.302,20621,0
2012-12-20,23.284,23.399,23.174,23.375,11686,0
2012-12-21,23.014,23.135,22.959,23.062,16149,0
2012-12-24,23.201,23.201,22.857,22.903,7624,0
2012-12-26,23.006,23.22,22.977,23.134,22507,0
2012-12-27,23.006,23.126,22.981,23.1,8706,0
2012-12-28,23.198,23.25,23.174,23.174,16291,0
2012-12-31,23.24,23.546,23.24,23.488,12154,0
2013-01-02,24.046,24.147,23.989,24.147,4878,0
2013-01-03,23.999,24.183,23.999,24.002,5006,0
2013-01-04,24.046,24.046,23.843,23.977,2235,0
2013-01-07,23.786,23.861,23.786,23.861,4290,0
2013-01-08,23.591,23.591,23.507,23.507,4242,0
2013-01-09,23.682,23.812,23.682,23.803,2236,0
2013-01-10,23.899,24.147,23.869,24.055,29633,0
2013-01-11,23.905,23.971,23.869,23.971,5885,0
2013-01-14,23.972,23.979,23.961,23.979,835,0
2013-01-15,24.046,24.046,23.832,23.937,11724,0
2013-01-16,23.786,23.851,23.786,23.851,6389,0
2013-01-17,24.055,24.156,24.055,24.156,14670,0
2013-01-18,24.046,24.1,23.929,24.037,2947,0
2013-01-22,24.081,24.12,23.989,24.12,1964,0
2013-01-23,23.952,23.999,23.915,23.98,1964,0
2013-01-24,23.971,24.037,23.822,23.9,16881,0
2013-01-25,23.786,23.786,23.639,23.702,13757,0
2013-01-28,23.672,23.738,23.647,23.678,571003,0
2013-01-29,23.971,24.09,23.841,24.055,3884,0
2013-01-30,24.09,24.1,23.915,23.952,1558,0
2013-01-31,23.924,23.924,23.822,23.887,5521,0
2013-02-01,23.952,24.137,23.952,24.081,2620,0
2013-02-04,23.748,23.748,23.574,23.591,9833,0
2013-02-05,23.588,23.591,23.549,23.565,3211,0
2013-02-06,23.376,23.414,23.376,23.412,906,0
2013-02-07,23.378,23.378,23.162,23.239,3306,0
2013-02-08,23.416,23.416,23.395,23.395,3774,0
2013-02-11,23.359,23.386,23.336,23.369,8946,0
2013-02-12,23.351,23.526,23.351,23.525,5077,0
2013-02-13,23.591,23.617,23.535,23.582,3927,0
2013-02-14,23.479,23.611,23.414,23.563,4638,0
2013-02-15,23.611,23.621,23.472,23.529,8644,0
2013-02-19,23.535,23.553,23.448,23.484,6579,0
2013-02-20,23.545,23.545,23.293,23.293,9188,0
2013-02-21,22.959,23.046,22.946,23.046,2086,0
2013-02-22,23.134,23.191,23.126,23.191,5735,0
2013-02-25,23.277,23.301,22.876,22.876,1004,0
2013-02-26,22.903,23.006,22.883,23.006,5593,0
2013-02-27,23.181,23.342,23.144,23.264,8196,0
2013-02-28,23.211,23.302,23.134,23.134,969,0
2013-03-01,22.949,23.126,22.949,23.126,3193,0
2013-03-04,22.949,23.006,22.792,23.006,9019,0
2013-03-05,23.117,23.252,23.117,23.154,3450,0
2013-03-06,23.322,23.386,23.312,23.378,3798,0
2013-03-07,23.494,23.59,23.481,23.59,8558,0
2013-03-08,23.611,23.777,23.611,23.777,5270,0
2013-03-11,23.563,23.563,23.462,23.513,997,0
2013-03-12,23.181,23.211,23.164,23.211,14666,0
2013-03-13,22.977,23.034,22.931,22.977,2480,0
2013-03-14,23.02,23.034,23.006,23.006,3237,0
2013-03-15,22.848,22.848,22.746,22.746,2504,0
2013-03-18,22.544,22.617,22.506,22.514,57309,0
2013-03-19,22.476,22.476,22.218,22.301,7837,0
2013-03-20,22.534,22.589,22.476,22.476,2442,0
2013-03-21,22.344,22.372,22.223,22.233,1894,0
2013-03-22,22.196,22.196,22.156,22.156,3205,0
2013-03-25,22.28,22.28,22.129,22.233,4164,0
2013-03-26,22.344,22.402,22.316,22.354,3231,0
2013-03-27,22.27,22.459,22.27,22.428,4793,0
2013-03-28,22.297,22.43,22.297,22.43,566,0
2013-04-01,22.259,22.279,22.193,22.193,2691,0
2013-04-02,22.233,22.254,22.233,22.254,306,0
2013-04-03,21.898,22.067,21.815,21.815,4990,0
2013-04-04,21.702,21.702,21.609,21.609,5269,0
2013-04-05,21.274,21.521,21.235,21.469,10219,0
2013-04-08,21.35,21.459,21.35,21.459,3298,0
2013-04-09,21.528,21.805,21.528,21.725,3138,0
2013-04-10,21.968,22.185,21.968,22.095,4110,0
2013-04-11,21.99,22.02,21.95,21.95,14763,0
2013-04-12,21.497,21.582,21.4,21.529,8966,0
2013-04-15,21.306,21.365,21.088,21.118,1342,0
2013-04-16,21.494,21.645,21.494,21.637,6793,0
2013-04-17,21.35,21.394,21.172,21.23,3701,0
2013-04-18,21.245,21.369,21.245,21.33,1724,0
2013-04-19,21.655,21.7,21.646,21.7,730,0
2013-04-22,21.684,21.851,21.675,21.833,2900,0
2013-04-23,21.917,21.917,21.854,21.9,887,0
2013-04-24,22,22.047,21.954,22.038,2767,0
2013-04-25,22.269,22.333,22.113,22.29,4664,0
2013-04-26,22.078,22.078,22.048,22.048,928,0
2013-04-29,22.113,22.261,22.103,22.205,10604,0
2013-04-30,22.279,22.569,22.279,22.559,6352,0
2013-05-01,22.428,22.447,22.279,22.279,4467,0
2013-05-02,22.364,22.428,22.364,22.402,1079,0
2013-05-03,22.617,22.621,22.578,22.583,1852,0
2013-05-06,22.503,22.596,22.503,22.569,1346,0
2013-05-07,22.725,22.836,22.725,22.781,5199,0
2013-05-08,22.79,22.957,22.79,22.947,4436,0
2013-05-09,22.855,22.903,22.696,22.696,2252,0
2013-05-10,22.586,22.614,22.483,22.596,2543,0
2013-05-13,22.447,22.447,22.372,22.372,5906,0
2013-05-14,22.524,22.524,22.511,22.511,2050,0
2013-05-15,22.521,22.604,22.473,22.531,6367,0
2013-05-16,22.658,22.658,22.596,22.596,288,0
2013-05-17,22.622,22.661,22.622,22.64,7835,0
2013-05-20,22.705,22.809,22.696,22.772,2167,0
2013-05-21,22.696,22.76,22.638,22.734,4945,0
2013-05-22,22.744,22.744,22.392,22.392,859,0
2013-05-23,22.041,22.041,22.038,22.038,407,0
2013-05-24,22.001,22.041,21.963,22.009,11500,0
2013-05-28,22.364,22.41,22.261,22.261,2468,0
2013-05-29,22.202,22.202,21.963,21.963,485,0
2013-05-30,21.943,22.199,21.943,22.076,2466,0
2013-05-31,21.774,21.774,21.587,21.596,3168,0
2013-06-03,21.712,21.824,21.6,21.815,4089,0
2013-06-04,21.77,21.77,21.637,21.675,2924,0
2013-06-05,21.441,21.441,21.34,21.403,1258,0
2013-06-06,21.385,21.385,21.301,21.33,1485,0
2013-06-07,21.292,21.312,21.165,21.182,2336,0
2013-06-10,20.949,21.079,20.949,20.987,11403,0
2013-06-11,20.51,20.676,20.51,20.633,4428,0
2013-06-12,20.66,20.66,20.351,20.409,8386,0
2013-06-13,20.343,20.547,20.343,20.547,4122,0
2013-06-14,20.456,20.456,20.456,20.456,1291,0
2013-06-17,20.605,20.622,20.548,20.578,85086,0
2013-06-18,20.38,20.519,20.361,20.446,16704,0
2013-06-19,20.456,20.456,20,20,3503,0
2013-06-20,19.441,19.441,19.136,19.156,38332,0
2013-06-21,19.255,19.358,19.059,19.284,3971,0
2013-06-24,18.87,18.9,18.628,18.9,1780,0
2013-06-25,19.069,19.181,19.012,19.181,11284,0
2013-06-26,19.323,19.377,19.209,19.377,1387,0
2013-06-27,19.558,19.706,19.558,19.631,14463,0
2013-06-28,19.641,19.781,19.641,19.781,1493,0
2013-07-01,19.979,20.006,19.886,19.886,1085,0
2013-07-02,19.837,19.838,19.499,19.518,5546,0
2013-07-03,19.265,19.386,19.217,19.386,1534,0
2013-07-05,19.217,19.217,19.117,19.117,957,0
2013-07-08,19.324,19.368,19.284,19.284,895,0
2013-07-09,19.377,19.426,19.377,19.426,1295,0
2013-07-10,19.386,19.427,19.368,19.396,4757,0
2013-07-11,20.053,20.2,20.053,20.2,1172,0
2013-07-12,19.905,20.025,19.905,19.952,4470,0
2013-07-15,20.083,20.259,20.083,20.259,5511,0
2013-07-16,20.2,20.21,20.084,20.21,9509,0
2013-07-17,20.289,20.324,20.25,20.25,3238,0
2013-07-18,20.419,20.441,20.419,20.427,1495,0
2013-07-19,20.315,20.4,20.279,20.324,7508,0
2013-07-22,20.428,20.54,20.428,20.54,2019,0
2013-07-23,20.709,20.776,20.709,20.776,1282,0
2013-07-24,20.709,20.709,20.501,20.502,460,0
2013-07-25,20.607,20.739,20.607,20.739,1816,0
2013-07-26,20.686,20.757,20.606,20.757,2007,0
2013-07-29,20.603,20.603,20.52,20.54,2543,0
2013-07-30,20.447,20.465,20.41,20.465,1414,0
2013-07-31,20.306,20.53,20.306,20.39,5065,0
2013-08-01,20.502,20.626,20.502,20.626,532,0
2013-08-02,20.447,20.607,20.447,20.566,9298,0
2013-08-05,20.511,20.511,20.438,20.455,3729,0
2013-08-06,20.38,20.38,20.25,20.292,1543,0
2013-08-07,20.165,20.165,20.091,20.129,5415,0
2013-08-08,20.351,20.4,20.351,20.4,1225,0
2013-08-09,20.54,20.594,20.475,20.594,2555,0
2013-08-12,20.748,20.814,20.739,20.739,1970,0
2013-08-13,20.897,20.963,20.897,20.963,1147,0
2013-08-14,21.047,21.047,20.983,21.002,3521,0
2013-08-15,20.68,20.869,20.68,20.779,5455,0
2013-08-16,20.804,20.804,20.607,20.607,2210,0
2013-08-19,20.501,20.501,20.361,20.363,1059,0
2013-08-20,20.2,20.274,20.2,20.25,3318,0
2013-08-21,19.989,19.989,19.811,19.811,2927,0
2013-08-23,20.259,20.428,20.259,20.428,1813,0
2013-08-26,20.492,20.492,20.324,20.324,2051,0
2013-08-27,19.954,19.954,19.885,19.895,4385,0
2013-08-28,19.971,20.025,19.971,20.025,1279,0
2013-08-29,20.25,20.279,20.099,20.099,3039,0
2013-08-30,20.063,20.063,19.999,19.999,1068,0
2013-09-03,20.456,20.456,20.369,20.369,638,0
2013-09-04,20.68,20.739,20.68,20.739,2455,0
2013-09-05,20.852,21.116,20.852,21.116,798,0
2013-09-06,21.272,21.449,21.272,21.449,1529,0
2013-09-09,21.574,21.929,21.574,21.929,750,0
2013-09-10,22.153,22.21,22.153,22.201,1312,0
2013-09-11,22.267,22.287,22.267,22.287,251,0
2013-09-12,21.986,22.062,21.958,22.062,3562,0
2013-09-13,21.921,21.995,21.921,21.995,404,0
2013-09-17,22.304,22.304,22.276,22.276,320,0
2013-09-18,22.51,23.017,22.51,23.017,1659,0
2013-09-19,23.065,23.111,22.932,23.065,3625,0
2013-09-20,22.687,22.687,22.639,22.639,331,0
2013-09-23,22.604,22.613,22.511,22.613,953,0
2013-09-24,22.444,22.577,22.425,22.548,1593,0
2013-09-25,22.425,22.425,22.349,22.349,858,0
2013-09-26,22.539,22.539,22.462,22.462,1167,0
2013-09-27,22.339,22.339,22.321,22.321,1380,0
2013-09-30,22.179,22.179,22.124,22.124,1063,0
2013-10-01,22.198,22.434,22.198,22.434,3079,0
2013-10-02,22.292,22.5,22.292,22.5,2547,0
2013-10-03,22.668,22.696,22.519,22.519,2016,0
2013-10-04,22.631,22.631,22.631,22.631,530,0
2013-10-07,22.631,22.631,22.613,22.613,319,0
2013-10-08,22.604,22.604,22.339,22.359,15070,0
2013-10-09,22.658,22.658,22.658,22.658,265,0
2013-10-10,23.085,23.085,23.085,23.085,424,0
2013-10-11,23.165,23.291,23.157,23.291,3780,0
2013-10-14,23.253,23.518,23.253,23.518,1539,0
2013-10-15,23.368,23.368,23.368,23.368,195,0
2013-10-16,23.443,23.443,23.443,23.443,1063,0
2013-10-17,23.604,23.604,23.537,23.537,1593,0
2013-10-18,23.8,23.8,23.8,23.8,424,0
2013-10-21,23.773,23.773,23.715,23.715,849,0
2013-10-22,23.893,24.027,23.893,23.913,1805,0
2013-10-23,23.547,23.547,23.499,23.499,953,0
2013-10-24,23.368,23.368,23.32,23.32,530,0
2013-10-25,23.291,23.358,23.218,23.358,1220,0
2013-10-28,23.32,23.32,23.227,23.227,424,0
2013-10-30,23.613,23.613,23.613,23.613,107,0
2013-10-31,23.451,23.451,23.358,23.433,5625,0
2013-11-01,23.396,23.396,23.33,23.368,13054,0
2013-11-04,23.405,23.433,23.405,23.433,446,0
2013-11-05,23.262,23.262,23.094,23.094,1274,0
2013-11-06,23.085,23.113,23.085,23.113,319,0
2013-11-07,22.548,22.548,22.519,22.519,211,0
2013-11-08,22.519,22.519,22.519,22.519,744,0
2013-11-11,22.473,22.473,22.349,22.378,2064,0
2013-11-12,22.227,22.227,22.227,22.227,319,0
2013-11-13,22.217,22.292,22.217,22.292,2547,0
2013-11-14,22.369,22.548,22.369,22.519,1805,0
2013-11-15,23.019,23.291,22.98,23.244,5306,0
2013-11-18,23.547,23.649,23.547,23.649,2442,0
2013-11-19,23.547,23.547,23.48,23.48,1384,0
2013-11-20,23.32,23.32,23.291,23.291,635,0
2013-11-21,22.894,22.999,22.894,22.951,2016,0
2013-11-22,22.98,23.15,22.98,23.15,1380,0
2013-11-25,23.291,23.291,23.037,23.037,4775,0
2013-11-26,22.942,23.113,22.942,23.113,1167,0
2013-11-27,23.178,23.272,23.16,23.16,849,0
2013-12-02,23.386,23.386,23.227,23.227,2547,0
2013-12-03,23.103,23.103,23.103,23.103,635,0
2013-12-04,22.98,22.98,22.961,22.961,1696,0
2013-12-05,22.97,23.113,22.97,23.113,2229,0
2013-12-06,23.32,23.47,23.32,23.462,424,0
2013-12-09,23.556,23.631,23.556,23.631,553,0
2013-12-10,23.48,23.537,23.377,23.518,9763,0
2013-12-12,22.904,22.904,22.696,22.706,717,0
2013-12-13,22.735,22.735,22.658,22.716,1487,0
2013-12-16,22.932,23.048,22.884,23.048,5982,0
2013-12-17,22.811,22.829,22.811,22.82,635,0
2013-12-18,23.017,23.368,22.865,23.358,2432,0
2013-12-19,22.827,22.827,22.665,22.818,2432,0
2013-12-20,22.882,22.882,22.837,22.877,4513,0
2013-12-23,23.036,23.046,23.007,23.046,3700,0
2013-12-24,23.129,23.244,23.113,23.244,4003,0
2013-12-26,23.129,23.129,23.084,23.084,1481,0
2013-12-27,23.027,23.414,23.027,23.414,6342,0
2013-12-30,23.281,23.368,23.252,23.281,4438,0
2013-12-31,23.443,23.481,23.414,23.481,1162,0
2014-01-02,22.988,22.988,22.693,22.713,3602,0
2014-01-03,22.693,22.731,22.693,22.703,1129,0
2014-01-06,22.467,22.467,22.467,22.467,1162,0
2014-01-07,22.628,22.628,22.525,22.554,846,0
2014-01-09,22.355,22.355,22.144,22.144,949,0
2014-01-10,22.404,22.525,22.404,22.515,949,0
2014-01-13,22.545,22.628,22.545,22.628,1162,0
2014-01-14,22.413,22.554,22.413,22.554,3807,0
2014-01-15,22.665,22.723,22.62,22.62,741,0
2014-01-16,22.584,22.655,22.573,22.655,2361,0
2014-01-21,22.404,22.496,22.404,22.496,633,0
2014-01-22,22.591,22.732,22.591,22.732,422,0
2014-01-23,22.297,22.477,22.203,22.203,1375,0
2014-01-24,21.57,21.825,21.436,21.436,4124,0
2014-01-27,21.407,21.542,21.172,21.388,8879,0
2014-01-28,21.579,21.598,21.552,21.598,7613,0
2014-01-29,21.343,21.474,21.294,21.363,3066,0
2014-01-30,21.504,21.579,21.444,21.494,2221,0
2014-01-31,21.211,21.398,21.211,21.398,1058,0
2014-02-03,21.003,21.003,20.756,20.777,5288,0
2014-02-04,20.935,21.172,20.935,21.164,3241,0
2014-02-05,20.86,21.055,20.86,21.031,4044,0
2014-02-06,21.372,21.417,21.372,21.417,925,0
2014-02-07,21.542,21.594,21.494,21.594,803,0
2014-02-10,21.474,21.494,21.474,21.494,985,0
2014-02-11,21.712,21.712,21.712,21.712,400,0
2014-02-12,21.977,21.986,21.818,21.818,616,0
2014-02-13,21.731,21.731,21.731,21.731,1864,0
2014-02-20,22.004,22.004,22.004,22.004,165,0
2014-02-21,21.986,22.128,21.986,22.082,3368,0
2014-02-24,22.212,22.279,22.212,22.26,611,0
2014-02-25,22.034,22.063,21.938,21.938,1402,0
2014-02-26,22.222,22.222,22.182,22.182,1308,0
2014-02-27,22.297,22.496,22.297,22.496,965,0
2014-02-28,22.48,22.48,22.287,22.287,545,0
2014-03-03,21.852,21.995,21.836,21.995,671,0
2014-03-04,22.265,22.265,22.251,22.26,3282,0
2014-03-05,22.431,22.431,22.431,22.431,218,0
2014-03-06,22.789,22.818,22.713,22.713,1517,0
2014-03-07,22.394,22.458,22.394,22.458,1416,0
2014-03-10,22.242,22.242,22.222,22.222,1735,0
2014-03-11,22.269,22.449,22.269,22.449,613,0
2014-03-12,21.92,21.931,21.91,21.92,2166,0
2014-03-13,21.844,21.846,21.552,21.552,16764,0
2014-03-14,21.755,21.755,21.626,21.626,1882,0
2014-03-17,21.929,21.937,21.867,21.867,11291,0
2014-03-18,21.871,21.986,21.871,21.986,777,0
2014-03-20,21.692,21.891,21.692,21.891,1775,0
2014-03-21,22.242,22.297,22.147,22.147,2573,0
2014-03-24,22.154,22.279,22.136,22.279,2210,0
2014-03-25,22.444,22.578,22.425,22.481,11603,0
2014-03-26,22.559,22.559,22.559,22.559,421,0
2014-03-27,22.632,22.888,22.632,22.888,3648,0
2014-03-28,23.032,23.216,23.032,23.08,3308,0
2014-04-01,23.603,23.63,23.43,23.63,42820,0
2014-04-02,23.512,23.733,23.512,23.724,2011,0
2014-04-03,23.403,23.407,23.336,23.336,1850,0
2014-04-04,23.401,23.706,23.401,23.411,643,0
2014-04-07,23.526,23.526,23.526,23.526,171,0
2014-04-08,23.839,23.962,23.763,23.763,3747,0
2014-04-09,24.121,24.121,24.032,24.032,818,0
2014-04-10,24.029,24.029,23.696,23.696,1650,0
2014-04-11,23.654,23.654,23.612,23.612,3110,0
2014-04-14,23.793,23.819,23.676,23.678,926,0
2014-04-15,22.974,23.563,22.974,23.223,2364,0
2014-04-16,23.336,23.469,23.322,23.469,13843,0
2014-04-17,23.469,23.666,23.383,23.666,697,0
2014-04-22,23.768,23.768,23.676,23.676,951,0
2014-04-23,23.657,23.657,23.411,23.46,499,0
2014-04-25,23.307,23.307,23.099,23.108,14139,0
2014-04-28,23.049,23.049,23.049,23.049,672,0
2014-04-29,23.554,23.554,23.288,23.288,2105,0
2014-04-30,23.101,23.203,23.101,23.135,1946,0
2014-05-01,23.233,23.233,23.233,23.233,275,0
2014-05-02,23.327,23.487,23.327,23.393,1327,0
2014-05-05,23.411,23.455,23.322,23.455,1290,0
2014-05-07,23.355,23.355,23.205,23.249,2983,0
2014-05-08,23.278,23.45,23.278,23.45,1298,0
2014-05-09,23.355,23.355,23.355,23.355,403,0
2014-05-12,23.621,23.876,23.621,23.876,862,0
2014-05-13,24.075,24.075,23.876,23.876,2444,0
2014-05-14,24.132,24.132,24.031,24.031,919,0
2014-05-15,23.753,23.753,23.714,23.733,1730,0
2014-05-16,24.189,24.189,24.084,24.179,1237,0
2014-05-19,24.329,24.329,24.329,24.329,372,0
2014-05-20,24.17,24.314,24.067,24.067,14235,0
2014-05-21,24.294,24.294,24.26,24.26,805,0
2014-05-22,24.445,24.445,24.426,24.435,492,0
2014-05-23,24.474,24.607,24.474,24.607,636,0
2014-05-27,24.377,24.4,24.341,24.4,839,0
2014-05-28,24.484,24.568,24.484,24.521,9046,0
2014-05-29,24.53,24.617,24.511,24.531,9589,0
2014-05-30,24.465,24.465,24.217,24.217,2954,0
2014-06-02,24.357,24.357,24.298,24.319,1453,0
2014-06-03,24.377,24.484,24.369,24.386,6619,0
2014-06-04,24.326,24.377,24.326,24.377,789,0
2014-06-05,24.578,24.759,24.578,24.598,1691,0
2014-06-06,24.838,24.838,24.838,24.838,867,0
2014-06-09,25.092,25.202,24.977,25.202,1912,0
2014-06-10,25.192,25.28,25.192,25.242,3480,0
2014-06-11,25.355,25.355,25.346,25.346,352,0
2014-06-13,25.082,25.242,25.082,25.165,7545,0
2014-06-16,25.165,25.165,25.111,25.137,7516,0
2014-06-17,25.222,25.222,25.15,25.192,3605,0
2014-06-18,25.119,25.518,25.119,25.422,33306,0
2014-06-20,25.146,25.318,25.146,25.202,3540,0
2014-06-23,25.232,25.232,25.192,25.192,475,0
2014-06-24,25.443,25.443,25.443,25.443,1341,0
2014-06-25,25.359,25.359,25.185,25.185,980,0
2014-06-27,25.243,25.243,25.156,25.156,340,0
2014-06-30,25.31,25.365,25.31,25.319,1557,0
2014-07-01,25.615,25.682,25.615,25.682,265,0
2014-07-02,25.825,25.825,25.643,25.643,1996,0
2014-07-07,25.7,25.7,25.7,25.7,137,0
2014-07-09,25.119,25.129,25.102,25.102,1579,0
2014-07-10,24.834,24.834,24.825,24.825,1155,0
2014-07-11,24.949,24.949,24.949,24.949,1001,0
2014-07-14,25.119,25.156,25.092,25.092,1407,0
2014-07-15,25.053,25.073,25.034,25.053,1635,0
2014-07-16,25.327,25.327,25.28,25.28,938,0
2014-07-17,25.034,25.119,24.919,24.919,3055,0
2014-07-21,25.376,25.435,25.376,25.435,2228,0
2014-07-22,25.643,25.873,25.643,25.873,944,0
2014-07-23,25.816,25.87,25.815,25.825,948,0
2014-07-25,25.939,25.951,25.881,25.951,2191,0
2014-07-28,25.948,26.081,25.929,26.081,2048,0
2014-07-29,26.1,26.1,26.034,26.08,412,0
2014-07-30,25.746,25.858,25.746,25.858,840,0
2014-07-31,25.71,25.71,25.375,25.424,2416,0
2014-08-01,25.558,25.568,25.539,25.539,1218,0
2014-08-04,25.746,25.766,25.633,25.766,1114,0
2014-08-05,25.633,25.658,25.289,25.32,2414,0
2014-08-06,25.345,25.345,25.345,25.345,611,0
2014-08-07,25.263,25.299,25.263,25.299,336,0
2014-08-08,25.082,25.138,25.082,25.138,756,0
2014-08-11,25.481,25.539,25.481,25.501,2574,0
2014-08-12,25.443,25.509,25.443,25.509,1055,0
2014-08-13,25.656,25.656,25.586,25.586,1573,0
2014-08-14,25.615,25.624,25.615,25.624,269,0
2014-08-15,25.596,25.719,25.596,25.689,780,0
2014-08-18,25.948,25.948,25.948,25.948,328,0
2014-08-19,26.11,26.111,26.09,26.111,1761,0
2014-08-20,26.034,26.034,26.034,26.034,211,0
2014-08-21,25.873,25.873,25.835,25.835,2890,0
2014-08-22,25.806,25.806,25.806,25.806,597,0
2014-08-25,25.83,25.894,25.83,25.858,920,0
2014-08-26,26.071,26.147,26.066,26.11,3464,0
2014-08-27,26.119,26.315,26.119,26.315,1282,0
2014-08-28,26.034,26.129,26.034,26.129,269,0
2014-08-29,26.149,26.282,26.149,26.256,1460,0
2014-09-02,26.321,26.409,26.321,26.409,1739,0
2014-09-03,26.613,26.67,26.613,26.67,1286,0
2014-09-04,26.673,26.673,26.594,26.67,891,0
2014-09-05,26.575,26.575,26.575,26.575,116,0
2014-09-08,26.609,26.609,26.339,26.339,1906,0
2014-09-09,26.158,26.158,25.968,25.988,5591,0
2014-09-10,25.909,25.909,25.745,25.745,9091,0
2014-09-11,25.719,25.796,25.719,25.789,11204,0
2014-09-12,25.585,25.596,25.491,25.501,1640,0
2014-09-15,25.424,25.424,25.254,25.254,890,0
2014-09-17,25.586,25.7,25.586,25.7,944,0
2014-09-18,25.438,25.438,25.366,25.366,1284,0
2014-09-19,25.385,25.385,25.385,25.385,241,0
2014-09-22,24.872,25.063,24.786,24.796,1665,0
2014-09-23,24.731,24.731,24.644,24.654,1308,0
2014-09-24,24.693,24.962,24.644,24.962,4290,0
2014-09-25,24.626,24.626,24.243,24.243,1098,0
2014-09-26,24.357,24.578,24.357,24.578,1159,0
2014-09-29,24.119,24.119,24.044,24.044,2047,0
2014-09-30,23.832,23.842,23.812,23.842,1021,0
2014-10-01,23.668,23.668,23.325,23.334,1680,0
2014-10-03,23.439,23.439,23.439,23.439,285,0
2014-10-06,24.089,24.089,23.946,23.946,2452,0
2014-10-07,23.838,23.908,23.838,23.838,690,0
2014-10-08,24.109,24.138,23.698,24.138,751,0
2014-10-09,24.128,24.128,23.984,23.984,734,0
2014-10-10,23.708,23.708,23.41,23.41,3136,0
2014-10-13,23.622,23.854,23.622,23.822,2889,0
2014-10-14,23.701,23.716,23.701,23.716,417,0
2014-10-15,23.201,23.325,23.201,23.325,2009,0
2014-10-16,22.817,23.042,22.817,23.028,5431,0
2014-10-17,23.19,23.346,23.19,23.346,967,0
2014-10-20,23.377,23.382,23.377,23.377,1004,0
2014-10-21,23.325,23.382,23.325,23.373,1409,0
2014-10-22,23.325,23.325,23.325,23.325,194,0
2014-10-23,23.294,23.294,23.239,23.239,636,0
2014-10-24,23.344,23.4,23.344,23.4,730,0
2014-10-27,23.028,23.202,22.991,23.066,4490,0
2014-10-28,23.41,23.612,23.41,23.612,522,0
2014-10-29,23.928,23.928,23.716,23.716,3495,0
2014-10-30,23.765,24.08,23.765,24.08,1123,0
2014-10-31,24.148,24.252,24.125,24.252,594,0
2014-11-03,23.976,23.976,23.976,23.976,334,0
2014-11-04,23.862,23.862,23.862,23.862,251,0
2014-11-05,23.918,23.918,23.88,23.889,799,0
2014-11-06,23.735,23.765,23.678,23.688,951,0
2014-11-07,23.745,23.745,23.735,23.735,837,0
2014-11-10,23.918,23.928,23.784,23.784,11590,0
2014-11-11,23.784,23.822,23.775,23.822,2639,0
2014-11-13,23.739,23.739,23.698,23.698,4619,0
2014-11-14,23.622,23.703,23.622,23.703,1040,0
2014-11-17,23.526,23.526,23.498,23.498,679,0
2014-11-18,23.545,23.65,23.545,23.65,891,0
2014-11-19,23.314,23.314,23.314,23.314,186,0
2014-11-20,23.45,23.554,23.45,23.554,1000,0
2014-11-21,23.995,24.054,23.908,24.054,1421,0
2014-11-24,24.14,24.14,24.119,24.119,758,0
2014-11-25,24.149,24.167,24.149,24.167,3206,0
2014-11-26,24.348,24.348,24.348,24.348,425,0
2014-11-28,24.148,24.292,24.148,24.158,878,0
2014-12-01,23.525,23.525,23.525,23.525,380,0
2014-12-02,23.633,23.633,23.517,23.564,2484,0
2014-12-03,23.669,23.678,23.669,23.678,483,0
2014-12-04,23.698,23.765,23.698,23.765,2129,0
2014-12-05,23.668,23.765,23.668,23.765,660,0
2014-12-08,23.403,23.403,23.403,23.403,322,0
2014-12-09,23.047,23.22,23.047,23.22,3084,0
2014-12-10,22.882,22.882,22.882,22.882,540,0
2014-12-11,22.807,22.931,22.807,22.846,2173,0
2014-12-12,22.672,22.672,22.384,22.384,223,0
2014-12-15,22.1,22.119,22.1,22.119,14728,0
2014-12-16,22.002,22.002,21.831,21.831,2140,0
2014-12-17,22.262,22.327,22.204,22.312,4678,0
2014-12-18,22.578,22.606,22.54,22.586,7069,0
2014-12-19,22.662,22.682,22.634,22.672,1508,0
2014-12-22,22.797,22.911,22.777,22.845,10726,0
2014-12-23,22.854,22.854,22.624,22.682,3614,0
2014-12-29,22.817,22.817,22.729,22.733,16825,0
2014-12-30,22.671,22.719,22.624,22.624,5086,0
2014-12-31,22.69,22.817,22.642,22.666,3084,0
2015-01-02,22.633,22.633,22.523,22.567,970,0
2015-01-05,22.259,22.334,22.16,22.279,15545,0
2015-01-06,22.16,22.209,21.951,22.046,1980,0
2015-01-07,22.306,22.442,22.306,22.442,1331,0
2015-01-08,22.633,22.787,22.633,22.774,2313,0
2015-01-09,22.797,22.835,22.71,22.71,2113,0
2015-01-12,22.509,22.595,22.457,22.457,3624,0
2015-01-13,22.729,22.787,22.559,22.567,3177,0
2015-01-14,22.423,22.538,22.423,22.469,14973,0
2015-01-15,22.825,22.902,22.763,22.763,9666,0
2015-01-16,22.704,22.873,22.699,22.854,25998,0
2015-01-20,22.882,22.882,22.787,22.787,21238,0
2015-01-21,23.077,23.288,23.058,23.288,2802,0
2015-01-22,23.53,23.598,23.481,23.588,6521,0
2015-01-23,23.712,23.759,23.578,23.578,3969,0
2015-01-26,23.53,23.815,23.52,23.645,6157,0
2015-01-27,23.663,23.663,23.598,23.644,4037,0
2015-01-28,23.511,23.548,23.453,23.453,2102,0
2015-01-29,23.202,23.268,23.144,23.268,1282,0
2015-01-30,22.912,22.912,22.719,22.807,2700,0
2015-02-02,22.874,22.961,22.874,22.961,415,0
2015-02-03,23.347,23.395,23.192,23.385,56777,0
2015-02-04,23.424,23.562,23.424,23.562,3695,0
2015-02-05,23.249,23.258,23.212,23.258,15798,0
2015-02-06,23.029,23.029,22.807,22.807,1012,0
2015-02-09,22.615,22.615,22.615,22.615,295,0
2015-02-10,22.585,22.66,22.585,22.66,768,0
2015-02-11,22.239,22.27,22.229,22.27,624,0
2015-02-12,22.651,22.864,22.651,22.846,73743,0
2015-02-13,23.077,23.107,23.077,23.107,310,0
2015-02-17,22.902,23.113,22.902,23.113,732,0
2015-02-18,23.308,23.308,22.999,23.013,1074,0
2015-02-19,23.019,23.019,23.019,23.019,159,0
2015-02-20,22.922,23.077,22.922,23.077,1130,0
2015-02-24,22.748,22.748,22.748,22.748,187,0
2015-02-25,23.296,23.296,23.029,23.029,591,0
2015-02-26,23.087,23.568,23.038,23.395,6086,0
2015-02-27,23.268,23.268,23.268,23.268,222,0
2015-03-02,23.258,23.347,23.258,23.347,2284,0
2015-03-03,23.019,23.019,23.019,23.019,519,0
2015-03-04,22.479,22.651,22.479,22.651,622,0
2015-03-05,22.528,22.585,22.528,22.576,415,0
2015-03-06,22.615,22.615,22.384,22.384,1973,0
2015-03-09,22.17,22.404,22.151,22.209,2284,0
2015-03-10,21.97,21.97,21.641,21.852,1559,0
2015-03-11,21.738,21.747,21.738,21.738,934,0
2015-03-12,21.931,22.037,21.931,21.97,3115,0
2015-03-13,21.409,21.518,21.284,21.284,3009,0
2015-03-16,21.661,21.661,21.661,21.661,312,0
2015-03-17,21.852,21.852,21.852,21.852,105,0
2015-03-18,21.912,22.499,21.902,22.499,10382,0
2015-03-19,22.17,22.17,22.17,22.17,105,0
2015-03-20,22.19,22.442,22.19,22.442,1661,0
2015-03-23,22.538,22.576,22.538,22.576,519,0
2015-03-24,22.699,22.699,22.699,22.699,832,0
2015-03-25,22.371,22.371,22.371,22.371,622,0
2015-03-26,22.004,22.004,21.986,21.986,1038,0
2015-03-27,22.053,22.206,21.995,22.187,2074,0
2015-03-30,22.466,22.466,22.43,22.43,2490,0
2015-04-01,22.613,22.613,22.613,22.613,415,0
2015-04-02,22.9,22.9,22.9,22.9,206,0
2015-04-08,23.972,23.972,23.576,23.71,1245,0
2015-04-09,23.952,23.952,23.952,23.952,206,0
2015-04-10,24.021,24.06,24.021,24.06,3838,0
2015-04-13,24.617,24.617,24.617,24.617,415,0
2015-04-14,24.424,24.443,24.174,24.443,933,0
2015-04-15,24.597,24.597,24.403,24.403,884,0
2015-04-16,24.598,24.858,24.558,24.713,3052,0
2015-04-17,24.319,24.319,24.319,24.319,622,0
2015-04-20,24.375,24.443,24.347,24.347,4059,0
2015-04-21,24.32,24.654,24.32,24.654,1531,0
2015-04-22,24.454,24.674,24.454,24.674,2486,0
2015-04-23,24.722,24.819,24.722,24.819,726,0
2015-04-27,25.012,25.272,25.012,25.032,3217,0
2015-04-28,25.032,25.032,25.002,25.002,1291,0
2015-04-29,24.935,24.935,24.935,24.935,105,0
2015-04-30,24.52,24.53,24.52,24.53,415,0
2015-05-01,25.032,25.032,25.032,25.032,519,0
2015-05-04,24.713,24.887,24.713,24.752,726,0
2015-05-05,24.762,24.762,24.762,24.762,933,0
2015-05-07,24.384,24.384,24.05,24.06,2106,0
2015-05-11,24.414,24.578,24.414,24.482,4979,0
2015-05-13,24.309,24.394,24.309,24.328,10307,0
2015-05-14,24.578,24.578,24.337,24.337,1867,0
2015-05-15,24.503,24.512,24.415,24.512,502,0
2015-05-18,24.27,24.762,24.26,24.32,2294,0
2015-05-19,24.28,24.28,24.28,24.28,179,0
2015-05-20,24.309,24.347,24.309,24.347,415,0
2015-05-21,24.116,24.116,24.116,24.116,312,0
2015-05-22,24.309,24.319,24.231,24.231,519,0
2015-05-26,24.05,24.05,24.05,24.05,312,0
2015-05-27,23.914,23.972,23.914,23.972,622,0
2015-05-28,23.633,23.633,23.633,23.633,284,0
2015-05-29,23.489,23.518,23.48,23.518,622,0
2015-06-02,23.586,23.719,23.586,23.71,2687,0
2015-06-03,23.556,23.556,23.518,23.518,519,0
2015-06-04,23.518,23.518,23.518,23.518,312,0
2015-06-09,23.262,23.262,23.262,23.262,626,0
2015-06-11,23.326,23.326,23.326,23.326,131,0
2015-06-12,23.19,23.276,23.19,23.276,1660,0
2015-06-15,22.988,22.988,22.988,22.988,206,0
2015-06-16,22.988,23.036,22.988,23.036,519,0
2015-06-19,23.24,23.431,23.24,23.431,519,0
2015-06-23,23.461,23.576,23.412,23.576,1376,0
2015-06-24,23.419,23.428,23.409,23.428,1346,0
2015-06-25,23.237,23.303,23.227,23.303,1346,0
2015-06-29,22.627,22.627,22.627,22.627,206,0
2015-06-30,22.955,22.994,22.849,22.994,1206,0
2015-07-01,22.994,22.994,22.994,22.994,621,0
2015-07-07,21.853,21.853,21.853,21.853,105,0
2015-07-08,21.478,21.478,21.226,21.343,1451,0
2015-07-09,21.826,21.826,21.633,21.633,2692,0
2015-07-10,21.99,21.99,21.99,21.99,206,0
2015-07-13,22.211,22.211,22.211,22.211,725,0
2015-07-14,22.134,22.251,22.134,22.251,440,0
2015-07-15,22.471,22.471,22.082,22.082,521,0
2015-07-16,22.162,22.162,22.162,22.162,206,0
2015-07-17,22.097,22.162,22.067,22.126,3417,0
2015-07-22,21.739,21.768,21.739,21.739,414,0
2015-07-24,21.179,21.313,21.11,21.313,1346,0
2015-07-27,20.956,20.956,20.715,20.715,931,0
2015-07-28,20.802,20.802,20.792,20.792,828,0
2015-07-31,20.812,20.812,20.802,20.802,2278,0
2015-08-03,20.725,20.725,20.52,20.522,2042,0
2015-08-06,20.675,20.927,20.675,20.927,1009,0
2015-08-07,20.59,20.637,20.59,20.637,311,0
2015-08-10,20.608,21.09,20.58,20.996,3727,0
2015-08-11,20.5,20.5,20.241,20.251,1150,0
2015-08-12,19.934,19.934,19.934,19.934,206,0
2015-08-13,20.068,20.144,20.068,20.144,1554,0
2015-08-14,20.231,20.231,20.231,20.231,414,0
2015-08-17,20.068,20.126,20.068,20.126,311,0
2015-08-18,19.953,19.962,19.943,19.962,3000,0
2015-08-19,19.537,19.73,19.537,19.701,2589,0
2015-08-20,19.479,19.479,19.246,19.372,1139,0
2015-08-21,18.928,18.928,18.879,18.879,931,0
2015-08-24,17.228,17.228,17.228,17.228,424,0
2015-08-25,18.54,19.045,18.33,18.33,1346,0
2015-08-26,18.135,18.135,18.135,18.135,518,0
2015-08-27,18.889,19.246,18.889,19.122,11701,0
2015-08-28,19.016,19.016,19.016,19.016,518,0
2015-08-31,18.84,18.908,18.84,18.889,1036,0
2015-09-01,18.425,18.425,18.425,18.425,311,0
2015-09-02,18.435,18.504,18.435,18.474,3313,0
2015-09-03,18.56,18.744,18.54,18.609,725,0
2015-09-04,18.098,18.098,18.019,18.019,5384,0
2015-09-08,18.619,18.619,18.619,18.619,414,0
2015-09-09,18.803,18.803,18.764,18.764,2900,0
2015-09-11,18.658,18.784,18.53,18.639,2485,0
2015-09-14,18.55,18.589,18.55,18.57,621,0
2015-09-16,18.986,19.266,18.986,19.256,19571,0
2015-09-18,18.84,18.84,18.84,18.84,206,0
2015-09-21,18.744,18.85,18.734,18.744,1243,0
2015-09-22,18.406,18.406,18.174,18.174,8595,0
2015-09-23,18.234,18.448,17.943,17.943,622,0
2015-09-24,17.768,17.905,17.75,17.905,2775,0
2015-09-29,17.495,17.495,17.495,17.495,1955,0
2015-10-01,18.342,18.361,18.069,18.069,2880,0
2015-10-02,18.633,18.652,18.633,18.652,309,0
2015-10-05,19.042,19.06,19.032,19.051,2474,0
2015-10-06,19.324,19.324,19.051,19.051,204,0
2015-10-07,19.732,19.738,19.732,19.738,1029,0
2015-10-08,19.42,19.439,19.42,19.439,1441,0
2015-10-09,20.083,20.083,19.966,19.966,309,0
2015-10-12,20.053,20.053,19.693,19.693,991,0
2015-10-13,19.382,19.624,19.334,19.344,3188,0
2015-10-16,19.723,19.723,19.723,19.723,411,0
2015-10-19,19.985,19.985,19.985,19.985,258,0
2015-10-26,19.976,19.976,19.976,19.976,617,0
2015-10-27,19.771,19.81,19.732,19.79,821,0
2015-10-28,19.82,20.413,19.372,19.372,309,0
2015-10-30,19.548,19.732,19.499,19.732,6271,0
2015-11-03,19.742,20.192,19.742,20.139,3795,0
2015-11-04,20.131,20.131,20.131,20.131,176,0
2015-11-06,19.985,19.985,19.908,19.908,514,0
2015-11-10,19.489,19.713,19.479,19.713,3702,0
2015-11-11,19.839,19.839,19.839,19.839,204,0
2015-11-12,19.624,19.742,19.558,19.644,5346,0
2015-11-16,19.362,19.362,19.362,19.362,309,0
2015-11-17,19.489,19.538,19.489,19.538,309,0
2015-11-18,19.605,19.654,19.391,19.548,3599,0
2015-11-19,19.839,19.995,19.79,19.918,5244,0
2015-11-20,20.197,20.296,20.131,20.296,4112,0
2015-11-23,20.015,20.112,20.015,20.112,3188,0
2015-11-24,19.995,20.102,19.995,20.102,1441,0
2015-11-30,19.275,19.401,19.275,19.382,3188,0
2015-12-01,19.362,19.449,19.353,19.429,2811,0
2015-12-02,19.344,19.344,19.344,19.344,695,0
2015-12-03,19.577,19.577,19.428,19.428,350,0
2015-12-04,19.429,19.429,19.429,19.429,821,0
2015-12-08,18.739,18.846,18.739,18.846,612,0
2015-12-09,19.08,19.08,18.993,18.993,309,0
2015-12-10,18.789,18.964,18.789,18.964,411,0
2015-12-14,18.195,18.321,18.185,18.283,5153,0
2015-12-15,18.477,18.769,18.458,18.603,1542,0
2015-12-16,18.633,19.06,18.4,19.06,2467,0
2015-12-18,18.477,18.477,18.477,18.477,411,0
2015-12-21,18.554,18.564,18.409,18.409,2673,0
2015-12-22,18.582,18.598,18.582,18.594,1276,0
2015-12-23,18.73,18.815,18.73,18.815,1139,0
2015-12-29,18.896,19.063,18.859,18.9,6204,0
2015-12-30,18.829,18.829,18.563,18.585,1856,0
2016-01-04,18.163,18.164,17.82,18.164,2263,0
2016-01-05,18.095,18.27,18.095,18.27,1015,0
2016-01-07,17.528,17.528,17.528,17.528,201,0
2016-01-11,17.116,17.116,17.057,17.057,336,0
2016-01-13,17.146,17.146,17.146,17.146,582,0
2016-01-14,17.184,17.184,17.184,17.184,203,0
2016-01-15,16.353,16.43,16.353,16.43,2086,0
2016-01-19,16.617,16.696,16.617,16.696,307,0
2016-01-21,16.225,16.225,16.215,16.215,1533,0
2016-01-25,16.657,16.657,16.627,16.627,408,0
2016-01-27,16.578,16.578,16.578,16.578,512,0
2016-01-28,16.706,16.706,16.706,16.706,203,0
2016-01-29,16.872,17.218,16.872,17.218,979,0
2016-02-01,16.872,17.028,16.862,17.028,10362,0
2016-02-02,16.687,16.687,16.578,16.578,949,0
2016-02-03,16.382,16.382,16.382,16.382,556,0
2016-02-04,16.939,17.077,16.939,17.077,1068,0
2016-02-05,16.813,16.813,16.813,16.813,103,0
2016-02-08,16.617,16.617,16.529,16.529,307,0
2016-02-09,16.324,16.324,16.205,16.298,809,0
2016-02-10,16.524,16.524,16.459,16.459,215,0
2016-02-16,16.391,16.504,16.293,16.504,5263,0
2016-02-24,16.499,16.499,16.499,16.499,371,0
2016-02-29,16.989,16.989,16.919,16.919,347,0
2016-03-01,17.322,17.322,17.322,17.322,897,0
2016-03-03,18.182,18.403,18.172,18.342,1483,0
2016-03-04,18.603,18.847,18.603,18.8,4604,0
2016-03-07,18.702,18.702,18.702,18.702,103,0
2016-03-08,18.379,18.501,18.379,18.501,307,0
2016-03-10,18.457,18.457,18.32,18.32,3483,0
2016-03-11,19.051,19.051,18.936,18.966,1186,0
2016-03-15,18.603,18.603,18.603,18.603,219,0
2016-03-18,19.454,19.454,19.454,19.454,270,0
2016-03-21,19.637,19.637,19.637,19.637,106,0
2016-03-23,19.244,19.244,19.244,19.244,103,0
2016-03-24,18.953,19.098,18.936,19.093,2623,0
2016-03-28,19.132,19.132,19.132,19.132,122,0
2016-03-29,19.202,19.406,19.192,19.406,689,0
2016-03-30,19.66,19.73,19.62,19.73,4890,0
2016-03-31,19.544,19.573,19.454,19.564,4457,0
2016-04-01,19.298,19.298,19.298,19.298,408,0
2016-04-05,19.054,19.054,19.021,19.021,361,0
2016-04-07,18.847,18.847,18.847,18.847,203,0
2016-04-08,19.202,19.22,19.202,19.22,307,0
2016-04-11,19.454,19.454,19.454,19.454,103,0
2016-04-12,19.758,19.807,19.758,19.807,1031,0
2016-04-14,20.245,20.245,20.245,20.245,166,0
2016-04-15,20.208,20.208,20.208,20.208,307,0
2016-04-18,20.121,20.15,20.121,20.15,612,0
2016-04-19,20.473,20.482,20.473,20.482,516,0
2016-04-20,20.315,20.315,20.315,20.315,103,0
2016-04-22,20.14,20.154,20.073,20.121,408,0
2016-04-25,20.062,20.062,20.062,20.062,1431,0
2016-04-26,20.121,20.149,20.121,20.13,612,0
2016-04-27,20.297,20.297,20.297,20.297,307,0
2016-04-28,20.197,20.197,20.197,20.197,103,0
2016-05-02,19.964,19.964,19.964,19.964,135,0
2016-05-03,19.787,19.787,19.787,19.787,203,0
2016-05-05,19.328,19.341,19.298,19.298,716,0
2016-05-06,19.232,19.308,19.232,19.298,3819,0
2016-05-10,19.298,19.298,19.298,19.298,103,0
2016-05-11,19.465,19.465,19.465,19.465,156,0
2016-05-13,19.377,19.377,19.377,19.377,203,0
2016-05-18,19.034,19.034,19.034,19.034,103,0
2016-05-19,18.877,18.877,18.7,18.742,521,0
2016-05-23,18.867,18.867,18.847,18.847,2146,0
2016-05-24,18.936,18.989,18.936,18.942,1636,0
2016-05-25,19.132,19.269,19.132,19.22,2275,0
2016-05-27,19.36,19.36,19.36,19.36,121,0
2016-05-31,19.348,19.39,19.348,19.39,461,0
2016-06-01,19.27,19.348,19.27,19.298,716,0
2016-06-02,19.514,19.514,19.514,19.514,153,0
2016-06-03,19.564,19.564,19.564,19.564,612,0
2016-06-06,19.906,19.945,19.857,19.857,2043,0
2016-06-08,20.227,20.341,20.227,20.306,1533,0
2016-06-09,20.096,20.096,20.096,20.096,239,0
2016-06-10,19.827,19.827,19.827,19.827,203,0
2016-06-13,19.386,19.386,19.308,19.308,919,0
2016-06-15,19.386,19.517,19.386,19.517,568,0
2016-06-16,19.182,19.182,19.182,19.182,103,0
2016-06-17,19.396,19.469,19.396,19.469,460,0
2016-06-21,19.847,19.847,19.847,19.847,203,0
2016-06-22,20.013,20.013,19.91,19.91,3977,0
2016-06-24,19.252,19.252,19.252,19.252,307,0
2016-06-27,19.418,19.418,19.418,19.418,264,0
2016-06-28,19.478,19.644,19.478,19.568,3883,0
2016-06-30,20.286,20.286,20.286,20.286,475,0
2016-07-01,20.585,20.605,20.585,20.605,1690,0
2016-07-05,20.102,20.102,20.102,20.102,132,0
2016-07-06,19.988,19.988,19.988,19.988,103,0
2016-07-07,20.056,20.095,20.056,20.095,918,0
2016-07-11,20.702,20.772,20.702,20.772,918,0
2016-07-12,21.084,21.233,21.084,21.233,249,0
2016-07-13,21.055,21.075,21.055,21.055,918,0
2016-07-19,21.174,21.309,21.174,21.283,1233,0
2016-07-20,21.26,21.413,21.26,21.413,655,0
2016-07-21,21.34,21.37,21.138,21.25,25293,0
2016-07-26,21.363,21.363,21.315,21.315,1439,0
2016-07-27,21.536,21.536,21.456,21.456,919,0
2016-07-28,21.38,21.457,21.223,21.417,42831,0
2016-08-02,21.26,21.29,21.26,21.29,1327,0
2016-08-03,21.384,21.384,21.384,21.384,142,0
2016-08-04,21.609,21.609,21.534,21.534,360,0
2016-08-05,21.79,21.79,21.722,21.722,357,0
2016-08-10,22.05,22.05,22.05,22.05,453,0
2016-08-11,22.32,22.32,22.32,22.32,408,0
2016-08-12,22.357,22.357,22.311,22.311,203,0
2016-08-15,22.534,22.648,22.534,22.642,2144,0
2016-08-16,22.559,22.585,22.524,22.585,968,0
2016-08-17,22.28,22.28,22.182,22.182,510,0
2016-08-18,22.461,22.514,22.358,22.428,957,0
2016-08-19,22.348,22.388,22.338,22.338,1257,0
2016-08-22,22.251,22.251,22.082,22.082,359,0
2016-08-23,22.211,22.211,22.211,22.211,110,0
2016-08-24,22.046,22.133,22.046,22.098,728,0
2016-08-25,22.083,22.083,22.038,22.038,391,0
2016-08-29,22.064,22.064,22.064,22.064,126,0
2016-08-30,22.114,22.114,22.114,22.114,611,0
2016-09-01,22.263,22.263,22.263,22.263,297,0
2016-09-02,22.495,22.495,22.495,22.495,198,0
2016-09-06,22.73,22.916,22.721,22.906,31053,0
2016-09-07,22.926,22.954,22.926,22.954,2674,0
2016-09-08,23.072,23.093,22.849,22.896,18577,0
2016-09-09,22.633,22.633,22.299,22.299,2011,0
2016-09-12,22.075,22.563,22.075,22.538,2593,0
2016-09-13,22.065,22.065,21.81,21.81,307,0
2016-09-14,21.968,21.986,21.968,21.986,408,0
2016-09-15,22.016,22.114,22.016,22.045,510,0
2016-09-16,22.006,22.006,22.006,22.006,192,0
2016-09-19,22.202,22.202,22.124,22.124,355,0
2016-09-20,22.358,22.388,22.241,22.28,3113,0
2016-09-22,23.294,23.294,22.831,22.94,4414,0
2016-09-23,22.709,22.709,22.709,22.709,253,0
2016-09-27,22.577,22.577,22.577,22.577,152,0
2016-09-29,22.762,22.799,22.61,22.61,1325,0
2016-09-30,22.505,22.657,22.505,22.657,1678,0
2016-10-03,22.756,22.782,22.673,22.782,2181,0
2016-10-04,22.693,22.693,22.533,22.533,546,0
2016-10-06,22.899,22.899,22.899,22.899,405,0
2016-10-07,22.909,22.909,22.909,22.909,288,0
2016-10-10,23.147,23.147,23.147,23.147,305,0
2016-10-11,22.879,22.879,22.696,22.696,475,0
2016-10-13,22.568,22.568,22.568,22.568,1416,0
2016-10-14,22.524,22.558,22.495,22.528,405,0
2016-10-18,23.097,23.339,23.097,23.339,546,0
2016-10-19,23.338,23.338,23.338,23.338,140,0
2016-10-24,23.501,23.501,23.501,23.501,187,0
2016-10-25,23.658,23.658,23.522,23.533,871,0
2016-10-27,23.142,23.201,23.102,23.102,1218,0
2016-10-31,22.896,22.904,22.87,22.87,1102,0
2016-11-01,22.949,22.949,22.653,22.663,1318,0
2016-11-02,22.437,22.537,22.407,22.537,2651,0
2016-11-03,22.391,22.431,22.367,22.431,1610,0
2016-11-04,22.219,22.219,22.219,22.219,227,0
2016-11-07,22.614,22.802,22.614,22.802,3752,0
2016-11-08,23.047,23.047,23.047,23.047,507,0
2016-11-09,22.475,22.81,22.46,22.81,1288,0
2016-11-11,21.717,21.717,21.42,21.628,846,0
2016-11-14,21.46,21.46,21.43,21.43,450,0
2016-11-15,21.564,21.564,21.564,21.564,104,0
2016-11-16,21.372,21.579,21.372,21.579,1835,0
2016-11-17,21.628,21.647,21.352,21.569,5273,0
2016-11-18,21.344,21.653,21.344,21.482,2399,0
2016-11-21,21.55,21.821,21.483,21.483,2178,0
2016-11-22,21.993,21.993,21.717,21.954,3325,0
2016-11-23,21.904,21.905,21.766,21.815,3853,0
2016-11-25,21.979,21.979,21.979,21.979,356,0
2016-11-28,21.934,22.284,21.934,22.284,565,0
2016-11-29,21.879,21.879,21.879,21.879,305,0
2016-11-30,21.934,21.934,21.934,21.934,312,0
2016-12-01,21.695,21.695,21.384,21.384,1568,0
2016-12-02,21.56,21.56,21.443,21.51,1270,0
2016-12-05,21.302,21.598,21.302,21.598,4430,0
2016-12-06,21.756,21.756,21.756,21.756,135,0
2016-12-07,22.17,22.17,22.092,22.092,550,0
2016-12-08,22.215,22.229,22.18,22.18,607,0
2016-12-09,22.008,22.008,22.008,22.008,455,0
2016-12-14,22.062,22.062,22.062,22.062,160,0
2016-12-15,21.647,21.857,21.647,21.857,487,0
2016-12-16,21.5,21.667,21.334,21.334,1156,0
2016-12-19,21.391,21.43,21.33,21.382,1058,0
2016-12-20,21.105,21.32,21.105,21.295,957,0
2016-12-21,21.401,21.401,21.401,21.401,101,0
2016-12-22,21.251,21.251,21.065,21.065,1564,0
2016-12-23,21.223,21.606,21.223,21.351,896,0
2016-12-27,21.48,21.49,21.42,21.42,1312,0
2016-12-28,21.52,21.53,21.51,21.53,604,0
2016-12-29,21.49,21.601,21.49,21.601,252,0
2016-12-30,21.536,21.536,21.536,21.536,907,0
2017-01-03,21.817,21.887,21.817,21.887,1766,0
2017-01-05,22.66,22.66,22.53,22.53,202,0
2017-01-06,22.039,22.039,22.039,22.039,403,0
2017-01-09,22.332,22.332,22.332,22.332,303,0
2017-01-10,22.467,22.471,22.467,22.471,426,0
2017-01-11,22.57,22.57,22.53,22.53,262,0
2017-01-13,22.868,23.073,22.839,23.073,2545,0
2017-01-17,23.553,23.553,22.982,22.982,394,0
2017-01-18,23.132,23.132,22.724,22.724,1963,0
2017-01-19,22.883,22.883,22.883,22.883,278,0
2017-01-20,22.933,22.945,22.809,22.847,1744,0
2017-01-23,23.106,23.106,23.106,23.106,789,0
2017-01-24,23.086,23.216,23.086,23.216,454,0
2017-01-25,23.453,23.453,23.415,23.415,604,0
2017-01-27,23.374,23.374,23.374,23.374,101,0
2017-01-30,23.289,23.309,23.107,23.107,1276,0
2017-02-01,23.642,23.642,23.423,23.423,439,0
2017-02-06,23.542,23.542,23.542,23.542,101,0
2017-02-07,23.543,23.543,23.543,23.543,101,0
2017-02-08,23.652,23.679,23.63,23.63,855,0
2017-02-09,23.81,23.81,23.547,23.547,408,0
2017-02-10,24.013,24.013,24.013,24.013,706,0
2017-02-14,24.346,24.346,23.91,24.068,12213,0
2017-02-15,24.172,24.305,24.172,24.305,473,0
2017-02-16,24.463,24.465,24.326,24.465,656,0
2017-02-17,24.163,24.287,24.163,24.249,1330,0
2017-02-21,24.435,24.563,24.435,24.452,2143,0
2017-02-22,24.465,24.553,24.395,24.395,1163,0
2017-02-23,24.395,24.479,24.395,24.455,464,0
2017-02-24,24.167,24.197,23.989,24.086,2069,0
2017-02-27,24.059,24.091,24.009,24.009,917,0
2017-02-28,23.95,24.054,23.95,24.054,384,0
2017-03-01,23.886,24.404,23.886,24.404,1293,0
2017-03-02,23.805,23.83,23.553,23.81,9111,0
2017-03-06,23.934,23.934,23.934,23.934,168,0
2017-03-07,23.84,23.84,23.83,23.83,333,0
2017-03-08,23.691,23.691,23.463,23.593,1054,0
2017-03-09,23.226,23.603,23.226,23.395,1525,0
2017-03-10,23.404,23.404,23.404,23.404,201,0
2017-03-13,23.976,23.976,23.806,23.806,803,0
2017-03-16,24.648,24.697,24.63,24.63,1440,0
2017-03-17,24.599,24.599,24.415,24.474,10219,0
2017-03-20,24.683,24.742,24.683,24.742,317,0
2017-03-23,24.545,24.545,24.496,24.496,876,0
2017-03-24,24.275,24.665,24.242,24.664,8488,0
2017-03-28,24.655,24.655,24.655,24.655,162,0
2017-03-31,24.175,24.315,24.129,24.315,625,0
2017-04-05,24.715,24.715,24.715,24.715,185,0
2017-04-06,24.404,24.404,24.404,24.404,218,0
2017-04-11,23.867,23.867,23.867,23.867,437,0
2017-04-17,24.11,24.11,24.11,24.11,101,0
2017-04-18,24.095,24.102,24.095,24.102,689,0
2017-04-19,23.995,23.995,23.995,23.995,134,0
2017-04-20,23.856,23.914,23.856,23.914,1228,0
2017-04-25,24.509,24.638,24.509,24.638,1280,0
2017-04-26,24.342,24.497,24.303,24.339,881,0
2017-04-27,24.213,24.213,24.213,24.213,152,0
2017-05-01,24.407,24.407,24.377,24.377,514,0
2017-05-02,24.506,24.506,24.506,24.506,1007,0
2017-05-03,24.874,24.874,24.42,24.42,1431,0
2017-05-04,24.276,24.276,24.276,24.276,168,0
2017-05-09,24.804,24.804,24.804,24.804,4561,0
2017-05-10,24.804,24.814,24.804,24.814,947,0
2017-05-11,25.242,25.388,25.242,25.299,4256,0
2017-05-12,25.399,25.399,25.399,25.399,656,0
2017-05-15,25.696,25.965,25.696,25.965,10414,0
2017-05-16,25.892,25.892,25.892,25.892,226,0
2017-05-17,26.053,26.192,25.839,25.865,414805,0
2017-05-18,24.635,25.14,24.635,24.774,119753,0
2017-05-19,25.221,25.518,25.221,25.449,155729,0
2017-05-22,25.429,25.508,25.341,25.458,15069,0
2017-05-23,25.458,25.508,25.319,25.419,27608,0
2017-05-24,25.349,25.468,25.349,25.449,77136,0
2017-05-25,25.677,25.726,25.588,25.706,42180,0
2017-05-26,25.832,25.885,25.832,25.855,5219,0
2017-05-30,25.845,25.855,25.736,25.796,17542,0
2017-05-31,25.661,25.706,25.661,25.686,4606,0
2017-06-01,25.726,25.86,25.726,25.855,48759,0
2017-06-02,25.816,25.914,25.806,25.875,13246,0
2017-06-05,25.746,25.865,25.717,25.755,13995,0
2017-06-06,25.746,25.925,25.746,25.885,5647,0
2017-06-07,25.786,25.985,25.747,25.975,27014,0
2017-06-08,26.064,26.064,25.825,25.905,8457,0
2017-06-09,26.034,26.222,25.548,25.756,44480,0
2017-06-12,25.409,25.568,25.261,25.399,173930,0
2017-06-13,25.677,25.766,25.518,25.568,10721,0
2017-06-14,25.746,25.835,25.598,25.598,25800,0
2017-06-15,25.379,25.389,25.227,25.389,32318,0
2017-06-16,25.319,25.458,25.319,25.429,11596,0
2017-06-19,25.642,25.756,25.637,25.716,29011,0
2017-06-20,25.508,25.508,25.221,25.221,9232,0
2017-06-21,25.231,25.408,25.211,25.241,25954,0
2017-06-22,25.233,25.451,25.233,25.402,19616,0
2017-06-23,25.471,25.63,25.471,25.561,11625,0
2017-06-26,25.74,25.849,25.733,25.847,29025,0
2017-06-27,25.531,25.72,25.47,25.471,12867,0
2017-06-28,25.501,25.715,25.501,25.714,7935,0
2017-06-29,25.8,25.8,25.402,25.628,62331,0
2017-06-30,25.819,25.859,25.591,25.859,5344,0
2017-07-03,25.79,25.884,25.79,25.884,11772,0
2017-07-05,25.823,25.868,25.8,25.839,22294,0
2017-07-06,25.7,25.72,25.621,25.621,8389,0
2017-07-07,25.601,25.749,25.601,25.735,5936,0
2017-07-10,25.77,25.968,25.77,25.959,34506,0
2017-07-11,26.148,26.219,26.038,26.212,2514,0
2017-07-12,26.478,26.735,26.447,26.725,6982,0
2017-07-13,26.784,26.794,26.675,26.794,6177,0
2017-07-14,27.013,27.162,27.003,27.142,51928,0
2017-07-17,27.152,27.152,26.943,27.003,17360,0
2017-07-18,27.048,27.321,27.048,27.321,3934,0
2017-07-19,27.415,27.5,27.361,27.436,2653,0
2017-07-20,27.63,27.63,27.568,27.596,2435,0
2017-07-21,27.493,27.496,27.448,27.496,7871,0
2017-07-24,27.63,27.65,27.55,27.65,12053,0
2017-07-25,27.848,27.848,27.59,27.719,7582,0
2017-07-26,27.779,27.968,27.779,27.968,7426,0
2017-07-27,28.067,28.067,27.63,27.789,9974,0
2017-07-28,27.59,27.61,27.461,27.61,9214,0
2017-07-31,27.659,27.769,27.593,27.769,3013,0
2017-08-01,27.888,27.948,27.884,27.948,4111,0
2017-08-02,27.858,27.938,27.783,27.918,40167,0
2017-08-03,27.689,27.749,27.689,27.737,1782,0
2017-08-04,27.749,27.828,27.739,27.799,5915,0
2017-08-07,27.998,28.039,27.949,28.039,1196,0
2017-08-08,28.074,28.164,27.942,27.942,1923,0
2017-08-09,27.63,27.709,27.555,27.709,12740,0
2017-08-10,27.401,27.401,26.922,26.943,8243,0
2017-08-11,26.865,27.043,26.824,26.963,1507,0
2017-08-14,27.301,27.421,27.152,27.152,2865,0
2017-08-15,27.172,27.301,27.172,27.277,1097,0
2017-08-16,27.48,27.658,27.407,27.54,7930,0
2017-08-17,27.5,27.5,27.122,27.122,4095,0
2017-08-18,27.47,27.47,27.124,27.222,10634,0
2017-08-21,27.499,27.499,27.401,27.401,1787,0
2017-08-22,27.679,27.709,27.679,27.709,1226,0
2017-08-23,27.858,27.858,27.819,27.819,455,0
2017-08-24,28.057,28.127,28.057,28.118,2901,0
2017-08-25,28.346,28.405,28.197,28.244,4325,0
2017-08-28,28.148,28.286,28.148,28.235,5695,0
2017-08-29,27.988,28.226,27.988,28.167,20830,0
2017-08-30,28.329,28.329,28.267,28.267,783,0
2017-08-31,28.505,28.505,28.336,28.336,2604,0
2017-09-01,28.56,28.823,28.56,28.735,15331,0
2017-09-05,28.714,28.714,28.296,28.363,11172,0
2017-09-06,28.734,28.734,28.518,28.714,2316,0
2017-09-07,28.764,28.903,28.764,28.893,2446,0
2017-09-08,28.604,28.739,28.582,28.624,3905,0
2017-09-11,28.915,29.155,28.915,29.072,1805,0
2017-09-12,29.191,29.261,29.072,29.141,8448,0
2017-09-13,29.112,29.301,29.048,29.211,13696,0
2017-09-14,29.191,29.38,29.191,29.38,6363,0
2017-09-15,29.41,29.529,29.36,29.529,4600,0
2017-09-18,29.768,29.768,29.619,29.678,3635,0
2017-09-19,29.849,29.849,29.42,29.738,10238,0
2017-09-20,29.838,29.838,29.33,29.4,88933,0
2017-09-21,29.4,29.499,29.2968,29.48,7639,0
2017-09-22,29.22,29.36,28.29,29.36,15404,0
2017-09-25,29.1,29.1,28.6002,28.65,6178,0
2017-09-26,28.91,28.91,28.59,28.71,100046,0
2017-09-27,28.62,28.625,28.44,28.46,50813,0
2017-09-28,28.51,28.58,28.4501,28.53,6298,0
2017-09-29,28.75,28.998,28.735,28.998,12190,0
2017-10-02,29.0682,29.148,29.006,29.148,4562,0
2017-10-03,29.25,29.63,29.25,29.63,40653,0
2017-10-04,29.66,29.84,29.5099,29.69,8157,0
2017-10-05,29.74,29.93,29.66,29.75,18157,0
2017-10-06,29.5,29.674,29.5,29.54,5996,0
2017-10-09,29.498,29.498,29.3625,29.495,651,0
2017-10-10,29.63,29.7699,29.62,29.76,4829,0
2017-10-11,29.5411,29.73,29.531,29.69,3960,0
2017-10-12,29.83,29.83,29.7011,29.735,4971,0
2017-10-13,30.12,30.12,29.8,30.06,93131,0
2017-10-16,30.16,30.16,29.84,29.84,20545,0
2017-10-17,29.97,29.97,29.68,29.81,12414,0
2017-10-18,29.719,29.868,29.69,29.83,30552,0
2017-10-19,29.41,29.559,29.2666,29.47,4671,0
2017-10-20,29.5492,29.6399,29.536,29.585,4907,0
2017-10-23,29.381,29.5,29.22,29.22,5309,0
2017-10-24,29.33,29.33,29.17,29.3172,9081,0
2017-10-25,29.56,29.56,29.1,29.15,3957,0
2017-10-26,29.3151,29.3151,29.03,29.05,4037,0
2017-10-27,29.19,29.39,29.16,29.39,3195,0
2017-10-30,29.17,29.17,28.91,29.05,27462,0
2017-10-31,29.25,29.3699,29.2375,29.31,18558,0
2017-11-01,29.7,29.73,29.45,29.52,11838,0
2017-11-02,29.49,29.56,29.38,29.56,2902,0
2017-11-03,29.66,29.66,29.2,29.48,5713,0
2017-11-06,29.6311,29.7925,29.6311,29.7925,1920,0
2017-11-07,29.58,29.63,29.28,29.3398,15261,0
2017-11-08,29.6,29.69,29.39,29.69,11636,0
2017-11-09,29.4484,29.483,29.19,29.3901,4396,0
2017-11-10,29.4699,29.4699,29.311,29.32,6747,0
