Date,Open,High,Low,Close,Volume,OpenInt
2010-04-08,1210.6,1227,1210.4,1217.2,245,0
2010-04-09,1202,1202,1202,1202,5,0
2010-04-12,1200.8,1210,1199,1203.2,185,0
2010-04-13,1200,1213.2,1198.4,1198.4,85,0
2010-04-14,1194.6,1200.4,1185.4,1185.4,55,0
2010-04-15,1179,1182,1179,1182,101,0
2010-04-16,1182,1201.6,1182,1194,50,0
2010-04-19,1187.4,1216.6,1187.4,1206,325,0
2010-04-20,1198.4,1206.6,1196.2,1196.2,65,0
2010-04-21,1224.4,1244.2,1222,1235.4,244,0
2010-04-22,1237.2,1279.6,1237.2,1252.4,499,0
2010-04-23,1246.8,1246.8,1229,1229,21,0
2010-04-26,1221.8,1242,1221.8,1242,173,0
2010-04-27,1240.2,1272,1225.4,1272,95,0
2010-04-28,1267.8,1270.4,1266.6,1270.4,45,0
2010-04-29,1252.4,1252.4,1175,1188.2,318,0
2010-04-30,1176.6,1206.6,1176.6,1206.6,175,0
2010-05-03,1206.6,1206.6,1188.4,1188.4,65,0
2010-05-04,1221.2,1241.2,1221.2,1230,215,0
2010-05-05,1294.4,1294.6,1278.8,1282,150,0
2010-05-06,1297.4,1545,1296.2,1464,367,0
2010-05-07,1550,1550,1393.2,1460,120,0
2010-05-10,1321.6,1387.6,1321.6,1370.4,482,0
2010-05-11,1348.6,1348.6,1312.2,1335.6,40,0
2010-05-12,1290.8,1290.8,1290.8,1290.8,15,0
2010-05-14,1349.8,1390.8,1349.8,1370.6,265,0
2010-05-17,1363.2,1363.2,1362.4,1362.4,10,0
2010-05-18,1348,1393.8,1339.6,1390.8,279,0
2010-05-19,1378.2,1418.6,1378.2,1397,150,0
2010-05-20,1496.4,1516.4,1491.2,1496,40,0
2010-05-21,1556.4,1560.2,1496,1518.8,195,0
2010-05-24,1530,1530,1524,1528.8,103,0
2010-05-25,1594.8,1610.6,1531.2,1531.2,190,0
2010-05-26,1497.4,1558.6,1493.2,1558,135,0
2010-05-27,1505,1507.8,1478,1478,80,0
2010-06-01,1495.4,1542,1495.4,1542,20,0
2010-06-02,1514,1514,1435,1435,145,0
2010-06-03,1425,1426.2,1409.8,1410.8,147,0
2010-06-07,1537,1554.4,1516.2,1554.4,160,0
2010-06-08,1576.2,1608.8,1543.8,1593,75,0
2010-06-09,1561.4,1603,1548.4,1603,168,0
2010-06-10,1547.6,1547.6,1500.8,1500.8,70,0
2010-06-11,1518,1518,1464.6,1465,45,0
2010-06-15,1404,1404,1394,1394,50,0
2010-06-16,1410.2,1410.2,1394,1404.8,17,0
2010-06-18,1390,1402.4,1378.2,1402.4,65,0
2010-06-22,1429.8,1463.4,1429.8,1463,25,0
2010-06-23,1469.6,1469.6,1461.4,1461.4,60,0
2010-06-24,1474.4,1479.6,1474.4,1479.6,25,0
2010-06-25,1473,1473.2,1425.8,1436.8,95,0
2010-06-29,1523.6,1542.8,1523.6,1542.8,10,0
2010-06-30,1537.2,1593.4,1534,1593.4,145,0
2010-07-01,1606,1712.4,1606,1663.2,187,0
2010-07-02,1639.4,1639.4,1639.4,1639.4,10,0
2010-07-06,1593.8,1672.2,1593.6,1672.2,170,0
2010-07-07,1698.6,1698.6,1637.4,1637.4,161,0
2010-07-08,1599.8,1599.8,1586.2,1586.2,18,0
2010-07-09,1576.8,1576.8,1535.8,1539.2,86,0
2010-07-12,1517.8,1549.4,1517.8,1549.4,12,0
2010-07-13,1486.8,1486.8,1483.2,1483.2,10,0
2010-07-15,1490.4,1490.4,1490,1490.4,25,0
2010-07-19,1588.6,1588.6,1588.6,1588.6,25,0
2010-07-20,1588.8,1589.6,1569.6,1569.6,54,0
2010-07-21,1542.8,1569.8,1527.4,1569.8,100,0
2010-07-22,1521.4,1521.6,1520.8,1520.8,35,0
2010-07-23,1485.4,1550.4,1485.4,1492.6,450,0
2010-07-26,1438.8,1438.8,1404.8,1404.8,45,0
2010-07-27,1401.4,1416.8,1401.4,1416.8,33,0
2010-07-28,1436.6,1470.8,1436.6,1470.8,101,0
2010-07-29,1441.8,1478.2,1441.8,1478.2,30,0
2010-07-30,1488.8,1493.2,1429.4,1431.2,66,0
2010-08-02,1412,1412,1412,1412,5,0
2010-08-03,1398.2,1398.2,1365.4,1365.4,117,0
2010-08-04,1337.4,1337.4,1331,1331,20,0
2010-08-05,1336.6,1349.2,1336.6,1343.8,65,0
2010-08-06,1378.8,1381,1325.6,1325.6,230,0
2010-08-09,1311.8,1320.6,1311.8,1320,45,0
2010-08-10,1342,1342,1327.4,1327.4,35,0
2010-08-12,1419.6,1419.6,1369.8,1381.6,135,0
2010-08-13,1412.4,1412.4,1393.8,1395.6,47,0
2010-08-16,1428.2,1428.2,1397.2,1397.2,40,0
2010-08-17,1370,1370,1370,1370,5,0
2010-08-18,1374.4,1395.6,1358.2,1375.2,493,0
2010-08-19,1435.2,1435.2,1435.2,1435.2,5,0
2010-08-20,1453.8,1454,1453.8,1454,10,0
2010-08-23,1407.4,1442.4,1407.4,1442.4,10,0
2010-08-24,1491,1501.8,1489.2,1489.2,71,0
2010-08-25,1518,1518,1486.2,1486.2,80,0
2010-08-26,1463.4,1512,1463.4,1512,20,0
2010-08-31,1484.6,1486,1484.6,1486,30,0
2010-09-01,1413.2,1413.2,1413.2,1413.2,12,0
2010-09-03,1361.6,1361.6,1361.6,1361.6,50,0
2010-09-07,1361.6,1370.8,1361.6,1370.8,10,0
2010-09-08,1375.4,1375.4,1375.4,1375.4,5,0
2010-09-09,1320.2,1320.2,1295,1306.8,95,0
2010-09-10,1287,1287,1287,1287,6,0
2010-09-13,1271,1271,1271,1271,6,0
2010-09-14,1284.6,1284.6,1284.6,1284.6,25,0
2010-09-15,1270,1270,1256.8,1256.8,30,0
2010-09-16,1269.8,1271.2,1263.8,1271.2,20,0
2010-09-20,1246.6,1246.6,1230,1230,15,0
2010-09-21,1220.2,1220.2,1220.2,1220.2,10,0
2010-09-27,1197.2,1212.8,1197.2,1212.8,56,0
2010-09-28,1234.8,1234.8,1223.2,1223.2,25,0
2010-09-29,1211.2,1222.6,1211,1222.6,15,0
2010-09-30,1204.8,1220.6,1204.8,1220.6,25,0
2010-10-04,1239.4,1239.4,1238,1238,15,0
2010-10-05,1204.8,1204.8,1178.8,1178.8,31,0
2010-10-06,1180.6,1192.4,1178.6,1192.2,21,0
2010-10-07,1207,1207,1190.8,1195.6,500,0
2010-10-08,1176.2,1184.4,1176.2,1184.4,20,0
2010-10-11,1176,1186,1176,1186,80,0
2010-10-12,1202.6,1202.6,1162.2,1163.6,190,0
2010-10-13,1156.2,1157.2,1146.2,1157.2,35,0
2010-10-14,1164.8,1167.6,1163.6,1166.8,275,0
2010-10-15,1156.4,1162,1139.8,1142.2,410,0
2010-10-18,1136.2,1138.8,1126,1126,165,0
2010-10-19,1160,1170,1160,1162.6,20,0
2010-10-20,1167.2,1167.2,1138.4,1154.6,158,0
2010-10-21,1176.8,1176.8,1163,1163,75,0
2010-10-22,1158.8,1159.4,1158.8,1159.4,98,0
2010-10-25,1134.8,1142,1133.2,1142,480,0
2010-10-26,1156.6,1156.6,1144.2,1147.6,375,0
2010-10-27,1138.6,1155,1136,1136,575,0
2010-10-28,1116.4,1125,1116.2,1123,467,0
2010-11-01,1132.4,1138.8,1132.4,1138.8,15,0
2010-11-03,1133.4,1139,1131.8,1131.8,65,0
2010-11-05,1137,1149,1137,1149,141,0
2010-11-08,1148.4,1158.2,1148.4,1155.4,110,0
2010-11-10,1192,1192.4,1164.2,1164.2,60,0
2010-11-15,1165.8,1165.8,1164.2,1164.4,110,0
2010-11-16,1194,1194,1194,1194,13,0
2010-11-18,1155,1155,1138.8,1146,15,0
2010-11-19,1138,1142.4,1138,1142,170,0
2010-11-26,1136.6,1136.6,1136.6,1136.6,11,0
2010-11-29,1154.2,1154.2,1145.8,1145.8,35,0
2010-12-02,1131.2,1131.2,1131.2,1131.2,15,0
2010-12-03,1123.6,1123.8,1120.8,1120.8,30,0
2010-12-06,1124,1124,1124,1124,5,0
2010-12-07,1120.8,1120.8,1120.8,1120.8,5,0
2010-12-15,1038.4,1059.4,1038.4,1059.4,48,0
2010-12-16,1030.4,1030.4,1030.4,1030.4,5,0
2010-12-17,1003,1003,1003,1003,5,0
2010-12-21,997,997,991.2,991.2,28,0
2010-12-22,992.8,992.8,992.8,992.8,25,0
2010-12-27,1003.2,1003.2,1003.2,1003.2,5,0
2010-12-29,1000.4,1000.4,1000.4,1000.4,5,0
2010-12-30,1005.4,1005.4,1005.4,1005.4,135,0
2010-12-31,1016,1016,1016,1016,16,0
2011-01-06,1016,1016,983.6,983.6,10,0
2011-01-11,978.6,978.6,978.6,978.6,5,0
2011-01-13,901.2,965.8,901.2,963.4,28,0
2011-01-14,963.4,963.4,958.8,958.8,26,0
2011-01-19,958.6,958.8,958.6,958.8,10,0
2011-01-20,983,983,983,983,32,0
2011-01-25,988.8,988.8,988.8,988.8,5,0
2011-01-26,952,953,952,953,20,0
2011-01-28,1002.8,1002.8,1002.8,1002.8,10,0
2011-02-07,995.6,996.2,995.6,996.2,10,0
2011-02-08,1002.2,1002.8,1002.2,1002.8,514,0
2011-02-09,1012,1012,1012,1012,5,0
2011-02-10,1006.4,1006.4,1006.4,1006.4,10,0
2011-02-14,989.2,989.2,989.2,989.2,250,0
2011-02-15,980.8,980.8,980.8,980.8,25,0
2011-02-16,1015.4,1015.4,1015.4,1015.4,16,0
2011-02-18,1005.6,1005.6,969.4,969.4,15,0
2011-02-22,999.8,1001.4,999.8,1001.4,250,0
2011-02-23,1001.6,1020,1001.4,1020,550,0
2011-02-24,1023.2,1030.4,1014.8,1014.8,507,0
2011-02-28,988.4,988.4,983.2,983.2,13,0
2011-03-02,981.2,1013.4,981.2,981.2,20,0
2011-03-03,966,966.4,950,953.6,1086,0
2011-03-07,972.6,972.6,962.4,962.4,310,0
2011-03-08,951.6,951.6,940.2,940.2,40,0
2011-03-10,966.8,966.8,965,966.8,505,0
2011-03-11,984.4,984.4,958.8,958.8,10,0
2011-03-14,968.4,968.4,963.6,963.6,260,0
2011-03-17,1000.8,1001.4,996.2,1001.4,459,0
2011-03-18,983,983,981,981,135,0
2011-03-21,953.4,978.6,953.4,953.4,55,0
2011-03-22,979.6,980,979.6,980,175,0
2011-03-23,981,981,971.6,971.6,30,0
2011-03-25,927.6,932.6,926.8,932.6,80,0
2011-03-28,972.2,972.2,942.2,942.4,35,0
2011-03-29,942.4,942.4,916.8,916.8,175,0
2011-03-30,889.4,889.4,876,876,40,0
2011-03-31,876.8,876.8,868,868,25,0
2011-04-04,856.6,901,847,854,40,0
2011-04-05,832,832,832,832,5,0
2011-04-08,831,831,831,831,5,0
2011-04-11,832.6,832.6,832.6,832.6,23,0
2011-04-12,843.6,843.6,843.6,843.6,10,0
2011-04-13,823.2,829.6,823.2,824.4,33,0
2011-04-14,822.2,822.2,822.2,822.2,58,0
2011-04-18,824.4,824.4,824.4,824.4,75,0
2011-04-20,799.2,799.2,788.6,790.6,40,0
2011-04-21,788.6,788.6,788.6,788.6,5,0
2011-04-25,799.6,799.6,798.4,798.4,18,0
2011-04-26,788,788,787,787,40,0
2011-04-27,765.6,766,740,740,973,0
2011-04-28,734,734,730.8,730.8,20,0
2011-04-29,736,743.4,736,743.4,40,0
2011-05-02,728,738.2,728,738,20,0
2011-05-03,743.6,756.2,743.6,751.8,314,0
2011-05-04,760,770.8,758.6,764.2,628,0
2011-05-05,760.2,787.2,754.8,785.2,279,0
2011-05-06,758.6,761.6,758.6,761.6,52,0
2011-05-09,760,760,738.8,738.8,40,0
2011-05-10,738.6,738.6,731,731,75,0
2011-05-11,737.4,743.8,735.4,743.8,60,0
2011-05-12,747.6,747.6,719.8,719.8,20,0
2011-05-16,747.4,747.4,744,744,50,0
2011-05-17,756.6,756.6,747.6,747.6,123,0
2011-05-18,735.6,742.2,732.2,732.2,62,0
2011-05-19,746.6,748.6,743.2,743.2,77,0
2011-05-23,749,765.2,749,761.8,103,0
2011-05-24,764.2,764.2,756,758.8,67,0
2011-05-26,755,755,755,755,17,0
2011-05-27,740.8,740.8,735.6,735.8,42,0
2011-05-31,717.8,735.4,717.2,722.4,236,0
2011-06-01,729.6,744.6,729.6,744.6,10,0
2011-06-02,747.6,747.6,738.4,739.6,140,0
2011-06-03,752.2,754.6,740.6,750,135,0
2011-06-07,764.8,765.2,758.8,758.8,48,0
2011-06-08,762.2,772.2,755,763.6,140,0
2011-06-09,776.8,779,760,769.2,72,0
2011-06-10,773,801.4,773,801.4,86,0
2011-06-13,804.8,805,792.8,805,405,0
2011-06-14,810.2,810.2,786,791.4,185,0
2011-06-15,798.6,809,779.4,809,173,0
2011-06-16,806,828.8,806,819.2,126,0
2011-06-17,802.8,822.8,802.8,822.8,530,0
2011-06-20,817.2,817.4,810,810,15,0
2011-06-21,792.8,795.6,788.2,792.2,297,0
2011-06-22,787.8,792.8,787.8,792.8,46,0
2011-06-23,807,821.2,807,821.2,60,0
2011-06-27,785.6,785.8,785.6,785.8,30,0
2011-06-28,780.6,780.6,754.2,756.8,55,0
2011-06-29,758.2,758.2,750.2,755.6,62,0
2011-06-30,747.4,748.2,743.8,748.2,61,0
2011-07-01,755.4,755.4,731.2,734.4,196,0
2011-07-05,740.2,740.2,728.4,730.8,380,0
2011-07-06,726.4,739,719.6,722.4,174,0
2011-07-07,718,718.4,711,712.2,191,0
2011-07-08,728.8,728.8,709.6,709.6,99,0
2011-07-11,724.4,739.2,722.8,733.4,589,0
2011-07-12,745.8,745.8,722,734,203,0
2011-07-13,733.8,733.8,711.6,716.4,141,0
2011-07-14,722.8,733,715.4,733,101,0
2011-07-15,734,740.8,734,736,60,0
2011-07-18,760,760.4,756,756,40,0
2011-07-20,738.4,742.2,732.6,741.4,235,0
2011-07-22,714.8,717,708.6,710.2,103,0
2011-07-25,727,735.6,722.6,735.6,69,0
2011-07-26,741.6,750.6,741.6,750.6,85,0
2011-07-27,760,791.2,760,791.2,153,0
2011-07-28,787,789.6,773.4,773.4,80,0
2011-07-29,772.4,781.6,772.2,781.6,320,0
2011-08-01,760.6,811.6,760.4,803,364,0
2011-08-02,825,851.2,825,849.8,497,0
2011-08-03,872.6,893,854.6,854.6,156,0
2011-08-04,898.8,993.2,889.8,990.8,216,0
2011-08-05,1021.4,1064.6,986,1008.6,161,0
2011-08-08,1080.8,1127.6,1052.2,1127.6,194,0
2011-08-09,1080.2,1128.8,1000.4,1000.4,229,0
2011-08-10,1026.6,1086.8,1026.6,1086.8,35,0
2011-08-11,1036.2,1078.8,990.8,997.4,91,0
2011-08-12,976,976,954.2,954.2,48,0
2011-08-15,922,926.2,906,906,39,0
2011-08-16,925.4,925.4,904.8,908.4,900,0
2011-08-17,909.8,935,909.8,919.6,98,0
2011-08-18,1006,1006,987,1002.6,58,0
2011-08-19,1010,1010,985.6,997.2,55,0
2011-08-22,968.6,1012.6,966.6,1011.8,163,0
2011-08-23,935.6,939.6,932.2,932.2,25,0
2011-08-24,953.2,953.2,928.2,928.2,64,0
2011-08-25,908,955.2,907.6,955.2,30,0
2011-08-29,894.4,894.4,857,857,93,0
2011-08-30,843,843,832.2,833.6,153,0
2011-08-31,834,838.2,834,834,43,0
2011-09-01,863.8,863.8,863.8,863.8,40,0
2011-09-02,888.8,890.4,878.4,889.8,103,0
2011-09-06,927.2,944.2,871.2,871.2,137,0
2011-09-07,849.2,851.4,823.4,823.4,785,0
2011-09-08,813.6,817.6,806.6,817.6,63,0
2011-09-09,877.4,877.4,868.6,868.6,23,0
2011-09-12,860.8,860.8,860.8,860.8,5,0
2011-09-13,838.6,838.6,836.8,836.8,21,0
2011-09-14,832.8,832.8,800,814.8,68,0
2011-09-15,814.2,814.2,803.2,803.2,20,0
2011-09-19,817.6,817.6,793,801.6,73,0
2011-09-21,816,816,816,816,5,0
2011-09-23,851.8,854.6,849.6,849.6,65,0
2011-09-26,841.8,841.8,841.8,841.8,20,0
2011-09-27,806,822.2,792.8,818.8,173,0
2011-09-29,861.8,861.8,861.8,861.8,38,0
2011-09-30,881,881,852,872.2,121,0
2011-10-03,893.4,945.6,893.4,945.6,153,0
2011-10-04,970.8,980.4,910.4,910.4,196,0
2011-10-05,873.2,875.8,849.2,857.2,115,0
2011-10-06,852,859.2,817.8,817.8,89,0
2011-10-07,841.2,849.2,831.2,836.6,189,0
2011-10-10,829.4,829.4,807,813,146,0
2011-10-11,802.4,810,802.4,810,20,0
2011-10-13,823.2,823.2,798.6,798.6,65,0
2011-10-14,800.8,800.8,789.8,789.8,48,0
2011-10-17,806,823,806,823,15,0
2011-10-19,799.8,820,799.8,820,28,0
2011-10-20,837.8,837.8,812.8,812.8,55,0
2011-10-25,778.8,778.8,778.8,778.8,20,0
2011-10-26,796,806.8,776,776,30,0
2011-10-27,757,766.2,737.6,737.6,55,0
2011-10-28,739.2,739.2,739.2,739.2,10,0
2011-10-31,759.6,760.2,759.6,760.2,15,0
2011-11-01,789.4,803.6,789.2,800.6,45,0
2011-11-07,816.8,816.8,816.8,816.8,10,0
2011-11-08,794.8,794.8,794.8,794.8,5,0
2011-11-09,841.2,841.2,841.2,841.2,8,0
2011-11-10,844,844,844,844,18,0
2011-11-15,821.6,824.6,821.6,823,26,0
2011-11-16,818,839,818,839,84,0
2011-11-17,850.6,858,831.4,845.2,767,0
2011-11-21,786.4,790,776.4,777,503,0
2011-11-22,769.8,769.8,751.4,751.4,208,0
2011-11-23,779.6,780.6,775,780.6,43,0
2011-11-25,782.4,787,781.2,787,21,0
2011-11-28,765.8,765.8,744.2,744.2,65,0
2011-11-29,739.2,739.2,738.2,738.2,23,0
2011-11-30,700.2,702.6,690.8,690.8,45,0
2011-12-01,689.4,689.4,689.4,689.4,8,0
2011-12-02,681.8,687.2,680,687.2,48,0
2011-12-05,686,686,685.6,686,20,0
2011-12-06,698.8,698.8,689.6,689.6,15,0
2011-12-07,713.2,713.2,706.2,706.2,23,0
2011-12-08,708.2,716.2,708.2,716.2,23,0
2011-12-09,710.4,710.4,710.4,710.4,10,0
2011-12-12,715.2,717,708.8,715,105,0
2011-12-13,705.2,712.2,705.2,712.2,25,0
2011-12-14,731.2,732.8,729,730,99,0
2011-12-15,726.4,726.4,721,723,38,0
2011-12-16,718.6,718.6,718.6,718.6,25,0
2011-12-19,701.4,720,701,720,71,0
2011-12-20,691,691,687.6,687.6,45,0
2011-12-21,699.6,699.6,676.8,676.8,116,0
2011-12-22,675.4,675.4,671,673.4,30,0
2011-12-23,671.6,680.4,671.6,678.4,90,0
2011-12-27,667.4,667.4,655.8,658.4,170,0
2011-12-28,664.2,679.4,664.2,678,237,0
2011-12-29,758.8,758.8,659.6,659.6,165,0
2011-12-30,663.2,664,652,652,78,0
2012-01-03,633.8,641.4,633.8,637,33,0
2012-01-04,646.2,650.6,646,650.6,70,0
2012-01-06,636.6,636.6,619.6,623.4,175,0
2012-01-09,612.2,612.2,604.2,605.8,178,0
2012-01-10,591.4,595.6,582.4,582.8,116,0
2012-01-11,581,581,575.8,576.2,305,0
2012-01-12,581,581,570.8,570.8,73,0
2012-01-13,574.8,577.6,564.8,564.8,90,0
2012-01-17,560,571,556,560.6,280,0
2012-01-18,565.2,569,548,548.2,486,0
2012-01-19,547.4,551.4,542.2,551.4,1489,0
2012-01-20,557.4,561.4,553.8,559.8,370,0
2012-01-23,555.8,569.4,555.8,565.4,688,0
2012-01-24,573.4,573.4,559,560.2,273,0
2012-01-25,555.4,556.4,530.2,533,1945,0
2012-01-26,524.4,542.8,524.4,540,412,0
2012-01-27,548.4,548.4,527,528,463,0
2012-01-30,539.6,544.4,533,533,372,0
2012-01-31,531.8,531.8,523.6,526.4,933,0
2012-02-01,515.4,523.6,502,505.4,683,0
2012-02-02,498.6,498.6,495.8,498,454,0
2012-02-03,484,491.4,483.2,488,466,0
2012-02-06,492,492,476,476,163,0
2012-02-07,483.8,486,480.6,485.6,117,0
2012-02-08,490.6,500.2,483.2,491,608,0
2012-02-09,492.6,496.4,492,496.4,180,0
2012-02-10,503.2,506.4,499.6,501.2,309,0
2012-02-13,484.6,484.8,475.2,475.2,575,0
2012-02-14,479.2,485.2,479.2,485,33,0
2012-02-15,482,486,477.2,483,101,0
2012-02-16,481.4,481.4,474.4,474.4,223,0
2012-02-17,488.8,498.4,486.2,498,93,0
2012-02-21,500,518.6,500,516.2,277,0
2012-02-22,520,520.4,512,513.4,269,0
2012-02-23,510,510,492.4,492.6,426,0
2012-02-24,494.2,494.2,494.2,494.2,10,0
2012-02-27,493.8,495.6,491.6,491.6,97,0
2012-02-28,494.2,494.2,486.8,491.6,33,0
2012-02-29,491,494.8,484.4,494.8,143,0
2012-03-01,489,495.6,482.6,484,198,0
2012-03-02,492.2,492.2,483.6,485.6,140,0
2012-03-05,495.8,497.8,495,495,60,0
2012-03-06,509.4,520,509.4,516.2,81,0
2012-03-07,511.2,512.8,508,508.4,180,0
2012-03-08,503.4,503.4,490.4,491.8,191,0
2012-03-09,493.6,493.6,487.6,491.2,80,0
2012-03-12,491.2,491.4,490.6,491.4,20,0
2012-03-13,482.6,488.2,480.4,480.4,270,0
2012-03-16,476,476,474,474,55,0
2012-03-19,478,481.8,478,478,115,0
2012-03-20,480.6,480.6,478.8,478.8,135,0
2012-03-21,471.6,478,471.6,475,101,0
2012-03-22,481.2,481.2,481.2,481.2,10,0
2012-03-23,476.4,476.4,470.4,470.4,63,0
2012-03-26,466.4,467.6,455,455,183,0
2012-03-27,453.4,456,452.2,454.6,105,0
2012-03-28,457.2,462.2,457.2,462.2,28,0
2012-03-30,458.6,458.6,456,458,364,0
2012-04-02,456.8,456.8,448.8,448.8,23,0
2012-04-03,446.4,446.4,446.4,446.4,53,0
2012-04-04,458.4,458.4,457.2,457.2,30,0
2012-04-05,452.4,455.2,452.4,455,88,0
2012-04-09,462,471,462,471,175,0
2012-04-10,476.4,497.4,471.4,495.2,1338,0
2012-04-11,490,490,480.6,487.6,309,0
2012-04-12,483.4,484.6,479.4,479.6,43,0
2012-04-13,492,496.6,492,492.8,380,0
2012-04-16,491.6,508.4,491.6,500.4,728,0
2012-04-17,497.6,497.6,478,478,178,0
2012-04-18,482.8,489.6,482.8,487,308,0
2012-04-19,476.6,476.6,461.8,471.4,125,0
2012-04-20,470.6,470.6,463.2,463.2,70,0
2012-04-23,474.8,476.2,468.6,468.6,270,0
2012-04-24,465.2,465.4,463.2,463.2,69,0
2012-04-25,458.2,458.2,448,448,275,0
2012-04-26,446.2,446.2,439,441.6,40,0
2012-04-27,443.2,443.2,432.4,434.2,134,0
2012-04-30,432.4,441,432,437.6,363,0
2012-05-01,443,443.6,435.8,438.8,240,0
2012-05-02,443.2,445,435.4,435.4,79,0
2012-05-03,439,439,435.2,438.4,285,0
2012-05-04,446.2,463.4,446.2,463.4,280,0
2012-05-07,450.4,450.4,439,439,300,0
2012-05-08,449,458.4,439.2,439.2,76,0
2012-05-09,453.8,487.4,447,447.2,146,0
2012-05-10,443.8,443.8,440.2,440.6,76,0
2012-05-11,439.2,439.2,428.2,428.2,180,0
2012-05-14,429.4,429.4,428.6,428.8,36,0
2012-05-15,433.2,434.2,426.6,434.2,150,0
2012-05-16,432,432.4,430.6,432.4,173,0
2012-05-17,437.8,456.2,437.8,456.2,258,0
2012-05-18,456.4,472,456.4,471.6,319,0
2012-05-21,469.2,469.2,448,448.2,411,0
2012-05-22,444.8,445,433,445,138,0
2012-05-23,450.2,454,447.6,447.6,205,0
2012-05-24,448.2,448.2,437.2,437.4,180,0
2012-05-25,437.8,437.8,436.6,436.6,75,0
2012-05-29,437.4,443.2,435,435.4,222,0
2012-05-30,439.6,444.2,438.2,438.2,172,0
2012-05-31,447.6,448.6,443,446.8,148,0
2012-06-01,465,474.8,448,472.8,2476,0
2012-06-04,476.4,482.6,464.4,471.2,922,0
2012-06-05,474.2,474.2,462.8,467,158,0
2012-06-06,468,468,443.2,443.2,133,0
2012-06-07,440,452.6,436.2,452.6,168,0
2012-06-08,460,460.2,445,445,170,0
2012-06-11,437.8,456.4,437.8,456.4,136,0
2012-06-12,453.2,457.2,443.6,443.6,54,0
2012-06-13,445.6,456.4,442.2,456.4,198,0
2012-06-14,446.8,446.8,443,443,29,0
2012-06-15,437.4,437.4,427.8,427.8,234,0
2012-06-18,437.4,437.4,421.8,421.8,270,0
2012-06-19,420.6,431,407.4,411,154,0
2012-06-20,409,411.6,408,411.2,1773,0
2012-06-21,411.2,419.6,411.2,419.6,354,0
2012-06-22,421.8,421.8,409.2,409.2,389,0
2012-06-25,419.4,419.4,418,418,182,0
2012-06-26,411.2,413.6,406.4,406.4,170,0
2012-06-27,409.4,409.4,399.6,400.2,275,0
2012-06-28,411,427.6,408.8,422.2,214,0
2012-06-29,410.2,410.2,393.3,396.04,183,0
2012-07-02,411,411.4,376.2,376.2,620,0
2012-07-03,374.8,374.8,371.2,371.6,133,0
2012-07-05,384,384.2,362.8,370.2,284,0
2012-07-06,380,382.4,378.6,378.6,397,0
2012-07-09,376.2,377.4,376,376,122,0
2012-07-10,374,377,374,377,145,0
2012-07-11,381.8,400.6,381.8,396.8,387,0
2012-07-12,407.8,407.8,385.6,388.8,205,0
2012-07-13,385,385.2,381,383.4,449,0
2012-07-16,376.4,383,375.2,378.6,1310,0
2012-07-17,372.2,376,367.18,368.52,224,0
2012-07-18,370.6,370.6,360.4,364.16,1205,0
2012-07-19,362.4,370,362.4,367.4,184,0
2012-07-20,374.6,374.8,371.8,374,200,0
2012-07-23,388,390.8,386.6,386.6,78,0
2012-07-24,396.2,396.2,396.2,396.2,25,0
2012-07-25,383.8,390.8,378.6,378.6,200,0
2012-07-26,374,374,357.2,360.2,657,0
2012-07-27,358,411.2,344.6,345.46,1070,0
2012-07-30,362.4,362.4,350,357.2,814,0
2012-07-31,355.6,362.4,354,362.4,170,0
2012-08-01,359.6,377.4,359.6,376.4,166,0
2012-08-02,380.4,387.19,378.92,384.6,203,0
2012-08-03,368.6,368.8,366.8,368.8,35,0
2012-08-06,372,372.2,372,372.2,50,0
2012-08-07,369.8,369.8,364,366,64,0
2012-08-08,372,372,370,372,125,0
2012-08-09,371.6,371.6,371.6,371.6,10,0
2012-08-13,376.8,377.8,372,372,200,0
2012-08-14,367.2,368.6,367.2,367.8,79,0
2012-08-15,364.6,364.6,360.2,360.38,316,0
2012-08-16,364.8,367.2,364.8,367.2,54,0
2012-08-17,365.6,373.8,365.6,373.8,1825,0
2012-08-20,372,372.2,372,372.04,68,0
2012-08-21,371,371,366.84,366.84,75,0
2012-08-22,375.6,375.6,364.6,364.6,21,0
2012-08-23,362.4,362.4,362.4,362.4,190,0
2012-08-24,360.4,360.53,353.4,356.19,772,0
2012-08-27,355.6,355.6,351.6,351.6,210,0
2012-08-28,354.6,354.6,354.58,354.58,20,0
2012-08-29,355.8,355.97,351.6,353.97,163,0
2012-08-30,356,358.37,356,356.4,108,0
2012-08-31,353,358.77,353,354,145,0
2012-09-04,352.4,354.8,340,341.6,277,0
2012-09-05,343.2,346,343,343,151,0
2012-09-06,338.4,338.4,327.6,327.6,282,0
2012-09-07,327,332.4,327,327.8,80,0
2012-09-10,328,335.4,328,333,1445,0
2012-09-11,331.6,336.8,331.6,336.8,27,0
2012-09-12,337.71,337.71,337.71,337.71,5,0
2012-09-13,337,337.8,327.6,327.8,345,0
2012-09-14,320,328,320,325.4,376,0
2012-09-17,331.8,331.8,319.8,319.8,320,0
2012-09-18,316.4,324.8,312.8,312.8,703,0
2012-09-19,312.2,317,312.2,312.62,207,0
2012-09-20,316.8,317.2,315.4,315.4,87,0
2012-09-21,313.2,313.6,296.2,311.2,253,0
2012-09-24,319.4,319.6,315.8,317.8,406,0
2012-09-25,317.2,319.45,315.2,318,214,0
2012-09-26,327,329,324.8,328.4,706,0
2012-09-27,328,328,322,322,45,0
2012-09-28,320,325.57,318,318.2,241,0
2012-10-01,316.8,316.8,311.78,313.4,381,0
2012-10-02,311.2,311.2,307.2,307.2,373,0
2012-10-03,304.12,308.52,303,303,122,0
2012-10-04,301.2,301.8,300,301.38,176,0
2012-10-05,295,295,295,295,50,0
2012-10-08,294,304.65,294,304.65,525,0
2012-10-09,307.4,314.74,307.4,314.74,212,0
2012-10-10,316.95,320.3,316.5,320.06,437,0
2012-10-11,318.1,318.1,312.4,313.9,412,0
2012-10-12,321.3,322.3,321.05,322.3,213,0
2012-10-15,320,320,318.95,318.95,140,0
2012-10-16,319.9,319.9,310.7,310.7,260,0
2012-10-17,313.95,313.95,301,303.4,1000,0
2012-10-18,310.05,310.8,308.9,308.92,388,0
2012-10-19,313.8,331.59,313.8,331.59,786,0
2012-10-22,332.6,338.2,332.6,333.8,837,0
2012-10-23,350.15,352.45,342.75,345.7,530,0
2012-10-24,341.25,341.25,339.4,339.4,182,0
2012-10-25,342.3,344.8,337.9,343.74,632,0
2012-10-26,344.9,354.4,344.9,354.4,130,0
2012-10-31,352.5,368.99,352.5,368.99,684,0
2012-11-01,360.75,360.75,350.55,351.08,777,0
2012-11-02,364.7,369.54,364.7,369.54,1330,0
2012-11-05,370.55,370.55,365.01,365.01,127,0
2012-11-06,359.1,359.45,354.5,358,451,0
2012-11-07,364.2,379.76,364.2,374.45,295,0
2012-11-08,374,385.7,374,383.05,1263,0
2012-11-09,383.5,397.05,369.7,375.65,1529,0
2012-11-12,362.8,363,359.35,363,357,0
2012-11-13,361.35,361.35,361.35,361.35,80,0
2012-11-14,362,375.15,362,375.15,1505,0
2012-11-15,379.85,387.1,379.85,379.9,2245,0
2012-11-16,379.25,379.35,362.95,363.2,1480,0
2012-11-20,343.65,345.9,342,342,1204,0
2012-11-21,340.15,340.15,336.75,337,362,0
2012-11-23,332.5,333,332.5,333,126,0
2012-11-26,335.2,335.8,335.2,335.8,140,0
2012-11-27,333.15,336.9,333.1,336.9,750,0
2012-11-28,341,343,341,343,350,0
2012-11-29,332.2,332.2,321.95,322.5,454,0
2012-11-30,322.05,327.25,321.1,325.65,140,0
2012-12-03,324.95,329.05,324.95,328.7,160,0
2012-12-05,327.25,328.25,326.55,328.1,3440,0
2012-12-06,327.6,331.7,325.35,331.25,5460,0
2012-12-07,332.7,337.15,332.7,334.25,2600,0
2012-12-10,327.2,328.05,323.9,324.45,7144,0
2012-12-11,320.6,320.6,314,315.8,6220,0
2012-12-12,314.2,318.45,314,318.45,187,0
2012-12-13,320.44,324.1,320.44,324.1,63,0
2012-12-14,325.4,329.6,322.3,329.6,7860,0
2012-12-17,327,327.65,321.95,321.95,5020,0
2012-12-18,317.9,318.3,315.55,315.65,3252,0
2012-12-19,322.95,323.3,321.3,323.3,680,0
2012-12-20,325.75,325.75,321.45,322.15,1884,0
2012-12-21,331.6,331.6,329.54,329.54,118,0
2012-12-24,331.6,331.6,330.1,330.1,420,0
2012-12-26,335.9,336.05,330.55,334.75,2360,0
2012-12-27,340.3,343.34,333.9,335,3851,0
2012-12-28,339.8,344.05,337.5,344.05,2258,0
2012-12-31,345,345,331.65,331.65,1339,0
2013-01-02,316.85,316.9,309.75,309.75,4055,0
2013-01-03,310.5,313.25,306.8,309.45,1060,0
2013-01-04,310,310,305.45,305.45,371,0
2013-01-07,309.75,309.75,301.9,301.9,4712,0
2013-01-08,303.8,303.8,297.5,299,1476,0
2013-01-09,298.15,298.15,290.05,290.55,1533,0
2013-01-10,290,290.85,287.65,288.3,1200,0
2013-01-11,289,294.6,289,294.6,100,0
2013-01-14,286.75,303.45,286.75,292.75,662,0
2013-01-15,295.1,296.15,291.85,291.85,390,0
2013-01-16,296.5,297.85,296.5,297.85,169,0
2013-01-17,299.1,299.1,298,298,160,0
2013-01-18,294.2,298.5,294.2,298.5,230,0
2013-01-22,299.1,299.1,292.9,292.9,785,0
2013-01-23,292.85,295.8,292.85,294.2,379,0
2013-01-24,291.75,296.59,291.75,295.6,216,0
2013-01-25,295.95,296,290.3,290.3,372,0
2013-01-28,288.95,292.94,288.95,292.7,131,0
2013-01-29,294.9,295.9,290.85,291,4567,0
2013-01-30,292.95,295.5,292.95,295.5,60,0
2013-01-31,293,293.65,292,292,300,0
2013-02-01,291.15,291.15,283.5,283.5,1039,0
2013-02-04,286.1,290.6,286.1,290.6,211,0
2013-02-06,284.5,285.2,284.5,285.2,310,0
2013-02-07,295.5,296.15,294.15,294.15,298,0
2013-02-11,286.2,288.1,284.38,288.1,1020,0
2013-02-12,290.3,292.35,288.5,292.3,1122,0
2013-02-13,291.11,291.11,291.11,291.11,20,0
2013-02-14,291.1,293.05,287.5,291.85,840,0
2013-02-15,293.7,293.7,293.35,293.35,200,0
2013-02-19,292.7,292.7,290,290,330,0
2013-02-20,288.3,293.74,287.35,293.74,114,0
2013-02-21,298.75,300.15,298.75,300.05,630,0
2013-02-25,285,294.9,284.15,294.9,346,0
2013-02-27,292.3,292.3,292.3,292.3,20,0
2013-02-28,286.3,286.3,279.25,279.25,320,0
2013-03-01,282.5,282.5,275.3,277.78,380,0
2013-03-04,278.3,278.3,268.65,268.65,438,0
2013-03-05,265,265,261.25,261.25,860,0
2013-03-06,258.75,258.95,257.5,257.5,440,0
2013-03-07,258.8,259.09,257.4,257.4,70,0
2013-03-08,255,257.28,253.89,255.05,404,0
2013-03-11,255.55,255.55,253.3,253.3,70,0
2013-03-12,253.3,253.3,251.1,251.1,1040,0
2013-03-13,254,254,251.4,251.4,220,0
2013-03-14,248.75,250.52,248.75,249,276,0
2013-03-15,250.2,252,250.05,252,460,0
2013-03-18,254.05,255.4,254.05,255,1220,0
2013-03-19,251.65,257.6,251.5,257.28,240,0
2013-03-20,252.1,252.1,251.05,251.05,40,0
2013-03-21,253.85,253.85,253.85,253.85,20,0
2013-03-22,255,255,255,255,24,0
2013-03-25,250,253.9,250,253.75,1494,0
2013-03-28,245.85,245.85,239.25,239.75,2107,0
2013-04-01,237.1,241.4,236.3,241.4,847,0
2013-04-02,238.75,238.75,229.95,232.35,3678,0
2013-04-03,230.35,242.7,230.35,240.25,714,0
2013-04-04,240,240,240,240,300,0
2013-04-05,240.55,242.6,240.55,241,236,0
2013-04-08,240.55,242.2,237.2,237.2,234,0
2013-04-09,236,236,234.05,234.05,120,0
2013-04-10,228.7,228.7,224.35,224.35,320,0
2013-04-11,223.1,223.1,216.24,216.24,160,0
2013-04-12,216.35,217.9,212,212,377,0
2013-04-15,211.9,223.6,211.6,222.47,1015,0
2013-04-16,219.85,219.85,216.6,216.6,80,0
2013-04-17,215.9,222.5,215.9,217.95,1111,0
2013-04-18,222.6,225.25,222.6,225.25,280,0
2013-04-19,214.75,214.75,202.49,202.49,2120,0
2013-04-22,198.85,200.55,197.65,199.3,1836,0
2013-04-23,198.3,198.3,191.3,197.2,1160,0
2013-04-24,197.6,208.8,197.6,208.8,3482,0
2013-04-25,209.95,209.95,199,199,3173,0
2013-04-26,204.1,204.1,196.4,200,416,0
2013-04-29,198.05,199.1,197.5,199.1,505,0
2013-04-30,199,204.1,199,202.45,2330,0
2013-05-01,201.25,203.15,198.8,202.9,2242,0
2013-05-02,201.35,202.2,195.45,196.7,1650,0
2013-05-03,195,195,187,191,2193,0
2013-05-06,189.92,194.05,189.92,192.25,480,0
2013-05-07,193.75,196.45,193.75,196.45,487,0
2013-05-08,195,197.59,193.55,197.59,811,0
2013-05-09,194.95,195.3,192.5,194.45,1305,0
2013-05-10,193.4,195.6,185.8,185.8,1696,0
2013-05-13,182.94,182.95,177.04,178.25,2636,0
2013-05-14,175,175,170.7,170.7,1316,0
2013-05-15,170.2,177,170.2,177,507,0
2013-05-16,175.9,184.14,175.9,180.89,1456,0
2013-05-17,180.05,183.25,179.29,179.29,4975,0
2013-05-20,178.85,183.45,176.68,183.45,3699,0
2013-05-21,183.49,184,178.25,179.59,1079,0
2013-05-22,175.7,182.25,170,181.25,2120,0
2013-05-23,184.05,191.25,180.25,180.65,3658,0
2013-05-24,182.5,183.55,181.07,181.07,1871,0
2013-05-28,176.85,178.95,171.95,176.75,2312,0
2013-05-29,178.81,183.85,178.81,180.27,1080,0
2013-05-30,180.2,180.2,175.8,175.8,426,0
2013-05-31,179.2,183.35,175.55,183.35,986,0
2013-06-03,182.3,196.34,182.3,187.5,4959,0
2013-06-04,187,195.38,183.99,194.1,1783,0
2013-06-05,194.45,205.3,189.95,202.86,6918,0
2013-06-06,203.4,203.4,190.66,190.8,2901,0
2013-06-07,187.85,187.85,181.4,181.4,1871,0
2013-06-10,179.5,185.75,179.5,185,1277,0
2013-06-11,187.5,188.8,181.05,184.85,5298,0
2013-06-12,181.5,191.95,180.05,191.35,6067,0
2013-06-13,193,194.76,185.35,186.98,3045,0
2013-06-14,189.9,190,186.75,187.64,296,0
2013-06-17,184.6,192.4,184.6,192.15,1060,0
2013-06-18,192.4,194,187.5,187.5,1239,0
2013-06-19,195.95,195.95,187.2,193.45,1366,0
2013-06-20,199.75,206.85,199.56,206.47,3429,0
2013-06-21,205.05,211.08,200,203.55,2344,0
2013-06-24,209.45,213.84,201.65,204.65,4103,0
2013-06-25,200.28,205,200.28,204,320,0
2013-06-26,201.3,201.3,191.45,192.25,4501,0
2013-06-27,190,191.46,188.35,190.4,800,0
2013-06-28,187.5,190.64,187.5,189.5,330,0
2013-07-01,187.5,187.75,173.45,181.68,7234,0
2013-07-02,182.15,182.35,179,180.84,1389,0
2013-07-03,182.33,183.54,181.25,181.25,154,0
2013-07-05,175.6,175.85,174.8,174.8,1213,0
2013-07-08,172.6,175.8,172.6,175.8,1540,0
2013-07-09,173.9,175.8,172.4,172.4,270,0
2013-07-10,171.7,172.5,168.34,168.34,631,0
2013-07-11,166.15,166.15,161.75,161.89,3590,0
2013-07-12,160.6,161.34,152.6,153.75,4288,0
2013-07-15,153.5,156.01,152.55,153.2,670,0
2013-07-16,153.95,158.24,153.95,157.75,929,0
2013-07-17,154.72,155.66,154.52,155.66,156,0
2013-07-18,155.25,155.25,155,155.25,220,0
2013-07-19,162.25,162.25,150.07,150.75,1582,0
2013-07-22,150,150.65,148.67,150.65,1732,0
2013-07-23,148.65,153.9,148.65,153.1,925,0
2013-07-24,152.1,155.4,152.1,153.6,1250,0
2013-07-25,152.1,156.75,149.25,149.25,3177,0
2013-07-26,151.25,152.44,147.75,148.61,525,0
2013-07-29,148.7,151.75,148.6,151.04,538,0
2013-07-30,148.65,150.9,146,147.45,594,0
2013-07-31,146.85,146.85,143.6,143.63,808,0
2013-08-01,143.85,143.85,141.8,141.8,120,0
2013-08-02,142.25,142.95,140.8,142,420,0
2013-08-05,141.15,143,141.15,142.5,900,0
2013-08-06,143.15,148.55,143.15,148.55,2534,0
2013-08-07,149.7,151.39,148.85,148.85,490,0
2013-08-08,148.15,149.65,146.7,148.55,220,0
2013-08-09,147.8,148.6,147.5,148.6,198,0
2013-08-12,151.84,153.15,151.26,152.1,490,0
2013-08-13,154.34,154.34,151.2,151.2,425,0
2013-08-14,150.25,152.31,149.16,152.31,700,0
2013-08-15,156.24,159.96,156.24,158.5,988,0
2013-08-16,160,160.75,157.5,159.45,1109,0
2013-08-19,159.45,161,159.2,161,722,0
2013-08-20,161.5,162,156.9,157.8,1536,0
2013-08-21,156.1,158,151.35,151.35,760,0
2013-08-22,152.6,152.6,151.7,151.7,420,0
2013-08-26,150.75,150.75,144.25,146.34,2298,0
2013-08-27,150.2,154.5,149,154,1735,0
2013-08-28,153.8,153.8,150.5,151.6,846,0
2013-08-29,147.5,147.55,145,147.5,469,0
2013-08-30,148.45,151.1,148.45,149.55,1497,0
2013-09-03,150.35,150.35,143.65,144.05,6943,0
2013-09-04,144,144,140,140.25,1570,0
2013-09-05,137.2,139.15,137.05,138,426,0
2013-09-06,138.2,140.95,136.7,138.44,1366,0
2013-09-09,136.35,136.4,132.7,132.87,576,0
2013-09-10,131.55,133.68,130.95,131.9,180,0
2013-09-11,133.6,133.95,133,133,366,0
2013-09-12,132.35,132.75,131.7,131.95,250,0
2013-09-13,133.75,133.75,130.95,130.95,1920,0
2013-09-16,129.1,130.69,126.55,129.5,1840,0
2013-09-17,128.5,130,128.3,128.3,789,0
2013-09-18,128.75,129.05,125.46,126.1,2400,0
2013-09-19,125,127.5,124.95,127.25,3611,0
2013-09-20,125.9,127.5,125.65,127.5,1150,0
2013-09-23,127.5,131.95,127.5,130.25,2355,0
2013-09-24,129.5,132.1,128.2,130,4080,0
2013-09-25,129.45,131.56,129.45,131.4,1242,0
2013-09-26,127.25,127.95,126.35,127.5,1020,0
2013-09-27,128.25,128.25,124.65,126.15,1572,0
2013-09-30,126.5,131.55,125.75,127.6,6080,0
2013-10-01,126.8,126.8,122.55,123.25,1020,0
2013-10-02,123.2,124.5,122.1,123.3,1000,0
2013-10-03,123.1,128.6,123.1,126.1,4300,0
2013-10-04,125.55,125.95,122.95,124,1980,0
2013-10-07,125.55,129.55,125.55,129.25,1280,0
2013-10-08,129,140,129,140,19020,0
2013-10-09,140.5,151.6,140.5,146.2,22620,0
2013-10-10,140.6,140.7,135.3,135.35,9870,0
2013-10-11,136.35,138.2,132.45,134.35,7880,0
2013-10-14,137.9,140.7,134.5,135,2917,0
2013-10-15,133.15,137.3,132.5,136.6,3684,0
2013-10-16,134,134,127.75,127.75,5940,0
2013-10-17,130.8,130.8,126.5,126.6,420,0
2013-10-18,125,130.6,124.75,128.75,2800,0
2013-10-21,128.5,132.45,128.1,131.95,580,0
2013-10-22,130.6,130.6,125.7,125.7,1360,0
2013-10-23,127.6,130.15,124.75,124.75,6520,0
2013-10-24,124.85,124.85,121.35,122.25,1420,0
2013-10-25,122.5,124.7,122.5,123,4680,0
2013-10-28,121.3,123.45,120.5,122.95,6220,0
2013-10-29,124.15,124.7,123.5,123.5,200,0
2013-10-30,121,128,120.85,127.6,2080,0
2013-10-31,127.6,131.25,125.85,129.95,2480,0
2013-11-01,129.5,130.5,128,128,3880,0
2013-11-04,128.6,129.5,126.35,129.4,600,0
2013-11-05,129,129,126.35,126.55,1040,0
2013-11-06,126.75,134.85,126.1,134.85,5820,0
2013-11-07,138.95,139.2,130.95,139.1,4980,0
2013-11-08,137.95,137.95,128.85,129.65,7920,0
2013-11-11,129.15,129.69,127.2,128.29,1260,0
2013-11-12,129.4,131.3,127.85,127.9,4500,0
2013-11-13,130.1,130.2,125.1,125.8,2160,0
2013-11-14,125,125.75,122.5,122.55,4080,0
2013-11-15,121.9,124.55,120,120.95,3220,0
2013-11-18,120.15,124.75,118.05,124.1,2080,0
2013-11-19,127.55,127.55,122.5,123.9,21800,0
2013-11-20,122.45,122.9,119.2,121.5,1940,0
2013-11-21,121.45,121.45,117.05,117.5,2920,0
2013-11-22,114,114,110,110.2,11309,0
2013-11-25,110,110,106.8,107.95,10180,0
2013-11-26,110.1,110.1,106.65,108.35,1320,0
2013-11-27,107.65,109,107.65,108.8,920,0
2013-11-29,107.6,107.7,105.45,107.42,2042,0
2013-12-02,108.25,108.6,106.25,106.95,3720,0
2013-12-03,107.75,110.56,107.75,110.5,2410,0
2013-12-04,111,112.8,109.6,109.6,3980,0
2013-12-05,110.9,111.5,109.5,111.2,1080,0
2013-12-06,110.15,111,107.95,109.3,2440,0
2013-12-09,106.8,110,106.8,109.2,1700,0
2013-12-10,109.5,113.35,108.85,111.5,3280,0
2013-12-11,112.2,117.35,112.2,116,10200,0
2013-12-12,115.74,115.74,113.25,113.93,2016,0
2013-12-13,115.75,117.35,114.5,114.5,6740,0
2013-12-16,114.7,114.7,110.9,114.25,2530,0
2013-12-17,117.5,118.5,115.55,116.4,1880,0
2013-12-18,118.15,118.15,110.5,110.65,8940,0
2013-12-19,110.6,112.75,110.5,112.4,2640,0
2013-12-20,112.15,119.95,106.25,107.55,11220,0
2013-12-23,106.6,106.6,103.9,104.85,10780,0
2013-12-24,103.5,105.65,103.5,105.3,963,0
2013-12-26,103.5,103.85,102.75,102.75,2140,0
2013-12-27,103.85,104.95,102.65,104.95,2820,0
2013-12-30,106,106,103.75,104,2880,0
2013-12-31,103.3,104.2,103.2,103.2,2120,0
2014-01-02,104.44,106.2,102.9,102.9,9386,0
2014-01-03,103.85,104.9,103.8,103.8,1893,0
2014-01-06,105.55,107.85,103.9,105.6,7980,0
2014-01-07,104.85,104.85,103.25,103.25,2000,0
2014-01-08,102.95,104.15,99.05,99.45,4980,0
2014-01-09,97.45,99.35,96.25,97,7620,0
2014-01-10,95.05,97.85,93.2,93.4,4300,0
2014-01-13,92.2,96.45,90.25,95.75,9560,0
2014-01-14,95,95.4,88.75,89.35,21060,0
2014-01-15,89.75,90.4,88.75,89.55,5180,0
2014-01-16,89.5,89.55,87.1,87.25,7264,0
2014-01-17,86.3,86.7,85,86.55,8060,0
2014-01-21,84.9,86.05,83.15,83.15,14340,0
2014-01-22,82.4,83.8,81.5,82.25,11380,0
2014-01-23,83.6,84.7,82.9,82.9,19360,0
2014-01-24,84.5,88.3,84.4,88.3,38980,0
2014-01-27,88.3,95.4,87,92.05,46480,0
2014-01-28,89.55,90.75,87.45,88.45,15140,0
2014-01-29,89.3,91.2,85.65,88.2,19380,0
2014-01-30,85.65,85.7,82.5,83.45,19760,0
2014-01-31,86.35,87.35,84.4,86.3,16580,0
2014-02-03,86.35,92.1,85.205,91.35,33861,0
2014-02-04,90.1,90.7,88.3,89.3,19125,0
2014-02-05,90.2,95.4,89.45,92.55,29172,0
2014-02-06,91.25,93.2,90.35,92.66,13882,0
2014-02-07,91.015,91.32,85.2,85.2,28498,0
2014-02-10,84,85.35,82.15,82.15,25598,0
2014-02-11,81.25,82.15,79.05,79.5,24200,0
2014-02-12,78.75,79,77.45,78.4,16244,0
2014-02-13,80.75,80.75,76.2,76.25,32454,0
2014-02-14,76.1,78.35,75.75,77.45,28752,0
2014-02-18,76.9,76.9,73.45,73.75,30590,0
2014-02-19,74.25,75.4,72.85,75.2,19412,0
2014-02-20,74.9,76,72.6,72.605,20107,0
2014-02-21,72.5,72.8,69.75,71.1,36584,0
2014-02-24,70,70,68.25,69.25,49221,0
2014-02-25,68.4,69.95,67.6,68.75,62114,0
2014-02-26,68.5,70.7,68.3,70.15,54376,0
2014-02-27,70.85,70.85,68.45,68.95,37121,0
2014-02-28,69.2,75,68.55,73.2,90722,0
2014-03-03,76,76.2,72.6,73.4,93485,0
2014-03-04,70.65,71.2,69.55,69.85,83705,0
2014-03-05,70.05,71.3,70,71.05,47211,0
2014-03-06,69.95,75.35,69.65,74.65,114068,0
2014-03-07,73.55,78.65,72.7,75.5,170033,0
2014-03-10,76.45,77.9,74.7,75.1,54822,0
2014-03-11,74.8,76.4,73.05,75.85,58947,0
2014-03-12,77.3,77.65,74.05,74.2,47561,0
2014-03-13,73.6,79.1,73.4,78.25,80853,0
2014-03-14,79.5,80,76.75,79,72562,0
2014-03-17,76.35,78.15,75,77.82,69137,0
2014-03-18,77.55,77.55,73.4,73.4,72259,0
2014-03-19,73,76.2,72.75,74.95,44579,0
2014-03-20,76,76.74,74.6,76.2,38479,0
2014-03-21,74.55,83.3,74.05,82.95,175935,0
2014-03-24,82.65,92.25,82.05,87.85,360161,0
2014-03-25,86.7,90.45,82.85,87.6,279266,0
2014-03-26,86.1,90.75,84.05,90.7,121300,0
2014-03-27,91.25,95.65,87.65,90,185657,0
2014-03-28,90.25,95.5,87.7,94.9,117069,0
2014-03-31,93.25,94.15,89.05,89.1,95590,0
2014-04-01,86.65,88,82.85,84.9,123024,0
2014-04-02,83.85,86.85,82.5,85.3,62734,0
2014-04-03,85,91.8,84.75,89.85,152319,0
2014-04-04,88.75,98.45,87.75,97,258774,0
2014-04-07,98.4,100,92.2,95.75,259935,0
2014-04-08,95.7,100.95,94.4,96.6,155854,0
2014-04-09,95,96,88.6,89,150568,0
2014-04-10,88.9,100.75,88.9,99.1,210125,0
2014-04-11,102.5,104.65,95,104.2,348081,0
2014-04-14,101,108.5,98.55,104.7,196049,0
2014-04-15,103.15,112.5,100,102.5,324365,0
2014-04-16,99.5,102.85,97,97.75,226816,0
2014-04-17,97.8,99.75,94.4,97.75,124981,0
2014-04-21,96.1,98.85,93.55,93.75,74683,0
2014-04-22,91.65,91.65,86.5,87.35,193839,0
2014-04-23,86.3,91.5,86.25,90.3,127451,0
2014-04-24,88.35,95.95,87.85,91.45,187382,0
2014-04-25,93.7,96.2,91.65,95.65,164399,0
2014-04-28,94.65,101.45,92.15,96.45,244146,0
2014-04-29,94.65,96.8,90.4,91.1,141817,0
2014-04-30,92.5,94.6,90.5,90.55,176118,0
2014-05-01,90.25,92.05,86.75,88.85,98740,0
2014-05-02,87.85,92.25,87.85,91.15,101015,0
2014-05-05,94.05,94.3,87.95,88.05,105348,0
2014-05-06,88.2,91.095,87.635,90.85,64993,0
2014-05-07,90.7,95.75,89.8,92.15,153402,0
2014-05-08,93.05,96.1,89.35,95.55,150272,0
2014-05-09,96.75,98.35,92.95,93,126443,0
2014-05-12,91.75,92.55,88.05,88.3,102773,0
2014-05-13,88.3,89.65,86.9,89.45,71745,0
2014-05-14,90.1,91.25,87.05,88.755,85075,0
2014-05-15,90,93.25,88.5,90.6,190752,0
2014-05-16,91,93.6,90.9,91.15,81433,0
2014-05-19,92.15,92.4,88.25,88.4,52143,0
2014-05-20,88.9,92,88.7,90.9,75924,0
2014-05-21,90.3,91.3,88.7,89.95,48519,0
2014-05-22,89.4,89.95,84.75,86.65,163713,0
2014-05-23,85.65,88,85.4,86.25,49899,0
2014-05-27,84.7,84.75,81.55,81.55,115284,0
2014-05-28,81.25,82.75,80.8,82.35,55194,0
2014-05-29,82.4,82.4,80.7,82.25,33898,0
2014-05-30,82.05,83.45,81,82.15,85569,0
2014-06-02,81.3,84.55,81.3,82.15,50476,0
2014-06-03,83.7,83.85,81.4,81.5,57775,0
2014-06-04,82.1,82.5,79.55,79.6,60612,0
2014-06-05,79.8,80.65,77.5,78.6,81910,0
2014-06-06,78.3,79.25,77.5,77.9,38360,0
2014-06-09,77.1,77.55,75.45,76.5,54863,0
2014-06-10,77.2,78.1,75.5,75.9,62140,0
2014-06-11,77.6,77.6,75.2,76.2,61287,0
2014-06-12,76.5,77.55,75.3,76.75,84996,0
2014-06-13,76.7,78.5,76.25,77.05,120272,0
2014-06-16,77.5,77.85,75.4,76.5,57375,0
2014-06-17,76.5,77.45,75.92,76.8,36089,0
2014-06-18,76.85,77.8,75.5,75.61,81841,0
2014-06-19,74.75,76.3,74.7,75.15,36541,0
2014-06-20,75,75,72.1,72.1,75397,0
2014-06-23,71.9,73.8,71.65,73.75,58887,0
2014-06-24,71,72.8,69.6,72.245,103575,0
2014-06-25,73.4,73.4,68,68,43860,0
2014-06-26,71.15,73.28,71.15,71.5,59469,0
2014-06-27,71.8,72.6,71.3,71.3,27295,0
2014-06-30,70.95,71.75,70.35,71.2,23057,0
2014-07-01,70.4,70.4,67.3,67.3,72394,0
2014-07-02,68.05,68.15,66.5,66.95,60520,0
2014-07-03,66.85,67.55,66,66.405,35398,0
2014-07-07,66.2,69.75,66.2,69.65,54674,0
2014-07-08,70.15,73.55,70,72.35,115378,0
2014-07-09,73.15,74.4,70.75,71.15,115926,0
2014-07-10,73.7,74,70.65,71.6,78449,0
2014-07-11,71.95,72.095,70.05,70.75,51482,0
2014-07-14,69.65,70.65,69,70,40784,0
2014-07-15,69.78,73.895,69.78,73.35,164484,0
2014-07-16,73.25,75.45,72.2,75.15,150025,0
2014-07-17,76.6,79,74.75,78.65,173065,0
2014-07-18,78.1,78.3,73.3,73.9,180103,0
2014-07-21,74.95,75.525,73.21,73.6,96455,0
2014-07-22,72.55,72.65,71.2,71.95,76726,0
2014-07-23,69.8,70.05,68.1,68.85,159226,0
2014-07-24,67.9,71.1,67.8,70.8,92197,0
2014-07-25,71.6,72.55,70.75,71.25,89733,0
2014-07-28,71.42,73.85,71.42,72.75,91852,0
2014-07-29,73.3,73.3,70.25,71.05,66787,0
2014-07-30,68.5,70.185,67.65,69.7,80426,0
2014-07-31,70.95,73.65,70.5,73.25,119782,0
2014-08-01,73.95,75.1,71.35,73.45,110768,0
2014-08-04,72.8,74.25,71.7,72.35,62378,0
2014-08-05,73.5,73.9,71.25,72.7,94867,0
2014-08-06,73.25,74.35,71.385,72.5,51162,0
2014-08-07,71.7,75.14,71.7,74.6,54189,0
2014-08-08,74.95,75,72.25,72.65,69881,0
2014-08-11,71.05,72.9,70.75,71.7,35832,0
2014-08-12,72.15,73,71.8,72.25,30902,0
2014-08-13,71.5,71.95,69.1,69.3,64405,0
2014-08-14,69.05,69.45,67.25,67.25,63337,0
2014-08-15,66.85,68.3,65.8,66.15,113062,0
2014-08-18,65.05,65.25,64.06,64.8,116858,0
2014-08-19,64,65.445,63.85,64,77243,0
2014-08-20,64.6,65,63.4,64.45,64420,0
2014-08-21,64.5,65.85,64.005,65.55,75075,0
2014-08-22,66.05,66.15,64.25,64.75,108467,0
2014-08-25,63.8,63.8,61.35,61.5,126973,0
2014-08-26,61,61.8,59.75,59.9,104575,0
2014-08-27,60.01,60.845,59.6,60.45,101435,0
2014-08-28,61.4,61.4,59.755,60.9,73797,0
2014-08-29,60.9,60.9,59.61,59.85,57003,0
2014-09-02,59.5,60.4,58.75,59.85,62284,0
2014-09-03,58.85,60.48,58.8,60.05,46857,0
2014-09-04,60.35,62.4,59.7,62.1,83097,0
2014-09-05,62.05,64.6,62.05,62.25,174186,0
2014-09-08,62.505,62.75,61.005,61.1,72639,0
2014-09-09,61.05,63.1,61.05,62.65,61408,0
2014-09-10,63,63,60.25,60.25,94523,0
2014-09-11,60.65,62.15,60.305,60.75,57850,0
2014-09-12,61,63.1,60.65,62.5,66657,0
2014-09-15,62.9,65.25,62.75,64.25,126124,0
2014-09-16,65.5,65.5,61.5,61.9,106294,0
2014-09-17,61.9,62,60.1,60.8,59222,0
2014-09-18,60.05,60.815,59.85,59.85,42872,0
2014-09-19,59.65,60.75,59,59.9,79048,0
2014-09-22,59.85,62.05,59.85,61.05,98960,0
2014-09-23,62.15,62.15,60.3,61.3,69417,0
2014-09-24,61.35,61.35,57.85,57.95,149009,0
2014-09-25,58,60.65,57.6,60.2,194212,0
2014-09-26,60.15,60.5,58.85,58.95,62485,0
2014-09-29,60.1,60.65,58.3,59.2,71488,0
2014-09-30,58.75,60.7,58.7,60.2,66092,0
2014-10-01,60.25,62.8,60.25,61.95,151552,0
2014-10-02,62.5,64.1,61.45,62.35,151513,0
2014-10-03,60.95,61.25,59,59.4,90306,0
2014-10-06,58.4,61.125,58.3,60.7,144388,0
2014-10-07,61.8,63.25,61,63.1,120355,0
2014-10-08,63.05,64.15,59.25,59.45,145688,0
2014-10-09,59.8,62.749,59.7,62.25,165888,0
2014-10-10,63.5,64.85,60.7,64.85,163887,0
2014-10-13,64.5,68.15,63.75,67.5,216090,0
2014-10-14,66.25,70.2,65.25,68.35,216505,0
2014-10-15,71.4,72.15,66.9,67.8,280920,0
2014-10-16,70.6,70.7,63.75,65.35,182792,0
2014-10-17,62.6,64.225,61.85,63.3,154175,0
2014-10-20,62.65,63.235,60.8,61.2,89082,0
2014-10-21,60,60,57.25,57.3,212110,0
2014-10-22,57.65,59.15,57.05,58.05,133587,0
2014-10-23,56.95,57.25,54.25,55.05,161299,0
2014-10-24,54.65,54.85,52.91,53,116085,0
2014-10-27,52.8,54.25,52.3,52.35,76323,0
2014-10-28,51.35,51.85,50.85,51,102964,0
2014-10-29,51.85,53.15,51.15,52.2,110137,0
2014-10-30,52.65,52.75,49.85,50.05,108956,0
2014-10-31,47.95,50.468,47.65,50,132851,0
2014-11-03,49.9,50.6,49.2,50.05,65080,0
2014-11-04,51.4,51.7,50.15,51.05,110895,0
2014-11-05,49.55,53,49.55,52.65,137837,0
2014-11-06,52.38,52.6,50.94,51,180367,0
2014-11-07,51.18,53.33,51.18,52.17,227557,0
2014-11-10,52.17,52.17,50.3,50.35,106827,0
2014-11-11,50.2,50.65,49.425,50.02,117705,0
2014-11-12,50.3,50.88,49.79,49.99,136888,0
2014-11-13,49.97,51.11,49.23,50.644,172011,0
2014-11-14,50.75,53.38,50.75,52.75,203405,0
2014-11-17,52.87,52.87,51.11,52.39,161804,0
2014-11-18,52.31,52.31,50.01,50.24,123661,0
2014-11-19,50.47,51,49.58,50.36,140372,0
2014-11-20,50.98,51.36,49.95,50.54,67470,0
2014-11-21,49.22,50.43,49,50.3,139824,0
2014-11-24,50.2,50.2,48.48,48.49,162821,0
2014-11-25,48.15,49.34,48,48.64,110937,0
2014-11-26,48.5,48.58,47.28,47.28,77354,0
2014-11-28,46.94,47.49,46.21,47.12,128820,0
2014-12-01,47.45,48.52,47.026,48.25,111875,0
2014-12-02,47.38,47.38,45.951,46.26,99830,0
2014-12-03,45.98,47.08,45.73,45.76,71716,0
2014-12-04,45.62,46.65,45.52,46.4,45457,0
2014-12-05,46.32,46.42,45.5,45.71,48172,0
2014-12-08,45.46,45.46,43.25,44.15,113359,0
2014-12-09,45.4,46.07,43.6,43.88,133015,0
2014-12-10,44.04,45.7,43.7,45.61,111417,0
2014-12-11,45.01,45.37,43.6,45.12,130977,0
2014-12-12,45.82,46.25,44.8,46.11,146802,0
2014-12-15,45.44,49.1,45.44,48.845,210336,0
2014-12-16,49.69,50.3,47.25,50.05,267670,0
2014-12-17,49.52,50.17,46.69,46.71,118363,0
2014-12-18,44.8,45.6,43.56,43.57,112951,0
2014-12-19,43.13,44.36,42.11,42.56,141268,0
2014-12-22,44.17,45.5,43.69,44.86,203032,0
2014-12-23,44.75,49.76,44.63,49,468120,0
2014-12-24,49.27,49.5,46.341,47.26,229414,0
2014-12-26,46.47,46.7,45.05,45.2,134363,0
2014-12-29,45.12,45.569,44.5,44.69,105076,0
2014-12-30,45.12,45.85,44.7,45.83,263562,0
2014-12-31,45.65,46.1,44.28,46,296370,0
2015-01-02,45.38,46.032,44.25,45.19,108686,0
2015-01-05,45.97,46.05,44.3,45.34,109646,0
2015-01-06,44.77,47.659,44.31,46.94,374266,0
2015-01-07,45.93,45.93,43.38,43.47,248422,0
2015-01-08,42.2,43.45,42.02,42.65,177250,0
2015-01-09,42.24,43.77,42.24,42.977,140928,0
2015-01-12,42.47,43.2,41.73,42.5,169561,0
2015-01-13,41.52,43.5,40.5,42.47,377962,0
2015-01-14,43.47,43.77,42.02,42.37,185977,0
2015-01-15,42.06,44.58,41.6,44.52,424157,0
2015-01-16,44.57,44.61,41.5,41.64,425034,0
2015-01-20,40.87,42.3,39.98,40.24,432537,0
2015-01-21,40.36,41.53,40.1,41.21,210022,0
2015-01-22,40.8,43.19,40.64,40.64,395568,0
2015-01-23,41.09,41.1,40.14,40.22,133449,0
2015-01-26,40.1,40.5,38.849,38.99,151057,0
2015-01-27,40,40.1,38.61,39.43,164096,0
2015-01-28,38.75,41.12,38.75,41.02,339100,0
2015-01-29,41,42.093,40.01,40.16,335801,0
2015-01-30,40.03,40.511,38.5,40.37,186988,0
2015-02-02,39.76,41.95,39.76,40.94,240140,0
2015-02-03,40.64,43.2,40.52,41.23,329552,0
2015-02-04,43.25,44.65,42.11,42.76,301282,0
2015-02-05,42.26,42.49,40.52,40.69,220504,0
2015-02-06,40.76,41.97,39.97,41.72,226882,0
2015-02-09,42.23,42.4,41.29,42.36,172363,0
2015-02-10,41.57,42.04,40.76,41.09,231939,0
2015-02-11,41.16,41.67,39.99,41.3,177892,0
2015-02-12,40.73,41.64,40.42,40.42,46110,0
2015-02-13,40.17,41,39.66,39.67,118841,0
2015-02-17,39.74,39.77,38.75,38.87,118043,0
2015-02-18,39.05,39.36,38.26,38.26,85319,0
2015-02-19,38.35,38.35,37.5,37.62,174148,0
2015-02-20,37.66,37.782,36.67,36.74,204519,0
2015-02-23,36.4,36.62,35.52,36.351,231366,0
2015-02-24,36.2,37.4,36.2,36.89,219379,0
2015-02-25,36.9,37.5,35.53,35.97,302867,0
2015-02-26,35.94,36.9,35.65,35.73,202525,0
2015-02-27,36,36.61,35.65,36.39,150116,0
2015-03-02,36.53,36.53,35.78,35.87,149400,0
2015-03-03,35.93,37.06,35.92,36.18,218000,0
2015-03-04,36.56,37.05,35.36,35.76,308800,0
2015-03-05,34.95,34.95,33.86,34.13,506800,0
2015-03-06,34.36,35.35,34.29,35.17,348500,0
2015-03-09,35.17,35.95,34.97,35.05,227600,0
2015-03-10,35.85,36.22,34.56,35.33,351000,0
2015-03-11,35.07,35.82,34.85,35.16,253900,0
2015-03-12,34.84,35.44,34.64,34.67,190700,0
2015-03-13,34.62,35.17,33.75,34.55,255200,0
2015-03-16,34,34.14,32.87,32.91,220700,0
2015-03-17,33.08,33.31,32.38,32.42,259500,0
2015-03-18,32.73,33.11,31.63,32.08,222900,0
2015-03-19,31.75,31.85,30.71,30.81,360200,0
2015-03-20,29.32,31.11,29.18,30.64,1049000,0
2015-03-23,31.53,32.3,31.25,31.94,998500,0
2015-03-24,32.04,32.43,31.14,32.39,872000,0
2015-03-25,32.27,35.1,31.81,34.74,1539700,0
2015-03-26,36.04,36.53,34.24,35.16,1659100,0
2015-03-27,35.03,35.03,33.36,33.79,739500,0
2015-03-30,32.65,33.73,32.65,32.99,510200,0
2015-03-31,33.54,34.5,33.25,34.5,531380,0
2015-04-01,34.57,36.4,34.51,35.07,880200,0
2015-04-02,35.01,35.73,34.89,35.22,305400,0
2015-04-06,35.75,35.83,34.68,35.41,408800,0
2015-04-07,35.4,35.4,33.72,34.74,432048,0
2015-04-08,34.28,34.51,32.39,32.7,603500,0
2015-04-09,32.7,33.29,32.03,32.44,361549,0
2015-04-10,32.25,32.57,31.55,31.65,322700,0
2015-04-13,31.69,31.7,30.91,31.57,220500,0
2015-04-14,31.45,32.28,31.24,31.73,357800,0
2015-04-15,31.36,31.948,30.88,31.09,344645,0
2015-04-16,31.14,31.39,30.77,31,176507,0
2015-04-17,31.62,32.4,31.2,31.87,616100,0
2015-04-20,31.44,32.242,31.3,31.61,332958,0
2015-04-21,31.02,31.23,30.24,30.39,696522,0
2015-04-22,30,30.823,29.85,30.54,382725,0
2015-04-23,30.59,30.85,29.75,29.85,383700,0
2015-04-24,30.14,30.65,29.87,30.5,256098,0
2015-04-27,30.3,33.22,30.23,33.03,1009500,0
2015-04-28,32.99,34.93,32.26,33.81,1367146,0
2015-04-29,34.25,34.53,32.94,33.78,661100,0
2015-04-30,34.3,36.52,33.6,35.91,1298000,0
2015-05-01,34.81,34.97,33.64,33.81,592600,0
2015-05-04,33.4,33.67,32.38,33.52,578900,0
2015-05-05,33.77,35.05,33.59,34.89,755000,0
2015-05-06,34.19,35.11,33.58,34.23,938714,0
2015-05-07,33.95,34.77,33.45,33.64,483111,0
2015-05-08,32.83,32.83,31.75,32.12,719500,0
2015-05-11,31.85,32.3,31.53,32.06,339600,0
2015-05-12,32.66,33.2,31.92,32.14,623049,0
2015-05-13,31.84,32.59,31.442,32.25,376037,0
2015-05-14,31.85,32.83,31.4,31.42,459300,0
2015-05-15,31.3,31.75,31.11,31.35,369333,0
2015-05-18,31.73,31.73,30.5,30.62,332121,0
2015-05-19,30.41,30.88,30.3,30.53,313768,0
2015-05-20,30.32,31.1,29.65,30,424100,0
2015-05-21,30.02,30.34,29.71,30.07,263800,0
2015-05-22,30.08,30.18,29.69,29.9,222300,0
2015-05-26,30.19,30.85,29.86,30.48,574543,0
2015-05-27,30.56,30.57,29.4,29.4,515500,0
2015-05-28,29.77,30.21,29.4,29.7,314710,0
2015-05-29,29.91,30,29.25,29.73,459700,0
2015-06-01,29.49,30.42,29.36,29.75,433588,0
2015-06-02,29.88,30.48,29.53,29.95,491776,0
2015-06-03,29.74,30.12,29.53,29.72,380300,0
2015-06-04,29.91,30.53,29.53,30.05,859200,0
2015-06-05,30.09,30.68,29.26,29.37,918400,0
2015-06-08,29.27,29.94,29.2,29.75,384400,0
2015-06-09,29.72,30.75,29.58,30.38,905300,0
2015-06-10,30.62,30.87,29.49,29.58,685988,0
2015-06-11,29.4,29.63,29.08,29.13,470793,0
2015-06-12,29.56,30.13,29.35,29.85,515300,0
2015-06-15,30.31,30.71,29.8,29.88,659200,0
2015-06-16,30.13,30.2,29.54,29.77,329900,0
2015-06-17,29.58,29.69,29.15,29.41,277700,0
2015-06-18,29.13,29.13,27.5,27.62,1093800,0
2015-06-19,27.5,28,27.38,27.66,388500,0
2015-06-22,27.15,27.35,26.73,26.81,588000,0
2015-06-23,26.65,27.12,26.53,26.77,610594,0
2015-06-24,26.96,27.71,26.75,27.61,794100,0
2015-06-25,27.59,28.14,27.21,27.83,581700,0
2015-06-26,27.57,28.76,27.55,28.25,663100,0
2015-06-29,28.95,30.08,28.36,30.08,997800,0
2015-06-30,29.25,29.68,28.52,28.72,803471,0
2015-07-01,28.13,28.88,27.75,28.58,506300,0
2015-07-02,28.38,28.87,28.3,28.55,403100,0
2015-07-06,28.99,29.2,27.64,28.18,720500,0
2015-07-07,27.97,29.16,27.96,28.09,555000,0
2015-07-08,28.41,29.74,28.41,29.62,992800,0
2015-07-09,28.62,29.19,28.54,28.94,760300,0
2015-07-10,27.98,28.82,27.95,28.07,477400,0
2015-07-13,27.42,27.5,26.93,27.1,301800,0
2015-07-14,27.05,27.05,25.7,25.84,584889,0
2015-07-15,25.13,25.66,24.61,25.42,1210867,0
2015-07-16,24.92,25.35,24.7,24.82,424500,0
2015-07-17,24.85,25.15,24.52,24.55,372300,0
2015-07-20,24.46,24.66,24.12,24.48,330300,0
2015-07-21,24.4,25.35,24.4,24.79,458900,0
2015-07-22,25.51,25.6,24.79,24.93,452400,0
2015-07-23,24.9,25.18,24.53,25.05,450900,0
2015-07-24,25.86,27.25,25.63,27.06,1114400,0
2015-07-27,27.38,28.2,27.19,27.6,1045200,0
2015-07-28,27.06,27.6,26.19,26.31,452800,0
2015-07-29,26.11,27.37,25.9,26.97,522300,0
2015-07-30,27.17,28.05,26.64,26.88,407300,0
2015-07-31,26.5,26.67,25.89,26.28,318400,0
2015-08-03,26.22,26.8,25.89,26.3,247107,0
2015-08-04,26.11,26.32,25.71,26.09,232800,0
2015-08-05,25.65,25.9,25.26,25.77,244400,0
2015-08-06,25.74,27.94,25.61,27.92,640654,0
2015-08-07,27.82,29.2,27.62,28.19,1035800,0
2015-08-10,27.56,27.84,26.93,27.77,377500,0
2015-08-11,28.39,28.87,27.6,28.38,666149,0
2015-08-12,29.06,29.91,27.74,27.95,1096000,0
2015-08-13,27.8,28.58,27.52,28.55,444300,0
2015-08-14,28.66,29.59,28.36,28.83,679200,0
2015-08-17,28.9,29.44,27.57,27.58,505900,0
2015-08-18,27.8,28.21,27.4,28.09,584500,0
2015-08-19,28.47,29.14,28.05,28.5,584300,0
2015-08-20,29.19,30.85,28.66,30.85,1434700,0
2015-08-21,31.46,32.75,30.31,32.75,1947200,0
2015-08-24,36.65,38.49,32.68,35.8,2306591,0
2015-08-25,32.19,35.57,31.78,35.57,977800,0
2015-08-26,33.32,35.65,31.83,31.97,877400,0
2015-08-27,30.85,31.67,30.06,30.48,1314500,0
2015-08-28,30.53,30.79,29.84,29.85,583000,0
2015-08-31,30.06,31.87,29.59,31.74,860200,0
2015-09-01,33.42,33.62,31.91,33.22,1318000,0
2015-09-02,32.45,33.25,30.77,30.86,658000,0
2015-09-03,30.62,32.3,30.18,32.14,800300,0
2015-09-04,33.07,33.3,31.7,32.26,878200,0
2015-09-08,31.02,31.39,29.51,29.66,684700,0
2015-09-09,28.88,31.02,28.79,30.87,768600,0
2015-09-10,30.78,31,29.36,29.69,699044,0
2015-09-11,30,30.27,29,29,318400,0
2015-09-14,29,29.85,28.88,29.18,184100,0
2015-09-15,29.22,29.53,28.44,28.7,321500,0
2015-09-16,28.6,29.47,28.13,28.89,332600,0
2015-09-17,29,29.146,27.07,27.73,711959,0
2015-09-18,28.8,28.8,28,28.57,773000,0
2015-09-21,28.28,31.68,28.09,31.19,1393200,0
2015-09-22,32.33,33.37,31.71,32.13,1350800,0
2015-09-23,32.06,33.13,31.466,32.51,666799,0
2015-09-24,33.18,35.08,32.79,33.85,1192784,0
2015-09-25,32.81,38.41,32.81,37.27,2327800,0
2015-09-28,37.99,43.15,37.85,41.98,4558811,0
2015-09-29,41.51,43.15,38.3,42.22,3245200,0
2015-09-30,39.59,40.66,37.75,38.55,1838900,0
2015-10-01,38.61,39.9,37.59,37.69,1187100,0
2015-10-02,39.4,39.67,35.2,35.36,1318900,0
2015-10-05,34.47,36.79,33.68,35.75,1170616,0
2015-10-06,36.59,40.46,36.5,38.44,1915800,0
2015-10-07,38.13,39.47,35.88,36.86,1108176,0
2015-10-08,37.33,39.44,36.5,37.08,1109200,0
2015-10-09,36.95,37.68,35.93,36.6,1030400,0
2015-10-12,35.97,37.21,35.75,36.63,659540,0
2015-10-13,37.33,39.03,35.73,38.93,1604200,0
2015-10-14,38,39.28,36.7,38.31,1808100,0
2015-10-15,39.3,39.3,34.86,34.9,1565100,0
2015-10-16,34.86,35.93,34.09,34.95,986000,0
2015-10-19,35.21,36.21,33.45,34.52,1264647,0
2015-10-20,34.64,36.88,34.51,36.73,1145500,0
2015-10-21,35.45,39.41,35.13,37.18,2666100,0
2015-10-22,37.1,38.57,36.31,36.74,1723800,0
2015-10-23,35.74,36.08,34.27,34.27,1065700,0
2015-10-26,34.56,35.38,33.01,34.05,1234600,0
2015-10-27,34.15,34.15,31.94,31.94,842000,0
2015-10-28,32.07,33.22,31.08,31.13,1001800,0
2015-10-29,31,31.85,30.1,31.62,1233300,0
2015-10-30,31.4,32.37,31.4,32.22,851700,0
2015-11-02,32.14,32.22,29.68,29.75,831370,0
2015-11-03,30,30.57,29.2,29.69,817472,0
2015-11-04,29.3,30.78,29.2,29.87,747672,0
2015-11-05,30.35,31.58,30.19,30.92,991400,0
2015-11-06,31.07,32.38,30.76,31.13,992500,0
2015-11-09,31.34,31.69,30.67,31.13,511688,0
2015-11-10,31.45,31.75,30.75,30.84,277400,0
2015-11-11,30.63,31.8,30.58,31.74,366900,0
2015-11-12,32.09,33.12,31.67,33.1,860700,0
2015-11-13,33.15,33.32,31.35,32.38,799300,0
2015-11-16,32.82,33.56,32.09,32.17,795200,0
2015-11-17,31.78,32.38,30.78,31.26,502700,0
2015-11-18,30.87,31.16,29.37,29.45,599400,0
2015-11-19,29.36,30.48,29.28,30.32,606000,0
2015-11-20,30.08,30.49,29.76,30.35,306400,0
2015-11-23,30.35,30.35,29.38,29.9,232500,0
2015-11-24,30.24,30.68,29.92,29.92,282400,0
2015-11-25,29.97,29.97,29.25,29.35,134900,0
2015-11-27,29.28,29.28,28.87,29.04,157600,0
2015-11-30,28.84,30.49,28.76,30.06,312200,0
2015-12-01,29.75,30.64,29.6,29.75,284480,0
2015-12-02,29.77,30.4,29.285,30.19,206826,0
2015-12-03,29.81,32.71,29.81,32.33,591478,0
2015-12-04,32.25,32.25,30.35,30.35,391800,0
2015-12-07,30.63,31.88,30.5,31.71,499100,0
2015-12-08,32.45,32.45,30.35,30.51,378629,0
2015-12-09,30.83,31.89,30.43,31.44,457200,0
2015-12-10,31.46,31.66,30.47,30.68,184700,0
2015-12-11,31.3,32.54,31.03,32.45,525400,0
2015-12-14,32.17,33.53,31.7,32.29,542024,0
2015-12-15,31.51,31.64,30.19,30.44,441000,0
2015-12-16,29.96,30.37,28.94,29.05,445300,0
2015-12-17,28.91,30.07,28.85,29.91,285400,0
2015-12-18,30.27,30.48,29.51,30.31,269000,0
2015-12-21,29.93,30.68,29.78,29.93,161900,0
2015-12-22,29.7,30.33,29.5,29.9,155081,0
2015-12-23,29.26,29.45,28.61,28.8,244300,0
2015-12-24,28.75,28.85,28.42,28.58,81117,0
2015-12-28,29.12,29.34,28.81,29.04,168134,0
2015-12-29,28.69,28.786,27.86,27.99,215260,0
2015-12-30,28.26,28.47,27.98,28.34,108028,0
2015-12-31,28.61,28.75,28.1901,28.71,191250,0
2016-01-04,29.91,31.07,29.86,30.55,789692,0
2016-01-05,30.54,31.12,29.93,30.67,229022,0
2016-01-06,31.58,32.38,30.991,31.8,661284,0
2016-01-07,33.5,34.44,32.78,34.44,764122,0
2016-01-08,33.27,35.8,33.27,35.73,573102,0
2016-01-11,35.2,39.73,35.15,38.11,1459971,0
2016-01-12,37,39.64,35.39,36.96,981247,0
2016-01-13,36.55,41.13,36.3,40.9,1066460,0
2016-01-14,40.8,42.9236,36.625,37.75,1316462,0
2016-01-15,40.98,41.18,39.05,39.54,789432,0
2016-01-19,38.11,42.67,38,41.35,1236500,0
2016-01-20,42.97,44.0499,37.82,39.14,1213191,0
2016-01-21,39.8,41.01,38.49,40.84,845935,0
2016-01-22,38.65,39.921,37.9,38.28,429706,0
2016-01-25,38.5,39.54,37.56,39.44,378288,0
2016-01-26,39.36,41.4999,39.05,39.8,444642,0
2016-01-27,39.67,42.7499,38.73,42.24,731895,0
2016-01-28,41.35,46.6,41.35,45.26,954479,0
2016-01-29,45.32,46.223,43.6601,44.12,540368,0
2016-02-01,44.6,45.7999,42.97,43.57,437656,0
2016-02-02,44.83,46.75,44.25,46.11,620632,0
2016-02-03,45.82,49.31,44.92,45.01,954255,0
2016-02-04,45.31,46.2,42.305,44.77,561982,0
2016-02-05,44.82,48.68,44.74,47.51,563088,0
2016-02-08,49.5,52.14,49.31,50.67,845558,0
2016-02-09,53.5,54.01,48.5,50.59,746665,0
2016-02-10,49.85,50.14,46.8,49.84,507669,0
2016-02-11,52.3,53.57,51.32,52.73,652956,0
2016-02-12,50.4,53.18,49.05,49.12,236820,0
2016-02-16,47.61,47.79,46.1601,46.24,369624,0
2016-02-17,44.55,46.03,43.33,43.41,516910,0
2016-02-18,43.15,45.81,43.12,45.63,395418,0
2016-02-19,46.01,47,44.52,44.87,373832,0
2016-02-22,43.465,44.7,43.25,44.17,361774,0
2016-02-23,44.89,46.34,43.85,46.24,208125,0
2016-02-24,47.76,48.87,45.61,45.81,554872,0
2016-02-25,45.17,46.53,44.35,45.63,164511,0
2016-02-26,44.5,45.4399,44.1108,44.88,234300,0
2016-02-29,44.86,47.28,44.85,47.28,293615,0
2016-03-01,46.77,47.5,43.24,43.25,414357,0
2016-03-02,43.2,43.4498,41.786,42.36,335684,0
2016-03-03,42.36,43.9,42.21,43.41,228381,0
2016-03-04,43.44,44.421,42.4,43.9,398951,0
2016-03-07,44.29,44.5233,40.9,41.71,525931,0
2016-03-08,42,44.86,41.98,44.65,417938,0
2016-03-09,44.25,46.87,44.06,45.63,554618,0
2016-03-10,45.52,47.31,43.867,46.44,636860,0
2016-03-11,45.52,45.88,43.84,43.99,316589,0
2016-03-14,44.11,44.29,43.34,44,249601,0
2016-03-15,45.1,47.7499,44.8,47.45,635202,0
2016-03-16,47.27,49.11,45.93,47.83,832998,0
2016-03-17,48.34,51.07,47.86,49.05,682458,0
2016-03-18,49.03,49.96,46.76,47.37,534530,0
2016-03-21,47.73,47.73,44.9,45.53,1411285,0
2016-03-22,45.88,46.01,42.825,43.19,1149913,0
2016-03-23,43.36,46.07,42.8,45.98,1116950,0
2016-03-24,46.55,47.7155,44.15,45.5,655776,0
2016-03-28,44.93,46.89,44.71,46.72,290487,0
2016-03-29,47.21,48.61,44.94,44.94,476175,0
2016-03-30,44.18,46.07,42.9597,45.57,486840,0
2016-03-31,45.6,45.6,42.4147,43.56,685897,0
2016-04-01,43.91,44.58,40.85,41.13,600293,0
2016-04-04,40.63,40.95,39.05,40.36,733620,0
2016-04-05,40.91,41.29,39.58,40.6,429051,0
2016-04-06,40.43,40.43,35.69,35.83,982183,0
2016-04-07,36,37.34,35.23,36.95,1042398,0
2016-04-08,35.96,38.4845,35.96,37.82,598620,0
2016-04-11,37.41,39.37,37.27,39.04,466113,0
2016-04-12,38.93,39.8199,38.0001,38.2,500959,0
2016-04-13,37.59,38.02,36.6,36.74,283375,0
2016-04-14,36.7,37.21,36.25,36.73,168399,0
2016-04-15,36.77,37.65,36.5,36.9,118931,0
2016-04-18,37.1,37.3,35.39,35.7,164206,0
2016-04-19,35.84,37.55,35.84,37.12,194316,0
2016-04-20,36.92,37.58,36.54,37.11,202902,0
2016-04-21,36.88,36.99,34.92,34.94,358224,0
2016-04-22,34.88,35.94,34.5,34.86,157375,0
2016-04-25,35.02,35.5899,34.55,35.37,108910,0
2016-04-26,35.25,37.09,35.25,36.47,288915,0
2016-04-27,36.59,37.8499,36.59,37.5,306881,0
2016-04-28,37.89,38.8,36.42,38.12,269669,0
2016-04-29,38.58,40.72,38.23,40.11,419266,0
2016-05-02,39.84,41.0651,39.15,39.21,241974,0
2016-05-03,39.93,40.81,39.3501,40.68,196381,0
2016-05-04,41.01,43.25,41.01,43.12,338491,0
2016-05-05,42.48,43.739,42.29,42.72,262377,0
2016-05-06,43.57,45.07,42.614,43.94,355325,0
2016-05-09,43.66,43.76,41.03,41.81,205063,0
2016-05-10,40.94,42.7199,40.8,41.01,188238,0
2016-05-11,41.04,43.5724,40.89,43.57,126091,0
2016-05-12,43.08,45.89,42.95,45,321169,0
2016-05-13,45.39,45.39,43.3019,44.26,220657,0
2016-05-16,43.46,43.46,41.33,41.55,246808,0
2016-05-17,41.6,42.6,41.11,42.32,199704,0
2016-05-18,42.61,42.7,40.76,41.12,171449,0
2016-05-19,41.71,42.98,40.63,42.34,190992,0
2016-05-20,41.75,41.96,40.25,40.58,159057,0
2016-05-23,40.61,40.66,39.3,40.07,153921,0
2016-05-24,39.64,39.7,38.04,38.29,163804,0
2016-05-25,37.84,38.03,37.11,37.42,138422,0
2016-05-26,37.56,38.242,37.4,37.8,90457,0
2016-05-27,37.76,38.01,37.01,37.01,95512,0
2016-05-31,36.5,36.64,35.72,36.05,197799,0
2016-06-01,36.33,36.64,35.44,35.75,273730,0
2016-06-02,35.63,35.6754,34.36,34.36,183363,0
2016-06-03,34.8,36.38,34.73,35.48,471802,0
2016-06-06,35.29,36.27,34.23,34.42,163710,0
2016-06-07,35.22,36.5134,35.22,36.14,212271,0
2016-06-08,36.01,36.6556,35.94,36.19,200169,0
2016-06-09,36.58,37.55,35.9615,37.54,293367,0
2016-06-10,38.47,39.53,38.26,39.14,275847,0
2016-06-13,39.8,40.19,38.45,40.15,361463,0
2016-06-14,40.16,41.4571,39.491,40.69,225287,0
2016-06-15,39.91,40.87,39.8701,40.67,200421,0
2016-06-16,41.12,41.96,40.65,40.78,211312,0
2016-06-17,40.39,42.51,40.39,42.51,250178,0
2016-06-20,41.25,41.85,40.52,41.73,153678,0
2016-06-21,41.39,43.67,41.39,42.96,255613,0
2016-06-22,42.99,43.44,40.55,42.45,427190,0
2016-06-23,41.34,42.08,40.54,40.63,145094,0
2016-06-24,43.63,44.63,42.3477,44.63,546574,0
2016-06-27,45.5,47.7299,44.62,47.39,412988,0
2016-06-28,45.92,45.92,43.69,43.77,211485,0
2016-06-29,43,43.27,41.42,41.87,269361,0
2016-06-30,42,42.7799,41.192,41.61,159845,0
2016-07-01,41.48,41.61,39.391,39.78,165471,0
2016-07-05,40.27,41.04,39.9437,40.46,99112,0
2016-07-06,40.91,41.05,38.44,38.71,254416,0
2016-07-07,38.48,38.8945,37.76,38.11,234693,0
2016-07-08,38.31,38.31,36.91,37.19,302886,0
2016-07-11,36.86,37.34,36.56,37.32,126669,0
2016-07-12,37.19,37.19,36.21,36.82,122149,0
2016-07-13,36.47,38.09,36.19,38.09,262508,0
2016-07-14,37.41,38.2,37.2932,37.79,277738,0
2016-07-15,37.9,37.9,36.38,36.77,183052,0
2016-07-18,36.79,37.05,36.21,36.38,116790,0
2016-07-19,36.55,37.56,36.14,37.35,128844,0
2016-07-20,37.1,37.29,35.361,35.48,295027,0
2016-07-21,34.92,35.15,34.1,34.56,336345,0
2016-07-22,34.56,34.92,34.04,34.47,150858,0
2016-07-25,34.48,34.91,33.95,34.1,169979,0
2016-07-26,34.84,35.04,34.13,34.62,292067,0
2016-07-27,34.6,34.6,32.76,32.86,316847,0
2016-07-28,32.9,33.62,32.6,32.76,230809,0
2016-07-29,32.92,33.34,32.26,32.31,243610,0
2016-08-01,32.17,32.17,30.68,31.24,332333,0
2016-08-02,31.25,32.43,30.27,31.15,538640,0
2016-08-03,31.31,31.51,30.38,30.47,533578,0
2016-08-04,30.28,31,30.16,30.87,190279,0
2016-08-05,30.54,30.87,30.22,30.57,197166,0
2016-08-08,30.5,31.42,30.33,31.21,306862,0
2016-08-09,31.28,31.4,30.85,31.12,212953,0
2016-08-10,31.25,32.52,31.25,32.36,328199,0
2016-08-11,32.44,32.51,31.4801,31.62,257787,0
2016-08-12,31.83,32.27,31.47,31.55,140284,0
2016-08-15,31.21,31.45,30.72,30.9,387811,0
2016-08-16,31.17,31.86,31.01,31.8,246742,0
2016-08-17,32,32.3199,31.65,31.8,315091,0
2016-08-18,31.92,32.13,31.3801,31.72,64703,0
2016-08-19,32.06,32.21,31.62,31.95,140715,0
2016-08-22,31.69,31.69,30.55,30.7,300655,0
2016-08-23,30.47,30.79,30.28,30.65,180866,0
2016-08-24,30.68,32.91,30.03,32.72,747564,0
2016-08-25,32.58,34.38,32.0601,33.44,942661,0
2016-08-26,33.46,33.58,32.311,32.92,503829,0
2016-08-29,32.88,33.6,32.65,33.22,259624,0
2016-08-30,33.35,33.65,32.78,33.38,263040,0
2016-08-31,33.65,34.2,33.41,33.93,329079,0
2016-09-01,33.94,34.45,33.61,33.83,262131,0
2016-09-02,33.61,34.24,33.47,34.02,413669,0
2016-09-06,33.76,33.91,32.81,33.17,378550,0
2016-09-07,33.01,33.23,32.44,32.7,344722,0
2016-09-08,32.73,33.13,32.0909,32.24,212994,0
2016-09-09,33,34.29,32.74,34.28,579947,0
2016-09-12,34.75,34.82,32.096,32.19,573899,0
2016-09-13,32.68,33.91,32.68,33.2,460731,0
2016-09-14,33.05,33.05,31.65,32.47,340609,0
2016-09-15,32.55,32.84,31.3403,31.5,361557,0
2016-09-16,31.72,32,31.06,31.18,251357,0
2016-09-19,31.07,31.39,30.49,31.18,348852,0
2016-09-20,30.8,30.87,30.04,30.33,407669,0
2016-09-21,30.05,31.18,29.75,29.92,584464,0
2016-09-22,29.45,30.17,29.38,29.43,840270,0
2016-09-23,29.44,29.82,29.1,29.82,374560,0
2016-09-26,30.1,30.72,30,30.54,386333,0
2016-09-27,30.97,30.97,29.86,29.87,365697,0
2016-09-28,29.77,30.8,29.76,30.42,300584,0
2016-09-29,30.32,32.3801,30.31,32.23,649183,0
2016-09-30,32.25,32.76,31.221,31.47,429171,0
2016-10-03,31.61,32.3,31.42,31.45,335606,0
2016-10-04,31.3,32.03,31.08,31.72,267762,0
2016-10-05,31.62,31.68,30.74,31.15,230696,0
2016-10-06,31.8,32.68,31.77,32.51,427108,0
2016-10-07,32.5,33.2,32.29,32.57,291558,0
2016-10-10,31.89,31.9,31.36,31.7,310892,0
2016-10-11,32.66,34.52,32.49,34.06,1048517,0
2016-10-12,34.18,35.867,33.8,35.78,738171,0
2016-10-13,36.49,36.49,35.07,35.53,824862,0
2016-10-14,34.93,36.88,34.75,36.87,483475,0
2016-10-17,36.72,37.84,36.37,36.87,570864,0
2016-10-18,36,36.2044,35.426,35.94,459599,0
2016-10-19,35.71,36.48,35.71,36.47,268196,0
2016-10-20,36.57,36.57,35.42,35.73,361552,0
2016-10-21,35.75,36.52,35.73,36.36,221090,0
2016-10-24,36,36.7528,35.92,36.64,161509,0
2016-10-25,36.55,37.25,36.29,37.01,261893,0
2016-10-26,36.86,37.4641,36.04,36.96,293420,0
2016-10-27,36.31,37.05,35.6,36.9,370005,0
2016-10-28,37.36,39.17,37.36,38.28,752590,0
2016-10-31,38.37,39.51,38.24,39.49,290453,0
2016-11-01,39.5,40.1,38.45,38.66,381920,0
2016-11-02,38.89,40.08,38.85,40.08,292782,0
2016-11-03,39.99,42.5,39.57,42.37,543697,0
2016-11-04,42.37,42.42,39.85,40.77,417275,0
2016-11-07,39.19,39.51,37.48,37.78,663336,0
2016-11-08,38.46,38.57,36.66,37.64,241621,0
2016-11-09,31.4,33.47,29.8,30.86,747459,0
2016-11-10,29.84,30.9,28.9,29.9,884481,0
2016-11-11,30.51,31.31,30.0201,30.2,529686,0
2016-11-14,29.93,30.6,29.13,29.13,323577,0
2016-11-15,29.19,30.27,29.19,29.49,186705,0
2016-11-16,29.82,30.51,29.4317,30.47,187792,0
2016-11-17,30.41,31,29.96,30.04,310952,0
2016-11-18,30.16,31.03,29.86,30.79,138484,0
2016-11-21,30.83,30.87,30.29,30.34,97377,0
2016-11-22,30.29,32,30.1,31.45,175792,0
2016-11-23,33,33.06,30.92,30.97,397921,0
2016-11-25,30.68,31.484,30.55,30.77,52869,0
2016-11-28,31,31.87,30.95,31.8,133906,0
2016-11-29,31.87,32.269,31.16,31.72,141687,0
2016-11-30,31.39,33.16,31.39,33.16,261701,0
2016-12-01,32.78,34.42,32.78,34.26,326564,0
2016-12-02,34.25,34.65,33.3664,33.95,143216,0
2016-12-05,33.42,33.9509,32.79,33.62,179509,0
2016-12-06,33.32,33.93,32.8701,32.96,74903,0
2016-12-07,34.47,36.0483,33.97,34.87,424824,0
2016-12-08,35.07,36.1601,34.26,34.38,220777,0
2016-12-09,33.55,34.3696,32.62,34.06,185330,0
2016-12-12,34.57,35.04,34.22,34.54,104062,0
2016-12-13,34.2,34.34,33.5,34.19,109099,0
2016-12-14,33.97,34.61,33.69,34.14,134125,0
2016-12-15,33.66,34.21,33.38,33.46,118259,0
2016-12-16,33.325,33.57,32.61,33.44,96774,0
2016-12-19,33.34,34.35,32.8,34.3,168555,0
2016-12-20,34.05,34.08,33.55,33.74,83853,0
2016-12-21,33.69,34.64,33.59,34.57,84716,0
2016-12-22,34.5,35.1,34.46,34.76,136782,0
2016-12-23,34.76,34.76,33.14,33.23,98988,0
2016-12-27,32.94,33.54,32.33,33.5,92624,0
2016-12-28,33.32,34.405,33.32,34.3,71725,0
2016-12-29,34.36,34.8,34.08,34.52,99120,0
2016-12-30,34.56,35.36,34.31,34.99,97986,0
2017-01-03,34.61,34.61,33.61,33.61,166331,0
2017-01-04,33.57,33.57,31.6,31.9,253285,0
2017-01-05,31.77,32.3,31.46,31.72,120911,0
2017-01-06,31.57,31.68,31,31.28,289744,0
2017-01-09,30.66,31.3099,30.21,30.39,127383,0
2017-01-10,30.1,30.71,29.75,29.89,134942,0
2017-01-11,30,32.29,29.85,31.73,556425,0
2017-01-12,32.18,32.44,31.1256,31.42,187585,0
2017-01-13,31.53,31.53,30.63,31.23,133363,0
2017-01-17,31.75,32.58,31.75,32.44,157606,0
2017-01-18,32.16,32.38,31.79,31.81,270689,0
2017-01-19,31.85,32.71,31.85,32.39,78754,0
2017-01-20,32.27,32.825,31.94,32.65,131054,0
2017-01-23,32.88,33.4992,32.39,33.29,124892,0
2017-01-24,33.31,34.27,33.14,33.42,113207,0
2017-01-25,33,33.28,32.63,32.81,211974,0
2017-01-26,32.47,33.149,32.16,33,84105,0
2017-01-27,32.91,32.92,32.38,32.46,81254,0
2017-01-30,32.67,33.73,32.64,33.35,115982,0
2017-01-31,33.9,33.98,31.4,31.42,232847,0
2017-02-01,31.28,31.6,30.82,30.92,118136,0
2017-02-02,31.1,31.5,30.78,30.98,93913,0
2017-02-03,30.67,31.1404,30.31,30.35,127841,0
2017-02-06,30.46,30.79,30.21,30.24,75144,0
2017-02-07,30.24,30.82,30.04,30.51,280874,0
2017-02-08,30.97,31.34,30.5,30.62,172089,0
2017-02-09,30.66,30.6748,29.837,29.96,148598,0
2017-02-10,29.94,30.19,29.735,30.01,247037,0
2017-02-13,29.9,29.94,29.5,29.63,83842,0
2017-02-14,29.66,29.8199,28.86,28.93,143198,0
2017-02-15,28.96,29.03,27.8224,27.84,163557,0
2017-02-16,27.76,28.8,27.55,28.26,126576,0
2017-02-17,28.71,28.71,27.965,27.99,71660,0
2017-02-21,27.97,28.4342,27.69,28.3,84345,0
2017-02-22,28.29,28.8,28.2,28.8,71709,0
2017-02-23,28.73,29.56,28.69,28.93,78615,0
2017-02-24,29.46,29.46,28.78,28.8,98638,0
2017-02-27,28.84,28.84,27.13,27.19,187473,0
2017-02-28,27.29,27.65,26.9,27.42,146942,0
2017-03-01,26.85,27.12,26.45,26.68,144211,0
2017-03-02,26.72,26.99,26.2,26.92,106253,0
2017-03-03,26.88,27.073,26.34,26.43,82222,0
2017-03-06,26.6,27.1471,26.6,26.87,68470,0
2017-03-07,27.5,27.9,27.24,27.69,132752,0
2017-03-08,27.86,27.86,26.76,27.21,164112,0
2017-03-09,27.22,27.53,26.86,27.01,149063,0
2017-03-10,26.68,27.36,26.62,26.67,130874,0
2017-03-13,26.85,27.03,26.62,26.67,89343,0
2017-03-14,26.85,27.22,26.79,27.13,110375,0
2017-03-15,27.09,27.09,26.1,26.31,132553,0
2017-03-16,26.39,27.21,26.39,27.02,165048,0
2017-03-17,27.8,27.94,27.28,27.62,449709,0
2017-03-20,27.62,27.69,27.17,27.33,67173,0
2017-03-21,27.19,28.92,27.13,28.88,442494,0
2017-03-22,28.88,29.06,28.47,28.48,120438,0
2017-03-23,28.53,28.86,28.16,28.72,153178,0
2017-03-24,28.54,28.7683,28.25,28.42,86037,0
2017-03-27,29.03,29.05,27.72,27.84,329730,0
2017-03-28,27.81,28.28,27.53,28.04,88536,0
2017-03-29,27.77,27.82,27.19,27.58,72718,0
2017-03-30,27.71,27.99,27.66,27.78,46874,0
2017-03-31,27.81,27.98,27.6273,27.81,36407,0
2017-04-03,27.75,28.27,27.36,28.2,61277,0
2017-04-04,28.29,28.46,27.95,28.13,56928,0
2017-04-05,28.06,29.06,27.8598,28.87,81352,0
2017-04-06,28.76,29.176,28.64,28.73,55829,0
2017-04-07,28.91,28.97,28.21,28.32,37537,0
2017-04-10,28.2,28.57,28.01,28.51,68497,0
2017-04-11,28.54,29.23,28.32,28.72,108856,0
2017-04-12,28.62,28.92,28.4489,28.71,58019,0
2017-04-13,28.88,28.88,28.09,28.29,100993,0
2017-04-17,28.31,28.65,28.2,28.3,25853,0
2017-04-18,28.45,29.18,28.39,28.86,65328,0
2017-04-19,28.71,28.86,28.271,28.62,62277,0
2017-04-20,28.46,28.86,28.18,28.33,56887,0
2017-04-21,28.26,29.04,28.26,28.88,63282,0
2017-04-24,28.14,28.39,27.93,28.02,73161,0
2017-04-25,27.7,27.75,27.07,27.3,59146,0
2017-04-26,27.31,27.4,27.0328,27.19,30650,0
2017-04-27,27.22,27.5,26.9,27.13,28869,0
2017-04-28,27.09,27.3,26.84,26.96,45953,0
2017-05-01,26.94,26.95,26.5104,26.58,64159,0
2017-05-02,26.54,27.03,26.42,26.76,48304,0
2017-05-03,26.93,27.38,26.93,27.2,88381,0
2017-05-04,27.1,27.1,26.69,26.76,75535,0
2017-05-05,26.67,27.49,26.67,27.22,58612,0
2017-05-08,27.22,28.4936,27.22,28.38,70772,0
2017-05-09,28.179,28.26,27.7,27.7,51153,0
2017-05-10,27.78,28.4185,27.78,27.91,58282,0
2017-05-11,27.97,28.56,27.912,27.99,69607,0
2017-05-12,28.01,28.17,27.55,27.78,23892,0
2017-05-15,27.72,27.79,27.4158,27.49,61012,0
2017-05-16,27.43,27.65,27.2,27.26,27281,0
2017-05-17,27.9,28.56,27.71,28.54,80189,0
2017-05-18,28.17,28.39,27.6,27.75,106069,0
2017-05-19,27.65,28.19,27.37,28.12,36477,0
2017-05-22,28.07,28.3525,27.94,27.96,26887,0
2017-05-23,27.9479,28.285,27.9,28.05,24956,0
2017-05-24,27.98,28.5337,27.9,27.99,21216,0
2017-05-25,27.71,28.13,27.71,28.08,35745,0
2017-05-26,28.15,28.5605,28.01,28.56,21608,0
2017-05-30,28.6,29.49,28.52,29.39,81515,0
2017-05-31,29.28,29.66,28.96,28.98,46477,0
2017-06-01,28.92,28.95,27.871,27.97,46180,0
2017-06-02,27.79,27.8879,26.91,27.03,57616,0
2017-06-05,26.81,27.77,26.81,27.4,61524,0
2017-06-06,27.69,27.74,27.26,27.61,45634,0
2017-06-07,27.53,27.83,27.36,27.57,12738,0
2017-06-08,27.44,27.64,27.148,27.24,32337,0
2017-06-09,27.29,27.61,26.6296,27.43,71328,0
2017-06-12,27.46,27.91,27.02,27.56,44102,0
2017-06-13,27.38,27.68,27.25,27.25,16308,0
2017-06-14,27.26,27.3115,26.68,26.97,33849,0
2017-06-15,27.35,27.85,27.25,27.41,74118,0
2017-06-16,27.47,27.96,27.47,27.6,38256,0
2017-06-19,27.29,27.42,26.068,26.27,59181,0
2017-06-20,26.4,26.4,24.83,25.61,118285,0
2017-06-21,25.36,25.36,23.4774,23.48,192162,0
2017-06-22,23.17,23.34,22.425,22.89,260190,0
2017-06-23,23,23.46,22.75,22.8,133393,0
2017-06-26,22.6,23.23,22.6,22.93,50744,0
2017-06-27,23.03,24.26,23.0147,24.26,184949,0
2017-06-28,24,24.25,23.13,23.24,99054,0
2017-06-29,23.33,24.42,23.33,23.9,90370,0
2017-06-30,23.9,24.38,23.82,24.26,59433,0
2017-07-03,24.01,24.24,23.82,24.07,19286,0
2017-07-05,24.1,24.11,23.31,23.41,53403,0
2017-07-06,23.73,24.3348,23.59,24.1806,53911,0
2017-07-07,23.89,24.108,23.7,23.88,51948,0
2017-07-10,23.81,24.4699,23.81,24.21,39940,0
2017-07-11,24.15,24.266,23.85,23.93,57639,0
2017-07-12,23.6,23.82,23.55,23.58,34826,0
2017-07-13,23.44,24.1,22.98,23.28,63666,0
2017-07-14,23.09,23.34,23,23.26,44668,0
2017-07-17,23.24,23.47,22.99,23.44,36537,0
2017-07-18,23.62,23.8,23.41,23.41,42485,0
2017-07-19,22.89,22.94,22.43,22.75,94898,0
2017-07-20,22.64,22.71,22.07,22.29,74799,0
2017-07-21,22.38,22.38,22,22.06,120389,0
2017-07-24,22.14,22.31,21.69,21.69,55576,0
2017-07-25,21.56,22.31,21.43,22.18,83123,0
2017-07-26,22.03,22.25,21.81,21.88,27051,0
2017-07-27,21.56,23,21.56,22.72,83212,0
2017-07-28,22.81,23.01,22.331,22.43,89774,0
2017-07-31,22.5,22.84,22.35,22.8,30783,0
2017-08-01,22.6,23.41,22.6,23.28,135250,0
2017-08-02,23.14,23.61,22.95,23.07,57862,0
2017-08-03,23.01,23.5,22.95,23.46,39579,0
2017-08-04,23.35,23.68,23.26,23.28,41089,0
2017-08-07,23.25,23.44,22.9801,23.03,33883,0
2017-08-08,23.03,23.615,22.91,23.45,60994,0
2017-08-09,23.8,23.91,23.42,23.6,51710,0
2017-08-10,23.84,25,23.84,24.99,126370,0
2017-08-11,24.96,24.97,24.44,24.61,74602,0
2017-08-14,24.3,24.32,24.04,24.14,51030,0
2017-08-15,23.98,24.25,23.9513,24.16,27558,0
2017-08-16,24.11,24.19,23.75,24.04,49911,0
2017-08-17,24.13,24.87,23.8796,24.86,93383,0
2017-08-18,24.93,25.2099,24.62,25.01,63370,0
2017-08-21,25.18,25.18,24.7536,24.92,36787,0
2017-08-22,24.7,24.7,23.854,23.93,98209,0
2017-08-23,24.11,24.21,23.9417,24.14,35134,0
2017-08-24,24,24.19,23.4852,23.58,67382,0
2017-08-25,23.39,23.89,23.28,23.87,45415,0
2017-08-28,23.44,23.44,22.8,22.96,78156,0
2017-08-29,23.35,23.41,22.71,22.84,22855,0
2017-08-30,22.77,22.85,21.7,21.86,96007,0
2017-08-31,21.81,21.81,20.63,20.64,197154,0
2017-09-01,20.69,20.899,20.26,20.35,89341,0
2017-09-05,20.51,21.1,20.329,20.7,128553,0
2017-09-06,20.58,20.808,20.3,20.54,57577,0
2017-09-07,20.66,20.85,20.3,20.43,46339,0
2017-09-08,20.47,20.65,20.26,20.57,56911,0
2017-09-11,20.26,20.73,20.26,20.54,66463,0
2017-09-12,20.51,20.8,20.42,20.42,25791,0
2017-09-13,20.52,20.67,20.45,20.58,28552,0
2017-09-14,20.82,20.97,20.481,20.82,35385,0
2017-09-15,20.83,21,20.57,20.83,38068,0
2017-09-18,20.83,21,20.58,20.83,39781,0
2017-09-19,20.72,21.16,20.72,21.08,127246,0
2017-09-20,21.1,21.1,20.6,20.73,45665,0
2017-09-21,20.8,20.95,20.64,20.91,43212,0
2017-09-22,20.96,21.33,20.96,21.07,45936,0
2017-09-25,20.97,21.1197,20.71,20.9,28151,0
2017-09-26,20.99,21.3,20.72,21.28,30579,0
2017-09-27,21.1,21.21,20.8902,21.01,55143,0
2017-09-28,21.02,21.27,20.79,20.98,54934,0
2017-09-29,20.83,21.11,20.5301,20.58,67156,0
2017-10-02,20.38,20.46,19.95,19.95,91328,0
2017-10-03,19.79,20.38,19.79,20.06,51963,0
2017-10-04,19.92,20.06,19.68,19.74,40035,0
2017-10-05,19.69,19.93,19.6,19.69,46992,0
2017-10-06,19.79,19.92,19.5,19.76,40527,0
2017-10-09,19.72,19.9,19.72,19.87,18720,0
2017-10-10,19.81,20.02,19.72,19.83,74666,0
2017-10-11,19.96,20.06,19.88,19.94,39258,0
2017-10-12,20.07,20.25,19.869,20.15,43996,0
2017-10-13,20.09,20.29,20.08,20.24,19343,0
2017-10-16,20.2,20.33,19.6,20.18,70601,0
2017-10-17,20.2,20.2,19.87,20.01,25888,0
2017-10-18,20.03,20.3248,19.8035,20.27,32144,0
2017-10-19,20.35,20.68,20.18,20.36,39359,0
2017-10-20,20.53,21.0007,20.53,20.81,77578,0
2017-10-23,20.89,21.31,20.8,21.27,57002,0
2017-10-24,21.14,22.04,21.14,21.6,58318,0
2017-10-25,21.67,22.39,21.605,22.09,95900,0
2017-10-26,23,23.4,22.6899,23.06,162441,0
2017-10-27,23.16,23.47,22.691,22.8,120988,0
2017-10-30,22.84,23.01,22.28,22.75,130474,0
2017-10-31,22.6,23.255,22.55,23.09,40712,0
2017-11-01,22.76,23.48,22.76,23.38,47135,0
2017-11-02,23.4,23.58,22.98,23.4,66775,0
2017-11-03,23.38,23.4,22.64,22.67,49385,0
2017-11-06,22.54,22.9,22.44,22.86,23174,0
2017-11-07,22.81,23.26,22.771,23.08,56973,0
2017-11-08,23.01,23.4,22.75,23.26,28362,0
2017-11-09,23.49,24,23.43,23.511,81348,0
2017-11-10,23.65,23.83,23.28,23.36,62483,0
