Date,Open,High,Low,Close,Volume,OpenInt
2013-06-07,47.018,47.018,46.88,46.88,75791,0
2013-06-10,46.952,46.952,46.523,46.547,137866,0
2013-06-11,46.798,46.798,46.523,46.542,54359,0
2013-06-12,46.702,46.893,46.602,46.721,209983,0
2013-06-13,46.711,46.741,46.569,46.569,112743,0
2013-06-14,46.827,46.827,46.676,46.676,106871,0
2013-06-17,46.798,46.798,46.614,46.711,106394,0
2013-06-18,46.75,46.75,46.559,46.641,148088,0
2013-06-19,46.808,46.808,46.431,46.533,92133,0
2013-06-20,46.431,46.431,46.187,46.381,134041,0
2013-06-21,46.702,46.702,46.156,46.288,233243,0
2013-06-24,46.229,46.288,45.884,46.268,334949,0
2013-06-25,46.324,46.324,46.089,46.117,281360,0
2013-06-26,46.2,46.258,46.085,46.094,1309150,0
2013-06-27,46.363,46.363,46.053,46.21,2145725,0
2013-06-28,46.529,46.529,46.387,46.492,2596627,0
2013-07-01,46.319,46.319,46.243,46.253,2385611,0
2013-07-02,46.111,46.301,46.111,46.214,96149,0
2013-07-03,46.407,46.415,46.196,46.367,39738,0
2013-07-05,46.214,46.214,45.885,46.141,148980,0
2013-07-08,46.377,46.377,46.243,46.283,216850,0
2013-07-09,46.415,46.415,46.243,46.319,66691,0
2013-07-10,46.573,46.573,46.274,46.338,60952,0
2013-07-11,46.481,46.527,46.311,46.405,95066,0
2013-07-12,46.434,46.481,46.328,46.357,452598,0
2013-07-15,46.462,46.563,46.293,46.338,1109834,0
2013-07-16,46.481,46.537,46.319,46.439,626755,0
2013-07-17,46.49,46.499,46.425,46.48,245916,0
2013-07-18,46.499,46.516,46.293,46.462,172666,0
2013-07-19,46.49,46.499,46.264,46.295,97375,0
2013-07-22,46.499,46.517,46.338,46.432,57703,0
2013-07-23,46.537,46.556,46.301,46.517,94207,0
2013-07-24,46.472,46.472,46.293,46.405,104783,0
2013-07-25,46.422,46.422,46.103,46.348,116426,0
2013-07-26,46.294,46.481,46.141,46.481,56656,0
2013-07-29,46.472,46.472,46.293,46.405,679133,0
2013-07-30,46.386,46.418,46.243,46.386,85705,0
2013-07-31,46.425,46.433,46.103,46.283,81804,0
2013-08-01,46.537,46.537,46.263,46.312,70000,0
2013-08-02,46.443,46.491,46.312,46.491,60922,0
2013-08-05,46.491,46.491,46.357,46.416,76291,0
2013-08-06,46.453,46.453,46.328,46.396,91911,0
2013-08-07,46.472,46.491,46.312,46.406,69926,0
2013-08-08,46.462,46.462,46.357,46.426,48882,0
2013-08-09,46.233,46.491,46.233,46.481,45999,0
2013-08-12,46.518,46.518,46.386,46.491,50701,0
2013-08-13,46.386,46.452,46.223,46.348,60387,0
2013-08-14,46.302,46.376,46.067,46.312,68582,0
2013-08-15,46.233,46.243,46.029,46.223,58548,0
2013-08-16,46.176,46.253,45.991,46.204,61264,0
2013-08-19,46.273,46.273,45.946,46.028,100460,0
2013-08-20,46.019,46.263,45.945,46.176,76629,0
2013-08-21,46.176,46.186,45.963,46.057,67472,0
2013-08-22,46.092,46.195,45.816,45.973,140094,0
2013-08-23,46.028,46.028,45.816,45.954,126293,0
2013-08-26,46.028,46.028,45.851,45.945,62908,0
2013-08-27,45.935,46.253,45.935,46.009,40961,0
2013-08-28,46.048,46.203,45.973,45.982,55940,0
2013-08-29,45.991,46.263,45.991,46.121,80421,0
2013-08-30,46.473,46.488,46.253,46.416,84664,0
2013-09-03,46.149,46.213,45.915,45.953,162853,0
2013-09-04,46.252,46.252,46.12,46.175,89878,0
2013-09-05,46.047,46.047,45.775,45.795,37833,0
2013-09-06,45.934,46.101,45.915,46.047,70443,0
2013-09-09,46.101,46.101,45.816,45.999,55267,0
2013-09-10,45.905,46.242,45.477,45.886,576418,0
2013-09-11,46.008,46.027,45.841,46.018,90691,0
2013-09-12,46.027,46.174,45.867,46.084,146570,0
2013-09-13,45.85,46.101,45.824,46.075,93132,0
2013-09-16,46.11,46.262,45.99,46.13,45983,0
2013-09-17,46.204,46.204,46.066,46.149,82678,0
2013-09-18,46.195,46.582,45.886,46.508,124696,0
2013-09-19,46.582,46.582,46.376,46.453,80526,0
2013-09-20,46.175,46.366,45.962,46.337,107884,0
2013-09-23,46.453,46.527,46.366,46.527,81836,0
2013-09-24,46.564,46.61,46.405,46.564,123101,0
2013-09-25,46.499,46.591,46.467,46.591,43336,0
2013-09-26,46.591,46.591,46.471,46.546,273728,0
2013-09-27,46.627,46.645,46.415,46.61,71174,0
2013-09-30,46.73,46.73,46.638,46.71,92148,0
2013-10-01,46.591,46.617,46.47,46.61,97153,0
2013-10-02,46.672,46.755,46.572,46.697,222000,0
2013-10-03,46.555,46.672,46.545,46.626,120162,0
2013-10-04,46.672,46.672,46.507,46.61,242883,0
2013-10-07,46.773,46.783,46.526,46.69,87460,0
2013-10-08,46.291,46.635,46.281,46.617,56993,0
2013-10-09,46.707,46.707,46.326,46.617,107060,0
2013-10-10,46.654,46.654,46.516,46.617,43243,0
2013-10-11,46.572,46.635,46.404,46.442,55995,0
2013-10-14,46.707,46.707,46.47,46.545,57768,0
2013-10-15,46.672,46.672,46.47,46.47,68613,0
2013-10-16,46.68,46.68,46.336,46.662,96196,0
2013-10-17,46.793,46.793,46.516,46.654,57309,0
2013-10-18,46.726,46.726,46.563,46.716,99287,0
2013-10-21,46.763,46.763,46.563,46.68,68281,0
2013-10-22,46.831,46.861,46.644,46.851,57952,0
2013-10-23,46.871,46.909,46.707,46.871,72863,0
2013-10-24,46.851,46.938,46.793,46.909,114622,0
2013-10-25,46.938,46.938,46.851,46.928,46209,0
2013-10-28,46.975,46.975,46.841,46.909,52305,0
2013-10-29,46.955,46.975,46.851,46.975,95557,0
2013-10-30,47.039,47.094,46.899,47.014,73823,0
2013-10-31,47.204,47.204,46.951,47.129,482805,0
2013-11-01,47.071,47.079,46.999,47.071,106177,0
2013-11-04,47.018,47.071,46.999,47.043,75667,0
2013-11-05,46.932,46.979,46.883,46.951,127989,0
2013-11-06,46.922,46.989,46.807,46.903,72344,0
2013-11-07,46.989,47.052,46.903,46.959,90750,0
2013-11-08,47.027,47.027,46.816,46.903,84794,0
2013-11-11,46.903,47.009,46.865,46.932,84210,0
2013-11-12,46.932,46.942,46.845,46.932,94156,0
2013-11-13,46.893,46.979,46.883,46.969,119795,0
2013-11-14,46.979,46.999,46.855,46.969,77453,0
2013-11-15,46.989,46.999,46.903,46.979,174053,0
2013-11-18,46.999,47.018,46.912,46.999,141818,0
2013-11-19,46.999,46.999,46.903,46.951,139146,0
2013-11-20,46.942,47.027,46.883,46.912,77879,0
2013-11-21,46.845,46.951,46.816,46.893,94475,0
2013-11-22,46.922,46.951,46.855,46.903,92038,0
2013-11-25,46.959,47.009,46.922,46.969,109477,0
2013-11-26,46.999,47.043,46.969,47.033,82985,0
2013-11-27,47.033,47.033,46.942,46.989,75218,0
2013-11-29,47.089,47.089,47.018,47.061,60429,0
2013-12-02,47.009,47.027,46.875,46.932,313749,0
2013-12-03,46.999,47.009,46.942,46.989,111903,0
2013-12-04,46.902,46.912,46.797,46.845,763011,0
2013-12-05,46.748,46.816,46.739,46.767,75357,0
2013-12-06,46.816,46.835,46.758,46.816,82158,0
2013-12-09,46.883,46.886,46.826,46.845,196414,0
2013-12-10,46.922,46.922,46.835,46.883,85243,0
2013-12-11,46.922,46.942,46.855,46.902,105964,0
2013-12-12,46.883,46.902,46.807,46.875,249673,0
2013-12-13,46.893,46.922,46.875,46.912,73652,0
2013-12-16,46.932,46.951,46.883,46.902,201138,0
2013-12-17,46.922,46.959,46.865,46.893,102990,0
2013-12-18,46.912,46.942,46.797,46.893,665657,0
2013-12-19,46.835,46.865,46.777,46.797,235952,0
2013-12-20,46.777,46.875,46.777,46.797,91722,0
2013-12-23,46.855,46.893,46.729,46.835,253911,0
2013-12-24,46.848,46.848,46.751,46.838,58681,0
2013-12-26,46.79,46.838,46.751,46.838,109631,0
2013-12-27,46.761,46.78,46.668,46.703,118123,0
2013-12-30,46.819,46.819,46.668,46.732,130116,0
2013-12-31,46.77,46.77,46.668,46.751,98910,0
2014-01-02,46.8,46.81,46.712,46.77,131200,0
2014-01-03,46.829,46.838,46.688,46.732,87425,0
2014-01-06,46.848,46.886,46.77,46.848,142424,0
2014-01-07,46.954,46.962,46.886,46.962,157458,0
2014-01-08,46.944,46.982,46.81,46.848,148262,0
2014-01-09,46.896,46.936,46.81,46.886,163966,0
2014-01-10,46.992,47.012,46.896,47.012,77579,0
2014-01-13,47.064,47.092,46.972,47.045,110054,0
2014-01-14,47.092,47.092,47.021,47.03,143589,0
2014-01-15,47.045,47.082,46.972,47.012,115894,0
2014-01-16,47.092,47.159,47.064,47.131,114963,0
2014-01-17,47.159,47.168,47.055,47.168,113028,0
2014-01-21,47.188,47.208,47.131,47.178,119290,0
2014-01-22,47.178,47.178,47.102,47.102,234328,0
2014-01-23,47.208,47.228,47.15,47.218,119075,0
2014-01-24,47.334,47.352,47.218,47.315,205890,0
2014-01-27,47.256,47.256,47.141,47.237,155264,0
2014-01-28,47.237,47.285,47.168,47.276,95544,0
2014-01-29,47.315,47.37,47.256,47.325,139981,0
2014-01-30,47.37,47.4,47.295,47.361,91271,0
2014-01-31,47.428,47.465,47.37,47.428,90844,0
2014-02-03,47.473,47.528,47.37,47.493,148344,0
2014-02-04,47.473,47.473,47.408,47.445,162102,0
2014-02-05,47.442,47.495,47.408,47.445,71745,0
2014-02-06,47.454,47.454,47.337,47.379,105628,0
2014-02-07,47.417,47.493,47.369,47.454,136580,0
2014-02-10,47.454,47.483,47.369,47.389,134924,0
2014-02-11,47.36,47.445,47.36,47.417,114633,0
2014-02-12,47.399,47.417,47.283,47.341,162912,0
2014-02-13,47.427,47.493,47.327,47.473,139311,0
2014-02-14,47.408,47.427,47.323,47.417,98228,0
2014-02-18,47.445,47.483,47.389,47.473,126725,0
2014-02-19,47.463,47.552,47.463,47.473,142551,0
2014-02-20,47.445,47.445,47.237,47.264,364036,0
2014-02-21,47.332,47.445,47.332,47.427,88021,0
2014-02-24,47.501,47.501,47.369,47.437,110528,0
2014-02-25,47.501,47.546,47.454,47.538,85735,0
2014-02-26,47.57,47.599,47.519,47.599,109588,0
2014-02-27,47.695,47.717,47.599,47.704,109747,0
2014-02-28,47.637,47.686,47.57,47.647,141988,0
2014-03-03,47.722,47.788,47.628,47.778,113058,0
2014-03-04,47.75,47.75,47.657,47.686,105259,0
2014-03-05,47.704,47.731,47.657,47.695,90780,0
2014-03-06,47.667,47.667,47.552,47.637,118236,0
2014-03-07,47.579,47.636,47.519,47.59,103753,0
2014-03-10,47.609,47.637,47.552,47.619,81822,0
2014-03-11,47.599,47.666,47.552,47.637,246021,0
2014-03-12,47.676,47.731,47.637,47.704,81229,0
2014-03-13,47.676,47.759,47.637,47.722,154170,0
2014-03-14,47.826,47.836,47.704,47.74,71816,0
2014-03-17,47.75,47.759,47.704,47.74,141874,0
2014-03-18,47.731,47.759,47.695,47.759,120865,0
2014-03-19,47.759,47.759,47.57,47.637,147247,0
2014-03-20,47.591,47.641,47.538,47.619,74906,0
2014-03-21,47.657,47.704,47.58,47.695,104309,0
2014-03-24,47.657,47.74,47.647,47.731,95895,0
2014-03-25,47.778,47.778,47.657,47.74,92352,0
2014-03-26,47.778,47.798,47.686,47.788,173747,0
2014-03-27,47.826,47.836,47.788,47.836,98445,0
2014-03-28,47.826,47.836,47.714,47.788,102154,0
2014-03-31,47.731,47.807,47.695,47.798,135806,0
2014-04-01,47.774,47.803,47.717,47.764,512503,0
2014-04-02,47.709,47.735,47.633,47.709,133125,0
2014-04-03,47.727,47.783,47.717,47.774,105719,0
2014-04-04,47.783,47.888,47.764,47.851,237170,0
2014-04-07,47.917,47.917,47.851,47.898,135599,0
2014-04-08,47.87,47.88,47.821,47.861,106732,0
2014-04-09,47.851,47.907,47.765,47.851,1116149,0
2014-04-10,47.985,47.985,47.861,47.946,127463,0
2014-04-11,48.043,48.043,47.888,48.014,108782,0
2014-04-14,48.005,48.005,47.888,47.937,119233,0
2014-04-15,47.927,48.089,47.917,48.061,88754,0
2014-04-16,48.014,48.034,47.946,48.014,95552,0
2014-04-17,47.985,48.061,47.907,47.937,133662,0
2014-04-21,47.985,48.024,47.946,47.975,173656,0
2014-04-22,47.985,47.985,47.937,47.975,108045,0
2014-04-23,47.985,48.034,47.946,47.985,189164,0
2014-04-24,47.975,48.014,47.946,47.985,411693,0
2014-04-25,47.985,48.043,47.976,48.043,203756,0
2014-04-28,48.024,48.034,47.965,47.995,262058,0
2014-04-29,47.985,48.014,47.965,48.014,210741,0
2014-04-30,48.051,48.109,47.995,48.09,248719,0
2014-05-01,48.107,48.137,48.069,48.127,125438,0
2014-05-02,48.098,48.175,48.059,48.137,105997,0
2014-05-05,48.137,48.194,48.088,48.117,4408923,0
2014-05-06,48.147,48.165,48.107,48.142,167257,0
2014-05-07,48.137,48.156,48.107,48.147,153451,0
2014-05-08,48.175,48.221,48.127,48.212,234228,0
2014-05-09,48.204,48.204,48.157,48.185,167720,0
2014-05-12,48.137,48.185,48.127,48.165,108610,0
2014-05-13,48.185,48.297,48.165,48.297,350955,0
2014-05-14,48.297,48.383,48.259,48.336,135962,0
2014-05-15,48.307,48.449,48.307,48.422,147681,0
2014-05-16,48.374,48.384,48.327,48.336,261505,0
2014-05-19,48.384,48.384,48.327,48.344,123146,0
2014-05-20,48.287,48.307,48.24,48.297,182236,0
2014-05-21,48.277,48.297,48.24,48.277,106245,0
2014-05-22,48.267,48.297,48.212,48.259,101816,0
2014-05-23,48.327,48.336,48.222,48.277,82729,0
2014-05-27,48.393,48.413,48.277,48.374,142164,0
2014-05-28,48.431,48.655,48.431,48.655,155312,0
2014-05-29,48.606,48.606,48.449,48.477,123456,0
2014-05-30,48.459,48.496,48.422,48.449,323514,0
2014-06-02,48.539,48.539,48.403,48.44,139696,0
2014-06-03,48.413,48.413,48.327,48.384,171688,0
2014-06-04,48.336,48.364,48.259,48.287,197051,0
2014-06-05,48.336,48.445,48.297,48.44,119214,0
2014-06-06,48.53,48.568,48.449,48.539,133845,0
2014-06-09,48.539,48.578,48.504,48.53,157624,0
2014-06-10,48.521,48.539,48.477,48.504,177412,0
2014-06-11,48.504,48.513,48.422,48.459,307428,0
2014-06-12,48.487,48.53,48.422,48.521,147466,0
2014-06-13,48.487,48.539,48.427,48.539,108763,0
2014-06-16,48.549,48.549,48.469,48.521,142317,0
2014-06-17,48.53,48.53,48.472,48.487,145487,0
2014-06-18,48.549,48.549,48.469,48.53,846005,0
2014-06-19,48.615,48.635,48.496,48.615,200352,0
2014-06-20,48.53,48.562,48.496,48.521,168980,0
2014-06-23,48.615,48.615,48.549,48.597,182074,0
2014-06-24,48.606,48.635,48.53,48.625,129700,0
2014-06-25,48.722,48.738,48.645,48.712,166267,0
2014-06-26,48.739,48.759,48.684,48.748,148763,0
2014-06-27,48.789,48.789,48.684,48.722,147420,0
2014-06-30,48.684,48.769,48.684,48.739,306094,0
2014-07-01,48.692,48.805,48.673,48.711,96879,0
2014-07-02,48.673,48.721,48.634,48.663,188587,0
2014-07-03,48.624,48.653,48.596,48.634,103066,0
2014-07-07,48.711,48.729,48.673,48.711,187135,0
2014-07-08,48.778,48.778,48.721,48.768,119864,0
2014-07-09,48.738,48.814,48.738,48.758,105010,0
2014-07-10,48.85,48.85,48.788,48.805,70048,0
2014-07-11,48.841,48.869,48.76,48.841,138113,0
2014-07-14,48.805,48.832,48.779,48.814,156051,0
2014-07-15,48.832,48.85,48.798,48.832,148982,0
2014-07-16,48.85,48.879,48.809,48.869,156364,0
2014-07-17,48.918,48.987,48.888,48.967,256337,0
2014-07-18,48.967,48.987,48.879,48.958,134854,0
2014-07-21,49.024,49.024,48.958,48.977,150488,0
2014-07-22,49.006,49.006,48.958,48.987,377615,0
2014-07-23,49.034,49.053,48.987,49.024,360608,0
2014-07-24,48.977,48.987,48.958,48.967,155791,0
2014-07-25,49.015,49.073,48.987,49.049,323549,0
2014-07-28,49.073,49.082,49.006,49.024,215342,0
2014-07-29,49.112,49.122,49.034,49.102,220540,0
2014-07-30,49.082,49.082,48.988,49.006,166706,0
2014-07-31,48.987,49.024,48.948,48.987,144312,0
2014-08-01,49.039,49.127,49.001,49.049,115363,0
2014-08-04,49.127,49.127,49.039,49.078,303596,0
2014-08-05,49.059,49.059,48.982,49.039,242667,0
2014-08-06,49.059,49.107,48.982,49.049,260005,0
2014-08-07,49.087,49.117,49.029,49.107,140167,0
2014-08-08,49.184,49.201,49.127,49.174,174671,0
2014-08-11,49.164,49.164,49.103,49.154,206296,0
2014-08-12,49.164,49.184,49.146,49.154,182156,0
2014-08-13,49.202,49.256,49.164,49.231,168130,0
2014-08-14,49.288,49.318,49.25,49.298,166178,0
2014-08-15,49.345,49.371,49.222,49.288,403587,0
2014-08-18,49.318,49.318,49.25,49.288,171368,0
2014-08-19,49.318,49.371,49.308,49.327,662028,0
2014-08-20,49.353,49.363,49.298,49.335,331841,0
2014-08-21,49.353,49.371,49.309,49.353,175919,0
2014-08-22,49.399,49.409,49.318,49.409,133288,0
2014-08-25,49.448,49.515,49.438,49.498,138260,0
2014-08-26,49.542,49.542,49.488,49.532,354201,0
2014-08-27,49.598,49.658,49.542,49.648,146491,0
2014-08-28,49.684,49.707,49.648,49.667,207978,0
2014-08-29,49.628,49.68,49.581,49.658,1401098,0
2014-09-02,49.574,49.622,49.502,49.511,2884020,0
2014-09-03,49.511,49.555,49.442,49.502,227082,0
2014-09-04,49.528,49.549,49.348,49.492,328347,0
2014-09-05,49.622,49.622,49.507,49.602,458224,0
2014-09-08,49.612,49.622,49.518,49.545,259263,0
2014-09-09,49.452,49.462,49.412,49.442,194122,0
2014-09-10,49.422,49.454,49.353,49.422,145910,0
2014-09-11,49.422,49.432,49.348,49.375,227307,0
2014-09-12,49.302,49.338,49.243,49.302,344121,0
2014-09-15,49.348,49.365,49.253,49.272,360896,0
2014-09-16,49.366,49.375,49.312,49.348,599215,0
2014-09-17,49.366,49.441,49.312,49.357,178604,0
2014-09-18,49.329,49.357,49.301,49.334,315351,0
2014-09-19,49.422,49.471,49.375,49.442,170523,0
2014-09-22,49.492,49.528,49.442,49.511,485926,0
2014-09-23,49.528,49.535,49.482,49.518,2423288,0
2014-09-24,49.545,49.545,49.422,49.492,275624,0
2014-09-25,49.564,49.612,49.545,49.612,279173,0
2014-09-26,49.564,49.622,49.472,49.564,559118,0
2014-09-29,49.528,49.632,49.512,49.593,1074880,0
2014-09-30,49.642,49.642,49.564,49.593,195427,0
2014-10-01,49.638,49.704,49.598,49.684,296945,0
2014-10-02,49.694,49.694,49.588,49.648,279873,0
2014-10-03,49.628,49.684,49.55,49.674,555139,0
2014-10-06,49.638,49.684,49.598,49.658,254255,0
2014-10-07,49.648,49.743,49.598,49.743,301787,0
2014-10-08,49.762,49.808,49.704,49.762,722971,0
2014-10-09,49.79,49.808,49.752,49.79,2558346,0
2014-10-10,49.752,49.79,49.724,49.762,382808,0
2014-10-13,49.836,49.886,49.782,49.828,207679,0
2014-10-14,49.856,49.902,49.79,49.856,185605,0
2014-10-15,50.035,50.131,49.921,50.072,790796,0
2014-10-16,50.015,50.025,49.743,49.808,330859,0
2014-10-17,49.752,49.752,49.648,49.658,350783,0
2014-10-20,49.694,49.782,49.658,49.724,247053,0
2014-10-21,49.714,49.752,49.658,49.724,705200,0
2014-10-22,49.733,49.762,49.674,49.714,273922,0
2014-10-23,49.704,49.724,49.638,49.724,192062,0
2014-10-24,49.724,49.743,49.68,49.704,260726,0
2014-10-27,49.752,49.762,49.684,49.704,214739,0
2014-10-28,49.733,49.743,49.684,49.704,167833,0
2014-10-29,49.724,49.752,49.694,49.724,161414,0
2014-10-30,49.772,49.808,49.762,49.782,437754,0
2014-10-31,49.818,49.876,49.772,49.846,522413,0
2014-11-03,49.915,49.915,49.812,49.85,380753,0
2014-11-04,49.933,49.933,49.87,49.87,464846,0
2014-11-05,49.822,49.88,49.802,49.86,657937,0
2014-11-06,49.89,49.899,49.86,49.88,4545526,0
2014-11-07,49.86,49.924,49.85,49.905,1353289,0
2014-11-10,49.972,49.99,49.905,49.924,605020,0
2014-11-11,49.905,49.924,49.85,49.915,438017,0
2014-11-12,49.953,49.982,49.905,49.933,214656,0
2014-11-13,49.962,49.982,49.915,49.943,532058,0
2014-11-14,49.953,49.982,49.898,49.982,304660,0
2014-11-17,50.019,50.029,49.962,50.009,2132061,0
2014-11-18,50.009,50.039,49.943,49.982,427100,0
2014-11-19,49.924,49.972,49.905,49.933,263181,0
2014-11-20,50.009,50.039,49.933,50.039,395821,0
2014-11-21,50.106,50.115,50.039,50.096,335305,0
2014-11-24,50.086,50.125,50.048,50.071,483205,0
2014-11-25,50.115,50.252,50.106,50.232,344933,0
2014-11-26,50.292,50.292,50.155,50.282,380604,0
2014-11-28,50.282,50.396,50.272,50.302,198009,0
2014-12-01,50.42,50.458,50.381,50.391,775119,0
2014-12-02,50.316,50.361,50.217,50.287,394123,0
2014-12-03,50.287,50.343,50.257,50.297,278751,0
2014-12-04,50.306,50.333,50.209,50.267,698343,0
2014-12-05,50.41,50.41,50.024,50.101,987042,0
2014-12-08,50.13,50.361,50.13,50.18,530270,0
2014-12-09,50.401,50.42,50.199,50.277,344769,0
2014-12-10,50.316,50.42,50.287,50.42,360767,0
2014-12-11,50.429,50.436,50.325,50.401,314754,0
2014-12-12,50.401,50.527,50.381,50.467,253340,0
2014-12-15,50.467,50.571,50.4,50.532,1279355,0
2014-12-16,50.627,50.657,50.504,50.637,335665,0
2014-12-17,50.647,50.703,50.599,50.637,355050,0
2014-12-18,50.599,50.637,50.53,50.581,902109,0
2014-12-19,50.657,50.657,50.561,50.647,548446,0
2014-12-22,50.694,50.723,50.627,50.713,504440,0
2014-12-23,50.66,50.716,50.64,50.677,1339457,0
2014-12-24,50.63,50.66,50.602,50.65,295929,0
2014-12-26,50.687,50.735,50.63,50.706,252250,0
2014-12-29,50.745,50.84,50.735,50.764,577896,0
2014-12-30,50.832,50.887,50.782,50.822,489507,0
2014-12-31,50.85,50.897,50.687,50.792,673462,0
2015-01-02,50.812,51.021,50.812,51.021,468631,0
2015-01-05,51.003,51.013,50.936,51.003,680031,0
2015-01-06,51.051,51.146,50.993,51.117,546852,0
2015-01-07,51.136,51.136,50.946,51.074,409719,0
2015-01-08,51.089,51.089,50.975,51.06,2273932,0
2015-01-09,51.003,51.07,50.985,51.031,343320,0
2015-01-12,51.117,51.185,51.07,51.146,448946,0
2015-01-13,51.224,51.243,51.166,51.194,726949,0
2015-01-14,51.33,51.349,51.214,51.32,364398,0
2015-01-15,51.3,51.369,51.079,51.079,1362153,0
2015-01-16,51.271,51.425,51.261,51.379,452887,0
2015-01-20,51.369,51.446,51.349,51.416,1052832,0
2015-01-21,51.436,51.466,51.359,51.436,821776,0
2015-01-22,51.484,51.502,51.359,51.369,1005068,0
2015-01-23,51.492,51.766,51.492,51.643,952987,0
2015-01-26,51.633,51.643,51.548,51.604,631266,0
2015-01-27,51.614,51.758,51.538,51.558,502757,0
2015-01-28,51.636,51.682,51.548,51.672,743828,0
2015-01-29,51.643,51.7,51.595,51.624,636233,0
2015-01-30,51.691,51.758,51.633,51.7,903241,0
2015-02-02,51.768,51.787,51.726,51.778,1198024,0
2015-02-03,51.711,51.76,51.635,51.664,2805221,0
2015-02-04,51.635,51.654,51.52,51.616,1315807,0
2015-02-05,51.635,51.654,51.485,51.52,654969,0
2015-02-06,51.504,51.52,51.371,51.371,476929,0
2015-02-09,51.485,51.559,51.301,51.341,587749,0
2015-02-10,51.29,51.38,51.118,51.215,711580,0
2015-02-11,51.215,51.408,51.1,51.361,552403,0
2015-02-12,51.381,51.477,51.282,51.438,535734,0
2015-02-13,51.428,51.448,51.331,51.331,438902,0
2015-02-17,51.341,51.39,51.263,51.321,567818,0
2015-02-18,51.311,51.311,51.195,51.253,540774,0
2015-02-19,51.272,51.333,51.235,51.272,481246,0
2015-02-20,51.311,51.348,51.253,51.301,1186410,0
2015-02-23,51.361,51.39,51.316,51.381,424829,0
2015-02-24,51.428,51.468,51.371,51.458,482484,0
2015-02-25,51.55,51.568,51.485,51.568,2219853,0
2015-02-26,51.587,51.616,51.53,51.578,606939,0
2015-02-27,51.606,51.684,51.494,51.606,957264,0
2015-03-02,51.723,51.723,51.41,51.487,1081091,0
2015-03-03,51.41,51.46,51.323,51.383,1110401,0
2015-03-04,51.333,51.41,51.323,51.383,615904,0
2015-03-05,51.41,51.45,51.353,51.45,703206,0
2015-03-06,51.45,51.45,51.246,51.333,790610,0
2015-03-09,51.373,51.43,51.353,51.43,546853,0
2015-03-10,51.478,51.628,51.478,51.608,443599,0
2015-03-11,51.58,51.695,51.56,51.686,545293,0
2015-03-12,51.762,51.762,51.637,51.686,554468,0
2015-03-13,51.695,51.743,51.44,51.47,362764,0
2015-03-16,51.762,51.77,51.392,51.506,10374519,0
2015-03-17,51.56,51.56,51.392,51.44,814915,0
2015-03-18,51.478,51.676,51.478,51.676,766412,0
2015-03-19,51.77,51.829,51.703,51.789,1153475,0
2015-03-20,51.809,51.889,51.789,51.839,548004,0
2015-03-23,51.859,51.957,51.789,51.819,1477127,0
2015-03-24,51.829,51.839,51.743,51.799,820859,0
2015-03-25,51.819,51.819,51.733,51.78,385814,0
2015-03-26,51.723,51.77,51.676,51.743,548628,0
2015-03-27,51.723,51.799,51.656,51.713,551342,0
2015-03-30,51.78,51.78,51.686,51.743,546647,0
2015-03-31,51.752,51.879,51.723,51.859,884901,0
2015-04-01,51.924,51.963,51.835,51.875,3054034,0
2015-04-02,51.924,51.924,51.709,51.776,1281485,0
2015-04-06,51.875,51.915,51.825,51.885,403231,0
2015-04-07,51.835,51.876,51.766,51.845,413365,0
2015-04-08,51.924,51.973,51.865,51.915,1345253,0
2015-04-09,51.963,51.963,51.865,51.895,479450,0
2015-04-10,51.885,51.963,51.865,51.943,335923,0
2015-04-13,51.963,51.963,51.885,51.963,415734,0
2015-04-14,51.973,52.008,51.973,52.008,949416,0
2015-04-15,52.026,52.065,51.991,52.046,364130,0
2015-04-16,52.016,52.036,51.953,51.963,1690963,0
2015-04-17,51.924,51.999,51.825,51.982,1857784,0
2015-04-20,51.973,52.008,51.845,51.915,514144,0
2015-04-21,51.845,51.953,51.776,51.825,1902316,0
2015-04-22,51.795,51.795,51.7,51.729,400347,0
2015-04-23,51.719,51.729,51.672,51.7,399897,0
2015-04-24,51.719,51.885,51.7,51.885,387395,0
2015-04-27,51.835,51.845,51.776,51.845,394168,0
2015-04-28,51.805,51.835,51.739,51.795,507527,0
2015-04-29,51.653,51.653,51.269,51.397,1558642,0
2015-04-30,51.348,51.446,51.202,51.328,699873,0
2015-05-01,51.329,51.417,51.251,51.329,763706,0
2015-05-04,51.339,51.339,51.134,51.173,1128904,0
2015-05-05,51.115,51.164,50.866,50.992,728736,0
2015-05-06,50.838,50.894,50.675,50.713,674375,0
2015-05-07,50.713,50.847,50.684,50.847,503797,0
2015-05-08,50.954,50.963,50.875,50.954,859976,0
2015-05-11,50.904,50.904,50.723,50.809,761829,0
2015-05-12,50.617,50.627,50.531,50.58,648376,0
2015-05-13,50.713,50.713,50.465,50.502,352395,0
2015-05-14,50.502,50.56,50.417,50.502,543168,0
2015-05-15,50.684,50.789,50.627,50.789,371816,0
2015-05-18,50.761,50.829,50.684,50.703,430059,0
2015-05-19,50.723,50.819,50.684,50.809,394964,0
2015-05-20,50.809,50.809,50.703,50.751,551181,0
2015-05-21,50.732,50.819,50.684,50.742,428374,0
2015-05-22,50.789,50.819,50.732,50.761,889636,0
2015-05-26,50.819,50.914,50.799,50.904,370148,0
2015-05-27,50.904,50.924,50.829,50.924,479786,0
2015-05-28,50.894,50.992,50.875,50.954,478172,0
2015-05-29,51.087,51.115,51.011,51.058,493839,0
2015-06-01,51.069,51.098,50.925,50.955,793539,0
2015-06-02,50.79,50.8,50.685,50.733,398721,0
2015-06-03,50.561,50.561,50.358,50.398,377329,0
2015-06-04,50.349,50.436,50.322,50.388,607943,0
2015-06-05,50.312,50.368,50.243,50.339,359552,0
2015-06-08,50.253,50.293,50.205,50.263,472050,0
2015-06-09,50.253,50.253,50.097,50.166,387170,0
2015-06-10,50.039,50.082,49.982,50.019,408940,0
2015-06-11,50.009,50.253,49.981,50.186,630611,0
2015-06-12,50.176,50.339,50.126,50.329,404363,0
2015-06-15,50.312,50.349,50.195,50.349,437323,0
2015-06-16,50.283,50.322,50.097,50.205,860293,0
2015-06-17,50.283,50.349,50.215,50.322,345092,0
2015-06-18,50.215,50.302,50.146,50.205,1029150,0
2015-06-19,50.243,50.388,50.215,50.388,1026236,0
2015-06-22,50.253,50.253,50.116,50.186,340104,0
2015-06-23,50.106,50.253,50.106,50.253,456677,0
2015-06-24,50.195,50.253,50.136,50.253,319205,0
2015-06-25,50.195,50.283,50.136,50.273,601605,0
2015-06-26,50.077,50.215,50.058,50.106,339376,0
2015-06-29,50.077,50.263,50.077,50.205,523203,0
2015-06-30,50.283,50.398,50.205,50.368,404239,0
2015-07-01,50.314,50.39,50.216,50.285,3531394,0
2015-07-02,50.207,50.225,50.069,50.118,682307,0
2015-07-06,50.351,50.351,50.118,50.197,5462218,0
2015-07-07,50.448,50.611,50.438,50.504,831237,0
2015-07-08,50.487,50.543,50.448,50.467,959179,0
2015-07-09,50.504,50.543,50.438,50.448,772557,0
2015-07-10,50.324,50.36,50.188,50.36,582508,0
2015-07-13,50.216,50.351,50.178,50.341,1235322,0
2015-07-14,50.36,50.38,50.265,50.331,719105,0
2015-07-15,50.4,50.553,50.38,50.543,500791,0
2015-07-16,50.504,50.601,50.428,50.563,457055,0
2015-07-17,50.563,50.66,50.563,50.601,659775,0
2015-07-20,50.669,50.716,50.65,50.697,369195,0
2015-07-21,50.66,50.697,50.64,50.669,390382,0
2015-07-22,50.687,50.754,50.669,50.716,582925,0
2015-07-23,50.773,50.833,50.725,50.823,277491,0
2015-07-24,50.908,50.948,50.869,50.918,477410,0
2015-07-27,50.977,50.977,50.86,50.938,487690,0
2015-07-28,50.842,50.938,50.842,50.888,583753,0
2015-07-29,50.869,50.898,50.842,50.869,287151,0
2015-07-30,50.948,50.987,50.898,50.987,427663,0
2015-07-31,51.072,51.081,50.987,51.015,525600,0
2015-08-03,50.929,51.054,50.929,51.044,890163,0
2015-08-04,51.054,51.054,50.929,51.015,545946,0
2015-08-05,50.919,50.929,50.746,50.814,381601,0
2015-08-06,50.784,51.054,50.784,51.054,280675,0
2015-08-07,50.978,51.034,50.861,50.988,807920,0
2015-08-10,50.978,50.988,50.88,50.899,330140,0
2015-08-11,50.899,51.12,50.889,51.092,539780,0
2015-08-12,51.082,51.159,51.044,51.102,460867,0
2015-08-13,51.044,51.102,51.024,51.073,289885,0
2015-08-14,51.073,51.073,50.996,51.006,1051219,0
2015-08-17,51.073,51.12,51.054,51.092,700950,0
2015-08-18,50.988,51.063,50.949,51.034,592837,0
2015-08-19,50.939,51.129,50.939,51.12,767663,0
2015-08-20,51.149,51.198,51.129,51.178,429534,0
2015-08-21,51.12,51.208,51.102,51.149,1272108,0
2015-08-24,51.159,51.364,50.909,51.034,1724937,0
2015-08-25,50.861,50.899,50.746,50.746,2407365,0
2015-08-26,50.843,50.919,50.784,50.794,790487,0
2015-08-27,50.794,50.852,50.726,50.765,945288,0
2015-08-28,50.824,50.959,50.765,50.784,1755596,0
2015-08-31,50.843,50.919,50.661,50.661,938545,0
2015-09-01,50.811,50.821,50.704,50.791,1318608,0
2015-09-02,50.771,50.886,50.658,50.771,2594209,0
2015-09-03,50.849,50.916,50.771,50.886,1332913,0
2015-09-04,50.946,51.06,50.936,51.041,451145,0
2015-09-08,51.003,51.147,50.936,51.147,941673,0
2015-09-09,50.926,50.993,50.906,50.985,717912,0
2015-09-10,50.985,50.99,50.916,50.956,749718,0
2015-09-11,50.975,51.031,50.946,50.993,450729,0
2015-09-14,50.993,50.993,50.936,50.965,285630,0
2015-09-15,50.896,50.965,50.811,50.896,583494,0
2015-09-16,50.752,50.831,50.752,50.752,410724,0
2015-09-17,50.752,50.906,50.695,50.801,1647522,0
2015-09-18,50.975,51.137,50.906,51.099,698529,0
2015-09-21,51.041,51.06,50.926,50.965,536545,0
2015-09-22,51.021,51.157,51.021,51.127,479128,0
2015-09-23,51.013,51.099,51.013,51.031,439434,0
2015-09-24,51.157,51.176,51.041,51.089,543234,0
2015-09-25,50.993,51.07,50.946,51.021,437669,0
2015-09-28,51.013,51.089,50.985,51.041,426461,0
2015-09-29,51.127,51.127,51.031,51.118,1624037,0
2015-09-30,51.07,51.108,50.985,51.07,592714,0
2015-10-01,51.393,51.393,51.101,51.101,1187148,0
2015-10-02,51.247,51.354,51.198,51.285,551232,0
2015-10-05,51.237,51.237,51.11,51.198,942301,0
2015-10-06,51.081,51.139,51.062,51.139,1774928,0
2015-10-07,51.091,51.129,51.043,51.12,667799,0
2015-10-08,51.169,51.198,51.081,51.11,448444,0
2015-10-09,51.062,51.139,51.005,51.015,4972820,0
2015-10-12,51.12,51.159,51.005,51.12,1016222,0
2015-10-13,51.139,51.198,51.081,51.178,1016862,0
2015-10-14,51.198,51.304,51.198,51.304,323907,0
2015-10-15,51.247,51.314,51.208,51.237,452271,0
2015-10-16,51.247,51.294,51.208,51.218,389539,0
2015-10-19,51.198,51.442,51.169,51.228,741917,0
2015-10-20,51.149,51.188,51.101,51.129,459682,0
2015-10-21,51.159,51.442,51.12,51.208,398443,0
2015-10-22,51.294,51.452,51.228,51.384,631771,0
2015-10-23,51.422,51.509,51.294,51.384,446164,0
2015-10-26,51.384,51.422,51.344,51.364,673594,0
2015-10-27,51.49,51.509,51.412,51.49,664071,0
2015-10-28,51.575,51.585,51.432,51.48,462416,0
2015-10-29,51.412,51.48,51.285,51.314,825869,0
2015-10-30,51.393,51.403,51.265,51.374,597717,0
2015-11-02,51.365,51.365,51.199,51.248,1829214,0
2015-11-03,51.229,51.276,51.17,51.209,629984,0
2015-11-04,51.199,51.276,51.053,51.092,683394,0
2015-11-05,51.15,51.179,51.053,51.14,820995,0
2015-11-06,51.043,51.111,50.833,50.948,502436,0
2015-11-09,50.898,51.005,50.833,50.928,728423,0
2015-11-10,51.033,51.121,50.938,51.043,761972,0
2015-11-11,51.13,51.13,51.023,51.102,367137,0
2015-11-12,51.14,51.189,51.043,51.121,485383,0
2015-11-13,51.17,51.276,51.16,51.219,797119,0
2015-11-16,51.276,51.315,51.238,51.286,1069990,0
2015-11-17,51.295,51.325,51.238,51.315,398456,0
2015-11-18,51.295,51.394,51.256,51.394,577891,0
2015-11-19,51.472,51.472,51.365,51.423,519079,0
2015-11-20,51.463,51.472,51.394,51.394,431221,0
2015-11-23,51.433,51.463,51.315,51.385,1259658,0
2015-11-24,51.375,51.453,51.355,51.453,395252,0
2015-11-25,51.472,51.5,51.423,51.491,645693,0
2015-11-27,51.518,51.596,51.472,51.518,392770,0
2015-11-30,51.518,51.566,51.394,51.472,1742871,0
2015-12-01,51.481,51.634,51.416,51.615,4044942,0
2015-12-02,51.625,51.625,51.557,51.586,395826,0
2015-12-03,51.385,51.596,51.081,51.091,1421464,0
2015-12-04,51.139,51.178,51.052,51.091,762772,0
2015-12-07,51.266,51.404,51.11,51.385,644360,0
2015-12-08,51.423,51.481,51.335,51.413,810211,0
2015-12-09,51.453,51.463,51.345,51.413,782885,0
2015-12-10,51.385,51.443,51.375,51.375,682112,0
2015-12-11,51.335,51.557,51.335,51.453,810842,0
2015-12-14,51.463,51.463,51.238,51.365,2076136,0
2015-12-15,51.248,51.335,51.149,51.256,1287380,0
2015-12-16,51.248,51.266,51.159,51.228,633736,0
2015-12-17,51.238,51.404,51.238,51.305,1276343,0
2015-12-18,51.404,51.491,51.394,51.443,499233,0
2015-12-21,51.413,51.491,51.413,51.491,608259,0
2015-12-22,51.481,51.481,51.345,51.443,658374,0
2015-12-23,51.522,51.522,51.31,51.36,918040,0
2015-12-24,51.35,51.36,51.271,51.36,415836,0
2015-12-28,51.428,51.532,51.37,51.532,803311,0
2015-12-29,51.34,51.408,51.246,51.29,715199,0
2015-12-30,51.35,51.38,51.29,51.31,707553,0
2015-12-31,51.281,51.468,51.281,51.399,1152995,0
2016-01-04,51.458,51.505,51.37,51.505,1231995,0
2016-01-05,51.522,51.581,51.458,51.477,1107623,0
2016-01-06,51.65,51.669,51.552,51.669,567776,0
2016-01-07,51.61,51.64,51.522,51.591,1308285,0
2016-01-08,51.581,51.669,51.581,51.581,1289920,0
2016-01-11,51.62,51.62,51.486,51.522,707417,0
2016-01-12,51.505,51.61,51.477,51.591,386991,0
2016-01-13,51.581,51.738,51.581,51.708,549728,0
2016-01-14,51.561,51.679,51.513,51.542,1210841,0
2016-01-15,51.64,51.679,51.542,51.61,774937,0
2016-01-19,51.561,51.62,51.458,51.458,1187186,0
2016-01-20,51.542,51.659,51.513,51.61,635377,0
2016-01-21,51.62,51.748,51.601,51.659,777295,0
2016-01-22,51.62,51.659,51.525,51.552,671587,0
2016-01-25,51.669,51.689,51.581,51.679,576380,0
2016-01-26,51.64,51.766,51.62,51.64,653285,0
2016-01-27,51.708,51.815,51.669,51.795,419252,0
2016-01-28,51.795,51.905,51.776,51.905,563137,0
2016-01-29,51.915,52.175,51.915,52.067,984699,0
2016-02-01,52.171,52.2,51.993,52.063,1789712,0
2016-02-02,52.063,52.19,52.024,52.151,1569419,0
2016-02-03,52.2,52.248,52.141,52.23,732459,0
2016-02-04,52.248,52.248,52.167,52.23,1402705,0
2016-02-05,52.2,52.248,52.161,52.24,486462,0
2016-02-08,52.248,52.346,52.215,52.336,735394,0
2016-02-09,52.355,52.425,52.288,52.365,1141562,0
2016-02-10,52.21,52.308,52.171,52.308,640806,0
2016-02-11,52.453,52.462,52.248,52.355,709670,0
2016-02-12,52.346,52.346,52.088,52.161,543377,0
2016-02-16,52.141,52.248,52.112,52.19,793553,0
2016-02-17,52.171,52.23,52.132,52.23,434175,0
2016-02-18,52.092,52.365,52.092,52.346,730624,0
2016-02-19,52.355,52.415,52.346,52.395,421303,0
2016-02-22,52.435,52.491,52.346,52.445,552226,0
2016-02-23,52.385,52.462,52.366,52.453,576146,0
2016-02-24,52.491,52.598,52.491,52.52,681453,0
2016-02-25,52.54,52.608,52.505,52.608,463314,0
2016-02-26,52.598,52.628,52.55,52.608,530048,0
2016-02-29,52.638,52.725,52.628,52.725,401673,0
2016-03-01,52.76,52.765,52.623,52.691,970074,0
2016-03-02,52.603,52.633,52.511,52.555,564266,0
2016-03-03,52.545,52.642,52.496,52.583,401097,0
2016-03-04,52.613,52.643,52.515,52.603,1403535,0
2016-03-07,52.633,52.637,52.565,52.623,440446,0
2016-03-08,52.701,52.8,52.691,52.76,563023,0
2016-03-09,52.74,52.74,52.603,52.623,654121,0
2016-03-10,52.671,52.711,52.39,52.44,932309,0
2016-03-11,52.545,52.633,52.515,52.613,921973,0
2016-03-14,52.613,52.662,52.545,52.593,1000527,0
2016-03-15,52.643,52.681,52.546,52.593,645438,0
2016-03-16,52.662,52.8,52.618,52.72,629529,0
2016-03-17,52.83,52.878,52.81,52.83,649939,0
2016-03-18,52.897,53.003,52.894,52.936,416697,0
2016-03-21,52.983,53.053,52.92,52.936,568071,0
2016-03-22,52.983,53.023,52.936,52.993,758703,0
2016-03-23,52.974,53.023,52.906,52.983,465686,0
2016-03-24,53.063,53.102,52.974,53.043,533083,0
2016-03-28,52.964,53.045,52.936,52.955,546695,0
2016-03-29,53.102,53.16,53.033,53.15,521614,0
2016-03-30,53.14,53.17,53.092,53.16,620930,0
2016-03-31,53.102,53.187,53.063,53.121,733353,0
2016-04-01,53.193,53.225,53.049,53.098,2201849,0
2016-04-04,53.146,53.221,50.523,53.088,842437,0
2016-04-05,53.222,53.242,53.156,53.203,877605,0
2016-04-06,53.146,53.208,53.098,53.166,987241,0
2016-04-07,53.156,53.203,53.121,53.184,1402547,0
2016-04-08,53.213,53.244,53.184,53.193,716091,0
2016-04-11,53.203,53.203,53.127,53.166,382689,0
2016-04-12,53.156,53.156,53.059,53.088,445862,0
2016-04-13,53.108,53.166,53.069,53.146,412903,0
2016-04-14,53.136,53.184,53.098,53.156,612414,0
2016-04-15,53.166,53.213,53.156,53.213,567431,0
2016-04-18,53.136,53.193,53.117,53.136,478322,0
2016-04-19,53.175,53.175,53.117,53.166,562506,0
2016-04-20,53.222,53.261,53.175,53.203,573096,0
2016-04-21,53.029,53.064,52.999,53.029,468656,0
2016-04-22,53.078,53.078,52.951,52.97,1778312,0
2016-04-25,52.912,52.932,52.855,52.917,457678,0
2016-04-26,52.951,52.951,52.846,52.855,762070,0
2016-04-27,52.855,52.96,52.796,52.912,496956,0
2016-04-28,52.999,53.069,52.898,52.902,2214289,0
2016-04-29,52.912,52.999,52.826,52.979,960940,0
2016-05-02,53.005,53.074,52.948,53.045,569506,0
2016-05-03,53.189,53.218,53.104,53.162,620923,0
2016-05-04,53.181,53.189,53.107,53.152,839302,0
2016-05-05,53.189,53.252,53.109,53.238,729536,0
2016-05-06,53.327,53.337,53.202,53.287,576479,0
2016-05-09,53.367,53.367,53.209,53.287,491777,0
2016-05-10,53.218,53.357,53.218,53.267,467215,0
2016-05-11,53.317,53.362,53.277,53.317,453137,0
2016-05-12,53.277,53.358,53.257,53.317,396318,0
2016-05-13,53.337,53.386,53.272,53.297,444403,0
2016-05-16,53.297,53.337,53.267,53.297,355756,0
2016-05-17,53.317,53.357,53.277,53.317,606951,0
2016-05-18,53.287,53.289,53.065,53.133,404740,0
2016-05-19,53.181,53.218,53.113,53.189,427234,0
2016-05-20,53.267,53.297,53.189,53.257,1912913,0
2016-05-23,53.228,53.267,53.189,53.228,338989,0
2016-05-24,53.287,53.323,53.209,53.247,610440,0
2016-05-25,53.307,53.347,53.238,53.327,369447,0
2016-05-26,53.327,53.416,53.31,53.396,473525,0
2016-05-27,53.463,53.463,53.337,53.386,605466,0
2016-05-31,53.297,53.438,53.287,53.386,635695,0
2016-06-01,53.478,53.488,53.372,53.468,915553,0
2016-06-02,55.012,55.012,53.401,53.527,453887,0
2016-06-03,53.527,53.723,53.527,53.723,441645,0
2016-06-06,53.635,53.663,53.565,53.625,513696,0
2016-06-07,53.723,53.723,53.644,53.663,648614,0
2016-06-08,53.753,53.753,53.546,53.635,2360223,0
2016-06-09,53.84,53.84,53.693,53.713,749178,0
2016-06-10,53.811,53.84,53.723,53.763,552381,0
2016-06-13,53.84,53.86,53.733,53.84,574651,0
2016-06-14,53.89,53.909,53.733,53.781,539593,0
2016-06-15,53.821,54.262,53.773,53.976,498396,0
2016-06-16,54.026,54.026,53.833,53.909,1003783,0
2016-06-17,53.84,53.934,53.753,53.801,413503,0
2016-06-20,53.773,53.82,53.654,53.773,456489,0
2016-06-21,53.733,53.809,53.635,53.693,972561,0
2016-06-22,53.673,53.723,53.575,53.663,341137,0
2016-06-23,53.773,53.773,53.556,53.556,538195,0
2016-06-24,53.723,53.938,53.723,53.773,547101,0
2016-06-27,54.173,54.222,53.966,54.192,678110,0
2016-06-28,54.357,54.367,54.178,54.367,1595706,0
2016-06-29,54.387,54.473,54.319,54.454,687418,0
2016-06-30,54.397,54.484,54.319,54.416,765859,0
2016-07-01,54.344,54.55,54.306,54.55,1374731,0
2016-07-05,54.802,54.802,54.618,54.753,511508,0
2016-07-06,54.705,54.802,54.705,54.802,565611,0
2016-07-07,54.724,54.762,54.57,54.705,760745,0
2016-07-08,54.802,54.871,54.705,54.861,682022,0
2016-07-11,54.802,54.832,54.705,54.762,1043158,0
2016-07-12,54.608,54.724,54.579,54.589,522568,0
2016-07-13,54.657,54.782,54.638,54.744,423155,0
2016-07-14,54.696,54.724,54.579,54.666,684972,0
2016-07-15,54.598,54.598,54.431,54.53,2303816,0
2016-07-18,54.56,54.57,54.432,54.48,484702,0
2016-07-19,54.724,54.724,54.531,54.608,537668,0
2016-07-20,54.608,54.656,54.536,54.608,485634,0
2016-07-21,54.56,54.608,54.44,54.589,572383,0
2016-07-22,54.589,54.657,54.495,54.628,420939,0
2016-07-25,54.696,54.696,54.56,54.57,509759,0
2016-07-26,54.657,54.666,54.579,54.648,456326,0
2016-07-27,54.734,54.911,54.657,54.911,462238,0
2016-07-28,54.851,54.871,54.78,54.871,473599,0
2016-07-29,54.891,54.901,54.772,54.861,566336,0
2016-08-01,54.941,54.941,54.648,54.657,2743151,0
2016-08-02,54.51,54.618,54.421,54.431,1874333,0
2016-08-03,54.53,54.55,54.412,54.51,686890,0
2016-08-04,54.638,54.734,54.54,54.628,901355,0
2016-08-05,54.648,54.714,54.56,54.608,574067,0
2016-08-08,54.666,54.715,54.55,54.686,377863,0
2016-08-09,54.792,54.832,54.716,54.832,717400,0
2016-08-10,54.911,54.999,54.851,54.97,2054321,0
2016-08-11,55.048,55.068,54.841,54.921,736277,0
2016-08-12,54.989,54.996,54.851,54.911,268022,0
2016-08-15,54.648,54.928,54.648,54.822,481956,0
2016-08-16,54.931,54.931,54.666,54.802,828379,0
2016-08-17,54.782,54.861,54.676,54.851,345387,0
2016-08-18,54.901,54.931,54.812,54.911,354913,0
2016-08-19,54.891,54.906,54.715,54.812,383924,0
2016-08-22,54.871,54.931,54.822,54.891,423805,0
2016-08-23,54.961,54.999,54.861,54.97,455746,0
2016-08-24,55.029,55.029,54.861,54.911,516284,0
2016-08-25,54.941,54.961,54.881,54.901,567776,0
2016-08-26,54.941,54.971,54.753,54.851,510716,0
2016-08-29,54.851,54.941,54.792,54.941,390109,0
2016-08-30,54.941,55.005,54.863,54.98,866067,0
2016-08-31,54.941,54.961,54.866,54.901,829450,0
2016-09-01,54.857,54.897,54.788,54.847,1034454,0
2016-09-02,54.778,54.808,54.71,54.73,804153,0
2016-09-06,54.798,54.897,54.768,54.847,648662,0
2016-09-07,54.917,54.985,54.867,54.937,734237,0
2016-09-08,54.927,54.927,54.721,54.778,632896,0
2016-09-09,54.672,54.672,54.506,54.575,888695,0
2016-09-12,54.446,54.496,54.398,54.486,521402,0
2016-09-13,54.516,54.526,54.212,54.368,886601,0
2016-09-14,54.417,54.516,54.301,54.437,485731,0
2016-09-15,54.358,54.427,54.262,54.32,431599,0
2016-09-16,54.466,54.476,54.31,54.437,2070809,0
2016-09-19,54.437,54.476,54.378,54.427,967426,0
2016-09-20,54.526,54.566,54.476,54.526,481144,0
2016-09-21,54.556,54.634,54.48,54.634,566692,0
2016-09-22,54.74,54.837,54.74,54.818,641553,0
2016-09-23,54.778,54.823,54.74,54.788,455657,0
2016-09-26,54.927,54.927,54.837,54.927,488592,0
2016-09-27,54.976,54.976,54.897,54.967,559449,0
2016-09-28,55.035,55.035,54.867,54.957,508769,0
2016-09-29,54.957,54.976,54.881,54.967,646173,0
2016-09-30,55.054,55.054,54.847,54.907,735350,0
2016-10-03,54.903,54.903,54.698,54.707,1107453,0
2016-10-04,54.755,54.863,54.63,54.678,932164,0
2016-10-05,54.581,54.659,54.462,54.562,745906,0
2016-10-06,54.542,54.63,54.502,54.552,540997,0
2016-10-07,54.512,54.544,54.452,54.512,379112,0
2016-10-10,54.452,54.522,54.375,54.403,383918,0
2016-10-11,54.472,54.482,54.383,54.442,530118,0
2016-10-12,54.452,54.452,54.296,54.383,481785,0
2016-10-13,54.492,54.512,54.423,54.492,495669,0
2016-10-14,54.462,54.462,54.335,54.335,389867,0
2016-10-17,54.373,54.403,54.315,54.373,420790,0
2016-10-18,54.442,54.462,54.353,54.419,810729,0
2016-10-19,54.502,54.502,54.423,54.462,485481,0
2016-10-20,54.502,54.532,54.335,54.502,551277,0
2016-10-21,54.512,54.542,54.472,54.482,734485,0
2016-10-24,54.64,54.64,54.45,54.472,539705,0
2016-10-25,54.502,54.542,54.462,54.482,527416,0
2016-10-26,54.482,54.482,54.344,54.373,471125,0
2016-10-27,54.257,54.267,54.149,54.149,726112,0
2016-10-28,54.168,54.217,54.11,54.168,772435,0
2016-10-31,54.217,54.228,54.139,54.217,1131619,0
2016-11-01,54.111,54.188,54.061,54.111,661097,0
2016-11-02,54.208,54.345,54.141,54.248,1183653,0
2016-11-03,54.268,54.268,54.111,54.16,820830,0
2016-11-04,54.188,54.316,54.178,54.208,513052,0
2016-11-07,54.16,54.268,54.121,54.208,573108,0
2016-11-08,54.248,54.248,54.101,54.14,490666,0
2016-11-09,53.962,54.14,53.806,53.806,1204701,0
2016-11-10,53.619,53.755,53.442,53.589,917279,0
2016-11-11,53.55,53.625,53.432,53.511,521952,0
2016-11-14,53.383,53.521,53.254,53.374,781989,0
2016-11-15,53.511,53.609,53.383,53.54,2503603,0
2016-11-16,53.619,53.619,53.413,53.482,607989,0
2016-11-17,53.579,53.579,53.393,53.462,414601,0
2016-11-18,53.502,53.508,53.303,53.393,617925,0
2016-11-21,53.423,53.478,53.304,53.344,1040944,0
2016-11-22,53.55,53.57,53.393,53.55,1430703,0
2016-11-23,53.462,53.462,53.244,53.432,2067626,0
2016-11-25,53.511,53.531,53.374,53.492,460217,0
2016-11-28,53.521,53.58,53.482,53.54,1020554,0
2016-11-29,53.462,53.677,53.462,53.667,635354,0
2016-11-30,53.579,53.619,53.482,53.54,688306,0
2016-12-01,53.468,53.468,53.174,53.201,1182719,0
2016-12-02,53.201,53.478,53.174,53.458,973027,0
2016-12-05,53.221,53.428,53.154,53.409,609654,0
2016-12-06,53.428,53.428,53.085,53.241,836564,0
2016-12-07,53.458,53.517,53.314,53.399,546877,0
2016-12-08,53.399,53.399,53.241,53.35,590371,0
2016-12-09,53.3,53.36,53.241,53.26,766450,0
2016-12-12,53.085,53.18,53.026,53.134,1082025,0
2016-12-13,53.389,53.389,53.056,53.29,815269,0
2016-12-14,53.468,53.527,53.241,53.3,782432,0
2016-12-15,53.32,53.379,53.134,53.29,1111806,0
2016-12-16,53.468,53.484,53.3,53.399,640671,0
2016-12-19,53.468,53.575,53.399,53.575,606594,0
2016-12-20,53.498,53.585,53.458,53.546,788484,0
2016-12-21,53.575,53.615,53.488,53.575,727848,0
2016-12-22,53.56,53.629,53.521,53.54,672182,0
2016-12-23,53.659,53.668,53.521,53.649,626367,0
2016-12-27,53.659,53.659,53.54,53.629,856919,0
2016-12-28,53.619,53.728,53.599,53.718,614607,0
2016-12-29,53.827,53.857,53.728,53.818,885912,0
2016-12-30,53.808,53.808,53.619,53.768,606721,0
2017-01-03,53.728,53.768,53.491,53.579,1075313,0
2017-01-04,53.649,53.708,53.521,53.599,900531,0
2017-01-05,53.589,53.649,53.491,53.57,1490962,0
2017-01-06,53.491,53.546,53.407,53.422,1523415,0
2017-01-09,53.579,53.629,53.471,53.57,688106,0
2017-01-10,53.55,53.599,53.461,53.511,946450,0
2017-01-11,53.639,53.659,53.531,53.609,1316128,0
2017-01-12,53.629,53.678,53.54,53.57,1688671,0
2017-01-13,53.54,53.589,53.481,53.511,1192838,0
2017-01-17,53.728,53.738,53.531,53.56,1468083,0
2017-01-18,53.57,53.599,53.501,53.511,2657442,0
2017-01-19,53.441,53.473,53.312,53.402,1464622,0
2017-01-20,53.302,53.402,53.242,53.332,1232672,0
2017-01-23,53.382,53.52,53.342,53.501,1249465,0
2017-01-24,53.461,53.473,53.332,53.402,1677413,0
2017-01-25,53.262,53.332,53.165,53.212,929784,0
2017-01-26,53.183,53.206,53.056,53.155,1903665,0
2017-01-27,53.222,53.232,53.165,53.232,934847,0
2017-01-30,53.212,53.232,53.095,53.145,2057099,0
2017-01-31,53.145,53.252,53.125,53.242,4491573,0
2017-02-01,53.183,53.242,53.135,53.232,1354170,0
2017-02-02,53.282,53.332,53.202,53.232,1633996,0
2017-02-03,53.342,53.342,53.183,53.252,1216350,0
2017-02-06,53.272,53.312,53.165,53.202,847758,0
2017-02-07,53.282,53.332,53.222,53.332,864325,0
2017-02-08,53.352,53.491,53.352,53.441,617318,0
2017-02-09,53.461,53.511,53.412,53.451,847417,0
2017-02-10,53.322,53.402,53.322,53.382,810340,0
2017-02-13,53.382,53.422,53.332,53.382,818635,0
2017-02-14,53.412,53.445,53.252,53.352,1327201,0
2017-02-15,53.332,53.367,53.282,53.352,893327,0
2017-02-16,53.382,53.451,53.352,53.412,1049761,0
2017-02-17,53.501,53.531,53.431,53.491,992390,0
2017-02-21,53.501,53.501,53.362,53.392,1119821,0
2017-02-22,53.471,53.551,53.441,53.551,972951,0
2017-02-23,53.61,53.66,53.58,53.64,751156,0
2017-02-24,53.739,53.819,53.704,53.799,1249818,0
2017-02-27,53.838,53.848,53.739,53.789,909907,0
2017-02-28,53.809,53.828,53.739,53.759,1103867,0
2017-03-01,53.665,53.705,53.626,53.695,1592909,0
2017-03-02,53.656,53.695,53.596,53.636,1131894,0
2017-03-03,53.636,53.675,53.576,53.665,769524,0
2017-03-06,53.675,53.685,53.626,53.665,1252543,0
2017-03-07,53.656,53.665,53.596,53.646,734738,0
2017-03-08,53.487,53.507,53.437,53.497,1220681,0
2017-03-09,53.418,53.459,53.328,53.388,912026,0
2017-03-10,53.408,53.408,53.248,53.278,1114144,0
2017-03-13,53.298,53.318,53.208,53.228,1479452,0
2017-03-14,53.288,53.348,53.248,53.338,1138183,0
2017-03-15,53.408,53.576,53.388,53.547,1068571,0
2017-03-16,53.457,53.497,53.368,53.398,1321792,0
2017-03-17,53.398,53.398,53.333,53.348,774632,0
2017-03-20,53.348,53.437,53.338,53.408,1123747,0
2017-03-21,53.437,53.497,53.427,53.487,825105,0
2017-03-22,53.616,53.626,53.537,53.616,806601,0
2017-03-23,53.636,53.664,53.537,53.586,482447,0
2017-03-24,53.596,53.646,53.567,53.636,540083,0
2017-03-27,53.705,53.715,53.626,53.665,590214,0
2017-03-28,53.715,53.735,53.616,53.665,1183486,0
2017-03-29,53.735,53.805,53.695,53.805,826767,0
2017-03-30,53.775,53.805,53.735,53.765,633477,0
2017-03-31,53.765,53.815,53.715,53.765,625013,0
2017-04-03,53.781,53.91,53.731,53.91,1307572,0
2017-04-04,53.94,53.969,53.88,53.89,832738,0
2017-04-05,53.86,53.94,53.821,53.94,547138,0
2017-04-06,53.94,53.969,53.87,53.949,797692,0
2017-04-07,54.019,54.059,53.949,53.969,576368,0
2017-04-10,53.969,54.003,53.92,53.959,523168,0
2017-04-11,54.009,54.039,53.929,53.989,793700,0
2017-04-12,54.009,54.079,53.949,54.069,572370,0
2017-04-13,54.089,54.139,54.059,54.139,710503,0
2017-04-17,54.159,54.217,54.109,54.139,580541,0
2017-04-18,54.168,54.238,54.109,54.238,584956,0
2017-04-19,54.188,54.198,54.119,54.178,569768,0
2017-04-20,54.059,54.129,54.059,54.119,811193,0
2017-04-21,54.129,54.149,54.109,54.119,646113,0
2017-04-24,54.059,54.109,54.029,54.089,623458,0
2017-04-25,54.019,54.059,53.959,53.969,715908,0
2017-04-26,53.949,53.989,53.92,53.979,496449,0
2017-04-27,53.999,54.079,53.989,54.059,658865,0
2017-04-28,54.079,54.079,53.999,54.009,652858,0
2017-05-01,54.055,54.125,54.005,54.015,674200,0
2017-05-02,54.065,54.105,54.035,54.105,894309,0
2017-05-03,54.115,54.174,54.065,54.135,654829,0
2017-05-04,54.055,54.085,53.985,54.025,501294,0
2017-05-05,54.065,54.085,54.005,54.045,676596,0
2017-05-08,54.015,54.025,53.965,53.965,502252,0
2017-05-09,53.955,53.955,53.896,53.936,938375,0
2017-05-10,54.025,54.035,53.94,53.975,652327,0
2017-05-11,53.896,53.936,53.856,53.896,451280,0
2017-05-12,54.005,54.055,53.896,54.055,499373,0
2017-05-15,54.015,54.025,53.955,53.975,1097739,0
2017-05-16,53.965,54.015,53.946,53.975,950162,0
2017-05-17,54.105,54.184,54.058,54.184,609032,0
2017-05-18,54.224,54.259,54.184,54.224,632680,0
2017-05-19,54.184,54.224,54.155,54.174,384243,0
2017-05-22,54.174,54.174,54.115,54.135,616849,0
2017-05-23,54.194,54.204,54.119,54.135,523294,0
2017-05-24,54.184,54.184,54.095,54.164,529156,0
2017-05-25,54.234,54.254,54.194,54.244,408886,0
2017-05-26,54.343,54.382,54.283,54.363,465445,0
2017-05-30,54.353,54.393,54.333,54.373,847525,0
2017-05-31,54.393,54.413,54.333,54.403,635712,0
2017-06-01,54.3,54.34,54.271,54.33,794379,0
2017-06-02,54.34,54.399,54.31,54.34,677762,0
2017-06-05,54.32,54.36,54.3,54.33,841596,0
2017-06-06,54.43,54.45,54.41,54.44,534117,0
2017-06-07,54.41,54.46,54.38,54.41,468868,0
2017-06-08,54.41,54.47,54.36,54.46,716798,0
2017-06-09,54.48,54.49,54.44,54.48,806834,0
2017-06-12,54.52,54.54,54.47,54.52,1320862,0
2017-06-13,54.46,54.48,54.43,54.48,623917,0
2017-06-14,54.57,54.61,54.535,54.58,709370,0
2017-06-15,54.49,54.5,54.43,54.5,636564,0
2017-06-16,54.48,54.5,54.45,54.48,534977,0
2017-06-19,54.49,54.52,54.47,54.5,534395,0
2017-06-20,54.57,54.62,54.53,54.61,557624,0
2017-06-21,54.61,54.63,54.56,54.62,879449,0
2017-06-22,54.659,54.689,54.64,54.659,442630,0
2017-06-23,54.63,54.648,54.6,54.62,625061,0
2017-06-26,54.679,54.709,54.61,54.65,874181,0
2017-06-27,54.56,54.58,54.35,54.41,555277,0
2017-06-28,54.4,54.43,54.3,54.38,510229,0
2017-06-29,54.201,54.231,54.062,54.062,832314,0
2017-06-30,54.132,54.162,54.062,54.112,813877,0
2017-07-03,54.132,54.142,54.002,54.012,621355,0
2017-07-05,54.002,54.062,53.982,54.022,941258,0
2017-07-06,53.903,53.933,53.853,53.923,727921,0
2017-07-07,53.813,53.893,53.763,53.833,1331016,0
2017-07-10,53.913,53.972,53.873,53.893,500690,0
2017-07-11,53.903,53.923,53.823,53.853,1077912,0
2017-07-12,54.032,54.052,53.972,54.022,466691,0
2017-07-13,54.002,54.022,53.943,53.992,406906,0
2017-07-14,54.002,54.042,53.903,53.972,499812,0
2017-07-17,54.042,54.052,54.002,54.022,634936,0
2017-07-18,54.072,54.122,54.062,54.112,527983,0
2017-07-19,54.171,54.191,54.132,54.162,513973,0
2017-07-20,54.162,54.191,54.142,54.171,545288,0
2017-07-21,54.221,54.3,54.221,54.29,514110,0
2017-07-24,54.281,54.29,54.211,54.241,649744,0
2017-07-25,54.162,54.211,54.112,54.132,542263,0
2017-07-26,54.112,54.221,54.112,54.191,418715,0
2017-07-27,54.211,54.261,54.162,54.191,900805,0
2017-07-28,54.162,54.211,54.162,54.211,532858,0
2017-07-31,54.092,54.211,54.062,54.201,963519,0
2017-08-01,54.211,54.42,54.211,54.42,927019,0
2017-08-02,54.35,54.42,54.312,54.34,543985,0
2017-08-03,54.42,54.49,54.389,54.48,483066,0
2017-08-04,54.42,54.48,54.36,54.48,398134,0
2017-08-07,54.5,54.5,54.4,54.45,512128,0
2017-08-08,54.43,54.43,54.39,54.4,481479,0
2017-08-09,54.52,54.57,54.49,54.49,561430,0
2017-08-10,54.47,54.567,54.42,54.56,560584,0
2017-08-11,54.57,54.64,54.57,54.64,1123220,0
2017-08-14,54.55,54.58,54.52,54.56,586164,0
2017-08-15,54.5,54.54,54.48,54.54,767056,0
2017-08-16,54.47,54.537,54.44,54.49,707783,0
2017-08-17,54.54,54.6,54.49,54.595,667024,0
2017-08-18,54.61,54.647,54.51,54.59,906806,0
2017-08-21,54.64,54.642,54.574,54.62,534699,0
2017-08-22,54.62,54.635,54.55,54.58,499781,0
2017-08-23,54.66,54.66,54.56,54.65,571001,0
2017-08-24,54.64,54.69,54.61,54.65,548090,0
2017-08-25,54.64,54.66,54.59,54.65,420191,0
2017-08-28,54.64,54.68,54.63,54.68,670687,0
2017-08-29,54.79,54.795,54.62,54.7,854055,0
2017-08-30,54.66,54.692,54.63,54.68,535717,0
2017-08-31,54.69,54.75,54.68,54.71,929864,0
2017-09-01,54.63,54.712,54.63,54.68,798882,0
2017-09-05,54.78,54.82,54.72,54.82,579461,0
2017-09-06,54.78,54.82,54.75,54.79,588733,0
2017-09-07,54.78,54.88,54.75,54.85,722254,0
2017-09-08,54.85,54.85,54.77,54.85,521318,0
2017-09-11,54.8,54.81,54.744,54.77,525683,0
2017-09-12,54.68,54.7,54.61,54.61,538897,0
2017-09-13,54.63,54.63,54.58,54.62,478800,0
2017-09-14,54.53,54.55,54.48,54.5,864052,0
2017-09-15,54.54,54.546,54.46,54.5,382272,0
2017-09-18,54.49,54.49,54.44,54.45,596735,0
2017-09-19,54.54,54.55,54.45,54.51,448453,0
2017-09-20,54.51,54.53,54.41,54.45,590599,0
2017-09-21,54.38,54.45,54.36,54.45,569667,0
2017-09-22,54.52,54.52,54.47,54.5,448244,0
2017-09-25,54.53,54.59,54.52,54.59,565062,0
2017-09-26,54.53,54.58,54.53,54.58,491196,0
2017-09-27,54.45,54.47,54.361,54.46,731895,0
2017-09-28,54.42,54.45,54.39,54.44,619835,0
2017-09-29,54.48,54.53,54.435,54.49,573015,0
2017-10-02,54.46,54.5,54.405,54.43,820577,0
2017-10-03,54.4,54.45,54.38,54.42,765886,0
2017-10-04,54.49,54.5,54.42,54.43,645470,0
2017-10-05,54.48,54.5,54.407,54.48,544649,0
2017-10-06,54.39,54.49,54.34,54.465,622305,0
2017-10-09,54.52,54.54,54.45,54.51,388221,0
2017-10-10,54.5,54.51,54.46,54.48,495294,0
2017-10-11,54.47,54.5,54.44,54.47,988132,0
2017-10-12,54.53,54.557,54.51,54.55,664661,0
2017-10-13,54.63,54.65,54.591,54.64,502525,0
2017-10-16,54.65,54.73,54.65,54.73,461472,0
2017-10-17,54.72,54.75,54.69,54.74,829482,0
2017-10-18,54.68,54.71,54.665,54.7,728977,0
2017-10-19,54.7,54.74,54.7,54.71,472839,0
2017-10-20,54.61,54.62,54.55,54.61,630847,0
2017-10-23,54.68,54.68,54.64,54.65,449985,0
2017-10-24,54.59,54.61,54.55,54.59,524618,0
2017-10-25,54.6,54.61,54.55,54.59,524791,0
2017-10-26,54.66,54.7,54.614,54.68,588172,0
2017-10-27,54.68,54.79,54.65,54.72,560045,0
2017-10-30,54.8,54.85,54.75,54.84,556313,0
2017-10-31,54.84,54.88,54.81,54.83,567368,0
2017-11-01,54.87,54.91,54.85,54.88,797105,0
2017-11-02,54.9,54.93,54.88,54.93,785886,0
2017-11-03,54.99,54.99,54.911,54.95,544811,0
2017-11-06,55.03,55.04,54.9801,55.03,678256,0
2017-11-07,55.0999,55.13,55.09,55.13,495826,0
2017-11-08,55.14,55.18,55.07,55.09,679688,0
2017-11-09,54.97,54.9739,54.89,54.91,651727,0
2017-11-10,54.93,54.9399,54.83,54.86,531624,0
