Date,Open,High,Low,Close,Volume,OpenInt
2013-11-20,14.466,14.478,14.301,14.329,23194,0
2013-11-21,14.439,14.523,14.439,14.466,24909,0
2013-11-22,14.472,14.513,14.462,14.513,4508,0
2013-11-25,14.904,14.904,14.581,14.62,12453,0
2013-11-26,14.559,14.572,14.559,14.567,10935,0
2013-11-27,14.528,14.572,14.513,14.572,8239,0
2013-11-29,14.615,14.62,14.609,14.62,10449,0
2013-12-02,14.891,14.904,14.393,14.393,104027,0
2013-12-03,15.012,15.012,14.263,14.284,141453,0
2013-12-04,14.09,14.694,14.09,14.152,4969,0
2013-12-05,14.162,14.186,14.135,14.135,13122,0
2013-12-06,14.222,14.222,14.198,14.198,1232,0
2013-12-09,17.102,17.102,14.294,14.301,5292,0
2013-12-10,14.294,14.301,14.263,14.28,15032,0
2013-12-11,14.441,14.441,14.108,14.108,52802,0
2013-12-12,14.108,14.108,13.998,14.024,5752,0
2013-12-13,14.675,14.675,14.024,14.119,65613,0
2013-12-16,13.224,14.158,13.224,14.095,37116,0
2013-12-17,14.126,14.146,14.126,14.146,3593,0
2013-12-18,14.135,14.32,14.115,14.32,9068,0
2013-12-19,14.223,14.223,14.175,14.186,2790,0
2013-12-20,14.246,14.37,14.246,14.364,13432,0
2013-12-23,14.45,14.558,14.45,14.494,20848,0
2013-12-24,14.519,14.568,14.519,14.543,13956,0
2013-12-26,14.59,14.603,14.551,14.568,22662,0
2013-12-27,14.549,14.549,14.549,14.549,3576,0
2013-12-30,14.563,14.585,14.543,14.558,41683,0
2013-12-31,14.901,14.901,14.878,14.878,2091,0
2014-01-02,14.617,14.617,14.394,14.611,86404,0
2014-01-03,14.645,14.781,14.645,14.703,8636,0
2014-01-06,14.59,14.827,14.59,14.827,29945,0
2014-01-07,14.814,14.833,14.787,14.833,41232,0
2014-01-08,14.901,14.901,14.715,14.804,31395,0
2014-01-09,14.739,14.79,14.67,14.71,61883,0
2014-01-10,14.807,14.876,14.799,14.87,33103,0
2014-01-13,14.9,14.9,14.79,14.816,52661,0
2014-01-14,14.87,14.893,14.85,14.88,43342,0
2014-01-15,14.906,14.965,14.906,14.959,13295,0
2014-01-16,14.953,15.018,14.942,15.018,20832,0
2014-01-17,14.965,14.97,14.942,14.959,35293,0
2014-01-21,15.097,15.097,15.006,15.088,55112,0
2014-01-22,15.097,15.141,15.077,15.141,20803,0
2014-01-23,15.115,15.133,15.104,15.133,30460,0
2014-01-24,15.06,15.06,14.88,14.889,37616,0
2014-01-27,18.099,18.099,14.67,14.79,86925,0
2014-01-28,14.799,14.92,14.799,14.885,17376,0
2014-01-29,14.88,14.88,14.71,14.71,30832,0
2014-01-30,14.816,14.912,14.816,14.906,60389,0
2014-01-31,14.732,14.9,14.721,14.864,37610,0
2014-02-03,14.82,14.87,14.556,14.567,53240,0
2014-02-04,14.658,14.698,14.634,14.651,22127,0
2014-02-05,14.675,14.733,14.61,14.733,23454,0
2014-02-06,14.836,14.906,14.836,14.85,110766,0
2014-02-07,14.946,15.065,14.942,15.065,97789,0
2014-02-10,15.04,15.04,14.861,14.895,58428,0
2014-02-11,14.909,15.058,14.903,15.029,26452,0
2014-02-12,15.058,15.074,15.004,15.004,10254,0
2014-02-13,15.004,15.204,14.999,15.131,59535,0
2014-02-14,15.04,15.323,15.04,15.174,39457,0
2014-02-18,15.248,15.345,15.174,15.286,91069,0
2014-02-19,15.281,15.358,15.119,15.158,146172,0
2014-02-20,15.218,15.309,15.174,15.233,99903,0
2014-02-21,15.242,15.328,15.242,15.275,234578,0
2014-02-24,15.328,15.456,15.269,15.408,8524,0
2014-02-25,15.453,15.453,15.242,15.242,230015,0
2014-02-26,15.323,15.351,15.254,15.342,187720,0
2014-02-27,15.315,15.335,15.261,15.323,146185,0
2014-02-28,15.372,15.46,15.345,15.392,223751,0
2014-03-03,15.826,15.826,15.191,15.224,6895,0
2014-03-04,15.473,15.491,15.408,15.408,294023,0
2014-03-05,15.238,15.549,15.238,15.527,7743,0
2014-03-06,15.532,15.532,15.456,15.466,158408,0
2014-03-07,15.58,15.58,15.242,15.261,95793,0
2014-03-10,15.299,15.323,15.238,15.299,136323,0
2014-03-11,15.315,15.315,15.215,15.223,34702,0
2014-03-12,15.135,15.291,15.127,15.291,97369,0
2014-03-13,15.35,15.358,15.201,15.231,118360,0
2014-03-14,15.259,15.322,15.246,15.259,21126,0
2014-03-17,15.581,15.581,15.322,15.334,159721,0
2014-03-18,15.392,15.479,15.387,15.474,30390,0
2014-03-19,15.516,15.516,15.111,15.259,112632,0
2014-03-20,15.151,15.237,15.111,15.237,5671,0
2014-03-21,15.241,15.259,15.241,15.259,480,0
2014-03-24,15.298,15.298,15.215,15.267,10473,0
2014-03-25,15.322,15.322,15.259,15.303,6963,0
2014-03-26,15.396,15.396,15.253,15.259,7097,0
2014-03-27,15.253,15.35,15.246,15.345,20422,0
2014-03-28,15.462,15.462,15.462,15.462,3499,0
2014-03-31,15.474,15.551,15.474,15.546,52011,0
2014-04-01,15.558,15.652,15.493,15.652,146174,0
2014-04-02,15.57,15.695,15.57,15.687,18598,0
2014-04-03,15.734,15.877,15.609,15.633,44534,0
2014-04-04,15.67,15.74,15.645,15.67,25313,0
2014-04-07,15.681,15.707,15.621,15.621,44107,0
2014-04-08,15.639,15.707,15.621,15.681,29769,0
2014-04-09,15.741,15.813,15.695,15.79,50725,0
2014-04-10,15.897,15.897,15.604,15.614,84428,0
2014-04-11,15.936,15.936,15.586,15.604,34744,0
2014-04-14,15.837,15.837,15.575,15.644,71023,0
2014-04-15,15.719,15.719,15.586,15.664,27400,0
2014-04-16,15.79,15.79,15.741,15.785,49978,0
2014-04-17,15.843,15.853,15.772,15.843,25540,0
2014-04-21,15.874,16.258,15.874,15.929,39755,0
2014-04-22,16.011,16.054,15.949,16.049,34765,0
2014-04-23,16.036,16.084,15.956,16.03,32808,0
2014-04-24,15.981,16.011,15.915,15.929,91355,0
2014-04-25,15.949,16.042,15.853,15.853,13981,0
2014-04-28,15.936,15.949,15.802,15.861,70059,0
2014-04-29,15.909,16.007,15.909,15.976,65742,0
2014-04-30,15.976,16.067,15.976,16.067,9116,0
2014-05-01,16.049,16.101,16.018,16.061,21293,0
2014-05-02,16.175,16.175,16.084,16.108,10375,0
2014-05-05,16.126,16.175,16.054,16.164,20433,0
2014-05-06,16.258,16.258,16.084,16.095,116426,0
2014-05-07,16.186,16.205,16.141,16.205,72612,0
2014-05-08,16.234,16.234,16.061,16.084,59733,0
2014-05-09,16.148,16.176,16.024,16.085,65282,0
2014-05-12,16.183,16.25,16.159,16.187,101201,0
2014-05-13,16.183,16.194,16.142,16.159,32733,0
2014-05-14,16.171,16.28,16.171,16.25,36471,0
2014-05-15,16.2,16.2,16.079,16.171,124743,0
2014-05-16,16.152,16.218,16.152,16.2,13387,0
2014-05-19,16.285,16.285,16.225,16.254,35834,0
2014-05-20,16.194,16.261,16.171,16.187,33472,0
2014-05-21,16.183,16.218,16.176,16.194,48291,0
2014-05-22,16.208,16.318,16.208,16.285,20058,0
2014-05-23,16.254,16.407,16.254,16.399,18524,0
2014-05-27,16.499,16.51,16.413,16.449,78649,0
2014-05-28,16.486,16.523,16.456,16.515,24048,0
2014-05-29,16.515,16.588,16.515,16.564,26569,0
2014-05-30,16.57,16.657,16.554,16.63,52493,0
2014-06-02,16.673,16.673,16.578,16.6,119676,0
2014-06-03,16.643,16.643,16.435,16.473,76635,0
2014-06-04,16.515,16.541,16.426,16.523,126643,0
2014-06-05,16.527,16.698,16.523,16.698,14092,0
2014-06-06,16.828,16.855,16.724,16.838,24273,0
2014-06-09,16.943,16.959,16.828,16.838,54866,0
2014-06-10,16.825,16.825,16.742,16.765,28937,0
2014-06-11,16.774,16.774,16.698,16.754,23449,0
2014-06-12,16.758,16.781,16.733,16.765,15261,0
2014-06-13,17.127,17.127,16.774,16.825,47102,0
2014-06-16,16.864,16.978,16.758,16.94,23319,0
2014-06-17,16.955,17.077,16.923,16.935,23559,0
2014-06-18,16.949,17.023,16.858,17.023,37095,0
2014-06-19,17.023,17.147,17.023,17.147,38739,0
2014-06-20,17.26,17.26,17.087,17.114,9962,0
2014-06-23,17.163,17.23,17.143,17.23,20782,0
2014-06-24,17.106,17.311,17.106,17.196,138241,0
2014-06-25,17.127,17.264,17.127,17.264,138630,0
2014-06-26,17.296,17.421,17.23,17.421,34058,0
2014-06-27,17.421,17.486,17.403,17.469,121057,0
2014-06-30,17.462,17.849,17.39,17.582,76915,0
2014-07-01,17.788,18.34,17.575,17.592,43916,0
2014-07-02,17.588,17.599,17.502,17.515,21579,0
2014-07-03,17.575,17.575,17.362,17.4,76663,0
2014-07-07,17.538,17.538,17.284,17.311,52587,0
2014-07-08,17.367,17.373,17.237,17.353,53615,0
2014-07-09,17.342,17.44,17.319,17.44,55018,0
2014-07-10,17.78,17.78,17.151,17.35,75396,0
2014-07-11,17.364,17.364,17.277,17.333,8599,0
2014-07-14,17.457,17.457,17.388,17.413,59913,0
2014-07-15,17.419,17.425,17.299,17.396,43619,0
2014-07-16,17.413,17.462,17.407,17.457,11424,0
2014-07-17,17.439,17.508,17.277,17.299,35333,0
2014-07-18,17.321,17.457,17.321,17.445,10150,0
2014-07-21,17.369,17.473,17.357,17.473,16203,0
2014-07-22,17.568,17.592,17.531,17.568,30909,0
2014-07-23,17.634,17.704,17.582,17.687,76634,0
2014-07-24,18.016,18.016,17.656,17.669,58327,0
2014-07-25,17.717,17.717,17.592,17.646,16224,0
2014-07-28,17.669,17.78,17.582,17.646,17856,0
2014-07-29,17.669,17.669,17.582,17.582,14591,0
2014-07-30,17.451,17.628,17.328,17.383,50898,0
2014-07-31,17.342,17.342,16.81,16.952,151775,0
2014-08-01,16.844,17.011,16.774,16.833,54008,0
2014-08-04,16.922,17.64,16.842,17.075,26318,0
2014-08-05,16.992,17.052,16.698,16.802,35953,0
2014-08-06,16.673,16.904,16.619,16.833,33207,0
2014-08-07,16.833,16.981,16.797,16.886,24267,0
2014-08-08,16.919,17.025,16.828,17.025,18233,0
2014-08-11,17.358,17.521,17.358,17.451,38322,0
2014-08-12,17.42,17.435,17.29,17.377,51355,0
2014-08-13,17.29,17.533,17.29,17.526,19386,0
2014-08-14,17.578,17.642,17.578,17.642,15215,0
2014-08-15,17.778,17.796,17.626,17.772,9862,0
2014-08-18,17.959,17.959,17.802,17.852,23615,0
2014-08-19,17.861,17.955,17.861,17.922,6357,0
2014-08-20,17.93,17.97,17.922,17.97,7632,0
2014-08-21,18.046,18.046,17.922,18.016,15420,0
2014-08-22,17.984,17.984,17.827,17.913,19532,0
2014-08-25,17.955,17.959,17.905,17.955,17545,0
2014-08-26,18.072,18.072,17.937,17.97,13381,0
2014-08-27,18.008,18.03,17.93,18.016,10465,0
2014-08-28,17.89,17.991,17.89,17.984,8461,0
2014-08-29,18.036,18.116,18.036,18.116,7107,0
2014-09-02,18.116,18.116,18.001,18.04,18234,0
2014-09-03,18.111,18.167,17.995,17.995,11192,0
2014-09-04,18.008,18.036,17.796,17.852,55595,0
2014-09-05,17.97,18.001,17.89,17.949,118706,0
2014-09-08,17.984,17.984,17.827,17.884,76213,0
2014-09-09,17.861,17.866,17.733,17.823,261125,0
2014-09-10,17.765,17.866,17.696,17.772,34919,0
2014-09-11,17.719,17.762,17.715,17.756,9362,0
2014-09-12,17.625,17.625,17.351,17.403,93473,0
2014-09-15,17.27,17.408,17.245,17.334,43340,0
2014-09-16,17.321,17.512,17.265,17.505,11333,0
2014-09-17,17.512,17.581,17.448,17.471,17902,0
2014-09-18,17.567,17.599,17.414,17.448,27066,0
2014-09-19,17.54,17.64,17.408,17.477,41532,0
2014-09-22,17.44,17.44,17.237,17.265,62963,0
2014-09-23,17.334,17.334,17.107,17.107,47036,0
2014-09-24,17.107,17.175,16.999,17.166,28283,0
2014-09-25,17.107,17.107,16.922,16.951,25542,0
2014-09-26,16.903,17.1,16.822,17.094,25674,0
2014-09-29,16.916,17.041,16.903,17.041,16044,0
2014-09-30,17.028,17.094,16.938,16.992,10157,0
2014-10-01,17.023,17.023,16.84,16.85,37851,0
2014-10-02,17.073,17.073,16.556,16.799,128337,0
2014-10-03,16.916,16.926,16.835,16.922,29017,0
2014-10-06,17.023,17.023,16.916,16.974,25092,0
2014-10-07,16.91,16.951,16.807,16.807,39185,0
2014-10-08,16.829,16.935,16.553,16.935,96459,0
2014-10-09,16.939,16.939,16.495,16.53,39747,0
2014-10-10,16.466,16.505,16.03,16.236,73483,0
2014-10-13,16.363,16.363,15.728,15.877,211525,0
2014-10-14,15.728,16.142,15.684,15.896,56828,0
2014-10-15,15.723,15.972,15.421,15.943,71685,0
2014-10-16,15.896,16.429,15.664,16.429,50683,0
2014-10-17,16.617,16.835,16.454,16.557,38422,0
2014-10-20,16.557,16.822,16.557,16.822,13987,0
2014-10-21,17.103,17.103,16.876,17.051,25183,0
2014-10-22,17.122,17.143,16.899,16.935,26041,0
2014-10-23,16.977,17.098,16.962,17.031,13696,0
2014-10-24,16.984,17.064,16.946,17.064,16618,0
2014-10-27,16.876,17.011,16.876,16.984,5615,0
2014-10-28,17.031,17.174,16.994,17.148,12451,0
2014-10-29,17.137,17.218,16.946,16.977,15658,0
2014-10-30,17.068,17.159,16.683,17.098,26253,0
2014-10-31,17.351,17.39,17.092,17.174,42277,0
2014-11-03,17.259,17.259,17.031,17.031,40691,0
2014-11-04,17.064,17.113,16.783,16.864,30291,0
2014-11-05,16.935,17.003,16.899,16.962,25989,0
2014-11-06,16.977,17.024,16.858,16.939,29140,0
2014-11-07,17.09,17.212,16.981,17.212,34220,0
2014-11-10,17.29,17.29,17.102,17.11,13038,0
2014-11-11,17.102,17.125,17.029,17.11,3598,0
2014-11-12,17.102,17.102,17.041,17.06,6977,0
2014-11-13,17.081,17.081,16.872,16.872,11213,0
2014-11-14,16.981,17.041,16.919,16.973,19579,0
2014-11-17,16.973,17.055,16.973,17.023,15908,0
2014-11-18,17.06,17.158,17.06,17.125,9274,0
2014-11-19,17.102,17.106,17.041,17.081,7352,0
2014-11-20,17.106,17.223,17.09,17.217,15046,0
2014-11-21,17.405,17.405,17.192,17.205,9791,0
2014-11-24,17.251,17.258,17.199,17.217,9062,0
2014-11-25,17.151,17.258,17.147,17.199,2837,0
2014-11-26,17.258,17.367,17.258,17.342,8888,0
2014-11-28,17.151,17.151,16.894,16.9,10213,0
2014-12-01,16.739,17.279,16.199,16.391,98224,0
2014-12-02,16.384,16.557,16.257,16.472,68261,0
2014-12-03,16.654,16.734,16.647,16.719,11059,0
2014-12-04,16.719,16.719,16.504,16.536,26623,0
2014-12-05,16.577,16.577,16.369,16.369,21926,0
2014-12-08,16.395,16.395,15.746,15.862,37862,0
2014-12-09,15.663,16.006,15.663,15.965,22285,0
2014-12-10,15.98,15.98,15.376,15.436,17094,0
2014-12-11,15.482,15.619,15.345,15.364,48719,0
2014-12-12,15.088,15.168,14.885,15.003,31293,0
2014-12-15,15.056,15.056,14.478,14.478,74781,0
2014-12-16,14.466,14.727,14.202,14.584,18782,0
2014-12-17,14.748,15.222,14.748,15.111,30294,0
2014-12-18,15.428,15.671,15.273,15.424,37909,0
2014-12-19,15.468,15.743,15.455,15.743,11387,0
2014-12-22,15.612,15.719,15.548,15.651,22682,0
2014-12-23,15.678,15.735,15.593,15.735,15049,0
2014-12-24,15.678,15.75,15.593,15.627,4343,0
2014-12-26,15.75,15.767,15.685,15.73,2694,0
2014-12-29,15.587,15.771,15.587,15.678,52026,0
2014-12-30,15.527,15.612,15.503,15.612,23501,0
2014-12-31,15.515,15.599,15.468,15.468,5920,0
2015-01-02,15.633,15.678,15.503,15.678,8174,0
2015-01-05,15.633,15.633,15.383,15.428,16974,0
2015-01-06,15.444,15.535,15.168,15.242,27077,0
2015-01-07,15.455,15.455,15.304,15.424,13273,0
2015-01-08,15.612,15.671,15.527,15.638,7299,0
2015-01-09,15.681,15.788,15.514,15.633,7559,0
2015-01-12,15.42,15.455,15.329,15.455,8735,0
2015-01-13,15.514,15.514,15.131,15.193,28738,0
2015-01-14,15.238,15.306,15.08,15.306,11363,0
2015-01-15,15.293,15.336,15.193,15.232,6533,0
2015-01-16,15.185,15.466,15.185,15.466,14070,0
2015-01-20,15.466,15.466,15.342,15.4,13336,0
2015-01-21,15.414,15.561,15.414,15.502,15020,0
2015-01-22,15.703,15.739,15.606,15.71,13689,0
2015-01-23,15.71,15.788,15.71,15.726,8690,0
2015-01-26,15.782,15.959,15.782,15.959,12236,0
2015-01-27,15.949,15.959,15.813,15.949,7480,0
2015-01-28,15.953,15.966,15.788,15.788,15609,0
2015-01-29,15.901,15.914,15.62,15.834,26822,0
2015-01-30,15.813,16.008,15.716,15.822,17515,0
2015-02-02,16.012,16.012,15.681,15.974,21961,0
2015-02-03,16.061,16.339,16.026,16.316,13641,0
2015-02-04,16.316,16.322,16.08,16.115,11915,0
2015-02-05,16.234,16.369,16.174,16.361,16250,0
2015-02-06,16.376,16.416,16.168,16.215,17938,0
2015-02-09,16.24,16.282,16.215,16.261,6494,0
2015-02-10,16.052,16.052,15.896,15.962,10425,0
2015-02-11,15.894,15.931,15.836,15.894,17830,0
2015-02-12,16.06,16.166,16.005,16.152,19755,0
2015-02-13,16.238,16.315,16.125,16.315,5134,0
2015-02-17,16.35,16.359,16.231,16.315,11425,0
2015-02-18,16.308,16.308,16.238,16.246,1887,0
2015-02-19,16.246,16.382,16.206,16.285,14142,0
2015-02-20,16.332,16.398,16.285,16.332,12820,0
2015-02-23,16.421,16.421,16.321,16.332,27349,0
2015-02-24,16.46,16.686,16.323,16.433,8470,0
2015-02-25,16.513,16.575,16.496,16.541,22010,0
2015-02-26,16.44,16.479,16.39,16.453,5787,0
2015-02-27,16.46,16.556,16.44,16.541,8130,0
2015-03-02,16.506,16.506,16.398,16.427,16692,0
2015-03-03,16.473,16.522,16.374,16.513,21158,0
2015-03-04,16.374,16.427,16.285,16.407,11175,0
2015-03-05,16.489,16.489,16.407,16.44,12515,0
2015-03-06,16.414,16.414,16.01,16.03,30847,0
2015-03-09,16.159,16.159,15.949,15.949,28015,0
2015-03-10,15.802,15.802,15.683,15.77,10731,0
2015-03-11,15.75,15.75,15.606,15.743,17668,0
2015-03-12,15.827,15.881,15.827,15.844,10749,0
2015-03-13,15.759,15.759,15.541,15.718,8689,0
2015-03-16,15.858,15.889,15.718,15.834,16638,0
2015-03-17,15.779,15.851,15.712,15.851,7216,0
2015-03-18,15.858,16.232,15.785,16.232,13693,0
2015-03-19,16.185,16.185,16.09,16.09,2504,0
2015-03-20,16.198,16.424,16.076,16.424,6335,0
2015-03-23,16.391,16.573,16.391,16.546,13842,0
2015-03-24,16.47,16.47,16.391,16.391,6920,0
2015-03-25,16.47,16.546,16.345,16.345,6037,0
2015-03-26,16.41,16.41,16.259,16.311,5739,0
2015-03-27,16.198,16.303,16.198,16.303,737,0
2015-03-30,16.311,16.322,16.267,16.322,7216,0
2015-03-31,16.316,16.322,16.198,16.198,11776,0
2015-04-01,16.192,16.259,16.147,16.259,16340,0
2015-04-02,16.353,16.361,16.316,16.326,6478,0
2015-04-06,16.339,16.584,16.339,16.511,16198,0
2015-04-07,16.403,16.597,16.403,16.538,42940,0
2015-04-08,16.626,16.626,16.449,16.503,18996,0
2015-04-09,16.613,16.667,16.446,16.446,30366,0
2015-04-10,16.57,16.64,16.552,16.552,22088,0
2015-04-13,16.557,16.583,16.48,16.507,13080,0
2015-04-14,16.557,16.667,16.557,16.646,6973,0
2015-04-15,16.723,16.792,16.693,16.762,6098,0
2015-04-16,16.698,16.762,16.686,16.756,26369,0
2015-04-17,16.605,16.68,16.59,16.625,5085,0
2015-04-20,16.646,16.769,16.646,16.732,11072,0
2015-04-21,16.797,16.858,16.613,16.613,6632,0
2015-04-22,16.646,16.741,16.646,16.708,7706,0
2015-04-23,16.738,16.901,16.708,16.812,58271,0
2015-04-24,16.88,16.922,16.792,16.922,16278,0
2015-04-27,16.922,16.926,16.797,16.797,9738,0
2015-04-28,16.797,16.866,16.797,16.851,5955,0
2015-04-29,16.827,16.827,16.654,16.792,14385,0
2015-04-30,16.858,16.858,16.583,16.654,22231,0
2015-05-01,16.633,16.662,16.564,16.662,16856,0
2015-05-04,16.756,16.769,16.62,16.633,2470,0
2015-05-05,16.62,16.625,16.391,16.406,17002,0
2015-05-06,16.391,16.391,16.001,16.166,24469,0
2015-05-07,16.075,16.218,16.049,16.192,26527,0
2015-05-08,16.328,16.397,16.268,16.388,17295,0
2015-05-11,16.477,16.477,16.227,16.235,8517,0
2015-05-12,16.132,16.276,16.075,16.263,9043,0
2015-05-13,16.306,16.337,16.271,16.306,4907,0
2015-05-14,16.343,16.463,16.343,16.423,7504,0
2015-05-15,16.449,16.586,16.444,16.562,10491,0
2015-05-18,16.444,16.567,16.434,16.567,6110,0
2015-05-19,16.423,16.477,16.401,16.477,15154,0
2015-05-20,16.39,16.463,16.208,16.457,11978,0
2015-05-21,16.494,16.556,16.477,16.494,5627,0
2015-05-22,16.444,16.54,16.434,16.463,8224,0
2015-05-26,16.409,16.417,16.284,16.331,5033,0
2015-05-27,16.375,16.409,16.367,16.395,3610,0
2015-05-28,16.417,16.417,16.284,16.314,3158,0
2015-05-29,16.417,16.417,16.25,16.337,8079,0
2015-06-01,16.423,16.423,16.208,16.284,21936,0
2015-06-02,16.276,16.322,16.187,16.284,11815,0
2015-06-03,16.271,16.276,16.095,16.147,10392,0
2015-06-04,16.111,16.111,15.892,15.892,14867,0
2015-06-05,15.852,15.932,15.396,15.723,68118,0
2015-06-08,15.81,15.834,15.617,15.711,61911,0
2015-06-09,15.557,15.66,15.396,15.565,54600,0
2015-06-10,15.531,15.664,15.389,15.538,13516,0
2015-06-11,15.467,15.614,15.467,15.606,13946,0
2015-06-12,15.593,15.635,15.56,15.635,7826,0
2015-06-15,15.614,15.622,15.389,15.552,12950,0
2015-06-16,15.531,15.614,15.459,15.614,6687,0
2015-06-17,15.538,15.748,15.503,15.748,2133,0
2015-06-18,15.827,15.895,15.809,15.809,8110,0
2015-06-19,15.838,15.838,15.74,15.79,8255,0
2015-06-22,15.973,15.973,15.809,15.809,10245,0
2015-06-23,15.809,15.904,15.804,15.892,7372,0
2015-06-24,15.809,15.845,15.693,15.819,10672,0
2015-06-25,15.74,15.74,15.566,15.599,7685,0
2015-06-26,15.459,15.488,15.342,15.403,14373,0
2015-06-29,15.235,15.304,14.825,14.966,47388,0
2015-06-30,15.552,15.552,14.879,14.944,17162,0
2015-07-01,14.975,15.003,14.959,14.959,7402,0
2015-07-02,15.039,15.838,15.039,15.072,24048,0
2015-07-06,15.008,15.039,14.849,14.975,33009,0
2015-07-07,15.072,15.432,14.801,15.117,12519,0
2015-07-08,14.975,14.991,14.825,14.966,14797,0
2015-07-09,15.121,15.121,14.895,14.948,21206,0
2015-07-10,14.997,15.129,14.997,15.129,6862,0
2015-07-13,15.162,15.283,15.147,15.196,11623,0
2015-07-14,15.712,15.712,15.22,15.225,8716,0
2015-07-15,15.174,15.174,15.137,15.137,2169,0
2015-07-16,15.243,15.243,15.182,15.203,3920,0
2015-07-17,15.251,16.132,15.008,15.033,23244,0
2015-07-20,15.118,15.122,14.787,14.845,17645,0
2015-07-21,14.893,15.008,14.396,14.845,25768,0
2015-07-22,14.433,14.909,14.396,14.604,54333,0
2015-07-23,14.59,14.652,14.338,14.402,10783,0
2015-07-24,14.338,14.396,14.042,14.248,52096,0
2015-07-27,14.003,14.212,14.003,14.146,17225,0
2015-07-28,14.126,14.445,13.961,14.402,10500,0
2015-07-29,14.573,14.689,14.573,14.689,6445,0
2015-07-30,16.297,16.297,14.282,14.633,12743,0
2015-07-31,14.551,14.766,14.551,14.675,3359,0
2015-08-03,14.545,14.619,14.288,14.468,36999,0
2015-08-04,14.468,14.468,14.319,14.39,4342,0
2015-08-05,14.461,14.518,14.203,14.212,7562,0
2015-08-06,14.174,14.997,13.655,14.233,26365,0
2015-08-07,14.282,14.294,13.961,14.196,8125,0
2015-08-10,14.093,14.388,14.05,14.344,4439,0
2015-08-11,14.325,14.388,14.325,14.365,4202,0
2015-08-12,14.373,14.505,14.336,14.505,2913,0
2015-08-13,14.523,14.523,14.373,14.439,2777,0
2015-08-14,14.423,14.497,14.093,14.451,6245,0
2015-08-17,15.628,15.628,14.344,14.49,2501,0
2015-08-18,14.466,14.466,14.373,14.373,1667,0
2015-08-19,14.316,14.316,14.107,14.214,24567,0
2015-08-20,14.33,14.466,13.826,13.962,38866,0
2015-08-21,13.781,13.87,12.989,13.553,78563,0
2015-08-24,12.608,13.133,10.826,12.861,63019,0
2015-08-25,12.968,13.299,12.94,12.982,14017,0
2015-08-26,12.947,12.982,12.81,12.982,13602,0
2015-08-27,13.4,13.781,13.4,13.56,180585,0
2015-08-28,13.639,13.877,13.639,13.846,5137,0
2015-08-31,13.688,13.939,13.602,13.891,12908,0
2015-09-01,13.602,13.696,13.472,13.602,3748,0
2015-09-02,13.545,13.616,13.443,13.608,2501,0
2015-09-03,13.746,13.852,13.653,13.653,5828,0
2015-09-04,13.683,13.683,13.532,13.56,2501,0
2015-09-08,13.594,13.899,13.594,13.891,17350,0
2015-09-09,14.084,14.084,13.623,13.768,6523,0
2015-09-10,13.746,13.746,13.695,13.695,2279,0
2015-09-11,13.659,13.659,13.606,13.627,8351,0
2015-09-14,13.556,13.627,13.549,13.622,9583,0
2015-09-15,13.622,13.776,13.577,13.659,6846,0
2015-09-16,13.738,13.958,13.659,13.927,4656,0
2015-09-17,13.993,14.168,13.95,14.168,2055,0
2015-09-18,13.95,14.061,13.95,14.061,1643,0
2015-09-21,13.973,14.089,13.95,14.089,3423,0
2015-09-22,13.942,13.942,13.776,13.79,2463,0
2015-09-23,13.854,13.927,13.637,13.637,24646,0
2015-09-24,13.584,13.584,13.335,13.396,18898,0
2015-09-25,13.584,13.584,13.468,13.468,5747,0
2015-09-28,13.199,13.199,12.342,12.921,26010,0
2015-09-29,12.673,12.686,12.379,12.379,11228,0
2015-09-30,12.438,12.775,12.438,12.775,14786,0
2015-10-01,12.723,13.102,12.601,12.856,82832,0
2015-10-02,12.781,13.381,12.781,13.147,3012,0
2015-10-05,13.199,13.879,13.199,13.782,6890,0
2015-10-06,13.834,13.879,13.688,13.879,4110,0
2015-10-07,13.885,14.126,13.885,14.081,5474,0
2015-10-08,14.138,14.175,14.065,14.153,31512,0
2015-10-09,14.235,14.338,14.18,14.18,27740,0
2015-10-12,14.338,14.36,13.865,14.086,34570,0
2015-10-13,14.109,14.118,13.923,13.938,82822,0
2015-10-14,13.917,14.051,13.886,13.967,35957,0
2015-10-15,13.984,14.138,13.827,14.138,40939,0
2015-10-16,14.138,14.243,14.086,14.19,55483,0
2015-10-19,14.22,14.22,13.923,14.138,41347,0
2015-10-20,14.273,14.273,14.145,14.145,5582,0
2015-10-21,14.252,14.252,14.065,14.205,7138,0
2015-10-22,14.161,14.259,14.109,14.205,5656,0
2015-10-23,14.175,14.309,14.094,14.205,8755,0
2015-10-26,14.118,14.22,14.078,14.078,10776,0
2015-10-27,13.967,13.967,13.728,13.728,5385,0
2015-10-28,13.865,13.988,13.427,13.988,7539,0
2015-10-29,13.886,13.961,13.871,13.917,2425,0
2015-10-30,13.865,14.035,13.842,13.923,7002,0
2015-11-02,14.072,14.235,14.072,14.235,21845,0
2015-11-03,14.161,14.437,14.161,14.368,15082,0
2015-11-04,14.259,14.279,14.118,14.153,5039,0
2015-11-05,14.301,14.301,14.019,14.124,51449,0
2015-11-06,14.109,14.109,13.88,13.938,35284,0
2015-11-09,14.016,14.016,13.702,13.762,52976,0
2015-11-10,13.618,13.738,13.618,13.71,16919,0
2015-11-11,13.746,13.746,13.53,13.559,12657,0
2015-11-12,13.483,13.559,13.348,13.379,11854,0
2015-11-13,13.249,13.357,13.177,13.242,75792,0
2015-11-16,13.177,13.566,13.177,13.53,61409,0
2015-11-17,13.626,13.657,13.437,13.468,72596,0
2015-11-18,13.626,13.71,13.53,13.71,32367,0
2015-11-19,13.702,13.762,13.671,13.702,38365,0
2015-11-20,13.633,13.82,13.618,13.714,25975,0
2015-11-23,13.671,13.714,13.521,13.641,42759,0
2015-11-24,13.512,13.714,13.512,13.687,47423,0
2015-11-25,13.571,13.746,13.571,13.714,21045,0
2015-11-27,13.657,13.791,13.649,13.791,34898,0
2015-11-30,13.746,13.828,13.693,13.722,72861,0
2015-12-01,13.783,13.791,13.702,13.729,68687,0
2015-12-02,13.722,13.722,13.483,13.483,48866,0
2015-12-03,13.371,13.46,13.129,13.129,65537,0
2015-12-04,13.063,13.199,12.988,13.085,82185,0
2015-12-07,12.957,12.957,12.25,12.456,55678,0
2015-12-08,12.379,12.545,12.281,12.427,123683,0
2015-12-09,12.216,12.772,12.2,12.488,12497,0
2015-12-10,12.525,12.711,12.444,12.519,18286,0
2015-12-11,12.391,12.391,11.647,12.012,74320,0
2015-12-14,11.867,11.988,11.381,11.511,33431,0
2015-12-15,11.562,11.951,11.562,11.895,6971,0
2015-12-16,12.153,12.338,12.071,12.275,74977,0
2015-12-17,12.247,12.275,12.005,12.088,33805,0
2015-12-18,12.071,12.148,11.875,12.012,17761,0
2015-12-21,12.153,12.153,11.895,12.035,1973,0
2015-12-22,12.353,12.582,12.345,12.525,1100,0
2015-12-23,12.559,13.024,12.559,13.024,59330,0
2015-12-24,13.075,13.158,13.053,13.075,41129,0
2015-12-28,12.857,12.857,12.756,12.765,8923,0
2015-12-29,12.899,12.899,12.747,12.751,15348,0
2015-12-30,12.853,12.853,12.729,12.772,2970,0
2015-12-31,12.756,12.883,12.756,12.857,1310,0
2016-01-04,12.772,12.772,12.616,12.616,3413,0
2016-01-05,12.703,13.024,12.703,13.024,4599,0
2016-01-06,12.862,12.862,12.658,12.658,6317,0
2016-01-07,12.544,12.544,12.153,12.209,11808,0
2016-01-08,12.209,12.225,12.119,12.134,4077,0
2016-01-11,12.129,12.129,11.716,11.815,6079,0
2016-01-12,11.699,11.704,11.425,11.638,50159,0
2016-01-13,11.674,11.796,10.999,11.033,111730,0
2016-01-14,11.007,11.425,10.791,11.398,157407,0
2016-01-15,10.917,10.931,10.674,10.931,110357,0
2016-01-19,10.971,11.007,10.574,10.674,12476,0
2016-01-20,10.354,10.432,9.845,10.369,90035,0
2016-01-21,10.369,11.747,10.246,10.651,180745,0
2016-01-22,10.923,11.343,10.923,11.249,178371,0
2016-01-25,11.079,11.476,10.999,11.018,43139,0
2016-01-26,11.141,11.423,10.999,11.36,110689,0
2016-01-27,11.39,11.441,11.079,11.216,128385,0
2016-01-28,11.441,11.584,11.296,11.476,126486,0
2016-01-29,11.674,11.778,11.576,11.778,236745,0
2016-02-01,11.732,11.747,11.499,11.6,146361,0
2016-02-02,11.608,11.608,11.296,11.401,92147,0
2016-02-03,11.491,11.545,11.157,11.483,57946,0
2016-02-04,11.413,11.757,11.413,11.67,16068,0
2016-02-05,11.67,11.67,11.435,11.506,13955,0
2016-02-08,10.941,10.953,10.791,10.913,19612,0
2016-02-09,10.549,10.549,10.354,10.48,8935,0
2016-02-10,10.633,10.651,10.455,10.459,9301,0
2016-02-11,10.237,10.237,9.899,10.136,52041,0
2016-02-12,10.237,10.505,10.237,10.453,10065,0
2016-02-16,10.752,10.902,10.625,10.873,10259,0
2016-02-17,10.923,11.404,10.923,11.334,6388,0
2016-02-18,11.308,11.499,11.214,11.499,17756,0
2016-02-19,11.262,11.357,11.239,11.333,29088,0
2016-02-22,11.577,11.71,11.553,11.654,85516,0
2016-02-23,11.813,11.813,11.425,11.482,46520,0
2016-02-24,11.35,11.585,11.151,11.577,20607,0
2016-02-25,11.507,11.727,11.507,11.719,13023,0
2016-02-26,11.803,12.03,11.801,11.828,112378,0
2016-02-29,11.891,12.064,11.844,11.954,62582,0
2016-03-01,11.954,12.143,11.948,12.143,5466,0
2016-03-02,12.246,12.406,11.969,12.38,8797,0
2016-03-03,12.763,12.874,12.693,12.723,6583,0
2016-03-04,13.094,13.213,12.85,12.924,32511,0
2016-03-07,12.924,13.23,12.924,13.23,350,0
2016-03-08,13.213,13.213,12.603,12.603,6793,0
2016-03-09,12.801,12.871,12.529,12.871,11410,0
2016-03-10,12.878,12.878,12.43,12.562,10201,0
2016-03-11,12.762,12.871,12.762,12.857,11869,0
2016-03-14,12.809,12.941,12.659,12.85,38296,0
2016-03-15,12.609,12.752,12.518,12.617,15695,0
2016-03-16,12.597,13.056,12.547,13.056,31976,0
2016-03-17,12.715,13.568,12.715,13.493,30608,0
2016-03-18,13.507,13.707,13.459,13.46,27114,0
2016-03-21,13.459,13.459,13.302,13.386,26296,0
2016-03-22,13.349,13.569,13.185,13.374,16045,0
2016-03-23,13.288,13.288,13,13,9064,0
2016-03-24,13,13.01,12.633,13.01,15461,0
2016-03-28,13.002,13.002,12.953,12.953,4804,0
2016-03-29,12.85,13.207,12.688,13.191,7856,0
2016-03-30,13.451,13.493,13.317,13.317,18704,0
2016-03-31,13.349,13.485,13.349,13.485,7319,0
2016-04-01,13.214,13.451,13.207,13.381,3334,0
2016-04-04,13.261,13.304,13.101,13.132,3735,0
2016-04-05,13.01,13.118,12.975,13.021,9596,0
2016-04-06,13.111,13.365,13.08,13.252,14568,0
2016-04-07,13.12,13.31,13.12,13.221,6980,0
2016-04-08,13.608,13.666,13.608,13.666,7316,0
2016-04-11,13.684,14.048,13.684,13.955,10670,0
2016-04-12,14.179,14.214,14.179,14.214,1987,0
2016-04-13,14.214,14.422,14.214,14.39,9188,0
2016-04-14,14.35,14.472,14.35,14.454,8275,0
2016-04-15,14.489,14.489,14.263,14.357,11073,0
2016-04-18,14.27,14.793,14.27,14.601,12133,0
2016-04-19,14.905,15.043,14.905,14.933,13212,0
2016-04-20,14.953,15.166,14.934,15.119,7683,0
2016-04-21,14.992,15.123,14.989,15.074,8044,0
2016-04-22,15.382,15.405,15.269,15.293,3805,0
2016-04-25,15.083,15.157,15.052,15.102,5110,0
2016-04-26,15.229,15.358,15.207,15.301,6552,0
2016-04-27,15.319,15.834,15.31,15.752,7806,0
2016-04-28,15.786,15.786,15.598,15.598,3665,0
2016-04-29,15.56,15.625,15.285,15.462,3542,0
2016-05-02,15.462,15.462,15.319,15.372,2386,0
2016-05-03,15.243,15.243,14.913,15.11,13413,0
2016-05-04,15.12,15.293,15.037,15.205,10255,0
2016-05-05,15.237,15.681,15.237,15.536,7201,0
2016-05-06,15.698,15.698,15.301,15.633,7928,0
2016-05-09,15.671,15.681,15.398,15.439,7771,0
2016-05-10,15.728,15.728,15.552,15.671,9349,0
2016-05-11,15.619,15.732,15.488,15.667,4199,0
2016-05-12,15.703,15.813,15.667,15.767,2218,0
2016-05-13,15.473,15.748,14.968,15.627,6401,0
2016-05-16,15.758,15.872,15.732,15.822,11890,0
2016-05-17,15.929,15.929,15.929,15.929,274,0
2016-05-18,15.813,15.822,15.457,15.492,6901,0
2016-05-19,15.424,15.514,15.285,15.496,6813,0
2016-05-20,15.602,15.602,15.488,15.539,2095,0
2016-05-23,15.521,15.547,15.473,15.514,1071,0
2016-05-24,15.587,15.587,15.48,15.543,25000,0
2016-05-25,15.635,15.654,15.421,15.441,2079,0
2016-05-26,15.336,15.406,15.251,15.343,6203,0
2016-05-27,15.559,15.559,15.488,15.522,2663,0
2016-05-31,15.854,15.881,15.718,15.83,12076,0
2016-06-01,15.813,16.169,15.137,16.116,2700,0
2016-06-02,16.14,16.263,16.14,16.263,4982,0
2016-06-03,16.271,16.283,16.007,16.283,6121,0
2016-06-06,16.481,16.481,16.481,16.481,1052,0
2016-06-07,16.585,16.709,16.58,16.709,11644,0
2016-06-08,16.671,16.84,16.671,16.782,7444,0
2016-06-09,16.583,16.657,16.574,16.657,7277,0
2016-06-10,16.376,16.493,16.278,16.324,7910,0
2016-06-13,16.286,16.368,16.162,16.162,2619,0
2016-06-14,16.071,16.071,15.769,15.848,6033,0
2016-06-15,15.955,16.64,15.873,16.047,5649,0
2016-06-16,15.767,16.078,15.732,16.066,10150,0
2016-06-17,16.293,16.293,16.243,16.243,2093,0
2016-06-20,16.483,16.575,16.368,16.368,16866,0
2016-06-21,16.532,16.839,16.532,16.839,13580,0
2016-06-22,16.926,17.515,16.563,16.733,6819,0
2016-06-23,17.011,17.074,16.988,16.988,2443,0
2016-06-24,16.944,16.944,15.666,16.368,9628,0
2016-06-27,15.955,16.274,15.767,15.91,6596,0
2016-06-28,16.41,16.585,16.278,16.585,1843,0
2016-06-29,16.913,17.051,16.913,17.051,9294,0
2016-06-30,17.086,17.086,17.03,17.043,1874,0
2016-07-01,16.988,16.988,16.464,16.953,2966,0
2016-07-05,17.118,17.118,16.87,16.995,2059,0
2016-07-06,16.466,17.548,14.241,17.176,13519,0
2016-07-07,17.159,17.35,17.142,17.142,2717,0
2016-07-08,17.4,17.514,17.346,17.444,3349,0
2016-07-11,17.555,17.686,17.555,17.623,6413,0
2016-07-12,17.807,17.939,17.748,17.91,2302,0
2016-07-13,17.905,17.915,17.79,17.79,2636,0
2016-07-14,17.934,17.934,17.925,17.933,966,0
2016-07-15,18.088,18.088,17.389,17.956,16376,0
2016-07-18,18.041,18.189,17.974,18.189,5110,0
2016-07-19,18.484,18.484,18.102,18.195,11730,0
2016-07-20,18.149,18.294,17.897,18.294,8654,0
2016-07-21,18.255,18.263,18.201,18.263,656,0
2016-07-22,18.192,18.467,18.192,18.467,2590,0
2016-07-25,18.477,18.477,18.246,18.33,19477,0
2016-07-26,18.194,18.316,18.149,18.316,3728,0
2016-07-27,18.351,18.351,18.234,18.234,996,0
2016-07-28,18.234,18.32,18.192,18.32,2110,0
2016-07-29,18.417,18.444,18.316,18.444,25639,0
2016-08-01,18.359,18.359,18.062,18.062,5129,0
2016-08-02,18.109,18.109,17.858,17.925,11534,0
2016-08-03,18.109,18.477,18.084,18.454,29433,0
2016-08-04,18.467,18.561,18.376,18.454,6989,0
2016-08-05,18.526,18.718,18.509,18.668,19207,0
2016-08-08,18.778,18.978,18.742,18.828,10402,0
2016-08-09,18.904,19.046,18.852,18.958,14701,0
2016-08-10,19.4,19.408,18.276,18.807,7045,0
2016-08-11,18.792,18.897,18.792,18.897,3922,0
2016-08-12,18.958,19.047,18.958,18.993,2984,0
2016-08-15,18.993,19.213,18.782,19.15,19254,0
2016-08-16,19.136,19.186,19.136,19.136,7000,0
2016-08-17,18.949,18.949,18.865,18.941,3208,0
2016-08-18,19.136,19.253,19.121,19.203,8917,0
2016-08-19,19.221,19.221,19.026,19.181,14538,0
2016-08-22,18.984,19.084,18.984,19.077,1339,0
2016-08-23,19.261,19.261,19.171,19.221,1009,0
2016-08-24,19.077,19.162,19.077,19.093,2195,0
2016-08-25,19.035,19.121,17.98,19.121,3539,0
2016-08-26,19.111,19.251,18.939,19.08,8360,0
2016-08-29,19.162,19.271,19.162,19.245,5013,0
2016-08-30,19.408,19.414,19.162,19.28,16559,0
2016-08-31,19.213,19.213,18.975,19.131,12611,0
2016-09-01,19.035,19.043,18.833,18.984,9094,0
2016-09-02,19.304,19.414,19.304,19.349,14834,0
2016-09-06,19.477,19.56,19.477,19.56,6656,0
2016-09-07,19.665,19.665,19.567,19.657,4267,0
2016-09-08,19.592,19.685,19.592,19.66,17597,0
2016-09-09,19.366,19.366,18.608,18.855,10792,0
2016-09-12,18.489,18.726,18.352,18.643,20084,0
2016-09-13,18.591,18.591,18.081,18.147,21744,0
2016-09-14,18.147,18.327,18.012,18.267,24056,0
2016-09-15,18.238,18.391,18.238,18.391,3778,0
2016-09-16,18.295,18.327,18.242,18.242,1327,0
2016-09-19,18.207,18.661,18.207,18.512,23920,0
2016-09-20,18.661,18.661,18.507,18.531,8938,0
2016-09-21,18.726,18.891,18.643,18.882,3655,0
2016-09-22,19.216,19.216,19.069,19.163,6593,0
2016-09-23,19.163,19.182,19.069,19.114,3601,0
2016-09-26,19.067,19.178,18.974,18.974,4551,0
2016-09-27,18.939,19.018,18.813,18.935,11173,0
2016-09-28,18.987,19.229,18.873,19.229,3450,0
2016-09-29,19.188,19.301,19.084,19.084,5359,0
2016-09-30,19.112,19.182,19.112,19.182,1058,0
2016-10-03,19.182,19.182,19.018,19.077,1961,0
2016-10-04,19.011,19.011,18.798,18.811,4322,0
2016-10-05,18.832,18.882,18.668,18.8,6412,0
2016-10-06,18.685,18.797,18.591,18.739,9357,0
2016-10-07,18.626,18.648,18.626,18.648,755,0
2016-10-10,18.789,18.892,18.789,18.813,2988,0
2016-10-11,18.859,18.859,18.539,18.574,37408,0
2016-10-12,18.572,18.694,18.572,18.694,3836,0
2016-10-13,18.547,18.547,18.204,18.479,6984,0
2016-10-14,18.593,18.593,18.469,18.469,4324,0
2016-10-17,18.435,18.486,18.331,18.417,9896,0
2016-10-18,18.736,18.736,18.521,18.617,8778,0
2016-10-19,18.695,18.893,18.686,18.893,6889,0
2016-10-20,18.818,18.824,18.736,18.815,6550,0
2016-10-21,18.745,18.867,18.745,18.833,1295,0
2016-10-24,18.996,18.998,18.859,18.921,7706,0
2016-10-25,19.1,19.1,18.921,18.941,556,0
2016-10-26,18.719,18.755,18.719,18.755,557,0
2016-10-27,18.599,18.677,18.539,18.547,2021,0
2016-10-28,18.468,18.574,18.39,18.48,22932,0
2016-10-31,18.331,18.417,18.331,18.348,2679,0
2016-11-01,18.253,18.27,17.905,17.974,15244,0
2016-11-02,17.905,17.966,17.717,17.759,21298,0
2016-11-03,17.75,17.75,17.57,17.583,7007,0
2016-11-04,17.57,17.667,17.57,17.666,9225,0
2016-11-07,17.83,17.915,17.83,17.915,1843,0
2016-11-08,17.96,18.036,17.96,17.985,2731,0
2016-11-09,17.792,18.082,17.697,18.055,4540,0
2016-11-10,17.812,18.092,17.812,17.838,5294,0
2016-11-11,17.861,17.861,17.697,17.697,611,0
2016-11-14,17.925,17.925,17.705,17.786,4194,0
2016-11-15,18.046,18.096,17.951,18.096,4585,0
2016-11-16,18.092,18.108,17.78,17.985,34849,0
2016-11-17,18.082,18.263,18.082,18.111,16253,0
2016-11-18,18.055,18.118,18.055,18.1,2025,0
2016-11-21,17.467,18.439,17.467,18.283,7174,0
2016-11-22,18.293,18.796,18.227,18.283,9400,0
2016-11-23,18.159,18.186,18.154,18.169,2361,0
2016-11-25,18.092,18.334,18.092,18.334,26257,0
2016-11-28,18.283,18.293,17.672,17.707,5531,0
2016-11-29,17.934,18.116,17.915,18.116,4361,0
2016-11-30,18.132,18.315,18.132,18.276,10184,0
2016-12-01,18.14,18.194,17.821,17.897,6548,0
2016-12-02,18.159,18.194,18.092,18.092,1039,0
2016-12-05,18.23,18.264,18.167,18.247,4970,0
2016-12-06,18.247,18.429,18.247,18.352,8035,0
2016-12-07,18.439,18.724,18.439,18.723,6776,0
2016-12-08,18.64,18.831,18.595,18.769,10877,0
2016-12-09,18.77,18.831,18.742,18.831,15021,0
2016-12-12,18.681,18.912,18.681,18.76,3958,0
2016-12-13,18.74,18.796,18.733,18.796,1475,0
2016-12-14,18.77,18.77,18.416,18.441,3431,0
2016-12-15,18.443,18.443,18.231,18.232,2687,0
2016-12-16,18.389,18.521,18.389,18.521,3261,0
2016-12-19,18.54,18.774,18.53,18.717,10858,0
2016-12-20,18.681,18.813,18.495,18.796,3836,0
2016-12-21,18.855,18.91,18.855,18.875,7778,0
2016-12-22,18.853,19.044,18.849,19.044,4346,0
2016-12-23,19.013,19.013,19.013,19.013,186,0
2016-12-27,19.043,19.126,19.043,19.082,2265,0
2016-12-28,19.124,19.125,18.98,18.984,4378,0
2016-12-29,19.025,19.148,19.025,19.09,3098,0
2016-12-30,19.166,19.176,19.126,19.126,1896,0
2017-01-03,19.244,19.369,19.244,19.322,9816,0
2017-01-04,19.193,19.774,19.193,19.774,7755,0
2017-01-05,19.863,19.863,19.714,19.863,2886,0
2017-01-06,19.733,19.934,19.733,19.9,4795,0
2017-01-09,20.031,20.031,19.695,19.714,8924,0
2017-01-10,19.82,19.82,19.587,19.608,19640,0
2017-01-11,19.704,19.837,19.613,19.837,3119,0
2017-01-12,19.98,19.98,19.758,19.863,1787,0
2017-01-13,19.861,19.892,19.711,19.863,6888,0
2017-01-17,19.693,20.038,19.693,19.917,4932,0
2017-01-18,19.8,19.936,19.514,19.828,24982,0
2017-01-19,19.99,19.99,19.451,19.568,10732,0
2017-01-20,19.666,19.701,19.541,19.701,10125,0
2017-01-23,19.873,19.873,19.697,19.819,3733,0
2017-01-24,19.99,20.116,19.828,20.07,13482,0
2017-01-25,20.259,20.295,19.972,20.241,49185,0
2017-01-26,20.394,20.394,20.139,20.265,7637,0
2017-01-27,20.177,20.177,20.055,20.084,2503,0
2017-01-30,20.089,20.089,19.809,19.846,8170,0
2017-01-31,20.017,20.019,19.74,19.892,11221,0
2017-02-01,20.037,20.167,19.947,20.07,10991,0
2017-02-02,20.096,20.135,20.017,20.135,23576,0
2017-02-03,20.385,20.511,20.314,20.442,25709,0
2017-02-06,20.423,20.566,20.423,20.566,18473,0
2017-02-07,20.584,20.584,20.349,20.474,45689,0
2017-02-08,20.292,20.412,20.156,20.409,14302,0
2017-02-09,20.525,20.598,20.419,20.446,79882,0
2017-02-10,20.616,20.616,20.39,20.574,7365,0
2017-02-13,20.706,20.77,20.598,20.726,12138,0
2017-02-14,20.672,20.844,20.554,20.844,23015,0
2017-02-15,20.886,20.886,20.337,20.808,45365,0
2017-02-16,20.972,20.972,20.682,20.753,34049,0
2017-02-17,20.697,20.779,19.796,20.726,26376,0
2017-02-21,20.636,21.014,20.636,20.995,49223,0
2017-02-22,20.876,20.995,20.814,20.886,21744,0
2017-02-23,20.943,21.009,20.814,21.009,15957,0
2017-02-24,20.905,20.942,20.819,20.91,13390,0
2017-02-27,20.987,21.005,20.978,21.005,1435,0
2017-02-28,20.969,20.969,20.949,20.949,1885,0
2017-03-01,21.014,21.087,20.793,20.924,23011,0
2017-03-02,20.876,20.951,20.868,20.886,6167,0
2017-03-03,20.845,20.933,20.77,20.924,17437,0
2017-03-06,20.774,21.163,20.572,20.77,11238,0
2017-03-07,21.195,21.599,20.653,20.678,10417,0
2017-03-08,20.492,20.626,20.209,20.209,17308,0
2017-03-09,20.22,20.22,19.755,19.937,36470,0
2017-03-10,19.443,20.165,18.987,20.055,78711,0
2017-03-13,20.729,20.729,20.055,20.093,6748,0
2017-03-14,20.12,20.12,19.827,19.91,6912,0
2017-03-15,20.111,20.411,20.111,20.411,15194,0
2017-03-16,20.612,20.612,20.394,20.42,105597,0
2017-03-17,20.495,20.578,20.475,20.538,31972,0
2017-03-20,20.548,20.558,20.435,20.529,12774,0
2017-03-21,20.521,21.16,20.093,20.22,105036,0
2017-03-22,20.22,20.229,20.055,20.192,12970,0
2017-03-23,20.093,20.495,20.093,20.403,7524,0
2017-03-24,20.457,20.529,20.439,20.47,4504,0
2017-03-27,20.323,20.439,20.303,20.365,36444,0
2017-03-28,20.41,20.64,20.41,20.572,103193,0
2017-03-29,20.687,20.822,20.586,20.822,34966,0
2017-03-30,20.904,20.914,20.724,20.842,36325,0
2017-03-31,20.861,21.014,20.852,20.995,32921,0
2017-04-03,20.995,21.249,20.814,20.941,67578,0
2017-04-04,21.296,21.489,20.894,21.05,15733,0
2017-04-05,21.207,21.224,20.894,20.904,64301,0
2017-04-06,20.995,21.537,20.995,21.169,114121,0
2017-04-07,21.213,21.301,21.105,21.15,35884,0
2017-04-10,21.368,21.368,21.163,21.197,22875,0
2017-04-11,21.182,21.228,21.043,21.195,72209,0
2017-04-12,21.192,21.228,21.061,21.136,11862,0
2017-04-13,21.182,21.214,20.996,21.033,15029,0
2017-04-17,21.005,21.147,20.996,21.138,9360,0
2017-04-18,21.153,21.219,21.089,21.21,10156,0
2017-04-19,21.275,21.283,21.089,21.089,21214,0
2017-04-20,21.05,21.236,21.05,21.136,6943,0
2017-04-21,21.283,21.283,21.124,21.182,24305,0
2017-04-24,21.225,21.321,21.204,21.27,9663,0
2017-04-25,21.321,21.47,21.312,21.468,21018,0
2017-04-26,21.553,21.553,21.388,21.515,14867,0
2017-04-27,21.459,21.478,21.338,21.431,17142,0
2017-04-28,21.431,21.431,21.321,21.341,4438,0
2017-05-01,21.368,21.599,21.321,21.562,25075,0
2017-05-02,21.553,21.553,21.236,21.321,32633,0
2017-05-03,21.236,21.236,20.95,20.95,21033,0
2017-05-04,20.867,21.038,20.338,20.493,38547,0
2017-05-05,20.311,20.764,20.311,20.746,26130,0
2017-05-08,20.931,21.076,20.691,20.764,22589,0
2017-05-09,20.941,20.941,20.431,20.581,26815,0
2017-05-10,20.854,20.854,20.631,20.806,11621,0
2017-05-11,20.824,20.824,20.561,20.646,17770,0
2017-05-12,20.582,20.628,20.553,20.597,17168,0
2017-05-15,20.768,20.864,20.74,20.824,20295,0
2017-05-16,20.834,20.854,20.758,20.813,7113,0
2017-05-17,20.814,20.814,20.581,20.591,17926,0
2017-05-18,20.573,20.582,20.338,20.566,13064,0
2017-05-19,20.73,20.824,20.721,20.75,10466,0
2017-05-22,20.936,21.011,20.834,20.972,92404,0
2017-05-23,20.974,21.364,20.92,21.076,13832,0
2017-05-24,21.273,21.273,21.079,21.095,7440,0
2017-05-25,21.039,21.244,21.021,21.021,58599,0
2017-05-26,21.066,21.066,20.844,20.955,107790,0
2017-05-30,20.908,20.974,20.681,20.735,17255,0
2017-05-31,20.721,20.721,20.4,20.628,37089,0
2017-06-01,20.543,21.021,20.543,20.914,17764,0
2017-06-02,20.974,21.031,20.927,20.936,6426,0
2017-06-05,21.021,21.021,20.73,20.854,14355,0
2017-06-06,20.796,20.918,20.721,20.834,17598,0
2017-06-07,20.834,20.955,20.656,20.686,8644,0
2017-06-08,20.868,20.868,20.547,20.671,12053,0
2017-06-09,20.557,20.764,20.557,20.764,12460,0
2017-06-12,21.001,21.001,20.812,20.892,4205,0
2017-06-13,20.746,20.906,20.746,20.842,7220,0
2017-06-14,21.001,21.001,20.717,20.76,14821,0
2017-06-15,20.861,20.861,20.54,20.633,22730,0
2017-06-16,20.501,20.739,20.501,20.739,6067,0
2017-06-19,20.906,20.916,20.633,20.821,29160,0
2017-06-20,20.793,20.793,20.274,20.34,18360,0
2017-06-21,20.651,20.651,20.193,20.254,8809,0
2017-06-22,20.309,20.442,20.309,20.414,6021,0
2017-06-23,20.567,20.717,20.547,20.697,23546,0
2017-06-26,20.764,20.935,20.764,20.935,6654,0
2017-06-27,20.876,21.066,20.707,20.707,69152,0
2017-06-28,20.793,20.925,20.707,20.907,7265,0
2017-06-29,20.944,21.207,20.604,20.736,8155,0
2017-06-30,20.834,20.851,20.686,20.851,39260,0
2017-07-03,20.944,21.03,20.861,21.001,13668,0
2017-07-05,21.048,21.048,20.764,20.906,17191,0
2017-07-06,20.896,20.896,20.577,20.616,21006,0
2017-07-07,20.803,20.803,20.52,20.633,6502,0
2017-07-10,20.774,20.774,20.51,20.604,11376,0
2017-07-11,20.528,20.671,20.508,20.671,6486,0
2017-07-12,21.073,21.073,20.814,20.879,5609,0
2017-07-13,20.88,20.88,20.785,20.795,6104,0
2017-07-14,20.88,21.073,20.88,21.063,17949,0
2017-07-17,21.121,21.218,21.119,21.16,28282,0
2017-07-18,21.121,21.141,20.978,21.141,5805,0
2017-07-19,20.988,21.227,20.988,21.217,8298,0
2017-07-20,21.246,21.246,21.169,21.169,9031,0
2017-07-21,21.179,21.179,21.073,21.083,3411,0
2017-07-24,21.266,21.266,20.997,21.083,6750,0
2017-07-25,21.16,21.189,21.083,21.116,9525,0
2017-07-26,21.313,21.313,21.196,21.256,6041,0
2017-07-27,21.293,21.293,21.176,21.203,13490,0
2017-07-28,21.218,21.218,21.131,21.141,3181,0
2017-07-31,21.169,21.24,21.074,21.24,12933,0
2017-08-01,21.342,21.342,21.266,21.323,7521,0
2017-08-02,21.362,21.422,21.289,21.293,16935,0
2017-08-03,21.266,21.362,21.121,21.227,10141,0
2017-08-04,21.206,21.218,21.073,21.083,10590,0
2017-08-07,21.256,21.256,20.942,21.029,20910,0
2017-08-08,20.978,20.978,20.661,20.661,5933,0
2017-08-09,20.574,20.803,20.574,20.753,10202,0
2017-08-10,20.922,20.922,20.419,20.448,21945,0
2017-08-11,20.325,20.34,20.196,20.226,20120,0
2017-08-14,20.206,20.593,20.13,20.462,23140,0
2017-08-15,20.186,20.322,20.186,20.318,12037,0
2017-08-16,20.443,20.443,20.256,20.256,2536,0
2017-08-17,20.255,20.372,20.061,20.11,7973,0
2017-08-18,20.36,20.36,19.82,19.964,14195,0
2017-08-21,19.926,19.964,19.838,19.889,4928,0
2017-08-22,19.984,20.116,19.984,20.096,3117,0
2017-08-23,20.012,20.221,19.955,20.143,6075,0
2017-08-24,20.226,20.292,20.196,20.196,15501,0
2017-08-25,20.332,20.332,20.226,20.303,1478,0
2017-08-28,20.148,20.206,20.148,20.181,1556,0
2017-08-29,20.158,20.203,20.11,20.203,7181,0
2017-08-30,20.119,20.226,20.081,20.168,5532,0
2017-08-31,20.081,20.524,20.081,20.418,6452,0
2017-09-01,20.477,20.593,20.474,20.593,3065,0
2017-09-05,20.516,20.708,20.409,20.438,12150,0
2017-09-06,20.603,20.603,20.53,20.543,1266,0
2017-09-07,20.458,20.533,20.448,20.467,7722,0
2017-09-08,20.444,20.444,20.435,20.435,1032,0
2017-09-11,20.487,20.661,20.487,20.564,6049,0
2017-09-12,20.926,20.926,20.583,20.583,5535,0
2017-09-13,20.623,20.651,20.603,20.651,5509,0
2017-09-14,20.613,20.682,20.584,20.652,3617,0
2017-09-15,20.496,20.642,20.496,20.603,6466,0
2017-09-18,20.534,20.672,20.534,20.583,7945,0
2017-09-19,20.809,20.809,20.633,20.661,5102,0
2017-09-20,20.709,20.752,20.574,20.661,3389,0
2017-09-21,20.701,20.701,20.466,20.506,4680,0
2017-09-22,20.633,20.633,20.512,20.567,5607,0
2017-09-25,20.633,20.838,20.633,20.828,5934,0
2017-09-26,20.71,20.804,20.71,20.779,4729,0
2017-09-27,20.706,20.72,20.534,20.7,9064,0
2017-09-28,20.73,20.73,20.554,20.583,7922,0
2017-09-29,20.779,20.868,20.75,20.789,6605,0
2017-10-02,21.17,21.268,20.769,20.876,8464,0
2017-10-03,20.994,20.994,20.921,20.965,6055,0
2017-10-04,20.72,20.872,20.554,20.858,108714,0
2017-10-05,20.759,21.004,20.759,21.004,28280,0
2017-10-06,21.004,21.004,20.682,20.838,13675,0
2017-10-09,20.838,21.004,20.75,20.872,19591,0
2017-10-10,20.779,20.926,20.779,20.838,8377,0
2017-10-11,20.828,20.985,20.828,20.96,12089,0
2017-10-12,20.915,21.273,20.885,20.931,35299,0
2017-10-13,21.243,21.243,20.786,20.821,39087,0
2017-10-16,20.826,20.875,20.743,20.743,5258,0
2017-10-17,20.776,20.776,20.687,20.707,6277,0
2017-10-18,20.795,20.795,20.541,20.567,13294,0
2017-10-19,20.687,20.687,20.556,20.597,7246,0
2017-10-20,20.547,20.667,20.547,20.607,8955,0
2017-10-23,20.587,20.587,20.269,20.398,19532,0
2017-10-24,20.33,20.428,20.169,20.274,15054,0
2017-10-25,20.269,20.269,19.692,19.901,37265,0
2017-10-26,19.911,19.911,19.692,19.742,9123,0
2017-10-27,19.672,20.029,19.672,19.942,10267,0
2017-10-30,19.891,20.308,19.891,19.98,6667,0
2017-10-31,20.04,20.04,19.871,19.962,5632,0
2017-11-01,20.05,20.05,19.98,19.99,2981,0
2017-11-02,19.921,19.99,19.642,19.821,22524,0
2017-11-03,19.642,19.891,19.642,19.805,8161,0
2017-11-06,19.811,19.879,19.723,19.876,16527,0
2017-11-07,19.987,20.05,19.901,19.951,11835,0
2017-11-08,20.06,20.06,19.995,20.05,1819,0
2017-11-09,19.92,20.02,19.8,19.8325,8530,0
2017-11-10,19.805,19.8799,19.791,19.866,2778,0
