Date,Open,High,Low,Close,Volume,OpenInt
2009-06-19,21.063,21.063,20.583,20.658,9700,0
2009-06-22,20.481,20.481,19.973,20.143,5231,0
2009-06-23,19.965,20.135,19.965,20.074,12437,0
2009-06-24,20.337,20.624,20.337,20.505,10524,0
2009-06-25,20.389,20.614,20.371,20.599,27091,0
2009-06-26,20.775,20.971,20.775,20.971,6934,0
2009-06-29,20.929,20.989,20.869,20.989,3575,0
2009-06-30,21.412,21.621,20.946,20.946,6463,0
2009-07-01,21.073,21.318,21.063,21.208,20104,0
2009-07-02,21.182,21.182,20.591,20.633,10646,0
2009-07-06,20.557,20.557,20.43,20.489,1760,0
2009-07-07,20.523,20.523,20.22,20.26,2335,0
2009-07-08,20.22,20.22,19.476,19.593,4965,0
2009-07-09,22.035,22.035,19.949,20.074,1489,0
2009-07-10,19.39,19.998,19.39,19.998,1775,0
2009-07-13,19.855,20.235,19.796,20.159,1905,0
2009-07-14,20.313,20.403,20.313,20.396,2611,0
2009-07-15,22.035,22.035,20.844,21.266,2854,0
2009-07-16,21.412,21.63,21.403,21.495,3165,0
2009-07-17,22.027,22.027,21.53,21.614,3689,0
2009-07-20,20.229,22.307,20.229,22.307,5956,0
2009-07-21,22.459,22.459,22.104,22.204,7107,0
2009-07-22,22.204,22.307,22.163,22.264,5816,0
2009-07-23,21.909,23.331,21.909,23.303,22367,0
2009-07-24,22.965,22.965,22.533,22.577,9717,0
2009-07-27,23.204,23.204,22.813,23.016,3635,0
2009-07-28,23.117,23.117,22.832,22.992,9642,0
2009-07-29,22.764,22.764,22.476,22.476,1014,0
2009-07-30,22.694,22.924,22.533,22.635,12537,0
2009-07-31,23.287,23.287,22.832,22.832,8161,0
2009-08-03,23.954,24.225,23.423,24.151,49729,0
2009-08-04,25.738,25.738,24.005,24.013,8662,0
2009-08-05,24.258,24.258,23.819,24.022,5922,0
2009-08-06,25.679,25.679,23.836,24.039,6931,0
2009-08-07,25.266,25.266,23.634,23.802,5822,0
2009-08-10,24.074,24.074,23.592,23.592,7888,0
2009-08-11,23.625,23.625,23.322,23.498,3167,0
2009-08-12,22.756,23.556,22.756,23.473,9736,0
2009-08-13,23.897,23.897,23.142,23.339,33198,0
2009-08-14,23.322,23.322,23.1,23.142,8534,0
2009-08-17,22.746,22.746,22.104,22.255,6430,0
2009-08-18,24.376,24.376,22.374,22.484,8247,0
2009-08-19,21.486,22.569,21.486,22.316,11678,0
2009-08-20,22.712,22.764,22.712,22.764,1518,0
2009-08-21,23.322,23.322,22.822,23.226,7283,0
2009-08-24,23.786,23.786,23.262,23.339,19806,0
2009-08-25,24.317,24.317,23.06,23.135,9634,0
2009-08-26,23.135,23.186,22.832,22.84,10042,0
2009-08-27,22.593,22.822,22.501,22.756,1190,0
2009-08-28,23.075,23.075,22.56,22.56,2998,0
2009-08-31,22.324,22.324,22.07,22.07,3550,0
2009-09-01,22.374,22.4,21.698,21.909,8008,0
2009-09-02,21.84,21.901,21.791,21.791,2179,0
2009-09-03,22.602,22.602,22.155,22.34,10599,0
2009-09-04,22.518,22.832,22.484,22.832,2815,0
2009-09-08,23.244,23.331,23.06,23.135,2556,0
2009-09-09,23.262,23.354,23.06,23.218,15595,0
2009-09-10,23.331,23.498,23.218,23.498,10336,0
2009-09-11,23.65,23.65,23.556,23.566,2265,0
2009-09-14,28.333,28.333,23.362,23.447,20450,0
2009-09-15,24.309,24.309,23.186,23.423,24429,0
2009-09-16,23.556,23.862,23.556,23.634,20792,0
2009-09-17,23.937,24.081,23.76,23.827,5935,0
2009-09-18,24.055,24.055,23.71,23.912,33054,0
2009-09-21,23.659,23.701,23.506,23.701,12298,0
2009-09-22,24.081,24.081,23.659,23.659,7170,0
2009-09-23,23.897,23.997,23.777,23.989,10446,0
2009-09-24,23.718,23.718,23.117,23.339,5510,0
2009-09-25,23.395,23.523,23.339,23.362,9200,0
2009-09-28,23.362,23.625,23.346,23.549,10090,0
2009-09-29,23.625,23.777,23.379,23.634,125564,0
2009-09-30,24.022,24.284,23.218,23.625,89381,0
2009-10-01,23.777,23.777,23,23.117,82471,0
2009-10-02,22.577,23.226,22.324,23.135,77862,0
2009-10-05,23.379,23.523,23.178,23.523,14029,0
2009-10-06,23.735,23.879,23.625,23.625,11477,0
2009-10-07,23.701,23.735,23.608,23.726,12444,0
2009-10-08,23.912,23.937,23.666,23.897,70237,0
2009-10-09,23.937,23.997,23.887,23.962,9843,0
2009-10-12,24.005,24.216,23.937,24.099,20644,0
2009-10-13,24.234,24.234,23.887,24.166,19847,0
2009-10-14,24.437,24.892,24.411,24.892,31063,0
2009-10-15,24.808,24.883,24.529,24.801,19999,0
2009-10-16,24.537,24.697,24.437,24.621,14525,0
2009-10-19,24.901,24.969,24.731,24.961,9375,0
2009-10-20,24.945,24.945,24.597,24.597,12115,0
2009-10-21,24.852,25.122,24.808,24.901,16794,0
2009-10-22,24.952,24.986,24.674,24.952,19287,0
2009-10-23,25.314,25.314,24.775,24.801,24293,0
2009-10-26,25.088,25.114,24.47,24.581,14937,0
2009-10-27,24.64,24.64,24.234,24.234,12325,0
2009-10-28,23.989,24.013,23.312,23.354,19136,0
2009-10-29,23.744,24.114,23.592,24.065,20597,0
2009-10-30,24.166,24.166,23.17,23.253,32872,0
2009-11-02,23.354,23.769,23.303,23.514,10821,0
2009-11-03,23.371,23.625,23.294,23.6,7269,0
2009-11-04,23.862,24.284,23.845,23.962,40291,0
2009-11-05,24.005,24.461,24.005,24.461,10999,0
2009-11-06,24.326,24.395,24.151,24.353,5231,0
2009-11-09,25.062,25.332,25.003,25.314,13965,0
2009-11-10,25.367,25.367,24.994,25.145,23875,0
2009-11-11,25.535,25.535,25.088,25.13,169305,0
2009-11-12,25.145,25.215,24.452,24.452,19792,0
2009-11-13,24.791,25.114,24.555,25.02,129008,0
2009-11-16,25.4,25.483,25.283,25.283,9551,0
2009-11-17,25.314,25.35,25.035,25.35,45273,0
2009-11-18,25.275,25.275,25.027,25.206,30024,0
2009-11-19,25.02,25.02,24.478,24.692,41982,0
2009-11-20,24.444,24.621,24.444,24.597,19786,0
2009-11-23,25.088,25.088,24.825,24.861,8156,0
2009-11-24,24.791,24.791,24.437,24.665,21460,0
2009-11-25,24.775,25.053,24.749,25.027,27001,0
2009-11-27,24.36,24.487,23.862,24.376,8831,0
2009-11-30,24.674,24.674,24.42,24.521,128572,0
2009-12-01,24.834,25.114,24.834,25.114,10660,0
2009-12-02,25.275,25.375,25.114,25.375,5488,0
2009-12-03,25.696,25.696,25.4,25.483,30357,0
2009-12-04,25.898,25.898,25.239,25.434,21452,0
2009-12-07,25.45,25.511,25.306,25.476,8895,0
2009-12-08,25.105,25.114,24.706,24.706,9297,0
2009-12-09,24.801,24.919,24.801,24.919,6559,0
2009-12-10,25.02,25.044,24.936,25.027,6371,0
2009-12-11,25.164,25.206,25.027,25.154,5871,0
2009-12-14,25.992,25.992,25.145,25.275,21636,0
2009-12-15,25.137,25.18,25.027,25.071,35681,0
2009-12-16,25.291,25.291,24.825,24.825,84372,0
2009-12-17,24.588,24.588,24.234,24.234,9727,0
2009-12-18,24.461,24.461,24.252,24.258,5397,0
2009-12-21,24.529,24.529,24.353,24.411,5496,0
2009-12-22,24.42,24.514,24.344,24.429,10766,0
2009-12-23,24.758,24.758,24.478,24.648,5407,0
2009-12-24,24.901,24.994,24.817,24.994,3845,0
2009-12-28,25.332,25.332,25.044,25.13,8394,0
2009-12-29,25.078,25.088,24.936,24.936,11139,0
2009-12-30,25.096,25.096,24.936,25.053,35149,0
2009-12-31,25.314,25.314,24.977,25.096,14685,0
2010-01-04,25.409,25.772,25.266,25.772,24085,0
2010-01-05,25.89,26.288,25.89,26.162,25951,0
2010-01-06,26.405,26.474,26.271,26.44,37473,0
2010-01-07,27.505,27.505,26.118,26.253,46420,0
2010-01-08,26.557,26.557,26.288,26.465,15145,0
2010-01-11,26.98,27.015,26.846,26.854,14358,0
2010-01-12,27.209,27.209,26.626,26.718,61293,0
2010-01-13,26.787,26.787,26.465,26.643,66962,0
2010-01-14,26.863,26.863,26.677,26.811,11524,0
2010-01-15,26.658,26.658,26.388,26.507,38087,0
2010-01-19,26.872,27.166,26.718,27.157,43496,0
2010-01-20,26.794,26.794,26.516,26.701,19734,0
2010-01-21,26.566,26.566,25.866,25.958,29262,0
2010-01-22,25.924,25.924,25.586,25.586,9292,0
2010-01-25,26.126,26.126,25.645,25.763,10463,0
2010-01-26,25.552,25.552,25.172,25.275,15596,0
2010-01-27,25.275,25.306,24.994,25.275,8143,0
2010-01-28,25.275,25.306,24.874,25.122,14744,0
2010-01-29,25.145,25.206,24.766,24.766,7183,0
2010-02-01,24.861,25.409,24.861,25.409,17643,0
2010-02-02,25.291,25.602,25.283,25.594,11362,0
2010-02-03,25.578,25.731,25.476,25.544,13609,0
2010-02-04,25.215,25.215,24.326,24.403,30393,0
2010-02-05,24.191,24.191,20.734,24.099,242317,0
2010-02-08,24.267,24.267,23.879,23.912,17826,0
2010-02-09,24.386,24.825,24.36,24.665,30545,0
2010-02-10,24.674,24.936,24.597,24.892,4646,0
2010-02-11,24.936,25.188,24.715,25.154,9506,0
2010-02-12,24.986,24.986,24.621,24.817,13584,0
2010-02-16,25.027,25.298,25.027,25.275,3235,0
2010-02-17,25.628,25.628,25.375,25.458,5712,0
2010-02-18,25.35,25.493,25.257,25.417,7557,0
2010-02-19,25.154,25.341,25.078,25.239,14593,0
2010-02-22,25.231,25.231,25.078,25.145,7991,0
2010-02-23,24.969,25.206,24.766,24.892,16389,0
2010-02-24,24.874,25.096,24.874,24.936,23290,0
2010-02-25,24.657,25.044,24.521,25.044,20379,0
2010-02-26,24.961,25.188,24.919,25.188,10676,0
2010-03-01,25.248,25.552,25.248,25.552,6027,0
2010-03-02,25.704,25.942,25.704,25.815,6467,0
2010-03-03,25.874,26.101,25.815,25.89,19956,0
2010-03-04,25.924,25.924,25.672,25.782,55720,0
2010-03-05,26.017,26.288,26.008,26.253,10352,0
2010-03-08,26.465,26.491,26.314,26.474,9079,0
2010-03-09,26.38,26.753,26.288,26.602,11123,0
2010-03-10,26.745,26.888,26.643,26.745,8905,0
2010-03-11,26.701,26.701,26.491,26.617,10135,0
2010-03-12,26.913,26.913,26.507,26.602,15535,0
2010-03-15,26.533,26.533,26.229,26.405,12645,0
2010-03-16,26.33,26.547,26.33,26.482,10440,0
2010-03-17,26.794,26.963,26.694,26.913,25341,0
2010-03-18,26.802,26.802,26.542,26.542,13049,0
2010-03-19,26.778,26.778,26.17,26.17,7199,0
2010-03-22,26.153,26.279,25.974,26.279,15955,0
2010-03-23,26.253,26.405,26.17,26.405,6703,0
2010-03-24,26.118,26.153,26.008,26.05,5026,0
2010-03-25,26.346,26.346,26.077,26.077,23459,0
2010-03-26,26.118,26.238,26.027,26.101,8613,0
2010-03-29,26.295,26.525,26.295,26.516,5754,0
2010-03-30,26.686,26.686,26.448,26.557,60233,0
2010-03-31,26.448,26.448,26.253,26.253,7608,0
2010-04-01,26.525,26.701,26.525,26.602,9308,0
2010-04-05,26.913,26.913,26.718,26.718,5272,0
2010-04-06,27.124,27.124,26.71,26.872,55296,0
2010-04-07,26.905,26.905,26.593,26.686,19546,0
2010-04-08,26.617,26.736,26.423,26.71,15586,0
2010-04-09,26.77,26.77,26.65,26.727,88699,0
2010-04-12,26.778,26.778,26.575,26.626,31100,0
2010-04-13,26.811,26.811,26.498,26.602,76431,0
2010-04-14,26.98,26.98,26.778,26.947,13638,0
2010-04-15,26.872,26.913,26.753,26.863,21819,0
2010-04-16,26.863,26.863,26.288,26.38,22599,0
2010-04-19,26.271,26.314,25.95,26.153,29038,0
2010-04-20,26.38,26.388,26.279,26.346,33047,0
2010-04-21,26.414,26.433,26.144,26.295,22339,0
2010-04-22,26.33,26.525,26.041,26.525,9953,0
2010-04-23,26.557,26.727,26.491,26.727,16474,0
2010-04-26,26.913,26.913,26.787,26.787,16849,0
2010-04-27,26.533,26.533,25.782,25.847,20070,0
2010-04-28,25.958,26.17,25.782,26.135,25991,0
2010-04-29,26.288,26.491,26.229,26.482,13506,0
2010-04-30,26.575,26.575,26.101,26.11,21229,0
2010-05-03,26.279,26.346,26.058,26.338,19494,0
2010-05-04,25.782,25.782,25.13,25.18,64084,0
2010-05-05,24.74,24.936,24.546,24.723,27620,0
2010-05-06,24.444,24.444,22.832,23.6,41894,0
2010-05-07,23.6,23.87,22.956,23.491,28779,0
2010-05-10,25.594,25.679,24.275,25.172,51177,0
2010-05-11,24.986,25.367,24.977,25.088,24224,0
2010-05-12,25.341,25.45,25.257,25.434,29819,0
2010-05-13,25.145,25.391,24.621,25.154,22227,0
2010-05-14,24.692,25.145,24.461,24.731,9761,0
2010-05-17,24.657,24.657,24.031,24.597,13485,0
2010-05-18,24.808,24.808,24.191,24.275,24004,0
2010-05-19,24.031,24.099,23.541,24.055,26758,0
2010-05-20,23.016,23.204,22.424,22.932,123539,0
2010-05-21,22.441,23.506,22.441,23.506,34673,0
2010-05-24,23.388,23.608,23.346,23.346,10301,0
2010-05-25,22.441,22.917,22.196,22.89,29724,0
2010-05-26,23.066,23.506,22.917,23.025,7277,0
2010-05-27,23.981,24.234,23.659,24.234,14495,0
2010-05-28,24.065,24.123,23.836,23.845,7188,0
2010-06-01,23.592,23.921,23.514,23.566,7712,0
2010-06-02,23.65,23.989,23.592,23.989,13985,0
2010-06-03,23.845,23.93,23.836,23.93,2115,0
2010-06-04,23.506,23.659,23.236,23.236,19616,0
2010-06-07,23.414,23.431,23.025,23.042,9994,0
2010-06-08,23.287,23.423,23.117,23.423,8093,0
2010-06-09,23.666,23.819,23.447,23.447,19910,0
2010-06-10,23.802,24.243,23.802,24.243,22091,0
2010-06-11,23.93,24.369,23.93,24.36,13640,0
2010-06-14,24.514,24.683,24.353,24.353,13168,0
2010-06-15,24.487,24.969,24.487,24.969,8203,0
2010-06-16,24.901,24.901,24.674,24.852,6669,0
2010-06-17,24.866,24.866,24.648,24.697,6923,0
2010-06-18,24.861,24.945,24.861,24.866,5154,0
2010-06-21,25.062,25.062,24.514,24.555,25521,0
2010-06-22,24.621,24.706,24.353,24.353,5634,0
2010-06-23,24.353,24.555,24.309,24.496,10316,0
2010-06-24,24.496,24.64,24.114,24.403,32015,0
2010-06-25,24.403,24.529,24.207,24.514,18916,0
2010-06-28,24.731,24.731,24.555,24.64,2674,0
2010-06-29,24.142,24.142,23.465,23.726,15035,0
2010-06-30,23.935,24.246,23.736,23.736,34686,0
2010-07-01,23.887,24.005,23.405,23.989,99362,0
2010-07-02,23.962,24.055,23.853,23.989,5399,0
2010-07-06,24.344,24.555,24.09,24.151,11530,0
2010-07-07,24.301,24.588,24.207,24.588,66210,0
2010-07-08,24.74,24.74,24.395,24.665,58710,0
2010-07-09,24.674,24.977,24.674,24.977,5751,0
2010-07-12,24.834,24.901,24.597,24.674,4600,0
2010-07-13,25.012,25.012,24.791,24.874,11580,0
2010-07-14,24.749,24.782,24.648,24.731,15215,0
2010-07-15,24.665,24.919,24.496,24.766,12003,0
2010-07-16,24.521,24.521,24.225,24.267,78896,0
2010-07-19,24.514,24.555,24.309,24.555,6489,0
2010-07-20,24.344,24.817,24.344,24.817,11557,0
2010-07-21,24.874,24.977,24.631,24.64,6819,0
2010-07-22,25.02,25.4,25.02,25.197,8802,0
2010-07-23,25.257,25.502,25.164,25.502,18713,0
2010-07-26,25.544,25.578,25.306,25.552,30823,0
2010-07-27,25.754,25.754,25.434,25.552,9224,0
2010-07-28,25.409,25.493,25.323,25.323,9791,0
2010-07-29,25.696,25.696,25.298,25.493,30404,0
2010-07-30,25.586,25.824,25.502,25.815,22799,0
2010-08-02,26.288,26.304,26.058,26.304,14551,0
2010-08-03,26.17,26.17,25.942,26.05,21286,0
2010-08-04,26.086,26.126,25.992,26.126,5349,0
2010-08-05,26.001,26.017,25.95,25.95,2287,0
2010-08-06,25.722,26.093,25.722,26.093,8391,0
2010-08-09,25.984,26.153,25.984,26.101,6639,0
2010-08-10,25.738,25.942,25.679,25.857,18202,0
2010-08-11,25.391,25.391,24.936,24.936,22115,0
2010-08-12,24.723,24.986,24.64,24.969,13235,0
2010-08-13,24.969,25.114,24.969,25.062,6575,0
2010-08-16,25.248,25.409,25.248,25.409,38630,0
2010-08-17,25.502,25.654,25.476,25.552,6522,0
2010-08-18,25.511,25.731,25.483,25.679,10006,0
2010-08-19,25.552,25.552,25.332,25.458,7090,0
2010-08-20,25.341,25.458,25.257,25.458,7996,0
2010-08-23,25.358,25.654,25.215,25.215,4085,0
2010-08-24,25.003,25.145,25.003,25.114,6889,0
2010-08-25,24.945,25.172,24.801,25.164,87424,0
2010-08-26,25.275,25.275,24.936,24.986,8902,0
2010-08-27,25.306,25.544,25.306,25.544,67073,0
2010-08-30,25.391,25.391,25.088,25.088,6823,0
2010-08-31,25.145,25.291,25.114,25.248,5228,0
2010-09-01,25.367,25.806,25.367,25.713,8129,0
2010-09-02,25.782,25.782,25.679,25.763,12943,0
2010-09-03,26.144,26.144,25.839,25.866,8705,0
2010-09-07,25.815,25.815,25.586,25.628,67284,0
2010-09-08,25.797,25.797,25.663,25.704,72318,0
2010-09-09,25.942,25.942,25.806,25.89,10067,0
2010-09-10,25.831,26.162,25.831,26.118,12931,0
2010-09-13,26.593,26.593,26.38,26.542,20016,0
2010-09-14,26.602,26.762,26.533,26.686,28314,0
2010-09-15,26.346,26.694,26.346,26.694,19923,0
2010-09-16,26.718,26.77,26.677,26.77,10522,0
2010-09-17,26.938,26.938,26.667,26.794,15280,0
2010-09-20,26.938,26.938,26.802,26.929,50506,0
2010-09-21,27.015,27.024,26.762,26.947,22571,0
2010-09-22,27.015,27.081,26.922,27.033,10510,0
2010-09-23,26.938,26.972,26.71,26.745,25399,0
2010-09-24,27.056,27.124,27.024,27.116,9314,0
2010-09-27,27.064,27.072,26.913,26.988,22334,0
2010-09-28,26.88,27.072,26.836,27.072,12378,0
2010-09-29,27.099,27.176,26.98,27.064,19697,0
2010-09-30,27.368,27.368,27.064,27.276,26114,0
2010-10-01,27.563,27.639,27.411,27.589,21974,0
2010-10-04,27.911,27.911,27.563,27.716,93410,0
2010-10-05,28.063,28.315,27.926,28.266,29557,0
2010-10-06,28.35,28.35,28.097,28.114,75368,0
2010-10-07,28.299,28.299,27.793,27.886,25857,0
2010-10-08,27.986,28.097,27.733,28.019,13924,0
2010-10-11,28.188,28.198,28.114,28.138,79710,0
2010-10-12,28.046,28.198,27.793,28.146,52949,0
2010-10-13,28.359,28.51,28.359,28.468,25903,0
2010-10-14,28.434,28.443,28.156,28.29,38579,0
2010-10-15,28.621,28.621,28.215,28.375,46140,0
2010-10-18,28.257,28.299,28.207,28.282,41118,0
2010-10-19,27.969,27.969,27.607,27.691,44948,0
2010-10-20,27.826,27.962,27.664,27.962,19603,0
2010-10-21,28.122,28.122,27.589,27.816,25770,0
2010-10-22,27.995,27.995,27.673,27.699,13505,0
2010-10-25,27.742,28.013,27.708,27.911,41011,0
2010-10-26,27.886,27.926,27.699,27.893,33380,0
2010-10-27,27.607,27.682,27.446,27.639,87268,0
2010-10-28,27.708,27.843,27.708,27.809,17159,0
2010-10-29,28.041,28.041,27.835,27.928,28778,0
2010-11-01,28.307,28.333,28.028,28.122,24283,0
2010-11-02,28.468,28.468,28.274,28.443,12174,0
2010-11-03,28.969,28.969,28.57,28.882,54030,0
2010-11-04,29.447,29.534,29.365,29.534,27584,0
2010-11-05,29.498,29.498,29.204,29.382,38489,0
2010-11-08,29.525,29.525,29.245,29.433,48132,0
2010-11-09,29.659,29.659,28.999,29.111,42422,0
2010-11-10,29.365,29.39,28.969,29.305,60579,0
2010-11-11,29.204,29.204,28.882,28.916,33959,0
2010-11-12,28.755,28.755,28.315,28.443,54755,0
2010-11-15,28.502,28.672,28.24,28.299,29264,0
2010-11-16,28.122,28.181,27.572,27.682,41965,0
2010-11-17,27.716,27.851,27.716,27.793,45022,0
2010-11-18,28.215,28.342,28.165,28.266,23798,0
2010-11-19,28.071,28.359,27.986,28.307,35935,0
2010-11-22,28.266,28.333,27.893,28.181,91965,0
2010-11-23,27.766,27.766,27.318,27.496,19677,0
2010-11-24,27.868,27.995,27.843,27.877,15020,0
2010-11-26,27.835,27.835,27.505,27.505,4263,0
2010-11-29,27.598,27.835,27.479,27.835,23488,0
2010-11-30,27.224,27.826,27.224,27.615,25634,0
2010-12-01,27.977,28.29,27.969,28.198,44559,0
2010-12-02,28.35,28.545,28.299,28.545,88009,0
2010-12-03,28.451,28.698,28.443,28.689,22801,0
2010-12-06,28.706,28.706,28.459,28.577,106023,0
2010-12-07,28.907,28.907,28.485,28.494,41601,0
2010-12-08,28.563,28.563,28.232,28.35,26395,0
2010-12-09,28.502,28.502,28.088,28.165,20023,0
2010-12-10,28.088,28.266,28.088,28.24,36836,0
2010-12-13,28.52,28.621,28.451,28.563,81788,0
2010-12-14,28.545,28.604,28.434,28.502,60581,0
2010-12-15,28.172,28.359,28.028,28.079,89119,0
2010-12-16,28.156,28.24,28.063,28.232,128751,0
2010-12-17,28.114,28.249,28.071,28.249,20958,0
2010-12-20,28.249,28.257,27.995,28.071,22485,0
2010-12-21,28.51,28.51,28.367,28.476,63118,0
2010-12-22,28.51,28.537,28.333,28.537,29357,0
2010-12-23,29.129,29.129,28.315,28.409,35222,0
2010-12-27,28.57,28.57,28.307,28.425,78983,0
2010-12-28,28.375,28.375,28.223,28.24,11484,0
2010-12-29,28.498,28.67,28.489,28.618,61063,0
2010-12-30,28.842,28.91,28.736,28.825,105365,0
2010-12-31,28.912,29.096,28.912,29.007,20404,0
2011-01-03,29.222,29.456,29.222,29.399,42792,0
2011-01-04,29.592,29.846,29.322,29.534,66201,0
2011-01-05,29.447,29.669,29.424,29.608,33598,0
2011-01-06,29.677,29.677,29.213,29.314,36209,0
2011-01-07,29.356,29.39,28.95,29.23,32646,0
2011-01-10,28.789,29.068,28.781,28.933,63735,0
2011-01-11,29.264,29.264,28.999,29.204,16612,0
2011-01-12,29.685,29.685,29.508,29.636,12174,0
2011-01-13,29.559,29.568,29.433,29.508,15194,0
2011-01-14,29.456,29.585,29.447,29.55,17898,0
2011-01-18,29.559,29.72,29.534,29.592,31916,0
2011-01-19,29.778,29.914,29.508,29.599,24682,0
2011-01-20,29.424,29.424,29.043,29.23,20281,0
2011-01-21,29.329,29.347,29.017,29.017,27676,0
2011-01-24,28.755,28.992,28.755,28.985,30027,0
2011-01-25,28.746,28.865,28.637,28.832,47489,0
2011-01-26,28.916,29.12,28.916,29.094,41965,0
2011-01-27,29.305,29.347,29.213,29.222,13856,0
2011-01-28,29.068,29.068,28.367,28.468,27503,0
2011-01-31,28.372,28.66,28.372,28.65,29165,0
2011-02-01,28.663,28.992,28.663,28.959,29785,0
2011-02-02,29.008,29.052,28.874,28.933,26994,0
2011-02-03,28.999,28.999,28.689,28.857,20873,0
2011-02-04,28.933,28.933,28.545,28.722,17089,0
2011-02-07,28.443,28.537,28.146,28.434,35937,0
2011-02-08,28.079,28.443,28.079,28.443,22383,0
2011-02-09,27.886,28.105,27.809,27.918,38427,0
2011-02-10,27.556,27.816,27.472,27.733,26870,0
2011-02-11,27.724,27.954,27.529,27.868,30536,0
2011-02-14,27.986,28.114,27.926,28.046,19492,0
2011-02-15,27.801,28.063,27.801,28.013,12010,0
2011-02-16,28.299,28.434,28.282,28.393,15440,0
2011-02-18,28.604,28.722,28.554,28.672,21937,0
2011-02-22,28.055,28.138,27.751,27.835,28759,0
2011-02-23,28.088,28.088,27.766,27.935,60552,0
2011-02-24,27.758,27.962,27.742,27.918,18979,0
2011-02-25,28.019,28.172,28.019,28.165,7471,0
2011-02-28,28.143,28.36,28.102,28.281,24954,0
2011-03-01,28.594,28.594,28.122,28.138,22803,0
2011-03-02,28.324,28.425,28.257,28.359,11586,0
2011-03-03,28.554,28.959,28.554,28.89,14072,0
2011-03-04,29.008,29.026,28.832,28.999,12544,0
2011-03-07,29.152,29.152,28.737,28.85,13569,0
2011-03-08,29.026,29.245,28.933,29.129,4232,0
2011-03-09,29.152,29.23,29.084,29.094,14458,0
2011-03-10,28.755,28.933,28.706,28.755,25399,0
2011-03-11,28.52,28.999,28.52,28.999,14005,0
2011-03-14,28.755,29.008,28.722,28.985,5434,0
2011-03-15,27.944,28.604,27.944,28.537,108880,0
2011-03-16,28.418,28.468,27.766,27.944,68704,0
2011-03-17,28.316,28.316,27.972,28.067,14454,0
2011-03-18,28.425,28.537,28.266,28.342,28766,0
2011-03-21,28.832,29.061,28.798,28.969,28026,0
2011-03-22,28.999,29.12,28.999,29.077,71471,0
2011-03-23,29.129,29.365,29.103,29.264,17493,0
2011-03-24,29.414,29.534,29.322,29.534,22890,0
2011-03-25,29.585,29.744,29.44,29.585,4706,0
2011-03-28,29.644,29.644,29.424,29.49,38207,0
2011-03-29,29.44,29.828,29.44,29.796,19767,0
2011-03-30,30.091,30.251,30.057,30.227,28320,0
2011-03-31,30.316,30.525,30.316,30.413,21312,0
2011-04-01,30.751,30.904,30.378,30.861,27568,0
2011-04-04,31.079,31.232,30.961,31.114,23736,0
2011-04-05,31.056,31.249,30.996,31.173,22368,0
2011-04-06,31.291,31.35,31.121,31.121,11416,0
2011-04-07,31.114,31.181,30.961,31.065,63045,0
2011-04-08,31.35,31.35,31.047,31.198,22361,0
2011-04-11,31.079,31.079,30.471,30.471,11945,0
2011-04-12,30.547,30.607,30.235,30.429,21649,0
2011-04-13,30.717,30.777,30.405,30.598,25254,0
2011-04-14,30.648,30.878,30.37,30.878,34267,0
2011-04-15,30.851,31.087,30.809,30.887,94543,0
2011-04-18,30.616,30.616,30.295,30.564,13358,0
2011-04-19,30.607,30.735,30.53,30.673,15144,0
2011-04-20,31.166,31.224,30.987,31.105,10044,0
2011-04-21,31.419,31.495,31.375,31.435,13806,0
2011-04-25,31.385,31.605,31.224,31.368,16139,0
2011-04-26,31.444,31.477,31.291,31.401,25282,0
2011-04-27,31.477,31.477,30.961,31.283,76753,0
2011-04-28,31.13,31.166,30.936,31.166,18047,0
2011-04-29,31.145,31.206,31.032,31.178,22865,0
2011-05-02,31.283,31.536,31.065,31.071,22526,0
2011-05-03,30.896,30.945,30.625,30.767,18896,0
2011-05-04,30.7,30.7,30.336,30.336,20958,0
2011-05-05,29.999,30.456,29.973,30.176,27182,0
2011-05-06,30.666,30.851,30.498,30.547,14308,0
2011-05-09,30.438,30.835,30.438,30.826,7709,0
2011-05-10,30.851,31.065,30.817,31.065,23086,0
2011-05-11,31.047,31.047,30.413,30.556,15084,0
2011-05-12,30.625,30.7,30.227,30.682,22156,0
2011-05-13,30.725,30.725,30.066,30.259,32270,0
2011-05-16,30.32,30.498,30.227,30.277,8812,0
2011-05-17,30.362,30.429,30.134,30.413,10160,0
2011-05-18,30.329,30.817,30.329,30.709,13548,0
2011-05-19,30.826,30.826,30.625,30.751,15849,0
2011-05-20,30.625,30.625,30.362,30.522,32177,0
2011-05-23,30.049,30.049,29.828,30.007,13732,0
2011-05-24,30.116,30.142,29.981,30.084,16957,0
2011-05-25,29.99,30.125,29.905,30.049,25995,0
2011-05-26,30.167,30.32,30.125,30.32,17716,0
2011-05-27,30.426,30.528,30.314,30.409,32527,0
2011-05-31,30.701,30.848,30.528,30.77,28039,0
2011-06-01,30.691,30.691,30.235,30.235,20032,0
2011-06-02,30.329,30.539,30.277,30.539,10335,0
2011-06-03,30.185,30.625,30.185,30.522,9932,0
2011-06-06,30.556,30.556,30.075,30.185,9731,0
2011-06-07,30.261,30.4,30.261,30.28,9972,0
2011-06-08,30.252,30.261,29.996,30.022,9058,0
2011-06-09,29.969,29.987,29.874,29.892,8361,0
2011-06-10,29.643,29.652,29.34,29.41,23363,0
2011-06-13,29.49,29.636,29.365,29.498,21522,0
2011-06-14,29.643,29.78,29.643,29.668,47817,0
2011-06-15,29.385,29.443,29.013,29.144,32942,0
2011-06-16,29.031,29.031,28.705,28.885,19496,0
2011-06-17,29.167,29.177,29.003,29.159,12194,0
2011-06-20,29.118,29.159,28.997,29.144,13396,0
2011-06-21,29.418,29.635,29.316,29.607,13097,0
2011-06-22,29.522,29.625,29.393,29.393,7457,0
2011-06-23,29.013,29.316,28.954,29.316,7806,0
2011-06-24,29.34,29.428,29.246,29.264,12377,0
2011-06-27,29.297,29.504,29.297,29.496,4981,0
2011-06-28,29.566,29.771,29.403,29.771,8673,0
2011-06-29,29.738,30.004,29.711,29.979,15988,0
2011-06-30,30.134,30.221,30.124,30.221,18252,0
2011-07-01,30.373,30.511,30.194,30.511,13568,0
2011-07-05,30.607,30.607,30.331,30.391,15798,0
2011-07-06,30.323,30.323,29.96,30.16,12983,0
2011-07-07,30.555,30.555,30.305,30.314,8970,0
2011-07-08,29.979,30.037,29.831,29.909,66247,0
2011-07-11,29.677,29.677,29.29,29.29,10695,0
2011-07-12,29.136,29.316,29.127,29.159,57052,0
2011-07-13,29.246,29.711,29.246,29.504,6699,0
2011-07-14,29.566,29.566,29.23,29.23,10202,0
2011-07-15,29.323,29.41,29.323,29.41,12045,0
2011-07-18,29.127,29.127,28.936,28.954,4105,0
2011-07-19,29.083,29.255,29.049,29.186,13932,0
2011-07-20,29.167,29.306,29.057,29.057,83156,0
2011-07-21,29.264,29.418,29.237,29.403,6677,0
2011-07-22,29.48,29.48,29.246,29.332,14165,0
2011-07-25,29.177,29.48,29.167,29.281,36607,0
2011-07-26,29.452,29.496,29.264,29.489,19933,0
2011-07-27,29.359,29.359,28.851,28.892,13003,0
2011-07-28,28.919,29.151,28.91,29.022,14487,0
2011-07-29,28.781,29.186,28.721,29.083,31816,0
2011-08-01,29.48,29.48,28.79,29.031,18302,0
2011-08-02,28.892,28.892,28.324,28.334,14841,0
2011-08-03,28.299,28.299,27.576,28.059,150148,0
2011-08-04,27.474,27.474,26.646,26.723,122464,0
2011-08-05,26.654,26.714,25.596,26.44,49031,0
2011-08-08,25.355,25.535,24.055,24.254,71383,0
2011-08-09,24.726,25.302,24.038,25.302,31686,0
2011-08-10,24.864,25.02,24.278,24.467,35840,0
2011-08-11,24.659,25.492,24.513,25.483,16871,0
2011-08-12,25.562,25.614,25.173,25.406,24331,0
2011-08-15,25.803,26.036,25.803,26.009,14396,0
2011-08-16,25.889,26.06,25.741,25.958,34574,0
2011-08-17,26.138,26.404,26.052,26.276,20779,0
2011-08-18,25.492,25.708,25.199,25.294,31058,0
2011-08-19,25.139,25.75,25.139,25.225,76351,0
2011-08-22,25.511,25.614,25.139,25.139,15059,0
2011-08-23,25.302,25.785,25.302,25.785,6379,0
2011-08-24,25.562,25.759,25.441,25.629,6933,0
2011-08-25,25.483,25.492,25.115,25.27,10372,0
2011-08-26,24.985,25.553,24.871,25.519,8242,0
2011-08-29,25.915,26.207,25.75,26.121,2958,0
2011-08-30,25.923,26.311,25.923,26.224,5476,0
2011-08-31,26.392,26.515,26.296,26.506,7841,0
2011-09-01,26.483,26.714,26.432,26.483,14416,0
2011-09-02,26.061,26.262,25.834,25.94,9852,0
2011-09-06,24.968,25.398,24.752,25.39,10195,0
2011-09-07,25.759,26.018,25.75,25.974,13440,0
2011-09-08,25.778,25.889,25.587,25.699,2431,0
2011-09-09,25.147,25.147,24.675,24.726,2078,0
2011-09-12,24.27,24.605,24.098,24.572,20547,0
2011-09-13,24.572,24.622,24.33,24.581,12203,0
2011-09-14,24.449,24.641,24.151,24.528,4300,0
2011-09-15,24.554,24.675,24.554,24.675,5090,0
2011-09-16,24.857,24.857,24.622,24.622,953,0
2011-09-19,23.908,24.038,23.676,24.038,6899,0
2011-09-20,23.789,24.114,23.711,23.718,19774,0
2011-09-21,23.666,23.865,23.066,23.066,37485,0
2011-09-22,22.308,22.308,21.472,21.662,20839,0
2011-09-23,21.764,22.299,21.764,22.203,11781,0
2011-09-26,22.333,22.514,21.919,22.514,10006,0
2011-09-27,23.236,23.444,22.996,22.996,54842,0
2011-09-28,23.09,23.391,22.738,22.738,17183,0
2011-09-29,23.151,23.289,22.789,23.057,14494,0
2011-09-30,22.686,22.836,22.244,22.251,23236,0
2011-10-03,21.936,22.186,21.635,21.635,21534,0
2011-10-04,21.748,21.911,21.094,21.911,108331,0
2011-10-05,22.023,22.358,21.782,22.358,21559,0
2011-10-06,22.497,23.022,22.419,23.022,10540,0
2011-10-07,23.254,23.315,22.703,22.796,7749,0
2011-10-10,23.236,23.666,23.236,23.511,15901,0
2011-10-11,23.263,23.762,23.263,23.581,30652,0
2011-10-12,24.08,24.459,23.942,24.459,15638,0
2011-10-13,24.391,24.409,24.09,24.365,7796,0
2011-10-14,24.546,24.659,24.4,24.588,12064,0
2011-10-17,24.4,24.4,24.046,24.184,2726,0
2011-10-18,24.046,24.649,24.02,24.649,7356,0
2011-10-19,24.581,24.581,24.192,24.297,16119,0
2011-10-20,24.202,24.246,23.805,24.123,19622,0
2011-10-21,24.409,24.734,24.409,24.709,26817,0
2011-10-24,24.796,25.675,24.796,25.535,27134,0
2011-10-25,25.035,25.302,24.976,24.994,18612,0
2011-10-26,25.553,25.75,25.173,25.648,16899,0
2011-10-27,26.535,27.059,26.353,26.785,160426,0
2011-10-28,26.492,26.99,26.492,26.99,6448,0
2011-10-31,26.262,26.358,26.036,26.036,25983,0
2011-11-01,24.994,25.475,24.994,25.302,17939,0
2011-11-02,25.604,25.915,25.596,25.836,31217,0
2011-11-03,25.941,26.112,25.845,26.112,8603,0
2011-11-04,25.565,25.842,25.434,25.722,144549,0
2011-11-07,25.974,26.009,25.793,26.009,9383,0
2011-11-08,26.002,26.234,25.836,26.181,8676,0
2011-11-09,25.604,25.604,25.002,25.062,27258,0
2011-11-10,25.286,25.406,25.209,25.209,5100,0
2011-11-11,25.553,25.836,25.553,25.726,9486,0
2011-11-14,25.656,25.656,25.286,25.39,13366,0
2011-11-15,25.458,25.759,25.398,25.699,23897,0
2011-11-16,25.242,25.475,25.062,25.062,10372,0
2011-11-17,25.242,25.337,24.7,24.7,9185,0
2011-11-18,24.848,24.985,24.761,24.805,24154,0
2011-11-21,24.381,24.477,23.968,24.133,17533,0
2011-11-22,24.26,24.313,24.004,24.167,17675,0
2011-11-23,23.917,23.935,23.539,23.554,21145,0
2011-11-25,23.607,23.624,23.479,23.539,2312,0
2011-11-28,24.409,24.409,24.142,24.151,14335,0
2011-11-29,24.381,24.597,24.287,24.372,4938,0
2011-11-30,25.32,25.834,25.32,25.834,104480,0
2011-12-01,25.708,25.836,25.544,25.57,42961,0
2011-12-02,25.678,25.695,25.294,25.32,22846,0
2011-12-05,25.666,25.836,25.587,25.708,27468,0
2011-12-06,25.408,25.625,25.328,25.617,20293,0
2011-12-07,25.356,25.678,25.302,25.678,26446,0
2011-12-08,25.216,25.338,24.874,24.874,23379,0
2011-12-09,24.98,25.374,24.98,25.328,18896,0
2011-12-12,24.805,24.805,24.477,24.572,19917,0
2011-12-13,24.911,24.954,24.344,24.344,24724,0
2011-12-14,24.502,24.502,24.3,24.353,11594,0
2011-12-15,24.848,24.848,24.504,24.562,24981,0
2011-12-16,24.753,24.805,24.562,24.631,26171,0
2011-12-19,24.405,24.7,24.065,24.065,18156,0
2011-12-20,24.605,24.954,24.605,24.883,49284,0
2011-12-21,24.833,24.971,24.649,24.892,45120,0
2011-12-22,24.919,25.216,24.892,25.198,47363,0
2011-12-23,25.224,25.365,25.145,25.31,44838,0
2011-12-27,25.154,25.408,25.145,25.408,79007,0
2011-12-28,25.251,25.251,24.866,24.946,11628,0
2011-12-29,24.892,25.207,24.892,25.189,18813,0
2011-12-30,25.04,25.338,25.04,25.145,41161,0
2012-01-03,25.765,25.834,25.617,25.625,7829,0
2012-01-04,25.565,25.894,25.443,25.819,32360,0
2012-01-05,25.625,25.871,25.625,25.826,12556,0
2012-01-06,25.809,25.809,25.522,25.652,7827,0
2012-01-09,25.852,25.931,25.678,25.894,6716,0
2012-01-10,26.244,26.4,26.176,26.183,13344,0
2012-01-11,26.08,26.289,26.061,26.271,11219,0
2012-01-12,26.419,26.576,26.41,26.489,6796,0
2012-01-13,26.358,26.358,26.07,26.296,12075,0
2012-01-17,26.533,26.681,26.392,26.557,12121,0
2012-01-18,26.69,27.142,26.69,27.134,33017,0
2012-01-19,27.134,27.247,27.134,27.159,11912,0
2012-01-20,27.142,27.301,27.142,27.247,11324,0
2012-01-23,27.238,27.526,27.238,27.378,45816,0
2012-01-24,27.099,27.335,27.099,27.247,40218,0
2012-01-25,27.255,27.578,27.212,27.544,23416,0
2012-01-26,27.736,27.736,27.386,27.386,9409,0
2012-01-27,27.623,27.857,27.623,27.857,7937,0
2012-01-30,27.326,27.674,27.326,27.554,18166,0
2012-01-31,27.832,27.84,27.631,27.813,18631,0
2012-02-01,28.293,28.579,28.293,28.563,21239,0
2012-02-02,28.633,28.799,28.608,28.633,17448,0
2012-02-03,28.817,29.016,28.799,28.859,17349,0
2012-02-06,29.016,29.096,28.79,29.096,24865,0
2012-02-07,28.835,29.114,28.799,29.053,16477,0
2012-02-08,29.219,29.323,29.123,29.27,27322,0
2012-02-09,29.219,29.323,29.14,29.323,9782,0
2012-02-10,28.72,28.931,28.72,28.852,29557,0
2012-02-13,29.33,29.33,29.086,29.191,8649,0
2012-02-14,29.007,29.123,28.939,29.105,8556,0
2012-02-15,29.227,29.348,29.173,29.237,11763,0
2012-02-16,29.183,29.599,29.086,29.599,7382,0
2012-02-17,29.599,29.889,29.599,29.819,16169,0
2012-02-21,29.766,29.819,29.452,29.576,14473,0
2012-02-22,29.542,29.785,29.542,29.766,6860,0
2012-02-23,29.576,29.715,29.48,29.637,17781,0
2012-02-24,29.749,29.949,29.741,29.794,15634,0
2012-02-27,29.567,29.837,29.548,29.827,10646,0
2012-02-28,29.819,30.02,29.819,30.012,17026,0
2012-02-29,30.195,30.345,29.893,29.893,18962,0
2012-03-01,30.098,30.291,30.082,30.273,14773,0
2012-03-02,30.308,30.308,29.967,30.098,7317,0
2012-03-05,30.16,30.16,29.837,30.046,33363,0
2012-03-06,29.384,29.384,28.947,29.053,20902,0
2012-03-07,29.061,29.21,29.053,29.201,34245,0
2012-03-08,29.452,29.68,29.402,29.68,6990,0
2012-03-09,29.671,29.794,29.671,29.697,101743,0
2012-03-12,29.375,29.532,29.253,29.427,13272,0
2012-03-13,29.471,30.064,29.443,30.064,8592,0
2012-03-14,30.073,30.115,29.654,29.68,30344,0
2012-03-15,29.749,29.766,29.542,29.766,9768,0
2012-03-16,29.915,29.924,29.758,29.811,79124,0
2012-03-19,29.542,29.749,29.436,29.646,11516,0
2012-03-20,29.253,29.33,29.21,29.314,16051,0
2012-03-21,29.262,29.384,29.061,29.358,9716,0
2012-03-22,28.903,28.957,28.782,28.947,7228,0
2012-03-23,28.817,28.992,28.817,28.992,3421,0
2012-03-26,29.183,29.452,29.155,29.436,23398,0
2012-03-27,29.542,29.548,29.41,29.41,12064,0
2012-03-28,29.461,29.461,28.992,29.105,14253,0
2012-03-29,28.912,28.984,28.72,28.984,3354,0
2012-03-30,29.086,29.21,28.957,28.957,5339,0
2012-04-02,28.817,29.48,28.799,29.443,6469,0
2012-04-03,29.443,29.576,29.288,29.402,9177,0
2012-04-04,29.053,29.114,28.992,29.069,12912,0
2012-04-05,29.069,29.148,29.034,29.148,2869,0
2012-04-09,28.669,29.007,28.669,28.826,5080,0
2012-04-10,28.736,28.736,28.416,28.476,11544,0
2012-04-11,28.782,28.931,28.625,28.643,26988,0
2012-04-12,28.957,29.123,28.957,29.044,10584,0
2012-04-13,29.053,29.053,28.736,28.765,11460,0
2012-04-16,28.736,28.736,28.476,28.625,6046,0
2012-04-17,28.765,28.939,28.72,28.939,5885,0
2012-04-18,28.713,28.966,28.713,28.966,3167,0
2012-04-19,29.123,29.123,28.808,28.859,27399,0
2012-04-20,29.201,29.323,29.183,29.183,14222,0
2012-04-23,28.782,28.878,28.669,28.835,16486,0
2012-04-24,28.79,29.016,28.79,28.966,8161,0
2012-04-25,29.27,29.367,29.191,29.314,8913,0
2012-04-26,29.105,29.219,29.053,29.219,1819,0
2012-04-27,29.305,29.427,29.155,29.358,6845,0
2012-04-30,29.262,29.348,29.21,29.288,3779,0
2012-05-01,29.48,29.758,29.27,29.599,3428,0
2012-05-02,29.305,29.418,29.262,29.392,11368,0
2012-05-03,29.33,29.418,29.173,29.173,31614,0
2012-05-04,28.835,28.939,28.782,28.782,7422,0
2012-05-07,28.608,28.625,28.458,28.608,13838,0
2012-05-08,28.424,28.441,28.041,28.328,17532,0
2012-05-09,27.902,28.023,27.806,27.971,8411,0
2012-05-10,28.111,28.145,28.059,28.059,21061,0
2012-05-11,27.979,28.241,27.945,27.945,8074,0
2012-05-14,27.43,27.43,27.228,27.292,16260,0
2012-05-15,27.039,27.212,26.751,26.837,15330,0
2012-05-16,26.81,26.846,26.548,26.645,14659,0
2012-05-17,26.899,26.899,26.454,26.454,5546,0
2012-05-18,26.4,26.419,25.992,26.122,26689,0
2012-05-21,26.191,26.62,26.191,26.62,22966,0
2012-05-22,26.515,26.706,26.149,26.262,15532,0
2012-05-23,25.894,25.992,25.581,25.992,20634,0
2012-05-24,26.028,26.105,25.887,25.887,3347,0
2012-05-25,25.94,26.061,25.94,26.028,2816,0
2012-05-29,26.603,26.603,26.341,26.48,6961,0
2012-05-30,26.131,26.296,26.122,26.289,2876,0
2012-05-31,26.392,26.637,26.341,26.628,10368,0
2012-06-01,26.097,26.41,26.097,26.41,8660,0
2012-06-04,26.253,26.358,26.149,26.201,30593,0
2012-06-05,26.087,26.254,26.087,26.167,4136,0
2012-06-06,26.697,26.857,26.652,26.857,4129,0
2012-06-07,27.326,27.326,27.052,27.114,23548,0
2012-06-08,26.883,26.901,26.661,26.892,8953,0
2012-06-11,27.125,27.125,26.654,26.654,3531,0
2012-06-12,26.801,26.942,26.776,26.89,3614,0
2012-06-13,27.064,27.196,26.942,26.96,138075,0
2012-06-14,26.89,27.099,26.837,26.984,7616,0
2012-06-15,26.963,27.176,26.963,27.176,17929,0
2012-06-18,27.169,27.458,27.169,27.378,10274,0
2012-06-19,27.683,28.041,27.683,28.023,60485,0
2012-06-20,28.008,28.008,27.61,27.743,9310,0
2012-06-21,27.61,27.61,27.007,27.007,4900,0
2012-06-22,27.016,27.095,26.998,26.998,4100,0
2012-06-25,26.857,26.857,26.593,26.777,22557,0
2012-06-26,27.016,27.219,26.936,27.132,18362,0
2012-06-27,27.353,27.432,27.263,27.422,3588,0
2012-06-28,27.203,27.263,27.044,27.186,8854,0
2012-06-29,28.14,28.211,28.069,28.114,21956,0
2012-07-02,28.353,28.548,28.325,28.548,27176,0
2012-07-03,28.91,28.91,28.665,28.849,4525,0
2012-07-05,28.685,28.698,28.389,28.549,8496,0
2012-07-06,28.281,28.345,28.202,28.299,16751,0
2012-07-09,28.406,28.406,28.184,28.221,6185,0
2012-07-10,28.458,28.458,28.025,28.14,5933,0
2012-07-11,28.299,28.415,28.211,28.317,3946,0
2012-07-12,27.964,28.281,27.884,28.237,21289,0
2012-07-13,28.237,28.536,28.237,28.512,9025,0
2012-07-16,28.379,28.522,28.325,28.503,12878,0
2012-07-17,28.6,28.84,28.539,28.83,16428,0
2012-07-18,28.849,28.997,28.849,28.989,5783,0
2012-07-19,29.124,29.165,29.078,29.157,8932,0
2012-07-20,28.814,28.861,28.787,28.787,2578,0
2012-07-23,28.325,28.406,28.149,28.406,24103,0
2012-07-24,28.485,28.485,28.181,28.268,15511,0
2012-07-25,28.539,28.539,28.211,28.317,18124,0
2012-07-26,28.503,28.741,28.495,28.663,12361,0
2012-07-27,28.779,29.39,28.779,29.389,14338,0
2012-07-30,29.124,29.299,29.124,29.299,7349,0
2012-07-31,29.291,29.291,28.929,28.929,15493,0
2012-08-01,29.175,29.256,29.006,29.087,21557,0
2012-08-02,29.291,29.291,28.84,28.929,26769,0
2012-08-03,29.566,29.646,29.449,29.646,22283,0
2012-08-06,29.751,29.751,29.434,29.599,15150,0
2012-08-07,29.592,29.592,29.309,29.309,29735,0
2012-08-08,29.273,29.458,29.256,29.359,20038,0
2012-08-09,29.424,30.308,29.354,29.46,15262,0
2012-08-10,29.503,29.706,29.353,29.646,25145,0
2012-08-13,29.566,29.592,29.335,29.448,7083,0
2012-08-14,29.637,29.661,29.521,29.523,7079,0
2012-08-15,29.566,29.584,29.479,29.512,64682,0
2012-08-16,29.592,29.592,29.362,29.439,9624,0
2012-08-17,29.299,29.299,29.149,29.175,6673,0
2012-08-20,28.884,29.325,28.884,29.325,27889,0
2012-08-21,29.343,29.434,29.101,29.149,15652,0
2012-08-22,28.891,29.264,28.891,29.034,22871,0
2012-08-23,29.237,29.237,28.937,28.937,75521,0
2012-08-24,28.84,29.175,28.84,29.124,18934,0
2012-08-27,28.965,29.124,28.937,28.955,21691,0
2012-08-28,28.974,28.974,28.724,28.732,48260,0
2012-08-29,28.548,28.557,28.495,28.499,16034,0
2012-08-30,28.299,28.307,28.131,28.307,9203,0
2012-08-31,28.325,28.468,28.256,28.398,17218,0
2012-09-04,28.423,28.423,28.112,28.353,6975,0
2012-09-05,28.237,28.352,28.181,28.281,10810,0
2012-09-06,28.586,28.919,28.586,28.814,34418,0
2012-09-07,28.965,29.371,28.965,29.283,44036,0
2012-09-10,29.106,29.164,28.974,28.974,12523,0
2012-09-11,29.053,29.174,28.998,28.998,16945,0
2012-09-12,28.539,28.548,28.281,28.281,40570,0
2012-09-13,28.406,28.99,28.274,28.891,15899,0
2012-09-14,28.983,29.424,28.983,29.018,28759,0
2012-09-17,29.069,29.078,28.919,28.998,20787,0
2012-09-18,29.096,29.096,28.899,29.078,4120,0
2012-09-19,29.034,29.237,28.983,29.114,31738,0
2012-09-20,28.857,28.919,28.804,28.891,4881,0
2012-09-21,28.91,28.99,28.787,28.849,11370,0
2012-09-24,28.644,28.867,28.644,28.849,18204,0
2012-09-25,28.857,28.857,28.627,28.653,5809,0
2012-09-26,28.549,28.704,28.522,28.69,11260,0
2012-09-27,29.053,29.078,28.822,29.077,13696,0
2012-09-28,29.015,29.015,28.831,28.88,4371,0
2012-10-01,29.203,29.224,29.133,29.133,5811,0
2012-10-02,29.299,29.299,29.108,29.193,5192,0
2012-10-03,29.246,29.246,29.043,29.053,5762,0
2012-10-04,29.185,29.414,29.185,29.31,4437,0
2012-10-05,29.592,29.751,29.557,29.566,14367,0
2012-10-08,29.265,29.434,29.265,29.353,2194,0
2012-10-09,29.149,29.149,28.998,29.043,5011,0
2012-10-10,29.157,29.187,28.965,28.965,4167,0
2012-10-11,29.133,29.246,29.106,29.185,4950,0
2012-10-12,29.069,29.157,29.006,29.124,5698,0
2012-10-15,29.053,29.172,29.053,29.109,4688,0
2012-10-16,29.367,29.511,29.367,29.406,13138,0
2012-10-17,29.662,29.778,29.628,29.765,4424,0
2012-10-18,29.503,29.551,29.391,29.468,26430,0
2012-10-19,29.646,29.646,29.246,29.331,3810,0
2012-10-22,29.353,29.557,29.353,29.421,7468,0
2012-10-23,28.9,29.335,28.9,29.273,23488,0
2012-10-24,29.273,29.521,29.246,29.246,11586,0
2012-10-25,29.299,29.44,29.265,29.398,9552,0
2012-10-26,29.312,29.38,29.306,29.38,3102,0
2012-10-31,29.726,29.726,29.283,29.361,29091,0
2012-11-01,29.689,29.875,29.59,29.796,23366,0
2012-11-02,29.734,29.734,29.38,29.449,7616,0
2012-11-05,29.531,29.531,29.409,29.511,5886,0
2012-11-06,29.406,29.478,29.242,29.371,44734,0
2012-11-07,28.99,29.246,28.896,29.025,12213,0
2012-11-08,29.12,29.12,28.724,28.787,15181,0
2012-11-09,28.822,28.948,28.618,28.84,6317,0
2012-11-12,28.955,28.955,28.795,28.795,1707,0
2012-11-13,28.503,28.573,28.458,28.458,3907,0
2012-11-14,28.554,28.554,28.131,28.14,3127,0
2012-11-15,28.237,28.423,28.097,28.175,18610,0
2012-11-16,28.317,28.61,28.202,28.345,26549,0
2012-11-19,28.573,28.866,28.573,28.708,11312,0
2012-11-20,28.68,28.722,28.57,28.69,7919,0
2012-11-21,28.442,28.653,28.442,28.627,28308,0
2012-11-23,28.495,29.061,28.495,28.974,6172,0
2012-11-26,29.221,29.245,28.969,29.211,7112,0
2012-11-27,28.948,29.133,28.716,28.78,4070,0
2012-11-28,28.9,29.015,28.68,29.015,52288,0
2012-11-29,28.9,28.9,28.732,28.884,5739,0
2012-11-30,28.875,28.875,28.795,28.84,6082,0
2012-12-03,28.857,28.91,28.779,28.799,6604,0
2012-12-04,28.884,28.974,28.857,28.857,12921,0
2012-12-05,29.114,29.175,28.875,29.069,8226,0
2012-12-06,29.124,29.283,29.096,29.283,12859,0
2012-12-07,29.23,29.343,29.213,29.283,3833,0
2012-12-10,29.487,29.628,29.487,29.628,17460,0
2012-12-11,29.531,29.751,29.531,29.733,9937,0
2012-12-12,29.531,29.884,29.531,29.787,6006,0
2012-12-13,29.584,29.681,29.362,29.38,15710,0
2012-12-14,29.44,29.672,29.44,29.628,11202,0
2012-12-17,29.434,29.458,29.24,29.458,12115,0
2012-12-18,29.389,29.656,29.389,29.628,19451,0
2012-12-19,29.726,29.798,29.689,29.778,11152,0
2012-12-20,29.875,30.079,29.875,30.014,14143,0
2012-12-21,29.716,29.947,29.716,29.884,8048,0
2012-12-24,29.742,29.76,29.599,29.716,7993,0
2012-12-26,30.096,30.148,29.84,29.981,41838,0
2012-12-27,30.2,30.326,29.898,30.032,13138,0
2012-12-28,30.058,30.343,30.058,30.272,45197,0
2012-12-31,30.397,30.521,30.136,30.468,13956,0
2013-01-02,30.868,31.065,30.868,31.065,6228,0
2013-01-03,31.117,31.216,30.888,30.939,43489,0
2013-01-04,31.072,31.185,30.93,31.169,12056,0
2013-01-07,30.927,30.939,30.754,30.878,7810,0
2013-01-08,30.797,30.797,30.455,30.5,4349,0
2013-01-09,30.575,30.962,30.575,30.898,17193,0
2013-01-10,31.09,31.242,31.001,31.242,21157,0
2013-01-11,31.145,31.224,31.011,31.224,16628,0
2013-01-14,31.259,31.268,31.174,31.232,10772,0
2013-01-15,31.286,31.357,31.163,31.354,18386,0
2013-01-16,31.286,31.438,31.255,31.421,12550,0
2013-01-17,31.642,31.652,31.522,31.522,13599,0
2013-01-18,31.572,31.721,31.394,31.721,53515,0
2013-01-22,31.998,32.088,31.874,32.033,28288,0
2013-01-23,31.989,31.989,31.803,31.879,50142,0
2013-01-24,31.821,32.008,31.705,31.793,18751,0
2013-01-25,31.865,31.865,31.695,31.798,5775,0
2013-01-28,32.016,32.017,31.695,31.738,28419,0
2013-01-29,31.929,32.203,31.913,32.122,19109,0
2013-01-30,32.025,32.203,32.025,32.191,35707,0
2013-01-31,32.319,32.319,32.07,32.114,21444,0
2013-02-01,32.303,32.567,32.303,32.515,11219,0
2013-02-04,32.524,32.524,32.105,32.177,30667,0
2013-02-05,32.276,32.496,32.276,32.319,9603,0
2013-02-06,32.373,32.487,32.3,32.487,4404,0
2013-02-07,32.399,32.567,32.292,32.524,21109,0
2013-02-08,32.646,32.647,32.515,32.639,3890,0
2013-02-11,32.573,32.676,32.339,32.426,5352,0
2013-02-12,32.363,32.622,32.345,32.443,8887,0
2013-02-13,32.63,32.882,32.63,32.836,5015,0
2013-02-14,32.799,32.844,32.567,32.844,8929,0
2013-02-15,32.728,32.728,32.42,32.434,18489,0
2013-02-19,32.319,32.636,32.319,32.531,7773,0
2013-02-20,32.586,32.586,32.328,32.357,8562,0
2013-02-21,32.309,32.309,31.793,31.913,22013,0
2013-02-22,32.008,32.14,31.919,32.043,125897,0
2013-02-25,32.239,32.328,31.891,31.891,23686,0
2013-02-26,31.846,31.974,31.741,31.873,7462,0
2013-02-27,31.979,32.263,31.979,32.263,17718,0
2013-02-28,32.283,32.283,32.14,32.14,3765,0
2013-03-01,31.98,32.158,31.98,32.158,3164,0
2013-03-04,32.159,32.248,31.989,32.248,25912,0
2013-03-05,32.319,32.593,32.239,32.442,13778,0
2013-03-06,32.336,32.505,32.268,32.47,14492,0
2013-03-07,32.551,32.586,32.487,32.586,10296,0
2013-03-08,32.702,32.745,32.551,32.602,104392,0
2013-03-11,32.737,32.737,32.274,32.319,93853,0
2013-03-12,32.185,32.185,31.936,31.989,22695,0
2013-03-13,32.008,32.008,31.723,31.75,18430,0
2013-03-14,31.873,31.946,31.761,31.883,11024,0
2013-03-15,31.775,31.775,31.394,31.501,20138,0
2013-03-18,31.421,31.509,31.163,31.384,28873,0
2013-03-19,31.525,31.608,31.192,31.34,31397,0
2013-03-20,31.384,31.384,31.224,31.305,15360,0
2013-03-21,31.277,31.295,31.057,31.065,23368,0
2013-03-22,31.233,31.268,31.108,31.207,5469,0
2013-03-25,31.099,31.314,31.057,31.117,12737,0
2013-03-26,31.172,31.446,31.172,31.421,12905,0
2013-03-27,31.287,31.572,31.287,31.518,33816,0
2013-03-28,31.59,31.803,31.557,31.695,8872,0
2013-04-01,31.803,31.874,31.598,31.614,21508,0
2013-04-02,31.865,32.016,31.842,31.865,9519,0
2013-04-03,31.829,31.829,31.662,31.741,5044,0
2013-04-04,31.652,31.821,31.633,31.75,5744,0
2013-04-05,31.163,31.677,31.145,31.677,50903,0
2013-04-08,31.633,31.741,31.518,31.677,6267,0
2013-04-09,31.821,32.06,31.767,31.891,8602,0
2013-04-10,32.167,32.39,32.167,32.305,9008,0
2013-04-11,32.239,32.239,32.043,32.066,7034,0
2013-04-12,31.989,32.017,31.793,31.855,3162,0
2013-04-15,31.891,31.891,31.281,31.281,7975,0
2013-04-16,31.58,31.705,31.485,31.705,6800,0
2013-04-17,31.554,31.598,31.165,31.207,10762,0
2013-04-18,31.518,31.544,31.273,31.394,8854,0
2013-04-19,31.59,31.723,31.59,31.598,7311,0
2013-04-22,31.613,31.613,31.394,31.529,8733,0
2013-04-23,31.544,31.783,31.525,31.741,4343,0
2013-04-24,31.767,31.919,31.767,31.869,4190,0
2013-04-25,31.936,31.945,31.74,31.783,16344,0
2013-04-26,31.731,31.766,31.598,31.64,8740,0
2013-04-29,31.695,31.784,31.662,31.717,7465,0
2013-04-30,31.714,32.05,31.714,32.05,20954,0
2013-05-01,31.929,31.98,31.614,31.731,74702,0
2013-05-02,31.919,32.017,31.865,31.954,6893,0
2013-05-03,32.336,32.354,31.945,32.008,91194,0
2013-05-06,31.945,32.15,31.945,32.105,7422,0
2013-05-07,32.363,32.493,32.336,32.479,9809,0
2013-05-08,32.647,32.672,32.517,32.593,13644,0
2013-05-09,32.622,32.622,32.336,32.336,14979,0
2013-05-10,32.399,32.399,32.008,32.274,14196,0
2013-05-13,32.248,32.265,32.14,32.177,9851,0
2013-05-14,32.167,32.274,32.088,32.088,7502,0
2013-05-15,32.088,32.088,31.909,31.956,4134,0
2013-05-16,31.758,31.936,31.758,31.806,9267,0
2013-05-17,32.033,32.067,31.915,31.977,4866,0
2013-05-20,32.122,32.122,32.04,32.096,7864,0
2013-05-21,31.874,32.043,31.874,31.999,9284,0
2013-05-22,31.838,32.036,31.463,31.544,14821,0
2013-05-23,31.242,31.48,31.099,31.48,107796,0
2013-05-24,31.197,31.315,30.984,31.197,76299,0
2013-05-28,31.384,31.662,31.34,31.34,38718,0
2013-05-29,31.119,31.119,30.914,30.975,23972,0
2013-05-30,30.92,31.065,30.896,30.984,16199,0
2013-05-31,30.975,30.975,30.262,30.575,13128,0
2013-06-03,30.61,30.61,30.174,30.593,8423,0
2013-06-04,30.726,30.726,30.148,30.353,7276,0
2013-06-05,30.512,30.512,29.935,30.023,22216,0
2013-06-06,30.086,30.102,29.819,30.102,2377,0
2013-06-07,29.988,30.032,29.739,29.853,3603,0
2013-06-10,29.642,29.642,29.337,29.579,8585,0
2013-06-11,29.098,29.271,28.716,29.223,103526,0
2013-06-12,29.053,29.205,28.652,28.662,6526,0
2013-06-13,28.555,28.875,28.52,28.875,11782,0
2013-06-14,28.984,28.984,28.671,28.769,11935,0
2013-06-17,28.724,28.892,28.576,28.74,21816,0
2013-06-18,28.74,28.91,28.731,28.874,5090,0
2013-06-19,28.875,28.875,27.896,27.974,16594,0
2013-06-20,27.363,27.415,26.593,26.731,41139,0
2013-06-21,26.979,27.051,26.543,27.025,26318,0
2013-06-24,26.624,26.624,25.734,26.455,334155,0
2013-06-25,26.625,26.72,26.349,26.72,24661,0
2013-06-26,27.043,27.493,27.043,27.42,8364,0
2013-06-27,27.794,28.22,27.794,28.173,21447,0
2013-06-28,28.156,28.419,27.965,28.355,7201,0
2013-07-01,28.599,28.599,28.236,28.29,17431,0
2013-07-02,28.047,28.4,27.774,27.875,10430,0
2013-07-03,27.765,27.875,27.51,27.803,4598,0
2013-07-05,27.803,27.803,27.376,27.566,17102,0
2013-07-08,27.566,28.002,27.566,27.855,36776,0
2013-07-09,27.902,28.093,27.838,27.928,16790,0
2013-07-10,27.954,28.012,27.84,27.84,5796,0
2013-07-11,28.337,28.708,28.337,28.653,10993,0
2013-07-12,28.409,28.412,28.093,28.282,6587,0
2013-07-15,28.555,28.627,28.274,28.582,3242,0
2013-07-16,28.609,28.663,28.492,28.492,6633,0
2013-07-17,28.789,28.886,28.691,28.827,12683,0
2013-07-18,28.733,29.061,28.733,29.061,222952,0
2013-07-19,28.961,29.061,28.799,29.014,116916,0
2013-07-22,28.871,29.197,28.871,29.178,4639,0
2013-07-23,29.705,29.732,29.351,29.494,286314,0
2013-07-24,29.424,29.524,29.207,29.207,7367,0
2013-07-25,29.061,29.643,29.061,29.633,45677,0
2013-07-26,29.251,29.418,29.179,29.405,6596,0
2013-07-29,29.306,29.37,29.07,29.116,9936,0
2013-07-30,29.207,29.207,28.835,28.896,15063,0
2013-07-31,28.726,28.918,28.61,28.799,10102,0
2013-08-01,29.079,29.32,29.079,29.279,8151,0
2013-08-02,29.098,29.396,29.098,29.37,4029,0
2013-08-05,29.296,29.296,29.025,29.044,9485,0
2013-08-06,29.169,29.169,28.799,28.809,2400,0
2013-08-07,28.537,28.609,28.457,28.457,6828,0
2013-08-08,28.717,29.083,28.717,29.061,5558,0
2013-08-09,28.981,29.296,28.981,29.296,21618,0
2013-08-12,29.489,29.586,29.294,29.332,8674,0
2013-08-13,29.288,29.397,29.249,29.397,6295,0
2013-08-14,29.332,29.468,29.261,29.261,4581,0
2013-08-15,28.989,29.098,28.753,28.997,9008,0
2013-08-16,28.898,28.898,28.546,28.603,5778,0
2013-08-19,28.4,28.445,28.156,28.156,25854,0
2013-08-20,28.228,28.445,28.21,28.265,19033,0
2013-08-21,28.073,28.073,27.685,27.693,34727,0
2013-08-22,27.847,28.073,27.63,28.073,16313,0
2013-08-23,28.165,28.5,28.165,28.5,25116,0
2013-08-26,28.392,28.672,28.257,28.274,4572,0
2013-08-27,28.21,28.21,27.774,27.892,13147,0
2013-08-28,27.829,28.057,27.829,27.838,17387,0
2013-08-29,28.002,28.293,28.002,28.093,10510,0
2013-08-30,28.364,28.403,28.228,28.291,5524,0
2013-09-03,28.527,28.618,28.256,28.256,8946,0
2013-09-04,28.427,28.589,28.427,28.537,16542,0
2013-09-05,28.481,28.981,28.481,28.953,9494,0
2013-09-06,29.135,29.38,29.025,29.306,20049,0
2013-09-09,29.388,30.003,29.388,29.904,23720,0
2013-09-10,30.102,30.131,30.003,30.068,36954,0
2013-09-11,29.895,30.149,29.895,30.102,4592,0
2013-09-12,29.977,30.111,29.831,29.831,10130,0
2013-09-13,29.953,30.211,29.939,30.094,197601,0
2013-09-16,30.419,30.51,30.166,30.186,12824,0
2013-09-17,30.049,30.331,30.049,30.238,7322,0
2013-09-18,30.058,31.335,30.049,31.309,22689,0
2013-09-19,31.398,31.398,31.019,31.214,15930,0
2013-09-20,30.884,30.884,30.556,30.62,7236,0
2013-09-23,30.483,30.801,30.483,30.792,14631,0
2013-09-24,30.673,30.792,30.637,30.729,3092,0
2013-09-25,30.682,30.71,30.411,30.528,3092,0
2013-09-26,30.593,30.63,30.366,30.466,12694,0
2013-09-27,30.275,30.321,30.195,30.285,4147,0
2013-09-30,30.186,30.256,30.073,30.094,10726,0
2013-10-01,30.211,30.475,30.14,30.466,13743,0
2013-10-02,30.502,30.801,30.502,30.792,2209,0
2013-10-03,30.864,30.874,30.583,30.739,25278,0
2013-10-04,30.729,30.991,30.71,30.936,9716,0
2013-10-07,30.493,30.919,30.493,30.855,6072,0
2013-10-08,30.792,30.927,30.682,30.682,3754,0
2013-10-09,30.729,30.884,30.729,30.884,5409,0
2013-10-10,31.219,31.49,31.219,31.49,12032,0
2013-10-11,31.534,31.561,31.335,31.543,13610,0
2013-10-14,31.425,31.777,31.425,31.706,3201,0
2013-10-15,31.453,31.453,31.253,31.327,2043,0
2013-10-16,31.534,31.608,31.444,31.444,3789,0
2013-10-17,31.309,31.418,31.309,31.408,4855,0
2013-10-18,31.663,31.663,31.534,31.571,7286,0
2013-10-21,31.425,31.697,31.425,31.663,9934,0
2013-10-22,31.716,32.186,31.716,32.106,19318,0
2013-10-23,31.826,31.826,31.598,31.634,35434,0
2013-10-24,31.615,31.615,31.49,31.534,20091,0
2013-10-25,31.744,31.744,31.49,31.543,3310,0
2013-10-28,31.524,31.753,31.524,31.663,13248,0
2013-10-29,31.879,31.879,31.706,31.77,20091,0
2013-10-30,31.897,31.933,31.706,31.77,25501,0
2013-10-31,31.571,31.761,31.38,31.38,20091,0
2013-11-01,31.553,31.562,31.235,31.408,5961,0
2013-11-04,31.353,31.5,31.353,31.49,2980,0
2013-11-05,31.108,31.226,30.927,30.996,10047,0
2013-11-06,31.425,31.425,31.199,31.253,47135,0
2013-11-07,31.343,31.343,30.801,30.801,6623,0
2013-11-08,30.565,30.565,30.158,30.366,86213,0
2013-11-11,30.547,30.602,30.423,30.502,4735,0
2013-11-12,30.419,30.456,30.29,30.348,12193,0
2013-11-13,30.307,30.501,30.307,30.449,3054,0
2013-11-14,30.457,30.963,30.403,30.955,58395,0
2013-11-15,31.343,31.697,31.036,31.59,12694,0
2013-11-18,31.608,31.887,31.608,31.744,4083,0
2013-11-19,31.86,31.86,31.49,31.516,24506,0
2013-11-20,31.5,31.5,31.164,31.19,4194,0
2013-11-21,31.126,31.262,31.126,31.262,23512,0
2013-11-22,31.126,31.516,31.126,31.5,8389,0
2013-11-25,31.281,31.472,31.209,31.209,4747,0
2013-11-26,31.036,31.235,31.018,31.209,15345,0
2013-11-27,31.327,31.39,31.219,31.343,10044,0
2013-11-29,31.371,31.524,31.361,31.524,3429,0
2013-12-02,31.226,31.29,30.927,30.946,3754,0
2013-12-03,30.846,30.936,30.593,30.782,19539,0
2013-12-04,30.81,30.884,30.637,30.802,12892,0
2013-12-05,30.892,30.955,30.817,30.817,13068,0
2013-12-06,31.219,31.262,30.955,31.18,33227,0
2013-12-09,31.19,31.444,31.19,31.353,15895,0
2013-12-10,31.19,31.38,31.19,31.335,3422,0
2013-12-11,31.065,31.065,30.682,30.72,8279,0
2013-12-12,30.656,30.747,30.575,30.682,13909,0
2013-12-13,30.801,30.801,30.656,30.691,7176,0
2013-12-16,30.946,30.972,30.782,30.782,14680,0
2013-12-17,30.839,30.905,30.74,30.74,15287,0
2013-12-18,30.776,31.289,30.62,31.096,3704,0
2013-12-19,30.877,30.877,30.601,30.803,10892,0
2013-12-20,30.702,30.702,30.564,30.609,20020,0
2013-12-23,30.858,30.858,30.721,30.776,9258,0
2013-12-24,30.996,31.066,30.887,30.93,13796,0
2013-12-26,30.711,30.748,30.665,30.721,5118,0
2013-12-27,31.087,31.244,31.033,31.244,11003,0
2013-12-30,31.335,31.343,31.234,31.289,15139,0
2013-12-31,31.171,31.363,31.171,31.335,7950,0
2014-01-02,31.033,31.033,30.526,30.574,24732,0
2014-01-03,30.673,30.692,30.416,30.473,8267,0
2014-01-06,30.416,30.416,30.152,30.205,16883,0
2014-01-07,30.326,30.344,30.205,30.26,20587,0
2014-01-08,30.446,30.446,30.225,30.27,7188,0
2014-01-09,30.215,30.251,30.049,30.179,21023,0
2014-01-10,30.251,30.637,30.251,30.637,13615,0
2014-01-13,30.399,30.564,30.169,30.188,17318,0
2014-01-14,30.416,30.564,30.307,30.564,7078,0
2014-01-15,30.472,30.491,30.362,30.362,20802,0
2014-01-16,30.299,30.455,30.26,30.27,8468,0
2014-01-17,30.38,30.508,30.38,30.463,11873,0
2014-01-21,30.63,30.63,30.299,30.362,11328,0
2014-01-22,30.546,30.858,30.546,30.82,17318,0
2014-01-23,30.63,30.673,30.123,30.205,32784,0
2014-01-24,29.746,29.931,29.509,29.523,17244,0
2014-01-27,29.416,29.583,29.124,29.186,202261,0
2014-01-28,29.031,29.149,29.031,29.141,55554,0
2014-01-29,28.977,28.977,28.711,28.792,26794,0
2014-01-30,29.002,29.279,28.985,29.021,33546,0
2014-01-31,28.711,29.105,28.711,29.011,17610,0
2014-02-03,28.985,28.985,28.398,28.398,15392,0
2014-02-04,28.517,28.892,28.517,28.856,20335,0
2014-02-05,28.416,28.545,28.287,28.406,12665,0
2014-02-06,28.443,28.985,28.443,28.948,16282,0
2014-02-07,29.38,29.416,29.196,29.261,7312,0
2014-02-10,29.124,29.279,28.968,29.002,10911,0
2014-02-11,29.04,29.49,28.921,29.443,36684,0
2014-02-12,29.443,29.583,29.363,29.451,7149,0
2014-02-13,29.114,29.508,29.114,29.472,5943,0
2014-02-14,29.746,29.894,29.746,29.867,9578,0
2014-02-18,29.729,29.73,29.515,29.515,6987,0
2014-02-19,29.462,29.462,29.251,29.324,5907,0
2014-02-20,29.288,29.598,29.27,29.443,20993,0
2014-02-21,29.407,29.608,29.407,29.537,6068,0
2014-02-24,29.38,29.583,29.38,29.508,13739,0
2014-02-25,29.27,29.333,29.186,29.196,5289,0
2014-02-26,29.435,29.638,29.435,29.544,9576,0
2014-02-27,29.656,30.133,29.647,30.133,7703,0
2014-02-28,30.004,30.04,29.784,29.794,10985,0
2014-03-03,29.39,29.71,29.39,29.692,8523,0
2014-03-04,29.894,29.894,29.795,29.83,4453,0
2014-03-05,29.756,29.756,29.608,29.72,3928,0
2014-03-06,29.931,30.299,29.931,30.28,6571,0
2014-03-07,29.739,30.113,29.501,29.582,4717,0
2014-03-10,29.537,29.537,29.119,29.196,11965,0
2014-03-11,29.32,29.407,29.022,29.022,57173,0
2014-03-12,28.911,29.204,28.911,29.204,17327,0
2014-03-13,29.206,29.206,28.673,28.673,10445,0
2014-03-14,28.627,28.875,28.599,28.694,8123,0
2014-03-17,28.801,29.04,28.801,28.958,9115,0
2014-03-18,28.985,29.38,28.985,29.362,467237,0
2014-03-19,29.324,29.682,29.288,29.342,34338,0
2014-03-20,29.251,29.435,29.196,29.38,51927,0
2014-03-21,29.537,29.784,29.537,29.656,15733,0
2014-03-24,29.416,29.564,29.306,29.443,8522,0
2014-03-25,29.647,29.858,29.647,29.831,14054,0
2014-03-26,29.922,30.113,29.829,29.829,6101,0
2014-03-27,30.179,30.371,30.169,30.334,11264,0
2014-03-28,30.905,30.93,30.463,30.692,30399,0
2014-03-31,30.803,30.847,30.673,30.766,10947,0
2014-04-01,30.914,30.977,30.858,30.977,3402,0
2014-04-02,30.984,31.168,30.94,31.123,4016,0
2014-04-03,31.138,31.138,30.692,30.839,28922,0
2014-04-04,30.996,31.338,30.74,30.74,16337,0
2014-04-07,30.821,30.977,30.816,30.959,5730,0
2014-04-08,31.178,31.27,31.042,31.105,97631,0
2014-04-09,31.353,31.439,31.208,31.439,2600,0
2014-04-10,31.683,31.885,31.502,31.502,8005,0
2014-04-11,31.465,31.794,31.446,31.794,9397,0
2014-04-14,31.702,31.904,31.675,31.722,70485,0
2014-04-15,31.27,31.593,31.033,31.289,16965,0
2014-04-16,31.252,31.584,31.252,31.509,7425,0
2014-04-17,31.509,31.775,31.509,31.675,2405,0
2014-04-21,31.519,31.658,31.446,31.573,16112,0
2014-04-22,31.574,31.683,31.391,31.565,17176,0
2014-04-23,31.465,31.722,31.446,31.637,14722,0
2014-04-24,31.446,31.602,31.414,31.492,58768,0
2014-04-25,31.327,31.384,31.178,31.234,3470,0
2014-04-28,31.197,31.219,30.996,31.171,16419,0
2014-04-29,31.225,31.361,31.225,31.327,2008,0
2014-04-30,30.748,31.132,30.748,31.087,2853,0
2014-05-01,31.217,31.309,31.089,31.195,1144,0
2014-05-02,31.446,31.675,31.446,31.653,5208,0
2014-05-05,31.509,31.509,31.232,31.381,11939,0
2014-05-06,31.509,31.619,31.482,31.482,15684,0
2014-05-07,31.381,31.619,31.234,31.565,25327,0
2014-05-08,31.509,31.509,31.343,31.343,3231,0
2014-05-09,31.162,31.263,31.162,31.211,2527,0
2014-05-12,31.381,31.492,31.381,31.455,16228,0
2014-05-13,31.565,31.692,31.556,31.666,12728,0
2014-05-14,31.84,32.07,31.749,31.932,5654,0
2014-05-15,31.619,31.668,31.602,31.602,5202,0
2014-05-16,31.83,31.945,31.83,31.945,3689,0
2014-05-19,31.814,31.926,31.814,31.858,1538,0
2014-05-20,31.904,31.914,31.84,31.848,1845,0
2014-05-21,31.821,31.84,31.821,31.84,1102,0
2014-05-22,32.133,32.256,32.133,32.226,10857,0
2014-05-23,32.383,32.445,32.327,32.327,2411,0
2014-05-27,32.281,32.281,31.741,31.84,5809,0
2014-05-28,31.978,32.133,31.914,32.133,27989,0
2014-05-29,32.006,32.006,31.941,31.969,5445,0
2014-05-30,31.895,31.895,31.775,31.83,10234,0
2014-06-02,32.116,32.116,31.74,31.885,1943,0
2014-06-03,31.868,32.143,31.758,32.125,15951,0
2014-06-04,31.966,32.068,31.941,32.015,5931,0
2014-06-05,32.08,32.252,32.08,32.216,52710,0
2014-06-06,32.584,32.592,32.354,32.548,13427,0
2014-06-09,32.592,32.749,32.548,32.687,19123,0
2014-06-10,32.749,32.749,32.592,32.687,4247,0
2014-06-11,32.593,32.593,32.419,32.539,11054,0
2014-06-12,32.677,32.677,32.374,32.396,4248,0
2014-06-13,32.52,32.64,32.491,32.539,5550,0
2014-06-16,32.667,32.667,32.474,32.557,17355,0
2014-06-17,32.374,32.52,32.298,32.501,5357,0
2014-06-18,32.565,33.005,32.455,32.945,14058,0
2014-06-19,32.858,33.052,32.74,32.749,4316,0
2014-06-20,32.833,32.915,32.805,32.914,18908,0
2014-06-23,32.951,32.951,32.539,32.703,2867,0
2014-06-24,33.002,33.142,32.77,32.881,6051,0
2014-06-25,33.068,33.068,32.938,32.994,4230,0
2014-06-26,32.938,33.169,32.871,32.946,6443,0
2014-06-27,33.039,33.039,32.779,32.987,3092,0
2014-06-30,33.048,33.048,32.808,32.826,3018,0
2014-07-01,33.114,33.114,32.845,33.019,12067,0
2014-07-02,33.105,33.142,32.946,33.114,9141,0
2014-07-03,32.951,33.216,32.951,33.216,2576,0
2014-07-07,33.384,33.384,33.224,33.291,4687,0
2014-07-08,33.262,33.374,33.262,33.347,3717,0
2014-07-09,33.457,33.488,33.318,33.431,59344,0
2014-07-10,33.096,33.56,33.029,33.56,21483,0
2014-07-11,33.532,33.634,33.515,33.532,11221,0
2014-07-14,33.579,33.792,33.523,33.73,30930,0
2014-07-15,33.699,33.756,33.663,33.746,5145,0
2014-07-16,34.016,34.156,33.82,33.84,10535,0
2014-07-17,33.737,33.737,33.308,33.308,17749,0
2014-07-18,33.598,33.792,33.589,33.728,18788,0
2014-07-21,33.84,34.09,33.728,33.998,30850,0
2014-07-22,34.174,34.248,34.062,34.228,49480,0
2014-07-23,34.351,34.351,34.146,34.248,15109,0
2014-07-24,34.053,34.174,33.951,34.043,10853,0
2014-07-25,33.867,33.998,33.824,33.859,15494,0
2014-07-28,34.026,34.081,33.923,34.016,19950,0
2014-07-29,34.053,34.053,33.721,33.728,15394,0
2014-07-30,33.724,33.756,33.394,33.551,14219,0
2014-07-31,33.216,33.216,32.966,33.074,12936,0
2014-08-01,33.328,33.355,33.079,33.206,8502,0
2014-08-04,33.206,33.421,33.09,33.421,10108,0
2014-08-05,33.105,33.142,32.909,32.956,11348,0
2014-08-06,33.04,33.16,33.004,33.133,24046,0
2014-08-07,33.169,33.331,33.078,33.151,3307,0
2014-08-08,33.374,33.523,33.291,33.496,19886,0
2014-08-11,33.728,33.802,33.646,33.708,13136,0
2014-08-12,33.923,33.998,33.784,33.923,11141,0
2014-08-13,34.081,34.167,33.905,33.923,10286,0
2014-08-14,33.849,34.071,33.849,33.959,2061,0
2014-08-15,33.895,34.146,33.83,33.998,27411,0
2014-08-18,34.127,34.199,34.098,34.199,12397,0
2014-08-19,34.136,34.402,34.136,34.402,6943,0
2014-08-20,34.202,34.555,34.202,34.414,6577,0
2014-08-21,34.472,34.472,34.212,34.212,3635,0
2014-08-22,34.378,34.378,34.11,34.239,6219,0
2014-08-25,34.565,34.565,34.396,34.464,14406,0
2014-08-26,34.421,34.472,34.323,34.453,42352,0
2014-08-27,34.573,34.873,34.573,34.838,5778,0
2014-08-28,34.565,34.573,34.361,34.396,4158,0
2014-08-29,34.518,34.705,34.518,34.705,5939,0
2014-09-02,34.787,35.021,34.787,35.002,16283,0
2014-09-03,35.309,35.587,35.309,35.579,4372,0
2014-09-04,35.569,35.569,35.323,35.323,7773,0
2014-09-05,35.466,35.532,35.309,35.411,7775,0
2014-09-08,35.411,35.411,34.853,34.853,2703,0
2014-09-09,34.573,34.713,34.416,34.416,6000,0
2014-09-10,34.22,34.378,34.184,34.295,4918,0
2014-09-11,34.184,34.406,34.184,34.397,2536,0
2014-09-12,34.165,34.165,33.699,33.811,25860,0
2014-09-15,33.718,33.718,33.374,33.476,8813,0
2014-09-16,33.515,34.174,33.515,34.146,58122,0
2014-09-17,34.09,34.09,33.639,33.639,38225,0
2014-09-18,33.486,33.615,33.318,33.338,11592,0
2014-09-19,33.16,33.237,33.002,33.035,155142,0
2014-09-22,32.723,32.881,32.435,32.529,22178,0
2014-09-23,32.547,32.547,32.25,32.351,13756,0
2014-09-24,32.323,32.956,32.323,32.9,10063,0
2014-09-25,32.789,32.789,32.304,32.388,7517,0
2014-09-26,32.277,32.631,32.277,32.51,20665,0
2014-09-29,31.83,31.942,31.616,31.783,86363,0
2014-09-30,31.998,32.077,31.905,32.077,5121,0
2014-10-01,31.822,31.822,31.394,31.394,12146,0
2014-10-02,31.218,31.469,31.051,31.311,12344,0
2014-10-03,31.616,31.665,31.291,31.625,15311,0
2014-10-06,32.539,32.539,32.388,32.529,30467,0
2014-10-07,32.547,32.662,32.304,32.314,105411,0
2014-10-08,32.417,32.755,32.082,32.742,27861,0
2014-10-09,32.515,32.515,32.137,32.183,41276,0
2014-10-10,31.826,32.092,31.538,31.538,5007,0
2014-10-13,31.998,32.388,31.998,32.203,5614,0
2014-10-14,32.137,32.175,31.905,31.961,5657,0
2014-10-15,31.645,31.645,30.937,31.487,21580,0
2014-10-16,31.162,31.506,30.917,31.179,6235,0
2014-10-17,31.638,31.74,31.449,31.665,6395,0
2014-10-20,31.633,31.665,31.535,31.608,8765,0
2014-10-21,31.58,31.673,31.509,31.616,5843,0
2014-10-22,31.645,31.793,31.598,31.635,13801,0
2014-10-23,31.487,31.487,31.123,31.162,10302,0
2014-10-24,31.301,31.83,31.301,31.655,8135,0
2014-10-27,31.086,31.263,30.816,31.171,15728,0
2014-10-28,31.506,32.044,31.506,32.034,12408,0
2014-10-29,32.082,32.23,31.83,31.868,4078,0
2014-10-30,32.044,32.417,32.044,32.371,4908,0
2014-10-31,32.539,32.631,32.453,32.557,8462,0
2014-11-03,32.137,32.314,32.073,32.183,5427,0
2014-11-04,32.175,32.443,32.175,32.361,13466,0
2014-11-05,32.26,32.26,32.008,32.175,12159,0
2014-11-06,31.677,31.775,31.573,31.573,11533,0
2014-11-07,31.783,31.783,31.58,31.64,35422,0
2014-11-10,31.822,31.885,31.645,31.655,17730,0
2014-11-11,31.766,31.766,31.514,31.766,9730,0
2014-11-12,31.72,31.925,31.681,31.681,6091,0
2014-11-13,31.786,31.849,31.43,31.561,13491,0
2014-11-14,31.403,31.571,31.384,31.563,8883,0
2014-11-17,31.301,31.338,31.171,31.171,9330,0
2014-11-18,31.171,31.422,31.171,31.422,13791,0
2014-11-19,31.476,31.665,31.476,31.646,6010,0
2014-11-20,31.616,31.858,31.616,31.72,5036,0
2014-11-21,32.342,32.845,32.342,32.826,51829,0
2014-11-24,32.602,32.621,32.286,32.286,10532,0
2014-11-25,32.443,32.547,32.314,32.314,53582,0
2014-11-26,32.789,32.854,32.547,32.798,5490,0
2014-11-28,32.38,32.443,32.137,32.221,3343,0
2014-12-01,31.514,31.757,31.332,31.413,40431,0
2014-12-02,31.44,31.586,31.338,31.346,14189,0
2014-12-03,31.459,31.459,31.366,31.393,2795,0
2014-12-04,31.44,31.44,31.179,31.263,5535,0
2014-12-05,31.218,31.346,31.208,31.301,9976,0
2014-12-08,31.051,31.143,30.808,30.808,19168,0
2014-12-09,30.416,30.64,30.416,30.501,8675,0
2014-12-10,30.686,30.854,30.528,30.557,40740,0
2014-12-11,30.399,30.547,30.196,30.202,5457,0
2014-12-12,30.212,30.232,29.924,30.027,9796,0
2014-12-15,30.064,30.064,29.231,29.535,34745,0
2014-12-16,29.228,29.432,28.818,29.268,4716,0
2014-12-17,29.386,30.119,29.386,29.924,22228,0
2014-12-18,30,30.226,29.999,30.134,7510,0
2014-12-19,30.539,30.539,30.076,30.35,37508,0
2014-12-22,30.625,30.766,30.539,30.71,6812,0
2014-12-23,30.661,30.661,30.406,30.473,7390,0
2014-12-24,30.69,30.69,30.509,30.67,10049,0
2014-12-26,30.909,31.164,30.909,30.926,47602,0
2014-12-29,31.031,31.031,30.827,30.837,27372,0
2014-12-30,30.841,30.841,30.529,30.53,20159,0
2014-12-31,30.548,30.822,30.463,30.661,25977,0
2015-01-02,30.312,30.397,30.274,30.322,11456,0
2015-01-05,30.198,30.198,29.708,29.739,19661,0
2015-01-06,29.943,29.961,29.641,29.873,9294,0
2015-01-07,30.246,30.492,30.18,30.415,8924,0
2015-01-08,30.984,31.012,30.853,30.927,3778,0
2015-01-09,30.841,30.841,30.67,30.68,3668,0
2015-01-12,30.634,30.634,30.445,30.445,2013,0
2015-01-13,30.738,30.974,30.643,30.766,4510,0
2015-01-14,30.463,30.804,30.463,30.804,8319,0
2015-01-15,30.993,30.993,30.586,30.637,3938,0
2015-01-16,30.974,30.974,30.87,30.918,1850,0
2015-01-20,31.106,31.292,31.096,31.286,13045,0
2015-01-21,31.352,31.863,31.352,31.787,8384,0
2015-01-22,32.222,32.317,31.885,32.317,56963,0
2015-01-23,32.176,32.262,31.977,32.166,40431,0
2015-01-26,31.877,32.091,31.877,31.989,4499,0
2015-01-27,31.571,32.078,31.571,31.967,6864,0
2015-01-28,32.032,32.032,31.692,31.75,16022,0
2015-01-29,31.675,31.958,31.529,31.646,4499,0
2015-01-30,31.257,31.316,30.945,30.945,5834,0
2015-02-02,31.325,31.408,31.125,31.39,23046,0
2015-02-03,31.59,31.612,31.4,31.541,16770,0
2015-02-04,31.76,31.76,31.42,31.457,24105,0
2015-02-05,31.135,31.362,31.041,31.182,6560,0
2015-02-06,30.899,31.069,30.804,30.87,4806,0
2015-02-09,30.899,30.945,30.833,30.88,3354,0
2015-02-10,31.096,31.096,30.67,30.899,7177,0
2015-02-11,30.509,30.661,30.284,30.445,4511,0
2015-02-12,30.652,31.076,30.652,31.031,10018,0
2015-02-13,31.145,31.361,31.145,31.352,9911,0
2015-02-17,31.342,31.342,31.021,31.235,5396,0
2015-02-18,31.257,31.257,31.107,31.125,2641,0
2015-02-19,30.974,31.053,30.89,31.029,3862,0
2015-02-20,30.918,31.041,30.832,30.945,5339,0
2015-02-23,31.06,31.06,30.776,30.935,13197,0
2015-02-24,30.935,31.32,30.935,31.22,5126,0
2015-02-25,31.257,31.286,31.125,31.135,2111,0
2015-02-26,31.077,31.418,31.077,31.286,5763,0
2015-02-27,31.38,31.75,31.306,31.579,14908,0
2015-03-02,31.692,31.692,31.316,31.325,7717,0
2015-03-03,31.286,31.286,31.031,31.116,8137,0
2015-03-04,30.586,30.661,30.415,30.567,10041,0
2015-03-05,30.501,30.577,30.35,30.492,5813,0
2015-03-06,30.425,30.425,29.999,30.019,3067,0
2015-03-09,29.801,29.981,29.744,29.839,9197,0
2015-03-10,29.565,29.584,29.366,29.441,6342,0
2015-03-11,29.489,29.489,29.271,29.346,15432,0
2015-03-12,29.716,29.716,29.441,29.46,4967,0
2015-03-13,29.148,29.166,28.987,28.987,7822,0
2015-03-16,29.29,29.299,29.205,29.252,14587,0
2015-03-17,29.46,29.839,29.45,29.726,21774,0
2015-03-18,29.877,30.529,29.641,30.377,30865,0
2015-03-19,30.047,30.047,29.887,29.896,9513,0
2015-03-20,30.18,30.501,29.999,30.415,9090,0
2015-03-23,30.473,30.586,30.473,30.586,1797,0
2015-03-24,30.757,30.794,30.661,30.69,9301,0
2015-03-25,30.68,30.832,30.387,30.406,4334,0
2015-03-26,30.425,30.509,30.406,30.455,13847,0
2015-03-27,30.509,30.509,30.425,30.425,2536,0
2015-03-30,31.021,31.135,31.021,31.135,11838,0
2015-03-31,30.92,31.092,30.918,31.077,15513,0
2015-04-01,31.39,31.731,31.39,31.636,4862,0
2015-04-02,32.024,32.024,31.958,31.996,2643,0
2015-04-06,32.166,32.497,32.091,32.223,100522,0
2015-04-07,32.346,32.555,32.184,32.184,17462,0
2015-04-08,33.301,33.444,33.246,33.367,11521,0
2015-04-09,33.415,33.671,33.397,33.661,45174,0
2015-04-10,33.471,33.51,33.32,33.51,2220,0
2015-04-13,33.519,33.547,33.282,33.367,11521,0
2015-04-14,33.141,33.367,33.141,33.367,3594,0
2015-04-15,33.226,33.537,33.206,33.537,10505,0
2015-04-16,33.916,34.193,33.756,34.048,15314,0
2015-04-17,33.425,33.596,33.34,33.434,20930,0
2015-04-20,33.358,33.425,33.349,33.387,7689,0
2015-04-21,33.528,33.793,33.528,33.612,13275,0
2015-04-22,34.295,34.493,34.21,34.456,8484,0
2015-04-23,34.56,34.985,34.531,34.881,7081,0
2015-04-24,34.985,35.042,34.901,35.005,8592,0
2015-04-27,35.269,35.543,35.269,35.486,50313,0
2015-04-28,35.516,35.534,35.374,35.526,12352,0
2015-04-29,35.176,35.176,34.937,35.071,7611,0
2015-04-30,34.843,34.843,34.362,34.512,17759,0
2015-05-01,34.502,34.825,34.466,34.815,4862,0
2015-05-04,34.721,34.853,34.626,34.853,18497,0
2015-05-05,34.447,34.531,34.342,34.342,42704,0
2015-05-06,34.247,34.398,33.916,33.972,10280,0
2015-05-07,33.907,33.907,33.519,33.717,9560,0
2015-05-08,34.227,34.342,34.227,34.342,1480,0
2015-05-11,34.484,34.484,34.191,34.227,3804,0
2015-05-12,33.972,34.21,33.972,34.21,9244,0
2015-05-13,34.218,34.218,33.775,33.775,21881,0
2015-05-14,33.878,34.2,33.878,34.2,5920,0
2015-05-15,34.257,34.55,34.257,34.55,2244,0
2015-05-18,34.721,34.721,34.266,34.341,19374,0
2015-05-19,34.227,34.237,34.163,34.163,3541,0
2015-05-20,34.266,34.427,34.163,34.427,12155,0
2015-05-21,34.218,34.227,34.153,34.227,3594,0
2015-05-22,34.305,34.305,34.124,34.21,28856,0
2015-05-26,34.031,34.031,33.566,33.68,3553,0
2015-05-27,33.652,33.878,33.576,33.821,10254,0
2015-05-28,33.358,33.358,33.122,33.292,18985,0
2015-05-29,33.471,33.519,33.188,33.197,7505,0
2015-06-01,33.188,33.358,32.459,33.358,20035,0
2015-06-02,33.405,33.519,33.141,33.501,6425,0
2015-06-03,33.377,33.434,33.377,33.415,1374,0
2015-06-04,33.216,33.255,32.998,33.017,4018,0
2015-06-05,32.904,32.913,32.8,32.865,1903,0
2015-06-08,32.894,32.894,32.894,32.894,210,0
2015-06-09,32.601,32.601,32.317,32.375,5028,0
2015-06-10,32.555,32.687,32.546,32.639,4549,0
2015-06-11,32.64,32.64,32.545,32.64,3220,0
2015-06-12,32.668,32.668,32.658,32.658,951,0
2015-06-15,32.336,32.439,32.262,32.422,11521,0
2015-06-16,32.336,32.393,32.252,32.355,3171,0
2015-06-17,32.262,32.422,32.119,32.412,2220,0
2015-06-18,32.449,32.517,32.365,32.403,17968,0
2015-06-19,32.289,32.289,32.204,32.289,3487,0
2015-06-22,32.469,32.658,32.469,32.658,3277,0
2015-06-23,32.724,32.791,32.669,32.724,5529,0
2015-06-24,32.835,32.835,32.547,32.547,2091,0
2015-06-25,32.232,32.279,32.126,32.279,7319,0
2015-06-26,31.964,32.049,31.926,31.934,44332,0
2015-06-29,31.495,31.82,31.198,31.236,431926,0
2015-06-30,31.715,31.878,31.715,31.741,3890,0
2015-07-01,31.744,31.896,31.542,31.542,7842,0
2015-07-02,31.744,31.848,31.744,31.781,6379,0
2015-07-06,30.903,30.903,30.701,30.74,7527,0
2015-07-07,30.07,30.07,29.543,30.05,9515,0
2015-07-08,29.63,29.63,29.18,29.18,12755,0
2015-07-09,30.012,30.395,30.012,30.319,17775,0
2015-07-10,30.74,31.102,30.74,31.102,4601,0
2015-07-13,31.246,31.351,31.246,31.304,941,0
2015-07-14,31.314,31.552,31.314,31.457,2888,0
2015-07-15,31.333,31.333,31.102,31.102,7113,0
2015-07-16,31.6,31.619,31.351,31.437,11607,0
2015-07-17,31.572,31.572,31.379,31.532,9515,0
2015-07-20,31.437,31.437,31.131,31.189,6065,0
2015-07-21,31.161,31.514,31.161,31.361,1883,0
2015-07-22,31.016,31.083,30.968,30.998,9202,0
2015-07-23,30.92,30.988,30.74,30.893,3974,0
2015-07-24,30.462,30.462,30.165,30.165,2300,0
2015-07-27,29.783,29.783,29.487,29.525,8783,0
2015-07-28,29.553,29.706,29.515,29.678,9724,0
2015-07-29,29.897,30.117,29.897,30.032,4706,0
2015-07-30,29.763,29.946,29.736,29.907,3242,0
2015-07-31,30.309,30.337,30.127,30.165,3974,0
2015-08-03,29.974,30.107,29.849,29.87,6976,0
2015-08-04,29.974,30.117,29.793,29.955,3555,0
2015-08-05,30.06,30.079,29.773,29.974,10978,0
2015-08-06,29.678,29.678,29.394,29.419,2682,0
2015-08-07,29.295,29.525,29.295,29.525,7842,0
2015-08-10,29.467,30.041,29.467,30.002,14325,0
2015-08-11,29.323,29.401,29.252,29.323,10100,0
2015-08-12,28.998,29.286,28.922,29.267,8365,0
2015-08-13,29.209,29.229,29.036,29.229,3974,0
2015-08-14,29.17,29.229,29.142,29.142,12129,0
2015-08-17,28.941,29.066,28.941,29.027,4496,0
2015-08-18,28.674,28.769,28.674,28.693,6482,0
2015-08-19,28.511,28.511,27.966,28.233,16937,0
2015-08-20,27.708,28.138,27.708,27.87,47678,0
2015-08-21,27.372,27.621,26.932,26.932,22584,0
2015-08-24,24.446,26.421,24.236,25.824,18231,0
2015-08-25,26.866,27.049,26.062,26.062,108112,0
2015-08-26,26.416,26.416,26.005,26.283,42242,0
2015-08-27,27.075,27.898,27.075,27.851,5960,0
2015-08-28,27.593,27.65,27.44,27.497,21225,0
2015-08-31,27.133,27.487,27.104,27.44,38373,0
2015-09-01,26.904,26.904,26.512,26.645,68903,0
2015-09-02,26.837,26.837,26.426,26.751,13487,0
2015-09-03,26.722,27.019,26.684,26.684,10978,0
2015-09-04,26.549,26.549,26.168,26.168,3450,0
2015-09-08,26.817,26.866,26.761,26.847,4496,0
2015-09-09,27.202,27.202,26.674,26.674,2405,0
2015-09-10,26.761,26.946,26.761,26.932,6143,0
2015-09-11,26.797,26.961,26.78,26.961,4288,0
2015-09-14,26.885,27.019,26.885,26.97,3450,0
2015-09-15,27.039,27.257,27.039,27.202,1359,0
2015-09-16,27.354,27.861,27.354,27.746,2928,0
2015-09-17,27.535,27.89,27.459,27.612,3320,0
2015-09-18,27.228,27.382,27.219,27.219,9202,0
2015-09-21,27.085,27.085,26.866,26.866,8365,0
2015-09-22,26.771,26.771,26.493,26.493,1359,0
2015-09-23,26.483,26.483,26.025,26.025,4452,0
2015-09-24,25.681,26.042,25.671,26.042,5218,0
2015-09-25,26.283,26.369,26.243,26.243,732,0
2015-09-28,25.584,25.631,25.584,25.631,746,0
2015-09-29,25.412,25.699,25.335,25.508,8783,0
2015-09-30,26.025,26.225,26.025,26.091,6693,0
2015-10-01,26.349,26.349,26.091,26.283,19239,0
2015-10-02,26.138,26.99,26.138,26.99,7632,0
2015-10-05,27.192,27.344,27.192,27.32,13955,0
2015-10-06,27.325,27.325,27.143,27.257,8470,0
2015-10-07,27.784,27.861,27.726,27.778,1898,0
2015-10-08,27.861,28.147,27.851,28.147,732,0
2015-10-09,28.061,28.396,28.061,28.185,2405,0
2015-10-12,28.109,28.41,28.109,28.157,11812,0
2015-10-13,28.042,28.271,27.937,27.966,6379,0
2015-10-14,28.014,28.348,28.014,28.185,2928,0
2015-10-15,28.491,28.883,28.491,28.874,4496,0
2015-10-16,28.693,28.912,28.693,28.912,2510,0
2015-10-19,28.739,28.739,28.606,28.616,4138,0
2015-10-20,28.808,28.808,28.702,28.702,2510,0
2015-10-21,28.712,28.712,28.473,28.53,4601,0
2015-10-22,28.971,29.229,28.971,29.151,3555,0
2015-10-23,29.467,29.467,29.16,29.219,14532,0
2015-10-26,29.027,29.027,28.893,28.932,5541,0
2015-10-27,28.491,28.54,28.396,28.54,11082,0
2015-10-28,28.434,28.883,28.004,28.109,9096,0
2015-10-29,27.966,27.974,27.937,27.937,6693,0
2015-10-30,28.052,28.052,27.821,27.821,5855,0
2015-11-02,27.937,28.019,27.746,27.966,10394,0
2015-11-03,27.861,28.443,27.861,28.443,8365,0
2015-11-04,28.586,28.586,28.234,28.243,4940,0
2015-11-05,28.424,28.501,28.348,28.377,21434,0
2015-11-06,28.224,28.224,27.794,28.1,13487,0
2015-11-09,28.032,28.032,27.66,27.66,3702,0
2015-11-10,27.516,27.746,27.497,27.717,155582,0
2015-11-11,27.927,28.061,27.908,27.947,39523,0
2015-11-12,27.841,27.88,27.66,27.66,6796,0
2015-11-13,27.612,27.612,27.277,27.391,11501,0
2015-11-16,27.497,27.812,27.41,27.755,9410,0
2015-11-17,27.89,27.89,27.688,27.736,9305,0
2015-11-18,27.861,27.974,27.794,27.917,3555,0
2015-11-19,27.937,28.319,27.937,28.166,7424,0
2015-11-20,28.559,28.702,28.511,28.53,16624,0
2015-11-23,28.453,28.453,28.215,28.215,1464,0
2015-11-24,27.994,28.319,27.994,28.281,6796,0
2015-11-25,28.195,28.195,27.851,27.851,6274,0
2015-11-27,27.668,27.668,27.277,27.277,3555,0
2015-11-30,27.143,27.192,26.97,26.98,5541,0
2015-12-01,27.075,27.382,27.075,27.306,26245,0
2015-12-02,27.238,27.238,26.956,27.015,4336,0
2015-12-03,27.133,27.238,26.914,26.923,4308,0
2015-12-04,27.019,27.162,27.019,27.153,1359,0
2015-12-07,27.009,27.009,26.684,26.78,13174,0
2015-12-08,26.483,26.596,26.381,26.521,6013,0
2015-12-09,26.598,26.789,26.541,26.541,4182,0
2015-12-10,26.474,26.474,26.235,26.301,10769,0
2015-12-11,26.005,26.005,25.498,25.518,4496,0
2015-12-14,25.708,25.776,25.603,25.689,11927,0
2015-12-15,26.187,26.243,26.091,26.11,33249,0
2015-12-16,26.206,26.464,26.082,26.445,13698,0
2015-12-17,26.474,26.512,26.301,26.436,34923,0
2015-12-18,26.1,26.292,26.1,26.187,16207,0
2015-12-21,26.341,26.341,25.84,26.168,19520,0
2015-12-22,26.1,26.389,26.1,26.37,10494,0
2015-12-23,26.774,26.871,26.678,26.822,24504,0
2015-12-24,26.707,26.89,26.697,26.736,2791,0
2015-12-28,26.428,26.774,26.331,26.774,8951,0
2015-12-29,26.837,26.919,26.668,26.668,8649,0
2015-12-30,26.332,26.332,26.206,26.206,11924,0
2015-12-31,26.36,26.36,26.206,26.255,13546,0
2016-01-04,25.801,25.801,25.282,25.427,3435,0
2016-01-05,25.368,25.523,25.368,25.523,4181,0
2016-01-06,25.377,25.377,25.166,25.166,4378,0
2016-01-07,24.707,24.827,24.366,24.366,5872,0
2016-01-08,24.414,24.414,24.1,24.1,8673,0
2016-01-11,24.174,24.174,23.799,24.009,21843,0
2016-01-12,24.078,24.242,24.06,24.164,22896,0
2016-01-13,24.366,24.366,23.986,23.986,3621,0
2016-01-14,23.837,24.266,23.837,24.213,2187,0
2016-01-15,23.182,23.558,23.182,23.538,4732,0
2016-01-19,23.625,23.789,23.471,23.577,7787,0
2016-01-20,22.96,23.182,22.858,23.153,7165,0
2016-01-21,22.715,23.219,22.715,23.093,12216,0
2016-01-22,23.5,23.83,23.5,23.76,8228,0
2016-01-25,23.538,23.697,23.538,23.603,4441,0
2016-01-26,23.423,23.789,23.423,23.779,25453,0
2016-01-27,23.528,23.855,23.528,23.654,15913,0
2016-01-28,24.078,24.125,23.938,24.083,12010,0
2016-01-29,24.396,24.925,24.396,24.925,7823,0
2016-02-01,24.646,24.836,24.646,24.836,959,0
2016-02-02,24.308,24.326,24.104,24.104,3430,0
2016-02-03,24.232,24.502,24.232,24.502,1149,0
2016-02-04,24.616,24.692,24.513,24.549,4605,0
2016-02-05,24.472,24.543,24.28,24.289,1583,0
2016-02-08,23.933,23.952,23.815,23.815,2820,0
2016-02-09,23.711,23.779,23.587,23.769,1190,0
2016-02-10,24.02,24.117,24.02,24.117,861,0
2016-02-11,23.587,23.785,23.538,23.654,6243,0
2016-02-12,23.731,23.991,23.693,23.953,3377,0
2016-02-16,24.462,24.685,24.462,24.544,1951,0
2016-02-17,25.227,25.282,25.227,25.282,2785,0
2016-02-18,25.263,25.264,25.263,25.263,2077,0
2016-02-19,25.05,25.233,25.05,25.156,1403,0
2016-02-22,25.657,25.811,25.657,25.677,2084,0
2016-02-23,25.526,25.526,25.339,25.339,1070,0
2016-02-24,25.021,25.176,24.819,25.176,2459,0
2016-02-25,25.228,25.413,25.175,25.315,94278,0
2016-02-26,25.523,25.571,25.223,25.223,757,0
2016-02-29,25.464,25.464,25.234,25.234,1706,0
2016-03-01,25.445,26.056,25.427,25.936,4209,0
2016-03-02,26.035,26.352,26.035,26.258,1582,0
2016-03-03,26.434,26.737,26.434,26.688,1212,0
2016-03-04,26.996,27.353,26.996,27.218,3272,0
2016-03-07,26.928,26.928,26.746,26.928,1352,0
2016-03-08,26.746,26.746,26.504,26.588,802,0
2016-03-09,26.822,26.914,26.698,26.861,1764,0
2016-03-10,26.881,26.881,26.702,26.794,2275,0
2016-03-11,27.199,27.397,27.199,27.362,625,0
2016-03-14,27.208,27.391,27.208,27.391,3151,0
2016-03-15,27.092,27.092,26.924,26.948,925,0
2016-03-16,26.438,26.996,26.438,26.996,2008,0
2016-03-17,27.806,27.968,27.806,27.968,4977,0
2016-03-18,28.017,28.065,28.017,28.065,942,0
2016-03-21,28.203,28.233,28.132,28.132,2976,0
2016-03-22,28.084,28.132,27.709,28.059,1802,0
2016-03-23,27.93,27.93,27.468,27.468,1817,0
2016-03-24,27.371,27.468,27.286,27.468,941,0
2016-03-28,27.669,27.669,27.669,27.669,104,0
2016-03-29,27.516,27.622,27.516,27.622,207,0
2016-03-30,28.315,28.488,28.315,28.476,13267,0
2016-03-31,28.537,28.682,28.46,28.46,907,0
2016-04-01,28.21,28.527,28.036,28.527,2673,0
2016-04-04,28.238,28.238,27.92,27.92,2157,0
2016-04-05,27.721,27.796,27.583,27.583,4170,0
2016-04-06,27.583,27.853,27.525,27.786,4113,0
2016-04-07,27.535,27.586,27.459,27.512,1066,0
2016-04-08,28.257,28.257,28.17,28.247,2398,0
2016-04-11,28.479,28.509,28.44,28.509,537,0
2016-04-12,28.893,28.893,28.893,28.893,445,0
2016-04-13,29.326,29.326,29.229,29.326,2247,0
2016-04-14,29.182,29.261,29.115,29.261,1399,0
2016-04-15,29.182,29.182,28.989,29.054,5939,0
2016-04-18,28.961,29.037,28.961,29.037,502,0
2016-04-19,29.375,29.442,29.375,29.427,5258,0
2016-04-20,29.288,29.288,29.076,29.076,344,0
2016-04-21,28.932,28.932,28.778,28.797,3985,0
2016-04-22,28.874,28.906,28.766,28.816,2621,0
2016-04-25,28.614,28.758,28.614,28.662,1079,0
2016-04-26,28.738,28.785,28.71,28.731,1965,0
2016-04-27,28.943,28.943,28.884,28.884,394,0
2016-04-28,28.883,29.008,28.869,28.869,32592,0
2016-04-29,28.73,28.73,28.73,28.73,162,0
2016-05-02,29.085,29.085,28.816,28.891,1515,0
2016-05-03,28.72,28.72,28.383,28.51,2084,0
2016-05-04,28.421,28.421,28.324,28.344,2130,0
2016-05-05,28.508,28.561,28.475,28.475,685,0
2016-05-06,28.383,28.584,28.383,28.584,1481,0
2016-05-09,28.575,28.575,27.977,28.161,16056,0
2016-05-10,28.409,28.565,28.344,28.565,5621,0
2016-05-11,28.864,28.864,28.488,28.643,4144,0
2016-05-12,28.797,28.813,28.797,28.813,322,0
2016-05-13,28.308,28.414,28.161,28.2,2325,0
2016-05-16,28.388,28.518,28.388,28.488,1324,0
2016-05-17,28.465,28.465,28.238,28.315,4275,0
2016-05-18,28.2,28.3,28.126,28.126,1582,0
2016-05-19,27.689,27.737,27.596,27.737,2578,0
2016-05-20,28.084,28.084,27.959,27.96,3571,0
2016-05-23,27.823,27.823,27.669,27.782,2712,0
2016-05-24,28.036,28.036,27.93,27.952,1404,0
2016-05-25,28.046,28.061,27.901,27.901,6632,0
2016-05-26,27.95,28.11,27.95,28.007,2253,0
2016-05-27,27.944,28.041,27.891,27.911,1237,0
2016-05-31,28.094,28.132,27.977,28.084,1393,0
2016-06-01,27.911,27.911,27.727,27.727,2439,0
2016-06-02,27.747,27.843,27.737,27.781,2725,0
2016-06-03,27.891,28.21,27.891,28.21,944,0
2016-06-06,28.113,28.374,28.113,28.374,955,0
2016-06-07,28.669,28.672,28.518,28.518,8258,0
2016-06-08,28.729,28.988,28.729,28.961,4147,0
2016-06-09,28.8,28.8,28.798,28.798,1459,0
2016-06-10,28.21,28.228,28.036,28.036,9014,0
2016-06-13,27.919,27.919,27.727,27.819,1346,0
2016-06-14,27.449,27.484,27.4,27.478,3584,0
2016-06-15,27.583,27.824,27.583,27.737,2470,0
2016-06-16,27.189,27.713,27.189,27.713,2006,0
2016-06-17,27.822,27.882,27.822,27.872,1720,0
2016-06-20,28.22,28.537,28.22,28.537,3087,0
2016-06-21,28.666,28.666,28.401,28.618,1287,0
2016-06-22,28.625,28.625,28.625,28.625,140,0
2016-06-23,28.833,29.113,28.794,29.113,12661,0
2016-06-24,27.547,28.225,27.547,27.92,8171,0
2016-06-27,27.988,27.988,27.459,27.519,1700,0
2016-06-28,28.205,28.336,28.155,28.303,7131,0
2016-06-29,28.872,28.872,28.872,28.872,203,0
2016-06-30,29.048,29.343,29.048,29.239,655,0
2016-07-01,30.129,30.129,29.372,29.372,266,0
2016-07-05,29.059,29.059,28.658,28.658,12449,0
2016-07-06,28.359,28.509,28.359,28.509,2501,0
2016-07-07,28.607,28.607,28.402,28.402,2542,0
2016-07-08,28.77,28.941,28.77,28.941,2524,0
2016-07-11,29.162,29.216,29.151,29.216,2418,0
2016-07-12,29.383,29.412,29.343,29.343,2220,0
2016-07-13,29.216,29.245,29.136,29.245,1331,0
2016-07-14,29.383,29.598,29.383,29.52,3089,0
2016-07-15,29.46,29.46,29.407,29.407,1219,0
2016-07-18,29.56,29.727,29.55,29.727,2412,0
2016-07-19,29.49,29.737,29.49,29.589,10026,0
2016-07-20,29.834,29.858,29.805,29.858,970,0
2016-07-21,29.952,30.089,29.952,29.972,2606,0
2016-07-22,29.973,30.079,29.973,30.079,535,0
2016-07-25,29.871,29.871,29.638,29.707,3475,0
2016-07-26,30.021,30.021,29.972,30.011,1201,0
2016-07-27,30.05,30.05,30.05,30.05,306,0
2016-07-28,29.895,30.031,29.895,30.031,8911,0
2016-07-29,30.031,30.236,30.031,30.236,1350,0
2016-08-01,30.344,30.344,30.04,30.047,1620,0
2016-08-02,29.894,29.894,29.717,29.844,3538,0
2016-08-03,29.765,30.05,29.765,30.007,492,0
2016-08-04,30.159,30.231,30.159,30.209,1244,0
2016-08-05,30.344,30.423,30.237,30.423,1895,0
2016-08-08,30.473,30.639,30.473,30.542,1589,0
2016-08-09,30.581,30.816,30.581,30.786,2012,0
2016-08-10,30.806,30.865,30.775,30.775,967,0
2016-08-11,30.777,31.219,30.777,31.219,7385,0
2016-08-12,31.317,31.317,30.983,31.06,8045,0
2016-08-15,31.356,31.405,31.337,31.356,2554,0
2016-08-16,31.277,31.315,31.277,31.315,2359,0
2016-08-17,31.13,31.257,30.966,31.238,3554,0
2016-08-18,31.474,31.522,31.415,31.43,6566,0
2016-08-19,31.219,31.277,31.108,31.277,3117,0
2016-08-22,30.966,31.011,30.806,30.902,18834,0
2016-08-23,31.052,31.062,30.925,30.943,6643,0
2016-08-24,30.659,30.932,30.659,30.924,3333,0
2016-08-25,31.012,31.032,30.973,30.993,9110,0
2016-08-26,31.405,31.405,30.658,30.658,1035,0
2016-08-29,30.649,30.978,30.63,30.963,3546,0
2016-08-30,30.835,30.841,30.777,30.826,2784,0
2016-08-31,30.639,30.816,30.581,30.688,14989,0
2016-09-01,30.386,30.55,30.386,30.55,1225,0
2016-09-02,30.757,30.898,30.757,30.883,1423,0
2016-09-06,31.052,31.366,31.052,31.366,2348,0
2016-09-07,31.248,31.327,31.201,31.28,2066,0
2016-09-08,31.348,31.484,31.297,31.375,11359,0
2016-09-09,30.826,30.826,30.541,30.541,6789,0
2016-09-12,30.344,30.6,30.171,30.514,3144,0
2016-09-13,30.364,30.364,29.687,29.834,3533,0
2016-09-14,30.031,30.031,29.683,29.683,4641,0
2016-09-15,29.882,30.011,29.882,29.942,2285,0
2016-09-16,29.658,29.865,29.658,29.789,7067,0
2016-09-19,29.952,30.001,29.938,29.938,1008,0
2016-09-20,30.187,30.187,29.976,30.087,2833,0
2016-09-21,30.187,30.499,30.187,30.499,1342,0
2016-09-22,31.042,31.042,30.67,30.777,11902,0
2016-09-23,30.561,30.561,30.521,30.521,370,0
2016-09-26,30.326,30.326,30.04,30.04,3687,0
2016-09-27,29.997,29.997,29.997,29.997,374,0
2016-09-28,30.276,30.384,30,30.358,5706,0
2016-09-29,30.561,30.561,29.942,30.04,32353,0
2016-09-30,30.085,30.178,30.085,30.131,1347,0
2016-10-03,30.276,30.276,30.102,30.252,2150,0
2016-10-04,30.286,30.296,29.962,30.021,7245,0
2016-10-05,30.276,30.433,30.276,30.394,870,0
2016-10-06,30.404,30.571,30.286,30.541,15636,0
2016-10-07,30.296,30.414,30.178,30.178,1478,0
2016-10-10,30.227,30.561,30.227,30.551,2512,0
2016-10-11,30.256,30.256,30.129,30.139,2343,0
2016-10-12,29.775,29.836,29.775,29.836,1671,0
2016-10-13,29.633,29.893,29.555,29.815,1145,0
2016-10-14,29.994,29.994,29.994,29.994,141,0
2016-10-17,30.018,30.078,30.018,30.078,494,0
2016-10-18,30.334,30.531,30.149,30.446,7358,0
2016-10-19,30.44,30.521,30.44,30.521,1128,0
2016-10-20,30.58,30.61,30.58,30.61,203,0
2016-10-21,30.364,30.491,30.364,30.458,3143,0
2016-10-24,30.581,30.61,30.581,30.6,2222,0
2016-10-25,30.519,30.639,30.414,30.414,6254,0
2016-10-26,30.217,30.414,30.217,30.364,3618,0
2016-10-27,30.151,30.151,30.057,30.057,1157,0
2016-10-28,30.07,30.07,29.579,29.624,12332,0
2016-10-31,29.648,29.657,29.589,29.589,1253,0
2016-11-01,29.451,29.49,29.093,29.128,2723,0
2016-11-02,28.964,28.964,28.827,28.931,2887,0
2016-11-03,28.823,28.998,28.814,28.843,3746,0
2016-11-04,28.749,28.865,28.577,28.621,2214,0
2016-11-07,29.108,29.48,29.108,29.461,1090,0
2016-11-08,29.255,29.795,29.255,29.795,1134,0
2016-11-09,28.676,29.088,28.676,28.947,5320,0
2016-11-10,28.362,28.362,27.606,27.606,7060,0
2016-11-11,27.282,27.282,26.721,26.9,17400,0
2016-11-14,26.633,26.899,26.625,26.899,8660,0
2016-11-15,27.38,27.636,27.274,27.617,8616,0
2016-11-16,27.367,27.51,27.321,27.498,16289,0
2016-11-17,27.645,27.749,27.596,27.596,1734,0
2016-11-18,27.711,27.711,27.529,27.586,5329,0
2016-11-21,27.616,27.821,27.616,27.714,17384,0
2016-11-22,27.95,28.037,27.92,28.018,4217,0
2016-11-23,27.821,27.821,27.694,27.756,2931,0
2016-11-25,27.714,27.841,27.714,27.841,1465,0
2016-11-28,27.92,27.95,27.851,27.93,1545,0
2016-11-29,27.998,27.998,27.655,27.743,5463,0
2016-11-30,28.312,28.312,27.808,27.938,5742,0
2016-12-01,27.714,27.714,27.331,27.37,6145,0
2016-12-02,27.37,27.498,27.232,27.232,5720,0
2016-12-05,27.426,27.449,27.38,27.399,3955,0
2016-12-06,27.214,27.572,27.214,27.488,6207,0
2016-12-07,27.478,28.034,27.478,28.012,6430,0
2016-12-08,27.821,27.969,27.803,27.937,4047,0
2016-12-09,27.81,28.028,27.793,27.969,16514,0
2016-12-12,27.795,27.9,27.618,27.664,8672,0
2016-12-13,27.803,28.107,27.803,28.107,9158,0
2016-12-14,28.175,28.175,27.616,27.657,16789,0
2016-12-15,27.586,27.586,27.39,27.559,4914,0
2016-12-16,27.361,27.545,27.361,27.387,5858,0
2016-12-19,27.272,27.506,27.272,27.321,3297,0
2016-12-20,27.449,27.449,27.204,27.242,7063,0
2016-12-21,27.252,27.441,27.196,27.232,3238,0
2016-12-22,27.375,27.375,27.177,27.305,3449,0
2016-12-23,26.958,27.267,26.958,27.157,9912,0
2016-12-27,27.097,27.318,27.097,27.288,3052,0
2016-12-28,27.405,27.524,27.316,27.448,11054,0
2016-12-29,27.574,28.011,27.574,27.862,5546,0
2016-12-30,27.763,28.031,27.693,27.803,9258,0
2017-01-03,27.961,28.021,27.803,27.872,8157,0
2017-01-04,28.031,28.16,27.991,28.125,7433,0
2017-01-05,28.269,28.398,28.269,28.329,9590,0
2017-01-06,28.21,28.24,28.002,28.14,5954,0
2017-01-09,28.18,28.235,27.964,28.123,13004,0
2017-01-10,28.379,28.379,28.196,28.329,6922,0
2017-01-11,28.081,28.261,28.081,28.25,1724,0
2017-01-12,28.261,28.453,28.169,28.379,4972,0
2017-01-13,28.336,28.399,28.279,28.289,6127,0
2017-01-17,28.438,28.438,28.227,28.231,4156,0
2017-01-18,28.264,28.281,28.19,28.225,1452,0
2017-01-19,28.188,28.218,28.14,28.14,2001,0
2017-01-20,28.13,28.314,28.101,28.287,18118,0
2017-01-23,28.274,28.657,28.274,28.657,5083,0
2017-01-24,28.736,28.749,28.627,28.663,2545,0
2017-01-25,28.758,28.845,28.75,28.776,1027,0
2017-01-26,28.726,28.777,28.634,28.677,27966,0
2017-01-27,28.677,28.687,28.627,28.627,2802,0
2017-01-30,28.498,28.657,28.498,28.656,2113,0
2017-01-31,28.855,28.855,28.535,28.541,5752,0
2017-02-01,28.508,28.627,28.458,28.597,8371,0
2017-02-02,28.557,28.854,28.557,28.854,8884,0
2017-02-03,28.925,29.083,28.925,29.049,1579,0
2017-02-06,28.935,28.935,28.86,28.86,1152,0
2017-02-07,28.823,28.871,28.756,28.869,4417,0
2017-02-08,29.064,29.292,29.064,29.292,3586,0
2017-02-09,29.278,29.39,29.255,29.39,2602,0
2017-02-10,29.467,29.745,29.467,29.716,2750,0
2017-02-13,29.67,29.928,29.67,29.898,6772,0
2017-02-14,29.67,29.948,29.62,29.849,12431,0
2017-02-15,29.998,30.079,29.874,30.017,4184,0
2017-02-16,29.885,30.147,29.885,29.958,3694,0
2017-02-17,29.809,29.971,29.71,29.908,1987,0
2017-02-21,30.246,30.246,29.97,30.134,7415,0
2017-02-22,30.246,30.445,30.158,30.267,14893,0
2017-02-23,30.514,30.514,30.104,30.104,3475,0
2017-02-24,29.978,29.998,29.774,29.819,6154,0
2017-02-27,29.859,29.859,29.769,29.799,2539,0
2017-02-28,29.878,29.878,29.689,29.689,3349,0
2017-03-01,30.147,30.177,30.002,30.121,7896,0
2017-03-02,30.077,30.077,29.731,29.75,1661,0
2017-03-03,30.117,30.257,30.037,30.242,4446,0
2017-03-06,30.178,30.246,30.127,30.127,2294,0
2017-03-07,30.047,30.123,30.047,30.107,3105,0
2017-03-08,30.246,30.246,29.908,30.037,1710,0
2017-03-09,29.619,29.73,29.619,29.73,6219,0
2017-03-10,29.879,30.003,29.869,30.003,2585,0
2017-03-13,30.19,30.271,30.167,30.25,1012,0
2017-03-14,30.037,30.14,30.011,30.011,3488,0
2017-03-15,30.057,30.607,30.057,30.607,2677,0
2017-03-16,30.877,30.907,30.75,30.793,2193,0
2017-03-17,30.792,31.03,30.792,31.009,1647,0
2017-03-20,31.19,31.289,31.135,31.2,2624,0
2017-03-21,31.12,31.283,30.922,30.926,11582,0
2017-03-22,30.991,31.13,30.991,31.13,893,0
2017-03-23,30.961,31.279,30.961,31.151,2897,0
2017-03-24,31.231,31.339,31.231,31.339,1486,0
2017-03-27,31.289,31.386,31.16,31.386,1736,0
2017-03-28,31.34,31.446,31.34,31.369,1078,0
2017-03-29,31.457,31.557,31.378,31.557,10841,0
2017-03-30,31.459,31.54,31.39,31.408,5228,0
2017-03-31,31.35,31.517,31.333,31.517,2221,0
2017-04-03,31.448,31.704,31.448,31.704,1857,0
2017-04-04,31.588,31.786,31.588,31.776,2715,0
2017-04-05,31.786,31.932,31.786,31.806,1165,0
2017-04-06,31.686,31.726,31.518,31.577,3663,0
2017-04-07,31.658,31.658,31.541,31.541,1904,0
2017-04-10,31.369,31.521,31.369,31.521,5215,0
2017-04-11,31.627,31.627,31.162,31.394,3702,0
2017-04-12,31.448,31.486,31.437,31.486,1204,0
2017-04-13,31.408,31.697,31.408,31.567,4486,0
2017-04-17,31.706,31.915,31.706,31.915,3661,0
2017-04-18,31.458,31.627,31.309,31.438,7648,0
2017-04-20,31.214,31.249,31.14,31.195,1885,0
2017-04-21,31.071,31.16,31.071,31.16,928,0
2017-04-24,31.359,31.467,31.349,31.379,1665,0
2017-04-25,31.492,31.575,31.428,31.428,2271,0
2017-04-26,31.329,31.369,31.18,31.306,2853,0
2017-04-27,31.498,31.498,31.186,31.186,1848,0
2017-04-28,31.319,31.319,31.21,31.312,3018,0
2017-05-01,31.339,31.434,31.28,31.434,3034,0
2017-05-02,31.435,31.766,31.435,31.76,1684,0
2017-05-03,31.786,31.786,31.587,31.669,1221,0
2017-05-04,31.657,31.657,31.13,31.217,3262,0
2017-05-05,31.011,31.259,31.011,31.226,3443,0
2017-05-08,31.09,31.229,31.061,31.12,2153,0
2017-05-09,31.361,31.508,31.359,31.359,2585,0
2017-05-10,31.359,31.544,31.349,31.544,3513,0
2017-05-11,31.716,31.816,31.488,31.597,1572,0
2017-05-12,31.508,31.805,31.508,31.805,3257,0
2017-05-15,31.676,31.992,31.676,31.992,3125,0
2017-05-16,31.915,32.084,31.905,32.084,1831,0
2017-05-17,31.905,31.905,31.611,31.611,37664,0
2017-05-18,30.296,30.564,30.266,30.266,9253,0
2017-05-19,30.574,31.031,30.574,31.029,2843,0
2017-05-22,31.061,31.061,30.773,30.773,1800,0
2017-05-23,30.951,30.99,30.893,30.912,5846,0
2017-05-24,31.16,31.275,31.14,31.252,13546,0
2017-05-25,31.309,31.329,31.164,31.177,6630,0
2017-05-26,31.415,31.448,31.371,31.388,2844,0
2017-05-30,31.365,31.383,31.299,31.299,5087,0
2017-05-31,31.393,31.393,31.14,31.268,5028,0
2017-06-01,31.378,31.559,31.378,31.438,2909,0
2017-06-02,31.587,31.627,31.535,31.587,4377,0
2017-06-05,31.378,31.646,31.378,31.627,6551,0
2017-06-06,31.613,31.667,31.587,31.667,1981,0
2017-06-07,31.681,31.716,31.522,31.659,5399,0
2017-06-08,31.608,31.705,31.608,31.696,6788,0
2017-06-09,31.597,31.649,31.529,31.529,1973,0
2017-06-12,31.249,31.375,31.249,31.349,4495,0
2017-06-13,31.557,31.557,31.239,31.438,12356,0
2017-06-14,31.418,31.676,31.418,31.597,6541,0
2017-06-15,31.239,31.448,31.239,31.448,3667,0
2017-06-16,31.448,31.617,31.448,31.587,2469,0
2017-06-19,31.676,31.746,31.647,31.746,10843,0
2017-06-20,31.62,31.62,31.0936,31.21,6944,0
2017-06-21,31.2087,31.2087,31.08,31.08,2455,0
2017-06-22,31.22,31.5425,31.22,31.48,3537,0
2017-06-23,31.67,31.699,31.52,31.69,4057,0
2017-06-26,31.91,31.91,31.8605,31.8724,2853,0
2017-06-27,31.684,31.85,31.59,31.65,4577,0
2017-06-28,31.95,32.0208,31.95,32.0208,1545,0
2017-06-29,31.8,31.904,31.6423,31.7,1553,0
2017-06-30,31.989,32.08,31.985,32.0526,1151,0
2017-07-03,32,32.109,32,32.109,1070,0
2017-07-05,31.81,32.11,31.81,32.041,20777,0
2017-07-06,32.11,32.11,31.976,31.9876,1958,0
2017-07-07,32.0986,32.1025,32.084,32.1025,1497,0
2017-07-10,32.4099,32.41,32.4099,32.41,1586,0
2017-07-11,32.54,32.71,32.53,32.5764,2307,0
2017-07-12,33.06,33.245,32.968,33.245,8890,0
2017-07-13,33.26,33.4225,33.26,33.4,8237,0
2017-07-14,33.57,33.75,33.57,33.75,2906,0
2017-07-17,33.65,33.65,33.46,33.55,31813,0
2017-07-18,33.55,33.641,33.41,33.64,5050,0
2017-07-19,33.83,33.84,33.6843,33.69,11455,0
2017-07-20,33.86,34.04,33.86,34.04,5675,0
2017-07-21,34.0898,34.0898,34.025,34.025,758,0
2017-07-24,34.16,34.16,33.98,34.0213,14125,0
2017-07-25,33.9538,33.9538,33.73,33.73,2972,0
2017-07-26,33.74,33.7588,33.5,33.7406,3403,0
2017-07-27,33.92,33.9388,33.6497,33.74,3378,0
2017-07-28,33.61,33.68,33.5171,33.68,2030,0
2017-07-31,33.67,33.67,33.558,33.67,2083,0
2017-08-01,33.79,33.79,33.6502,33.68,3145,0
2017-08-02,33.7695,33.7695,33.5957,33.5957,1292,0
2017-08-03,33.53,33.679,33.53,33.5964,3969,0
2017-08-04,33.69,33.72,33.6201,33.69,3714,0
2017-08-07,33.75,33.75,33.6011,33.6011,651,0
2017-08-08,33.7001,33.793,33.695,33.695,636,0
2017-08-09,33.37,33.37,33.18,33.24,5219,0
2017-08-10,33.0055,33.0055,32.7201,32.86,1708,0
2017-08-11,32.6016,32.8083,32.6016,32.72,2546,0
2017-08-14,32.96,33.0508,32.8725,33.0508,1543,0
2017-08-15,32.92,32.9896,32.77,32.9,3340,0
2017-08-16,33.2,33.25,33.146,33.23,2816,0
2017-08-17,32.97,32.9987,32.9,32.9987,1308,0
2017-08-18,33,33.25,33,33.239,2054,0
2017-08-21,33.13,33.13,32.9697,32.9697,10918,0
2017-08-22,33.24,33.26,33.2,33.25,15345,0
2017-08-23,33.3,33.4162,33.17,33.4162,6983,0
2017-08-24,33.49,33.5006,33.41,33.43,2914,0
2017-08-25,33.42,33.535,33.3767,33.46,21632,0
2017-08-28,33.41,33.43,33.31,33.31,9658,0
2017-08-29,33.23,33.449,33.1801,33.449,10807,0
2017-08-30,33.3954,33.4403,33.311,33.4403,3169,0
2017-08-31,33.69,33.83,33.681,33.75,2920,0
2017-09-01,34.09,34.09,34.0202,34.0579,2542,0
2017-09-05,33.76,33.76,33.4001,33.46,2853,0
2017-09-06,33.65,33.6909,33.65,33.68,1159,0
2017-09-07,34.04,34.127,34.04,34.11,1617,0
2017-09-08,34.07,34.07,34.07,34.07,1337,0
2017-09-11,34.11,34.31,34.11,34.3,27318,0
2017-09-12,34.2574,34.2705,34.21,34.24,3402,0
2017-09-13,34.0496,34.0496,34.0496,34.0496,147,0
2017-09-14,34.14,34.19,34.1,34.19,13070,0
2017-09-15,34.35,34.55,34.2,34.55,28362,0
2017-09-18,35,35,34.37,34.38,23077,0
2017-09-19,34.75,34.75,34.44,34.58,6038,0
2017-09-20,34.5116,34.5116,34.2,34.31,1516,0
2017-09-21,34.39,34.4812,34.34,34.4257,5528,0
2017-09-22,34.21,34.2484,34.15,34.15,2493,0
2017-09-25,34.11,34.11,33.76,33.76,7004,0
2017-09-26,34.04,34.04,33.84,33.84,1417,0
2017-09-27,33.66,33.66,33.21,33.21,1790,0
2017-09-28,33.4478,33.4478,33.4478,33.4478,494,0
2017-09-29,33.73,33.8344,33.64,33.801,3153,0
2017-10-02,33.72,33.779,33.72,33.779,1860,0
2017-10-03,33.94,34.2,33.94,34.2,5052,0
2017-10-04,34.08,34.1714,34.04,34.1218,4251,0
2017-10-05,34.45,34.45,34.18,34.18,1901,0
2017-10-06,34,34.08,33.94,33.98,8671,0
2017-10-09,33.87,33.87,33.7717,33.7717,588,0
2017-10-10,34,34,33.79,33.79,3073,0
2017-10-11,33.68,33.89,33.5325,33.89,12239,0
2017-10-12,33.87,33.87,33.801,33.81,5704,0
2017-10-13,34.26,34.3103,34.251,34.271,5937,0
2017-10-16,34.43,34.43,34.238,34.26,29184,0
2017-10-17,34.14,34.27,34.14,34.27,2274,0
2017-10-18,34.31,34.418,34.31,34.39,16601,0
2017-10-19,34.11,34.23,34.06,34.23,1883,0
2017-10-20,34.224,34.2664,34.176,34.176,3282,0
2017-10-23,34.19,34.19,33.9,33.9494,3871,0
2017-10-24,33.96,33.96,33.83,33.8577,13341,0
2017-10-25,34.1,34.1,33.681,33.9037,1799,0
2017-10-26,34,34,33.6334,33.6334,1752,0
2017-10-27,33.96,34.11,33.96,34.11,5955,0
2017-10-30,33.8,33.87,33.694,33.72,2380,0
2017-10-31,33.84,34.0599,33.84,33.99,12788,0
2017-11-01,33.92,33.92,33.55,33.55,12939,0
2017-11-02,33.6,33.69,33.6,33.69,2816,0
2017-11-03,33.685,33.685,33.23,33.53,23159,0
2017-11-06,33.66,33.77,33.64,33.755,2597,0
2017-11-07,33.66,33.7634,33.39,33.39,4210,0
2017-11-08,33.62,33.6699,33.53,33.66,10855,0
2017-11-09,33.59,33.59,33.29,33.41,2720,0
2017-11-10,33.3,33.3,32.9201,32.95,4378,0
