Date,Open,High,Low,Close,Volume,OpenInt
2012-02-23,27.545,27.545,27.545,27.545,551,0
2012-02-28,28.096,28.903,28.096,28.113,551,0
2012-02-29,27.948,27.948,27.901,27.901,883,0
2012-03-01,28.142,28.187,28.142,28.187,1103,0
2012-03-02,28.006,28.006,28.006,28.006,1195,0
2012-03-09,27.499,27.499,27.499,27.499,220,0
2012-03-14,27.933,27.933,27.933,27.933,220,0
2012-03-16,28.314,28.314,28.314,28.314,351,0
2012-03-23,28.413,28.413,28.413,28.413,351,0
2012-04-17,27.545,27.545,27.545,27.545,220,0
2012-04-18,27.517,27.517,27.517,27.517,319,0
2012-04-24,26.971,26.971,26.971,26.971,220,0
2012-05-17,24.996,25.06,24.915,24.915,493,0
2012-05-23,24.578,24.933,24.578,24.923,17497,0
2012-05-24,24.716,24.716,24.533,24.615,1950,0
2012-05-25,24.607,24.886,24.607,24.687,57459,0
2012-05-29,25.103,25.103,24.95,24.95,992,0
2012-05-30,24.36,24.36,23.499,24.035,19872,0
2012-06-05,23.146,23.165,23.146,23.165,244,0
2012-06-06,24.039,24.085,24.039,24.085,441,0
2012-06-08,24.13,24.13,24.13,24.13,220,0
2012-06-11,24.224,24.224,24.224,24.224,220,0
2012-06-13,24.09,24.09,24.09,24.09,827,0
2012-06-15,24.186,24.563,24.177,24.555,8261,0
2012-06-18,24.378,24.46,24.378,24.424,20073,0
2012-06-19,25.131,25.177,25.131,25.177,1130,0
2012-06-21,24.858,24.858,24.858,24.858,118,0
2012-06-25,24.104,24.104,24.048,24.057,503,0
2012-06-26,23.937,23.937,23.937,23.937,401,0
2012-06-27,23.947,23.947,23.947,23.947,217,0
2012-06-29,24.977,25.015,24.931,24.969,1905,0
2012-07-03,25.436,25.436,25.216,25.216,434,0
2012-07-06,24.296,24.407,24.296,24.314,2007,0
2012-07-11,24.398,24.398,24.398,24.398,1085,0
2012-07-13,24.434,24.434,24.425,24.425,544,0
2012-07-20,24.784,24.784,24.691,24.711,2023,0
2012-07-23,24.711,24.711,23.709,23.865,917,0
2012-07-25,23.993,23.993,23.919,23.919,217,0
2012-07-27,24.959,24.959,24.959,24.959,165,0
2012-08-02,25.327,25.327,24.121,24.121,9427,0
2012-08-03,25.079,25.407,25.079,25.407,630,0
2012-08-07,25.924,25.924,25.924,25.924,175,0
2012-08-08,25.483,25.483,25.483,25.483,199,0
2012-08-09,25.5,25.777,25.483,25.767,1631,0
2012-08-10,25.721,25.721,25.721,25.721,471,0
2012-08-13,25.712,25.712,25.712,25.712,392,0
2012-08-15,25.805,25.805,25.555,25.555,708,0
2012-08-17,26.171,26.346,26.118,26.3,7621,0
2012-08-21,26.697,26.771,26.668,26.697,3317,0
2012-08-24,26.237,26.237,26.237,26.237,292,0
2012-08-27,26.42,26.429,26.412,26.42,654,0
2012-08-28,26.412,26.477,26.412,26.467,2258,0
2012-08-29,26.42,26.532,26.346,26.532,5764,0
2012-08-30,26.109,26.109,25.85,25.869,1251,0
2012-08-31,26.3,26.3,26.199,26.254,653,0
2012-09-04,25.878,25.989,25.878,25.989,819,0
2012-09-05,25.97,25.979,25.887,25.934,4062,0
2012-09-06,26.282,26.707,26.282,26.503,10265,0
2012-09-07,26.945,27.164,26.945,27.164,3980,0
2012-09-10,27.139,27.139,26.854,26.854,1792,0
2012-09-11,27.139,27.35,27.139,27.258,3045,0
2012-09-12,27.571,27.689,27.478,27.535,2655,0
2012-09-13,27.331,27.331,27.331,27.331,108,0
2012-09-14,28.481,28.61,28.27,28.444,1953,0
2012-09-17,28.204,28.204,28.204,28.204,217,0
2012-09-18,27.929,27.948,27.929,27.948,1027,0
2012-09-19,28.048,28.121,28.048,28.103,2463,0
2012-09-20,27.645,27.848,27.618,27.727,1445,0
2012-09-21,28.012,28.058,27.497,27.506,31375,0
2012-09-24,27.414,27.451,27.377,27.414,1848,0
2012-09-26,26.614,26.65,26.595,26.624,11712,0
2012-09-27,26.614,26.991,26.614,26.991,8699,0
2012-09-28,26.713,26.713,26.602,26.675,1020,0
2012-10-02,27.173,27.173,27.156,27.156,1260,0
2012-10-03,27.313,27.313,27.303,27.303,2121,0
2012-10-04,27.478,27.58,27.35,27.553,1620,0
2012-10-05,28.003,28.003,27.938,27.938,935,0
2012-10-08,27.331,27.331,27.303,27.303,253,0
2012-10-11,27.443,27.737,27.434,27.645,10075,0
2012-10-12,27.774,27.774,27.589,27.589,9158,0
2012-10-15,27.618,27.618,27.544,27.608,863,0
2012-10-16,27.911,27.911,27.911,27.911,870,0
2012-10-17,28.121,28.306,28.058,28.306,2067,0
2012-10-18,28.288,28.288,28.288,28.288,148,0
2012-10-19,27.984,27.984,27.901,27.901,1151,0
2012-10-22,28.563,28.563,28.141,28.141,789,0
2012-10-23,27.958,27.958,27.535,27.535,1848,0
2012-10-24,27.516,27.516,27.506,27.506,325,0
2012-10-25,27.571,27.655,27.571,27.655,826,0
2012-11-02,28.168,28.28,28.168,28.28,333,0
2012-11-06,28.352,28.352,28.352,28.352,325,0
2012-11-08,27.535,27.608,27.535,27.58,1065,0
2012-11-09,27.443,27.443,27.35,27.35,1014,0
2012-11-14,27.313,27.313,27.129,27.129,434,0
2012-11-16,26.761,26.761,26.761,26.761,108,0
2012-11-19,27.434,27.434,27.434,27.434,217,0
2012-11-23,28.352,28.352,28.352,28.352,108,0
2012-11-27,28.544,28.544,28.416,28.416,297,0
2012-11-28,28.288,28.544,28.288,28.544,434,0
2012-11-29,28.829,28.829,28.7,28.718,870,0
2012-11-30,29.059,29.159,29.059,29.159,395,0
2012-12-03,29.133,29.142,29.133,29.142,6088,0
2012-12-04,29.18,29.18,29.18,29.18,1740,0
2012-12-05,29.408,29.408,29.243,29.298,473,0
2012-12-06,29.38,29.38,29.353,29.362,7035,0
2012-12-07,29.125,29.26,29.068,29.26,2213,0
2012-12-10,29.335,29.335,29.315,29.315,615,0
2012-12-11,29.639,29.73,29.639,29.685,2798,0
2012-12-12,29.915,29.915,29.915,29.915,351,0
2012-12-13,29.86,29.934,29.851,29.934,499,0
2012-12-14,29.998,30.171,29.998,30.107,1400,0
2012-12-17,30.273,30.273,30.219,30.219,990,0
2012-12-18,30.514,30.715,30.514,30.696,553,0
2012-12-19,30.983,31.063,30.974,30.974,542,0
2012-12-21,30.569,30.569,30.569,30.569,134,0
2012-12-24,30.705,30.853,30.606,30.606,615,0
2012-12-26,30.705,30.705,30.705,30.705,217,0
2012-12-28,30.449,30.505,30.449,30.505,1830,0
2012-12-31,30.695,30.825,30.66,30.825,819,0
2013-01-02,31.268,31.333,31.11,31.138,2123,0
2013-01-04,30.935,31.204,30.935,31.195,2481,0
2013-01-07,30.955,31.11,30.955,31.093,2169,0
2013-01-08,30.761,30.789,30.614,30.789,761,0
2013-01-09,30.983,31.063,30.974,31.047,7317,0
2013-01-10,31.571,31.671,31.333,31.671,4667,0
2013-01-11,31.507,31.635,31.451,31.589,1849,0
2013-01-14,31.597,31.625,31.551,31.625,1195,0
2013-01-16,31.424,31.424,31.424,31.424,488,0
2013-01-17,31.829,31.829,31.801,31.801,654,0
2013-01-18,31.764,31.764,31.479,31.719,16765,0
2013-01-22,31.579,31.671,31.542,31.671,5409,0
2013-01-23,31.652,31.652,31.652,31.652,217,0
2013-01-24,32.003,32.039,31.956,31.956,1066,0
2013-01-25,32.249,32.361,32.103,32.343,4082,0
2013-01-28,32.343,32.343,32.296,32.296,71126,0
2013-01-29,32.306,32.352,32.241,32.352,3560,0
2013-01-30,32.407,32.49,32.334,32.334,60095,0
2013-01-31,32.351,32.536,32.232,32.333,51409,0
2013-02-01,32.731,33.095,32.721,33.024,12275,0
2013-02-04,32.601,32.601,31.754,31.792,7997,0
2013-02-05,32.085,32.113,32.085,32.113,1066,0
2013-02-06,31.931,32.075,31.911,32.049,2784,0
2013-02-07,32.141,32.296,31.662,31.847,32758,0
2013-02-08,32.214,32.214,32.02,32.187,11442,0
2013-02-11,32.361,32.361,32.039,32.132,13795,0
2013-02-12,32.314,32.518,32.314,32.471,3762,0
2013-02-13,32.971,32.971,32.814,32.86,80486,0
2013-02-14,32.37,32.37,32.278,32.37,1108,0
2013-02-15,32.427,32.427,32.343,32.397,2004,0
2013-02-19,32.971,33.077,32.971,32.975,2288,0
2013-02-20,33.197,33.197,32.619,32.619,3965,0
2013-02-21,31.7,31.94,31.7,31.884,1438,0
2013-02-22,32.132,32.167,32.066,32.141,1518,0
2013-02-25,31.966,33.087,31.23,31.23,1669,0
2013-02-26,31.764,31.764,31.662,31.7,2034,0
2013-02-27,31.911,32.056,31.911,32.056,323,0
2013-02-28,32.089,32.099,31.959,31.959,1850,0
2013-03-01,31.387,31.948,31.387,31.791,2208,0
2013-03-04,31.341,31.551,31.341,31.551,8699,0
2013-03-05,31.873,31.948,31.865,31.948,3144,0
2013-03-06,31.883,32.002,31.883,31.982,4522,0
2013-03-07,32.222,32.333,32.222,32.333,789,0
2013-03-08,32.002,32.093,31.836,32.093,3851,0
2013-03-11,31.903,32.066,31.903,32.056,4505,0
2013-03-12,32.324,32.417,32.113,32.195,4079,0
2013-03-13,31.782,31.974,31.782,31.94,2828,0
2013-03-14,32.056,32.214,32.056,32.214,1297,0
2013-03-15,32.222,32.277,32.14,32.176,1319,0
2013-03-18,31.645,32.132,31.542,31.956,2986,0
2013-03-19,31.865,31.865,31.497,31.616,5431,0
2013-03-20,31.763,31.791,31.661,31.671,2898,0
2013-03-21,31.165,31.377,31.165,31.229,5980,0
2013-03-22,31.332,31.367,31.312,31.358,4101,0
2013-03-25,31.286,31.286,30.899,30.899,2000,0
2013-03-26,31.101,31.101,30.989,31.007,3313,0
2013-03-27,30.31,30.586,30.31,30.549,4220,0
2013-03-28,30.577,30.679,30.448,30.622,48806,0
2013-04-01,30.568,30.669,30.513,30.568,12020,0
2013-04-02,30.797,30.861,30.768,30.807,690,0
2013-04-03,30.807,30.916,30.807,30.916,798,0
2013-04-04,30.245,30.586,30.245,30.568,6464,0
2013-04-05,29.711,30.041,29.711,30.032,17494,0
2013-04-08,30.087,30.087,30.087,30.087,1049,0
2013-04-09,30.3,30.467,29.996,30.467,11928,0
2013-04-10,30.88,30.999,30.88,30.916,1491,0
2013-04-11,31.367,31.531,31.22,31.332,24133,0
2013-04-12,30.834,30.989,30.834,30.989,909,0
2013-04-15,30.264,30.383,30.254,30.254,770,0
2013-04-16,30.522,30.788,30.522,30.66,935,0
2013-04-17,29.766,29.766,29.618,29.618,1825,0
2013-04-18,29.665,29.665,29.288,29.388,5300,0
2013-04-19,29.573,29.638,29.563,29.582,1173,0
2013-04-22,29.721,29.721,29.721,29.721,434,0
2013-04-23,30.061,30.061,29.96,30.005,1363,0
2013-04-24,30.401,30.475,30.326,30.439,2932,0
2013-04-25,30.76,30.76,30.439,30.439,26811,0
2013-04-26,30.504,30.63,30.484,30.63,1447,0
2013-04-29,31.046,31.174,30.944,31.072,8075,0
2013-04-30,31.256,31.444,31.256,31.293,1552,0
2013-05-01,31.433,31.442,31.322,31.332,1910,0
2013-05-02,31.165,31.286,31.165,31.277,8590,0
2013-05-03,31.948,31.948,31.865,31.865,3479,0
2013-05-06,31.836,31.911,31.82,31.911,4873,0
2013-05-07,32.149,32.149,32.074,32.103,1804,0
2013-05-08,32.508,32.721,32.47,32.554,6350,0
2013-05-09,32.249,32.249,32.149,32.195,1597,0
2013-05-10,32.011,32.249,32.011,32.213,2022,0
2013-05-13,31.92,32.084,31.92,32.084,624,0
2013-05-14,32.157,32.157,32.019,32.103,2495,0
2013-05-15,31.8,31.948,31.8,31.948,1442,0
2013-05-16,31.911,32.002,31.846,31.846,4348,0
2013-05-17,31.992,32.176,31.965,32.176,941,0
2013-05-20,32.323,32.508,32.213,32.36,5679,0
2013-05-21,32.452,32.721,32.444,32.721,2012,0
2013-05-22,32.84,33.086,32.444,32.49,29501,0
2013-05-23,32.122,32.536,32.112,32.406,2290,0
2013-05-24,32.166,32.166,32.166,32.166,110,0
2013-05-28,32.859,32.859,32.731,32.775,2261,0
2013-05-29,32.597,32.606,32.438,32.578,2058,0
2013-05-30,32.886,33.069,32.682,32.682,67704,0
2013-05-31,32.38,32.484,32.249,32.334,22580,0
2013-06-03,32.397,32.563,32.397,32.563,2543,0
2013-06-04,32.531,32.531,32.389,32.447,29657,0
2013-06-05,32.099,32.099,32.006,32.006,966,0
2013-06-06,32.034,32.231,32.034,32.231,686,0
2013-06-07,32.419,32.419,32.286,32.286,759,0
2013-06-10,32.49,32.731,32.49,32.731,5108,0
2013-06-11,32.212,32.314,32.184,32.286,1097,0
2013-06-12,32.213,32.213,32.186,32.186,574,0
2013-06-13,32.093,32.333,31.855,32.333,5742,0
2013-06-14,32.455,32.568,32.257,32.257,7502,0
2013-06-17,32.527,32.711,32.444,32.711,1302,0
2013-06-18,32.814,32.936,32.814,32.936,801,0
2013-06-19,32.766,32.823,32.655,32.655,2135,0
2013-06-20,31.398,31.444,31.218,31.312,5145,0
2013-06-21,30.543,30.796,30.468,30.787,14136,0
2013-06-24,29.793,30.271,29.793,29.99,30596,0
2013-06-25,30.271,30.29,30.271,30.29,2307,0
2013-06-26,30.468,30.618,30.468,30.553,10710,0
2013-06-27,31.021,31.021,30.825,30.825,911,0
2013-07-01,30.918,31.077,30.825,30.825,9559,0
2013-07-02,30.563,30.61,30.29,30.299,5007,0
2013-07-03,30.252,30.346,30.252,30.326,948,0
2013-07-05,30.299,30.459,30.008,30.008,45006,0
2013-07-08,30.842,30.928,30.842,30.918,7653,0
2013-07-09,31.951,31.951,31.134,31.171,3840,0
2013-07-10,30.976,31.209,30.976,31.209,731,0
2013-07-11,31.913,31.913,31.82,31.82,726,0
2013-07-12,32.129,32.129,32.129,32.129,825,0
2013-07-16,32.099,32.099,31.959,31.959,734,0
2013-07-17,31.977,32.024,31.977,32.024,1439,0
2013-07-18,32.38,32.38,32.38,32.38,155,0
2013-07-19,32.438,32.455,32.296,32.419,797,0
2013-07-22,32.513,32.645,32.464,32.464,574,0
2013-07-23,32.559,32.606,32.503,32.541,2439,0
2013-07-24,32.785,33.092,32.785,32.989,71824,0
2013-07-25,32.814,32.814,32.814,32.814,145,0
2013-07-26,32.916,33.029,32.785,32.972,1578,0
2013-07-29,32.979,32.989,32.852,32.979,1013,0
2013-07-30,32.823,32.823,32.671,32.73,1999,0
2013-07-31,32.503,32.823,32.503,32.823,1149,0
2013-08-01,32.936,33.074,32.936,33.009,4216,0
2013-08-02,32.916,32.979,32.916,32.926,8424,0
2013-08-05,32.965,32.965,32.936,32.936,396,0
2013-08-06,32.739,32.739,32.72,32.72,960,0
2013-08-07,32.72,32.766,32.72,32.766,3037,0
2013-08-08,33.355,33.355,33.205,33.214,3879,0
2013-08-09,33.329,33.329,33.329,33.329,213,0
2013-08-12,33.187,33.319,33.13,33.319,3968,0
2013-08-13,33.44,33.514,33.44,33.514,1491,0
2013-08-14,33.506,33.544,33.469,33.544,2087,0
2013-08-15,32.936,33.273,32.936,33.273,967,0
2013-08-16,33.273,33.329,33.102,33.224,4016,0
2013-08-19,33.402,33.402,32.979,32.979,4473,0
2013-08-20,33.205,33.254,33.055,33.083,4364,0
2013-08-21,33.074,33.169,32.946,33.169,2491,0
2013-08-22,33.779,33.779,33.244,33.421,1418,0
2013-08-23,33.534,33.534,33.506,33.506,291,0
2013-08-26,33.657,33.657,33.479,33.479,361,0
2013-08-27,33.43,33.43,32.766,32.775,1086,0
2013-08-28,32.249,32.438,32.249,32.353,2747,0
2013-08-29,32.409,32.474,32.24,32.277,2195,0
2013-08-30,32.146,32.155,32.014,32.014,2912,0
2013-09-03,32.155,32.447,32.034,32.277,941,0
2013-09-04,31.951,32.464,31.791,32.464,4769,0
2013-09-05,32.455,32.71,32.324,32.71,37533,0
2013-09-06,32.68,32.68,32.464,32.625,3103,0
2013-09-09,32.852,32.87,32.852,32.852,1567,0
2013-09-10,33.74,33.74,33.554,33.74,2435,0
2013-09-11,33.965,34.05,33.919,34.031,15577,0
2013-09-12,33.834,34.173,33.834,34.097,3721,0
2013-09-13,34.144,34.228,34.144,34.228,960,0
2013-09-16,34.921,34.931,34.594,34.594,10183,0
2013-09-17,34.528,34.602,34.509,34.602,2920,0
2013-09-18,34.182,35.277,34.182,35.203,2691,0
2013-09-19,35.222,35.232,34.837,34.837,4340,0
2013-09-20,34.622,34.659,34.464,34.632,19226,0
2013-09-23,34.501,34.566,34.501,34.566,1535,0
2013-09-24,34.528,34.678,34.379,34.379,33525,0
2013-09-25,34.678,34.706,34.556,34.706,2706,0
2013-09-26,34.752,34.752,34.612,34.742,1998,0
2013-09-27,34.885,34.931,34.762,34.762,685,0
2013-09-30,34.791,34.791,34.612,34.668,1569,0
2013-10-01,34.715,35.081,34.715,34.912,8452,0
2013-10-02,34.876,34.885,34.734,34.885,10676,0
2013-10-03,35.072,35.072,34.734,34.809,6210,0
2013-10-04,34.781,34.95,34.715,34.715,2798,0
2013-10-07,34.941,34.941,34.715,34.725,1687,0
2013-10-08,35.242,35.242,34.876,34.876,1199,0
2013-10-09,34.781,34.781,34.585,34.602,1964,0
2013-10-10,35.166,35.391,35.11,35.391,1171,0
2013-10-11,35.41,35.41,35.251,35.41,1792,0
2013-10-14,35.343,35.353,35.343,35.353,407,0
2013-10-15,36.508,36.508,35.353,35.381,1792,0
2013-10-16,35.532,35.645,35.447,35.551,5934,0
2013-10-17,35.861,36.029,35.861,35.861,12387,0
2013-10-18,36.103,36.376,36.103,36.31,869,0
2013-10-21,36.947,36.947,36.33,36.48,4479,0
2013-10-22,36.947,37.023,36.78,36.891,2003,0
2013-10-23,36.94,36.94,36.697,36.808,2560,0
2013-10-24,36.986,37.202,36.94,37.023,15268,0
2013-10-25,37.297,37.297,36.966,37.099,3022,0
2013-10-28,37.023,37.023,36.901,36.976,921,0
2013-10-29,36.808,36.947,36.79,36.891,5874,0
2013-10-30,37.249,37.257,37.032,37.09,5114,0
2013-10-31,36.657,36.799,36.657,36.799,5225,0
2013-11-01,36.592,36.592,36.48,36.582,886,0
2013-11-04,36.94,36.94,36.706,36.865,1901,0
2013-11-05,36.545,36.657,36.526,36.602,24619,0
2013-11-06,37.51,37.51,36.742,36.94,15362,0
2013-11-07,36.855,36.911,36.282,36.33,29846,0
2013-11-08,36.122,36.376,36.122,36.376,31172,0
2013-11-11,36.687,36.742,36.648,36.677,938,0
2013-11-12,36.706,36.706,36.423,36.526,6427,0
2013-11-13,36.273,36.706,36.207,36.706,5433,0
2013-11-14,36.799,36.808,36.536,36.724,9773,0
2013-11-15,37.146,37.146,36.947,37.09,4863,0
2013-11-18,37.539,37.539,37.108,37.155,5827,0
2013-11-19,37.371,37.464,37.287,37.353,1708,0
2013-11-20,37.437,37.437,36.986,36.986,3068,0
2013-11-21,36.966,37.032,36.874,37.015,2604,0
2013-11-22,37.231,37.306,37.165,37.297,2699,0
2013-11-25,37.174,37.361,37.174,37.333,2446,0
2013-11-26,37.546,37.556,37.418,37.539,2680,0
2013-11-27,37.668,37.687,37.52,37.659,4695,0
2013-11-29,38.175,38.175,37.997,37.997,1377,0
2013-12-02,38.252,38.252,37.857,37.987,42704,0
2013-12-03,37.564,37.564,37.371,37.371,8393,0
2013-12-04,37.297,37.297,36.94,37.287,1402,0
2013-12-05,37.473,37.481,37.445,37.445,1188,0
2013-12-06,37.65,37.716,37.65,37.697,28709,0
2013-12-09,38.081,38.081,37.865,37.932,4077,0
2013-12-10,37.603,37.912,37.603,37.772,3254,0
2013-12-11,37.556,37.735,37.556,37.697,2975,0
2013-12-12,37.546,37.546,37.418,37.455,2380,0
2013-12-13,37.155,37.325,37.108,37.316,2465,0
2013-12-16,37.762,37.762,37.659,37.678,2419,0
2013-12-17,37.687,37.781,37.584,37.725,7731,0
2013-12-18,37.884,38.503,37.745,38.167,10879,0
2013-12-19,38.063,38.195,37.865,38.139,291100,0
2013-12-20,38.335,38.429,38.195,38.243,62221,0
2013-12-23,38.74,38.74,38.4,38.72,144566,0
2013-12-24,38.897,38.954,38.794,38.869,18837,0
2013-12-26,39.067,39.207,38.897,39.207,3707,0
2013-12-27,39.188,39.244,38.984,39.102,7396,0
2013-12-30,39.122,39.413,39.122,39.413,9264,0
2013-12-31,39.47,39.603,39.395,39.536,7350,0
2014-01-02,38.325,38.458,38.213,38.335,41929,0
2014-01-03,38.262,38.562,38.213,38.354,66844,0
2014-01-06,38.513,38.523,38.485,38.485,10356,0
2014-01-07,38.588,38.588,38.42,38.495,5767,0
2014-01-08,38.608,38.645,38.354,38.354,10985,0
2014-01-09,38.42,38.618,38.42,38.579,6087,0
2014-01-10,38.992,39.122,38.861,39.057,13324,0
2014-01-13,39.292,39.292,38.523,38.683,269830,0
2014-01-14,38.429,39.112,38.429,39.112,25960,0
2014-01-15,39.302,39.49,39.226,39.47,53257,0
2014-01-16,39.368,39.536,39.302,39.536,21087,0
2014-01-17,39.292,39.319,38.992,39.057,23637,0
2014-01-21,39.47,39.47,39.122,39.207,43223,0
2014-01-22,39.292,39.348,39.179,39.274,17558,0
2014-01-23,39.509,39.565,39.395,39.47,12042,0
2014-01-24,38.759,38.823,38.354,38.391,9858,0
2014-01-27,38.158,38.317,37.697,37.884,97083,0
2014-01-28,38.448,38.618,38.439,38.618,12367,0
2014-01-29,37.83,38.139,37.754,37.941,8811,0
2014-01-30,38.139,38.139,37.687,38.129,7762,0
2014-01-31,37.641,37.707,37.437,37.539,6091,0
2014-02-03,37.52,37.668,37.06,37.06,7289,0
2014-02-04,37.529,37.529,37.182,37.297,99887,0
2014-02-05,37.464,37.481,37.249,37.445,14182,0
2014-02-06,38.325,38.42,38.287,38.325,5132,0
2014-02-07,38.495,38.888,38.485,38.749,9834,0
2014-02-10,38.853,38.879,38.73,38.73,2494,0
2014-02-11,39.292,39.443,39.274,39.395,6347,0
2014-02-12,39.536,39.536,39.274,39.284,2166,0
2014-02-13,39.612,39.893,39.603,39.809,16283,0
2014-02-14,40.071,40.109,39.8,40.014,4023,0
2014-02-18,40.307,40.343,40.297,40.334,3877,0
2014-02-19,40.221,40.334,40.062,40.1,8099,0
2014-02-20,39.819,40.014,39.819,39.997,5094,0
2014-02-21,40.043,40.324,39.901,40.221,9400,0
2014-02-24,40.145,40.447,40.127,40.334,9475,0
2014-02-25,40.343,40.343,40.052,40.109,32948,0
2014-02-26,39.901,39.921,39.753,39.753,2193,0
2014-02-27,39.874,39.893,39.688,39.753,9737,0
2014-02-28,40.145,40.41,40.136,40.343,4462,0
2014-03-03,39.077,39.329,38.917,38.917,8665,0
2014-03-04,39.688,39.901,39.688,39.781,7446,0
2014-03-05,39.929,39.929,39.753,39.791,15266,0
2014-03-06,40.418,40.521,40.267,40.418,8201,0
2014-03-07,40.164,40.164,39.977,40.09,23589,0
2014-03-10,39.697,39.8,39.47,39.8,4690,0
2014-03-11,39.987,39.987,39.518,39.63,8597,0
2014-03-12,39.067,39.47,39.057,39.264,10710,0
2014-03-13,39.64,39.64,38.223,38.335,35184,0
2014-03-14,38.513,38.598,38.307,38.495,3142,0
2014-03-17,38.579,39.161,38.579,38.897,4412,0
2014-03-18,39.378,39.555,39.378,39.545,3961,0
2014-03-19,39.819,39.819,39.077,39.094,7794,0
2014-03-20,38.853,39.086,38.759,39.019,7213,0
2014-03-21,39.179,39.207,38.692,38.861,2621,0
2014-03-24,38.562,38.794,38.233,38.711,13438,0
2014-03-25,38.974,39.198,38.853,39.179,15142,0
2014-03-26,39.31,39.31,39.057,39.169,6504,0
2014-03-27,39.086,39.152,39.067,39.132,4603,0
2014-03-28,39.404,39.509,39.31,39.509,4637,0
2014-03-31,39.715,39.753,39.678,39.734,4451,0
2014-04-01,40.062,40.136,39.948,40.136,6340,0
2014-04-02,40.248,40.307,40.024,40.052,11927,0
2014-04-03,40.014,40.09,39.826,40.071,5741,0
2014-04-04,40.362,40.362,39.929,40.052,5953,0
2014-04-07,39.753,39.753,39.378,39.659,3752,0
2014-04-08,38.897,39.274,38.879,39.207,3573,0
2014-04-09,39.678,40.024,39.48,39.977,7968,0
2014-04-10,39.809,39.809,39.207,39.207,3094,0
2014-04-11,39.067,39.067,38.778,38.926,4191,0
2014-04-14,38.391,38.579,38.287,38.372,12671,0
2014-04-15,37.987,38.252,37.52,38.081,7136,0
2014-04-16,38.139,38.655,38.139,38.588,265114,0
2014-04-17,39.188,39.188,38.794,39.047,26851,0
2014-04-21,39.057,39.057,38.853,39.057,1497,0
2014-04-22,39.527,39.715,39.527,39.659,4607,0
2014-04-23,39.594,39.809,39.443,39.63,2423,0
2014-04-24,39.499,39.744,39.207,39.527,9761,0
2014-04-25,39.235,39.244,38.869,39.047,5572,0
2014-04-28,39.188,39.207,38.749,39.102,8452,0
2014-04-29,39.368,39.565,39.319,39.423,6949,0
2014-04-30,39.518,39.763,39.49,39.753,3673,0
2014-05-01,39.724,39.836,39.518,39.518,11352,0
2014-05-02,39.433,39.62,39.387,39.62,12681,0
2014-05-05,38.665,39.433,38.665,39.395,5673,0
2014-05-06,39.499,39.509,39.387,39.423,4861,0
2014-05-07,39.48,39.62,39.48,39.62,2127,0
2014-05-08,39.929,39.929,39.395,39.433,49652,0
2014-05-09,39.545,39.62,39.244,39.339,22163,0
2014-05-12,40.127,40.127,39.781,39.864,9714,0
2014-05-13,39.527,39.705,39.423,39.678,5601,0
2014-05-14,39.62,39.705,39.499,39.527,14525,0
2014-05-15,39.207,39.404,39.077,39.378,5303,0
2014-05-16,39.152,39.152,38.769,39.057,3150,0
2014-05-19,39.404,39.433,39.198,39.302,3599,0
2014-05-20,39.244,39.264,39.067,39.152,9195,0
2014-05-21,39.433,39.585,39.302,39.565,18279,0
2014-05-22,39.433,39.433,39.339,39.339,8307,0
2014-05-23,39.62,39.64,39.555,39.64,2745,0
2014-05-27,40.343,40.343,40.174,40.231,9101,0
2014-05-28,40.4,40.4,40.127,40.297,22930,0
2014-05-29,40.24,40.371,40.231,40.343,17460,0
2014-05-30,40.447,40.531,40.352,40.531,12081,0
2014-06-02,40.465,40.503,40.343,40.447,10547,0
2014-06-03,40.211,40.314,40.202,40.231,12407,0
2014-06-04,40.202,40.277,40.174,40.258,8582,0
2014-06-05,40.192,40.615,40.192,40.606,22405,0
2014-06-06,40.821,40.932,40.67,40.717,23419,0
2014-06-09,40.652,40.746,40.596,40.708,10294,0
2014-06-10,40.642,40.652,40.4,40.557,16742,0
2014-06-11,40.287,40.343,39.874,39.987,12736,0
2014-06-12,40.127,40.192,40.052,40.071,6905,0
2014-06-13,39.772,39.772,39.594,39.669,10770,0
2014-06-16,39.705,39.845,39.669,39.705,18726,0
2014-06-17,39.819,39.874,39.705,39.874,7170,0
2014-06-18,40.024,40.324,39.958,40.202,4576,0
2014-06-19,40.418,40.418,40.174,40.174,6138,0
2014-06-20,40.287,40.334,40.184,40.334,6005,0
2014-06-23,40.071,40.071,39.791,40.005,303978,0
2014-06-24,39.943,40.239,39.764,39.793,124170,0
2014-06-25,39.639,39.754,39.602,39.688,262684,0
2014-06-26,39.811,39.811,39.219,39.706,6922,0
2014-06-27,39.688,39.793,39.678,39.783,45336,0
2014-06-30,39.793,39.829,39.793,39.821,1524,0
2014-07-01,40.21,40.23,39.972,40.087,8774,0
2014-07-02,40.02,40.162,40.02,40.078,5984,0
2014-07-03,40.297,40.497,40.297,40.402,6855,0
2014-07-07,40.01,40.01,39.706,39.857,101481,0
2014-07-08,39.314,39.333,39.123,39.314,7124,0
2014-07-09,39.103,39.314,39.103,39.296,23258,0
2014-07-10,38.419,38.686,38.419,38.59,8352,0
2014-07-11,38.514,38.639,38.476,38.639,7072,0
2014-07-14,38.829,38.914,38.829,38.876,2806,0
2014-07-15,38.744,38.744,38.553,38.6,2115,0
2014-07-16,38.924,38.991,38.876,38.991,4740,0
2014-07-17,38.686,38.849,38.448,38.448,5060,0
2014-07-18,38.268,38.553,38.268,38.553,9135,0
2014-07-21,38.104,38.124,38.018,38.124,7036,0
2014-07-22,38.219,38.248,38.219,38.219,1146,0
2014-07-23,38.38,38.572,38.268,38.333,11275,0
2014-07-24,38.495,38.534,38.38,38.534,3861,0
2014-07-25,38.114,38.163,37.829,37.848,26189,0
2014-07-28,37.646,37.646,37.392,37.569,21492,0
2014-07-29,37.76,37.894,37.579,37.579,3284,0
2014-07-30,37.402,37.448,37.153,37.363,29282,0
2014-07-31,37.153,37.153,36.334,36.334,31112,0
2014-08-01,36.209,36.352,36.075,36.161,11635,0
2014-08-04,36.161,36.237,35.915,36.151,10074,0
2014-08-05,35.839,35.858,35.427,35.466,12928,0
2014-08-06,35.284,35.427,35.199,35.332,6033,0
2014-08-07,35.209,35.209,35.009,35.028,16261,0
2014-08-08,35.122,35.494,35.122,35.494,2684,0
2014-08-11,35.647,35.915,35.647,35.753,5517,0
2014-08-12,35.8,35.8,35.437,35.476,3684,0
2014-08-13,35.781,35.81,35.705,35.81,6249,0
2014-08-14,36.056,36.085,35.972,36.047,40356,0
2014-08-15,36.19,36.266,35.724,35.905,5291,0
2014-08-18,35.533,36.161,35.533,36.161,23745,0
2014-08-19,36.295,36.391,36.295,36.371,4257,0
2014-08-20,36.075,36.181,36.075,36.161,2335,0
2014-08-21,36.257,36.371,36.247,36.247,21145,0
2014-08-22,36.161,36.209,35.982,36.181,8816,0
2014-08-25,36.381,36.487,36.381,36.437,12781,0
2014-08-26,36.553,36.64,36.391,36.496,12470,0
2014-08-27,36.572,36.657,36.524,36.582,27528,0
2014-08-28,36.123,36.266,36.123,36.19,13884,0
2014-08-29,35.982,36,35.839,35.943,9839,0
2014-09-02,36.199,36.199,36.075,36.113,5688,0
2014-09-03,36.858,36.858,36.563,36.61,28995,0
2014-09-04,36.419,36.419,36.161,36.19,9235,0
2014-09-05,36.371,36.514,36.371,36.514,5832,0
2014-09-08,36.361,36.361,36.123,36.181,3230,0
2014-09-09,35.982,36.094,35.982,36.075,2590,0
2014-09-10,36.113,36.113,35.848,35.972,3587,0
2014-09-11,35.858,35.905,35.763,35.886,11423,0
2014-09-12,35.724,35.933,35.562,35.62,5709,0
2014-09-15,35.533,35.6,35.494,35.562,2380,0
2014-09-16,35.485,35.58,35.284,35.57,11368,0
2014-09-17,35.628,35.647,35.38,35.38,6589,0
2014-09-18,35.562,35.61,35.562,35.59,2399,0
2014-09-19,35.61,35.61,35.39,35.457,24054,0
2014-09-22,35.264,35.264,35.085,35.238,3682,0
2014-09-23,34.919,34.919,34.613,34.69,7515,0
2014-09-24,34.642,34.67,34.405,34.642,17195,0
2014-09-25,34.186,34.186,34.012,34.041,23443,0
2014-09-26,34.012,34.09,34.004,34.09,3906,0
2014-09-29,34.012,34.012,33.661,33.794,21311,0
2014-09-30,33.498,33.736,33.498,33.623,9140,0
2014-10-01,33.261,33.278,33.059,33.125,81117,0
2014-10-02,33.135,33.165,32.898,33.077,13895,0
2014-10-03,32.87,32.992,32.804,32.992,26628,0
2014-10-06,33.002,33.022,32.688,32.88,84885,0
2014-10-07,33.012,33.012,32.546,32.546,17664,0
2014-10-08,32.459,32.982,32.346,32.982,6409,0
2014-10-09,32.718,32.718,31.83,31.945,7241,0
2014-10-10,31.697,31.697,31.336,31.373,9370,0
2014-10-13,31.783,31.783,31.203,31.203,58312,0
2014-10-14,31.459,31.592,31.297,31.449,97036,0
2014-10-15,31.316,31.345,30.744,31.345,45279,0
2014-10-16,30.811,31.097,30.526,30.983,34607,0
2014-10-17,31.707,31.982,31.553,31.898,6320,0
2014-10-20,31.793,31.954,31.793,31.954,2163,0
2014-10-21,32.355,32.546,32.346,32.527,83408,0
2014-10-22,32.536,32.652,32.136,32.136,31948,0
2014-10-23,32.652,32.823,32.622,32.756,3684,0
2014-10-24,32.708,32.756,32.652,32.756,19039,0
2014-10-27,32.459,32.527,32.287,32.517,4647,0
2014-10-28,32.973,33.022,32.928,33.022,7097,0
2014-10-29,33.327,33.346,32.765,32.784,8253,0
2014-10-30,32.652,33.049,32.622,32.973,3407,0
2014-10-31,33.27,33.451,33.261,33.355,12531,0
2014-11-03,33.231,33.317,33.135,33.261,169817,0
2014-11-04,33.221,33.251,33.077,33.192,5974,0
2014-11-05,33.183,33.261,33.117,33.241,5144,0
2014-11-06,33.365,33.461,33.231,33.278,6319,0
2014-11-07,33.183,33.297,33.175,33.231,3282,0
2014-11-10,33.403,33.481,33.403,33.441,22994,0
2014-11-11,33.441,33.69,33.441,33.681,4099,0
2014-11-12,33.135,33.27,33.059,33.192,10201,0
2014-11-13,33.241,33.261,33.201,33.211,3794,0
2014-11-14,33.201,33.327,32.928,33.317,2860,0
2014-11-17,33.317,33.507,33.287,33.471,4305,0
2014-11-18,34.022,34.223,33.965,34.176,6690,0
2014-11-19,34.347,34.425,34.176,34.299,46685,0
2014-11-20,34.232,34.5,34.232,34.482,39069,0
2014-11-21,34.833,34.862,34.585,34.642,79258,0
2014-11-24,35.042,35.091,34.965,35.071,7324,0
2014-11-25,35.167,35.338,35.167,35.28,37560,0
2014-11-26,35.366,35.5,35.366,35.5,10459,0
2014-11-28,35.472,35.472,35.319,35.347,7748,0
2014-12-01,35.739,35.739,35.568,35.568,5051,0
2014-12-02,35.319,35.396,35.3,35.386,12631,0
2014-12-03,35.481,35.51,35.415,35.5,6634,0
2014-12-04,35.443,35.721,35.443,35.616,33294,0
2014-12-05,35.644,35.874,35.634,35.845,50580,0
2014-12-08,35.558,35.558,35.453,35.453,5303,0
2014-12-09,35.338,35.366,35.138,35.347,10458,0
2014-12-10,35.224,35.234,35.051,35.091,3258,0
2014-12-11,35.157,35.253,34.975,34.975,6067,0
2014-12-12,34.965,35.042,34.509,34.576,72465,0
2014-12-15,34.137,34.613,33.946,34.032,11673,0
2014-12-16,33.899,34.719,33.899,34.319,15854,0
2014-12-17,34.347,34.756,34.281,34.546,63434,0
2014-12-18,34.746,35.034,34.737,35.005,16885,0
2014-12-19,34.737,34.833,34.576,34.7,26327,0
2014-12-22,34.947,35.081,34.928,34.995,9029,0
2014-12-23,34.938,35.042,34.928,34.947,6484,0
2014-12-24,35.005,35.118,34.872,35.051,7876,0
2014-12-26,35.118,35.186,35.081,35.11,6288,0
2014-12-29,34.957,35.024,34.852,34.872,28738,0
2014-12-30,34.852,34.852,34.536,34.585,9328,0
2014-12-31,34.623,34.623,34.281,34.299,12517,0
2015-01-02,34.376,34.376,34.071,34.166,18365,0
2015-01-05,33.661,33.661,33.155,33.346,35090,0
2015-01-06,33.287,33.307,33.041,33.077,25646,0
2015-01-07,33.27,33.384,33.117,33.346,4585,0
2015-01-08,33.852,33.937,33.852,33.89,1934,0
2015-01-09,33.576,33.756,33.441,33.728,40497,0
2015-01-12,33.736,33.794,33.671,33.746,6951,0
2015-01-13,33.899,33.918,33.307,33.517,7864,0
2015-01-14,33.603,33.794,33.576,33.718,5953,0
2015-01-15,33.576,33.594,33.461,33.557,3491,0
2015-01-16,33.507,34.156,33.481,34.09,15679,0
2015-01-20,34.452,34.452,34.232,34.347,3187,0
2015-01-21,34.509,34.536,34.482,34.482,1954,0
2015-01-22,34.204,34.585,34.204,34.462,60597,0
2015-01-23,34.347,34.443,34.281,34.338,5842,0
2015-01-26,34.796,35.118,34.68,35.101,17052,0
2015-01-27,34.928,35.071,34.9,34.947,2922,0
2015-01-28,35.034,35.329,34.652,34.661,14843,0
2015-01-29,35.071,35.366,35.061,35.357,6463,0
2015-01-30,35.024,35.024,34.746,34.746,17566,0
2015-02-02,34.975,35.357,34.928,35.357,7614,0
2015-02-03,35.939,36.148,35.892,36.12,13964,0
2015-02-04,35.968,36.006,35.797,35.797,27192,0
2015-02-05,35.968,36.321,35.968,36.273,7537,0
2015-02-06,35.854,35.874,35.463,35.51,45261,0
2015-02-09,34.746,35.148,34.746,35.051,24124,0
2015-02-10,35.405,35.596,35.261,35.519,13236,0
2015-02-11,35.329,35.539,35.27,35.443,129006,0
2015-02-12,36.225,36.503,36.033,36.484,13225,0
2015-02-13,36.388,36.388,36.273,36.292,6959,0
2015-02-17,36.158,36.254,36.025,36.225,13584,0
2015-02-18,36.301,36.55,36.292,36.54,9626,0
2015-02-19,36.521,36.731,36.474,36.569,15774,0
2015-02-20,36.569,37.045,36.531,36.912,9708,0
2015-02-23,36.978,36.978,36.731,36.883,48206,0
2015-02-24,36.684,36.998,36.655,36.988,29292,0
2015-02-25,36.902,37.094,36.807,36.968,9208,0
2015-02-26,36.722,36.874,36.645,36.704,26458,0
2015-02-27,36.607,36.931,36.607,36.845,13580,0
2015-03-02,36.958,36.988,36.836,36.988,5874,0
2015-03-03,36.826,37.018,36.416,36.569,122314,0
2015-03-04,36.225,36.283,35.949,36.263,24231,0
2015-03-05,36.416,36.435,36.215,36.349,17100,0
2015-03-06,35.987,36.025,35.777,35.816,5770,0
2015-03-09,35.845,36.043,35.816,35.939,5035,0
2015-03-10,35.51,35.549,35.366,35.453,10489,0
2015-03-11,35.51,35.739,35.51,35.672,3986,0
2015-03-12,35.939,36.178,35.939,36.178,51297,0
2015-03-13,35.958,35.996,35.806,35.949,5245,0
2015-03-16,36.741,37.074,36.511,36.892,8497,0
2015-03-17,36.521,36.521,36.349,36.464,8077,0
2015-03-18,36.082,36.874,36.063,36.865,20769,0
2015-03-19,36.331,36.521,36.244,36.426,54757,0
2015-03-20,37.074,37.503,37.018,37.264,17518,0
2015-03-23,37.15,37.15,37.054,37.122,7973,0
2015-03-24,37.198,37.38,37.178,37.264,7763,0
2015-03-25,37.465,37.465,37.112,37.141,20455,0
2015-03-26,36.444,36.741,36.444,36.722,9861,0
2015-03-27,36.798,36.978,36.75,36.941,21086,0
2015-03-30,37.131,37.264,37.131,37.228,8392,0
2015-03-31,36.75,36.75,36.55,36.579,42383,0
2015-04-01,36.722,36.949,36.713,36.941,31994,0
2015-04-02,37.274,37.37,37.188,37.36,22344,0
2015-04-06,37.836,38.056,37.741,37.787,6503,0
2015-04-07,37.512,37.663,37.37,37.38,83388,0
2015-04-08,37.557,37.567,37.294,37.399,28112,0
2015-04-09,37.587,37.607,37.284,37.465,119534,0
2015-04-10,37.567,37.645,37.522,37.616,13112,0
2015-04-13,37.503,37.503,37.246,37.294,27484,0
2015-04-14,37.493,37.531,37.437,37.493,16364,0
2015-04-15,37.437,37.493,37.16,37.456,21572,0
2015-04-16,37.332,37.39,37.008,37.228,193258,0
2015-04-17,36.731,36.892,36.521,36.722,105635,0
2015-04-20,36.845,36.949,36.722,36.816,64928,0
2015-04-21,36.998,37.15,36.941,37.15,86022,0
2015-04-22,36.826,36.902,36.627,36.855,52859,0
2015-04-23,36.493,36.892,36.454,36.836,86962,0
2015-04-24,36.816,37.131,36.713,37.025,91052,0
2015-04-27,37.663,37.882,37.512,37.692,24126,0
2015-04-28,37.37,37.456,37.15,37.341,16785,0
2015-04-29,37.131,37.188,36.76,36.883,101332,0
2015-04-30,37.018,37.064,36.807,36.807,31785,0
2015-05-01,37.094,37.198,36.912,37.198,24652,0
2015-05-04,37.39,37.39,37.208,37.294,39758,0
2015-05-05,37.15,37.15,36.607,36.607,39652,0
2015-05-06,36.731,36.921,36.694,36.845,11778,0
2015-05-07,36.912,37.122,36.912,37.035,41889,0
2015-05-08,37.683,37.95,37.456,37.872,33567,0
2015-05-11,37.607,37.75,37.549,37.616,12378,0
2015-05-12,37.418,37.522,37.341,37.38,41799,0
2015-05-13,37.911,37.911,37.531,37.577,28951,0
2015-05-14,38.092,38.466,38.092,38.456,29161,0
2015-05-15,38.227,38.551,38.188,38.542,105821,0
2015-05-18,38.292,38.532,38.237,38.446,35599,0
2015-05-19,38.512,38.722,38.475,38.637,56226,0
2015-05-20,38.36,38.608,38.36,38.483,24861,0
2015-05-21,38.331,38.551,38.331,38.483,23077,0
2015-05-22,38.092,38.237,38.007,38.056,22973,0
2015-05-26,37.465,37.465,36.931,37.064,15031,0
2015-05-27,36.931,37.465,36.931,37.465,13952,0
2015-05-28,37.418,37.437,37.112,37.437,47757,0
2015-05-29,37.178,37.38,36.826,36.931,21820,0
2015-06-01,37.054,37.054,36.655,36.874,56165,0
2015-06-02,36.998,37.38,36.998,37.198,49908,0
2015-06-03,37.557,37.76,37.531,37.635,43954,0
2015-06-04,37.38,37.54,36.958,37.018,54967,0
2015-06-05,36.444,36.607,36.263,36.331,52239,0
2015-06-08,36.301,36.407,36.244,36.407,14475,0
2015-06-09,36.187,36.359,36.015,36.263,12421,0
2015-06-10,36.949,37.284,36.855,37.178,33232,0
2015-06-11,37.465,37.474,37.084,37.254,12001,0
2015-06-12,36.54,36.874,36.54,36.855,14686,0
2015-06-15,36.015,36.311,36.015,36.311,13322,0
2015-06-16,36.13,36.416,36.033,36.398,31050,0
2015-06-17,36.206,36.263,35.825,36.178,71541,0
2015-06-18,36.378,37.112,36.215,36.769,21296,0
2015-06-19,36.569,36.569,36.321,36.435,43218,0
2015-06-22,37.246,37.512,37.208,37.254,43849,0
2015-06-23,37.237,37.408,37.178,37.304,21978,0
2015-06-24,36.847,37.078,36.847,36.961,35645,0
2015-06-25,37.26,37.51,37.028,37.435,555029,0
2015-06-26,38.126,38.126,37.721,37.874,6130,0
2015-06-29,37.098,37.098,36.472,36.568,62350,0
2015-06-30,37.001,37.001,36.307,36.462,54103,0
2015-07-01,37.27,37.453,36.616,36.704,24941,0
2015-07-02,36.684,36.713,36.549,36.684,20782,0
2015-07-06,36.153,36.375,35.904,36.028,7794,0
2015-07-07,35.567,36.114,35.2,36.086,59649,0
2015-07-08,35.47,35.518,35.22,35.23,30448,0
2015-07-09,36.057,36.173,35.798,35.866,172711,0
2015-07-10,37.27,37.481,36.568,37.443,94877,0
2015-07-13,37.232,37.28,37.106,37.155,60273,0
2015-07-14,37.135,37.203,36.989,37.203,113082,0
2015-07-15,36.943,37.058,36.79,36.961,19919,0
2015-07-16,37.29,37.387,37.183,37.26,46971,0
2015-07-17,37.174,37.251,37.155,37.223,8625,0
2015-07-20,37.463,37.463,37.347,37.357,5405,0
2015-07-21,37.213,37.453,37.213,37.396,36163,0
2015-07-22,36.885,36.981,36.817,36.981,15277,0
2015-07-23,37.26,37.26,37.048,37.078,39489,0
2015-07-24,36.961,36.961,36.597,36.664,27954,0
2015-07-27,36.433,36.433,35.952,36.028,105478,0
2015-07-28,36.259,36.472,36.066,36.433,109427,0
2015-07-29,36.114,36.404,36.114,36.25,39385,0
2015-07-30,35.77,36.028,35.75,35.99,45205,0
2015-07-31,36.501,36.713,36.375,36.395,24733,0
2015-08-03,36.923,36.995,36.713,36.817,9184,0
2015-08-04,36.904,36.904,36.606,36.636,12991,0
2015-08-05,36.885,36.885,36.741,36.867,49257,0
2015-08-06,36.827,36.942,36.78,36.867,27944,0
2015-08-07,36.636,36.78,36.578,36.761,11639,0
2015-08-10,36.722,37.232,36.722,37.223,10288,0
2015-08-11,36.655,36.713,36.327,36.452,102564,0
2015-08-12,35.913,36.211,35.74,36.211,88537,0
2015-08-13,35.99,36.307,35.99,36.22,19226,0
2015-08-14,36.201,36.395,36.201,36.375,9145,0
2015-08-17,35.922,36.182,35.788,36.182,5820,0
2015-08-18,35.99,35.99,35.74,35.807,22239,0
2015-08-19,35.326,35.489,35.123,35.431,45516,0
2015-08-20,34.931,34.931,34.248,34.248,59753,0
2015-08-21,34.065,34.431,33.334,33.334,130209,0
2015-08-24,32.236,33.865,31.891,33.324,81031,0
2015-08-25,34.69,34.69,33.584,33.661,64535,0
2015-08-26,34.535,34.535,33.844,34.393,94774,0
2015-08-27,34.652,34.652,34.306,34.555,40320,0
2015-08-28,34.345,34.403,34.228,34.228,3950,0
2015-08-31,34.238,34.393,34.2,34.248,17977,0
2015-09-01,33.661,33.681,33.362,33.575,29719,0
2015-09-02,33.892,33.902,33.594,33.805,27435,0
2015-09-03,34.075,34.393,33.939,33.959,59129,0
2015-09-04,33.488,33.556,33.382,33.536,5716,0
2015-09-08,34.47,34.757,34.47,34.757,100697,0
2015-09-09,35.065,35.065,34.297,34.297,46348,0
2015-09-10,34.747,35.075,34.675,34.988,9831,0
2015-09-11,34.68,34.941,34.584,34.941,5196,0
2015-09-14,34.652,34.767,34.584,34.67,11222,0
2015-09-15,34.854,34.978,34.73,34.959,16213,0
2015-09-16,35.105,35.2,34.968,35.065,14757,0
2015-09-17,35.383,35.74,35.2,35.528,12981,0
2015-09-18,34.642,34.807,34.441,34.48,11015,0
2015-09-21,33.729,33.729,33.343,33.469,17458,0
2015-09-22,32.439,32.457,31.958,32.141,47906,0
2015-09-23,32.307,32.557,32.307,32.383,6538,0
2015-09-24,31.998,32.413,31.988,32.383,40270,0
2015-09-25,32.769,32.769,32.374,32.49,111883,0
2015-09-28,32.104,32.181,31.97,32.037,13034,0
2015-09-29,31.998,32.124,31.922,32.124,19926,0
2015-09-30,32.548,32.548,32.268,32.403,27088,0
2015-10-01,32.393,32.393,31.979,32.248,14322,0
2015-10-02,32.364,32.567,32.364,32.567,15257,0
2015-10-05,32.867,32.891,32.712,32.886,32114,0
2015-10-06,33.298,33.298,33.039,33.116,12974,0
2015-10-07,33.424,33.424,33.086,33.27,13803,0
2015-10-08,33.221,33.656,33.221,33.656,9548,0
2015-10-09,33.878,33.878,33.713,33.791,7888,0
2015-10-12,33.906,33.926,33.829,33.829,3816,0
2015-10-13,33.328,33.433,33.231,33.27,23974,0
2015-10-14,33.483,33.51,33.376,33.473,23767,0
2015-10-15,33.646,33.916,33.627,33.897,9030,0
2015-10-16,33.819,33.839,33.685,33.839,10793,0
2015-10-19,33.839,33.849,33.81,33.849,1038,0
2015-10-20,33.762,33.935,33.762,33.897,5426,0
2015-10-21,34.292,34.398,34.06,34.06,7784,0
2015-10-22,34.176,34.551,34.176,34.398,6849,0
2015-10-23,34.87,35.034,34.773,34.984,4775,0
2015-10-26,34.803,34.888,34.763,34.85,4463,0
2015-10-27,34.706,34.706,34.418,34.504,2804,0
2015-10-28,34.908,35.139,34.495,34.793,4670,0
2015-10-29,34.475,34.599,34.398,34.58,12662,0
2015-10-30,34.783,34.841,34.657,34.657,5293,0
2015-11-02,35.178,35.216,35.139,35.206,7234,0
2015-11-03,34.974,35.11,34.821,35.004,19719,0
2015-11-04,34.831,34.831,34.418,34.513,8369,0
2015-11-05,34.726,34.726,34.541,34.657,82511,0
2015-11-06,34.522,34.609,34.426,34.609,57704,0
2015-11-09,34.408,34.408,34.05,34.137,33561,0
2015-11-10,33.983,34.195,33.983,34.166,3737,0
2015-11-11,34.34,34.34,34.079,34.215,17539,0
2015-11-12,33.801,33.916,33.782,33.849,13700,0
2015-11-13,33.636,33.636,33.453,33.55,16086,0
2015-11-16,33.665,33.897,33.617,33.897,13286,0
2015-11-17,34.021,34.021,33.733,33.801,6641,0
2015-11-18,33.954,34.127,33.888,34.079,163359,0
2015-11-19,34.418,34.531,34.398,34.426,136895,0
2015-11-20,34.398,34.398,34.224,34.224,19616,0
2015-11-23,34.205,34.205,33.906,34.07,11105,0
2015-11-24,33.646,33.878,33.579,33.782,16710,0
2015-11-25,34.099,34.418,34.089,34.349,13492,0
2015-11-30,35.014,35.158,35.014,35.034,16813,0
2015-12-01,35.367,35.367,35.101,35.332,23140,0
2015-12-02,35.11,35.11,34.821,34.85,67289,0
2015-12-03,35.149,35.206,34.821,34.956,13109,0
2015-12-04,35.168,35.545,35.168,35.515,11625,0
2015-12-07,35.582,35.641,35.582,35.641,2180,0
2015-12-08,35.196,35.196,35.005,35.11,3136,0
2015-12-09,35.283,35.409,34.888,35.081,15568,0
2015-12-10,35.101,35.129,34.964,35.004,4982,0
2015-12-11,34.504,34.504,34.253,34.282,5812,0
2015-12-14,34.334,34.365,34.06,34.282,19785,0
2015-12-15,34.58,34.58,34.398,34.418,20030,0
2015-12-16,34.783,35.101,34.408,34.984,12455,0
2015-12-17,34.841,34.937,34.831,34.831,1869,0
2015-12-18,34.803,34.803,34.513,34.513,401654,0
2015-12-21,34.994,34.994,34.619,34.763,9548,0
2015-12-22,34.841,35.034,34.735,35.034,47719,0
2015-12-23,35.042,35.256,35.042,35.256,5087,0
2015-12-24,35.042,35.327,35.042,35.264,4536,0
2015-12-28,35.169,35.36,35.139,35.341,19220,0
2015-12-29,35.418,35.737,35.418,35.631,21991,0
2015-12-30,35.592,35.592,35.293,35.418,14627,0
2015-12-31,35.115,35.158,34.773,34.888,16247,0
2016-01-04,34.084,34.113,33.743,34.064,12747,0
2016-01-05,33.868,33.916,33.569,33.888,53867,0
2016-01-06,33.144,33.441,33.076,33.385,13983,0
2016-01-07,32.702,32.999,32.605,32.722,42259,0
2016-01-08,32.944,32.944,32.258,32.336,21566,0
2016-01-11,32.655,32.692,32.258,32.5,29943,0
2016-01-12,33.067,33.068,32.645,32.974,10705,0
2016-01-13,32.972,32.972,32.027,32.085,72037,0
2016-01-14,31.96,32.346,31.932,32.181,42207,0
2016-01-15,31.237,31.237,30.794,30.814,34951,0
2016-01-19,31.68,31.912,31.535,31.72,39750,0
2016-01-20,31.19,31.201,30.515,30.996,26842,0
2016-01-21,30.949,31.402,30.949,31.344,15385,0
2016-01-22,31.877,31.97,31.799,31.922,10194,0
2016-01-25,31.94,32.027,31.826,31.894,37510,0
2016-01-26,32.258,32.393,32.23,32.393,24985,0
2016-01-27,32.433,32.582,32.104,32.193,10494,0
2016-01-28,32.228,32.28,31.998,31.998,14550,0
2016-01-29,32.017,32.336,32.017,32.258,272341,0
2016-02-01,32.326,32.582,32.326,32.538,4914,0
2016-02-02,32.181,32.181,31.67,31.671,56968,0
2016-02-03,31.998,32.133,31.68,32.124,59891,0
2016-02-04,31.71,32.037,31.632,31.96,10493,0
2016-02-05,32.003,32.017,31.486,31.525,20122,0
2016-02-08,30.448,30.448,30.023,30.235,23147,0
2016-02-09,29.532,30.371,29.532,30.196,121643,0
2016-02-10,30.63,30.785,30.457,30.467,43587,0
2016-02-11,30.331,30.467,30.206,30.408,52728,0
2016-02-12,30.418,30.525,30.235,30.525,24335,0
2016-02-16,31.215,31.227,30.872,31.18,225360,0
2016-02-17,31.527,31.826,31.527,31.748,27256,0
2016-02-18,32.126,32.188,31.988,32.037,11879,0
2016-02-19,31.75,31.932,31.663,31.912,22482,0
2016-02-22,32.075,32.248,32.075,32.243,4301,0
2016-02-23,32.027,32.027,31.806,31.834,49276,0
2016-02-24,31.15,31.535,30.952,31.469,30473,0
2016-02-25,31.903,31.979,31.777,31.965,5026,0
2016-02-26,32.261,32.261,32.017,32.065,5803,0
2016-02-29,31.984,32.22,31.984,32.055,20223,0
2016-03-01,32.931,33.338,32.931,33.338,47553,0
2016-03-02,32.954,33.025,32.827,33.02,10073,0
2016-03-03,33.21,33.43,33.21,33.43,1793,0
2016-03-04,33.643,33.839,33.643,33.713,5544,0
2016-03-07,33.221,33.723,33.221,33.627,7768,0
2016-03-08,33.366,33.366,32.972,32.972,8035,0
2016-03-09,33.076,33.076,32.876,32.934,14290,0
2016-03-10,33.164,33.164,32.538,32.819,26962,0
2016-03-11,33.728,34.099,33.728,34.099,12966,0
2016-03-14,34.206,34.273,34.206,34.273,968,0
2016-03-15,33.962,34.099,33.962,34.041,27706,0
2016-03-16,34.195,34.821,34.195,34.706,28301,0
2016-03-17,34.58,34.773,34.58,34.745,21070,0
2016-03-18,34.763,34.918,34.753,34.85,2505,0
2016-03-21,34.629,34.629,34.426,34.513,11383,0
2016-03-22,34.359,34.58,34.359,34.509,6849,0
2016-03-23,34.678,34.688,34.515,34.517,37748,0
2016-03-24,34.187,34.302,34.158,34.302,1202,0
2016-03-28,34.437,34.437,34.331,34.409,4276,0
2016-03-29,34.148,34.882,34.148,34.882,16885,0
2016-03-30,35.285,35.594,35.285,35.488,10847,0
2016-03-31,35.45,35.533,35.275,35.275,41401,0
2016-04-01,34.939,35.31,34.847,35.275,13979,0
2016-04-04,35.353,35.353,35.053,35.18,11377,0
2016-04-05,34.331,34.379,34.187,34.264,8113,0
2016-04-06,34.592,34.745,34.563,34.745,2595,0
2016-04-07,34.331,34.331,34.004,34.071,9767,0
2016-04-08,34.659,34.66,34.582,34.64,3606,0
2016-04-11,35.063,35.063,34.65,34.668,12702,0
2016-04-12,34.737,34.966,34.611,34.942,3670,0
2016-04-13,35.343,35.343,35.208,35.334,4923,0
2016-04-14,35.276,35.372,35.276,35.361,767,0
2016-04-15,35.121,35.121,35.006,35.026,3414,0
2016-04-18,35.006,35.325,35.006,35.218,89266,0
2016-04-19,35.838,35.941,35.807,35.941,1664,0
2016-04-20,35.83,35.931,35.816,35.836,49324,0
2016-04-21,35.584,35.681,35.43,35.487,45787,0
2016-04-22,35.457,35.488,35.275,35.424,12595,0
2016-04-26,35.547,35.547,35.311,35.353,7513,0
2016-04-27,36.057,36.057,35.816,35.989,26187,0
2016-04-28,35.797,35.967,35.797,35.931,2387,0
2016-04-29,35.921,35.921,35.7,35.836,12060,0
2016-05-02,35.99,36.143,35.99,36.134,1591,0
2016-05-03,35.893,35.893,35.392,35.43,8073,0
2016-05-04,35.035,35.063,34.852,34.89,6986,0
2016-05-05,34.755,34.784,34.668,34.703,4451,0
2016-05-06,35.026,35.111,34.986,35.053,15502,0
2016-05-09,34.986,34.986,34.986,34.986,286,0
2016-05-10,35.16,35.334,35.16,35.325,4152,0
2016-05-11,35.261,35.34,35.17,35.17,1707,0
2016-05-12,35.343,35.343,34.698,34.938,6466,0
2016-05-13,34.594,34.611,34.466,34.466,4356,0
2016-05-16,34.476,34.726,34.476,34.631,9801,0
2016-05-17,34.496,34.496,34.244,34.312,5550,0
2016-05-18,34.559,34.715,34.399,34.456,22523,0
2016-05-19,34.401,34.401,34.259,34.389,9664,0
2016-05-20,34.765,34.814,34.697,34.803,1280,0
2016-05-23,34.64,34.91,34.64,34.91,3692,0
2016-05-24,34.948,35.035,34.948,35.035,885,0
2016-05-25,35.315,35.315,35.315,35.315,113,0
2016-05-26,35.787,35.787,35.633,35.656,2894,0
2016-05-27,35.451,35.581,35.45,35.537,3839,0
2016-05-31,35.46,35.517,35.392,35.443,3084,0
2016-06-01,35.423,35.562,35.411,35.529,20025,0
2016-06-02,35.574,35.691,35.566,35.672,2183,0
2016-06-03,35.662,35.97,35.662,35.97,5588,0
2016-06-06,36.019,36.101,36.019,36.101,1326,0
2016-06-07,36.501,36.587,36.482,36.501,2605,0
2016-06-08,36.519,36.523,36.452,36.484,2992,0
2016-06-09,35.865,35.978,35.865,35.921,3835,0
2016-06-10,35.093,35.093,34.652,34.658,12146,0
2016-06-13,34.283,34.414,34.118,34.196,3481,0
2016-06-14,33.657,33.657,33.415,33.511,2010,0
2016-06-15,33.859,34.08,33.811,33.993,4004,0
2016-06-16,33.28,33.945,33.28,33.945,11540,0
2016-06-17,34.177,34.397,34.127,34.397,13658,0
2016-06-20,35.497,35.497,35.372,35.372,2710,0
2016-06-21,35.279,35.496,35.265,35.471,45990,0
2016-06-22,35.657,35.663,35.499,35.568,19083,0
2016-06-23,36.039,36.586,36.039,36.586,8811,0
2016-06-24,33.969,34.076,33.413,33.413,6294,0
2016-06-27,32.379,32.408,31.788,32.242,73613,0
2016-06-28,32.789,32.946,32.603,32.936,7835,0
2016-06-29,33.442,33.442,33.129,33.384,12758,0
2016-06-30,33.706,33.911,33.413,33.765,12024,0
2016-07-01,34.286,34.292,34.204,34.232,54550,0
2016-07-05,33.53,33.53,32.916,33.003,11761,0
2016-07-06,32.584,32.848,32.271,32.789,28000,0
2016-07-07,33.023,33.033,32.603,32.751,12052,0
2016-07-08,33.393,33.5,33.277,33.384,7041,0
2016-07-11,34.115,34.33,34.091,34.125,61180,0
2016-07-12,34.78,34.78,34.584,34.584,5145,0
2016-07-13,34.653,34.672,34.565,34.629,5115,0
2016-07-14,34.945,35.092,34.93,34.994,16447,0
2016-07-15,34.829,34.858,34.77,34.858,1681,0
2016-07-18,34.741,35.052,34.712,34.936,9386,0
2016-07-19,34.614,34.614,34.514,34.526,580,0
2016-07-20,34.658,34.878,34.658,34.825,5247,0
2016-07-21,34.672,34.77,34.614,34.727,4331,0
2016-07-22,34.75,34.784,34.624,34.624,1087,0
2016-07-25,34.75,34.79,34.742,34.76,4908,0
2016-07-26,35.141,35.141,35.015,35.077,5200,0
2016-07-27,35.229,35.404,35.101,35.356,4249,0
2016-07-28,35.566,35.659,35.464,35.588,34099,0
2016-07-29,35.785,35.923,35.776,35.923,1773,0
2016-08-01,36.009,36.009,35.785,35.824,1426,0
2016-08-02,35.512,35.512,35.404,35.486,901,0
2016-08-03,35.262,35.317,35.262,35.317,205,0
2016-08-04,35.244,35.262,35.244,35.262,1081,0
2016-08-05,35.611,35.611,35.601,35.601,768,0
2016-08-08,35.698,35.805,35.669,35.698,3520,0
2016-08-09,36.154,36.461,36.154,36.433,2851,0
2016-08-10,36.635,36.694,36.609,36.645,8280,0
2016-08-11,36.927,36.927,36.84,36.85,3409,0
2016-08-12,36.826,36.83,36.802,36.83,4361,0
2016-08-15,36.974,37.024,36.952,36.952,852,0
2016-08-16,36.879,36.967,36.873,36.901,5948,0
2016-08-17,36.506,36.879,36.506,36.792,1691,0
2016-08-18,36.84,37.054,36.84,37.054,1223,0
2016-08-19,36.84,36.947,36.645,36.918,3178,0
2016-08-22,36.577,36.802,36.577,36.752,1958,0
2016-08-23,37.132,37.132,36.888,36.888,821,0
2016-08-24,36.84,36.879,36.704,36.86,15259,0
2016-08-25,36.596,36.664,36.527,36.557,7143,0
2016-08-26,36.723,37.034,36.214,36.224,14635,0
2016-08-29,36.322,36.508,36.322,36.508,512,0
2016-08-30,36.616,36.625,36.607,36.607,930,0
2016-08-31,36.371,36.371,36.274,36.296,1220,0
2016-09-01,36.469,36.615,36.352,36.606,28097,0
2016-09-02,36.82,36.82,36.655,36.723,13471,0
2016-09-06,36.891,37.043,36.891,37.016,5645,0
2016-09-07,37.123,37.201,37.024,37.064,8920,0
2016-09-08,37.132,37.132,36.873,36.927,6228,0
2016-09-09,36.473,36.473,36.009,36.078,8921,0
2016-09-12,36.059,36.469,36.059,36.449,4798,0
2016-09-13,36.264,36.264,35.903,35.998,5330,0
2016-09-14,36.068,36.244,36.068,36.137,3266,0
2016-09-15,36.43,36.517,36.284,36.517,1914,0
2016-09-16,35.941,35.989,35.863,35.931,639,0
2016-09-19,36.264,36.293,36.154,36.165,1693,0
2016-09-20,36.352,36.379,36.117,36.117,21988,0
2016-09-21,36.144,36.604,36.115,36.604,6519,0
2016-09-22,37.287,37.287,37.014,37.014,1098,0
2016-09-23,36.809,36.896,36.79,36.834,1956,0
2016-09-26,36.389,36.41,36.272,36.32,2302,0
2016-09-27,35.862,36.291,35.862,36.213,7512,0
2016-09-28,36.379,36.711,36.33,36.692,9745,0
2016-09-29,36.222,36.272,35.871,35.871,7220,0
2016-09-30,35.969,36.623,35.969,36.604,7252,0
2016-10-03,36.31,36.389,36.262,36.341,12862,0
2016-10-04,36.643,36.682,36.463,36.623,7456,0
2016-10-05,36.613,36.672,36.545,36.559,8308,0
2016-10-06,36.515,36.535,36.428,36.428,29290,0
2016-10-07,36.135,36.135,35.881,36.095,5736,0
2016-10-10,36.262,36.33,36.252,36.252,10315,0
2016-10-11,36.213,36.213,35.735,35.833,8118,0
2016-10-12,35.725,35.765,35.559,35.637,6433,0
2016-10-13,35.383,35.578,35.383,35.5,17109,0
2016-10-14,35.881,35.881,35.657,35.715,8085,0
2016-10-17,35.55,35.55,35.452,35.452,1623,0
2016-10-18,35.686,35.872,35.686,35.755,4325,0
2016-10-19,35.823,35.891,35.813,35.852,3797,0
2016-10-20,36.105,36.115,35.91,36.057,9630,0
2016-10-21,35.676,35.735,35.655,35.735,5278,0
2016-10-24,35.715,35.735,35.637,35.705,8881,0
2016-10-25,35.618,35.676,35.618,35.676,844,0
2016-10-26,35.568,35.568,35.422,35.51,8466,0
2016-10-27,35.452,35.55,35.452,35.462,1642,0
2016-10-28,35.412,35.588,35.412,35.54,2631,0
2016-10-31,35.432,35.667,35.39,35.667,28946,0
2016-11-01,35.559,35.559,35.363,35.372,34714,0
2016-11-02,35.234,35.234,35.107,35.155,2869,0
2016-11-03,35.169,35.217,35.08,35.092,4003,0
2016-11-04,34.788,34.788,34.675,34.7,9410,0
2016-11-07,35.149,35.149,35.149,35.149,1358,0
2016-11-08,35.168,35.285,35.158,35.217,9233,0
2016-11-09,34.924,35.1,34.819,35.032,6745,0
2016-11-10,34.445,34.445,34.146,34.27,12567,0
2016-11-11,34.29,34.29,34.084,34.114,6602,0
2016-11-14,33.88,33.88,33.626,33.743,58554,0
2016-11-15,34.153,34.24,34.094,34.24,28856,0
2016-11-16,33.947,34.015,33.811,33.89,8849,0
2016-11-17,33.919,33.957,33.743,33.851,15256,0
2016-11-18,33.773,33.773,33.626,33.66,11475,0
2016-11-21,33.831,33.831,33.695,33.821,20231,0
2016-11-22,33.851,33.919,33.753,33.919,10436,0
2016-11-23,33.43,33.528,33.313,33.498,8865,0
2016-11-25,33.695,33.753,33.695,33.713,2657,0
2016-11-28,33.498,33.498,33.382,33.42,10947,0
2016-11-29,33.584,33.782,33.579,33.655,8277,0
2016-11-30,33.538,33.645,33.528,33.626,5900,0
2016-12-01,33.45,33.498,33.362,33.45,3274,0
2016-12-02,33.42,33.498,33.382,33.489,7782,0
2016-12-05,34.006,34.182,34.006,34.143,17282,0
2016-12-06,34.202,34.384,34.202,34.384,8818,0
2016-12-07,34.602,35.139,34.602,35.08,34147,0
2016-12-08,34.934,34.934,34.827,34.905,11436,0
2016-12-09,34.78,34.895,34.78,34.895,1400,0
2016-12-12,34.856,34.951,34.808,34.944,68707,0
2016-12-13,34.944,35.265,34.944,35.182,9029,0
2016-12-14,35.237,35.315,34.779,34.779,7661,0
2016-12-15,34.563,34.651,34.455,34.622,25488,0
2016-12-16,34.748,35.002,34.748,34.793,14342,0
2016-12-19,34.982,34.982,34.768,34.768,14511,0
2016-12-20,34.866,34.962,34.856,34.856,30507,0
2016-12-21,35.129,35.182,35.091,35.158,3862,0
2016-12-22,35.197,35.305,35.158,35.171,5809,0
2016-12-23,35.168,35.334,35.168,35.334,4641,0
2016-12-27,35.462,35.475,35.403,35.462,9228,0
2016-12-28,35.334,35.334,34.979,35.149,14314,0
2016-12-29,35.285,35.359,35.27,35.359,3099,0
2016-12-30,35.657,35.803,35.475,35.49,14215,0
2017-01-03,35.55,35.657,35.5,35.578,98199,0
2017-01-04,35.568,35.755,35.568,35.755,15824,0
2017-01-05,36.144,36.203,36.086,36.088,20279,0
2017-01-06,35.91,36.017,35.891,35.908,8999,0
2017-01-09,35.765,35.806,35.735,35.745,7271,0
2017-01-10,36.027,36.047,35.852,35.852,33940,0
2017-01-11,35.959,36.339,35.901,36.222,17958,0
2017-01-12,36.457,36.457,36.191,36.232,8008,0
2017-01-13,36.31,36.437,36.31,36.437,29424,0
2017-01-17,36.282,36.544,36.282,36.477,14314,0
2017-01-18,36.35,36.525,36.34,36.457,13102,0
2017-01-19,36.272,36.418,36.272,36.418,5496,0
2017-01-20,36.73,36.75,36.73,36.75,1133,0
2017-01-23,36.809,36.911,36.73,36.896,28548,0
2017-01-24,37.062,37.16,37.042,37.15,6322,0
2017-01-25,37.59,37.639,37.492,37.61,2760,0
2017-01-26,37.492,37.492,37.321,37.321,61738,0
2017-01-27,37.453,37.453,37.326,37.443,42062,0
2017-01-30,37.121,37.121,36.868,37.062,32983,0
2017-01-31,37.404,37.404,37.023,37.082,10910,0
2017-02-01,37.375,37.375,37.072,37.189,30757,0
2017-02-02,37.365,37.365,37.208,37.267,44351,0
2017-02-03,37.267,37.343,37.16,37.267,14430,0
2017-02-06,36.858,36.858,36.506,36.653,17412,0
2017-02-07,36.671,36.692,36.555,36.613,11451,0
2017-02-08,36.612,36.716,36.612,36.702,19576,0
2017-02-09,36.79,36.906,36.78,36.855,6237,0
2017-02-10,36.923,36.994,36.877,36.935,29579,0
2017-02-13,37.169,37.209,37.082,37.082,16433,0
2017-02-14,37.16,37.16,36.984,37.052,19867,0
2017-02-15,36.902,37.209,36.902,37.199,7563,0
2017-02-16,37.226,37.365,37.226,37.365,13981,0
2017-02-17,37.093,37.238,37.093,37.189,9353,0
2017-02-21,37.326,37.434,37.317,37.434,4329,0
2017-02-22,37.326,37.532,37.209,37.532,5450,0
2017-02-23,37.541,37.541,37.424,37.424,1861,0
2017-02-24,36.828,37.004,36.828,36.974,10493,0
2017-02-27,37.072,37.219,37.042,37.179,10696,0
2017-02-28,37.13,37.317,37.13,37.14,3249,0
2017-03-01,37.6,37.775,37.482,37.707,87495,0
2017-03-02,37.401,37.512,37.394,37.394,24643,0
2017-03-03,37.385,37.687,37.346,37.687,11315,0
2017-03-06,37.394,37.482,37.375,37.434,8638,0
2017-03-07,37.277,37.38,37.273,37.273,7394,0
2017-03-08,37.287,37.287,37.121,37.121,50098,0
2017-03-09,37.355,37.541,37.355,37.463,21241,0
2017-03-10,37.629,37.805,37.6,37.727,8194,0
2017-03-13,37.815,37.863,37.795,37.863,1731,0
2017-03-14,37.747,37.747,37.6,37.629,8599,0
2017-03-15,37.733,38.282,37.733,38.266,9161,0
2017-03-16,38.42,38.625,38.361,38.595,28560,0
2017-03-17,38.469,38.625,38.439,38.593,4220,0
2017-03-20,38.547,38.547,38.273,38.342,19795,0
2017-03-21,38.595,38.615,38.019,38.067,10123,0
2017-03-22,37.815,38.009,37.775,37.97,29285,0
2017-03-23,38.005,38.321,38.005,38.18,12749,0
2017-03-24,38.335,38.522,38.335,38.399,23022,0
2017-03-27,38.301,38.428,38.213,38.399,33311,0
2017-03-28,38.556,38.721,38.546,38.604,2572,0
2017-03-29,38.428,38.58,38.428,38.58,1693,0
2017-03-30,38.556,38.614,38.458,38.473,5579,0
2017-03-31,38.428,38.721,38.428,38.624,8444,0
2017-04-03,38.761,38.761,38.444,38.604,19235,0
2017-04-04,38.594,38.624,38.45,38.624,4172,0
2017-04-05,38.487,38.566,38.409,38.409,3879,0
2017-04-06,38.341,38.458,38.341,38.352,3147,0
2017-04-07,38.3,38.378,38.3,38.378,989,0
2017-04-10,38.272,38.36,38.272,38.301,4061,0
2017-04-11,38.213,38.516,38.206,38.516,12484,0
2017-04-12,38.327,38.462,38.263,38.462,4350,0
2017-04-13,38.116,38.281,38.116,38.155,5308,0
2017-04-17,38.351,38.427,38.301,38.37,6478,0
2017-04-18,38.301,38.331,38.106,38.311,5441,0
2017-04-19,38.448,38.448,38.331,38.341,4287,0
2017-04-20,38.556,38.692,38.546,38.546,24012,0
2017-04-21,38.351,38.458,38.341,38.425,12370,0
2017-04-24,39.904,40.228,39.904,40.228,7075,0
2017-04-25,40.168,40.422,40.11,40.422,9006,0
2017-04-26,40.295,40.383,40.295,40.382,3483,0
2017-04-27,40.032,40.098,40.012,40.06,2219,0
2017-04-28,40.207,40.265,40.148,40.148,2001,0
2017-05-01,40.295,40.422,40.285,40.422,4856,0
2017-05-02,40.656,40.656,40.461,40.618,5500,0
2017-05-03,40.406,40.481,40.393,40.467,8672,0
2017-05-04,40.843,41.253,40.843,41.228,11581,0
2017-05-05,41.448,41.976,41.448,41.917,14799,0
2017-05-08,41.291,41.361,41.264,41.275,21994,0
2017-05-09,41.311,41.371,41.146,41.203,2503,0
2017-05-10,41.301,41.341,41.222,41.316,9113,0
2017-05-11,41.038,41.126,40.921,41.126,13897,0
2017-05-12,41.243,41.455,41.243,41.439,4639,0
2017-05-15,41.791,41.847,41.781,41.839,7085,0
2017-05-16,42.23,42.307,42.172,42.304,8337,0
2017-05-17,42.031,42.031,41.594,41.594,12355,0
2017-05-18,41.204,41.594,41.204,41.594,27730,0
2017-05-19,42.034,42.22,42.015,42.015,144677,0
2017-05-22,42.142,42.367,42.142,42.299,16680,0
2017-05-23,42.289,42.377,42.137,42.162,9260,0
2017-05-24,42.142,42.269,42.084,42.256,6036,0
2017-05-25,42.425,42.425,42.23,42.387,59034,0
2017-05-26,42.152,42.269,42.054,42.259,8836,0
2017-05-30,42.476,42.476,42.337,42.406,52120,0
2017-05-31,42.709,42.709,42.494,42.504,4387,0
2017-06-01,42.729,42.905,42.699,42.905,34095,0
2017-06-02,43.598,43.598,43.355,43.51,3856,0
2017-06-05,43.355,43.355,43.188,43.325,23291,0
2017-06-06,43.09,43.12,42.992,43.022,7192,0
2017-06-07,43.061,43.061,42.777,43.002,10525,0
2017-06-08,42.924,42.924,42.64,42.797,21460,0
2017-06-09,43.12,43.12,42.845,43.012,69858,0
2017-06-12,42.807,42.807,42.602,42.748,4442,0
2017-06-13,42.885,43.07,42.885,43.032,7438,0
2017-06-14,43.314,43.34,42.924,43.149,6863,0
2017-06-15,42.122,42.224,42.045,42.182,7208,0
2017-06-16,42.406,42.69,42.406,42.602,4661,0
2017-06-19,43.074,43.074,42.897,42.973,8147,0
2017-06-20,42.958,42.958,42.543,42.64,11967,0
2017-06-21,42.552,42.64,42.543,42.602,11975,0
2017-06-22,42.748,42.748,42.54,42.58,6710,0
2017-06-23,42.462,42.729,42.402,42.689,6535,0
2017-06-26,43.135,43.273,42.867,42.917,31596,0
2017-06-27,42.946,42.946,42.778,42.808,64565,0
2017-06-28,43.182,43.353,43.016,43.353,3088,0
2017-06-29,43.045,43.045,42.54,42.689,35456,0
2017-06-30,42.911,42.966,42.689,42.937,11844,0
2017-07-03,43.036,43.219,43.036,43.075,2161,0
2017-07-05,43.016,43.075,42.808,43.065,14085,0
2017-07-06,42.768,43.055,42.768,42.961,6389,0
2017-07-07,42.996,43.164,42.996,43.164,2824,0
2017-07-10,43.184,43.271,43.125,43.214,11373,0
2017-07-11,43.323,43.724,43.323,43.66,11500,0
2017-07-12,43.858,43.947,43.764,43.937,12127,0
2017-07-13,43.986,44.051,43.838,44.051,8859,0
2017-07-14,43.996,44.412,43.996,44.402,28045,0
2017-07-17,44.254,44.343,44.248,44.303,2270,0
2017-07-18,44.284,44.343,44.175,44.192,5427,0
2017-07-19,44.155,44.244,44.076,44.234,6584,0
2017-07-20,44.383,44.472,44.284,44.343,14788,0
2017-07-21,43.828,43.977,43.635,43.937,5546,0
2017-07-24,43.58,43.696,43.58,43.676,6152,0
2017-07-25,44.034,44.034,43.808,43.912,5359,0
2017-07-26,44.194,44.612,44.194,44.547,6960,0
2017-07-27,44.62,44.62,44.343,44.492,8093,0
2017-07-28,44.303,44.363,44.284,44.338,5883,0
2017-07-31,44.358,44.603,44.358,44.595,1612,0
2017-08-01,45.007,45.155,45.007,45.054,3229,0
2017-08-02,45.393,45.393,45.175,45.324,28878,0
2017-08-03,45.165,45.304,45.116,45.212,3781,0
2017-08-04,45.304,45.347,45.237,45.306,8269,0
2017-08-07,45.413,45.454,45.362,45.362,810,0
2017-08-08,45.433,45.442,45.304,45.314,5925,0
2017-08-09,44.858,45.253,44.858,45.205,7815,0
2017-08-10,44.719,44.738,44.472,44.524,9888,0
2017-08-11,44.412,44.66,44.368,44.539,3539,0
2017-08-14,45.017,45.116,44.977,44.977,2184,0
2017-08-15,45.036,45.076,44.898,45.076,1831,0
2017-08-16,45.314,45.502,45.229,45.373,8969,0
2017-08-17,45.373,45.381,44.967,44.967,4661,0
2017-08-18,45.066,45.256,45.066,45.211,7454,0
2017-08-21,45.125,45.213,44.957,45.185,3285,0
2017-08-22,45.383,45.452,45.383,45.431,1543,0
2017-08-23,45.462,45.581,45.462,45.561,1221,0
2017-08-24,45.571,45.571,45.324,45.324,8909,0
2017-08-25,45.551,45.898,45.551,45.849,8017,0
2017-08-28,45.893,45.957,45.878,45.938,4406,0
2017-08-29,45.373,45.571,45.373,45.473,14034,0
2017-08-30,45.551,45.551,45.462,45.462,2874,0
2017-08-31,45.789,45.908,45.789,45.908,2078,0
2017-09-01,46.135,46.135,46.047,46.058,3703,0
2017-09-05,46.066,46.146,45.69,45.849,54615,0
2017-09-06,46.381,46.522,46.364,46.492,8642,0
2017-09-07,47.007,47.186,46.997,47.186,3531,0
2017-09-08,47.254,47.304,47.254,47.269,3309,0
2017-09-11,47.8,47.811,47.723,47.75,3602,0
2017-09-12,47.968,47.968,47.886,47.958,3645,0
2017-09-13,47.582,47.582,47.434,47.434,2925,0
2017-09-14,47.423,47.561,47.401,47.561,4378,0
2017-09-15,47.658,47.73,47.526,47.681,2297,0
2017-09-18,47.889,47.928,47.691,47.8,4970,0
2017-09-19,47.994,48.067,47.942,48.057,5792,0
2017-09-20,48.018,48.176,47.681,47.77,49259,0
2017-09-21,47.67,47.919,47.67,47.89,7638,0
2017-09-22,47.9256,48.1,47.9256,48.02,7008,0
2017-09-25,47.63,47.63,47.25,47.31,3275,0
2017-09-26,47.23,47.23,46.99,47.1447,3006,0
2017-09-27,46.84,47.129,46.8201,47.09,5609,0
2017-09-28,47.16,47.38,47.16,47.34,3985,0
2017-09-29,47.49,47.78,47.49,47.78,3110,0
2017-10-02,47.81,47.81,47.61,47.61,6055,0
2017-10-03,47.78,47.85,47.75,47.81,30343,0
2017-10-04,47.95,48.0357,47.86,47.89,8458,0
2017-10-05,47.84,47.88,47.74,47.7401,11671,0
2017-10-06,47.45,47.62,47.45,47.59,2986,0
2017-10-09,47.65,47.65,47.52,47.54,2070,0
2017-10-10,47.84,48.06,47.84,48.03,4055,0
2017-10-11,48.43,48.49,48.3,48.49,4016,0
2017-10-12,48.67,48.68,48.53,48.56,13737,0
2017-10-13,48.58,48.62,48.36,48.36,4933,0
2017-10-16,48.53,48.55,48.4999,48.5241,1434,0
2017-10-17,48.4383,48.51,48.3666,48.51,7183,0
2017-10-18,48.79,48.89,48.72,48.89,9842,0
2017-10-19,48.15,48.35,48.1,48.35,3168,0
2017-10-20,48.02,48.12,47.96,47.96,5703,0
2017-10-23,47.8,47.87,47.73,47.77,12940,0
2017-10-24,47.89,47.98,47.85,47.92,10972,0
2017-10-25,47.91,47.91,47.73,47.83,2822,0
2017-10-26,48.14,48.29,48.136,48.17,5214,0
2017-10-27,48.2,48.22,48.1001,48.21,2103,0
2017-10-30,48.48,48.66,48.48,48.66,2255,0
2017-10-31,48.88,48.88,48.7947,48.86,4934,0
2017-11-01,49.25,49.26,49.13,49.2,6900,0
2017-11-02,49.42,49.42,49.22,49.31,4973,0
2017-11-03,49.47,49.47,49.2125,49.23,3167,0
2017-11-06,49.2001,49.38,49.2,49.38,10404,0
2017-11-07,49.25,49.25,49.05,49.05,2173,0
2017-11-08,48.89,48.89,48.71,48.77,6985,0
2017-11-09,48.44,48.44,48.23,48.332,7867,0
2017-11-10,48.3807,48.53,48.3038,48.47,22603,0
