Date,Open,High,Low,Close,Volume,OpenInt
2010-04-01,17.416,17.456,17.416,17.436,11028,0
2010-04-05,17.575,18.78,17.575,17.748,210190,0
2010-04-06,17.78,18.435,17.711,17.822,68829,0
2010-04-07,18.573,18.573,17.679,17.706,76207,0
2010-04-08,17.691,17.811,17.567,17.76,60546,0
2010-04-09,17.927,17.927,17.691,17.822,59549,0
2010-04-12,18.78,18.78,17.849,17.878,71059,0
2010-04-13,18.257,18.257,17.609,17.811,160887,0
2010-04-14,18.257,18.257,17.773,17.816,40380,0
2010-04-15,17.972,18.25,17.725,17.872,609052,0
2010-04-16,17.919,17.919,17.451,17.609,92328,0
2010-04-19,17.547,17.685,17.547,17.685,56092,0
2010-04-20,17.74,17.94,17.74,17.891,65498,0
2010-04-21,18.189,18.194,17.816,17.891,49623,0
2010-04-22,17.981,17.981,17.753,17.911,52338,0
2010-04-23,17.989,18.05,17.919,18.01,27371,0
2010-04-26,18.126,18.953,18.016,18.024,41666,0
2010-04-27,18.126,18.126,17.733,17.733,30955,0
2010-04-28,18.056,18.593,17.402,17.733,101295,0
2010-04-29,17.643,17.94,17.643,17.78,38656,0
2010-04-30,17.816,17.885,17.656,17.78,28971,0
2010-05-03,17.953,18.158,17.748,17.872,34404,0
2010-05-04,17.878,17.878,17.518,17.525,32446,0
2010-05-05,17.842,17.842,16.57,17.038,83408,0
2010-05-06,17.257,17.257,15.654,16.25,42667,0
2010-05-07,17.195,17.195,16.195,16.644,131436,0
2010-05-10,17.402,17.896,17.078,17.078,39881,0
2010-05-11,16.989,17.465,16.989,17.285,44610,0
2010-05-12,17.285,17.711,17.285,17.561,86091,0
2010-05-13,17.767,17.767,17.396,17.396,39980,0
2010-05-14,17.368,17.368,16.952,17.222,45647,0
2010-05-17,17.271,17.326,16.684,17.038,36046,0
2010-05-18,17.285,17.285,16.829,16.871,43994,0
2010-05-19,16.713,16.713,16.181,16.623,71840,0
2010-05-20,16.299,16.299,15.83,16.086,43540,0
2010-05-21,15.609,16.319,15.37,16.195,43512,0
2010-05-24,16.334,17.084,16.216,16.258,38367,0
2010-05-25,16.401,16.401,15.715,16.189,45483,0
2010-05-26,16.636,16.782,16.424,16.54,26045,0
2010-05-27,16.891,16.989,16.851,16.939,32447,0
2010-05-28,17.023,17.023,16.814,16.934,22423,0
2010-06-01,16.975,16.989,16.424,16.629,32035,0
2010-06-02,16.651,16.871,16.437,16.871,23417,0
2010-06-03,17.155,17.616,16.989,17.348,56856,0
2010-06-04,17.305,17.305,16.934,17.051,27429,0
2010-06-07,17.483,17.483,16.883,16.934,18079,0
2010-06-08,16.72,17.092,16.603,17.092,21699,0
2010-06-09,17.023,17.422,16.809,17.21,54053,0
2010-06-10,17.547,17.547,17.092,17.291,46602,0
2010-06-11,17.816,17.816,17.188,17.416,47440,0
2010-06-14,17.711,17.711,17.506,17.636,32685,0
2010-06-15,17.788,17.788,17.587,17.78,49223,0
2010-06-16,17.748,17.788,17.58,17.78,57450,0
2010-06-17,17.849,17.849,17.567,17.609,14663,0
2010-06-18,17.679,17.802,17.643,17.753,42738,0
2010-06-21,17.849,17.891,17.643,17.711,31800,0
2010-06-22,17.711,17.711,17.518,17.518,39413,0
2010-06-23,17.748,17.748,17.299,17.561,20517,0
2010-06-24,17.748,17.748,17.506,17.58,15878,0
2010-06-25,17.711,18.008,17.711,17.919,27111,0
2010-06-28,17.934,18.14,17.927,18.132,27302,0
2010-06-29,17.919,17.946,17.802,17.885,15554,0
2010-06-30,17.886,18.113,17.886,18.088,28763,0
2010-07-01,18.423,18.423,17.472,17.76,42093,0
2010-07-02,17.988,18.056,17.773,17.78,22625,0
2010-07-06,17.919,18.132,17.78,17.802,23941,0
2010-07-07,17.934,18.347,17.934,18.242,49897,0
2010-07-08,18.402,18.402,18.264,18.372,48951,0
2010-07-09,18.676,18.676,18.38,18.518,63835,0
2010-07-12,18.504,18.504,18.181,18.21,70118,0
2010-07-13,18.593,18.608,18.326,18.471,37836,0
2010-07-14,18.531,18.54,18.387,18.435,46992,0
2010-07-15,18.395,18.573,18.395,18.567,44281,0
2010-07-16,18.567,18.567,18.409,18.546,37499,0
2010-07-19,18.74,18.855,18.531,18.608,44544,0
2010-07-20,18.518,18.902,18.518,18.899,62503,0
2010-07-21,18.953,18.987,18.753,18.902,33363,0
2010-07-22,18.958,19.029,18.917,19.009,25352,0
2010-07-23,18.94,19.062,18.899,19.02,18371,0
2010-07-26,19.195,19.195,19.062,19.126,35340,0
2010-07-27,19.367,19.367,18.753,18.786,35101,0
2010-07-28,18.953,18.953,18.676,18.76,80872,0
2010-07-29,18.987,19.036,18.497,18.553,29240,0
2010-07-30,18.435,19.126,18.387,18.841,254750,0
2010-08-02,19.137,19.18,18.979,19.076,60202,0
2010-08-03,19.119,19.119,18.987,19.076,136627,0
2010-08-04,19.228,19.298,19.076,19.236,112661,0
2010-08-05,19.36,19.53,19.18,19.304,72146,0
2010-08-06,19.221,19.291,19.103,19.262,41434,0
2010-08-09,19.47,19.47,19,19.036,56422,0
2010-08-10,19.02,19.02,18.657,18.816,71714,0
2010-08-11,18.703,18.703,18.264,18.347,48929,0
2010-08-12,18.365,18.365,18.091,18.25,51983,0
2010-08-13,18.457,18.641,18.423,18.601,41569,0
2010-08-16,18.863,18.863,18.586,18.622,45322,0
2010-08-17,18.946,18.946,18.663,18.683,100951,0
2010-08-18,18.616,18.63,18.504,18.622,94342,0
2010-08-19,18.816,18.816,18.477,18.58,83053,0
2010-08-20,18.448,18.593,18.435,18.586,82591,0
2010-08-23,18.442,18.691,18.442,18.635,69877,0
2010-08-24,18.601,18.601,18.365,18.561,67608,0
2010-08-25,18.435,18.463,18.257,18.426,49618,0
2010-08-26,18.745,18.745,18.312,18.477,68466,0
2010-08-27,18.601,18.63,18.426,18.622,93166,0
2010-08-30,18.718,18.718,18.354,18.354,59446,0
2010-08-31,18.31,18.371,18.22,18.276,576990,0
2010-09-01,18.608,18.608,18.504,18.553,117751,0
2010-09-02,18.423,18.67,18.423,18.635,48043,0
2010-09-03,18.78,18.834,18.683,18.786,45335,0
2010-09-07,18.773,18.773,18.608,18.663,39276,0
2010-09-08,18.78,18.78,18.622,18.649,31186,0
2010-09-09,18.878,18.878,18.703,18.76,133445,0
2010-09-10,18.745,18.8,18.726,18.753,20086,0
2010-09-13,18.973,18.973,18.8,18.847,62863,0
2010-09-14,18.78,18.899,18.78,18.816,62435,0
2010-09-15,18.676,18.829,18.676,18.794,28912,0
2010-09-16,18.816,18.816,18.683,18.71,39841,0
2010-09-17,18.834,18.855,18.676,18.786,559355,0
2010-09-20,18.91,18.953,18.816,18.917,36834,0
2010-09-21,18.953,18.994,18.902,18.979,45615,0
2010-09-22,19.119,19.119,18.994,19.009,46924,0
2010-09-23,19.043,19.043,18.863,18.863,31157,0
2010-09-24,19.152,19.152,18.953,18.973,47450,0
2010-09-27,19.054,19.062,18.987,19.02,22622,0
2010-09-28,19.009,19.09,18.958,19.09,34474,0
2010-09-29,19.195,19.228,18.809,19.201,33005,0
2010-09-30,19.427,19.427,19.197,19.28,292339,0
2010-10-01,19.414,19.462,19.298,19.441,79295,0
2010-10-04,19.545,19.545,19.36,19.456,48843,0
2010-10-05,19.663,19.663,19.499,19.537,46012,0
2010-10-06,19.703,19.703,19.537,19.628,40386,0
2010-10-07,19.758,19.821,19.573,19.785,250608,0
2010-10-08,19.641,19.641,19.47,19.545,40718,0
2010-10-11,19.628,19.696,19.614,19.671,26389,0
2010-10-12,19.663,19.69,19.567,19.69,40837,0
2010-10-13,19.771,19.828,19.766,19.8,29177,0
2010-10-14,19.753,19.8,19.655,19.716,40782,0
2010-10-15,19.847,19.847,19.6,19.69,161987,0
2010-10-18,19.671,19.821,19.641,19.696,56890,0
2010-10-19,19.628,19.671,19.482,19.505,21218,0
2010-10-20,19.553,19.725,19.553,19.696,30476,0
2010-10-21,19.732,19.821,19.607,19.671,83248,0
2010-10-22,19.71,19.71,19.655,19.703,44053,0
2010-10-25,19.732,19.835,19.703,19.703,15566,0
2010-10-26,19.771,19.8,19.655,19.8,25118,0
2010-10-27,19.8,19.8,19.671,19.758,13734,0
2010-10-28,19.854,19.854,19.725,19.808,13930,0
2010-10-29,19.902,19.968,19.811,19.968,31219,0
2010-11-01,20.104,20.104,19.93,19.994,30693,0
2010-11-02,20.055,20.179,20.049,20.179,51512,0
2010-11-03,20.179,20.22,20.138,20.158,31579,0
2010-11-04,20.387,20.405,20.337,20.337,29776,0
2010-11-05,20.468,20.544,20.398,20.544,19029,0
2010-11-08,20.627,20.627,20.455,20.552,57189,0
2010-11-09,20.329,20.784,20.329,20.774,36529,0
2010-11-10,20.938,20.938,20.559,20.688,84373,0
2010-11-11,20.653,20.653,20.62,20.635,18549,0
2010-11-12,20.62,20.62,20.435,20.519,23943,0
2010-11-15,20.649,20.704,20.606,20.643,29603,0
2010-11-16,20.62,20.62,20.006,20.131,57938,0
2010-11-17,20.282,20.282,20.146,20.207,111286,0
2010-11-18,20.398,20.398,20.262,20.297,107301,0
2010-11-19,20.398,20.398,20.193,20.398,74699,0
2010-11-22,20.392,20.435,20.282,20.42,140992,0
2010-11-23,20.461,20.461,20.083,20.405,72116,0
2010-11-24,20.42,20.482,20.359,20.398,57683,0
2010-11-26,20.435,20.435,20.311,20.351,17291,0
2010-11-29,20.392,20.392,20.228,20.318,28084,0
2010-11-30,20.32,20.32,20.236,20.3,18603,0
2010-12-01,20.337,20.337,20.262,20.297,47088,0
2010-12-02,20.405,20.405,20.165,20.282,1307065,0
2010-12-03,20.329,20.351,20.306,20.329,45301,0
2010-12-06,20.242,20.373,20.242,20.337,43641,0
2010-12-07,20.42,20.449,20.344,20.359,36772,0
2010-12-08,20.387,20.387,20.213,20.249,21301,0
2010-12-09,20.351,20.359,20.207,20.318,36633,0
2010-12-10,20.413,20.442,20.359,20.429,45873,0
2010-12-13,20.527,20.58,20.527,20.572,33019,0
2010-12-14,20.661,20.661,20.442,20.461,61211,0
2010-12-15,20.455,20.455,20.096,20.158,41484,0
2010-12-16,20.028,20.055,19.985,20.055,51720,0
2010-12-17,20.089,20.124,19.967,19.973,25379,0
2010-12-20,19.973,20.049,19.917,20.036,38997,0
2010-12-21,20.124,20.179,20.013,20.179,24738,0
2010-12-22,20.235,20.359,20.235,20.29,96431,0
2010-12-23,20.398,20.449,20.297,20.366,46053,0
2010-12-27,20.268,20.413,20.213,20.351,24453,0
2010-12-28,20.392,20.504,20.387,20.504,28746,0
2010-12-29,20.493,20.605,20.493,20.586,39779,0
2010-12-30,20.534,20.744,20.486,20.724,82400,0
2010-12-31,20.715,20.805,20.706,20.74,28075,0
2011-01-03,20.904,20.957,20.848,20.862,16220,0
2011-01-04,20.986,20.986,20.682,20.737,18689,0
2011-01-05,20.784,20.784,20.676,20.766,44504,0
2011-01-06,20.842,20.842,20.712,20.743,22777,0
2011-01-07,20.676,20.812,20.676,20.774,37024,0
2011-01-10,20.552,20.591,20.468,20.591,49711,0
2011-01-11,20.653,20.718,20.653,20.712,30870,0
2011-01-12,20.834,20.834,20.696,20.774,24001,0
2011-01-13,20.779,20.862,20.774,20.855,28208,0
2011-01-14,20.828,20.91,20.828,20.896,24564,0
2011-01-18,20.828,20.944,20.806,20.834,13076,0
2011-01-19,20.743,20.889,20.519,20.58,66676,0
2011-01-20,20.649,20.649,20.11,20.318,55581,0
2011-01-21,20.392,20.449,20.373,20.398,44159,0
2011-01-24,20.512,20.712,20.504,20.653,33213,0
2011-01-25,20.643,20.73,20.496,20.627,109104,0
2011-01-26,20.737,20.855,20.668,20.842,33090,0
2011-01-27,20.904,21.406,20.821,20.889,37717,0
2011-01-28,20.981,20.981,20.599,20.779,51140,0
2011-01-31,20.913,20.948,20.849,20.948,21443,0
2011-02-01,21.115,21.115,20.981,20.986,17680,0
2011-02-02,20.083,21.103,20.083,21.042,53252,0
2011-02-03,21.145,21.177,20.986,21.177,44145,0
2011-02-04,21.192,21.228,21.042,21.074,29181,0
2011-02-07,21.171,21.171,21.042,21.066,212242,0
2011-02-08,21.159,21.228,20.981,21.004,52386,0
2011-02-09,20.676,21.385,20.676,20.973,29507,0
2011-02-10,20.774,20.991,20.676,20.966,30517,0
2011-02-11,20.779,21.013,20.779,20.986,691262,0
2011-02-14,21.152,21.29,21.097,21.268,142919,0
2011-02-15,21.268,21.468,21.255,21.46,16993,0
2011-02-16,21.504,21.524,21.448,21.504,26225,0
2011-02-18,21.566,21.742,21.566,21.662,21975,0
2011-02-22,21.64,21.696,21.413,21.51,15412,0
2011-02-23,21.626,21.687,21.338,21.434,17475,0
2011-02-24,21.517,21.584,21.228,21.517,14139,0
2011-02-25,21.626,21.771,21.441,21.771,15355,0
2011-02-28,22.141,22.141,21.82,21.904,15156,0
2011-03-01,22.363,22.363,21.748,21.786,30638,0
2011-03-02,21.813,21.87,21.708,21.748,35513,0
2011-03-03,21.932,21.932,21.786,21.786,37626,0
2011-03-04,21.792,21.868,21.738,21.757,39368,0
2011-03-07,21.827,21.848,21.578,21.674,11617,0
2011-03-08,21.619,21.771,21.495,21.55,40979,0
2011-03-09,21.524,21.524,21.2,21.261,49534,0
2011-03-10,21.018,21.199,20.767,20.913,72508,0
2011-03-11,20.986,20.986,20.723,20.904,43536,0
2011-03-14,20.828,20.91,20.73,20.842,23280,0
2011-03-15,20.676,20.676,19.985,20.474,128814,0
2011-03-16,20.784,20.792,20.435,20.696,48882,0
2011-03-17,20.815,20.962,20.815,20.962,46631,0
2011-03-18,21.177,21.233,20.878,20.885,76736,0
2011-03-21,20.146,21.233,20.146,21.233,39235,0
2011-03-22,20.37,21.325,20.37,21.284,22257,0
2011-03-23,21.233,21.239,21.137,21.186,12835,0
2011-03-24,21.308,21.385,21.261,21.377,23200,0
2011-03-25,21.485,21.52,21.451,21.492,39747,0
2011-03-28,21.599,21.655,21.371,21.393,32038,0
2011-03-29,21.887,21.887,21.246,21.371,43609,0
2011-03-30,21.455,21.517,21.413,21.474,26449,0
2011-03-31,21.486,21.622,21.371,21.601,50266,0
2011-04-01,22.064,22.085,21.603,21.624,73572,0
2011-04-04,21.624,21.742,21.624,21.716,86631,0
2011-04-05,21.576,21.716,21.576,21.673,22117,0
2011-04-06,21.995,21.995,21.679,21.729,16790,0
2011-04-07,21.792,21.827,21.687,21.786,14874,0
2011-04-08,21.792,21.855,21.646,21.708,145980,0
2011-04-11,21.563,21.771,21.533,21.603,116067,0
2011-04-12,21.444,21.527,21.185,21.464,33140,0
2011-04-13,21.597,21.631,21.506,21.554,12187,0
2011-04-14,21.477,21.603,21.477,21.572,20802,0
2011-04-15,21.471,21.687,21.471,21.679,51078,0
2011-04-18,21.624,21.624,21.302,21.59,24326,0
2011-04-19,21.52,21.748,21.52,21.679,26448,0
2011-04-20,21.898,21.904,21.833,21.855,22049,0
2011-04-21,21.967,21.974,21.898,21.952,45076,0
2011-04-25,21.673,22.122,21.673,22.071,46304,0
2011-04-26,22.043,22.211,22.043,22.175,227246,0
2011-04-27,22.275,22.275,22.134,22.246,25889,0
2011-04-28,22.224,22.351,22.205,22.314,22588,0
2011-04-29,22.357,22.479,22.292,22.292,16490,0
2011-05-02,22.205,22.469,21.967,21.98,23945,0
2011-05-03,22.014,22.037,21.59,21.631,23871,0
2011-05-04,21.701,21.701,21.01,21.302,65695,0
2011-05-05,21.033,21.109,20.835,21.096,31282,0
2011-05-06,21.302,21.624,21.302,21.485,43582,0
2011-05-09,21.61,21.695,21.428,21.539,9302,0
2011-05-10,21.603,21.679,21.477,21.477,23072,0
2011-05-11,21.444,21.444,21.059,21.205,43382,0
2011-05-12,21.277,21.325,20.815,20.941,41972,0
2011-05-13,21.08,21.08,20.767,20.83,21184,0
2011-05-16,20.906,20.947,20.599,20.599,211968,0
2011-05-17,20.453,20.586,20.067,20.244,32638,0
2011-05-18,20.332,20.744,20.332,20.696,28721,0
2011-05-19,20.899,21.025,20.822,21.01,37312,0
2011-05-20,20.953,21.143,20.73,21.12,24274,0
2011-05-23,20.913,20.988,20.87,20.977,15137,0
2011-05-24,21.096,21.255,20.87,20.962,53428,0
2011-05-25,20.899,21.143,20.899,21.109,23667,0
2011-05-26,21.046,21.143,21.046,21.143,16224,0
2011-05-27,21.277,21.277,21.08,21.177,29010,0
2011-05-31,21.307,21.307,21.135,21.206,27081,0
2011-06-01,21.214,21.268,20.953,20.977,14293,0
2011-06-02,20.962,20.977,20.76,20.941,15882,0
2011-06-03,20.73,20.941,20.619,20.87,42343,0
2011-06-06,20.857,20.857,20.579,20.579,11992,0
2011-06-07,20.638,20.672,20.524,20.559,20250,0
2011-06-08,20.678,20.71,20.467,20.608,12930,0
2011-06-09,20.71,20.891,20.652,20.877,23750,0
2011-06-10,20.892,21.115,20.892,21.115,23342,0
2011-06-13,21.185,21.185,20.822,20.913,16048,0
2011-06-14,20.983,21.002,20.892,20.892,19125,0
2011-06-15,20.885,20.885,20.649,20.767,18220,0
2011-06-16,20.863,20.877,20.481,20.489,25832,0
2011-06-17,20.59,20.626,20.314,20.416,38702,0
2011-06-20,20.439,20.51,20.3,20.51,23868,0
2011-06-21,20.682,20.85,20.668,20.85,9352,0
2011-06-22,20.724,21.284,20.724,20.899,630506,0
2011-06-23,20.626,20.885,20.517,20.878,63526,0
2011-06-24,21.027,21.046,20.97,21.046,7464,0
2011-06-27,21.205,21.205,21.002,21.101,14794,0
2011-06-28,21.072,21.199,21.052,21.199,16860,0
2011-06-29,21.379,21.458,21.072,21.428,21024,0
2011-06-30,21.47,21.536,21.341,21.413,8651,0
2011-07-01,21.414,21.528,21.358,21.528,43688,0
2011-07-05,21.521,21.599,21.492,21.528,28176,0
2011-07-06,21.548,21.583,21.5,21.556,8884,0
2011-07-07,21.641,21.741,21.613,21.697,15168,0
2011-07-08,21.421,21.65,21.421,21.626,26233,0
2011-07-11,21.745,21.745,21.387,21.464,36144,0
2011-07-12,21.5,21.5,21.33,21.395,19034,0
2011-07-13,21.528,21.528,21.378,21.408,22872,0
2011-07-14,21.471,21.486,21.308,21.33,13309,0
2011-07-15,21.408,21.507,21.364,21.478,13063,0
2011-07-18,21.352,21.458,21.323,21.371,25879,0
2011-07-19,21.414,21.565,21.414,21.5,25280,0
2011-07-20,21.486,21.548,21.451,21.486,42976,0
2011-07-21,21.528,21.572,21.492,21.492,10508,0
2011-07-22,21.556,21.613,21.492,21.583,52615,0
2011-07-25,21.33,21.577,21.33,21.421,22620,0
2011-07-26,21.352,21.408,21.195,21.195,13126,0
2011-07-27,21.195,21.236,20.87,20.947,29000,0
2011-07-28,21.027,21.11,20.884,20.978,56866,0
2011-07-29,20.82,21.143,20.798,21.094,12009,0
2011-08-01,21.803,21.81,21.202,21.202,249350,0
2011-08-02,21.21,21.274,21.02,21.131,15869,0
2011-08-03,20.672,21.259,20.672,21.131,113090,0
2011-08-04,20.962,20.962,20.396,20.474,95399,0
2011-08-05,20.71,21.471,18.482,20.22,213171,0
2011-08-08,19.153,19.789,18.539,18.822,120988,0
2011-08-09,18.822,20.363,17.761,20.363,39054,0
2011-08-10,20.242,21.123,20.128,20.638,285146,0
2011-08-11,20.856,21.092,20.856,20.947,37669,0
2011-08-12,20.97,21.175,20.71,20.806,33067,0
2011-08-15,21.027,21.181,21.027,21.14,24118,0
2011-08-16,20.92,21.066,20.849,21.027,29392,0
2011-08-17,21.012,21.188,20.978,20.984,66339,0
2011-08-18,20.821,20.821,19.93,20.402,125619,0
2011-08-19,20.199,20.363,19.943,19.995,35812,0
2011-08-22,20.757,20.757,19.436,19.442,33171,0
2011-08-23,19.506,20.03,19.506,20.03,19262,0
2011-08-24,20.008,20.263,19.93,20.185,29939,0
2011-08-25,20.206,20.263,20.015,20.058,18975,0
2011-08-26,19.789,20.249,19.189,20.249,14805,0
2011-08-29,20.528,20.678,20.46,20.652,18056,0
2011-08-30,20.678,20.843,20.652,20.806,27855,0
2011-08-31,21.043,21.109,20.803,21.014,17659,0
2011-09-01,21.02,21.033,20.913,20.934,23350,0
2011-09-02,20.726,20.733,20.598,20.715,27416,0
2011-09-06,20.489,20.524,19.62,20.519,11784,0
2011-09-07,20.669,20.733,20.669,20.715,15036,0
2011-09-08,20.698,20.82,20.698,20.798,41334,0
2011-09-09,20.792,20.792,20.63,20.694,12392,0
2011-09-12,20.657,20.657,20.268,20.574,28417,0
2011-09-13,20.657,20.685,20.496,20.646,19885,0
2011-09-14,20.717,20.799,20.481,20.672,44073,0
2011-09-15,20.779,20.884,20.757,20.877,30037,0
2011-09-16,20.784,21.027,20.574,20.594,29191,0
2011-09-19,20.292,21.074,20.292,21.074,69018,0
2011-09-20,21.104,21.315,21.027,21.274,26261,0
2011-09-21,21.232,21.352,20.996,21.033,26598,0
2011-09-22,20.765,20.765,20.32,20.417,20326,0
2011-09-23,20.331,20.442,20.267,20.267,11416,0
2011-09-26,20.377,20.402,20.179,20.384,47513,0
2011-09-27,20.773,20.884,20.717,20.717,61409,0
2011-09-28,20.736,20.736,20.363,20.363,16148,0
2011-09-29,20.685,20.685,20.389,20.46,15472,0
2011-09-30,20.324,20.444,20.297,20.37,31502,0
2011-10-03,20.268,20.355,19.937,19.995,16732,0
2011-10-04,19.65,19.982,19.077,19.982,82239,0
2011-10-05,20.06,20.29,19.889,20.189,63247,0
2011-10-06,20.132,20.52,19.93,20.468,20455,0
2011-10-07,20.427,20.442,20.196,20.196,29906,0
2011-10-10,20.474,20.577,20.418,20.514,38235,0
2011-10-11,20.589,20.798,20.589,20.755,19735,0
2011-10-12,19.903,20.935,19.903,20.835,30711,0
2011-10-13,20.661,20.964,20.661,20.964,168472,0
2011-10-14,21.402,21.402,20.997,21.171,85162,0
2011-10-17,21.013,21.615,20.955,21.127,42002,0
2011-10-18,21.215,21.35,21.135,21.299,46178,0
2011-10-19,21.444,21.523,21.371,21.394,31009,0
2011-10-20,21.421,21.673,21.329,21.673,43240,0
2011-10-21,21.622,21.724,21.607,21.702,42442,0
2011-10-24,21.879,22.054,21.594,21.867,64775,0
2011-10-25,21.867,22.025,21.286,21.708,30039,0
2011-10-26,21.902,22.074,21.874,22.074,55344,0
2011-10-27,22.224,22.59,22.146,22.182,420437,0
2011-10-28,22.231,22.355,22.054,22.283,31087,0
2011-10-31,22.205,22.377,22.198,22.377,21942,0
2011-11-01,21.932,22.032,21.852,21.923,7635,0
2011-11-02,22.239,22.334,21.967,22.16,32491,0
2011-11-03,22.198,22.198,21.902,22.146,11446,0
2011-11-04,22.173,22.37,22.043,22.362,49029,0
2011-11-07,22.475,22.482,22.102,22.294,10588,0
2011-11-08,22.239,22.309,22.008,22.259,32316,0
2011-11-09,21.937,22.167,21.801,21.852,16950,0
2011-11-10,22.19,22.231,21.852,21.879,44040,0
2011-11-11,22.167,22.182,21.91,22.008,67139,0
2011-11-14,21.932,22.267,21.932,22.173,116180,0
2011-11-15,22.217,22.239,22.11,22.132,85579,0
2011-11-16,22.139,22.231,21.171,22.152,82587,0
2011-11-17,22.16,22.291,22.096,22.217,55321,0
2011-11-18,22.439,22.439,22.16,22.309,37995,0
2011-11-21,22.253,22.253,21.952,22.182,32277,0
2011-11-22,22.239,22.239,22.087,22.182,55486,0
2011-11-23,21.99,22.087,21.86,22.008,24126,0
2011-11-25,22.11,22.11,21.902,22.008,4289,0
2011-11-28,22.381,22.413,22.246,22.259,44638,0
2011-11-29,22.253,22.418,22.246,22.359,46008,0
2011-11-30,22.583,22.589,22.382,22.413,48161,0
2011-12-01,22.504,22.734,22.355,22.698,824655,0
2011-12-02,22.757,22.845,22.671,22.734,76526,0
2011-12-05,22.896,22.968,22.75,22.768,108996,0
2011-12-06,22.717,22.847,22.632,22.84,72760,0
2011-12-07,22.917,22.917,22.734,22.823,42703,0
2011-12-08,22.734,22.734,22.551,22.582,25280,0
2011-12-09,22.79,22.84,22.639,22.781,64787,0
2011-12-12,22.768,22.773,22.619,22.757,27209,0
2011-12-13,22.879,22.885,22.684,22.726,37518,0
2011-12-14,22.654,22.671,22.475,22.59,21063,0
2011-12-15,22.717,22.773,22.654,22.734,19697,0
2011-12-16,22.75,26.151,22.734,22.799,159675,0
2011-12-19,22.798,22.927,22.764,22.854,79812,0
2011-12-20,23.056,23.128,22.905,23.019,54242,0
2011-12-21,22.961,23.155,22.949,23.155,48230,0
2011-12-22,23.092,23.221,23.034,23.106,43807,0
2011-12-23,22.647,23.393,22.618,23.344,17333,0
2011-12-27,23.434,23.55,23.128,23.451,31233,0
2011-12-28,23.587,23.587,23.294,23.443,25352,0
2011-12-29,23.474,23.736,23.474,23.7,44974,0
2011-12-30,23.582,23.757,23.545,23.719,55151,0
2012-01-03,24.04,24.693,23.765,23.815,79362,0
2012-01-04,23.807,24.047,23.807,24.024,38940,0
2012-01-05,24.032,24.155,24.032,24.128,30622,0
2012-01-06,24.128,24.263,23.647,24.098,48372,0
2012-01-09,23.959,24.082,23.618,23.742,70957,0
2012-01-10,23.807,23.807,23.525,23.656,28062,0
2012-01-11,23.634,23.64,23.402,23.494,41013,0
2012-01-12,23.423,23.559,23.415,23.486,62032,0
2012-01-13,23.264,23.525,23.264,23.517,34638,0
2012-01-17,23.857,23.857,23.604,23.749,48148,0
2012-01-18,23.83,23.9,23.758,23.815,79307,0
2012-01-19,23.938,23.982,23.765,23.917,71450,0
2012-01-20,24.004,24.018,23.822,24.018,36702,0
2012-01-23,24.112,24.271,24.112,24.271,53380,0
2012-01-24,24.345,24.852,24.133,24.155,39553,0
2012-01-25,24.197,24.425,24.179,24.395,41135,0
2012-01-26,24.461,24.583,24.278,24.309,233421,0
2012-01-27,24.295,24.295,24.133,24.213,66100,0
2012-01-30,24.155,24.155,23.988,24.128,34416,0
2012-01-31,24.132,24.283,24.066,24.206,49477,0
2012-02-01,24.527,24.527,24.287,24.367,102790,0
2012-02-02,24.518,24.562,24.367,24.425,31058,0
2012-02-03,24.556,24.556,24.418,24.484,24076,0
2012-02-06,24.511,24.532,24.432,24.502,61597,0
2012-02-07,24.556,24.568,24.432,24.562,27367,0
2012-02-08,24.599,24.599,24.475,24.548,60505,0
2012-02-09,24.367,24.715,24.367,24.715,41195,0
2012-02-10,24.658,24.658,24.425,24.62,37116,0
2012-02-13,24.816,24.816,24.686,24.757,29077,0
2012-02-14,24.816,24.868,24.729,24.737,26790,0
2012-02-15,24.896,25.027,24.78,24.94,77756,0
2012-02-16,24.996,25.213,24.947,25.179,84440,0
2012-02-17,25.316,25.375,25.2,25.281,27165,0
2012-02-21,25.434,25.447,25.281,25.355,13022,0
2012-02-22,25.476,25.476,25.063,25.31,55212,0
2012-02-23,25.31,25.316,25.187,25.251,59383,0
2012-02-24,25.187,25.549,25.187,25.511,30729,0
2012-02-27,25.468,25.549,25.381,25.519,34356,0
2012-02-28,25.265,25.534,25.171,25.251,40159,0
2012-02-29,25.301,25.315,25.21,25.269,30709,0
2012-03-01,25.289,25.388,25.251,25.388,40729,0
2012-03-02,25.374,25.5,25.183,25.204,30039,0
2012-03-05,24.954,25.213,24.954,25.121,34958,0
2012-03-06,24.896,24.962,24.704,24.792,203841,0
2012-03-07,24.81,24.984,24.81,24.984,17233,0
2012-03-08,25.198,25.198,24.888,24.911,29250,0
2012-03-09,24.961,25.033,24.954,25.033,21606,0
2012-03-12,24.918,25.041,24.918,24.996,18586,0
2012-03-13,24.947,25.143,24.751,24.903,101909,0
2012-03-14,24.786,24.868,24.532,24.568,20023,0
2012-03-15,24.425,24.511,24.222,24.502,99702,0
2012-03-16,24.502,24.62,24.309,24.556,91420,0
2012-03-19,24.658,24.874,24.658,24.823,77922,0
2012-03-20,24.706,24.816,24.699,24.81,27378,0
2012-03-21,24.774,24.846,24.723,24.846,6807,0
2012-03-22,24.715,24.816,24.568,24.643,23965,0
2012-03-23,24.65,24.723,24.541,24.562,25275,0
2012-03-26,24.624,24.663,24.49,24.591,22245,0
2012-03-27,24.591,24.606,24.418,24.418,35705,0
2012-03-28,24.287,24.395,24.004,24.244,105042,0
2012-03-29,24.237,24.237,23.872,24.082,63546,0
2012-03-30,24.21,24.699,24.088,24.288,45284,0
2012-04-02,24.295,24.438,24.213,24.337,24072,0
2012-04-03,24.434,24.478,24.237,24.478,42638,0
2012-04-04,24.446,24.792,23.611,24.196,113301,0
2012-04-05,23.985,24.255,23.985,24.196,21768,0
2012-04-09,24.055,24.119,24.024,24.119,47297,0
2012-04-10,23.978,24.073,23.531,23.617,33940,0
2012-04-11,23.662,23.809,23.021,23.766,31860,0
2012-04-12,23.897,24.007,23.838,23.949,27875,0
2012-04-13,24.037,24.051,23.897,24.028,27258,0
2012-04-16,24.125,24.125,23.816,23.903,31025,0
2012-04-17,24.043,24.117,24.02,24.104,15899,0
2012-04-18,24.161,24.161,23.955,24.104,22142,0
2012-04-19,24.06,24.36,23.522,24.32,21828,0
2012-04-20,24.419,24.587,24.396,24.404,29748,0
2012-04-23,24.346,24.486,24.249,24.478,26166,0
2012-04-24,24.44,24.639,24.44,24.462,57726,0
2012-04-25,24.639,24.639,24.278,24.295,26959,0
2012-04-26,24.374,24.462,24.249,24.427,156089,0
2012-04-27,24.381,24.572,24.381,24.535,42014,0
2012-04-30,25.097,25.097,24.472,24.668,16633,0
2012-05-01,24.675,24.792,24.675,24.742,16636,0
2012-05-02,24.792,24.822,24.721,24.801,40623,0
2012-05-03,24.845,24.845,24.455,24.535,36252,0
2012-05-04,24.434,24.565,24.304,24.565,13542,0
2012-05-07,24.36,24.888,23.677,24.337,39385,0
2012-05-08,24.315,24.315,23.927,24.11,27681,0
2012-05-09,23.89,23.919,23.809,23.809,82657,0
2012-05-10,23.846,24.073,23.846,23.97,26704,0
2012-05-11,23.955,24.028,23.859,23.868,29935,0
2012-05-14,23.816,23.838,23.639,23.655,18353,0
2012-05-15,23.551,23.823,23.551,23.599,16392,0
2012-05-16,23.603,24.015,23.572,23.58,38204,0
2012-05-17,23.544,23.572,23.272,23.279,38246,0
2012-05-18,23.296,23.304,22.7,22.766,57725,0
2012-05-21,22.419,23.296,22.419,23.279,36555,0
2012-05-22,23.441,23.544,23.296,23.352,16070,0
2012-05-23,23.059,23.315,22.921,23.306,29595,0
2012-05-24,23.304,23.306,23.059,23.214,48594,0
2012-05-25,23.39,23.457,22.895,23.306,115190,0
2012-05-29,23.339,23.522,23.339,23.491,74369,0
2012-05-30,23.432,23.432,23.046,23.127,27957,0
2012-05-31,23.186,23.186,22.725,22.867,67478,0
2012-06-01,22.744,22.744,22.193,22.308,235428,0
2012-06-04,22.235,22.3,21.597,21.999,43579,0
2012-06-05,21.875,22.399,21.875,22.359,43077,0
2012-06-06,21.439,22.74,21.439,22.667,13758,0
2012-06-07,22.775,22.926,22.681,22.681,29459,0
2012-06-08,22.551,22.654,22.537,22.639,13880,0
2012-06-11,22.801,22.81,22.625,22.632,17146,0
2012-06-12,22.632,22.69,22.484,22.685,50218,0
2012-06-13,22.501,22.801,22.501,22.672,24721,0
2012-06-14,22.604,22.672,22.516,22.619,23231,0
2012-06-15,22.558,22.649,22.544,22.544,13392,0
2012-06-18,22.589,22.589,22.355,22.478,44479,0
2012-06-19,22.558,22.97,22.558,22.889,37735,0
2012-06-20,23.001,23.046,22.913,22.97,17196,0
2012-06-21,22.956,22.956,22.583,22.583,7082,0
2012-06-22,22.591,22.599,22.517,22.553,23997,0
2012-06-25,22.433,22.484,22.163,22.316,29681,0
2012-06-26,22.413,22.413,21.75,22.39,61176,0
2012-06-27,22.413,22.877,22.413,22.838,28226,0
2012-06-28,22.619,22.97,22.619,22.97,47270,0
2012-06-29,23.393,23.402,23.198,23.363,149842,0
2012-07-02,23.384,23.684,23.361,23.662,56734,0
2012-07-03,23.7,23.77,23.581,23.685,51568,0
2012-07-05,23.685,23.729,23.522,23.708,799886,0
2012-07-06,23.648,23.781,23.472,23.77,338817,0
2012-07-09,23.895,23.895,23.657,23.82,189885,0
2012-07-10,23.925,23.925,23.7,23.797,137962,0
2012-07-11,23.775,24.014,23.753,24.006,133804,0
2012-07-12,24.072,24.072,23.82,23.999,227088,0
2012-07-13,24.117,24.305,24.087,24.214,234689,0
2012-07-16,24.341,24.563,24.197,24.424,185796,0
2012-07-17,24.563,24.675,24.392,24.61,141265,0
2012-07-18,24.586,24.691,24.586,24.623,238000,0
2012-07-19,24.713,24.803,24.623,24.743,212074,0
2012-07-20,24.892,24.892,24.684,24.722,80664,0
2012-07-23,24.341,24.586,24.341,24.533,283046,0
2012-07-24,24.623,24.803,24.245,24.311,140676,0
2012-07-25,24.869,24.869,24.02,24.072,177525,0
2012-07-26,24.49,24.84,24.132,24.359,67915,0
2012-07-27,24.579,24.579,24.349,24.475,48384,0
2012-07-30,24.359,24.862,24.359,24.533,130335,0
2012-07-31,24.516,24.622,24.463,24.531,194206,0
2012-08-01,24.722,25.063,24.563,24.675,78889,0
2012-08-02,24.571,24.914,24.359,24.37,86090,0
2012-08-03,24.542,24.684,24.444,24.49,101015,0
2012-08-06,24.424,25.235,24.416,24.616,173924,0
2012-08-07,24.811,25.16,24.602,24.684,90335,0
2012-08-08,24.756,24.756,24.205,24.475,170566,0
2012-08-09,24.55,24.929,24.376,24.533,69202,0
2012-08-10,24.602,24.862,24.475,24.647,90338,0
2012-08-13,24.824,24.824,24.497,24.55,61841,0
2012-08-14,24.533,24.684,24.533,24.684,58413,0
2012-08-15,24.899,24.899,24.563,24.774,81162,0
2012-08-16,24.84,24.944,24.697,24.899,58219,0
2012-08-17,25.242,25.242,24.83,25.01,88343,0
2012-08-20,24.974,24.974,24.854,24.892,55641,0
2012-08-21,25.01,25.01,24.75,24.811,58835,0
2012-08-22,24.899,24.899,24.586,24.728,86291,0
2012-08-23,24.854,24.854,24.519,24.594,131327,0
2012-08-24,24.722,24.786,24.214,24.527,96634,0
2012-08-27,24.55,24.862,24.466,24.55,65845,0
2012-08-28,24.697,24.728,24.563,24.691,156235,0
2012-08-29,24.906,24.906,24.616,24.669,200572,0
2012-08-30,24.675,24.756,24.623,24.722,238154,0
2012-08-31,24.917,24.917,24.684,24.855,164434,0
2012-09-04,24.811,24.883,24.774,24.883,83753,0
2012-09-05,24.795,24.885,24.674,24.826,80016,0
2012-09-06,24.841,24.85,24.751,24.795,168585,0
2012-09-07,24.817,24.914,24.722,24.862,115785,0
2012-09-10,24.862,24.958,24.774,24.78,69604,0
2012-09-11,24.728,24.811,24.579,24.756,253376,0
2012-09-12,25.085,25.085,24.728,24.921,217415,0
2012-09-13,24.958,25.108,24.83,25.085,84814,0
2012-09-14,25.098,25.456,25.098,25.456,230245,0
2012-09-17,25.412,25.412,25.279,25.345,126550,0
2012-09-18,25.336,25.376,25.263,25.336,111965,0
2012-09-19,25.336,25.362,25.227,25.287,90851,0
2012-09-20,25.256,25.279,25.16,25.256,82595,0
2012-09-21,25.255,25.355,25.255,25.294,92921,0
2012-09-24,25.345,25.444,25.256,25.382,62477,0
2012-09-25,25.539,25.539,25.077,25.108,123016,0
2012-09-26,25.189,25.189,24.97,25.022,125596,0
2012-09-27,25.431,25.431,25.104,25.269,200133,0
2012-09-28,25.294,25.505,25.082,25.336,115162,0
2012-10-01,25.362,25.659,25.131,25.599,59659,0
2012-10-02,25.708,25.79,25.625,25.664,115634,0
2012-10-03,25.723,25.95,25.565,25.797,177767,0
2012-10-04,25.94,25.94,25.708,25.838,98732,0
2012-10-05,25.919,26.039,25.888,25.888,54327,0
2012-10-08,25.776,26.033,25.776,25.897,53256,0
2012-10-09,25.919,25.932,25.776,25.79,114320,0
2012-10-10,25.888,25.888,25.603,25.655,150607,0
2012-10-11,25.745,25.745,25.534,25.534,79878,0
2012-10-12,25.79,25.79,25.451,25.549,83756,0
2012-10-15,25.632,25.776,25.324,25.625,75766,0
2012-10-16,25.932,26.801,25.625,25.873,184666,0
2012-10-17,25.776,26.054,25.776,26.024,111241,0
2012-10-18,26.039,26.258,25.838,25.838,108286,0
2012-10-19,25.873,25.873,25.473,25.534,84285,0
2012-10-22,25.458,25.729,25.458,25.603,121237,0
2012-10-23,25.505,25.586,25.336,25.586,123727,0
2012-10-24,25.813,25.911,25.406,25.618,65356,0
2012-10-25,25.685,25.769,25.543,25.594,77888,0
2012-10-26,25.664,25.804,25.328,25.397,90303,0
2012-10-31,25.547,25.928,25.181,25.325,279321,0
2012-11-01,25.458,25.549,25.37,25.465,103503,0
2012-11-02,25.572,25.579,25.397,25.431,103147,0
2012-11-05,25.445,25.603,25.286,25.363,75869,0
2012-11-06,25.445,25.609,25.406,25.609,65262,0
2012-11-07,25.397,25.586,25.114,25.316,150775,0
2012-11-08,25.397,25.406,25.089,25.158,90581,0
2012-11-09,24.991,25.114,24.85,24.864,110428,0
2012-11-12,24.765,24.87,24.259,24.292,98249,0
2012-11-13,24.215,24.313,23.861,24.197,111131,0
2012-11-14,24.374,24.531,23.914,23.914,320900,0
2012-11-15,24.005,24.345,23.266,23.545,84386,0
2012-11-16,23.565,24.301,23.531,24.301,122201,0
2012-11-19,24.817,24.841,24.556,24.826,157515,0
2012-11-20,24.894,25.142,24.404,24.879,115609,0
2012-11-21,24.946,24.977,24.775,24.939,108808,0
2012-11-23,25.12,25.233,24.998,25.114,30262,0
2012-11-26,25.458,25.458,24.909,24.954,82474,0
2012-11-27,25.075,25.12,24.901,25.059,91148,0
2012-11-28,25.006,25.255,24.961,25.255,81869,0
2012-11-29,25.465,25.465,25.255,25.355,355869,0
2012-11-30,25.441,25.441,25.218,25.379,586333,0
2012-12-03,25.377,25.438,25.052,25.052,70054,0
2012-12-04,25.135,25.311,24.716,24.716,316901,0
2012-12-05,24.832,24.832,24.516,24.547,114812,0
2012-12-06,24.757,24.757,24.42,24.435,157111,0
2012-12-07,24.743,24.757,24.38,24.531,73167,0
2012-12-10,24.584,24.85,24.509,24.562,113246,0
2012-12-11,24.757,24.757,24.427,24.54,193713,0
2012-12-12,24.743,24.743,24.191,24.224,160898,0
2012-12-13,24.345,24.374,23.922,24.086,242123,0
2012-12-14,24.674,24.674,24.034,24.066,159269,0
2012-12-17,24.132,24.191,24.041,24.086,111888,0
2012-12-18,24.215,24.592,24.078,24.411,189759,0
2012-12-19,24.674,24.85,24.494,24.722,182952,0
2012-12-20,24.826,24.901,24.722,24.894,177298,0
2012-12-21,24.855,24.977,24.335,24.654,216236,0
2012-12-24,24.654,24.722,24.516,24.556,64901,0
2012-12-26,24.516,24.751,24.233,24.266,268081,0
2012-12-27,24.472,24.472,23.974,24.095,124869,0
2012-12-28,24.059,24.411,23.989,24.11,266397,0
2012-12-31,24.191,24.562,24.059,24.526,181446,0
2013-01-02,25.082,25.422,25.014,25.414,139433,0
2013-01-03,25.511,25.745,25.397,25.609,104623,0
2013-01-04,25.708,25.865,25.632,25.745,116166,0
2013-01-07,25.609,25.978,25.609,25.865,72423,0
2013-01-08,25.95,25.957,25.729,25.858,159697,0
2013-01-09,26.011,26.05,25.843,26.004,131899,0
2013-01-10,26.241,26.34,26.089,26.203,245305,0
2013-01-11,26.353,26.829,26.082,26.302,76094,0
2013-01-14,26.568,26.568,26.28,26.548,207432,0
2013-01-15,26.294,26.457,26.165,26.248,215530,0
2013-01-16,26.334,26.463,26.225,26.463,274070,0
2013-01-17,26.584,26.616,26.363,26.517,142155,0
2013-01-18,26.584,26.754,26.568,26.7,122324,0
2013-01-22,26.776,27.143,26.776,27.094,156634,0
2013-01-23,27.225,27.334,26.852,26.936,147976,0
2013-01-24,27.052,27.136,26.652,26.652,152179,0
2013-01-25,26.745,26.988,26.644,26.845,235236,0
2013-01-28,26.988,27.074,26.882,27.066,141114,0
2013-01-29,27.087,27.278,26.936,27.263,143409,0
2013-01-30,27.218,27.508,27.218,27.319,211944,0
2013-01-31,27.416,27.616,27.34,27.616,190789,0
2013-02-01,27.774,27.774,27.463,27.638,440239,0
2013-02-04,27.585,27.659,27.508,27.561,75078,0
2013-02-05,27.631,27.631,27.353,27.5,303441,0
2013-02-06,27.463,27.471,27.319,27.388,128015,0
2013-02-07,27.478,27.631,27.286,27.371,350983,0
2013-02-08,27.456,27.721,27.348,27.721,166864,0
2013-02-11,27.654,27.744,27.57,27.691,88520,0
2013-02-12,27.761,27.973,27.668,27.827,346195,0
2013-02-13,27.912,28.104,27.843,28.051,274848,0
2013-02-14,28.104,28.271,28.058,28.225,90321,0
2013-02-15,28.333,28.333,27.884,27.884,181719,0
2013-02-19,27.981,28.203,27.944,28.188,145407,0
2013-02-20,28.287,28.462,27.981,27.981,240133,0
2013-02-21,28.073,28.081,27.379,27.622,528929,0
2013-02-22,27.835,28.005,27.555,27.884,503482,0
2013-02-25,27.86,28.065,27.311,27.34,484029,0
2013-02-26,27.478,27.478,27.181,27.311,204996,0
2013-02-27,27.416,27.714,27.388,27.638,133966,0
2013-02-28,27.714,27.827,27.668,27.721,208128,0
2013-03-01,27.523,27.938,27.523,27.691,157289,0
2013-03-04,27.707,27.896,27.616,27.853,110703,0
2013-03-05,27.938,28.043,27.766,27.883,246701,0
2013-03-06,27.951,28.11,27.311,27.659,183853,0
2013-03-07,27.684,27.843,27.531,27.843,194660,0
2013-03-08,27.981,28.12,27.929,28.11,104392,0
2013-03-11,28.11,28.225,27.981,28.11,120954,0
2013-03-12,28.188,28.416,27.938,28.095,150834,0
2013-03-13,28.148,28.233,27.86,27.92,189055,0
2013-03-14,28.02,28.065,27.783,27.868,183663,0
2013-03-15,27.896,28.041,27.744,27.761,154081,0
2013-03-18,27.691,27.783,27.555,27.761,370035,0
2013-03-19,27.86,27.86,27.631,27.768,218791,0
2013-03-20,27.823,28.188,27.815,28.141,250183,0
2013-03-21,28.095,28.637,28.095,28.537,169422,0
2013-03-22,28.621,28.951,28.545,28.839,300887,0
2013-03-25,28.92,29.14,28.839,28.889,235271,0
2013-03-26,29.004,29.14,28.859,29.135,128630,0
2013-03-27,29.088,29.119,28.967,29.111,114390,0
2013-03-28,29.14,29.309,29.057,29.309,143759,0
2013-04-01,29.584,29.584,29.194,29.271,265153,0
2013-04-02,29.309,29.393,29.181,29.21,118571,0
2013-04-03,29.309,29.386,28.507,28.668,233593,0
2013-04-04,28.69,28.813,28.606,28.637,139584,0
2013-04-05,28.469,28.699,28.242,28.646,509910,0
2013-04-08,29.194,29.194,28.729,28.914,130654,0
2013-04-09,29.202,29.539,29.126,29.439,142590,0
2013-04-10,29.543,29.626,29.242,29.316,148863,0
2013-04-11,29.38,29.38,29.102,29.163,223717,0
2013-04-12,29.032,29.163,28.963,29.117,166837,0
2013-04-15,29.047,29.047,28.537,28.622,266858,0
2013-04-16,28.832,29.18,28.771,29.109,223818,0
2013-04-17,29.032,29.063,28.731,28.916,244633,0
2013-04-18,28.985,29.094,28.884,28.931,273497,0
2013-04-19,29.009,29.364,29.009,29.271,343044,0
2013-04-22,29.364,29.503,29.31,29.403,342110,0
2013-04-23,29.543,29.72,29.418,29.673,357494,0
2013-04-24,29.727,29.914,29.665,29.713,180952,0
2013-04-25,29.827,29.921,29.511,29.535,329873,0
2013-04-26,29.543,29.774,29.025,29.297,389096,0
2013-04-29,29.411,29.418,29.209,29.411,184555,0
2013-04-30,29.411,29.449,29.279,29.403,362060,0
2013-05-01,29.511,29.596,28.993,29.001,317323,0
2013-05-02,29.04,29.124,28.848,28.876,356799,0
2013-05-03,29.218,29.304,29.009,29.209,223312,0
2013-05-06,29.489,29.489,29.255,29.387,505757,0
2013-05-07,29.455,29.535,29.394,29.517,395296,0
2013-05-08,29.511,29.853,29.418,29.853,490242,0
2013-05-09,29.921,30.084,29.79,30.036,636437,0
2013-05-10,30.106,30.291,30.013,30.237,337409,0
2013-05-13,30.297,30.297,30.12,30.197,202617,0
2013-05-14,30.291,30.297,30.042,30.12,311805,0
2013-05-15,30.09,30.237,30.05,30.19,519249,0
2013-05-16,30.237,30.323,29.853,29.853,731436,0
2013-05-17,29.997,30.22,29.983,30.075,322342,0
2013-05-20,30.145,30.207,30.03,30.168,658144,0
2013-05-21,30.268,30.692,30.268,30.654,660622,0
2013-05-22,30.807,30.993,30.623,30.777,216089,0
2013-05-23,30.654,30.745,30.237,30.583,348839,0
2013-05-24,30.575,30.575,30.399,30.446,318737,0
2013-05-28,30.769,30.807,30.499,30.807,181849,0
2013-05-29,30.668,30.668,29.914,29.958,458452,0
2013-05-30,30.05,30.058,29.124,29.411,788943,0
2013-05-31,29.457,29.608,29.154,29.199,348490,0
2013-06-03,29.271,29.333,28.985,29.304,415472,0
2013-06-04,29.364,29.626,29.018,29.073,348848,0
2013-06-05,29.109,29.31,28.475,28.638,352488,0
2013-06-06,28.683,29.186,28.537,29.186,295281,0
2013-06-07,29.357,29.657,29.247,29.65,193219,0
2013-06-10,29.742,29.742,29.427,29.605,218546,0
2013-06-11,29.494,29.766,29.186,29.255,295363,0
2013-06-12,29.394,29.403,29.117,29.304,248136,0
2013-06-13,29.349,29.357,28.985,29.297,314699,0
2013-06-14,29.394,29.72,29.163,29.581,244570,0
2013-06-17,29.72,29.942,29.705,29.853,187130,0
2013-06-18,29.921,30.013,29.735,29.976,251780,0
2013-06-19,30.022,30.022,29.705,29.742,144241,0
2013-06-20,29.596,29.705,28.585,28.87,722335,0
2013-06-21,29.094,29.242,28.331,28.854,372020,0
2013-06-24,28.537,28.807,27.558,28.467,406080,0
2013-06-25,28.823,29.218,28.576,29.157,519829,0
2013-06-26,29.433,29.835,29.38,29.835,308117,0
2013-06-27,30.145,30.344,29.997,30.305,474111,0
2013-06-28,30.625,30.781,30.437,30.694,433425,0
2013-07-01,30.429,30.83,30.429,30.739,302051,0
2013-07-02,30.707,30.716,30.315,30.451,275040,0
2013-07-03,30.367,30.63,29.418,30.407,153971,0
2013-07-05,30.547,30.547,30.09,30.353,315111,0
2013-07-08,30.468,30.583,30.128,30.583,370336,0
2013-07-09,30.539,30.846,30.407,30.654,433722,0
2013-07-10,30.724,30.724,30.521,30.676,202683,0
2013-07-11,31.144,31.144,30.785,31.036,206819,0
2013-07-12,31.083,31.083,30.856,31.075,285412,0
2013-07-15,31.154,31.388,31.036,31.271,199474,0
2013-07-16,31.326,31.354,30.676,30.778,227896,0
2013-07-17,30.879,30.911,30.715,30.724,167499,0
2013-07-18,30.794,31.075,30.622,30.684,143241,0
2013-07-19,30.615,30.785,30.58,30.785,111198,0
2013-07-22,30.816,30.959,30.724,30.895,255830,0
2013-07-23,30.847,31.129,30.567,30.599,207118,0
2013-07-24,30.7,30.754,30.309,30.536,179702,0
2013-07-25,30.511,30.636,30.442,30.456,189247,0
2013-07-26,30.419,30.7,30.318,30.645,184941,0
2013-07-29,30.615,30.676,30.208,30.326,124687,0
2013-07-30,30.434,30.567,30.042,30.255,210613,0
2013-07-31,30.333,30.599,30.146,30.215,528843,0
2013-08-01,30.425,30.684,30.285,30.607,359662,0
2013-08-02,30.615,30.615,30.107,30.176,201500,0
2013-08-05,30.222,30.309,29.949,30.185,423755,0
2013-08-06,30.029,30.622,30.029,30.518,329060,0
2013-08-07,30.545,30.545,29.851,30.121,1241631,0
2013-08-08,30.277,30.354,30.085,30.112,280429,0
2013-08-09,30.085,30.434,30.085,30.285,212024,0
2013-08-12,30.262,30.34,30.013,30.036,119267,0
2013-08-13,29.982,30.107,29.528,29.771,215945,0
2013-08-14,29.762,29.975,29.638,29.815,208147,0
2013-08-15,29.716,29.934,29.545,29.794,188493,0
2013-08-16,29.872,30.021,29.59,29.661,169177,0
2013-08-19,29.691,29.691,29.434,29.434,168024,0
2013-08-20,29.537,29.949,29.419,29.842,166488,0
2013-08-21,29.832,30.05,29.788,29.857,125069,0
2013-08-22,29.957,30.255,29.941,30.05,216224,0
2013-08-23,30.169,30.285,30.112,30.222,232619,0
2013-08-26,30.301,30.309,29.762,29.877,143135,0
2013-08-27,29.794,29.966,29.638,29.921,312156,0
2013-08-28,29.966,30.099,29.788,30.029,109230,0
2013-08-29,30.067,30.137,29.921,30.036,280304,0
2013-08-30,30.445,30.445,29.909,29.985,298230,0
2013-09-03,29.864,29.872,29.287,29.566,269885,0
2013-09-04,29.599,29.599,29.261,29.357,175265,0
2013-09-05,29.364,29.558,29.341,29.466,196536,0
2013-09-06,29.553,29.709,29.403,29.443,348802,0
2013-09-09,29.553,29.904,29.388,29.904,526797,0
2013-09-10,29.982,30.146,29.857,30.075,425627,0
2013-09-11,30.042,30.255,29.709,29.957,317278,0
2013-09-12,29.987,30.067,29.676,29.716,448331,0
2013-09-13,29.731,29.738,29.255,29.394,272609,0
2013-09-16,29.528,29.629,29.052,29.076,301309,0
2013-09-17,29.13,29.341,28.834,28.926,349543,0
2013-09-18,28.958,29.701,28.912,29.669,379695,0
2013-09-19,29.683,30.545,29.683,30.395,337589,0
2013-09-20,30.518,30.518,30.058,30.222,261403,0
2013-09-23,30.099,30.363,29.809,29.982,224482,0
2013-09-24,30.058,30.185,29.851,29.941,208722,0
2013-09-25,29.975,30.075,29.746,30.067,165792,0
2013-09-26,30.222,30.395,30.029,30.371,245351,0
2013-09-27,30.371,30.371,30.036,30.255,193309,0
2013-09-30,30.294,31.234,30.294,30.682,184190,0
2013-10-01,30.371,30.7,30.301,30.636,324455,0
2013-10-02,30.553,30.684,30.403,30.615,125539,0
2013-10-03,30.622,30.7,30.27,30.34,141268,0
2013-10-04,30.412,30.419,30.185,30.293,109369,0
2013-10-07,30.16,30.208,29.975,29.975,104042,0
2013-10-08,30.27,30.285,29.771,29.788,173886,0
2013-10-09,29.766,30.027,29.481,29.782,472240,0
2013-10-10,29.79,30.184,29.703,29.812,254557,0
2013-10-11,29.916,30.12,29.773,30.111,231504,0
2013-10-14,30.042,30.365,29.846,30.286,177382,0
2013-10-15,30.175,30.262,29.854,29.939,225635,0
2013-10-16,30.137,30.146,29.963,30.002,176935,0
2013-10-17,29.985,30.341,29.985,30.294,285620,0
2013-10-18,30.294,30.556,30.256,30.5,109681,0
2013-10-21,30.65,30.934,30.477,30.934,209348,0
2013-10-22,31.037,31.283,30.997,31.171,645770,0
2013-10-23,31.212,31.277,30.785,30.989,114467,0
2013-10-24,31.179,31.26,31.044,31.196,99422,0
2013-10-25,31.333,31.368,31.139,31.25,166430,0
2013-10-28,31.488,31.488,30.714,30.865,158934,0
2013-10-29,30.919,31.68,30.487,31.044,261803,0
2013-10-30,31.117,31.623,30.761,31.086,161920,0
2013-10-31,31.117,31.26,30.666,31.03,298215,0
2013-11-01,31.037,31.196,30.776,30.943,223471,0
2013-11-04,31.078,31.615,30.619,31.03,112222,0
2013-11-05,31.086,31.086,30.768,30.953,166808,0
2013-11-06,31.06,31.117,30.856,31.117,184376,0
2013-11-07,31.171,31.615,30.699,30.807,262471,0
2013-11-08,30.856,30.943,30.415,30.807,172735,0
2013-11-11,30.761,30.768,30.506,30.577,315360,0
2013-11-12,30.768,30.825,30.437,30.595,178742,0
2013-11-13,30.57,30.57,30.341,30.397,153325,0
2013-11-14,30.468,30.839,30.468,30.674,204773,0
2013-11-15,30.832,31.417,30.737,31.03,176148,0
2013-11-18,31.149,31.149,30.902,30.967,195030,0
2013-11-19,30.807,31.03,30.514,30.565,135132,0
2013-11-20,30.634,31.179,30.487,30.603,370619,0
2013-11-21,30.722,31.006,30.689,30.925,252385,0
2013-11-22,30.997,31.333,30.943,31.234,149705,0
2013-11-25,31.296,31.377,31.139,31.277,177850,0
2013-11-26,31.313,31.313,31.124,31.187,203351,0
2013-11-27,31.22,31.339,31.052,31.124,350179,0
2013-11-29,31.283,31.323,31.139,31.187,138304,0
2013-12-02,31.26,31.26,30.802,30.832,189461,0
2013-12-03,30.793,30.919,30.595,30.744,253212,0
2013-12-04,30.612,30.737,30.215,30.31,471882,0
2013-12-05,30.327,30.595,30.019,30.027,460077,0
2013-12-06,30.294,30.341,29.939,30.192,251030,0
2013-12-09,30.341,30.341,30.01,30.048,182125,0
2013-12-10,30.105,30.294,29.98,30.019,452133,0
2013-12-11,30.146,30.152,29.703,29.741,364927,0
2013-12-12,29.773,30.152,29.475,29.685,197306,0
2013-12-13,29.766,29.954,29.583,29.797,418727,0
2013-12-16,29.954,30.083,29.773,29.797,261928,0
2013-12-17,29.916,30.083,29.59,29.671,349521,0
2013-12-18,29.782,29.782,29.338,29.694,373421,0
2013-12-19,29.583,29.803,29.41,29.797,1155882,0
2013-12-20,29.846,30.256,29.583,30.146,408487,0
2013-12-23,30.247,30.682,30.042,30.612,193971,0
2013-12-24,30.612,30.953,30.523,30.714,239688,0
2013-12-26,30.793,31.212,30.619,30.761,204335,0
2013-12-27,30.871,31.132,30.768,31.093,234741,0
2013-12-30,30.96,31.417,30.839,31.212,436778,0
2013-12-31,31.313,31.576,31.093,31.162,377850,0
2014-01-02,31.323,31.464,30.911,31.069,279530,0
2014-01-03,31.212,31.686,30.825,30.973,193148,0
2014-01-06,31.117,31.402,30.825,30.896,222884,0
2014-01-07,30.934,31.26,30.706,30.911,203456,0
2014-01-08,31.536,32.011,30.523,30.634,561952,0
2014-01-09,31.148,31.756,30.486,30.604,375653,0
2014-01-10,30.787,31.116,30.395,30.54,283152,0
2014-01-13,30.667,30.797,30.451,30.486,631740,0
2014-01-14,30.667,30.707,30.436,30.667,398989,0
2014-01-15,30.612,30.828,30.549,30.667,358746,0
2014-01-16,30.54,30.924,30.54,30.732,681768,0
2014-01-17,30.667,30.884,30.556,30.62,635401,0
2014-01-21,30.764,31.021,30.74,30.971,706054,0
2014-01-22,31.093,31.297,31.058,31.297,218601,0
2014-01-23,31.212,31.411,31.131,31.291,276018,0
2014-01-24,31.306,31.492,30.979,31.116,237249,0
2014-01-27,31.269,31.269,30.514,30.899,212900,0
2014-01-28,30.986,31.235,30.66,31.067,268117,0
2014-01-29,30.931,31.269,30.843,31.004,401252,0
2014-01-30,31.196,31.371,31.171,31.171,340009,0
2014-01-31,31.099,31.635,30.899,31.507,315413,0
2014-02-03,31.995,32.395,31.084,31.297,332500,0
2014-02-04,31.315,31.531,30.996,31.084,304250,0
2014-02-05,31.389,31.389,30.908,31.196,151692,0
2014-02-06,31.354,31.578,31.325,31.501,264773,0
2014-02-07,31.587,31.971,31.587,31.812,241740,0
2014-02-10,31.684,31.964,31.325,31.604,131974,0
2014-02-11,31.756,31.979,31.555,31.869,252262,0
2014-02-12,32.036,32.203,31.834,31.876,261049,0
2014-02-13,31.876,32.308,31.876,31.995,978382,0
2014-02-14,32.091,32.203,31.876,31.964,194017,0
2014-02-18,32.195,32.3,31.931,31.988,253862,0
2014-02-19,31.869,31.939,31.54,31.596,243436,0
2014-02-20,31.917,31.917,31.284,31.419,227960,0
2014-02-21,31.444,31.66,31.315,31.389,218826,0
2014-02-24,31.34,31.389,30.996,31.162,318043,0
2014-02-25,31.269,31.46,30.979,31.131,373292,0
2014-02-26,31.269,31.642,31.028,31.604,183651,0
2014-02-27,31.769,31.769,31.371,31.404,211108,0
2014-02-28,31.483,31.612,31.123,31.205,445468,0
2014-03-03,31.251,33.034,31.042,31.325,216246,0
2014-03-04,31.501,31.548,31.251,31.467,244454,0
2014-03-05,31.548,31.707,31.398,31.612,184478,0
2014-03-06,31.66,31.806,31.404,31.501,195760,0
2014-03-07,31.578,31.604,31.354,31.467,283510,0
2014-03-10,31.404,31.467,31.235,31.297,209538,0
2014-03-11,31.419,31.419,31.093,31.251,284958,0
2014-03-12,31.277,31.277,31.021,31.251,194359,0
2014-03-13,31.335,31.347,30.963,31.084,286604,0
2014-03-14,31.107,31.411,31.099,31.315,205983,0
2014-03-17,31.501,31.578,31.162,31.483,211313,0
2014-03-18,31.411,31.788,31.205,31.698,214296,0
2014-03-19,31.707,31.979,31.269,31.371,173047,0
2014-03-20,31.354,31.517,31.058,31.517,552497,0
2014-03-21,31.427,31.931,31.212,31.379,170692,0
2014-03-24,31.587,31.587,31.067,31.226,280824,0
2014-03-25,31.212,31.347,31.157,31.212,183598,0
2014-03-26,31.306,31.435,31.212,31.306,219033,0
2014-03-27,31.389,31.501,31.235,31.46,205584,0
2014-03-28,31.604,31.677,31.34,31.677,324204,0
2014-03-31,31.827,32.083,31.596,31.861,213085,0
2014-04-01,31.939,32.341,31.842,32.308,205551,0
2014-04-02,32.195,32.587,32.172,32.251,138682,0
2014-04-03,32.164,32.685,32.164,32.395,138068,0
2014-04-04,32.556,32.643,32.355,32.363,205507,0
2014-04-07,32.508,32.556,31.995,32.083,204993,0
2014-04-08,32.115,32.388,31.995,32.3,131395,0
2014-04-09,32.437,32.606,32.145,32.364,373981,0
2014-04-10,32.445,32.69,32,32.106,202031,0
2014-04-11,32.526,32.552,32,32.494,111978,0
2014-04-14,32.606,32.963,32.543,32.59,549188,0
2014-04-15,32.671,32.818,32.389,32.51,186837,0
2014-04-16,32.711,32.831,32.526,32.711,233911,0
2014-04-17,32.494,32.98,32.494,32.946,91269,0
2014-04-21,32.534,33.19,32.494,33.19,347459,0
2014-04-22,33.286,33.407,33.093,33.19,156160,0
2014-04-23,33.238,33.375,33.004,33.067,174221,0
2014-04-24,33.27,33.327,32.755,32.889,238277,0
2014-04-25,32.889,32.889,32.486,32.615,154312,0
2014-04-28,32.69,33.102,32.6,32.812,243539,0
2014-04-29,33.061,33.158,32.867,33.14,241779,0
2014-04-30,33.14,33.184,32.932,33.012,418486,0
2014-05-01,32.762,33.407,32.762,33.231,170736,0
2014-05-02,33.246,33.441,33.149,33.441,169442,0
2014-05-05,33.424,33.829,33.368,33.82,220088,0
2014-05-06,33.764,33.982,33.498,33.692,213156,0
2014-05-07,33.795,34.127,33.692,34.127,132786,0
2014-05-08,34.072,34.114,33.399,33.626,201906,0
2014-05-09,33.592,33.716,33.327,33.482,109479,0
2014-05-12,33.563,33.764,33.385,33.619,430748,0
2014-05-13,33.682,33.814,33.385,33.449,261803,0
2014-05-14,33.441,33.708,33.416,33.708,123916,0
2014-05-15,33.682,33.877,33.393,33.626,157188,0
2014-05-16,33.664,33.845,33.644,33.756,152907,0
2014-05-19,33.837,33.886,33.563,33.61,214786,0
2014-05-20,33.455,33.788,33.455,33.74,183039,0
2014-05-21,33.795,33.933,33.563,33.829,177344,0
2014-05-22,33.902,34.086,33.869,34.04,156106,0
2014-05-23,34.072,34.143,33.886,33.942,356339,0
2014-05-27,33.916,34.184,33.82,33.91,229745,0
2014-05-28,33.924,34.143,33.747,33.902,249288,0
2014-05-29,33.952,34.086,33.795,33.886,255164,0
2014-05-30,33.959,34.184,33.795,34.135,342052,0
2014-06-02,34.208,34.363,34.121,34.356,151529,0
2014-06-03,34.275,34.493,34.226,34.291,377788,0
2014-06-04,34.291,34.548,34.291,34.467,143819,0
2014-06-05,34.555,34.596,34.371,34.555,131458,0
2014-06-06,34.548,34.784,34.493,34.775,103873,0
2014-06-09,34.833,34.914,34.734,34.792,176427,0
2014-06-10,34.718,34.935,34.718,34.833,211708,0
2014-06-11,34.824,34.964,34.604,34.67,150437,0
2014-06-12,34.727,34.824,34.421,34.525,462806,0
2014-06-13,34.555,34.596,34.314,34.574,485725,0
2014-06-16,34.631,34.977,34.631,34.944,387401,0
2014-06-17,34.944,35.263,34.743,34.752,306999,0
2014-06-18,34.766,34.928,34.314,34.476,313109,0
2014-06-19,34.501,35.213,34.501,35.197,256194,0
2014-06-20,35.075,35.213,34.833,34.928,294782,0
2014-06-23,34.97,35.398,34.752,35.375,366268,0
2014-06-24,35.472,35.674,35.318,35.504,200835,0
2014-06-25,35.472,35.763,35.116,35.657,177329,0
2014-06-26,35.601,35.876,35.594,35.689,182949,0
2014-06-27,35.723,35.981,35.698,35.876,246678,0
2014-06-30,35.804,36.322,35.763,36.07,193786,0
2014-07-01,36.21,36.387,36.078,36.266,160754,0
2014-07-02,36.21,36.458,35.964,36.007,221602,0
2014-07-03,36.007,36.15,35.607,35.707,115721,0
2014-07-07,35.707,35.885,35.059,35.148,347169,0
2014-07-08,35.18,35.269,34.914,35.001,162814,0
2014-07-09,35.098,35.512,34.964,35.512,321151,0
2014-07-10,35.454,35.567,35.069,35.355,515322,0
2014-07-11,35.454,35.529,35.24,35.519,142897,0
2014-07-14,35.602,35.887,35.396,35.464,302714,0
2014-07-15,35.529,35.602,35.332,35.576,277110,0
2014-07-16,35.658,35.871,35.454,35.871,533929,0
2014-07-17,35.788,36.042,35.634,35.855,1713031,0
2014-07-18,36.182,36.182,35.821,35.912,400796,0
2014-07-21,35.895,36.084,35.757,36.004,189639,0
2014-07-22,36.107,36.303,36.061,36.182,296422,0
2014-07-23,36.274,36.64,36.143,36.295,217555,0
2014-07-24,36.411,36.452,36.042,36.084,346659,0
2014-07-25,36.061,36.133,35.847,36.004,353632,0
2014-07-28,36.091,36.143,35.788,35.978,211280,0
2014-07-29,36.084,36.231,35.772,35.863,254459,0
2014-07-30,35.938,35.969,35.266,35.396,424674,0
2014-07-31,35.495,35.495,34.71,34.76,298045,0
2014-08-01,34.684,34.742,33.851,34.441,818449,0
2014-08-04,34.523,35.201,34.294,35.201,272725,0
2014-08-05,35.03,35.101,34.457,34.514,241777,0
2014-08-06,34.351,34.661,34.268,34.375,197318,0
2014-08-07,34.464,34.8,34.326,34.498,265549,0
2014-08-08,34.366,34.653,34.229,34.581,237179,0
2014-08-11,35.11,36.443,35.11,36.019,181287,0
2014-08-12,35.952,36.051,35.43,35.798,407003,0
2014-08-13,35.994,36.352,35.643,36.156,806334,0
2014-08-14,36.116,36.542,36.116,36.404,499031,0
2014-08-15,36.548,36.787,36.425,36.738,220587,0
2014-08-18,36.731,36.82,36.591,36.77,211299,0
2014-08-19,36.483,36.999,36.483,36.862,157127,0
2014-08-20,36.886,37.187,36.722,37.081,204510,0
2014-08-21,37.123,37.156,36.886,37.016,120810,0
2014-08-22,36.869,37.286,36.761,36.854,156300,0
2014-08-25,36.95,37.137,36.704,37.073,176209,0
2014-08-26,37.261,37.309,37.129,37.221,98051,0
2014-08-27,37.252,37.432,37.221,37.41,184677,0
2014-08-28,37.286,37.474,37.286,37.441,352132,0
2014-08-29,37.492,37.809,37.41,37.792,157160,0
2014-09-02,37.94,37.94,37.555,37.589,242465,0
2014-09-03,37.736,37.94,37.563,37.613,241254,0
2014-09-04,37.817,37.817,37.269,37.375,238478,0
2014-09-05,37.382,37.759,37.237,37.54,149097,0
2014-09-08,37.597,37.613,37.4,37.58,127718,0
2014-09-09,37.603,37.695,37.441,37.597,273152,0
2014-09-10,37.636,37.679,37.432,37.597,132047,0
2014-09-11,37.809,37.809,37.137,37.514,237859,0
2014-09-12,37.474,37.597,36.534,36.834,169069,0
2014-09-15,36.854,37.033,36.339,36.64,177881,0
2014-09-16,36.622,37.211,36.557,37.033,254596,0
2014-09-17,37.023,37.309,36.876,37.187,174316,0
2014-09-18,37.294,37.629,36.984,37.382,135767,0
2014-09-19,37.571,37.613,37.244,37.58,82789,0
2014-09-22,37.504,37.504,36.925,37.04,155339,0
2014-09-23,36.967,37.196,36.615,36.632,162707,0
2014-09-24,36.632,36.891,36.149,36.787,218570,0
2014-09-25,36.696,36.943,36.286,36.509,140444,0
2014-09-26,36.557,36.975,36.286,36.957,285654,0
2014-09-29,36.999,37.107,36.672,37.107,378718,0
2014-09-30,37.147,37.41,36.713,37.382,269844,0
2014-10-01,37.418,37.629,36.854,36.891,437301,0
2014-10-02,36.805,37.081,36.069,37.033,150333,0
2014-10-03,37.137,37.244,36.869,36.984,207084,0
2014-10-06,37.081,37.081,36.557,36.722,133424,0
2014-10-07,36.826,36.886,36.359,36.368,321969,0
2014-10-08,36.701,36.701,35.42,36.207,417962,0
2014-10-09,36.286,36.286,34.883,34.973,205995,0
2014-10-10,34.817,35.124,33.08,34.495,361509,0
2014-10-13,34.546,34.825,32.701,32.775,368333,0
2014-10-14,32.891,33.239,30.612,32.38,717001,0
2014-10-15,32.215,33.769,31.116,33.71,592518,0
2014-10-16,32.984,35.536,32.984,35.138,614622,0
2014-10-17,35.727,35.81,34.413,35.237,557356,0
2014-10-20,35.361,35.609,34.94,35.536,265817,0
2014-10-21,35.833,36.286,35.453,36.048,1148842,0
2014-10-22,35.982,36.418,35.553,35.66,574069,0
2014-10-23,36.066,36.28,35.924,36.088,354482,0
2014-10-24,36.412,36.412,35.957,36.245,128227,0
2014-10-27,36.141,36.245,35.636,36.114,223598,0
2014-10-28,36.124,36.36,35.982,36.245,134699,0
2014-10-29,36.397,36.478,35.784,36.245,230056,0
2014-10-30,36.231,36.536,35.669,35.742,283423,0
2014-10-31,36.339,36.339,35.476,35.595,422148,0
2014-11-03,35.833,36.265,35.718,36.088,288832,0
2014-11-04,36,36.346,34.982,35.23,355965,0
2014-11-05,35.511,35.587,35.073,35.503,179543,0
2014-11-06,35.768,35.792,35.206,35.519,147771,0
2014-11-07,35.784,36.339,35.56,36.286,195352,0
2014-11-10,36.313,36.536,35.916,35.934,228873,0
2014-11-11,36.088,36.339,35.618,35.825,158226,0
2014-11-12,35.734,36.066,35.618,35.942,261093,0
2014-11-13,36.141,36.346,35.476,35.685,358348,0
2014-11-14,35.529,36.274,35.529,36.207,301796,0
2014-11-17,36.124,36.636,36.058,36.61,251643,0
2014-11-18,36.694,36.983,36.52,36.851,319759,0
2014-11-19,36.955,37.164,36.841,37.114,433760,0
2014-11-20,37.204,37.479,37.073,37.369,501790,0
2014-11-21,38.022,38.022,37.148,37.179,987038,0
2014-11-24,37.395,37.586,36.595,36.676,519801,0
2014-11-25,36.874,37.066,36.502,36.512,422438,0
2014-11-26,36.427,36.983,36.36,36.983,268898,0
2014-11-28,36.643,36.685,35.098,35.197,212979,0
2014-12-01,35.057,35.098,33.205,33.562,720554,0
2014-12-02,33.479,34.875,33.461,34.511,374326,0
2014-12-03,34.636,35.313,34.551,35.007,398556,0
2014-12-04,35.007,35.495,35.007,35.271,407901,0
2014-12-05,35.353,35.553,34.742,34.817,281162,0
2014-12-08,34.704,34.726,32.851,33.058,1722307,0
2014-12-09,32.842,33.396,32.422,33.346,652725,0
2014-12-10,33.214,33.346,31.767,31.95,1060701,0
2014-12-11,31.775,32.899,31.587,32.009,1694170,0
2014-12-12,31.803,31.968,31.066,31.577,1101838,0
2014-12-15,31.701,32.314,30.396,30.809,1056851,0
2014-12-16,30.489,31.968,29.826,31.256,900964,0
2014-12-17,31.248,32.934,30.983,32.768,578121,0
2014-12-18,33.751,33.778,32.314,33.166,1025735,0
2014-12-19,33.695,33.695,32.695,33.115,751084,0
2014-12-22,33.007,33.288,32.511,33.247,477392,0
2014-12-23,33.38,33.751,32.984,33.571,879559,0
2014-12-24,33.685,33.874,33.305,33.62,766158,0
2014-12-26,33.8,33.851,33.389,33.553,273595,0
2014-12-29,33.448,34.075,33.448,33.874,842199,0
2014-12-30,33.843,34.108,33.562,33.883,724187,0
2014-12-31,34.075,34.213,33.479,33.544,595801,0
2015-01-02,33.504,34.305,33.504,34.148,376866,0
2015-01-05,33.818,34.108,32.636,32.727,595913,0
2015-01-06,32.446,32.992,31.463,32.009,635567,0
2015-01-07,32.504,32.727,31.635,31.958,293172,0
2015-01-08,32.257,32.562,32.099,32.347,325128,0
2015-01-09,32.464,32.572,31.962,32.347,242787,0
2015-01-12,32.18,32.264,30.766,31.159,397510,0
2015-01-13,31.328,31.328,30.214,30.514,433224,0
2015-01-14,30.28,30.783,29.645,30.774,585927,0
2015-01-15,31.242,31.536,30.699,31.009,1017826,0
2015-01-16,31.152,32.063,30.932,32.005,355105,0
2015-01-20,31.885,32.539,31.435,32.163,418965,0
2015-01-21,32.389,33.007,31.827,32.992,567256,0
2015-01-22,33.276,33.71,32.673,32.948,645187,0
2015-01-23,32.823,33.368,32.697,33.074,874420,0
2015-01-26,33.301,33.494,32.706,33.074,629952,0
2015-01-27,33.132,33.14,32.498,32.889,542755,0
2015-01-28,33.041,33.041,32.121,32.196,395233,0
2015-01-29,32.506,32.514,31.444,32.196,376343,0
2015-01-30,31.871,32.866,31.747,32.413,518091,0
2015-02-02,32.697,32.992,32.121,32.889,394470,0
2015-02-03,33.291,33.552,32.883,33.318,446134,0
2015-02-04,33.158,33.375,32.723,33.051,830034,0
2015-02-05,33.677,33.677,32.956,33.494,392064,0
2015-02-06,33.793,33.836,33.116,33.417,314026,0
2015-02-09,33.592,33.592,32.758,32.849,329197,0
2015-02-10,32.599,33.132,32.413,32.942,525865,0
2015-02-11,32.706,33.116,32.34,32.405,678781,0
2015-02-12,32.817,32.975,32.58,32.916,290727,0
2015-02-13,32.858,33.569,32.706,33.185,431766,0
2015-02-17,33.14,33.653,32.916,33.36,656024,0
2015-02-18,33.25,33.542,32.829,33.192,357755,0
2015-02-19,33.125,33.207,32.548,33.132,251457,0
2015-02-20,33.235,33.552,33.125,33.525,302114,0
2015-02-23,33.408,33.408,32.942,33.116,410652,0
2015-02-24,33.259,33.466,32.883,33.066,308582,0
2015-02-25,33.326,33.644,32.823,33.452,413407,0
2015-02-26,33.342,33.393,32.599,32.683,736003,0
2015-02-27,32.829,33.091,32.683,33.051,471788,0
2015-03-02,32.956,33.267,32.53,32.565,369881,0
2015-03-03,32.829,32.934,32.472,32.883,381356,0
2015-03-04,32.897,33.217,32.455,32.664,241847,0
2015-03-05,32.764,33.081,32.673,32.78,213033,0
2015-03-06,32.464,32.771,32.131,32.289,284045,0
2015-03-09,32.363,32.599,31.728,31.76,218653,0
2015-03-10,31.737,31.929,31.184,31.878,294327,0
2015-03-11,31.777,31.777,31.135,31.135,176572,0
2015-03-12,31.25,31.328,30.932,30.932,247942,0
2015-03-13,30.892,30.924,30.506,30.807,365338,0
2015-03-16,30.774,30.883,30.347,30.774,285480,0
2015-03-17,30.825,31.033,30.405,30.807,777896,0
2015-03-18,30.463,31.643,30.463,31.426,390922,0
2015-03-19,31.152,31.202,30.951,31.202,357088,0
2015-03-20,31.511,31.752,31.166,31.284,399408,0
2015-03-23,31.278,32.005,31.192,31.936,222118,0
2015-03-24,32.071,32.23,31.476,31.503,382316,0
2015-03-25,31.553,31.787,31.453,31.586,407182,0
2015-03-26,31.728,31.885,31.468,31.603,325526,0
2015-03-27,31.318,31.827,31.284,31.503,207893,0
2015-03-30,31.635,31.854,31.56,31.817,320030,0
2015-03-31,31.895,32.145,31.711,31.737,346793,0
2015-04-01,32.172,32.172,31.702,31.719,1590462,0
2015-04-02,31.777,32.005,31.611,31.854,230726,0
2015-04-06,31.594,32.054,31.518,31.903,251051,0
2015-04-07,31.988,32.213,31.679,32.079,414704,0
2015-04-08,32.514,32.514,31.895,32.047,261213,0
2015-04-09,31.981,32.219,31.805,32.142,330279,0
2015-04-10,32.177,32.397,31.974,32.338,281358,0
2015-04-13,32.558,32.558,32.159,32.227,272620,0
2015-04-14,32.269,32.694,31.846,32.499,287263,0
2015-04-15,32.607,32.946,32.549,32.855,353265,0
2015-04-16,32.676,32.998,32.676,32.991,192026,0
2015-04-17,32.768,33.013,32.626,32.744,193043,0
2015-04-20,32.795,33.132,32.785,32.835,174610,0
2015-04-21,32.953,33.013,32.7,32.7,281469,0
2015-04-22,32.88,32.973,32.591,32.709,291270,0
2015-04-23,32.814,33.116,32.785,33.006,280886,0
2015-04-24,32.953,33.193,32.895,33.193,211432,0
2015-04-27,33.278,33.344,33.09,33.14,174269,0
2015-04-28,33.15,33.43,32.913,33.073,196125,0
2015-04-29,33.218,33.633,32.94,33.421,287852,0
2015-04-30,33.49,33.751,33.227,33.589,386440,0
2015-05-01,33.761,33.878,33.49,33.624,243810,0
2015-05-04,33.633,33.744,33.462,33.49,175805,0
2015-05-05,33.836,33.836,33.449,33.607,261048,0
2015-05-06,33.828,33.852,33.08,33.251,242818,0
2015-05-07,33.285,33.285,32.616,32.694,216903,0
2015-05-08,32.785,33.168,32.694,32.923,270732,0
2015-05-11,32.54,33.023,32.54,32.582,219136,0
2015-05-12,32.447,32.895,32.431,32.768,301449,0
2015-05-13,33.065,33.836,32.998,33.328,213132,0
2015-05-14,33.471,33.725,33.132,33.548,249599,0
2015-05-15,33.778,33.778,33.321,33.481,165095,0
2015-05-18,33.455,33.761,33.379,33.709,220825,0
2015-05-19,33.531,33.702,33.353,33.523,179761,0
2015-05-20,33.303,33.506,33.278,33.363,203318,0
2015-05-21,33.455,33.481,33.218,33.404,268017,0
2015-05-22,33.243,33.531,33.193,33.497,171789,0
2015-05-26,33.243,33.557,32.991,33.125,247080,0
2015-05-27,33.058,33.243,32.991,33.132,181944,0
2015-05-28,33.031,33.15,32.616,32.754,344165,0
2015-05-29,32.761,32.88,32.54,32.582,393169,0
2015-06-01,32.904,32.904,32.464,32.515,210874,0
2015-06-02,32.515,32.717,32.431,32.709,164718,0
2015-06-03,32.558,32.667,32.066,32.108,248535,0
2015-06-04,32.244,32.244,31.431,31.5,538512,0
2015-06-05,31.339,31.879,31.244,31.752,145579,0
2015-06-08,31.777,31.787,31.399,31.523,187612,0
2015-06-09,31.65,31.677,31.481,31.49,275573,0
2015-06-10,31.634,31.668,31.346,31.372,234760,0
2015-06-11,31.362,31.55,31.293,31.39,366461,0
2015-06-12,31.473,31.473,31.093,31.271,209100,0
2015-06-15,31.049,31.787,31.049,31.746,289977,0
2015-06-16,31.752,31.855,31.49,31.65,207919,0
2015-06-17,31.805,31.812,31.449,31.65,229762,0
2015-06-18,31.812,31.812,31.532,31.618,919640,0
2015-06-19,31.39,31.591,31.143,31.143,154552,0
2015-06-22,31.28,31.339,31.177,31.22,305680,0
2015-06-23,31.22,31.38,31.135,31.22,185455,0
2015-06-24,31.184,31.311,31.049,31.16,162699,0
2015-06-25,31.339,31.38,30.762,30.796,178166,0
2015-06-26,30.737,31.066,30.492,30.558,247826,0
2015-06-29,30.176,30.464,29.948,29.958,276873,0
2015-06-30,29.939,30.304,29.611,29.737,453581,0
2015-07-01,29.879,29.879,29.221,29.297,290214,0
2015-07-02,29.389,29.916,29.364,29.789,513247,0
2015-07-06,29.625,29.67,29.321,29.432,254320,0
2015-07-07,29.364,30.295,29.143,30.278,487743,0
2015-07-08,29.813,30.27,29.416,29.584,289033,0
2015-07-09,29.804,29.958,29.625,29.677,462004,0
2015-07-10,30.031,30.158,29.635,30.065,458710,0
2015-07-13,30.416,30.648,30.262,30.639,505305,0
2015-07-14,30.597,31.051,30.57,30.837,261392,0
2015-07-15,30.691,31.01,29.814,29.814,1230625,0
2015-07-16,30.09,30.253,29.772,29.867,1043107,0
2015-07-17,29.851,29.851,29.256,29.497,258361,0
2015-07-20,29.256,29.491,28.759,28.82,505071,0
2015-07-21,28.769,29.189,28.494,28.699,949453,0
2015-07-22,28.451,28.786,27.711,27.9,1055572,0
2015-07-23,27.77,28.331,27.77,28.03,725108,0
2015-07-24,28.038,28.406,27.91,28.218,692958,0
2015-07-27,28.134,28.621,27.816,28.509,329879,0
2015-07-28,28.545,29.293,28.374,29.181,864539,0
2015-07-29,29.189,29.814,28.991,29.814,867799,0
2015-07-30,29.764,29.764,29.265,29.515,377637,0
2015-07-31,29.437,29.532,29.223,29.265,445199,0
2015-08-03,29.121,29.214,28.494,28.562,239276,0
2015-08-04,28.605,28.794,28.141,28.167,272338,0
2015-08-05,28.338,28.639,26.682,26.682,573097,0
2015-08-06,26.638,26.768,25.506,26.391,1654975,0
2015-08-07,26.433,26.827,26.226,26.416,601983,0
2015-08-10,26.502,27.395,26.502,27.317,586959,0
2015-08-11,27.129,27.351,26.441,27.351,404612,0
2015-08-12,27.265,28.038,27.172,28.02,795464,0
2015-08-13,27.937,28.262,27.472,27.574,337336,0
2015-08-14,27.574,27.928,27.574,27.808,411070,0
2015-08-17,27.78,28.338,27.549,28.202,466167,0
2015-08-18,28.107,28.304,27.66,28.012,485617,0
2015-08-19,27.937,28.141,27.222,27.583,311476,0
2015-08-20,27.404,27.696,26.905,26.982,855337,0
2015-08-21,26.666,27.026,26.312,26.416,835418,0
2015-08-24,25.893,26.837,24.038,25.429,1251068,0
2015-08-25,25.934,26.502,25.42,25.557,660810,0
2015-08-26,25.917,26.613,25.461,26.105,1265589,0
2015-08-27,26.433,27.3,26.226,27.214,1858721,0
2015-08-28,27.093,27.858,27.042,27.652,833786,0
2015-08-31,27.541,27.876,26.862,27.429,646714,0
2015-09-01,26.923,27.369,26.502,26.758,1209795,0
2015-09-02,27.059,27.334,26.348,27.111,930001,0
2015-09-03,27.265,27.574,26.957,27.087,569138,0
2015-09-04,26.811,27.18,26.562,26.897,394297,0
2015-09-08,27.129,27.592,26.794,26.931,525105,0
2015-09-09,27.093,27.429,26.475,26.518,1032739,0
2015-09-10,26.69,26.776,26.295,26.475,422062,0
2015-09-11,26.295,26.578,25.634,25.728,616544,0
2015-09-14,25.669,25.815,25.438,25.522,760520,0
2015-09-15,25.618,25.84,25.393,25.446,566404,0
2015-09-16,25.429,25.834,25.333,25.625,485267,0
2015-09-17,25.676,26.175,25.522,25.848,643529,0
2015-09-18,25.575,25.848,25.37,25.685,1031459,0
2015-09-21,25.712,25.995,25.532,25.902,964946,0
2015-09-22,25.446,25.893,25.249,25.342,805713,0
2015-09-23,25.292,25.471,24.358,24.416,710486,0
2015-09-24,24.252,24.372,23.497,24.167,837774,0
2015-09-25,24.319,24.554,23.893,24.065,923245,0
2015-09-28,23.908,23.969,22.466,22.811,1131861,0
2015-09-29,22.828,23.077,21.334,21.395,1344916,0
2015-09-30,21.695,23.42,21.651,23.23,1022955,0
2015-10-01,23.661,24.237,23.187,24.218,760520,0
2015-10-02,23.995,25.051,23.601,24.93,817944,0
2015-10-05,25.205,25.902,24.819,25.848,751089,0
2015-10-06,25.857,26.312,25.652,25.728,748521,0
2015-10-07,25.944,26.295,25.755,26.133,810005,0
2015-10-08,26.112,26.593,25.737,26.435,522485,0
2015-10-09,26.435,26.732,26.253,26.418,636951,0
2015-10-12,26.522,26.811,25.798,26.035,786207,0
2015-10-13,25.965,26.026,25.519,25.528,969003,0
2015-10-14,25.485,25.806,25.066,25.608,1314463,0
2015-10-15,25.615,25.965,25.301,25.905,385449,0
2015-10-16,26.069,26.219,25.85,26.173,520994,0
2015-10-19,26,26.356,25.51,25.781,455582,0
2015-10-20,25.72,26.008,25.424,25.826,450644,0
2015-10-21,25.877,25.965,25.292,25.327,700200,0
2015-10-22,25.301,25.685,24.472,24.673,1261414,0
2015-10-23,24.734,25.432,24.341,24.559,666970,0
2015-10-26,24.384,24.656,23.957,23.975,1423314,0
2015-10-27,23.8,23.975,23.153,23.504,893382,0
2015-10-28,23.573,24.526,23.432,24.42,630190,0
2015-10-29,24.331,25.091,24.246,25.004,760126,0
2015-10-30,24.995,25.65,24.559,25.274,716011,0
2015-11-02,25.126,25.868,24.97,25.65,2067817,0
2015-11-03,25.764,26.61,25.704,26.427,1153086,0
2015-11-04,26.383,26.505,25.441,25.685,929570,0
2015-11-05,25.547,25.972,25.1,25.466,957433,0
2015-11-06,25.161,25.572,24.944,25.126,591577,0
2015-11-09,24.97,25.354,24.62,24.813,862120,0
2015-11-10,24.663,25.232,24.472,24.734,875050,0
2015-11-11,24.804,25.082,24.077,24.315,452936,0
2015-11-12,24.001,24.253,23.556,23.643,500601,0
2015-11-13,23.6,23.888,23.007,23.563,1021139,0
2015-11-16,23.442,24.445,23.442,24.429,808477,0
2015-11-17,24.351,24.445,23.87,24.077,777542,0
2015-11-18,24.262,24.751,23.782,24.341,1028471,0
2015-11-19,24.07,24.229,23.714,23.913,1033972,0
2015-11-20,23.782,23.94,23.084,23.267,1004869,0
2015-11-23,23.128,23.513,22.927,23.145,839529,0
2015-11-24,23.188,23.791,23.031,23.53,1166425,0
2015-11-25,23.398,23.722,23.137,23.424,997306,0
2015-11-27,23.32,23.39,23.067,23.25,139444,0
2015-11-30,23.382,23.53,23.101,23.284,1052534,0
2015-12-01,23.163,23.451,22.673,22.891,2114987,0
2015-12-02,22.56,22.769,22.124,22.404,1822887,0
2015-12-03,22.465,22.5,21.373,21.495,1904735,0
2015-12-04,21.279,21.425,20.526,20.719,1730505,0
2015-12-07,20.091,20.474,18.599,19.383,4068170,0
2015-12-08,18.563,20.187,18.329,19.828,3263686,0
2015-12-09,19.978,21.567,19.855,21.514,3233681,0
2015-12-10,21.435,21.636,20.833,21.016,2301800,0
2015-12-11,20.632,20.894,19.489,19.681,2458546,0
2015-12-14,19.532,19.811,18.72,19.086,4215599,0
2015-12-15,19.332,19.558,18.93,19.332,2553419,0
2015-12-16,19.402,20.466,19.147,20.195,2460723,0
2015-12-17,20.108,20.388,19.332,19.69,3821937,0
2015-12-18,19.593,20.143,19.428,19.811,3428926,0
2015-12-21,19.732,20.702,19.567,20.676,2768030,0
2015-12-22,20.57,22.194,20.466,21.548,3984935,0
2015-12-23,22.054,22.777,21.644,22.769,2220564,0
2015-12-24,22.762,23.163,22.603,22.683,1016816,0
2015-12-28,22.465,22.465,21.819,22.22,2484116,0
2015-12-29,22.683,22.762,21.835,22.01,2245390,0
2015-12-30,21.636,22.089,21.303,21.898,3012157,0
2015-12-31,21.636,22.998,21.47,22.831,2059773,0
2016-01-04,22.754,23.153,22.385,23.093,606588,0
2016-01-05,22.969,23.18,22.57,23.022,534077,0
2016-01-06,22.334,22.919,21.458,21.767,733332,0
2016-01-07,21.067,21.627,20.535,20.535,670552,0
2016-01-08,20.623,21.321,20.597,20.866,538524,0
2016-01-11,20.72,20.962,19.472,19.776,1249679,0
2016-01-12,20.141,20.775,18.573,19.757,953627,0
2016-01-13,20.07,20.205,18.209,18.573,796214,0
2016-01-14,18.725,19.786,18.46,19.741,724972,0
2016-01-15,18.616,19.243,18.155,18.698,770125,0
2016-01-19,19.011,19.277,17.138,17.575,1411992,0
2016-01-20,17.095,17.361,15.722,16.372,1958273,0
2016-01-21,16.381,17.575,16.221,17.29,1416030,0
2016-01-22,18.108,19.152,17.833,18.831,1318973,0
2016-01-25,18.546,19.688,18.224,18.296,2188016,0
2016-01-26,18.654,19.089,17.923,18.974,2177758,0
2016-01-27,18.779,19.099,18.137,18.751,1095930,0
2016-01-28,19.696,20.587,18.907,19.607,1363304,0
2016-01-29,19.972,20.293,19.607,19.857,1382590,0
2016-02-01,19.429,20.997,18.859,19.508,1633582,0
2016-02-02,19.073,19.375,18.725,19.152,1086269,0
2016-02-03,19.563,19.563,18.272,19.099,887707,0
2016-02-04,19.393,19.687,18.921,19.508,947149,0
2016-02-05,19.25,19.687,18.751,18.974,565721,0
2016-02-08,18.412,18.671,17.13,17.236,1266666,0
2016-02-09,16.888,17.245,16.015,16.506,1556935,0
2016-02-10,16.594,17.023,16.087,16.638,1101687,0
2016-02-11,16.23,16.763,15.375,15.802,769169,0
2016-02-12,15.925,16.898,15.925,16.799,712552,0
2016-02-16,16.995,17.959,16.22,17.833,518422,0
2016-02-17,18.262,19.295,18.047,18.779,595777,0
2016-02-18,19.162,19.313,18.573,19.099,9228648,0
2016-02-19,18.742,19.117,18.342,18.796,4809802,0
2016-02-22,19.046,19.866,19.046,19.741,1508711,0
2016-02-23,19.696,19.857,18.984,19.079,1327904,0
2016-02-24,18.466,19.465,18.272,19.456,825300,0
2016-02-25,19.206,19.465,18.876,19.277,767719,0
2016-02-26,19.651,20.079,19.411,19.492,566831,0
2016-02-29,19.741,19.972,19.446,19.803,335477,0
2016-03-01,19.991,19.999,19.518,19.82,2516212,0
2016-03-02,19.786,20.587,19.357,20.56,892611,0
2016-03-03,20.321,21.327,20.321,21.105,1170107,0
2016-03-04,21.292,21.479,20.792,21.005,896300,0
2016-03-07,20.837,21.693,20.81,21.693,355810,0
2016-03-08,21.532,21.638,20.266,20.355,585537,0
2016-03-09,20.872,21.13,20.311,20.49,553872,0
2016-03-10,20.632,20.837,20.15,20.303,498227,0
2016-03-11,20.436,20.917,20.436,20.766,556958,0
2016-03-14,20.374,20.891,20.311,20.704,427791,0
2016-03-15,20.596,20.663,20.016,20.409,620146,0
2016-03-16,20.49,21.487,20.326,21.399,579337,0
2016-03-17,21.853,22.121,21.479,21.827,710745,0
2016-03-18,21.914,22.274,21.424,21.701,599816,0
2016-03-21,21.701,21.879,21.097,21.212,376613,0
2016-03-22,21.059,21.684,20.987,21.487,369441,0
2016-03-23,21.212,21.371,20.678,20.713,404189,0
2016-03-24,20.266,20.863,20.079,20.543,778422,0
2016-03-28,20.677,20.72,20.266,20.383,354823,0
2016-03-29,20.195,20.614,19.911,20.462,1105752,0
2016-03-30,20.872,21.262,20.623,20.997,717872,0
2016-03-31,20.891,21.496,20.783,21.424,392191,0
2016-04-01,20.952,21.077,20.56,20.855,306828,0
2016-04-04,20.713,21.034,20.312,20.39,236262,0
2016-04-05,20.124,20.387,20.061,20.079,613458,0
2016-04-06,20.337,20.828,20.186,20.658,579943,0
2016-04-07,20.428,20.855,20.053,20.775,329211,0
2016-04-08,21.184,21.541,21.096,21.239,280665,0
2016-04-11,21.532,21.869,21.168,21.303,357802,0
2016-04-12,21.414,22.314,21.303,22.169,293948,0
2016-04-13,22.004,22.314,21.941,22.196,434317,0
2016-04-14,22.215,22.57,21.85,22.068,209670,0
2016-04-15,21.869,22.16,21.632,21.713,268808,0
2016-04-18,21.248,22.432,21.076,22.342,306735,0
2016-04-19,22.241,23.306,22.187,23.262,345624,0
2016-04-20,23.18,23.888,23.043,23.671,1042922,0
2016-04-21,23.718,24,23.283,23.726,776145,0
2016-04-22,23.881,24.035,22.769,23.944,448181,0
2016-04-25,23.907,24.025,23.452,23.58,246467,0
2016-04-26,23.79,23.79,23.319,23.488,306451,0
2016-04-27,23.762,24.182,23.635,23.899,195306,0
2016-04-28,23.762,24.072,23.526,23.616,1274011,0
2016-04-29,23.853,24.089,23.616,23.981,387809,0
2016-05-02,24.109,24.109,23.444,23.807,359416,0
2016-05-03,23.59,23.59,22.881,23.224,392431,0
2016-05-04,23.316,23.6,23.034,23.352,317237,0
2016-05-05,23.698,24.173,23.625,23.762,337581,0
2016-05-06,23.671,24.017,23.498,23.671,319699,0
2016-05-09,23.671,23.826,22.769,23.335,256609,0
2016-05-10,23.335,23.78,23.271,23.37,245010,0
2016-05-11,23.262,23.834,22.899,23.58,254175,0
2016-05-12,23.935,24.089,23.639,23.944,323721,0
2016-05-13,23.89,24.143,23.689,23.798,399126,0
2016-05-16,24.291,24.508,24.045,24.472,423125,0
2016-05-17,24.316,24.945,24.316,24.69,450664,0
2016-05-18,24.746,24.773,24,24.072,657220,0
2016-05-19,23.926,24.609,23.718,24.491,332934,0
2016-05-20,24.699,24.991,24.372,24.846,1109559,0
2016-05-23,24.809,24.927,24.634,24.699,260615,0
2016-05-24,24.817,24.991,24.419,24.482,311251,0
2016-05-25,24.582,25.046,24.582,24.719,285117,0
2016-05-26,24.964,25.018,24.399,24.435,436276,0
2016-05-27,24.454,24.663,24.128,24.444,217034,0
2016-05-31,24.6,24.872,24.335,24.481,231499,0
2016-06-01,24.072,25.1,24.072,25.046,339397,0
2016-06-02,24.9,25.255,24.736,25.183,437241,0
2016-06-03,25.091,25.429,24.955,25.183,371724,0
2016-06-06,25.346,25.756,25.247,25.683,469536,0
2016-06-07,25.928,26.056,25.692,25.91,298076,0
2016-06-08,26.165,26.202,25.72,25.801,430248,0
2016-06-09,25.492,25.801,25.492,25.775,435748,0
2016-06-10,25.538,25.638,25.11,25.209,351199,0
2016-06-13,24.983,25.091,24.704,24.846,372468,0
2016-06-14,24.609,24.801,24.237,24.626,337041,0
2016-06-15,24.454,25,24.291,24.846,1104999,0
2016-06-16,24.546,25,24.399,24.927,309645,0
2016-06-17,25.183,25.183,24.807,24.936,232708,0
2016-06-20,25.474,25.547,25.054,25.218,1163760,0
2016-06-21,25.046,25.692,25.046,25.619,254070,0
2016-06-22,25.766,25.926,25.438,25.609,271135,0
2016-06-23,25.839,26.139,25.638,26.11,276770,0
2016-06-24,25.565,26.158,25.009,25.272,348012,0
2016-06-27,25.046,26.356,24.163,24.428,493745,0
2016-06-28,24.763,25.346,24.636,25.301,773359,0
2016-06-29,25.51,25.894,25.374,25.683,486429,0
2016-06-30,25.501,25.894,25.37,25.738,234481,0
2016-07-01,25.592,25.957,25.592,25.638,185949,0
2016-07-05,25.282,25.455,24.973,25.42,204584,0
2016-07-06,25.238,25.336,25.009,25.301,266041,0
2016-07-07,25.565,25.801,25.11,25.228,295129,0
2016-07-08,25.528,25.628,25.228,25.51,187900,0
2016-07-11,25.81,25.81,25.365,25.41,878635,0
2016-07-12,25.954,26.398,25.74,26.158,315962,0
2016-07-13,26.23,26.23,25.694,25.899,325191,0
2016-07-14,26.222,26.239,25.909,26.093,228788,0
2016-07-15,26.258,26.398,25.851,26.009,205496,0
2016-07-18,25.889,26.23,25.851,26.101,137827,0
2016-07-19,26.174,26.174,25.851,26.037,345030,0
2016-07-20,25.98,26.36,25.731,26.287,149713,0
2016-07-21,26.139,26.498,25.964,26.093,194820,0
2016-07-22,26.083,26.369,25.98,26.165,148939,0
2016-07-25,25.944,26.453,25.854,25.944,231679,0
2016-07-26,25.944,26.037,25.675,25.814,252515,0
2016-07-27,25.86,26.158,25.537,25.537,246221,0
2016-07-28,25.574,25.704,25.38,25.555,323558,0
2016-07-29,25.518,25.924,25.397,25.869,319132,0
2016-08-01,25.602,25.842,24.954,25.074,240257,0
2016-08-02,25.306,25.435,24.788,25.222,1435752,0
2016-08-03,25.315,25.879,25.306,25.86,299951,0
2016-08-04,25.639,26.109,25.547,25.851,167477,0
2016-08-05,25.971,26.184,25.705,25.924,140928,0
2016-08-08,25.989,26.453,25.989,26.194,134654,0
2016-08-09,26.295,26.527,25.971,26.093,291648,0
2016-08-10,26.203,26.222,25.675,25.759,216842,0
2016-08-11,25.834,26.083,25.731,25.964,240383,0
2016-08-12,26.044,26.416,26.042,26.174,111937,0
2016-08-15,26.342,26.443,26.184,26.213,229206,0
2016-08-16,26.129,26.628,25.899,26.258,462606,0
2016-08-17,26.258,26.287,26.064,26.203,179219,0
2016-08-18,26.314,26.562,25.999,26.508,525143,0
2016-08-19,26.425,26.536,26.139,26.184,763254,0
2016-08-22,26.064,26.148,25.842,25.86,772438,0
2016-08-23,25.814,26.383,25.814,25.86,1137777,0
2016-08-24,25.98,26.453,25.61,25.722,1335252,0
2016-08-25,25.786,25.999,25.574,25.704,341179,0
2016-08-26,25.749,26.044,25.642,25.814,179646,0
2016-08-29,25.648,25.889,25.592,25.851,116673,0
2016-08-30,25.685,26.028,25.667,25.759,272122,0
2016-08-31,25.629,25.749,25.397,25.704,228309,0
2016-09-01,25.685,25.786,25.426,25.786,897515,0
2016-09-02,25.879,26.093,25.694,26.054,657616,0
2016-09-06,26.194,26.425,25.824,26.258,865838,0
2016-09-07,26.369,26.434,26.203,26.378,702357,0
2016-09-08,26.425,26.592,26.268,26.434,836158,0
2016-09-09,26.064,26.398,25.694,25.694,577037,0
2016-09-12,25.61,25.804,25.342,25.583,277676,0
2016-09-13,25.38,25.38,24.629,24.704,999161,0
2016-09-14,24.621,25.185,24.621,24.769,320036,0
2016-09-15,24.843,24.935,24.582,24.593,379812,0
2016-09-16,24.492,24.788,24.371,24.732,208869,0
2016-09-19,24.944,25.241,24.889,25.009,312430,0
2016-09-20,25.028,25.167,24.88,24.889,233539,0
2016-09-21,25.232,25.675,25.157,25.675,247678,0
2016-09-22,25.083,26.044,25.083,26.037,238190,0
2016-09-23,25.86,26.148,25.804,25.86,273019,0
2016-09-26,25.944,26.093,25.777,25.804,254816,0
2016-09-27,25.435,26.749,24.991,25.629,353555,0
2016-09-28,25.759,26.251,25.342,26.249,238512,0
2016-09-29,26.23,26.398,25.879,25.999,176190,0
2016-09-30,26.044,26.369,25.904,26.268,172026,0
2016-10-03,26.268,26.268,25.838,25.964,224692,0
2016-10-04,25.869,26.028,25.472,25.565,283572,0
2016-10-05,25.694,25.922,25.648,25.769,288479,0
2016-10-06,25.777,25.899,25.417,25.555,203203,0
2016-10-07,25.657,25.777,25.472,25.61,711340,0
2016-10-10,25.694,26.064,25.694,26.044,146888,0
2016-10-11,25.849,25.887,25.587,25.831,219970,0
2016-10-12,25.595,25.9,25.595,25.736,181515,0
2016-10-13,25.511,25.877,25.463,25.755,156796,0
2016-10-14,25.755,25.923,25.463,25.708,179992,0
2016-10-17,25.745,25.755,25.609,25.736,439335,0
2016-10-18,25.887,25.989,25.763,25.915,170871,0
2016-10-19,26.102,26.29,25.821,26.187,174845,0
2016-10-20,26.121,26.187,25.905,26.187,408921,0
2016-10-21,26.168,26.385,25.943,26.356,318154,0
2016-10-24,26.075,26.29,25.867,26.065,197330,0
2016-10-25,26.121,26.121,25.661,25.68,101259,0
2016-10-26,25.397,25.717,25.341,25.642,230594,0
2016-10-27,25.774,25.963,25.577,25.708,212322,0
2016-10-28,25.651,25.736,25.315,25.436,271079,0
2016-10-31,25.285,25.351,24.982,25.116,185079,0
2016-11-01,25.229,25.548,24.749,24.788,228010,0
2016-11-02,24.636,25.558,24.083,24.56,260982,0
2016-11-03,24.712,24.91,24.299,24.401,228940,0
2016-11-04,24.213,24.289,24.072,24.137,289335,0
2016-11-07,24.289,24.524,24.218,24.345,262040,0
2016-11-08,24.26,24.599,24.203,24.374,260915,0
2016-11-09,24.355,25.229,24.355,25.022,426790,0
2016-11-10,25.191,25.558,24.707,25.37,567392,0
2016-11-11,25.097,25.13,24.768,25.003,200206,0
2016-11-14,24.834,25.407,24.834,25.388,232619,0
2016-11-15,25.67,26.111,25.388,25.651,761317,0
2016-11-16,25.717,25.717,25.209,25.285,227338,0
2016-11-17,25.624,25.699,25.323,25.436,318901,0
2016-11-18,25.651,25.661,25.356,25.624,865566,0
2016-11-21,25.887,26.159,25.506,25.811,276778,0
2016-11-22,25.915,26.243,25.483,25.717,459193,0
2016-11-23,25.502,25.84,25.502,25.783,288253,0
2016-11-25,25.717,26.065,25.492,25.595,99180,0
2016-11-28,25.661,25.826,24.993,25.003,304144,0
2016-11-29,24.684,24.844,24.448,24.834,363797,0
2016-11-30,25.426,25.999,25.022,25.68,2364318,0
2016-12-01,26.319,26.385,25.135,25.182,838690,0
2016-12-02,25.239,25.528,25.107,25.304,358572,0
2016-12-05,25.417,25.436,25.117,25.239,342887,0
2016-12-06,25.051,25.314,25.003,25.182,641902,0
2016-12-07,25.078,25.37,25.059,25.314,343306,0
2016-12-08,25.361,25.548,25.248,25.52,459258,0
2016-12-09,25.67,25.704,25.436,25.548,675879,0
2016-12-12,26.085,26.085,25.483,25.483,618009,0
2016-12-13,25.492,25.902,25.454,25.727,447575,0
2016-12-14,25.548,25.708,25.229,25.331,402516,0
2016-12-15,25.323,25.614,25.069,25.558,651940,0
2016-12-16,25.417,25.892,25.417,25.802,1648972,0
2016-12-19,25.84,25.971,25.736,25.84,300779,0
2016-12-20,25.999,26.111,25.849,26.045,494298,0
2016-12-21,25.971,26.417,25.953,26.375,435845,0
2016-12-22,26.47,26.892,26.329,26.742,596436,0
2016-12-23,26.629,26.958,26.517,26.939,450434,0
2016-12-27,27.061,27.203,26.845,26.883,689417,0
2016-12-28,26.995,27.174,26.695,26.695,743713,0
2016-12-29,26.817,26.921,26.601,26.62,665108,0
2016-12-30,26.723,26.752,26.422,26.704,310573,0
2017-01-03,26.892,27.231,26.823,26.995,328530,0
2017-01-04,26.958,27.362,26.921,26.995,479309,0
2017-01-05,27.212,27.372,27.174,27.221,379136,0
2017-01-06,27.418,27.531,26.742,27.4,427969,0
2017-01-09,27.344,27.484,27.071,27.109,390003,0
2017-01-10,27.174,27.249,26.582,26.582,362308,0
2017-01-11,26.717,27.117,26.487,27.052,693007,0
2017-01-12,27.166,27.223,26.861,26.956,200000,0
2017-01-13,26.813,27.194,26.813,27.07,226572,0
2017-01-17,27.185,27.395,27.091,27.309,1153665,0
2017-01-18,27.147,27.376,27.004,27.06,561410,0
2017-01-19,27.013,27.261,26.861,26.87,870854,0
2017-01-20,26.946,27.299,26.946,26.994,701218,0
2017-01-23,26.918,27.042,26.756,27.003,3459863,0
2017-01-24,27.232,27.691,27.125,27.634,339476,0
2017-01-25,27.796,28.206,27.652,28.206,645539,0
2017-01-26,28.492,28.646,28.369,28.616,529880,0
2017-01-27,28.368,28.512,28.178,28.473,185330,0
2017-01-30,28.435,28.817,27.643,27.796,265541,0
2017-01-31,27.89,27.967,27.59,27.967,368963,0
2017-02-01,28.378,28.641,28.197,28.492,245927,0
2017-02-02,28.492,28.797,28.264,28.616,346551,0
2017-02-03,28.827,28.941,28.656,28.807,234873,0
2017-02-06,28.951,29.533,28.67,28.846,289838,0
2017-02-07,28.693,29.59,28.081,28.673,310492,0
2017-02-08,28.531,28.651,28.225,28.589,314333,0
2017-02-09,28.722,28.874,28.613,28.693,294349,0
2017-02-10,28.96,29.113,28.656,28.788,279140,0
2017-02-13,28.874,28.874,28.53,28.788,281131,0
2017-02-14,28.922,29.046,28.673,29.037,372995,0
2017-02-15,28.931,29.151,28.931,29.065,431090,0
2017-02-16,29.171,29.228,28.76,28.846,263186,0
2017-02-17,28.663,28.708,28.531,28.606,398596,0
2017-02-21,28.827,29.027,28.703,28.913,249914,0
2017-02-22,28.722,28.75,28.455,28.455,322361,0
2017-02-23,28.722,29.023,28.191,28.435,304763,0
2017-02-24,28.321,28.425,27.948,28.13,302123,0
2017-02-27,28.081,28.197,27.977,28.054,197037,0
2017-02-28,27.997,28.349,27.967,28.235,268791,0
2017-03-01,28.598,28.646,28.412,28.606,269679,0
2017-03-02,28.388,28.636,28.244,28.531,793898,0
2017-03-03,28.589,28.656,28.215,28.502,243635,0
2017-03-06,28.445,28.569,28.264,28.549,271832,0
2017-03-07,28.531,28.531,28.282,28.435,280167,0
2017-03-08,28.416,28.531,27.863,27.9,234862,0
2017-03-09,27.786,27.786,27.214,27.662,267169,0
2017-03-10,27.806,27.92,27.471,27.634,202731,0
2017-03-13,27.681,27.91,27.605,27.709,307437,0
2017-03-14,27.433,27.527,27.137,27.29,479817,0
2017-03-15,27.529,27.863,27.147,27.681,291459,0
2017-03-16,27.729,27.92,27.509,27.652,243686,0
2017-03-17,27.767,27.767,27.309,27.356,294840,0
2017-03-20,27.232,27.597,27.127,27.366,260789,0
2017-03-21,27.395,27.442,26.831,27.042,508617,0
2017-03-22,27.032,27.032,26.831,26.975,353491,0
2017-03-23,26.928,27.376,26.918,27.109,325441,0
2017-03-24,27.127,27.385,26.918,27.251,599675,0
2017-03-27,27.06,27.127,26.838,27.06,261552,0
2017-03-28,27.08,27.242,27.06,27.118,527320,0
2017-03-29,27.156,27.662,26.841,27.519,236259,0
2017-03-30,27.662,27.672,27.07,27.462,374663,0
2017-03-31,27.356,27.853,27.016,27.853,223725,0
2017-04-03,27.967,27.987,27.481,27.853,627085,0
2017-04-04,27.9,27.997,27.672,27.997,380991,0
2017-04-05,28.091,28.302,27.767,27.806,609535,0
2017-04-06,27.843,28.148,27.825,28.015,303698,0
2017-04-07,28.139,28.158,27.987,28.121,397908,0
2017-04-10,28.255,28.255,27.954,28.042,478169,0
2017-04-11,27.974,28.08,27.742,27.838,342133,0
2017-04-12,27.858,27.858,27.519,27.645,251488,0
2017-04-13,27.635,27.712,27.373,27.421,198178,0
2017-04-17,27.489,27.538,27.267,27.412,243027,0
2017-04-18,27.345,27.529,27.286,27.529,302472,0
2017-04-19,27.557,27.625,27.24,27.295,243449,0
2017-04-20,27.277,27.48,27.237,27.345,237474,0
2017-04-21,27.363,27.391,27.131,27.295,369197,0
2017-04-24,27.461,27.519,27.228,27.431,316810,0
2017-04-25,27.353,27.751,27.305,27.751,316023,0
2017-04-26,27.635,27.731,27.567,27.596,236297,0
2017-04-27,27.441,27.712,27.237,27.325,264490,0
2017-04-28,27.403,27.547,27.056,27.286,167561,0
2017-05-01,27.315,27.45,27.228,27.393,215594,0
2017-05-02,27.48,27.703,27.189,27.267,290526,0
2017-05-03,27.247,27.519,26.898,26.966,260789,0
2017-05-04,26.85,27.023,25.969,26.075,380145,0
2017-05-05,26.201,26.812,26.075,26.782,527106,0
2017-05-08,26.714,26.966,26.608,26.966,326652,0
2017-05-09,26.87,27.112,26.365,26.56,399918,0
2017-05-10,26.646,26.995,26.502,26.928,231864,0
2017-05-11,26.986,27.003,26.754,26.754,345860,0
2017-05-12,26.83,27.024,26.812,26.85,189609,0
2017-05-15,27.209,27.286,27.034,27.112,229655,0
2017-05-16,27.247,27.421,26.947,27.054,343432,0
2017-05-17,27.005,27.005,26.482,26.511,332823,0
2017-05-18,26.404,26.598,26.182,26.511,308482,0
2017-05-19,26.637,27.102,26.597,26.995,199574,0
2017-05-22,27.17,27.17,26.831,27.063,221046,0
2017-05-23,27.141,27.294,27.045,27.237,312732,0
2017-05-24,27.277,27.412,27.015,27.083,273083,0
2017-05-25,27.034,27.247,26.637,26.744,198265,0
2017-05-26,26.704,26.734,26.566,26.608,170074,0
2017-05-30,26.404,26.666,26.133,26.181,385961,0
2017-05-31,26.037,26.162,25.862,26.075,233098,0
2017-06-01,26.153,26.395,25.929,26.22,224961,0
2017-06-02,26.103,26.23,25.939,25.959,170733,0
2017-06-05,25.774,26.123,25.726,26.027,254042,0
2017-06-06,25.929,26.191,25.853,26.133,186188,0
2017-06-07,25.987,26.307,25.59,25.61,2491646,0
2017-06-08,25.62,26.201,25.315,25.348,3801915,0
2017-06-09,25.378,25.678,25.27,25.532,615789,0
2017-06-12,25.678,25.881,25.396,25.504,164152,0
2017-06-13,25.562,25.669,25.446,25.494,292231,0
2017-06-14,25.406,25.648,24.951,24.98,652950,0
2017-06-15,24.795,25.047,24.534,24.583,271359,0
2017-06-16,24.583,25.019,24.408,24.961,255173,0
2017-06-19,24.97,25.193,24.641,24.709,170054,0
2017-06-20,24.437,24.534,23.866,24.04,800450,0
2017-06-21,24.06,24.272,23.885,23.924,459192,0
2017-06-22,24.02,24.244,23.953,24.166,234857,0
2017-06-23,24.176,24.719,24.128,24.67,509111,0
2017-06-26,24.787,25.145,24.747,25.135,385799,0
2017-06-27,25.203,25.348,24.931,24.961,424237,0
2017-06-28,25.077,25.508,24.98,25.387,288209,0
2017-06-29,25.532,25.813,25.484,25.571,435648,0
2017-06-30,25.726,26.153,25.484,25.833,398639,0
2017-07-03,25.929,26.337,25.901,26.279,210225,0
2017-07-05,26.171,26.222,25.813,25.881,140702,0
2017-07-06,25.929,26.23,25.61,25.687,618475,0
2017-07-07,25.61,25.862,25.378,25.794,254493,0
2017-07-10,25.765,25.842,25.522,25.562,293229,0
2017-07-11,25.494,25.678,25.436,25.61,443365,0
2017-07-12,25.826,26.082,25.541,25.846,415881,0
2017-07-13,25.983,26.062,25.59,25.816,194789,0
2017-07-14,25.915,26.229,25.851,26.21,154557,0
2017-07-17,26.22,26.397,26.062,26.279,169791,0
2017-07-18,26.397,26.406,26.121,26.298,307444,0
2017-07-19,26.338,26.465,26.072,26.259,123061,0
2017-07-20,26.367,26.367,25.983,26.003,166174,0
2017-07-21,25.944,26.082,25.767,25.836,256909,0
2017-07-24,25.865,25.964,25.757,25.964,481381,0
2017-07-25,26.17,26.22,26.033,26.111,287689,0
2017-07-26,26.2,26.261,25.974,25.974,201389,0
2017-07-27,26.072,26.111,25.905,26.023,149471,0
2017-07-28,26.033,26.082,25.934,25.983,202728,0
2017-07-31,25.934,26.101,25.738,26.062,269981,0
2017-08-01,26.101,26.239,26.023,26.101,297052,0
2017-08-02,25.993,26.2,25.967,26.121,227977,0
2017-08-03,26.18,26.256,25.58,25.777,319919,0
2017-08-04,25.806,25.806,25.511,25.59,208120,0
2017-08-07,25.531,25.59,25.354,25.364,252535,0
2017-08-08,25.108,25.157,24.449,24.567,237197,0
2017-08-09,24.616,25.01,24.587,24.734,234789,0
2017-08-10,24.734,24.951,24.439,24.469,525835,0
2017-08-11,24.351,24.538,24.292,24.312,229090,0
2017-08-14,24.331,24.616,24.292,24.292,330225,0
2017-08-15,24.184,24.341,23.682,23.79,622884,0
2017-08-16,23.889,23.958,23.495,23.623,1036124,0
2017-08-17,23.653,23.731,23.318,23.525,574743,0
2017-08-18,23.525,23.643,23.328,23.485,834624,0
2017-08-21,23.584,23.584,23.092,23.171,881670,0
2017-08-22,23.308,23.544,23.171,23.525,862447,0
2017-08-23,23.348,23.938,23.348,23.82,616243,0
2017-08-24,23.928,24.007,23.761,23.869,398855,0
2017-08-25,23.958,24.115,23.712,23.928,393086,0
2017-08-28,23.928,24.095,23.741,23.78,439073,0
2017-08-29,23.712,23.9,23.554,23.859,226029,0
2017-08-30,23.751,24.085,23.584,24.026,898406,0
2017-08-31,24.164,24.656,23.653,24.587,399662,0
2017-09-01,24.597,24.744,24.449,24.656,277502,0
2017-09-05,24.862,24.862,24.489,24.528,339906,0
2017-09-06,24.607,24.7,24.43,24.607,246807,0
2017-09-07,24.518,24.626,24.445,24.538,246481,0
2017-09-08,24.479,24.538,24.302,24.4,196960,0
2017-09-11,24.4,24.616,24.351,24.548,182686,0
2017-09-12,24.518,24.675,24.469,24.577,289719,0
2017-09-13,24.685,24.911,24.557,24.813,375782,0
2017-09-14,24.764,25.01,24.764,24.862,766309,0
2017-09-15,24.921,24.921,24.695,24.793,162344,0
2017-09-18,24.744,24.833,24.685,24.764,335439,0
2017-09-19,24.823,24.882,24.607,24.656,203745,0
2017-09-20,24.675,24.777,24.508,24.557,671535,0
2017-09-21,24.557,24.557,24.194,24.4,143959,0
2017-09-22,24.361,24.479,24.265,24.371,541115,0
2017-09-25,24.528,25,24.174,24.921,229731,0
2017-09-26,25.01,25.049,24.666,24.882,583792,0
2017-09-27,25,25.039,24.597,24.744,396478,0
2017-09-28,24.744,24.759,24.302,24.636,636673,0
2017-09-29,24.577,25.002,24.577,24.725,448531,0
2017-10-02,24.607,24.833,24.47,24.803,508101,0
2017-10-03,24.705,24.911,24.587,24.843,832624,0
2017-10-04,24.803,24.941,24.744,24.872,1046711,0
2017-10-05,24.843,25.137,24.843,25.089,329654,0
2017-10-06,24.911,25.118,24.744,25.118,203001,0
2017-10-09,25.148,25.197,24.902,24.921,338265,0
2017-10-10,25.157,25.157,24.803,24.902,962613,0
2017-10-11,24.813,25.049,24.813,25,459417,0
2017-10-12,24.93,24.93,24.58,24.82,268332,0
2017-10-13,24.88,24.9874,24.4892,24.53,256176,0
2017-10-16,24.53,24.66,24.32,24.34,289332,0
2017-10-17,24.47,24.77,24.1,24.2,305164,0
2017-10-18,24.24,24.24,23.68,23.76,292326,0
2017-10-19,23.84,23.91,23.62,23.91,295498,0
2017-10-20,23.86,23.9592,23.685,23.71,288055,0
2017-10-23,23.77,23.8152,23.295,23.32,750106,0
2017-10-24,23.185,23.44,23.07,23.25,2677272,0
2017-10-25,23.2,23.31,22.45,22.61,2829520,0
2017-10-26,22.55,23.11,22.519,22.99,648563,0
2017-10-27,23.14,23.61,23.0427,23.4,414443,0
2017-10-30,23.665,23.84,23.4009,23.55,397192,0
2017-10-31,23.47,23.59,23.36,23.49,399345,0
2017-11-01,23.63,23.97,23.63,23.93,997736,0
2017-11-02,23.99,24.13,23.16,23.44,1226960,0
2017-11-03,23.35,23.74,22.29,23.63,491945,0
2017-11-06,23.55,23.94,23.51,23.92,889955,0
2017-11-07,23.97,24.19,23.82,24.13,525612,0
2017-11-08,24.03,24.21,23.74,23.77,584654,0
2017-11-09,23.75,23.96,23.68,23.77,825552,0
2017-11-10,23.66,23.87,23.55,23.58,700692,0
