Date,Open,High,Low,Close,Volume,OpenInt
2011-01-19,23.181,23.181,22.771,22.781,61528,0
2011-01-20,22.733,22.733,22.545,22.618,17645,0
2011-01-21,22.733,22.8,22.6,22.6,17320,0
2011-01-24,22.635,22.838,22.627,22.809,43847,0
2011-01-25,22.725,22.8,22.635,22.8,39466,0
2011-01-26,22.944,23.089,22.899,23.062,44761,0
2011-01-27,23.044,23.218,23.044,23.171,29483,0
2011-01-28,23.227,23.254,22.743,22.761,104382,0
2011-01-31,22.917,23.356,22.855,22.944,62354,0
2011-02-01,23.152,23.324,23.127,23.316,154098,0
2011-02-02,23.254,23.361,23.236,23.246,493137,0
2011-02-03,23.264,23.361,23.099,23.334,35914,0
2011-02-04,23.343,23.461,23.316,23.461,40811,0
2011-02-07,23.581,23.733,23.553,23.664,110731,0
2011-02-08,23.708,23.76,23.607,23.751,110904,0
2011-02-09,23.743,23.76,23.627,23.672,60912,0
2011-02-10,23.598,23.797,23.563,23.779,67584,0
2011-02-11,23.751,24.054,23.751,24.036,81216,0
2011-02-14,24.099,24.152,24.044,24.142,115587,0
2011-02-15,24.099,24.117,24.008,24.026,92790,0
2011-02-16,24.142,24.262,24.142,24.223,57085,0
2011-02-18,24.427,24.427,24.28,24.343,47716,0
2011-02-22,24.161,24.171,23.708,23.743,85629,0
2011-02-23,23.743,23.797,23.191,23.424,64004,0
2011-02-24,23.399,23.581,23.171,23.433,82502,0
2011-02-25,23.588,23.881,23.588,23.881,76355,0
2011-02-28,24.044,24.072,23.816,23.942,49086,0
2011-03-01,24.081,24.081,23.509,23.563,38070,0
2011-03-02,23.581,23.779,23.543,23.69,22585,0
2011-03-03,23.961,24.171,23.961,24.142,80972,0
2011-03-04,24.19,24.19,23.872,24.017,54711,0
2011-03-07,24.142,24.215,23.607,23.733,47184,0
2011-03-08,23.826,24.054,23.654,23.971,26344,0
2011-03-09,23.908,23.961,23.807,23.899,24283,0
2011-03-10,23.654,23.654,23.399,23.481,107692,0
2011-03-11,23.264,23.725,23.264,23.664,90617,0
2011-03-14,23.543,23.563,23.343,23.509,41012,0
2011-03-15,22.864,23.406,22.781,23.343,80121,0
2011-03-16,23.264,23.399,22.944,23.015,108392,0
2011-03-17,23.38,23.38,23.099,23.171,117915,0
2011-03-18,23.415,23.415,23.254,23.28,107277,0
2011-03-21,23.527,23.708,23.527,23.699,73414,0
2011-03-22,23.708,23.743,23.536,23.563,39556,0
2011-03-23,23.553,23.636,23.371,23.588,41503,0
2011-03-24,23.743,23.844,23.536,23.816,48697,0
2011-03-25,23.917,24.126,23.834,23.98,78214,0
2011-03-28,24.081,24.081,23.862,23.872,238288,0
2011-03-29,23.899,24.072,23.76,24.063,114023,0
2011-03-30,24.199,24.362,24.161,24.326,90308,0
2011-03-31,24.339,24.451,24.294,24.432,74424,0
2011-04-01,24.596,24.634,24.489,24.552,68547,0
2011-04-04,24.653,24.671,24.56,24.579,34768,0
2011-04-05,24.653,24.844,24.625,24.735,32864,0
2011-04-06,24.935,24.935,24.671,24.751,70946,0
2011-04-07,24.826,24.826,24.534,24.625,86481,0
2011-04-08,24.78,24.78,24.326,24.445,37663,0
2011-04-11,24.534,24.534,24.233,24.28,28343,0
2011-04-12,24.171,24.208,23.989,24.054,68590,0
2011-04-13,24.233,24.262,24.054,24.134,31145,0
2011-04-14,23.998,24.181,23.961,24.171,31015,0
2011-04-15,24.181,24.38,24.152,24.352,30014,0
2011-04-18,24.117,24.117,23.844,24.008,118942,0
2011-04-19,24.099,24.134,23.971,24.134,55041,0
2011-04-20,24.56,24.56,24.445,24.508,60616,0
2011-04-21,24.681,24.709,24.56,24.709,60564,0
2011-04-25,24.717,24.761,24.606,24.717,65384,0
2011-04-26,24.761,24.972,24.761,24.926,161672,0
2011-04-27,24.988,25.099,24.844,25.09,91582,0
2011-04-28,25.071,25.187,25.062,25.127,94938,0
2011-04-29,25.19,25.237,25.092,25.21,52931,0
2011-05-02,25.335,25.344,25.053,25.109,74130,0
2011-05-03,25.08,25.08,24.743,24.844,67307,0
2011-05-04,24.852,24.852,24.534,24.643,82780,0
2011-05-05,24.489,24.789,24.417,24.579,50278,0
2011-05-06,24.844,24.953,24.579,24.662,79055,0
2011-05-09,24.69,24.926,24.681,24.907,54654,0
2011-05-10,24.988,25.224,24.953,25.17,63808,0
2011-05-11,25.161,25.161,24.78,24.907,87100,0
2011-05-12,24.789,25.062,24.681,25.024,23398,0
2011-05-13,25.043,25.043,24.751,24.761,23824,0
2011-05-16,24.671,24.835,24.534,24.57,91268,0
2011-05-17,24.38,24.508,24.271,24.399,39322,0
2011-05-18,24.445,24.817,24.427,24.807,26828,0
2011-05-19,24.926,24.962,24.709,24.861,39521,0
2011-05-20,24.78,24.799,24.56,24.69,91291,0
2011-05-23,24.289,24.39,24.262,24.298,135336,0
2011-05-24,24.38,24.436,24.181,24.243,31498,0
2011-05-25,24.215,24.471,24.171,24.417,22900,0
2011-05-26,24.39,24.662,24.362,24.625,140076,0
2011-05-27,24.761,24.844,24.709,24.77,30467,0
2011-05-31,25.067,25.067,24.83,25.002,33197,0
2011-06-01,24.997,24.997,24.427,24.445,39480,0
2011-06-02,24.471,24.542,24.298,24.399,23258,0
2011-06-03,24.072,24.28,23.998,24.089,49556,0
2011-06-06,24.036,24.063,23.69,23.708,55947,0
2011-06-07,23.862,23.934,23.751,23.779,38907,0
2011-06-08,23.716,23.733,23.519,23.536,47288,0
2011-06-09,23.536,23.76,23.536,23.681,79857,0
2011-06-10,23.543,23.581,23.264,23.324,252456,0
2011-06-13,23.316,23.433,23.144,23.227,22281,0
2011-06-14,23.509,23.708,23.461,23.617,45289,0
2011-06-15,23.415,23.572,23.218,23.28,22697,0
2011-06-16,23.274,23.393,23.036,23.221,274458,0
2011-06-17,23.471,23.471,23.246,23.308,23176,0
2011-06-20,23.248,23.484,23.221,23.446,100351,0
2011-06-21,23.611,23.922,23.602,23.903,127686,0
2011-06-22,23.811,24.022,23.783,23.783,55493,0
2011-06-23,23.446,23.783,23.301,23.783,30946,0
2011-06-24,23.83,23.83,23.531,23.547,26692,0
2011-06-27,23.547,23.728,23.465,23.685,24623,0
2011-06-28,23.756,24.031,23.756,24.031,167902,0
2011-06-29,24.177,24.295,24.013,24.22,104875,0
2011-06-30,24.302,24.485,24.294,24.432,69707,0
2011-07-01,24.505,24.842,24.406,24.824,70782,0
2011-07-05,24.952,24.952,24.707,24.815,291138,0
2011-07-06,24.815,24.924,24.707,24.905,338632,0
2011-07-07,25.169,25.234,25.108,25.169,110508,0
2011-07-08,24.896,24.986,24.768,24.986,37946,0
2011-07-11,24.707,24.715,24.378,24.424,65075,0
2011-07-12,24.368,24.522,24.339,24.339,15941,0
2011-07-13,24.459,24.678,24.386,24.415,49763,0
2011-07-14,24.476,24.567,24.068,24.113,14425,0
2011-07-15,24.211,24.239,24.05,24.229,29440,0
2011-07-18,24.167,24.167,23.793,23.922,105126,0
2011-07-19,24.085,24.378,24.085,24.359,18086,0
2011-07-20,24.459,24.459,24.286,24.368,28950,0
2011-07-21,24.486,24.688,24.442,24.613,196017,0
2011-07-22,24.567,24.733,24.558,24.707,73221,0
2011-07-25,24.406,24.669,24.386,24.514,28564,0
2011-07-26,24.481,24.491,24.382,24.382,32826,0
2011-07-27,24.239,24.239,23.702,23.737,189549,0
2011-07-28,23.767,23.96,23.594,23.604,59404,0
2011-07-29,23.275,23.669,23.155,23.505,95572,0
2011-08-01,23.849,23.876,23.174,23.364,122515,0
2011-08-02,23.248,23.403,22.617,22.626,106092,0
2011-08-03,22.662,22.734,22.124,22.734,599325,0
2011-08-04,22.344,22.344,21.296,21.296,326696,0
2011-08-05,21.607,21.625,20.457,20.996,352288,0
2011-08-08,20.165,20.494,19.208,19.208,325038,0
2011-08-09,19.681,20.421,19.145,20.421,214773,0
2011-08-10,19.963,20.412,19.719,19.719,105629,0
2011-08-11,19.838,21.023,19.829,20.769,67492,0
2011-08-12,20.969,21.095,20.74,20.922,159675,0
2011-08-15,21.13,21.505,21.13,21.505,361511,0
2011-08-16,21.204,21.36,20.996,21.213,120737,0
2011-08-17,21.37,21.45,20.949,21.077,78472,0
2011-08-18,20.402,20.412,19.783,19.92,262124,0
2011-08-19,19.608,20.185,19.519,19.553,172178,0
2011-08-22,20.119,20.138,19.455,19.553,68899,0
2011-08-23,19.628,20.302,19.509,20.302,77731,0
2011-08-24,20.221,20.595,20.194,20.586,22100,0
2011-08-25,20.759,20.812,20.119,20.165,35536,0
2011-08-26,20.029,20.694,19.744,20.629,35692,0
2011-08-29,20.912,21.45,20.912,21.45,262270,0
2011-08-30,21.341,21.714,21.313,21.597,80234,0
2011-08-31,21.724,21.982,21.494,21.67,55259,0
2011-09-01,21.724,21.851,21.313,21.322,58434,0
2011-09-02,20.797,21.028,20.65,20.753,122435,0
2011-09-06,20.019,20.54,19.972,20.531,276088,0
2011-09-07,20.934,21.308,20.887,21.308,15687,0
2011-09-08,21.124,21.373,20.998,21.016,18983,0
2011-09-09,20.813,20.887,20.292,20.449,76801,0
2011-09-12,20.11,20.484,20.037,20.475,108027,0
2011-09-13,20.54,20.87,20.467,20.805,93103,0
2011-09-14,20.98,21.401,20.64,21.19,72118,0
2011-09-15,21.388,21.46,21.158,21.432,240940,0
2011-09-16,21.536,21.593,21.364,21.482,100301,0
2011-09-19,21.061,21.308,20.924,21.208,18865,0
2011-09-20,21.255,21.445,20.97,20.97,19862,0
2011-09-21,20.934,21.007,20.212,20.212,76721,0
2011-09-22,19.616,19.744,19.205,19.507,273912,0
2011-09-23,19.397,19.708,19.323,19.636,92330,0
2011-09-26,19.8,20.101,19.436,20.073,68511,0
2011-09-27,20.504,20.85,20.338,20.375,42422,0
2011-09-28,20.531,20.55,19.782,19.782,57367,0
2011-09-29,20.202,20.221,19.525,19.936,37701,0
2011-09-30,19.631,19.824,19.421,19.421,31267,0
2011-10-03,19.242,19.379,18.548,18.557,51118,0
2011-10-04,18.381,19.196,18.154,19.196,64916,0
2011-10-05,19.251,19.626,19.058,19.626,15474,0
2011-10-06,19.708,20.11,19.598,20.11,254629,0
2011-10-07,20.267,20.267,19.772,19.818,234506,0
2011-10-10,20.24,20.54,20.24,20.54,17626,0
2011-10-11,20.321,20.64,20.321,20.55,44851,0
2011-10-12,20.715,21.061,20.715,20.87,49950,0
2011-10-13,20.668,20.877,20.504,20.813,95890,0
2011-10-14,21.053,21.236,20.906,21.19,77128,0
2011-10-17,21.08,21.116,20.63,20.63,42715,0
2011-10-18,20.715,21.264,20.55,21.142,34371,0
2011-10-19,21.08,21.236,20.813,20.85,34522,0
2011-10-20,20.944,20.952,20.522,20.952,24090,0
2011-10-21,21.181,21.464,21.181,21.427,212603,0
2011-10-24,21.621,22.085,21.593,22.012,91790,0
2011-10-25,21.987,21.987,21.5,21.5,47010,0
2011-10-26,21.82,21.903,21.401,21.811,75273,0
2011-10-27,22.698,22.9,22.342,22.688,102547,0
2011-10-28,22.653,22.819,22.617,22.725,39499,0
2011-10-31,22.302,22.503,22.245,22.245,25763,0
2011-11-01,21.72,21.802,21.264,21.454,315622,0
2011-11-02,21.793,22.003,21.64,21.912,264013,0
2011-11-03,22.195,22.443,21.746,22.395,34114,0
2011-11-04,22.098,22.43,21.982,22.364,34627,0
2011-11-07,22.405,22.479,22.032,22.405,71693,0
2011-11-08,22.57,22.643,22.195,22.626,63056,0
2011-11-09,22.076,22.111,21.656,21.674,111147,0
2011-11-10,21.977,22.04,21.71,21.829,87150,0
2011-11-11,22.102,22.386,22.058,22.324,64648,0
2011-11-14,22.213,22.28,22.003,22.085,23822,0
2011-11-15,22.049,22.358,21.912,22.27,49368,0
2011-11-16,22.049,22.35,21.95,21.977,32477,0
2011-11-17,21.932,21.932,21.435,21.482,32384,0
2011-11-18,21.656,21.656,21.427,21.508,60791,0
2011-11-21,21.171,21.216,20.924,21.116,313468,0
2011-11-22,21.07,21.19,20.906,21.007,156680,0
2011-11-23,20.841,20.841,20.467,20.485,120312,0
2011-11-25,20.356,20.65,20.292,20.449,14146,0
2011-11-28,21.19,21.226,20.952,21.061,303888,0
2011-11-29,21.142,21.316,21.053,21.142,81003,0
2011-11-30,21.902,22.076,21.801,22.076,63377,0
2011-12-01,22.058,22.252,21.977,22.04,94236,0
2011-12-02,22.356,22.402,22.054,22.081,268309,0
2011-12-05,22.479,22.57,22.232,22.342,461735,0
2011-12-06,22.383,22.402,22.174,22.313,47879,0
2011-12-07,22.165,22.304,21.89,22.248,106580,0
2011-12-08,22.064,22.091,21.634,21.652,84237,0
2011-12-09,21.871,22.174,21.76,22.136,43820,0
2011-12-12,21.866,21.866,21.612,21.785,87057,0
2011-12-13,22.036,22.036,21.311,21.404,73260,0
2011-12-14,21.319,21.329,21.038,21.091,118677,0
2011-12-15,21.435,21.435,21.134,21.236,42456,0
2011-12-16,21.43,21.634,21.348,21.404,40142,0
2011-12-19,21.549,21.569,21.028,21.063,122630,0
2011-12-20,21.494,21.806,21.494,21.788,37038,0
2011-12-21,21.741,21.89,21.531,21.852,58188,0
2011-12-22,21.945,22.146,21.917,22.098,31597,0
2011-12-23,22.183,22.248,22.126,22.248,41282,0
2011-12-27,22.229,22.364,22.183,22.304,42897,0
2011-12-28,22.338,22.348,21.917,21.945,990156,0
2011-12-29,22.018,22.229,22.018,22.219,63373,0
2011-12-30,22.2,22.276,22.135,22.135,136070,0
2012-01-03,22.615,22.686,22.321,22.356,140793,0
2012-01-04,22.276,22.383,22.191,22.338,86650,0
2012-01-05,22.209,22.532,22.081,22.505,47674,0
2012-01-06,22.476,22.605,22.411,22.505,49775,0
2012-01-09,22.605,22.633,22.458,22.605,246669,0
2012-01-10,22.837,22.926,22.837,22.889,73260,0
2012-01-11,22.808,22.989,22.788,22.962,96312,0
2012-01-12,23.045,23.063,22.846,23.053,68520,0
2012-01-13,22.88,22.926,22.705,22.926,100819,0
2012-01-17,23.129,23.184,22.898,22.962,178255,0
2012-01-18,22.97,23.311,22.926,23.311,65809,0
2012-01-19,23.395,23.559,23.338,23.515,86039,0
2012-01-20,23.457,23.505,23.395,23.457,51173,0
2012-01-23,23.476,23.624,23.311,23.457,424665,0
2012-01-24,23.311,23.532,23.23,23.505,60521,0
2012-01-25,23.476,23.844,23.411,23.816,33032,0
2012-01-26,23.962,24,23.595,23.679,118316,0
2012-01-27,23.706,23.816,23.661,23.778,25707,0
2012-01-30,23.586,23.679,23.429,23.624,63323,0
2012-01-31,23.813,23.842,23.49,23.61,144235,0
2012-02-01,23.796,24.109,23.796,24.064,79544,0
2012-02-02,24.091,24.174,24.018,24.064,44929,0
2012-02-03,24.395,24.513,24.32,24.504,107077,0
2012-02-06,24.414,24.504,24.367,24.485,41521,0
2012-02-07,24.441,24.577,24.347,24.531,63865,0
2012-02-08,24.595,24.715,24.441,24.595,80721,0
2012-02-09,24.734,24.734,24.458,24.669,92829,0
2012-02-10,24.476,24.531,24.329,24.432,110417,0
2012-02-13,24.698,24.698,24.485,24.651,84165,0
2012-02-14,24.54,24.613,24.458,24.613,107748,0
2012-02-15,24.734,24.75,24.467,24.54,107928,0
2012-02-16,24.557,24.907,24.557,24.88,68285,0
2012-02-17,25.007,25.007,24.825,24.88,306941,0
2012-02-21,24.936,24.954,24.669,24.76,95417,0
2012-02-22,24.679,24.769,24.586,24.632,91674,0
2012-02-23,24.586,24.852,24.504,24.844,55858,0
2012-02-24,24.835,24.954,24.807,24.861,76475,0
2012-02-27,24.661,24.936,24.549,24.852,84955,0
2012-02-28,24.871,24.927,24.708,24.835,39316,0
2012-02-29,24.83,24.942,24.664,24.673,92174,0
2012-03-01,24.779,24.954,24.76,24.88,72136,0
2012-03-02,24.877,24.913,24.599,24.704,45688,0
2012-03-05,24.651,24.661,24.451,24.577,70436,0
2012-03-06,24.269,24.315,24.012,24.095,104640,0
2012-03-07,24.168,24.371,24.131,24.352,38772,0
2012-03-08,24.535,24.656,24.38,24.627,145117,0
2012-03-09,24.656,24.942,24.637,24.858,114055,0
2012-03-12,24.888,24.898,24.715,24.769,122710,0
2012-03-13,24.942,25.235,24.867,25.235,85277,0
2012-03-14,25.235,25.3,25.042,25.117,104252,0
2012-03-15,25.128,25.322,25.045,25.322,94198,0
2012-03-16,25.329,25.329,25.235,25.263,47276,0
2012-03-19,25.254,25.485,25.235,25.356,106582,0
2012-03-20,25.17,25.217,25.042,25.178,90267,0
2012-03-21,25.188,25.244,25.07,25.135,97556,0
2012-03-22,24.933,24.96,24.73,24.877,87876,0
2012-03-23,24.886,25.013,24.675,25.004,38997,0
2012-03-26,25.273,25.346,25.217,25.346,129031,0
2012-03-27,25.384,25.401,25.282,25.282,38151,0
2012-03-28,25.291,25.291,24.951,25.117,74509,0
2012-03-29,24.96,25.109,24.794,25.07,50454,0
2012-03-30,25.25,25.25,25.008,25.084,50773,0
2012-04-02,25.042,25.346,25.004,25.217,66314,0
2012-04-03,25.197,25.329,25.07,25.226,58498,0
2012-04-04,24.977,25.052,24.803,24.923,172750,0
2012-04-05,24.877,24.942,24.785,24.803,79785,0
2012-04-09,24.445,24.517,24.389,24.472,148812,0
2012-04-10,24.437,24.472,23.884,23.902,389277,0
2012-04-11,24.168,24.25,24.113,24.196,198044,0
2012-04-12,24.212,24.665,24.212,24.646,53280,0
2012-04-13,24.554,24.582,24.352,24.352,39332,0
2012-04-16,24.5,24.517,24.24,24.342,36101,0
2012-04-17,24.572,24.813,24.572,24.738,32080,0
2012-04-18,24.591,24.684,24.535,24.618,26568,0
2012-04-19,24.609,24.822,24.409,24.535,38884,0
2012-04-20,24.637,24.746,24.591,24.599,34607,0
2012-04-23,24.24,24.325,24.076,24.325,81264,0
2012-04-24,24.352,24.453,24.278,24.371,26737,0
2012-04-25,24.582,24.803,24.582,24.803,51844,0
2012-04-26,24.73,25.013,24.73,24.977,73412,0
2012-04-27,25.08,25.127,24.867,25.109,37068,0
2012-04-30,25.084,25.084,24.87,24.946,117012,0
2012-05-01,24.942,25.31,24.85,25.08,119932,0
2012-05-02,24.913,25.117,24.894,25.089,55474,0
2012-05-03,25.117,25.117,24.738,24.785,52791,0
2012-05-04,24.665,24.665,24.342,24.437,99864,0
2012-05-07,24.297,24.445,24.297,24.399,43701,0
2012-05-08,24.221,24.25,23.808,24.25,84667,0
2012-05-09,23.965,24.25,23.836,24.139,125152,0
2012-05-10,24.325,24.352,24.113,24.168,42309,0
2012-05-11,23.975,24.371,23.975,24.205,38959,0
2012-05-14,23.955,24.031,23.808,23.855,447876,0
2012-05-15,23.864,23.955,23.654,23.708,76953,0
2012-05-16,23.799,23.911,23.507,23.534,99729,0
2012-05-17,23.551,23.551,22.898,22.916,77526,0
2012-05-18,22.953,22.979,22.585,22.604,169403,0
2012-05-21,22.675,23.138,22.585,23.11,415931,0
2012-05-22,23.165,23.366,23.063,23.165,55520,0
2012-05-23,23.007,23.348,22.836,23.311,60318,0
2012-05-24,23.412,23.43,23.184,23.386,25545,0
2012-05-25,23.412,23.478,23.321,23.386,34600,0
2012-05-29,23.626,23.761,23.487,23.681,47691,0
2012-05-30,23.43,23.43,23.174,23.212,44111,0
2012-05-31,23.241,23.249,22.852,23.145,43674,0
2012-06-01,22.667,22.751,22.418,22.456,123053,0
2012-06-04,22.503,22.549,22.078,22.293,52335,0
2012-06-05,22.197,22.65,22.197,22.614,82443,0
2012-06-06,22.798,23.131,22.798,23.121,65047,0
2012-06-07,23.452,23.462,23.009,23.018,47158,0
2012-06-08,22.963,23.252,22.873,23.224,29003,0
2012-06-11,23.551,23.551,22.758,22.758,32374,0
2012-06-12,22.856,23.018,22.723,23.018,20216,0
2012-06-13,22.972,23.047,22.659,22.723,35938,0
2012-06-14,22.75,22.989,22.703,22.916,51347,0
2012-06-15,22.999,23.167,22.946,23.148,20189,0
2012-06-18,22.981,23.342,22.981,23.314,152270,0
2012-06-19,23.472,23.676,23.389,23.611,194363,0
2012-06-20,23.639,23.658,23.433,23.575,41755,0
2012-06-21,23.575,23.575,22.953,22.953,68164,0
2012-06-22,23.047,23.131,22.953,23.103,21379,0
2012-06-25,22.723,22.751,22.559,22.659,21185,0
2012-06-26,22.695,22.864,22.576,22.798,33145,0
2012-06-27,22.873,23.037,22.864,23.018,27086,0
2012-06-28,22.847,23.093,22.779,23.093,27566,0
2012-06-29,23.62,23.738,23.5,23.738,57445,0
2012-07-02,23.832,23.916,23.721,23.889,69437,0
2012-07-03,23.926,24.155,23.87,24.135,60680,0
2012-07-05,24.145,24.193,23.951,24.109,32880,0
2012-07-06,23.898,23.906,23.703,23.813,24157,0
2012-07-09,23.795,23.795,23.611,23.703,263607,0
2012-07-10,23.804,23.832,23.332,23.443,43453,0
2012-07-11,23.472,23.511,23.261,23.38,40906,0
2012-07-12,23.233,23.389,23.075,23.306,21308,0
2012-07-13,23.406,23.668,23.406,23.648,28133,0
2012-07-16,23.63,23.63,23.399,23.546,24032,0
2012-07-17,23.676,23.695,23.332,23.685,29039,0
2012-07-18,23.574,23.889,23.554,23.823,29920,0
2012-07-19,23.941,23.951,23.785,23.898,55505,0
2012-07-20,23.739,23.748,23.639,23.648,31088,0
2012-07-23,23.296,23.415,23.157,23.37,208679,0
2012-07-24,23.441,23.441,22.906,23.024,69394,0
2012-07-25,23.103,23.186,22.953,23.047,23692,0
2012-07-26,23.38,23.501,23.205,23.38,29751,0
2012-07-27,23.511,23.951,23.511,23.86,51153,0
2012-07-30,23.906,23.971,23.748,23.823,15379,0
2012-07-31,23.795,23.851,23.694,23.712,16720,0
2012-08-01,23.785,23.785,23.511,23.511,18117,0
2012-08-02,23.389,23.501,23.205,23.38,34930,0
2012-08-03,23.851,23.879,23.729,23.795,27373,0
2012-08-06,23.851,24.008,23.851,23.941,19851,0
2012-08-07,24.081,24.276,24.081,24.174,178790,0
2012-08-08,24.055,24.247,24.055,24.21,23601,0
2012-08-09,24.218,24.331,24.218,24.295,41705,0
2012-08-10,24.184,24.312,24.155,24.295,172588,0
2012-08-13,24.295,24.322,24.109,24.247,103053,0
2012-08-14,24.406,24.406,24.184,24.228,40783,0
2012-08-15,24.228,24.368,24.193,24.359,31331,0
2012-08-16,24.397,24.627,24.349,24.58,40369,0
2012-08-17,24.635,24.711,24.607,24.711,56172,0
2012-08-20,24.673,24.693,24.542,24.645,28429,0
2012-08-21,24.794,24.942,24.607,24.664,40509,0
2012-08-22,24.645,24.673,24.507,24.635,24911,0
2012-08-23,24.57,24.57,24.397,24.46,67783,0
2012-08-24,24.406,24.58,24.339,24.542,39449,0
2012-08-27,24.635,24.635,24.478,24.488,111136,0
2012-08-28,24.542,24.59,24.435,24.534,34878,0
2012-08-29,24.552,24.627,24.488,24.59,21712,0
2012-08-30,24.469,24.469,24.312,24.416,35781,0
2012-08-31,24.61,24.62,24.37,24.554,22617,0
2012-09-04,24.583,24.741,24.38,24.706,68568,0
2012-09-05,24.686,24.714,24.61,24.667,20118,0
2012-09-06,24.852,25.175,24.797,25.157,89673,0
2012-09-07,25.193,25.335,25.184,25.279,38044,0
2012-09-10,25.283,25.329,25.179,25.198,122310,0
2012-09-11,25.208,25.301,25.208,25.283,52083,0
2012-09-12,25.386,25.42,25.339,25.402,80660,0
2012-09-13,25.464,25.735,25.297,25.686,37994,0
2012-09-14,25.842,26.056,25.797,25.975,94700,0
2012-09-17,25.918,25.927,25.678,25.716,196229,0
2012-09-18,25.686,25.686,25.529,25.584,39427,0
2012-09-19,25.678,25.716,25.538,25.668,135176,0
2012-09-20,25.538,25.538,25.335,25.519,57347,0
2012-09-21,25.686,25.735,25.519,25.519,82013,0
2012-09-24,25.391,25.509,25.326,25.417,122435,0
2012-09-25,25.538,25.538,25.017,25.017,139938,0
2012-09-26,25.037,25.037,24.686,24.778,144086,0
2012-09-27,24.907,25.14,24.816,25.084,53648,0
2012-09-28,24.962,25.093,24.85,25.015,149862,0
2012-10-01,25.104,25.175,24.86,24.964,75997,0
2012-10-02,25.027,25.056,24.964,25.056,28009,0
2012-10-03,25.13,25.175,24.964,25.114,43482,0
2012-10-04,25.14,25.326,25.13,25.326,28223,0
2012-10-05,25.464,25.538,25.307,25.344,69757,0
2012-10-08,25.25,25.326,25.222,25.288,47213,0
2012-10-09,25.24,25.297,25.017,25.046,62441,0
2012-10-10,25.075,25.075,24.852,24.87,96544,0
2012-10-11,25.027,25.14,24.999,25.027,41537,0
2012-10-12,25.027,25.046,24.824,24.888,36126,0
2012-10-15,24.973,25.075,24.797,25.075,70681,0
2012-10-16,25.167,25.344,25.167,25.335,32525,0
2012-10-17,25.381,25.547,25.335,25.519,36583,0
2012-10-18,25.5,25.602,25.426,25.538,48928,0
2012-10-19,25.455,25.455,25.094,25.193,67547,0
2012-10-22,25.167,25.203,24.98,25.13,35942,0
2012-10-23,24.843,24.973,24.658,24.917,81717,0
2012-10-24,25.017,25.017,24.768,24.806,61558,0
2012-10-25,24.964,25.008,24.714,24.87,31378,0
2012-10-26,24.907,24.946,24.629,24.806,55521,0
2012-10-31,24.834,24.936,24.758,24.927,47196,0
2012-11-01,24.954,25.398,24.954,25.398,55798,0
2012-11-02,25.5,25.557,25.084,25.094,57768,0
2012-11-05,25.094,25.24,24.99,25.213,94992,0
2012-11-06,25.297,25.492,25.297,25.445,62703,0
2012-11-07,25.193,25.193,24.834,24.98,114511,0
2012-11-08,24.99,25.017,24.686,24.686,60434,0
2012-11-09,24.563,24.86,24.554,24.676,75486,0
2012-11-12,24.824,24.824,24.6,24.638,32431,0
2012-11-13,24.453,24.748,24.445,24.573,75471,0
2012-11-14,24.658,24.658,24.092,24.137,210349,0
2012-11-15,24.12,24.239,23.917,24.065,92158,0
2012-11-16,24.156,24.314,23.971,24.314,179726,0
2012-11-19,24.648,24.741,24.554,24.741,42869,0
2012-11-20,24.706,24.806,24.648,24.797,35814,0
2012-11-21,24.88,24.917,24.797,24.907,63480,0
2012-11-23,25.046,25.157,25.008,25.14,30750,0
2012-11-26,25.13,25.193,25.027,25.14,766655,0
2012-11-27,25.14,25.288,25.065,25.075,61775,0
2012-11-28,25.008,25.269,24.824,25.269,498640,0
2012-11-29,25.316,25.445,25.26,25.426,243336,0
2012-11-30,25.5,25.5,25.381,25.464,97601,0
2012-12-03,25.62,25.62,25.353,25.398,124983,0
2012-12-04,25.407,25.473,25.279,25.398,42728,0
2012-12-05,25.473,25.492,25.24,25.445,153798,0
2012-12-06,25.445,25.538,25.398,25.538,135437,0
2012-12-07,25.63,25.658,25.519,25.584,66181,0
2012-12-10,25.584,25.696,25.565,25.668,119226,0
2012-12-11,25.814,25.879,25.725,25.788,131165,0
2012-12-12,25.899,25.937,25.744,25.788,195554,0
2012-12-13,25.814,25.861,25.574,25.63,93425,0
2012-12-14,25.62,25.658,25.509,25.519,50811,0
2012-12-17,25.593,25.814,25.593,25.814,96720,0
2012-12-18,25.879,26.16,25.861,26.16,171247,0
2012-12-19,26.242,26.242,26.092,26.092,114866,0
2012-12-20,26.187,26.233,26.065,26.233,129339,0
2012-12-21,25.861,26.121,25.065,26.003,177143,0
2012-12-24,25.964,25.982,25.868,25.955,28670,0
2012-12-26,26.02,26.02,25.786,25.786,170537,0
2012-12-27,25.803,25.85,25.496,25.759,204360,0
2012-12-28,25.636,25.742,25.552,25.552,244359,0
2012-12-31,25.57,26.03,25.533,26.013,298265,0
2013-01-02,26.711,26.711,26.438,26.664,1399978,0
2013-01-03,26.711,26.952,26.654,26.701,387779,0
2013-01-04,26.82,26.933,26.691,26.887,679954,0
2013-01-07,26.773,26.839,26.729,26.801,274682,0
2013-01-08,26.773,26.82,26.635,26.72,194118,0
2013-01-09,26.801,26.879,26.773,26.859,118078,0
2013-01-10,27.018,27.018,26.81,26.952,135129,0
2013-01-11,26.962,26.988,26.869,26.952,80546,0
2013-01-14,26.988,27.028,26.887,26.972,146034,0
2013-01-15,26.879,27.139,26.869,27.129,148597,0
2013-01-16,27.091,27.101,27.008,27.066,96630,0
2013-01-17,27.185,27.364,27.185,27.317,228800,0
2013-01-18,27.345,27.382,27.232,27.373,88741,0
2013-01-22,27.382,27.569,27.373,27.569,484474,0
2013-01-23,27.622,27.622,27.511,27.579,107904,0
2013-01-24,27.622,27.838,27.603,27.717,190571,0
2013-01-25,27.857,27.988,27.801,27.988,157402,0
2013-01-28,28.071,28.071,27.828,27.913,423980,0
2013-01-29,27.959,27.968,27.828,27.959,274773,0
2013-01-30,27.998,27.998,27.793,27.811,157027,0
2013-01-31,27.845,27.967,27.799,27.939,118615,0
2013-02-01,28.081,28.195,28.043,28.146,107944,0
2013-02-04,27.998,28.1,27.866,27.895,275618,0
2013-02-05,28.043,28.195,27.998,28.128,148994,0
2013-02-06,28.062,28.276,28.052,28.276,145089,0
2013-02-07,28.296,28.324,28.043,28.213,120445,0
2013-02-08,28.276,28.388,28.276,28.388,98710,0
2013-02-11,28.417,28.417,28.296,28.332,159038,0
2013-02-12,28.361,28.5,28.361,28.456,134075,0
2013-02-13,28.537,28.605,28.466,28.557,153402,0
2013-02-14,28.483,28.641,28.483,28.615,218039,0
2013-02-15,28.651,28.688,28.528,28.595,148141,0
2013-02-19,28.624,28.792,28.624,28.792,147612,0
2013-02-20,28.762,28.772,28.276,28.276,114027,0
2013-02-21,28.24,28.24,27.866,28.007,271499,0
2013-02-22,28.213,28.296,28.128,28.296,105119,0
2013-02-25,28.49,28.49,27.766,27.766,162509,0
2013-02-26,27.866,27.978,27.641,27.951,75821,0
2013-02-27,27.931,28.388,27.931,28.324,118446,0
2013-02-28,28.317,28.504,28.317,28.317,130610,0
2013-03-01,28.155,28.314,27.976,28.305,143269,0
2013-03-04,28.267,28.398,28.146,28.398,169920,0
2013-03-05,28.567,28.783,28.567,28.754,175422,0
2013-03-06,28.82,28.885,28.745,28.773,117786,0
2013-03-07,28.792,28.932,28.792,28.895,146474,0
2013-03-08,29.063,29.13,28.895,29.12,282279,0
2013-03-11,29.071,29.19,29.061,29.171,206127,0
2013-03-12,29.146,29.209,29.061,29.146,1080258,0
2013-03-13,29.171,29.285,29.081,29.257,143158,0
2013-03-14,29.313,29.481,29.313,29.471,93709,0
2013-03-15,29.399,29.455,29.346,29.418,86266,0
2013-03-18,29.148,29.382,29.093,29.269,139307,0
2013-03-19,29.346,29.382,28.942,29.157,133614,0
2013-03-20,29.326,29.455,29.296,29.427,256531,0
2013-03-21,29.346,29.418,29.093,29.165,121118,0
2013-03-22,29.259,29.296,29.173,29.25,108164,0
2013-03-25,29.346,29.445,29.073,29.183,154860,0
2013-03-26,29.336,29.363,29.222,29.363,106848,0
2013-03-27,29.183,29.427,29.093,29.399,104190,0
2013-03-28,29.427,29.597,29.39,29.559,390153,0
2013-04-01,29.559,29.634,29.183,29.306,553134,0
2013-04-02,29.427,29.465,29.12,29.173,189575,0
2013-04-03,29.24,29.259,28.605,28.716,204432,0
2013-04-04,28.735,28.875,28.707,28.875,70466,0
2013-04-05,28.537,28.875,28.37,28.875,103473,0
2013-04-08,28.895,29.12,28.783,29.12,406423,0
2013-04-09,29.157,29.279,29.043,29.173,115776,0
2013-04-10,29.25,29.533,29.25,29.513,127722,0
2013-04-11,29.55,29.756,29.513,29.662,128394,0
2013-04-12,29.588,29.605,29.382,29.523,158568,0
2013-04-15,29.363,29.363,28.509,28.547,166864,0
2013-04-16,28.763,29.034,28.697,29.024,173924,0
2013-04-17,29.165,29.165,28.37,28.567,155038,0
2013-04-18,28.633,28.707,28.295,28.37,119426,0
2013-04-19,28.483,28.707,28.36,28.678,98752,0
2013-04-22,28.754,28.875,28.416,28.82,98592,0
2013-04-23,29.008,29.157,28.912,29.148,125446,0
2013-04-24,29.25,29.326,29.111,29.288,70794,0
2013-04-25,29.409,29.615,29.373,29.484,84070,0
2013-04-26,29.399,29.494,29.259,29.354,85535,0
2013-04-29,29.475,29.634,29.409,29.588,376346,0
2013-04-30,30.583,30.583,29.463,29.785,368599,0
2013-05-01,29.68,29.737,29.288,29.288,110989,0
2013-05-02,29.494,29.662,29.418,29.634,93264,0
2013-05-03,29.981,30.159,29.906,30.018,126773,0
2013-05-06,30.093,30.205,30.01,30.186,171389,0
2013-05-07,30.289,30.422,30.225,30.422,189031,0
2013-05-08,30.374,30.579,30.374,30.579,144972,0
2013-05-09,30.569,30.646,30.457,30.495,118028,0
2013-05-10,30.523,30.729,30.413,30.72,106901,0
2013-05-13,30.682,30.747,30.569,30.682,104093,0
2013-05-14,30.757,31.048,30.738,31.038,146386,0
2013-05-15,31.008,31.227,30.973,31.171,113076,0
2013-05-16,31.142,31.217,30.925,30.982,197011,0
2013-05-17,31.114,31.336,31.114,31.327,109250,0
2013-05-20,31.264,31.479,31.264,31.336,115772,0
2013-05-21,31.395,31.479,31.282,31.385,123395,0
2013-05-22,31.441,31.639,30.729,30.869,214359,0
2013-05-23,30.457,30.879,30.384,30.861,141206,0
2013-05-24,30.673,30.757,30.44,30.757,271981,0
2013-05-28,31.133,31.227,30.815,30.973,188670,0
2013-05-29,30.85,30.857,30.443,30.687,1130635,0
2013-05-30,30.786,30.944,30.766,30.879,82515,0
2013-05-31,30.724,30.995,30.563,30.563,107359,0
2013-06-03,30.579,30.598,30.13,30.448,173436,0
2013-06-04,30.46,30.63,30.066,30.252,108557,0
2013-06-05,30.151,30.235,29.756,29.785,454104,0
2013-06-06,29.839,30.151,29.717,30.151,102901,0
2013-06-07,30.365,30.515,30.149,30.495,124909,0
2013-06-10,30.646,30.673,30.357,30.485,96201,0
2013-06-11,30.207,30.397,29.991,30.142,95543,0
2013-06-12,30.413,30.413,29.813,29.857,108798,0
2013-06-13,29.839,30.476,29.813,30.44,138045,0
2013-06-14,30.387,30.554,30.271,30.32,309756,0
2013-06-17,30.617,30.636,30.384,30.523,108006,0
2013-06-18,30.573,30.83,30.554,30.762,92567,0
2013-06-19,30.733,30.781,30.339,30.339,153056,0
2013-06-20,29.981,29.981,29.407,29.493,287521,0
2013-06-21,29.577,29.689,29.08,29.435,525745,0
2013-06-24,29.145,29.324,28.758,29.08,495418,0
2013-06-25,29.344,29.522,29.18,29.443,383494,0
2013-06-26,29.642,29.813,29.549,29.727,162925,0
2013-06-27,29.944,30.17,29.944,30.123,172535,0
2013-06-28,30.149,30.319,30.037,30.159,89611,0
2013-07-01,30.217,30.573,30.217,30.425,299261,0
2013-07-02,30.469,30.602,30.188,30.32,440467,0
2013-07-03,30.235,30.407,30.178,30.339,42615,0
2013-07-05,30.79,30.79,30.281,30.696,103868,0
2013-07-08,30.866,30.893,30.762,30.79,202005,0
2013-07-09,31.014,31.158,30.874,31.111,425553,0
2013-07-10,31.12,31.186,30.986,31.12,174920,0
2013-07-11,31.497,31.561,31.363,31.523,287466,0
2013-07-12,31.523,31.656,31.514,31.618,158152,0
2013-07-15,31.711,31.776,31.581,31.701,195362,0
2013-07-16,31.721,31.76,31.383,31.449,120678,0
2013-07-17,31.646,31.646,31.467,31.599,122065,0
2013-07-18,31.74,31.909,31.674,31.863,330339,0
2013-07-19,31.786,31.909,31.76,31.889,125677,0
2013-07-22,32.004,32.04,31.909,32.004,97760,0
2013-07-23,32.059,32.097,31.909,31.957,146391,0
2013-07-24,32.097,32.163,31.656,31.721,165070,0
2013-07-25,31.701,31.854,31.628,31.854,58111,0
2013-07-26,31.683,31.834,31.599,31.834,67743,0
2013-07-29,31.721,31.834,31.608,31.701,256589,0
2013-07-30,31.796,31.899,31.721,31.834,70890,0
2013-07-31,31.938,32.192,31.899,31.947,156674,0
2013-08-01,32.211,32.574,32.211,32.529,405547,0
2013-08-02,32.428,32.521,32.088,32.512,173937,0
2013-08-05,32.548,32.548,32.409,32.493,110978,0
2013-08-06,32.475,32.512,32.097,32.172,133415,0
2013-08-07,32.069,32.144,31.834,31.947,136145,0
2013-08-08,32.134,32.37,31.994,32.154,111435,0
2013-08-09,32.079,32.286,32.059,32.182,60551,0
2013-08-12,31.986,32.267,31.986,32.219,94406,0
2013-08-13,32.304,32.304,31.976,32.163,63654,0
2013-08-14,32.163,32.211,32.004,32.014,114997,0
2013-08-15,31.786,31.786,31.403,31.497,171628,0
2013-08-16,31.403,31.589,31.315,31.383,382840,0
2013-08-19,31.343,31.412,31.13,31.148,175111,0
2013-08-20,31.13,31.581,31.102,31.533,142616,0
2013-08-21,31.421,31.618,31.243,31.333,95643,0
2013-08-22,31.412,31.806,31.393,31.692,113416,0
2013-08-23,31.786,31.824,31.551,31.75,114409,0
2013-08-26,31.844,31.947,31.692,31.76,362875,0
2013-08-27,31.449,31.523,31.111,31.148,128432,0
2013-08-28,31.12,31.288,31.062,31.186,219632,0
2013-08-29,31.13,31.449,31.13,31.324,102770,0
2013-08-30,31.48,31.49,31.045,31.084,117246,0
2013-09-03,31.343,31.449,30.81,31.034,493740,0
2013-09-04,31.092,31.383,30.95,31.324,71745,0
2013-09-05,31.393,31.523,31.393,31.439,99749,0
2013-09-06,31.608,31.683,31.204,31.467,130233,0
2013-09-09,31.628,32.014,31.551,31.976,154376,0
2013-09-10,32.237,32.296,32.097,32.296,166481,0
2013-09-11,32.304,32.36,32.154,32.321,152240,0
2013-09-12,32.38,32.409,32.182,32.228,133660,0
2013-09-13,32.34,32.34,32.202,32.331,79154,0
2013-09-16,32.757,32.803,32.493,32.512,319527,0
2013-09-17,32.566,32.739,32.566,32.739,167750,0
2013-09-18,32.748,33.111,32.521,33.067,352339,0
2013-09-19,33.217,33.225,33.011,33.038,141884,0
2013-09-20,33.121,33.121,32.729,32.774,105370,0
2013-09-23,32.755,32.755,32.416,32.527,206079,0
2013-09-24,32.62,32.83,32.471,32.649,142249,0
2013-09-25,32.707,32.838,32.582,32.689,90215,0
2013-09-26,32.736,32.932,32.717,32.811,147336,0
2013-09-27,32.64,32.772,32.563,32.707,104781,0
2013-09-30,32.376,32.765,32.292,32.669,153270,0
2013-10-01,32.601,33.169,32.601,33.084,388014,0
2013-10-02,32.903,33.093,32.755,33.056,193204,0
2013-10-03,33.019,33.046,32.545,32.802,152847,0
2013-10-04,32.838,33.11,32.821,33.046,64390,0
2013-10-07,32.736,32.903,32.64,32.659,454448,0
2013-10-08,32.63,32.717,32.14,32.16,219510,0
2013-10-09,32.207,32.207,31.791,31.999,213586,0
2013-10-10,32.376,32.755,32.376,32.746,186500,0
2013-10-11,32.717,33.019,32.707,33.019,151751,0
2013-10-14,32.792,33.13,32.746,33.13,124858,0
2013-10-15,33.066,33.169,32.717,32.802,140834,0
2013-10-16,33.019,33.245,32.903,33.245,170793,0
2013-10-17,33.169,33.584,33.14,33.537,440317,0
2013-10-18,33.8,33.83,33.574,33.81,243263,0
2013-10-21,33.922,33.999,33.717,33.8,282336,0
2013-10-22,34.019,34.178,33.859,34.029,456183,0
2013-10-23,33.84,33.859,33.639,33.82,175748,0
2013-10-24,33.868,33.96,33.763,33.931,202654,0
2013-10-25,33.969,34.047,33.849,34.047,116339,0
2013-10-28,34.113,34.113,33.868,34.009,225940,0
2013-10-29,34.075,34.168,33.969,34.168,164168,0
2013-10-30,34.225,34.225,33.84,33.941,190770,0
2013-10-31,33.95,34.104,33.754,33.859,155861,0
2013-11-01,33.96,34.019,33.649,33.941,143178,0
2013-11-04,34.037,34.188,33.969,34.168,128673,0
2013-11-05,34.075,34.104,33.849,33.979,182740,0
2013-11-06,34.14,34.206,33.888,33.989,1043642,0
2013-11-07,34.037,34.037,33.329,33.375,192236,0
2013-11-08,33.394,33.772,33.385,33.754,188913,0
2013-11-11,33.754,33.969,33.745,33.931,96585,0
2013-11-12,33.905,33.931,33.726,33.888,83453,0
2013-11-13,33.745,34.255,33.745,34.255,185678,0
2013-11-14,34.33,34.431,34.188,34.423,176933,0
2013-11-15,34.49,34.558,34.375,34.558,191801,0
2013-11-18,34.632,34.632,34.215,34.265,120586,0
2013-11-19,34.273,34.312,33.95,34.057,133631,0
2013-11-20,34.14,34.245,33.859,33.95,123035,0
2013-11-21,34.104,34.34,34.047,34.33,126552,0
2013-11-22,34.34,34.48,34.273,34.441,251987,0
2013-11-25,34.548,34.548,34.32,34.367,140181,0
2013-11-26,34.413,34.509,34.34,34.441,131652,0
2013-11-27,34.48,34.509,34.358,34.49,75806,0
2013-11-29,34.558,34.558,34.394,34.404,71061,0
2013-12-02,34.404,34.632,34.215,34.375,107290,0
2013-12-03,34.293,34.413,34.094,34.265,137821,0
2013-12-04,34.14,34.385,33.922,34.235,123595,0
2013-12-05,34.206,34.215,34.066,34.178,100458,0
2013-12-06,34.47,34.538,34.34,34.431,140246,0
2013-12-09,34.441,34.576,34.394,34.431,191560,0
2013-12-10,34.404,34.624,34.375,34.394,97033,0
2013-12-11,34.441,34.441,33.8,33.849,183293,0
2013-12-12,33.868,33.95,33.754,33.849,113482,0
2013-12-13,33.941,34.019,33.849,33.969,111841,0
2013-12-16,34.16,34.255,34.14,34.206,113343,0
2013-12-17,34.206,34.283,34.029,34.215,213335,0
2013-12-18,34.255,34.641,34.037,34.641,175939,0
2013-12-19,34.615,34.615,34.413,34.499,170801,0
2013-12-20,34.548,34.868,34.548,34.858,202265,0
2013-12-23,35.064,35.131,35.006,35.121,136090,0
2013-12-24,35.197,35.273,35.131,35.253,58089,0
2013-12-26,35.436,35.436,35.273,35.3,154840,0
2013-12-27,35.357,35.366,35.235,35.283,184966,0
2013-12-30,35.3,35.376,35.263,35.337,106799,0
2013-12-31,35.453,35.508,35.405,35.444,232184,0
2014-01-02,35.406,35.406,35.035,35.159,204102,0
2014-01-03,35.216,35.3,35.121,35.216,136474,0
2014-01-06,35.347,35.347,34.996,35.035,165494,0
2014-01-07,35.159,35.406,35.14,35.291,253985,0
2014-01-08,35.291,35.426,35.197,35.406,227888,0
2014-01-09,35.48,35.536,35.216,35.426,185728,0
2014-01-10,35.48,35.661,35.462,35.652,123818,0
2014-01-13,35.575,35.661,35.073,35.159,223049,0
2014-01-14,35.291,35.623,35.197,35.595,222241,0
2014-01-15,35.679,35.773,35.661,35.735,188326,0
2014-01-16,35.652,35.689,35.585,35.679,193357,0
2014-01-17,35.679,35.698,35.507,35.575,149499,0
2014-01-21,35.793,35.813,35.462,35.679,203576,0
2014-01-22,35.707,35.909,35.689,35.88,179691,0
2014-01-23,35.707,35.707,35.406,35.536,217292,0
2014-01-24,35.357,35.357,34.656,34.684,290121,0
2014-01-27,34.75,34.797,34.099,34.381,401593,0
2014-01-28,34.477,34.789,34.477,34.77,245683,0
2014-01-29,34.554,34.73,34.4,34.477,240685,0
2014-01-30,34.77,35.006,34.73,34.951,171038,0
2014-01-31,34.584,35.016,34.544,34.789,129224,0
2014-02-03,34.74,34.77,33.702,33.702,665690,0
2014-02-04,33.843,34.135,33.72,34.08,499901,0
2014-02-05,33.955,34.08,33.624,33.974,958048,0
2014-02-06,34.08,34.487,34.08,34.487,134006,0
2014-02-07,34.656,34.876,34.554,34.866,195229,0
2014-02-10,34.906,34.961,34.73,34.951,366349,0
2014-02-11,35.016,35.347,34.978,35.283,225325,0
2014-02-12,35.357,35.565,35.347,35.48,282014,0
2014-02-13,35.263,35.813,35.263,35.754,223754,0
2014-02-14,35.754,35.935,35.707,35.926,222880,0
2014-02-18,35.945,36.172,35.909,36.146,315780,0
2014-02-19,36.107,36.265,35.889,35.926,159115,0
2014-02-20,35.989,36.246,35.917,36.228,141820,0
2014-02-21,36.313,36.379,36.211,36.265,120026,0
2014-02-24,36.342,36.702,36.342,36.416,239630,0
2014-02-25,36.505,36.606,36.294,36.466,139918,0
2014-02-26,36.542,36.768,36.466,36.606,211976,0
2014-02-27,36.533,36.778,36.485,36.778,297384,0
2014-02-28,36.778,36.995,36.587,36.786,160320,0
2014-03-03,36.476,36.663,36.285,36.551,575602,0
2014-03-04,37.005,37.174,36.987,37.137,229184,0
2014-03-05,37.155,37.155,36.995,37.071,195992,0
2014-03-06,37.174,37.213,37.071,37.09,453254,0
2014-03-07,37.279,37.327,36.968,37.117,122327,0
2014-03-10,37.108,37.108,36.768,36.939,252662,0
2014-03-11,37.014,37.098,36.606,36.722,325731,0
2014-03-12,36.551,36.74,36.371,36.74,114172,0
2014-03-13,36.797,36.861,36.172,36.322,295323,0
2014-03-14,36.211,36.533,36.211,36.397,142953,0
2014-03-17,36.615,36.797,36.559,36.644,169660,0
2014-03-18,36.702,37.051,36.683,37.034,229683,0
2014-03-19,37.117,37.117,36.634,36.817,124129,0
2014-03-20,36.768,36.939,36.663,36.909,118575,0
2014-03-21,37.117,37.165,36.797,36.833,95716,0
2014-03-24,37.001,37.057,36.297,36.509,297245,0
2014-03-25,36.619,36.792,36.355,36.518,267151,0
2014-03-26,36.782,36.782,36.039,36.039,199484,0
2014-03-27,36.109,36.175,35.833,35.972,217421,0
2014-03-28,36.118,36.44,36.118,36.204,141408,0
2014-03-31,36.45,36.717,36.306,36.697,265727,0
2014-04-01,36.802,37.067,36.782,37.049,419554,0
2014-04-02,37.2,37.21,37.049,37.181,483090,0
2014-04-03,37.181,37.23,36.857,36.983,157645,0
2014-04-04,37.276,37.276,36.355,36.42,259882,0
2014-04-07,36.288,36.373,35.642,35.764,285289,0
2014-04-08,35.784,36.118,35.623,36.059,120985,0
2014-04-09,36.175,36.489,36.059,36.489,213395,0
2014-04-10,36.489,36.489,35.565,35.67,285091,0
2014-04-11,35.444,35.67,35.138,35.205,216349,0
2014-04-14,35.462,35.585,35.089,35.375,169279,0
2014-04-15,35.405,35.652,34.976,35.605,141269,0
2014-04-16,35.823,36.049,35.745,36.049,164800,0
2014-04-17,36.021,36.24,35.972,36.156,144070,0
2014-04-21,36.258,36.268,36.049,36.268,145990,0
2014-04-22,36.288,36.649,36.288,36.563,395233,0
2014-04-23,36.592,36.609,36.45,36.45,171711,0
2014-04-24,36.658,36.688,36.166,36.42,153970,0
2014-04-25,36.24,36.268,35.89,35.947,128286,0
2014-04-28,36.099,36.166,35.405,35.823,182682,0
2014-04-29,35.937,36.039,35.823,35.991,88025,0
2014-04-30,35.963,36.24,35.842,36.214,132314,0
2014-05-01,36.195,36.536,36.156,36.373,97565,0
2014-05-02,36.382,36.678,36.306,36.41,220086,0
2014-05-05,36.204,36.47,36.021,36.44,103858,0
2014-05-06,36.335,36.44,36.099,36.118,168631,0
2014-05-07,36.185,36.24,35.804,36.24,144260,0
2014-05-08,36.204,36.536,35.991,36.059,105967,0
2014-05-09,36.021,36.118,35.833,36.109,59229,0
2014-05-12,36.214,36.658,36.214,36.639,95208,0
2014-05-13,36.649,36.744,36.499,36.509,100280,0
2014-05-14,36.401,36.509,36.214,36.24,70977,0
2014-05-15,36.118,36.118,35.555,35.928,181352,0
2014-05-16,36.021,36.079,35.755,36.079,107740,0
2014-05-19,36.021,36.355,35.937,36.288,81903,0
2014-05-20,36.258,36.258,35.804,35.9,104268,0
2014-05-21,36.049,36.175,35.928,36.118,157452,0
2014-05-22,36.128,36.401,36.118,36.288,70647,0
2014-05-23,36.335,36.555,36.288,36.546,104970,0
2014-05-27,36.668,36.847,36.649,36.792,108544,0
2014-05-28,36.821,36.821,36.609,36.726,103616,0
2014-05-29,36.792,36.905,36.688,36.896,131620,0
2014-05-30,37.01,37.01,36.763,36.886,225372,0
2014-06-02,36.945,37.001,36.697,36.992,579486,0
2014-06-03,36.925,37.01,36.838,36.992,126707,0
2014-06-04,36.886,37.171,36.886,37.171,93977,0
2014-06-05,37.276,37.524,37.067,37.496,256223,0
2014-06-06,37.572,37.762,37.572,37.733,116794,0
2014-06-09,37.771,37.961,37.714,37.798,498758,0
2014-06-10,37.798,37.808,37.589,37.705,96901,0
2014-06-11,37.618,37.637,37.505,37.599,202619,0
2014-06-12,37.627,37.627,37.285,37.38,168114,0
2014-06-13,37.39,37.553,37.249,37.486,72552,0
2014-06-16,37.486,37.618,37.409,37.553,120220,0
2014-06-17,37.553,37.914,37.458,37.798,131535,0
2014-06-18,37.779,38.037,37.714,38.008,77536,0
2014-06-19,38.075,38.114,37.943,38.085,104062,0
2014-06-20,38.105,38.196,38.066,38.196,97603,0
2014-06-23,38.246,38.313,38.141,38.177,201153,0
2014-06-24,38.149,38.323,37.854,37.854,181706,0
2014-06-25,37.816,38.104,37.769,38.084,97410,0
2014-06-26,38.122,38.131,37.816,38.104,76733,0
2014-06-27,37.997,38.276,37.997,38.266,127944,0
2014-06-30,38.266,38.407,38.187,38.407,139333,0
2014-07-01,38.512,38.809,38.512,38.638,472209,0
2014-07-02,38.676,38.686,38.446,38.474,296184,0
2014-07-03,38.656,38.676,38.562,38.666,45378,0
2014-07-07,38.648,38.648,38.256,38.313,171545,0
2014-07-08,38.177,38.276,37.845,38.017,133526,0
2014-07-09,38.122,38.167,37.997,38.131,119050,0
2014-07-10,37.624,38.065,37.56,37.941,83327,0
2014-07-11,37.941,37.941,37.769,37.892,52709,0
2014-07-14,38.122,38.177,38.036,38.084,86914,0
2014-07-15,38.113,38.216,37.769,37.95,92066,0
2014-07-16,38.149,38.149,37.845,37.95,106210,0
2014-07-17,37.796,37.97,37.463,37.483,100616,0
2014-07-18,37.605,37.98,37.569,37.95,59731,0
2014-07-21,37.769,37.892,37.693,37.854,178893,0
2014-07-22,38.065,38.157,37.987,38.075,69531,0
2014-07-23,38.094,38.141,37.96,38.104,97589,0
2014-07-24,38.187,38.285,38.094,38.141,73634,0
2014-07-25,37.95,38.075,37.892,37.892,176363,0
2014-07-28,37.892,37.922,37.644,37.835,190633,0
2014-07-29,37.941,38.036,37.702,37.711,70980,0
2014-07-30,37.816,37.922,37.56,37.683,80170,0
2014-07-31,37.424,37.424,36.881,36.909,192852,0
2014-08-01,36.805,37.034,36.53,36.805,273130,0
2014-08-04,36.919,37.11,36.661,37.062,248805,0
2014-08-05,36.949,37.148,36.691,36.851,179728,0
2014-08-06,36.622,36.987,36.612,36.805,779427,0
2014-08-07,36.939,37.014,36.557,36.661,126869,0
2014-08-08,36.7,37.052,36.632,37.014,65505,0
2014-08-11,37.167,37.415,37.157,37.225,154692,0
2014-08-12,37.139,37.32,36.987,37.1,174319,0
2014-08-13,37.225,37.434,37.157,37.405,75380,0
2014-08-14,37.463,37.596,37.434,37.56,117347,0
2014-08-15,37.74,37.74,37.32,37.569,92214,0
2014-08-18,37.778,37.98,37.75,37.96,101912,0
2014-08-19,38.094,38.196,38.094,38.187,118108,0
2014-08-20,38.141,38.323,38.065,38.295,81414,0
2014-08-21,38.313,38.362,38.177,38.304,88501,0
2014-08-22,38.285,38.398,38.167,38.313,66868,0
2014-08-25,38.522,38.571,38.398,38.465,93553,0
2014-08-26,38.58,38.676,38.522,38.571,129250,0
2014-08-27,38.598,38.628,38.483,38.562,63474,0
2014-08-28,38.446,38.552,38.304,38.502,85319,0
2014-08-29,38.618,38.733,38.483,38.713,63320,0
2014-09-02,38.762,38.923,38.676,38.809,318862,0
2014-09-03,38.943,38.972,38.694,38.733,80904,0
2014-09-04,38.874,38.904,38.492,38.571,180162,0
2014-09-05,38.542,38.743,38.398,38.743,124218,0
2014-09-08,38.694,38.809,38.542,38.703,83937,0
2014-09-09,38.666,38.666,38.333,38.389,194112,0
2014-09-10,38.407,38.483,38.196,38.446,79945,0
2014-09-11,38.371,38.589,38.276,38.589,53198,0
2014-09-12,38.58,38.58,38.122,38.246,91834,0
2014-09-15,38.295,38.371,37.96,38.026,82508,0
2014-09-16,37.922,38.353,37.912,38.285,138124,0
2014-09-17,38.333,38.483,38.226,38.285,99764,0
2014-09-18,38.398,38.446,38.323,38.371,56166,0
2014-09-19,38.512,38.512,38.131,38.216,135384,0
2014-09-22,38.104,38.122,37.633,37.692,87954,0
2014-09-23,37.5,37.71,37.413,37.413,109772,0
2014-09-24,37.5,37.682,37.289,37.633,138665,0
2014-09-25,37.5,37.528,37.078,37.107,137765,0
2014-09-26,37.173,37.423,37.107,37.374,55538,0
2014-09-29,37.049,37.356,37.011,37.337,117994,0
2014-09-30,37.394,37.432,36.993,37.059,85915,0
2014-10-01,36.974,36.974,36.397,36.516,493928,0
2014-10-02,36.447,36.666,36.042,36.579,214027,0
2014-10-03,36.828,36.974,36.676,36.886,113945,0
2014-10-06,37.049,37.078,36.706,36.781,182315,0
2014-10-07,36.579,36.666,36.18,36.18,137237,0
2014-10-08,36.152,36.696,35.873,36.686,555408,0
2014-10-09,36.569,36.627,35.844,35.853,191079,0
2014-10-10,35.835,35.931,35.201,35.201,400554,0
2014-10-13,35.25,35.335,34.601,34.627,291993,0
2014-10-14,34.78,35.289,34.711,34.897,183000,0
2014-10-15,34.453,35.085,33.994,34.907,384750,0
2014-10-16,34.34,35.403,34.234,35.27,177234,0
2014-10-17,35.718,35.844,35.433,35.652,177368,0
2014-10-20,35.575,35.994,35.575,35.994,134013,0
2014-10-21,36.253,36.838,36.245,36.811,324015,0
2014-10-22,36.925,37.002,36.407,36.407,294487,0
2014-10-23,36.791,37.164,36.676,36.945,95037,0
2014-10-24,36.915,37.193,36.838,37.193,106927,0
2014-10-27,37.002,37.088,36.753,37.069,117979,0
2014-10-28,37.261,37.682,37.193,37.663,125705,0
2014-10-29,37.71,37.805,37.309,37.548,667529,0
2014-10-30,37.481,37.834,37.365,37.749,110578,0
2014-10-31,38.276,38.286,37.97,38.227,133536,0
2014-11-03,38.276,38.485,38.207,38.276,223298,0
2014-11-04,38.197,38.237,37.902,38.055,105581,0
2014-11-05,38.344,38.372,38.104,38.217,177766,0
2014-11-06,38.247,38.447,38.149,38.437,130934,0
2014-11-07,38.447,38.582,38.334,38.494,104627,0
2014-11-10,38.504,38.658,38.504,38.564,132822,0
2014-11-11,38.6,38.61,38.494,38.564,100641,0
2014-11-12,38.524,38.678,38.466,38.658,107511,0
2014-11-13,38.678,38.696,38.354,38.485,162442,0
2014-11-14,38.485,38.573,38.408,38.494,114615,0
2014-11-17,38.418,38.504,38.363,38.437,94798,0
2014-11-18,38.564,38.765,38.494,38.678,160591,0
2014-11-19,38.6,38.658,38.399,38.582,145433,0
2014-11-20,38.437,38.822,38.418,38.812,186665,0
2014-11-21,39.118,39.25,38.946,39.031,124007,0
2014-11-24,39.138,39.233,39.098,39.214,115420,0
2014-11-25,39.3,39.386,39.07,39.223,94502,0
2014-11-26,39.205,39.26,39.138,39.223,106276,0
2014-11-28,39.214,39.214,38.877,38.877,24160,0
2014-12-01,38.755,38.839,38.399,38.427,162857,0
2014-12-02,38.408,38.696,38.408,38.64,157862,0
2014-12-03,38.658,38.985,38.62,38.946,147718,0
2014-12-04,38.822,38.955,38.735,38.868,103664,0
2014-12-05,38.946,38.995,38.849,38.917,346878,0
2014-12-08,38.849,39.05,38.476,38.591,151798,0
2014-12-09,38.257,38.794,38.188,38.784,150145,0
2014-12-10,38.591,38.62,38.007,38.017,139409,0
2014-12-11,38.437,38.591,38.141,38.217,132554,0
2014-12-12,37.902,38.055,37.614,37.643,214177,0
2014-12-15,37.805,37.892,37.212,37.394,188947,0
2014-12-16,37.261,37.834,37.164,37.242,187199,0
2014-12-17,37.432,38.131,37.289,38.104,139045,0
2014-12-18,38.725,38.794,38.39,38.794,173201,0
2014-12-19,38.926,39.118,38.784,39.031,291962,0
2014-12-22,39.115,39.164,38.992,39.164,130497,0
2014-12-23,39.268,39.375,39.211,39.288,291407,0
2014-12-24,39.384,39.422,39.241,39.356,73366,0
2014-12-26,39.441,39.598,39.441,39.479,129922,0
2014-12-29,39.519,39.721,39.451,39.644,161438,0
2014-12-30,39.538,39.598,39.422,39.441,213608,0
2014-12-31,39.509,39.598,39.077,39.097,185336,0
2015-01-02,39.258,39.308,38.771,39.077,165785,0
2015-01-05,38.845,38.845,38.28,38.403,187832,0
2015-01-06,38.412,38.499,37.77,38.049,372006,0
2015-01-07,38.348,38.519,38.201,38.499,361253,0
2015-01-08,38.818,39.145,38.8,39.135,553851,0
2015-01-09,39.154,39.192,38.701,38.835,243201,0
2015-01-12,38.826,38.922,38.432,38.625,351576,0
2015-01-13,38.913,39.211,38.231,38.605,377643,0
2015-01-14,38.261,38.499,38.01,38.452,214743,0
2015-01-15,38.596,38.663,37.99,38.019,179807,0
2015-01-16,37.953,38.539,37.875,38.539,226254,0
2015-01-20,38.645,38.683,38.134,38.452,150792,0
2015-01-21,38.385,38.761,38.261,38.711,182016,0
2015-01-22,38.952,39.288,38.654,39.278,221010,0
2015-01-23,39.241,39.356,39.164,39.183,234955,0
2015-01-26,39.192,39.578,39.087,39.578,255896,0
2015-01-27,39.221,39.528,39.028,39.365,245744,0
2015-01-28,39.598,39.598,38.826,38.873,531735,0
2015-01-29,38.942,39.249,38.654,39.211,229148,0
2015-01-30,38.932,39.164,38.711,38.751,142721,0
2015-02-02,38.893,39.115,38.385,39.097,200474,0
2015-02-03,39.365,39.817,39.337,39.787,342963,0
2015-02-04,39.634,39.817,39.548,39.608,176940,0
2015-02-05,39.826,40.162,39.797,40.142,189873,0
2015-02-06,40.239,40.259,39.904,40.028,257612,0
2015-02-09,39.962,40.084,39.807,39.894,260115,0
2015-02-10,40.104,40.23,39.836,40.212,345213,0
2015-02-11,40.23,40.327,40.048,40.23,196169,0
2015-02-12,40.421,40.681,40.346,40.653,216086,0
2015-02-13,40.731,40.923,40.691,40.923,277953,0
2015-02-17,40.97,41.018,40.759,40.98,233312,0
2015-02-18,40.854,41.144,40.854,41.144,162797,0
2015-02-19,40.99,41.21,40.95,41.114,182898,0
2015-02-20,41.105,41.374,40.854,41.374,288703,0
2015-02-23,41.326,41.364,41.19,41.326,154508,0
2015-02-24,41.326,41.374,41.21,41.335,255937,0
2015-02-25,41.344,41.517,41.316,41.414,147512,0
2015-02-26,41.384,41.404,41.19,41.287,170447,0
2015-02-27,41.307,41.326,41.134,41.134,189251,0
2015-03-02,41.134,41.443,41.134,41.443,179594,0
2015-03-03,41.326,41.354,41.105,41.287,372193,0
2015-03-04,41.134,41.162,40.894,41.105,171894,0
2015-03-05,41.22,41.268,41.105,41.22,190312,0
2015-03-06,41.086,41.086,40.614,40.681,201340,0
2015-03-09,40.806,40.854,40.691,40.796,174597,0
2015-03-10,40.46,40.509,40.298,40.308,207374,0
2015-03-11,40.366,40.547,40.239,40.5,230162,0
2015-03-12,40.731,40.999,40.711,40.99,266683,0
2015-03-13,40.94,40.94,40.49,40.759,239318,0
2015-03-16,40.903,41.21,40.894,41.21,148065,0
2015-03-17,41.105,41.297,40.999,41.239,272408,0
2015-03-18,41.21,41.911,41.066,41.76,193848,0
2015-03-19,41.662,41.73,41.487,41.615,361475,0
2015-03-20,41.796,42.028,41.776,41.979,166272,0
2015-03-23,42.011,42.098,41.894,41.894,222408,0
2015-03-24,41.904,41.904,41.693,41.713,306540,0
2015-03-25,41.817,41.817,41.057,41.076,315770,0
2015-03-26,40.922,41.153,40.758,41.018,153632,0
2015-03-27,41.038,41.307,41.028,41.278,380294,0
2015-03-30,41.567,41.856,41.567,41.817,206226,0
2015-03-31,41.645,41.798,41.537,41.597,153159,0
2015-04-01,41.654,41.654,41.22,41.46,1915789,0
2015-04-02,41.478,41.752,41.444,41.654,183509,0
2015-04-06,41.444,41.981,41.434,41.894,219299,0
2015-04-07,41.953,41.981,41.673,41.673,176048,0
2015-04-08,41.742,41.923,41.616,41.884,171371,0
2015-04-09,41.884,42.021,41.645,41.894,168967,0
2015-04-10,42.021,42.031,41.913,41.991,142739,0
2015-04-13,42.06,42.088,41.847,41.856,162969,0
2015-04-14,41.865,41.923,41.597,41.875,123133,0
2015-04-15,42.079,42.223,41.981,42.088,393879,0
2015-04-16,42.021,42.116,41.856,42.011,224172,0
2015-04-17,41.742,41.742,41.375,41.508,444093,0
2015-04-20,41.778,41.865,41.713,41.807,163493,0
2015-04-21,42.011,42.021,41.807,41.856,172768,0
2015-04-22,41.875,41.973,41.713,41.953,181015,0
2015-04-23,41.856,42.213,41.856,42.088,171474,0
2015-04-24,42.183,42.183,41.943,42.001,209339,0
2015-04-27,42.135,42.164,41.616,41.654,171785,0
2015-04-28,41.654,41.742,41.307,41.722,153529,0
2015-04-29,41.527,41.673,41.405,41.557,233198,0
2015-04-30,41.385,41.46,40.969,41.124,353946,0
2015-05-01,41.287,41.567,41.287,41.518,409547,0
2015-05-04,41.673,41.807,41.616,41.673,176143,0
2015-05-05,41.635,41.713,41.066,41.124,169712,0
2015-05-06,41.297,41.297,40.883,41.076,146981,0
2015-05-07,41.086,41.355,40.979,41.258,469096,0
2015-05-08,41.673,41.837,41.663,41.673,121787,0
2015-05-11,41.626,41.817,41.557,41.645,119607,0
2015-05-12,41.508,41.673,41.239,41.577,195659,0
2015-05-13,41.683,41.788,41.527,41.606,125313,0
2015-05-14,41.817,42.011,41.683,42.011,175106,0
2015-05-15,42.041,42.079,41.875,42.079,131468,0
2015-05-18,42.031,42.387,41.991,42.377,239527,0
2015-05-19,42.367,42.396,42.233,42.32,151349,0
2015-05-20,42.329,42.483,42.203,42.357,101558,0
2015-05-21,42.348,42.464,42.31,42.415,165252,0
2015-05-22,42.377,42.435,42.29,42.367,162346,0
2015-05-26,42.223,42.262,41.875,41.953,227773,0
2015-05-27,42.051,42.31,41.953,42.271,124380,0
2015-05-28,42.271,42.271,42.041,42.193,137484,0
2015-05-29,42.174,42.174,41.865,41.953,295957,0
2015-06-01,42.06,42.116,41.778,42.001,390457,0
2015-06-02,41.837,42.116,41.788,41.991,128084,0
2015-06-03,42.069,42.252,41.933,42.116,181019,0
2015-06-04,41.973,42.011,41.693,41.752,160272,0
2015-06-05,41.722,41.884,41.425,41.847,158093,0
2015-06-08,41.817,41.875,41.537,41.537,158924,0
2015-06-09,41.577,41.587,41.297,41.46,123828,0
2015-06-10,41.663,41.981,41.626,41.923,236774,0
2015-06-11,41.991,42.135,41.991,42.107,194617,0
2015-06-12,42.021,42.031,41.875,41.904,140354,0
2015-06-15,41.663,41.778,41.444,41.703,237866,0
2015-06-16,41.654,41.963,41.654,41.933,392743,0
2015-06-17,42.06,42.107,41.788,42.001,112551,0
2015-06-18,42.174,42.521,42.116,42.405,201456,0
2015-06-19,42.348,42.454,42.32,42.32,210689,0
2015-06-22,42.559,42.569,42.424,42.472,177988,0
2015-06-23,42.549,42.608,42.414,42.492,215853,0
2015-06-24,42.492,42.501,42.066,42.095,189256,0
2015-06-25,42.172,42.172,41.901,42.008,210961,0
2015-06-26,42.095,42.095,41.872,42.028,158247,0
2015-06-29,41.641,41.843,41.08,41.118,300059,0
2015-06-30,41.465,41.465,41.138,41.252,197563,0
2015-07-01,41.592,41.612,41.301,41.474,750717,0
2015-07-02,41.582,41.602,41.281,41.429,325176,0
2015-07-06,41.118,41.513,41.04,41.272,182226,0
2015-07-07,41.36,41.542,40.76,41.542,199075,0
2015-07-08,41.214,41.331,40.722,40.808,201763,0
2015-07-09,41.252,41.311,40.886,40.924,145636,0
2015-07-10,41.331,41.474,41.204,41.38,171786,0
2015-07-13,41.669,41.794,41.622,41.774,191945,0
2015-07-14,41.758,42.008,41.738,41.96,180611,0
2015-07-15,41.94,41.94,41.66,41.728,189178,0
2015-07-16,41.95,41.97,41.843,41.97,130856,0
2015-07-17,41.891,41.96,41.622,41.718,208066,0
2015-07-20,41.738,41.758,41.612,41.669,135301,0
2015-07-21,41.66,41.738,41.36,41.41,198145,0
2015-07-22,41.243,41.513,41.243,41.483,209927,0
2015-07-23,41.562,41.651,41.214,41.262,338718,0
2015-07-24,41.233,41.301,40.788,40.886,154216,0
2015-07-27,40.682,40.751,40.429,40.489,314427,0
2015-07-28,40.663,41.031,40.429,40.952,211892,0
2015-07-29,40.972,41.429,40.924,41.41,414584,0
2015-07-30,41.341,41.532,41.186,41.532,178920,0
2015-07-31,41.602,41.804,41.513,41.592,270292,0
2015-08-03,41.631,41.631,41.252,41.448,406496,0
2015-08-04,41.493,41.651,41.341,41.448,172097,0
2015-08-05,41.669,41.882,41.503,41.592,126309,0
2015-08-06,41.631,41.631,40.924,41.147,220573,0
2015-08-07,41.089,41.157,40.924,41.138,134888,0
2015-08-10,41.36,41.748,41.36,41.718,165585,0
2015-08-11,41.41,41.542,41.233,41.41,483600,0
2015-08-12,41.099,41.448,40.712,41.39,176646,0
2015-08-13,41.37,41.552,41.223,41.41,115972,0
2015-08-14,41.36,41.641,41.311,41.612,143363,0
2015-08-17,41.503,41.94,41.341,41.93,155044,0
2015-08-18,41.92,41.988,41.767,41.813,154320,0
2015-08-19,41.622,41.689,41.223,41.455,334479,0
2015-08-20,41.118,41.186,40.459,40.459,256957,0
2015-08-21,40.111,40.228,39.434,39.434,1062457,0
2015-08-24,36.551,39.096,27.514,37.955,2546134,0
2015-08-25,38.728,39.193,37.509,37.509,512365,0
2015-08-26,38.275,38.565,37.528,38.515,611180,0
2015-08-27,38.981,39.611,38.853,39.492,444147,0
2015-08-28,39.424,39.742,39.357,39.666,381197,0
2015-08-31,39.531,39.752,39.348,39.405,248792,0
2015-09-01,38.505,38.911,38.156,38.342,261506,0
2015-09-02,38.798,38.971,38.352,38.971,623168,0
2015-09-03,39.066,39.512,39.037,39.145,306985,0
2015-09-04,38.699,38.931,38.476,38.641,213960,0
2015-09-08,39.259,39.611,39.096,39.571,183570,0
2015-09-09,39.889,39.927,39.105,39.145,362800,0
2015-09-10,39.096,39.531,39.086,39.259,127292,0
2015-09-11,39.086,39.472,38.991,39.472,143776,0
2015-09-14,39.531,39.531,39.242,39.309,141709,0
2015-09-15,39.376,39.782,39.338,39.714,471434,0
2015-09-16,39.732,40.121,39.704,40.072,178506,0
2015-09-17,40.072,40.614,39.957,40.091,345550,0
2015-09-18,39.637,39.88,39.385,39.463,363316,0
2015-09-21,39.62,39.96,39.415,39.473,540230,0
2015-09-22,39.055,39.145,38.688,38.9,334784,0
2015-09-23,38.98,39.055,38.697,38.786,153337,0
2015-09-24,38.502,38.639,38.133,38.532,181422,0
2015-09-25,38.861,38.861,38.251,38.424,122648,0
2015-09-28,38.251,38.271,37.181,37.289,436790,0
2015-09-29,37.289,37.522,37.007,37.211,300803,0
2015-09-30,37.571,37.822,37.329,37.792,126253,0
2015-10-01,37.852,37.97,37.386,37.745,1261394,0
2015-10-02,37.367,38.339,37.241,38.339,188145,0
2015-10-05,38.619,39.105,38.619,39.055,704487,0
2015-10-06,39.065,39.174,38.756,38.92,278560,0
2015-10-07,39.115,39.435,38.89,39.386,170740,0
2015-10-08,39.289,39.863,39.289,39.764,246328,0
2015-10-09,39.823,39.93,39.725,39.863,125532,0
2015-10-12,39.892,39.892,39.706,39.774,281696,0
2015-10-13,39.572,39.911,39.357,39.396,145923,0
2015-10-14,39.435,39.552,39.095,39.135,105142,0
2015-10-15,39.232,39.649,39.055,39.649,185364,0
2015-10-16,39.706,39.734,39.454,39.668,118633,0
2015-10-19,39.503,39.794,39.483,39.706,177227,0
2015-10-20,39.678,39.921,39.63,39.725,143054,0
2015-10-21,39.853,39.873,39.328,39.357,119765,0
2015-10-22,39.503,39.774,39.396,39.62,565046,0
2015-10-23,39.853,40.027,39.582,39.843,234278,0
2015-10-26,39.804,39.814,39.612,39.744,141391,0
2015-10-27,39.562,39.62,39.279,39.464,219551,0
2015-10-28,39.602,40.183,39.464,40.183,270219,0
2015-10-29,40.084,40.173,39.921,40.027,140258,0
2015-10-30,40.037,40.26,39.99,40.056,140979,0
2015-11-02,40.047,40.708,40.047,40.629,261043,0
2015-11-03,40.619,40.824,40.464,40.648,191646,0
2015-11-04,40.766,40.804,40.454,40.562,218662,0
2015-11-05,40.562,40.6,40.25,40.504,137889,0
2015-11-06,40.552,40.552,40.104,40.425,433439,0
2015-11-09,40.368,40.368,39.863,40.123,146043,0
2015-11-10,40.009,40.223,39.921,40.213,182891,0
2015-11-11,40.329,40.329,39.98,40.019,153131,0
2015-11-12,39.774,39.814,39.259,39.279,253638,0
2015-11-13,39.174,39.25,38.861,38.91,1062748,0
2015-11-16,38.89,39.444,38.871,39.444,102464,0
2015-11-17,39.523,39.734,39.299,39.377,266099,0
2015-11-18,39.513,40.019,39.473,40.019,295551,0
2015-11-19,39.96,40.027,39.843,39.911,126666,0
2015-11-20,40.084,40.183,40.009,40.065,444562,0
2015-11-23,40.056,40.339,40.037,40.173,152410,0
2015-11-24,40.009,40.415,39.892,40.329,183303,0
2015-11-25,40.368,40.513,40.3,40.464,177022,0
2015-11-27,40.474,40.58,40.358,40.552,34911,0
2015-11-30,40.619,40.648,40.329,40.368,177229,0
2015-12-01,40.562,40.708,40.444,40.698,181211,0
2015-12-02,40.698,40.718,40.213,40.28,164478,0
2015-12-03,40.368,40.368,39.473,39.639,171821,0
2015-12-04,39.687,40.123,39.678,40.094,505421,0
2015-12-07,39.96,39.96,39.493,39.63,188453,0
2015-12-08,39.289,39.523,39.135,39.386,176827,0
2015-12-09,39.269,39.668,38.89,39.026,175992,0
2015-12-10,38.99,39.289,38.94,39.085,123061,0
2015-12-11,38.688,38.805,38.329,38.414,260333,0
2015-12-14,38.339,38.542,37.941,38.231,325428,0
2015-12-15,38.474,38.796,38.474,38.706,225731,0
2015-12-16,38.88,39.328,38.786,39.232,191646,0
2015-12-17,39.367,39.367,38.746,38.756,286799,0
2015-12-18,38.59,38.609,38.201,38.211,324282,0
2015-12-21,38.449,38.557,38.215,38.459,290965,0
2015-12-22,38.596,38.927,38.409,38.829,328378,0
2015-12-23,39.063,39.395,39.014,39.395,493245,0
2015-12-24,39.376,39.532,39.304,39.434,128789,0
2015-12-28,39.23,39.323,38.977,39.323,283250,0
2015-12-29,39.523,39.688,39.395,39.63,326935,0
2015-12-30,39.572,39.601,39.327,39.337,399831,0
2015-12-31,39.172,39.43,39.073,39.083,253976,0
2016-01-04,38.517,38.585,38.195,38.557,535056,0
2016-01-05,38.654,38.733,38.439,38.645,296413,0
2016-01-06,38.117,38.275,37.766,38,274018,0
2016-01-07,37.367,37.635,37.005,37.065,808837,0
2016-01-08,37.24,37.329,36.56,36.615,278387,0
2016-01-11,36.742,36.868,36.059,36.42,435242,0
2016-01-12,36.742,36.829,36.059,36.547,242719,0
2016-01-13,36.674,36.749,35.457,35.562,267200,0
2016-01-14,35.718,36.158,35.161,35.961,421292,0
2016-01-15,35.055,35.446,34.755,35.366,524394,0
2016-01-19,35.698,35.747,34.82,35.103,383544,0
2016-01-20,34.626,35.241,33.748,34.9,595577,0
2016-01-21,34.89,35.411,34.687,34.958,242688,0
2016-01-22,35.494,35.875,35.426,35.797,280902,0
2016-01-25,35.582,35.659,35.044,35.065,229171,0
2016-01-26,35.231,35.767,35.196,35.752,168136,0
2016-01-27,35.602,35.98,35.211,35.386,338167,0
2016-01-28,35.728,35.777,35.201,35.328,139821,0
2016-01-29,35.503,36.352,35.452,36.352,189207,0
2016-02-01,36.119,36.537,35.943,36.39,397144,0
2016-02-02,36.069,36.069,35.52,35.64,353161,0
2016-02-03,35.904,35.98,35.113,35.904,271489,0
2016-02-04,35.865,36.44,35.865,36.207,174785,0
2016-02-05,36.029,36.029,35.319,35.386,276602,0
2016-02-08,34.977,34.977,34.08,34.499,229079,0
2016-02-09,34.138,34.699,34.08,34.352,265529,0
2016-02-10,34.548,34.968,34.47,34.49,154209,0
2016-02-11,33.923,34.216,33.67,34.001,224940,0
2016-02-12,34.332,34.665,34.099,34.655,218233,0
2016-02-16,35.065,35.426,34.88,35.416,279030,0
2016-02-17,35.678,36.178,35.678,36.049,343373,0
2016-02-18,36.149,36.178,35.837,35.971,205124,0
2016-02-19,35.807,35.97,35.602,35.951,222535,0
2016-02-22,36.313,36.566,36.264,36.5,209059,0
2016-02-23,36.332,36.49,36.089,36.119,165790,0
2016-02-24,35.807,36.36,35.582,36.313,175676,0
2016-02-25,36.42,36.723,36.297,36.704,213286,0
2016-02-26,36.908,37.055,36.789,36.928,159042,0
2016-02-29,36.928,37.104,36.735,36.752,140593,0
2016-03-01,37.025,37.493,36.869,37.493,131492,0
2016-03-02,37.434,37.844,37.412,37.844,223252,0
2016-03-03,37.804,38.245,37.766,38.225,167889,0
2016-03-04,38.235,38.605,38.146,38.409,181181,0
2016-03-07,38.255,38.685,38.225,38.605,155938,0
2016-03-08,38.409,38.419,37.865,37.904,171498,0
2016-03-09,38.098,38.117,37.858,38.049,197845,0
2016-03-10,38.136,38.32,37.64,38.01,165169,0
2016-03-11,38.372,38.801,38.372,38.792,216013,0
2016-03-14,38.654,38.751,38.488,38.645,151176,0
2016-03-15,38.429,38.429,38.225,38.362,119152,0
2016-03-16,38.255,38.801,38.242,38.752,240541,0
2016-03-17,38.752,39.258,38.664,39.162,231011,0
2016-03-18,39.249,39.434,39.228,39.288,170195,0
2016-03-21,39.251,39.383,39.183,39.32,148632,0
2016-03-22,39.095,39.497,39.075,39.398,203962,0
2016-03-23,39.281,39.293,38.918,38.918,140617,0
2016-03-24,38.702,38.958,38.585,38.958,181385,0
2016-03-28,39.085,39.105,38.83,39.045,175564,0
2016-03-29,38.888,39.625,38.869,39.625,480833,0
2016-03-30,39.83,39.908,39.566,39.654,184275,0
2016-03-31,39.693,39.86,39.664,39.782,195290,0
2016-04-01,39.467,39.948,39.398,39.938,144910,0
2016-04-04,39.938,39.938,39.556,39.586,180206,0
2016-04-05,39.32,39.428,39.183,39.223,201194,0
2016-04-06,39.213,39.664,39.193,39.664,208390,0
2016-04-07,39.428,39.556,39.036,39.213,143406,0
2016-04-08,39.536,39.654,39.301,39.418,97452,0
2016-04-11,39.576,39.76,39.309,39.33,116679,0
2016-04-12,39.388,39.731,39.243,39.703,360583,0
2016-04-13,39.909,40.281,39.889,40.279,213396,0
2016-04-14,40.241,40.298,40.094,40.185,125669,0
2016-04-15,40.093,40.33,40.093,40.313,146846,0
2016-04-18,40.123,40.545,40.103,40.506,145071,0
2016-04-19,40.663,40.796,40.487,40.673,265123,0
2016-04-20,40.713,40.879,40.487,40.683,636233,0
2016-04-21,40.703,40.729,40.338,40.396,634097,0
2016-04-22,40.467,40.752,40.467,40.733,170832,0
2016-04-25,40.633,40.673,40.407,40.545,919148,0
2016-04-26,40.673,40.84,40.555,40.84,218696,0
2016-04-27,40.84,41.086,40.744,41.026,186431,0
2016-04-28,40.79,41.036,40.497,40.565,170285,0
2016-04-29,40.417,40.536,40.036,40.36,148077,0
2016-05-02,40.467,40.673,40.325,40.633,192633,0
2016-05-03,40.33,40.33,39.919,40.153,187981,0
2016-05-04,39.958,40.213,39.853,39.988,900804,0
2016-05-05,40.083,40.153,39.83,39.899,199196,0
2016-05-06,39.703,40.089,39.693,40.055,792991,0
2016-05-09,40.083,40.261,39.983,40.143,125106,0
2016-05-10,40.281,40.583,40.264,40.575,196387,0
2016-05-11,40.407,40.527,40.193,40.203,130035,0
2016-05-12,40.38,40.399,39.934,40.153,147234,0
2016-05-13,40.103,40.203,39.724,39.84,254206,0
2016-05-16,39.968,40.33,39.958,40.241,128355,0
2016-05-17,40.173,40.347,39.8,39.928,173444,0
2016-05-18,39.879,40.155,39.596,39.83,146634,0
2016-05-19,39.586,39.759,39.388,39.703,245544,0
2016-05-20,39.8,40.153,39.8,40.143,77714,0
2016-05-23,40.083,40.223,40.026,40.083,122391,0
2016-05-24,40.315,40.725,40.315,40.663,1142076,0
2016-05-25,40.85,41.016,40.84,40.966,337521,0
2016-05-26,41.036,41.056,40.842,40.908,351791,0
2016-05-27,40.927,41.211,40.927,41.211,121300,0
2016-05-31,41.33,41.399,41.152,41.31,115447,0
2016-06-01,41.086,41.429,41.016,41.429,291048,0
2016-06-02,41.3,41.643,41.241,41.633,185202,0
2016-06-03,41.594,41.594,41.18,41.448,824597,0
2016-06-06,41.564,41.828,41.466,41.753,120813,0
2016-06-07,41.763,42.014,41.74,41.888,149645,0
2016-06-08,41.917,42.094,41.917,42.065,119851,0
2016-06-09,41.878,41.996,41.789,41.967,162343,0
2016-06-10,41.624,41.624,41.241,41.34,357751,0
2016-06-13,41.172,41.389,40.898,40.946,148898,0
2016-06-14,40.81,40.976,40.594,40.8,124450,0
2016-06-15,40.889,41.153,40.82,40.859,134415,0
2016-06-16,40.653,40.869,40.35,40.81,147430,0
2016-06-17,40.859,40.973,40.703,40.84,212069,0
2016-06-20,41.348,41.545,41.249,41.279,179644,0
2016-06-21,41.308,41.378,41.151,41.279,146359,0
2016-06-22,41.328,41.502,41.199,41.229,94471,0
2016-06-23,41.623,41.818,41.553,41.818,154111,0
2016-06-24,40.277,40.915,40.109,40.219,420844,0
2016-06-27,39.775,39.795,38.901,39.068,506481,0
2016-06-28,39.451,39.913,39.451,39.904,229104,0
2016-06-29,40.326,40.698,40.237,40.65,532996,0
2016-06-30,40.7,41.229,40.552,41.229,671031,0
2016-07-01,41.259,41.533,41.249,41.378,331323,0
2016-07-05,41.229,41.245,40.68,40.925,394021,0
2016-07-06,40.767,41.16,40.659,41.142,557814,0
2016-07-07,41.209,41.447,41.044,41.199,146413,0
2016-07-08,41.494,41.966,41.477,41.937,153150,0
2016-07-11,42.104,42.227,42.05,42.133,1505839,0
2016-07-12,42.35,42.645,42.35,42.546,581507,0
2016-07-13,42.683,42.683,42.296,42.438,244419,0
2016-07-14,42.732,42.752,42.467,42.511,194552,0
2016-07-15,42.645,42.732,42.428,42.526,160170,0
2016-07-18,42.507,42.616,42.438,42.576,238140,0
2016-07-19,42.477,42.526,42.34,42.467,148430,0
2016-07-20,42.536,42.793,42.411,42.752,209867,0
2016-07-21,42.722,42.857,42.517,42.596,165479,0
2016-07-22,42.616,42.918,42.586,42.87,160594,0
2016-07-25,42.841,42.86,42.646,42.772,222890,0
2016-07-26,42.762,42.969,42.718,42.959,316851,0
2016-07-27,42.959,43.018,42.596,42.752,204327,0
2016-07-28,42.702,42.967,42.596,42.9,142393,0
2016-07-29,42.831,43.065,42.693,43.028,162998,0
2016-08-01,43.018,43.074,42.794,42.87,387091,0
2016-08-02,42.831,42.862,42.232,42.389,386796,0
2016-08-03,42.359,42.683,42.242,42.683,184253,0
2016-08-04,42.664,42.801,42.596,42.626,217853,0
2016-08-05,42.811,42.949,42.752,42.88,115068,0
2016-08-08,42.969,43.073,42.87,42.92,133480,0
2016-08-09,42.91,42.999,42.85,42.89,751057,0
2016-08-10,42.92,42.92,42.685,42.752,144504,0
2016-08-11,42.9,42.959,42.764,42.93,122039,0
2016-08-12,42.87,42.989,42.762,42.87,150970,0
2016-08-15,42.949,43.205,42.949,43.116,185846,0
2016-08-16,43.018,43.033,42.722,42.732,134743,0
2016-08-17,42.712,42.712,42.403,42.674,131766,0
2016-08-18,42.683,42.959,42.683,42.949,94987,0
2016-08-19,42.841,42.977,42.758,42.939,114970,0
2016-08-22,42.92,43.018,42.814,42.999,198946,0
2016-08-23,43.135,43.313,43.135,43.205,197076,0
2016-08-24,43.205,43.214,42.831,42.88,210831,0
2016-08-25,42.831,43.096,42.831,42.969,194364,0
2016-08-26,43.037,43.243,42.606,42.792,202565,0
2016-08-29,42.86,43.148,42.86,43.056,108688,0
2016-08-30,43.076,43.145,42.87,43.018,185031,0
2016-08-31,42.979,42.979,42.674,42.89,194287,0
2016-09-01,42.93,43.018,42.606,42.88,158037,0
2016-09-02,43.086,43.283,43.086,43.243,165998,0
2016-09-06,43.322,43.352,43.056,43.293,187676,0
2016-09-07,43.243,43.503,43.243,43.499,270243,0
2016-09-08,43.44,43.489,43.332,43.391,184589,0
2016-09-09,43.066,43.066,42.171,42.172,320876,0
2016-09-12,41.917,42.772,41.898,42.702,407012,0
2016-09-13,42.408,42.434,41.77,41.927,142200,0
2016-09-14,42.006,42.202,41.758,41.888,176560,0
2016-09-15,41.868,42.379,41.752,42.301,177067,0
2016-09-16,42.143,42.162,41.951,42.113,143926,0
2016-09-19,42.279,42.563,42.179,42.328,189111,0
2016-09-20,42.554,42.554,42.179,42.179,137123,0
2016-09-21,42.328,42.75,42.179,42.701,113734,0
2016-09-22,42.958,43.193,42.958,43.155,150578,0
2016-09-23,43.037,43.165,42.879,42.879,130145,0
2016-09-26,42.681,42.8,42.628,42.653,199395,0
2016-09-27,42.594,42.76,42.524,42.721,169942,0
2016-09-28,42.791,43.066,42.524,43.056,128474,0
2016-09-29,43.037,43.066,42.447,42.584,154396,0
2016-09-30,42.771,43.008,42.633,42.889,149358,0
2016-10-03,42.721,42.81,42.549,42.643,1146781,0
2016-10-04,42.751,42.751,42.249,42.416,456347,0
2016-10-05,42.604,42.761,42.577,42.584,1278363,0
2016-10-06,42.475,42.602,42.298,42.544,202187,0
2016-10-07,42.584,42.584,42.13,42.308,119625,0
2016-10-10,42.574,42.797,42.574,42.614,193815,0
2016-10-11,42.495,42.495,41.795,41.973,449281,0
2016-10-12,41.992,42.15,41.894,42.032,178160,0
2016-10-13,41.717,41.978,41.451,41.854,242707,0
2016-10-14,42.081,42.223,41.785,41.785,473256,0
2016-10-17,41.854,41.904,41.687,41.707,204196,0
2016-10-18,42.11,42.11,41.864,41.982,124023,0
2016-10-19,42.032,42.238,41.89,42.159,182065,0
2016-10-20,42.052,42.189,41.864,42.052,194629,0
2016-10-21,41.834,42.024,41.717,41.992,131421,0
2016-10-24,42.219,42.386,42.071,42.189,270433,0
2016-10-25,42.11,42.11,41.795,41.854,282297,0
2016-10-26,41.677,41.842,41.608,41.737,397841,0
2016-10-27,41.795,41.795,41.267,41.322,224522,0
2016-10-28,41.312,41.647,41.243,41.342,217149,0
2016-10-31,41.412,41.598,41.372,41.528,138542,0
2016-11-01,41.628,41.628,40.917,41.193,407831,0
2016-11-02,41.037,41.099,40.672,40.742,789585,0
2016-11-03,40.789,40.898,40.544,40.583,171696,0
2016-11-04,40.612,40.944,40.549,40.583,188224,0
2016-11-07,41.273,41.47,41.184,41.46,319054,0
2016-11-08,41.302,41.687,41.184,41.568,198770,0
2016-11-09,41.184,42.279,41.105,42.14,483912,0
2016-11-10,42.426,42.701,42.103,42.337,881773,0
2016-11-11,42.239,42.604,42.14,42.584,237806,0
2016-11-14,42.82,43.205,42.751,43.185,612768,0
2016-11-15,43.214,43.49,43.133,43.451,357259,0
2016-11-16,43.323,43.441,43.224,43.363,395005,0
2016-11-17,43.412,43.678,43.41,43.648,632247,0
2016-11-18,43.698,43.698,43.529,43.588,586355,0
2016-11-21,43.777,43.943,43.698,43.913,442255,0
2016-11-22,44.043,44.141,43.864,44.121,240162,0
2016-11-23,43.993,44.338,43.97,44.338,374135,0
2016-11-25,44.436,44.496,44.348,44.496,275893,0
2016-11-28,44.407,44.487,44.092,44.141,388624,0
2016-11-29,44.17,44.338,44.053,44.209,323080,0
2016-11-30,44.446,44.476,44.101,44.121,280691,0
2016-12-01,44.288,44.304,43.824,43.933,561553,0
2016-12-02,43.973,44.16,43.923,44.023,435614,0
2016-12-05,44.229,44.505,44.229,44.446,405837,0
2016-12-06,44.496,44.85,44.397,44.85,283000,0
2016-12-07,44.821,45.392,44.811,45.313,483826,0
2016-12-08,45.472,45.825,45.342,45.737,506039,0
2016-12-09,45.817,45.834,45.569,45.659,304633,0
2016-12-12,45.659,45.726,45.284,45.392,401520,0
2016-12-13,45.53,45.599,45.264,45.442,314438,0
2016-12-14,45.402,45.511,44.855,44.939,431190,0
2016-12-15,45.007,45.313,44.819,45.037,359347,0
2016-12-16,45.107,45.322,44.929,44.977,293100,0
2016-12-19,45.004,45.272,45.004,45.183,283553,0
2016-12-20,45.391,45.49,45.262,45.401,257697,0
2016-12-21,45.441,45.451,45.233,45.233,305423,0
2016-12-22,45.213,45.292,44.886,45.014,299654,0
2016-12-23,45.014,45.134,44.965,45.134,155211,0
2016-12-27,45.164,45.361,45.164,45.282,414120,0
2016-12-28,45.321,45.401,44.747,44.787,199262,0
2016-12-29,44.817,44.974,44.721,44.866,374868,0
2016-12-30,44.926,44.965,44.618,44.747,244085,0
2017-01-03,45.114,45.272,44.71,44.974,951573,0
2017-01-04,45.134,45.738,45.134,45.708,787378,0
2017-01-05,45.579,45.669,45.253,45.471,430825,0
2017-01-06,45.471,45.667,45.375,45.511,375430,0
2017-01-09,45.481,45.54,45.203,45.233,252945,0
2017-01-10,45.312,45.54,45.257,45.381,242297,0
2017-01-11,45.441,45.559,45.282,45.559,313996,0
2017-01-12,45.491,45.509,45.028,45.441,286130,0
2017-01-13,45.55,45.787,45.55,45.649,245056,0
2017-01-17,45.579,45.619,45.242,45.336,289571,0
2017-01-18,45.361,45.53,45.233,45.511,297674,0
2017-01-19,45.54,45.62,45.117,45.262,248718,0
2017-01-20,45.391,45.501,45.259,45.381,347355,0
2017-01-23,45.321,45.428,45.074,45.282,263013,0
2017-01-24,45.451,45.896,45.451,45.828,361550,0
2017-01-25,46.056,46.213,46.013,46.203,454181,0
2017-01-26,46.253,46.343,46.036,46.105,251366,0
2017-01-27,46.164,46.194,45.792,45.896,234197,0
2017-01-30,45.639,45.639,45.105,45.5,309381,0
2017-01-31,45.411,45.679,45.304,45.629,698072,0
2017-02-01,45.876,45.966,45.381,45.55,493064,0
2017-02-02,45.54,45.768,45.425,45.659,345777,0
2017-02-03,45.926,46.164,45.902,46.135,329312,0
2017-02-06,46.046,46.184,45.922,46.026,250223,0
2017-02-07,46.115,46.154,45.814,45.906,597340,0
2017-02-08,45.788,45.986,45.628,45.966,299201,0
2017-02-09,46.046,46.405,46.046,46.363,427436,0
2017-02-10,46.511,46.65,46.442,46.6,449944,0
2017-02-13,46.769,46.867,46.69,46.759,313709,0
2017-02-14,46.69,46.878,46.592,46.863,228281,0
2017-02-15,46.809,47.136,46.792,47.096,283195,0
2017-02-16,47.076,47.225,46.878,47.026,580795,0
2017-02-17,46.897,47.096,46.773,47.096,278327,0
2017-02-21,47.186,47.433,47.176,47.413,298661,0
2017-02-22,47.353,47.386,47.146,47.244,229871,0
2017-02-23,47.373,47.374,46.891,47.056,242544,0
2017-02-24,46.789,47.106,46.72,47.096,258346,0
2017-02-27,47.126,47.393,47.036,47.373,510042,0
2017-02-28,47.303,47.303,47.008,47.046,228891,0
2017-03-01,47.493,47.81,47.493,47.75,321973,0
2017-03-02,47.7,47.73,47.274,47.294,386916,0
2017-03-03,47.294,47.383,47.164,47.353,236917,0
2017-03-06,47.136,47.176,46.927,47.076,283089,0
2017-03-07,47.016,47.056,46.819,46.848,219945,0
2017-03-08,46.897,47.007,46.64,46.66,211302,0
2017-03-09,46.67,46.819,46.293,46.501,274461,0
2017-03-10,46.769,46.947,46.481,46.719,219082,0
2017-03-13,46.749,46.897,46.718,46.848,169356,0
2017-03-14,46.67,46.67,46.373,46.57,191948,0
2017-03-15,46.799,47.294,46.759,47.206,178584,0
2017-03-16,47.294,47.333,47.093,47.136,191640,0
2017-03-17,47.264,47.292,47.066,47.225,196560,0
2017-03-20,47.204,47.214,46.936,47.034,130683,0
2017-03-21,47.223,47.237,46.176,46.209,283315,0
2017-03-22,46.13,46.344,46.003,46.299,201800,0
2017-03-23,46.289,46.647,46.209,46.369,197494,0
2017-03-24,46.497,46.636,46.199,46.379,155773,0
2017-03-27,45.971,46.339,45.812,46.309,658124,0
2017-03-28,46.219,46.736,46.187,46.697,251351,0
2017-03-29,46.657,46.866,46.537,46.855,355450,0
2017-03-30,46.835,47.024,46.792,47.024,250202,0
2017-03-31,46.995,47.194,46.936,47.044,181304,0
2017-04-03,47.114,47.194,46.537,46.766,544437,0
2017-04-04,46.687,46.855,46.657,46.746,371719,0
2017-04-05,46.995,47.132,46.419,46.428,275653,0
2017-04-06,46.557,46.885,46.419,46.826,164371,0
2017-04-07,46.756,46.885,46.637,46.766,172700,0
2017-04-10,46.806,47.072,46.715,46.855,235219,0
2017-04-11,46.796,47.014,46.56,47.014,221023,0
2017-04-12,46.975,46.985,46.549,46.617,407985,0
2017-04-13,46.537,46.657,46.212,46.219,214562,0
2017-04-17,46.359,46.726,46.265,46.717,275186,0
2017-04-18,46.607,46.756,46.467,46.717,186751,0
2017-04-19,46.885,47.005,46.726,46.796,221021,0
2017-04-20,46.935,47.214,46.833,47.164,342132,0
2017-04-21,47.134,47.134,46.945,47.034,388973,0
2017-04-24,47.552,47.552,47.32,47.482,254147,0
2017-04-25,47.69,47.84,47.611,47.72,303958,0
2017-04-26,47.73,47.959,47.66,47.76,194727,0
2017-04-27,47.87,47.88,47.61,47.76,228210,0
2017-04-28,47.8,47.8,47.347,47.372,174222,0
2017-05-01,47.482,47.568,47.273,47.482,250134,0
2017-05-02,47.512,47.563,47.244,47.362,169426,0
2017-05-03,47.214,47.283,46.995,47.164,233121,0
2017-05-04,47.194,47.194,46.786,47.074,203530,0
2017-05-05,47.204,47.492,47.144,47.482,236528,0
2017-05-08,47.442,47.442,47.124,47.293,135308,0
2017-05-09,47.352,47.354,47.11,47.223,160617,0
2017-05-10,47.154,47.472,47.154,47.452,1113063,0
2017-05-11,47.332,47.372,46.896,47.243,196498,0
2017-05-12,47.134,47.164,46.965,47.044,151244,0
2017-05-15,47.184,47.482,47.184,47.382,152416,0
2017-05-16,47.432,47.442,47.094,47.293,197868,0
2017-05-17,46.796,47.034,46.428,46.457,231988,0
2017-05-18,46.329,46.717,46.219,46.537,214790,0
2017-05-19,46.667,47.132,46.667,46.965,174146,0
2017-05-22,47.094,47.283,47.054,47.253,166916,0
2017-05-23,47.362,47.392,47.11,47.283,130508,0
2017-05-24,47.332,47.432,47.24,47.412,148709,0
2017-05-25,47.542,47.69,47.435,47.502,199425,0
2017-05-26,47.442,47.462,47.328,47.432,122385,0
2017-05-30,47.362,47.404,47.164,47.223,207144,0
2017-05-31,47.332,47.332,46.875,47.293,211760,0
2017-06-01,47.452,47.949,47.332,47.949,180452,0
2017-06-02,48.048,48.144,47.86,48.058,178504,0
2017-06-05,48.058,48.074,47.85,47.889,1116973,0
2017-06-06,47.7,47.84,47.562,47.7,357224,0
2017-06-07,47.75,47.837,47.552,47.69,147745,0
2017-06-08,47.68,47.91,47.572,47.82,146370,0
2017-06-09,47.919,48.207,47.67,47.919,252337,0
2017-06-12,47.909,48.018,47.693,47.949,164708,0
2017-06-13,48.108,48.307,48.015,48.307,247662,0
2017-06-14,48.366,48.366,47.972,48.128,152186,0
2017-06-15,47.82,48.028,47.742,48.018,155739,0
2017-06-16,48.008,48.008,47.76,47.969,161452,0
2017-06-19,48.143,48.382,48.115,48.352,202962,0
2017-06-20,48.243,48.303,47.884,47.934,202299,0
2017-06-21,48.073,48.073,47.664,47.744,146383,0
2017-06-22,47.744,47.911,47.594,47.764,235881,0
2017-06-23,47.814,48.053,47.716,48.003,203720,0
2017-06-26,48.123,48.303,48.004,48.203,248830,0
2017-06-27,48.173,48.263,47.794,47.804,212321,0
2017-06-28,48.013,48.346,48.004,48.273,116457,0
2017-06-29,48.303,48.303,47.586,47.934,210011,0
2017-06-30,48.073,48.203,47.934,48.033,187092,0
2017-07-03,48.223,48.432,48.184,48.343,74684,0
2017-07-05,48.293,48.323,48.073,48.233,209380,0
2017-07-06,48.013,48.043,47.595,47.654,143724,0
2017-07-07,47.764,48.073,47.695,48.053,161179,0
2017-07-10,47.983,48.103,47.916,47.983,144181,0
2017-07-11,48.003,48.083,47.724,48.043,149576,0
2017-07-12,48.283,48.512,48.283,48.392,380666,0
2017-07-13,48.422,48.472,48.247,48.472,138196,0
2017-07-14,48.452,48.771,48.452,48.662,143147,0
2017-07-17,48.682,48.807,48.598,48.761,174245,0
2017-07-18,48.652,48.699,48.482,48.662,213773,0
2017-07-19,48.761,49.12,48.761,49.12,169649,0
2017-07-20,49.17,49.17,48.971,49.071,158509,0
2017-07-21,48.981,49.034,48.876,48.991,121555,0
2017-07-24,48.991,49.091,48.914,49.091,88203,0
2017-07-25,49.25,49.36,49.121,49.31,176715,0
2017-07-26,49.34,49.367,49.081,49.12,422406,0
2017-07-27,49.19,49.2,48.682,48.931,277485,0
2017-07-28,48.771,48.871,48.703,48.831,106449,0
2017-07-31,48.901,48.921,48.662,48.781,134042,0
2017-08-01,48.951,48.951,48.727,48.871,213277,0
2017-08-02,48.831,48.861,48.413,48.632,196341,0
2017-08-03,48.652,48.687,48.476,48.562,190875,0
2017-08-04,48.657,48.721,48.562,48.702,121731,0
2017-08-07,48.722,48.826,48.622,48.771,322534,0
2017-08-08,48.722,48.991,48.513,48.702,214515,0
2017-08-09,48.402,48.532,48.283,48.442,444373,0
2017-08-10,48.243,48.297,47.674,47.684,261660,0
2017-08-11,47.624,47.824,47.585,47.764,177592,0
2017-08-14,48.073,48.376,48.073,48.273,190452,0
2017-08-15,48.323,48.323,48.103,48.123,144734,0
2017-08-16,48.263,48.418,48.233,48.293,213609,0
2017-08-17,48.163,48.283,47.565,47.585,215507,0
2017-08-18,47.455,47.674,47.315,47.475,188940,0
2017-08-21,47.395,47.535,47.295,47.465,183208,0
2017-08-22,47.575,47.981,47.575,47.924,223701,0
2017-08-23,47.724,47.973,47.724,47.854,227146,0
2017-08-24,48.003,48.023,47.835,47.864,187678,0
2017-08-25,48.043,48.143,47.944,48.033,109149,0
2017-08-28,48.123,48.133,47.822,47.934,117945,0
2017-08-29,47.684,47.953,47.674,47.924,142202,0
2017-08-30,47.874,48.233,47.824,48.203,159300,0
2017-08-31,48.372,48.682,48.352,48.652,240961,0
2017-09-01,48.761,48.89,48.726,48.821,160960,0
2017-09-05,48.781,48.831,48.173,48.392,270425,0
2017-09-06,48.512,48.672,48.377,48.452,173537,0
2017-09-07,48.532,48.532,48.22,48.352,156496,0
2017-09-08,48.263,48.522,48.203,48.472,138265,0
2017-09-11,48.781,49.041,48.781,48.991,120954,0
2017-09-12,49.11,49.246,49.056,49.2,186267,0
2017-09-13,49.2,49.229,49.137,49.18,213024,0
2017-09-14,49.12,49.215,49.039,49.14,313247,0
2017-09-15,49.14,49.3,49.081,49.3,167431,0
2017-09-18,49.42,49.549,49.38,49.49,244878,0
2017-09-19,49.52,49.55,49.3899,49.39,183144,0
2017-09-20,49.49,49.61,49.414,49.61,184032,0
2017-09-21,49.59,49.6,49.47,49.5,179327,0
2017-09-22,49.46,49.63,49.4441,49.61,173422,0
2017-09-25,49.58,49.6861,49.41,49.62,201752,0
2017-09-26,49.67,49.71,49.59,49.59,365364,0
2017-09-27,49.82,49.96,49.556,49.89,188340,0
2017-09-28,49.83,49.97,49.722,49.97,188104,0
2017-09-29,49.99,50.13,49.96,50.11,246865,0
2017-10-02,50.11,50.43,50.09,50.43,205137,0
2017-10-03,50.5,50.56,50.371,50.56,269771,0
2017-10-04,50.52,50.6532,50.44,50.63,151567,0
2017-10-05,50.72,50.8,50.646,50.74,262999,0
2017-10-06,50.6,50.71,50.56,50.68,145413,0
2017-10-09,50.5978,50.6599,50.501,50.55,107453,0
2017-10-10,50.71,50.82,50.5587,50.62,121425,0
2017-10-11,50.64,50.68,50.57,50.68,188793,0
2017-10-12,50.59,50.76,50.55,50.72,279888,0
2017-10-13,50.82,50.8802,50.68,50.75,144944,0
2017-10-16,50.81,50.86,50.72,50.77,145716,0
2017-10-17,50.77,50.819,50.6438,50.72,163216,0
2017-10-18,50.82,50.88,50.7,50.8,141785,0
2017-10-19,50.6,50.85,50.43,50.85,205064,0
2017-10-20,51.06,51.217,51.011,51.17,171138,0
2017-10-23,51.28,51.28,50.918,50.95,140695,0
2017-10-24,51.0899,51.129,50.9785,51.06,154707,0
2017-10-25,51,51.05,50.3932,50.72,202551,0
2017-10-26,50.83,50.959,50.7005,50.93,281269,0
2017-10-27,50.9,51.189,50.77,51.18,120227,0
2017-10-30,51.044,51.121,50.8127,50.91,138903,0
2017-10-31,51.01,51.1897,50.941,51.12,206141,0
2017-11-01,51.34,51.399,50.942,51.02,151441,0
2017-11-02,51.02,51.24,50.95,51.1,276737,0
2017-11-03,51.06,51.25,51,51.24,115371,0
2017-11-06,51.29,51.51,51.2884,51.49,147399,0
2017-11-07,51.49,51.59,51.12,51.24,174006,0
2017-11-08,51.2,51.35,51.09,51.32,208455,0
2017-11-09,51.03,51.206,50.77,51.07,184714,0
2017-11-10,51.05,51.209,51.01,51.16,260035,0
