Date,Open,High,Low,Close,Volume,OpenInt
2011-04-12,40.51,40.51,40.24,40.24,13303,0
2011-04-13,40.35,40.55,40.14,40.14,13061,0
2011-04-14,40.18,40.24,40.12,40.23,1700,0
2011-04-15,40.17,40.17,39.86,39.98,1059,0
2011-04-18,40,40.09,39.81,39.99,8773,0
2011-04-19,39.7,39.82,39.7,39.82,450,0
2011-04-20,39.88,39.93,39.87,39.92,3362,0
2011-04-21,39.85,39.87,39.78,39.85,1775,0
2011-04-25,39.88,39.88,39.81,39.81,2600,0
2011-04-26,39.74,39.75,39.68,39.68,4125,0
2011-04-27,39.68,40.17,39.68,40.17,8402,0
2011-04-28,39.61,39.72,39.53,39.6,3950,0
2011-04-29,39.56,39.67,39.5,39.5,7396,0
2011-05-02,39.55,39.62,39.55,39.62,215,0
2011-05-03,39.52,39.52,39.35,39.35,1255,0
2011-05-04,39.38,39.43,39.23,39.43,6005,0
2011-05-05,39.19,39.21,39.17,39.17,1750,0
2011-05-06,39.16,39.24,39.13,39.24,2050,0
2011-05-09,39.02,39.17,39.02,39.17,8360,0
2011-05-10,38.99,39.2,38.99,39.2,3814,0
2011-05-11,39.21,39.22,39.06,39.08,1597,0
2011-05-12,39.06,39.24,39.05,39.05,16805,0
2011-05-13,38.99,39.14,38.98,39.03,3400,0
2011-05-16,38.9,39.02,38.9,38.97,1981,0
2011-05-17,38.79,38.79,38.75,38.77,4123,0
2011-05-18,38.79,38.81,38.79,38.81,1600,0
2011-05-19,39.12,39.19,39.03,39.1,4017,0
2011-05-20,38.89,38.95,38.78,38.78,6938,0
2011-05-23,38.74,38.74,38.65,38.65,5830,0
2011-05-24,38.85,38.85,38.73,38.73,1400,0
2011-05-25,38.72,38.73,38.72,38.73,304,0
2011-05-26,38.59,38.59,38.43,38.56,640,0
2011-05-27,38.5,38.55,38.5,38.55,800,0
2011-05-31,38.59,38.62,38.41,38.41,5770,0
2011-06-01,38.11,38.19,38.11,38.14,10345,0
2011-06-02,38.29,38.29,38.22,38.22,1810,0
2011-06-03,38.17,38.27,38.15,38.17,3375,0
2011-06-06,38.31,38.32,38.28,38.28,10100,0
2011-06-07,38.25,38.31,38.24,38.24,8250,0
2011-06-08,38.06,38.06,38,38.05,5067,0
2011-06-09,37.99,38.09,37.99,38.09,252,0
2011-06-13,38.22,38.22,38.08,38.19,10482,0
2011-06-14,38.3,38.41,38.3,38.41,2900,0
2011-06-15,38.23,38.25,38.15,38.15,6922,0
2011-06-16,37.98,38.01,37.98,37.98,710,0
2011-06-17,37.89,37.95,37.89,37.93,700,0
2011-06-20,37.95,37.97,37.84,37.93,1305,0
2011-06-21,38.06,38.07,38.06,38.07,800,0
2011-06-22,38.02,38.07,37.99,37.99,23370,0
2011-06-23,37.8,38.06,37.74,37.85,7875,0
2011-06-27,37.6,37.83,37.6,37.83,14050,0
2011-06-28,37.86,38.26,37.86,38.23,22700,0
2011-06-29,38.32,38.45,38.28,38.43,8031,0
2011-06-30,38.39,38.76,38.39,38.76,1804,0
2011-07-01,38.54,38.72,38.44,38.6,7546,0
2011-07-05,38.42,38.46,38.37,38.43,1400,0
2011-07-06,38.33,38.33,38.25,38.25,2400,0
2011-07-07,38.39,38.55,38.39,38.55,4173,0
2011-07-08,38.09,38.26,37.99,38.26,4725,0
2011-07-11,37.91,37.92,37.72,37.76,6668,0
2011-07-12,37.84,37.88,37.83,37.84,1960,0
2011-07-14,37.77,37.86,37.7,37.84,47025,0
2011-07-15,37.79,37.83,37.7,37.72,5000,0
2011-07-18,37.65,37.75,37.58,37.72,12410,0
2011-07-19,37.81,37.86,37.81,37.86,8100,0
2011-07-20,37.71,37.77,37.7,37.72,2632,0
2011-07-21,37.89,38,37.78,37.95,14372,0
2011-07-22,37.88,37.88,37.82,37.82,2138,0
2011-07-25,37.89,37.99,37.73,37.93,25760,0
2011-07-26,37.85,37.85,37.74,37.76,4037,0
2011-07-27,37.78,38.06,37.74,37.84,8823,0
2011-07-28,37.77,37.94,37.66,37.76,12900,0
2011-07-29,37.62,37.62,37.3,37.31,8689,0
2011-08-01,37.21,37.36,36.32,37.09,9122,0
2011-08-02,37.04,37.04,36.77,36.79,4856,0
2011-08-03,36.76,36.83,36.63,36.75,11942,0
2011-08-04,36.7,36.7,36.31,36.31,7942,0
2011-08-05,36.52,37.37,36.34,36.69,22140,0
2011-08-08,36.5,36.5,36.09,36.33,15258,0
2011-08-09,36.31,36.34,35.42,35.85,8839,0
2011-08-10,35.71,36.92,35.41,35.41,61046,0
2011-08-11,35.81,36.74,35.62,36.14,100418,0
2011-08-12,36.95,36.95,34.8,35.84,6365,0
2011-08-15,35.78,35.87,35.74,35.76,5005,0
2011-08-16,35.76,35.76,35.48,35.6,8590,0
2011-08-17,35.49,35.72,35.4,35.4,17650,0
2011-08-18,35.11,36.08,34.95,35.3,23496,0
2011-08-19,35.37,35.48,35.2,35.28,33134,0
2011-08-22,35.3,35.41,35.2,35.2,17483,0
2011-08-23,35.32,35.37,35.31,35.34,5141,0
2011-08-24,35.5,35.8,35.5,35.8,2500,0
2011-08-25,35.74,35.74,35.24,35.4,4156,0
2011-08-26,35.36,35.46,35.36,35.46,550,0
2011-08-29,35.75,35.75,35.6,35.6,19330,0
2011-08-30,35.56,35.56,35.38,35.4,1190,0
2011-08-31,35.43,35.59,35.43,35.46,4700,0
2011-09-01,35.62,35.62,35.35,35.36,2235,0
2011-09-02,35.01,35.07,34.85,35.04,13536,0
2011-09-06,34.58,35,33.71,34.81,24756,0
2011-09-07,35.09,35.1,35,35,13522,0
2011-09-08,35.07,35.21,35,35,3700,0
2011-09-09,34.68,34.72,34.59,34.59,1064,0
2011-09-12,34.97,34.99,34.7,34.75,3045,0
2011-09-13,34.97,35.19,34.97,35.19,871,0
2011-09-14,35.13,35.18,34.92,34.92,1800,0
2011-09-15,35.04,35.27,35.04,35.27,4100,0
2011-09-16,35.05,35.05,35.05,35.05,1000,0
2011-09-19,35.65,35.65,34,34.75,3035,0
2011-09-21,34.49,34.87,34.19,34.19,650,0
2011-09-22,34.24,35.53,34.16,34.48,8785,0
2011-09-23,34.55,34.79,34.24,34.79,52840,0
2011-09-26,34.36,34.51,33.71,34.41,222500,0
2011-09-27,34.7,34.84,34.7,34.71,9255,0
2011-09-28,34.7,35,34.7,34.74,12355,0
2011-09-29,34.84,34.84,34.79,34.79,2010,0
2011-09-30,34.43,34.68,34.43,34.62,2503,0
2011-10-03,34.18,34.65,34.17,34.38,18925,0
2011-10-04,34.11,34.46,34.1,34.26,7550,0
2011-10-05,34.45,34.45,34.43,34.43,2000,0
2011-10-06,34.76,34.76,34.68,34.68,982,0
2011-10-10,35.16,35.34,35.16,35.34,3770,0
2011-10-11,35.29,35.29,35.01,35.21,2000,0
2011-10-12,35.3,35.85,35.3,35.35,7420,0
2011-10-13,35.35,35.35,35.05,35.25,2049,0
2011-10-14,35.45,35.66,35.34,35.66,2865,0
2011-10-17,35.18,35.25,35.18,35.25,1200,0
2011-10-18,35.02,35.02,35.02,35.02,100,0
2011-10-19,35.13,35.13,35.13,35.13,157,0
2011-10-20,35.5,35.5,35.26,35.38,4500,0
2011-10-21,35.4,35.55,35.4,35.55,500,0
2011-10-24,35.57,35.57,35.25,35.28,40025,0
2011-10-25,34.93,34.99,34.93,34.99,3100,0
2011-10-26,35.22,35.22,35.09,35.09,4117,0
2011-10-27,35.34,35.62,35.34,35.61,5200,0
2011-10-28,35.61,35.61,35.38,35.54,2160,0
2011-11-01,34.81,34.81,34.55,34.66,2344,0
2011-11-02,34.77,34.77,34.76,34.77,850,0
2011-11-03,34.9,34.9,34.81,34.81,15730,0
2011-11-04,34.8,34.8,34.8,34.8,100,0
2011-11-07,34.85,34.85,34.85,34.85,500,0
2011-11-08,34.58,34.65,34.57,34.65,1650,0
2011-11-09,34.6,34.6,34.33,34.53,6225,0
2011-11-10,34.59,34.59,34.59,34.59,400,0
2011-11-11,34.75,34.83,34.75,34.83,1500,0
2011-11-14,34.95,34.95,34.55,34.55,3478,0
2011-11-15,34.48,34.53,34.45,34.53,1700,0
2011-11-16,34.43,34.51,34.42,34.51,3092,0
2011-11-17,34.63,34.63,34.38,34.38,4900,0
2011-11-18,34.42,34.71,34.42,34.71,2612,0
2011-11-21,34.64,34.65,34.45,34.56,3900,0
2011-11-22,34.5,34.78,34.49,34.66,11932,0
2011-11-23,34.43,34.48,34.38,34.38,3225,0
2011-11-28,34.88,34.88,34.53,34.53,3500,0
2011-11-29,34.8,34.84,34.55,34.59,1300,0
2011-11-30,34.69,34.69,34.67,34.69,2100,0
2011-12-01,34.71,35.06,34.7,34.7,2150,0
2011-12-06,34.76,34.76,34.76,34.76,857,0
2011-12-07,34.4,34.47,34.4,34.47,8240,0
2011-12-08,34.46,34.56,34.46,34.56,500,0
2011-12-12,34.3,34.38,34.26,34.38,1085,0
2011-12-13,34.46,34.46,34.46,34.46,200,0
2011-12-14,34.2,34.48,34.07,34.4,6537,0
2011-12-15,34.28,34.32,34.28,34.32,200,0
2011-12-16,34.14,34.14,33.98,34.07,577,0
2011-12-19,33.96,34.11,33.96,33.98,3340,0
2011-12-20,34.24,34.38,34.24,34.38,5500,0
2011-12-21,34.11,34.58,34.11,34.54,2524,0
2011-12-22,34.31,34.49,34.31,34.35,2000,0
2011-12-23,34.54,34.54,34.54,34.54,394,0
2011-12-27,34.6,34.6,34.35,34.37,6100,0
2011-12-28,34.55,34.55,34.25,34.41,989,0
2011-12-29,34.41,34.41,34.16,34.24,7987,0
2011-12-30,34.3,34.33,34.04,34.26,20725,0
2012-01-03,34.48,34.48,34.04,34.2,1630,0
2012-01-04,34.2,34.42,34.2,34.42,1200,0
2012-01-05,34.27,34.35,34.15,34.15,935,0
2012-01-06,34.13,34.13,34.13,34.13,2900,0
2012-01-09,34.15,34.16,34.15,34.16,395,0
2012-01-10,34.17,34.29,34.13,34.18,2245,0
2012-01-11,34.26,34.26,34.24,34.24,600,0
2012-01-12,34.19,34.25,34.19,34.25,500,0
2012-01-13,34.19,34.19,33.84,34.02,2420,0
2012-01-17,33.86,33.86,33.86,33.86,2137,0
2012-01-18,34.09,34.25,33.9,34.25,1610,0
2012-01-19,34.16,34.27,34.16,34.27,568,0
2012-01-20,34.32,34.32,34.32,34.32,450,0
2012-01-23,34.56,34.57,34.56,34.57,500,0
2012-01-24,34.51,34.6,34.32,34.36,3083,0
2012-01-25,34.03,34.16,34.03,34.11,1700,0
2012-01-26,34.15,34.34,34.1,34.17,1587,0
2012-01-27,34.1,34.13,33.94,34.13,15600,0
2012-01-30,33.93,34.01,33.72,33.72,1400,0
2012-01-31,33.71,33.93,33.53,33.82,32715,0
2012-02-01,33.75,33.88,33.64,33.88,7130,0
2012-02-02,33.58,33.66,33.58,33.66,852,0
2012-02-03,34,34.12,33.82,33.82,1812,0
2012-02-06,34.03,34.08,33.9,33.9,2930,0
2012-02-07,34.12,34.13,34,34.13,16200,0
2012-02-08,34.23,34.23,34.2,34.22,550,0
2012-02-09,34.22,34.28,34.07,34.25,2000,0
2012-02-10,34.14,34.14,33.93,34.05,7500,0
2012-02-13,33.99,34.07,33.99,34.07,440,0
2012-02-14,33.78,33.97,33.78,33.97,1250,0
2012-02-15,33.78,33.78,33.78,33.78,1350,0
2012-02-16,34.15,34.15,34.1,34.1,250,0
2012-02-21,34.25,34.34,34.2,34.33,7932,0
2012-02-22,34.25,34.25,34.05,34.13,4248,0
2012-02-23,34.11,34.15,34.11,34.15,2181,0
2012-02-27,33.93,34,33.93,33.98,950,0
2012-02-28,33.89,33.89,33.8,33.88,1304,0
2012-02-29,33.89,33.89,33.89,33.89,450,0
2012-03-01,34.04,34.04,34,34,513,0
2012-03-02,34,34,34,34,5700,0
2012-03-05,34,34.12,33.97,34,5422,0
2012-03-06,34.01,34.01,33.89,33.94,2520,0
2012-03-07,34.04,34.04,33.83,33.85,6436,0
2012-03-09,34.19,34.19,34.04,34.04,798,0
2012-03-13,34.2,34.35,34.2,34.35,1650,0
2012-03-14,34.5,34.75,34.5,34.74,3700,0
2012-03-15,34.89,34.89,34.53,34.57,17794,0
2012-03-16,34.96,35.01,34.85,34.85,23984,0
2012-03-20,35,35.09,34.83,35.01,3431,0
2012-03-21,34.79,34.97,34.79,34.87,2225,0
2012-03-22,34.78,34.78,34.7,34.7,700,0
2012-03-23,34.7,34.7,34.5,34.67,8940,0
2012-03-26,34.71,34.71,34.53,34.53,2335,0
2012-03-27,34.5,34.5,34.45,34.49,1370,0
2012-03-28,34.59,34.59,34.34,34.52,1291,0
2012-03-30,34.46,34.46,34.4,34.4,300,0
2012-04-02,34.5,34.5,34.3,34.3,1125,0
2012-04-03,34.45,34.6,34.45,34.6,485,0
2012-04-04,34.65,34.65,34.54,34.63,750,0
2012-04-05,34.44,34.44,34.4,34.4,640,0
2012-04-09,34.09,34.09,33.95,34.05,2600,0
2012-04-10,33.91,33.91,33.85,33.91,1859,0
2012-04-11,34.06,34.06,33.98,33.98,750,0
2012-04-12,33.95,34.09,33.95,34.09,1040,0
2012-04-13,33.85,34.02,33.85,33.85,1100,0
2012-04-16,33.75,33.78,33.73,33.73,1500,0
2012-04-17,33.96,33.97,33.92,33.95,600,0
2012-04-19,33.73,33.76,33.65,33.65,18539,0
2012-04-20,33.86,33.93,33.71,33.74,11214,0
2012-04-24,33.75,33.82,33.73,33.73,1860,0
2012-04-26,33.69,33.78,33.53,33.77,2154,0
2012-04-27,33.68,33.75,33.68,33.73,500,0
2012-04-30,33.66,33.67,33.54,33.54,652,0
2012-05-01,33.79,33.79,33.49,33.49,5000,0
2012-05-02,33.51,33.55,33.51,33.55,1400,0
2012-05-03,33.7,33.7,33.52,33.58,5930,0
2012-05-04,33.6,33.62,33.55,33.56,2798,0
2012-05-07,33.5,33.56,33.5,33.5,529,0
2012-05-08,33.45,33.45,33.27,33.27,2467,0
2012-05-09,33.22,33.45,33.2,33.45,1088,0
2012-05-10,33.4,33.52,33.32,33.32,4671,0
2012-05-11,33.31,33.31,33.31,33.31,140,0
2012-05-14,33.15,33.23,33.1,33.23,1820,0
2012-05-15,33.25,33.26,33.15,33.15,127893,0
2012-05-16,33.29,33.29,33.18,33.19,2200,0
2012-05-17,33.18,33.18,33.07,33.1,4414,0
2012-05-18,33.12,33.18,33.05,33.18,4250,0
2012-05-21,33.15,33.15,33.13,33.15,6302,0
2012-05-22,33.29,33.29,33.22,33.24,4501,0
2012-05-23,33.2,33.2,32.99,33.15,2466,0
2012-05-24,33.13,33.19,33.13,33.18,1039,0
2012-05-25,33.25,33.27,33.16,33.27,8674,0
2012-05-29,33.22,33.22,32.99,33.02,12400,0
2012-05-30,32.87,32.92,32.8,32.8,9892,0
2012-05-31,32.85,32.85,32.57,32.76,17789,0
2012-06-01,32.64,32.81,32.47,32.55,7600,0
2012-06-04,32.67,32.67,32.52,32.65,3940,0
2012-06-05,32.67,32.74,32.67,32.74,2505,0
2012-06-06,32.8,32.95,32.8,32.87,35462,0
2012-06-07,32.86,32.99,32.74,32.87,3146,0
2012-06-08,32.77,32.87,32.77,32.81,1744,0
2012-06-11,32.73,32.84,32.73,32.73,486,0
2012-06-12,32.78,32.85,32.78,32.79,1900,0
2012-06-13,32.7,32.71,32.7,32.71,4000,0
2012-06-14,32.68,32.79,32.68,32.79,1300,0
2012-06-15,32.76,32.76,32.7,32.74,820,0
2012-06-18,32.61,32.65,32.61,32.65,1452,0
2012-06-19,32.78,32.82,32.64,32.68,3550,0
2012-06-20,32.9,32.9,32.9,32.9,100,0
2012-06-21,32.73,32.73,32.73,32.73,702,0
2012-06-25,32.72,32.72,32.7,32.7,800,0
2012-06-28,32.79,32.79,32.67,32.67,1000,0
2012-06-29,32.9,32.9,32.83,32.83,880,0
2012-07-02,32.35,32.4,32.3,32.33,4365,0
2012-07-03,32.52,32.52,32.52,32.52,1000,0
2012-07-05,32.68,32.68,32.63,32.68,400,0
2012-07-06,32.58,32.58,32.54,32.54,1765,0
2012-07-09,32.55,32.55,32.4,32.4,5130,0
2012-07-10,32.49,32.5,32.37,32.37,9705,0
2012-07-11,32.42,32.46,32.35,32.46,580,0
2012-07-12,32.38,32.38,32.35,32.35,350,0
2012-07-13,32.34,32.34,32.34,32.34,250,0
2012-07-16,32.09,32.09,32.09,32.09,200,0
2012-07-17,32.42,32.42,32.39,32.39,250,0
2012-07-18,32.4,32.42,32.35,32.35,1345,0
2012-07-20,32.2,32.33,32.2,32.26,9645,0
2012-07-23,32.13,32.25,32.11,32.11,968,0
2012-07-24,32.21,32.21,32.12,32.19,3500,0
2012-07-26,32.16,32.29,32.15,32.17,2266,0
2012-07-27,32.24,32.46,32.24,32.46,645,0
2012-07-30,32.32,32.36,32.32,32.36,2700,0
2012-07-31,32.09,32.35,32.08,32.35,974,0
2012-08-01,32.25,32.25,32.25,32.25,200,0
2012-08-02,32.17,32.17,31.99,32,2600,0
2012-08-03,32.33,32.5,32.33,32.5,250,0
2012-08-06,32.47,32.47,32.47,32.47,300,0
2012-08-07,32.6,32.6,32.6,32.6,200,0
2012-08-09,32.76,32.78,32.71,32.71,2857,0
2012-08-10,32.65,32.77,32.63,32.63,7200,0
2012-08-13,32.48,32.48,32.48,32.48,800,0
2012-08-14,32.76,32.82,32.72,32.81,6700,0
2012-08-15,32.91,32.98,32.89,32.96,127519,0
2012-08-16,32.98,33.1,32.98,33.04,30826,0
2012-08-17,33.02,33.02,32.94,32.94,1030,0
2012-08-20,33.01,33.01,32.88,32.98,3063,0
2012-08-21,32.96,33.02,32.91,32.91,1620,0
2012-08-22,32.79,32.83,32.7,32.7,2530,0
2012-08-23,32.59,32.6,32.56,32.59,22618,0
2012-08-24,32.62,32.62,32.62,32.62,10214,0
2012-08-27,32.55,32.59,32.51,32.51,3282,0
2012-08-28,32.48,32.53,32.47,32.49,3648,0
2012-08-30,32.43,32.49,32.41,32.47,14400,0
2012-08-31,32.33,32.38,32.26,32.27,11596,0
2012-09-04,32.23,32.31,32.23,32.31,268,0
2012-09-05,32.29,32.32,32.29,32.32,478,0
2012-09-06,32.51,32.57,32.51,32.56,2910,0
2012-09-07,32.41,32.51,32.41,32.51,5126,0
2012-09-10,32.53,32.58,32.52,32.52,9567,0
2012-09-11,32.54,32.6,32.54,32.58,2000,0
2012-09-12,32.69,32.75,32.69,32.73,4400,0
2012-09-13,32.6,32.9,32.56,32.9,4300,0
2012-09-14,32.83,33,32.83,32.9,44948,0
2012-09-17,32.84,32.84,32.81,32.81,10900,0
2012-09-18,32.75,32.77,32.69,32.74,33327,0
2012-09-19,32.71,32.76,32.71,32.74,20316,0
2012-09-20,32.54,32.69,32.54,32.66,1322,0
2012-09-24,32.56,32.56,32.51,32.51,5000,0
2012-09-25,32.5,32.5,32.44,32.44,960,0
2012-09-26,32.31,32.32,32.28,32.29,8425,0
2012-09-27,32.36,32.36,32.32,32.32,999,0
2012-09-28,32.25,32.26,32.25,32.26,310,0
2012-10-01,32.31,32.31,32.28,32.28,3033,0
2012-10-02,32.3,32.3,32.26,32.3,2050,0
2012-10-04,32.3,32.4,32.3,32.4,1300,0
2012-10-09,32.47,32.51,32.47,32.51,800,0
2012-10-10,32.55,32.57,32.51,32.52,28092,0
2012-10-11,32.53,32.55,32.49,32.49,10314,0
2012-10-12,32.38,32.38,32.3,32.3,2929,0
2012-10-15,32.37,32.37,32.37,32.37,5019,0
2012-10-16,32.49,32.53,32.49,32.53,800,0
2012-10-17,32.63,32.75,32.63,32.75,12373,0
2012-10-18,32.77,32.8,32.77,32.79,2310,0
2012-10-19,32.71,32.71,32.64,32.64,5149,0
2012-10-22,32.67,32.72,32.67,32.72,7550,0
2012-10-23,32.68,32.68,32.58,32.61,14579,0
2012-10-24,32.62,32.63,32.6,32.63,9899,0
2012-10-25,32.84,32.84,32.72,32.74,3672,0
2012-10-26,32.61,32.61,32.57,32.58,4830,0
2012-10-31,32.39,32.48,32.39,32.39,15161,0
2012-11-01,32.46,32.49,32.43,32.46,8376,0
2012-11-02,32.53,32.53,32.5,32.5,4300,0
2012-11-05,32.38,32.38,32.38,32.38,100,0
2012-11-06,32.4,32.53,32.4,32.52,1548,0
2012-11-07,32.26,32.26,32.2,32.26,12810,0
2012-11-08,32.25,32.28,32.11,32.11,1500,0
2012-11-09,32.14,32.14,32.14,32.14,100,0
2012-11-12,32.08,32.08,32.06,32.06,2489,0
2012-11-13,32.05,32.05,32.05,32.05,1500,0
2012-11-14,32.06,32.06,32.04,32.06,11930,0
2012-11-15,32.07,32.07,32.06,32.06,955,0
2012-11-16,32.05,32.05,31.98,32.03,4000,0
2012-11-19,32.07,32.07,32.07,32.07,100,0
2012-11-20,32.17,32.21,32.14,32.18,28404,0
2012-11-21,32.26,32.26,32.23,32.23,4286,0
2012-11-23,32.24,32.24,32.23,32.23,800,0
2012-11-26,32.17,32.18,32.17,32.18,1400,0
2012-11-27,32.15,32.16,32.11,32.13,2112,0
2012-11-28,32.08,32.08,32.08,32.08,872,0
2012-11-29,32.08,32.08,32.08,32.08,200,0
2012-11-30,32.07,32.07,32.07,32.07,1754,0
2012-12-03,32.06,32.06,32.05,32.06,6700,0
2012-12-04,31.99,32.07,31.99,31.99,230,0
2012-12-05,31.97,31.99,31.95,31.99,1700,0
2012-12-06,31.89,31.96,31.89,31.96,456,0
2012-12-07,31.98,32.05,31.98,32.02,550,0
2012-12-10,31.98,32.06,31.98,32.06,2413,0
2012-12-11,32.12,32.12,32.07,32.07,4202,0
2012-12-12,32.13,32.3,32.1,32.19,20969,0
2012-12-13,32.27,32.3,32.21,32.26,9718,0
2012-12-14,32.21,32.24,32.2,32.24,1178,0
2012-12-17,32.21,32.37,32.21,32.37,7723,0
2012-12-18,32.43,32.51,32.43,32.51,7430,0
2012-12-19,32.44,32.45,32.43,32.45,23806,0
2012-12-20,32.43,32.46,32.41,32.46,8319,0
2012-12-21,32.33,32.35,32.33,32.34,4125,0
2012-12-24,32.4,32.4,32.36,32.38,2100,0
2012-12-26,32.36,32.36,32.32,32.34,12048,0
2012-12-27,32.26,32.26,32.2,32.26,15535,0
2012-12-28,32.2,32.22,32.2,32.21,3080,0
2012-12-31,32.28,32.55,32.24,32.42,3546,0
2013-01-02,32.51,32.58,32.46,32.5,17275,0
2013-01-03,32.5,32.67,32.5,32.67,10755,0
2013-01-04,32.7,32.74,32.66,32.67,9274,0
2013-01-07,32.65,32.66,32.61,32.64,20036,0
2013-01-08,32.56,32.57,32.54,32.55,12562,0
2013-01-09,32.56,32.57,32.5,32.51,4049,0
2013-01-10,32.61,32.62,32.55,32.6,9815,0
2013-01-11,32.67,32.68,32.53,32.53,27328,0
2013-01-14,32.49,32.52,32.46,32.5,20650,0
2013-01-15,32.39,32.43,32.39,32.43,1457,0
2013-01-16,32.36,32.41,32.36,32.38,7270,0
2013-01-17,32.52,32.57,32.49,32.54,10195,0
2013-01-18,32.48,32.48,32.44,32.44,6300,0
2013-01-22,32.52,32.52,32.41,32.43,11467,0
2013-01-23,32.4,32.43,32.39,32.42,5150,0
2013-01-24,32.45,32.49,32.4,32.45,2538,0
2013-01-25,32.6,32.71,32.59,32.69,282138,0
2013-01-28,32.81,32.82,32.74,32.74,114445,0
2013-01-29,32.73,32.79,32.68,32.78,31280,0
2013-01-30,32.82,32.96,32.77,32.78,29044,0
2013-01-31,32.78,32.78,32.72,32.72,2363,0
2013-02-01,32.57,32.86,32.57,32.86,39225,0
2013-02-04,32.73,32.75,32.65,32.67,37200,0
2013-02-05,32.74,32.79,32.74,32.77,11114,0
2013-02-06,32.69,32.69,32.66,32.69,1500,0
2013-02-07,32.68,32.68,32.56,32.66,19608,0
2013-02-08,32.67,32.71,32.64,32.64,9224,0
2013-02-11,32.67,32.67,32.59,32.66,4696,0
2013-02-12,32.66,32.72,32.65,32.7,28576,0
2013-02-13,32.8,32.81,32.75,32.81,10450,0
2013-02-14,32.68,32.76,32.63,32.68,13625,0
2013-02-15,32.67,32.72,32.67,32.71,2927,0
2013-02-19,32.66,32.74,32.63,32.72,18215,0
2013-02-20,32.73,32.73,32.65,32.68,9155,0
2013-02-21,32.61,32.61,32.52,32.57,6898,0
2013-02-22,32.6,32.6,32.52,32.57,15186,0
2013-02-25,32.61,32.65,32.31,32.31,22519,0
2013-02-26,32.36,32.37,32.26,32.33,4485,0
2013-02-27,32.25,32.37,32.22,32.32,64594,0
2013-02-28,32.32,32.33,32.28,32.28,15413,0
2013-03-01,32.24,32.26,32.23,32.23,2234,0
2013-03-04,32.22,32.28,32.22,32.26,6659,0
2013-03-05,32.3,32.35,32.28,32.33,6679,0
2013-03-06,32.43,32.45,32.4,32.43,24010,0
2013-03-07,32.5,32.56,32.49,32.56,7320,0
2013-03-08,32.74,32.75,32.67,32.71,41678,0
2013-03-11,32.7,32.73,32.7,32.72,4625,0
2013-03-12,32.66,32.66,32.62,32.62,2125,0
2013-03-13,32.68,32.7,32.61,32.62,9200,0
2013-03-14,32.69,32.71,32.61,32.64,10813,0
2013-03-15,32.63,32.63,32.48,32.5,37212,0
2013-03-18,32.41,32.46,32.36,32.42,24188,0
2013-03-19,32.36,32.36,32.26,32.29,6400,0
2013-03-20,32.36,32.43,32.36,32.39,17809,0
2013-03-21,32.33,32.38,32.32,32.32,19247,0
2013-03-22,32.29,32.38,32.29,32.3,4531,0
2013-03-25,32.39,32.39,32.29,32.3,3120,0
2013-03-26,32.34,32.34,32.23,32.24,14834,0
2013-03-27,32.06,32.12,32.06,32.11,1958,0
2013-03-28,32.12,32.18,32.1,32.18,4117,0
2013-04-01,32.23,32.24,32.09,32.1,3449,0
2013-04-02,32.15,32.17,32.13,32.13,630,0
2013-04-03,32.12,32.12,31.99,32,2010,0
2013-04-04,31.97,31.97,31.87,31.87,3745,0
2013-04-05,31.74,31.81,31.71,31.8,11791,0
2013-04-08,31.82,31.88,31.78,31.88,9815,0
2013-04-09,31.84,31.89,31.84,31.89,1505,0
2013-04-10,31.9,32,31.55,32,41980,0
2013-04-11,31.99,31.99,31.94,31.95,3290,0
2013-04-12,31.85,31.88,31.77,31.81,20600,0
2013-04-15,31.82,31.82,31.73,31.73,10485,0
2013-04-16,31.82,31.84,31.81,31.82,76734,0
2013-04-17,31.81,31.81,31.7,31.72,8589,0
2013-04-18,31.72,31.75,31.71,31.73,12511,0
2013-04-19,31.78,31.78,31.77,31.77,6627,0
2013-04-22,31.73,31.73,31.72,31.72,745,0
2013-04-23,31.69,31.75,31.69,31.71,5979,0
2013-04-24,31.77,31.77,31.72,31.72,1413,0
2013-04-25,31.8,31.81,31.76,31.78,30117,0
2013-04-26,31.68,31.68,31.64,31.65,1668,0
2013-04-29,31.6,31.67,31.6,31.63,9210,0
2013-04-30,31.63,31.67,31.59,31.67,15071,0
2013-05-01,31.56,31.58,31.52,31.57,5100,0
2013-05-02,31.57,31.58,31.54,31.57,23810,0
2013-05-03,31.7,31.82,31.7,31.8,2954,0
2013-05-06,31.85,31.88,31.84,31.88,8666,0
2013-05-07,31.89,31.91,31.88,31.88,500,0
2013-05-08,31.85,31.88,31.83,31.87,32438,0
2013-05-09,31.85,31.86,31.79,31.86,4940,0
2013-05-10,31.93,32.11,31.93,32.03,11800,0
2013-05-13,32.11,32.12,32.1,32.11,6261,0
2013-05-14,32.04,32.23,32.04,32.23,17299,0
2013-05-15,32.15,32.23,32.15,32.17,2919,0
2013-05-16,32.08,32.08,31.92,31.95,17875,0
2013-05-17,32.02,32.17,31.99,32.15,22860,0
2013-05-20,32.13,32.2,32.06,32.2,4364,0
2013-05-21,32.21,32.27,32.09,32.1,1155,0
2013-05-22,32.04,32.64,32.01,32.28,19428,0
2013-05-23,33.33,33.33,32.27,32.34,28929,0
2013-05-24,32.28,32.28,32.21,32.21,950,0
2013-05-28,32.41,32.7,32.41,32.68,22841,0
2013-05-29,32.59,32.87,32.53,32.6,41497,0
2013-05-30,32.59,32.6,32.5,32.51,14392,0
2013-05-31,32.45,32.78,32.41,32.64,30324,0
2013-06-03,33.01,33.09,32.41,32.63,45935,0
2013-06-04,32.61,32.64,32.57,32.64,21971,0
2013-06-05,32.61,32.63,32.45,32.51,5405,0
2013-06-06,32.57,32.68,32.41,32.52,12449,0
2013-06-07,32.57,32.78,32.57,32.78,22755,0
2013-06-10,32.95,32.95,32.68,32.77,22946,0
2013-06-11,32.93,32.96,32.71,32.78,8080,0
2013-06-12,32.9,32.92,32.68,32.86,83752,0
2013-06-13,32.77,32.77,32.55,32.56,15616,0
2013-06-14,32.5,32.66,32.48,32.52,3420,0
2013-06-17,32.59,32.64,32.49,32.64,8101,0
2013-06-18,32.73,32.73,32.58,32.66,15308,0
2013-06-19,32.63,33.28,32.63,33.21,64731,0
2013-06-20,33.83,33.99,33.07,33.21,33213,0
2013-06-21,33.52,33.85,33.3,33.66,27155,0
2013-06-24,33.91,33.91,33.5,33.63,77268,0
2013-06-25,33.53,33.8,33.52,33.68,65856,0
2013-06-26,33.58,33.71,33.53,33.59,45651,0
2013-06-27,33.5,33.5,33.35,33.35,33816,0
2013-06-28,33.59,33.61,33.42,33.43,19412,0
2013-07-01,33.73,33.97,33.32,33.34,58417,0
2013-07-02,33.32,33.44,33.31,33.44,2336,0
2013-07-03,33.42,33.43,33.29,33.35,20243,0
2013-07-05,33.57,34.65,33.57,34.09,154163,0
2013-07-08,33.89,33.92,33.8,33.83,13879,0
2013-07-09,33.5,33.82,33.25,33.73,25500,0
2013-07-10,33.61,33.93,33.61,33.88,10923,0
2013-07-11,33.7,33.7,33.5,33.51,45279,0
2013-07-12,33.51,33.71,33.41,33.63,11029,0
2013-07-15,33.66,33.66,33.46,33.58,20506,0
2013-07-16,33.42,33.53,33.35,33.35,15318,0
2013-07-17,33.35,33.38,33.15,33.25,42216,0
2013-07-18,33.35,33.52,33.31,33.52,196565,0
2013-07-19,33.45,33.45,33.28,33.31,10618,0
2013-07-22,33.45,33.52,33.16,33.23,41065,0
2013-07-23,33.38,33.38,33.26,33.36,7139,0
2013-07-24,33.45,33.59,33.45,33.47,32801,0
2013-07-25,33.66,33.66,33.45,33.51,37808,0
2013-07-26,33.42,33.6,33.42,33.46,20932,0
2013-07-29,33.45,33.6,33.45,33.6,2920,0
2013-07-30,33.6,33.6,33.43,33.51,10628,0
2013-07-31,33.99,34,33.48,33.5,28694,0
2013-08-01,33.57,33.89,33.57,33.81,23895,0
2013-08-02,34.37,34.37,33.47,33.56,23007,0
2013-08-05,33.61,33.63,33.53,33.63,26710,0
2013-08-06,33.76,33.76,33.54,33.58,9729,0
2013-08-07,33.5,33.51,33.42,33.48,19912,0
2013-08-08,33.41,33.53,33.37,33.42,14379,0
2013-08-09,33.53,33.53,33.4,33.46,148246,0
2013-08-12,33.46,33.58,33.34,33.38,219671,0
2013-08-13,33.58,33.81,33.58,33.77,119097,0
2013-08-14,33.82,33.82,33.67,33.79,89788,0
2013-08-15,33.99,34.05,33.8,33.96,64712,0
2013-08-16,33.94,34.19,33.9,34.06,31204,0
2013-08-19,34.19,34.3,34.13,34.21,83204,0
2013-08-20,33.99,34.09,33.99,34.03,207593,0
2013-08-21,34.1,34.46,34.03,34.29,274108,0
2013-08-22,34.27,34.62,34.05,34.05,439183,0
2013-08-23,34.15,34.22,33.94,34.02,37200,0
2013-08-26,33.97,33.97,33.86,33.9,21642,0
2013-08-27,33.76,33.84,33.69,33.74,21374,0
2013-08-28,33.86,33.9,33.77,33.87,9793,0
2013-08-29,33.97,33.99,33.74,33.84,26819,0
2013-08-30,33.9,33.91,33.76,33.9,13781,0
2013-09-03,34.1,34.33,33.54,34.08,20039,0
2013-09-04,34.07,34.19,34.05,34.18,9186,0
2013-09-05,34.41,34.44,34.28,34.44,37094,0
2013-09-06,34.31,34.31,34.07,34.27,49816,0
2013-09-09,34.1,34.15,34.09,34.14,3117,0
2013-09-10,34.1,34.33,34.1,34.26,6682,0
2013-09-11,34.16,34.29,34.1,34.14,5216,0
2013-09-12,34.1,34.16,34,34.13,9030,0
2013-09-13,34.14,34.14,34.03,34.09,8839,0
2013-09-16,33.89,34.05,33.75,34.04,14298,0
2013-09-17,33.9,34.02,33.9,33.95,7536,0
2013-09-18,33.86,34.11,33.45,33.48,171609,0
2013-09-19,33.47,33.6,33.46,33.56,38673,0
2013-09-20,33.55,33.64,33.54,33.6,16083,0
2013-09-23,33.63,33.63,33.44,33.48,13121,0
2013-09-24,33.51,33.51,33.28,33.29,95615,0
2013-09-25,33.44,33.44,33.19,33.24,4785,0
2013-09-26,33.44,33.44,33.27,33.27,5216,0
2013-09-27,33.45,33.45,33.25,33.28,2160,0
2013-09-30,33.39,33.39,33.17,33.17,8141,0
2013-10-01,33.29,33.34,33.2,33.3,11558,0
2013-10-02,33.27,33.27,33.14,33.23,14613,0
2013-10-03,33.14,33.3,32.78,33.09,97727,0
2013-10-04,33.13,33.38,33.12,33.19,22279,0
2013-10-07,33.07,33.21,33.07,33.2,33357,0
2013-10-08,33.35,33.35,33.16,33.2,4827,0
2013-10-09,33.28,33.32,33.2,33.29,13525,0
2013-10-10,33.46,33.46,33.34,33.39,12566,0
2013-10-11,33.38,33.38,33.21,33.33,3346,0
2013-10-14,33.47,33.5,33.31,33.38,7049,0
2013-10-15,33.48,33.48,33.28,33.43,14440,0
2013-10-16,33.6,33.6,33.19,33.23,53219,0
2013-10-17,33.12,33.13,33,33.05,14850,0
2013-10-18,33.01,33.09,33,33.05,13198,0
2013-10-21,33.09,33.19,33.06,33.1,5012,0
2013-10-22,32.94,32.94,32.85,32.85,9431,0
2013-10-23,32.87,32.96,32.73,32.79,21512,0
2013-10-24,32.69,32.88,32.68,32.86,20900,0
2013-10-25,32.87,32.87,32.81,32.84,11428,0
2013-10-28,32.86,32.86,32.8,32.84,6848,0
2013-10-29,32.89,32.89,32.76,32.78,12843,0
2013-10-30,32.8,32.88,32.71,32.88,3983,0
2013-10-31,33.02,33.02,32.77,32.92,7836,0
2013-11-01,33,33.11,32.99,33.09,11115,0
2013-11-04,33.05,33.05,33,33.04,2092,0
2013-11-05,33.15,33.22,33.12,33.18,25539,0
2013-11-06,33.12,33.13,33.09,33.09,6383,0
2013-11-07,32.99,33.15,32.95,32.99,23992,0
2013-11-08,33.27,33.38,33.27,33.35,21591,0
2013-11-11,33.6,33.99,33.25,33.38,7552,0
2013-11-12,33.5,33.5,33.34,33.45,74317,0
2013-11-13,33.35,33.58,33.25,33.31,31808,0
2013-11-14,33.29,33.29,33.1,33.16,17756,0
2013-11-15,33.17,33.17,33.12,33.14,590,0
2013-11-18,33.21,33.22,33.02,33.05,14250,0
2013-11-19,33.13,33.17,33.03,33.16,8079,0
2013-11-20,33.16,33.46,33.06,33.28,9973,0
2013-11-21,33.41,33.45,33.28,33.32,20813,0
2013-11-22,33.29,33.29,33.21,33.24,4276,0
2013-11-25,33.26,33.26,33.13,33.16,9872,0
2013-11-26,33.18,33.18,33.04,33.11,4663,0
2013-11-27,33.12,33.26,33.1,33.18,23308,0
2013-11-29,33.25,33.25,33.16,33.18,2880,0
2013-12-02,33.27,33.55,33.26,33.33,17272,0
2013-12-03,33.25,33.29,33.22,33.29,7170,0
2013-12-04,33.38,33.43,33.37,33.41,28529,0
2013-12-05,33.41,33.52,33.41,33.51,22427,0
2013-12-06,33.52,33.52,33.43,33.47,21005,0
2013-12-09,33.48,33.49,33.4,33.46,40323,0
2013-12-10,33.33,33.34,33.26,33.29,13046,0
2013-12-11,33.39,33.4,33.29,33.38,11540,0
2013-12-12,33.52,33.53,33.44,33.52,21110,0
2013-12-13,33.47,33.49,33.43,33.45,15309,0
2013-12-16,33.35,33.5,33.35,33.49,66065,0
2013-12-17,33.5,33.5,33.36,33.4,20904,0
2013-12-18,33.48,33.65,33.35,33.41,71106,0
2013-12-19,33.58,33.73,33.56,33.64,541773,0
2013-12-20,33.67,33.67,33.52,33.52,17783,0
2013-12-23,33.59,33.65,33.5,33.61,54091,0
2013-12-24,33.72,33.74,33.68,33.73,9249,0
2013-12-26,33.79,33.79,33.74,33.78,21423,0
2013-12-27,33.98,33.98,33.72,33.79,6159,0
2013-12-30,33.7,33.78,33.68,33.72,29173,0
2013-12-31,33.77,34,33.72,33.92,7653,0
2014-01-02,33.8,33.8,33.66,33.73,12654,0
2014-01-03,33.76,33.78,33.67,33.7,20837,0
2014-01-06,33.7,33.7,33.6,33.63,14290,0
2014-01-07,33.61,33.61,33.57,33.58,17272,0
2014-01-08,33.7,33.75,33.67,33.72,57212,0
2014-01-09,33.72,33.76,33.64,33.66,10965,0
2014-01-10,33.58,33.58,33.34,33.37,18182,0
2014-01-13,33.34,33.34,33.25,33.27,23572,0
2014-01-14,33.34,33.39,33.31,33.39,26143,0
2014-01-15,33.49,33.49,33.41,33.41,14609,0
2014-01-16,33.34,33.34,33.28,33.28,14490,0
2014-01-17,33.28,33.32,33.24,33.25,6971,0
2014-01-21,33.26,33.3,33.24,33.24,61701,0
2014-01-22,33.31,33.35,33.3,33.32,13790,0
2014-01-23,33.19,33.21,33.09,33.1,20137,0
2014-01-24,33.2,33.2,32.94,32.99,39105,0
2014-01-27,33.06,33.09,32.95,33.09,61291,0
2014-01-28,33.04,33.08,33.01,33.04,9498,0
2014-01-29,32.92,32.98,32.8,32.83,638926,0
2014-01-30,32.97,33.02,32.89,32.89,6273,0
2014-01-31,33.05,33.05,32.77,32.79,106962,0
2014-02-03,32.95,32.95,32.57,32.57,13066,0
2014-02-04,32.65,32.73,32.65,32.69,19409,0
2014-02-05,32.8,32.8,32.71,32.76,13645,0
2014-02-06,32.84,32.89,32.84,32.87,68076,0
2014-02-07,32.8,32.8,32.73,32.78,38880,0
2014-02-10,32.78,32.79,32.74,32.75,6602,0
2014-02-11,32.84,32.92,32.84,32.87,142973,0
2014-02-12,32.94,33,32.93,32.96,16667,0
2014-02-13,32.82,32.87,32.82,32.83,2993,0
2014-02-14,32.87,32.89,32.81,32.84,24938,0
2014-02-18,32.8,32.8,32.71,32.73,5411,0
2014-02-19,32.63,32.83,32.63,32.79,12648,0
2014-02-20,32.86,32.9,32.82,32.87,2592,0
2014-02-21,32.86,32.87,32.8,32.8,4860,0
2014-02-24,32.9,32.9,32.81,32.83,3250,0
2014-02-25,32.88,32.88,32.7,32.71,21140,0
2014-02-26,32.73,32.73,32.63,32.64,3955,0
2014-02-27,32.59,32.6,32.56,32.6,26893,0
2014-02-28,32.67,32.69,32.6,32.6,12871,0
2014-03-03,32.54,32.54,32.45,32.46,14103,0
2014-03-04,32.62,32.68,32.57,32.68,11316,0
2014-03-05,32.57,32.77,32.57,32.71,39950,0
2014-03-06,32.79,32.83,32.78,32.78,17454,0
2014-03-07,32.95,32.98,32.92,32.92,9359,0
2014-03-10,32.95,32.95,32.88,32.89,5241,0
2014-03-11,32.89,32.94,32.84,32.84,3725,0
2014-03-12,32.73,32.8,32.73,32.75,5969,0
2014-03-13,32.8,32.8,32.58,32.6,21037,0
2014-03-14,32.5,32.58,32.5,32.54,46085,0
2014-03-17,32.59,32.67,32.58,32.66,43637,0
2014-03-18,32.64,32.65,32.59,32.59,9520,0
2014-03-19,32.63,32.99,32.6,32.95,8670,0
2014-03-20,32.91,32.95,32.84,32.85,15415,0
2014-03-21,32.83,32.92,32.79,32.85,48305,0
2014-03-24,32.92,32.94,32.8,32.81,67927,0
2014-03-25,32.81,32.82,32.76,32.76,1317,0
2014-03-26,32.79,32.79,32.67,32.67,9300,0
2014-03-27,32.71,32.73,32.62,32.65,13474,0
2014-03-28,32.69,32.84,32.69,32.74,4758,0
2014-03-31,32.87,32.87,32.73,32.73,4643,0
2014-04-01,32.8,32.86,32.78,32.81,6474,0
2014-04-02,33,33,32.9,32.93,6518,0
2014-04-03,32.91,32.96,32.88,32.93,7148,0
2014-04-04,32.81,32.81,32.7,32.72,4802,0
2014-04-07,32.67,32.69,32.63,32.63,3498,0
2014-04-08,32.66,32.68,32.6,32.6,17015,0
2014-04-09,32.7,32.71,32.59,32.59,12518,0
2014-04-10,32.54,32.56,32.38,32.43,23559,0
2014-04-11,32.39,32.41,32.37,32.41,21559,0
2014-04-14,32.37,32.5,32.37,32.42,22808,0
2014-04-15,32.36,32.53,32.07,32.07,6868,0
2014-04-16,32.45,32.54,32.43,32.43,31622,0
2014-04-17,32.47,32.67,32.47,32.61,7501,0
2014-04-21,32.67,32.67,32.58,32.63,1231,0
2014-04-22,32.69,32.69,32.66,32.68,4836,0
2014-04-23,32.63,32.63,32.53,32.58,3046,0
2014-04-24,32.65,32.65,32.55,32.57,8943,0
2014-04-25,32.5,32.58,32.5,32.54,3917,0
2014-04-28,32.55,32.6,32.52,32.59,3130,0
2014-04-29,32.61,32.64,32.54,32.57,8291,0
2014-04-30,32.48,32.5,32.41,32.41,4473,0
2014-05-01,32.91,32.91,32.06,32.33,5193,0
2014-05-02,32.54,32.54,32.3,32.31,23906,0
2014-05-05,32.24,32.36,32.24,32.32,8475,0
2014-05-06,32.33,32.47,32.23,32.26,6179,0
2014-05-07,32.29,32.31,32.24,32.24,10449,0
2014-05-08,32.26,32.27,32.13,32.23,25374,0
2014-05-09,32.27,32.27,32.19,32.24,3496,0
2014-05-12,32.32,32.34,32.31,32.34,5632,0
2014-05-13,32.22,32.23,32.06,32.2,7264,0
2014-05-14,32.02,32.08,31.96,32.07,37754,0
2014-05-15,32.01,32.01,31.83,32.01,138035,0
2014-05-16,31.91,32,31.89,31.99,70754,0
2014-05-19,31.71,32.04,31.71,32.04,10814,0
2014-05-20,32.01,32.08,31.94,31.94,4619,0
2014-05-21,32.42,32.42,31.15,32.01,10272,0
2014-05-22,32.06,32.06,31.96,32.01,5696,0
2014-05-23,32.2,32.2,31.98,32.04,3674,0
2014-05-27,31.17,32.15,31.17,32,71114,0
2014-05-28,31.83,31.96,31.61,31.83,61603,0
2014-05-29,31.77,31.95,31.7,31.8,11096,0
2014-05-30,31.92,31.92,31.81,31.86,101222,0
2014-06-02,32.01,32.01,31.86,31.9,2815,0
2014-06-03,32.02,32.17,32.02,32.17,5080,0
2014-06-04,32.09,32.34,31.95,32.34,16773,0
2014-06-05,32.15,32.15,32.05,32.05,1496,0
2014-06-06,32.01,32.15,32.01,32.12,4033,0
2014-06-09,32.24,32.34,32.13,32.19,17670,0
2014-06-10,32,32.3,31.97,32.21,14853,0
2014-06-11,32.28,32.28,32.08,32.11,4896,0
2014-06-12,32.21,32.24,31.9,31.91,149711,0
2014-06-13,32.13,32.24,31.96,31.99,8920,0
2014-06-16,32.13,32.18,32.06,32.18,12560,0
2014-06-17,32.07,32.28,32.07,32.28,9368,0
2014-06-18,32.28,32.28,32.06,32.07,2054,0
2014-06-19,31.91,32.28,31.91,32.25,152178,0
2014-06-20,32.25,32.3,32.08,32.14,76691,0
2014-06-23,32.22,32.22,31.97,32.16,27817,0
2014-06-24,32.06,32.2,32,32.04,30724,0
2014-06-25,32.02,32.07,31.91,32.02,2194,0
2014-06-26,31.95,32.07,31.75,31.9,34025,0
2014-06-27,31.93,31.93,31.75,31.85,55395,0
2014-06-30,31.99,31.99,31.8,31.81,18890,0
2014-07-01,32,32.08,31.83,31.98,34018,0
2014-07-02,32.03,32.1,31.86,32.1,6900,0
2014-07-03,32.36,32.36,32.11,32.11,3671,0
2014-07-07,32.12,32.12,31.98,32.08,6778,0
2014-07-08,32.28,32.32,31.85,31.9,18845,0
2014-07-09,32.02,32.05,31.88,31.93,12312,0
2014-07-10,31.8,31.9,31.77,31.85,9519,0
2014-07-11,31.81,31.87,31.75,31.77,2773,0
2014-07-14,31.86,31.92,31.8,31.8,3240,0
2014-07-15,31.82,32,31.82,31.85,10698,0
2014-07-16,31.96,31.96,31.8,31.82,25333,0
2014-07-17,31.8,31.82,31.48,31.48,19954,0
2014-07-18,31.83,31.83,31.57,31.71,5363,0
2014-07-21,31.65,31.75,31.55,31.65,278630,0
2014-07-22,31.7,31.73,31.62,31.7,11862,0
2014-07-23,31.7,31.7,31.6,31.63,18007,0
2014-07-24,31.84,31.85,31.65,31.8,44932,0
2014-07-25,31.93,31.93,31.59,31.82,5973,0
2014-07-28,31.69,31.85,31.6,31.68,3980,0
2014-07-29,31.67,31.69,31.53,31.63,10638,0
2014-07-30,31.85,31.97,31.85,31.97,3324,0
2014-07-31,31.93,31.93,31.78,31.87,5538,0
2014-08-01,31.81,31.88,31.66,31.79,12480,0
2014-08-04,31.76,31.76,31.59,31.67,3998,0
2014-08-05,31.64,31.75,31.56,31.72,8377,0
2014-08-06,31.62,31.68,31.56,31.63,22697,0
2014-08-07,31.6,31.69,31.35,31.35,12938,0
2014-08-08,31.34,31.51,31.21,31.48,13441,0
2014-08-11,31.51,31.51,31.49,31.5,1251,0
2014-08-12,31.53,31.56,31.48,31.56,4459,0
2014-08-13,31.48,31.59,31.42,31.49,16459,0
2014-08-14,31.4,31.4,31.35,31.4,7065,0
2014-08-15,31.38,31.43,31.25,31.27,12884,0
2014-08-18,31.29,31.39,31.29,31.39,8255,0
2014-08-19,31.4,31.48,31.3,31.32,2791,0
2014-08-20,31.34,31.5,31.31,31.45,10995,0
2014-08-21,31.54,31.54,31.36,31.36,16277,0
2014-08-22,31.44,31.49,31.34,31.44,1987,0
2014-08-25,31.52,31.52,31.39,31.41,15510,0
2014-08-26,31.35,31.42,31.32,31.42,3679,0
2014-08-27,31.4,31.4,31.3,31.3,30499,0
2014-08-28,31.33,31.33,31.19,31.24,10203,0
2014-08-29,31.28,31.31,30.77,31.25,9192,0
2014-09-02,31.44,31.49,31.35,31.37,2910,0
2014-09-03,31.51,31.51,31.37,31.39,11837,0
2014-09-04,31.37,31.56,31.37,31.51,40707,0
2014-09-05,31.46,31.58,31.35,31.58,9331,0
2014-09-08,31.52,31.55,31.38,31.55,34795,0
2014-09-09,31.59,31.71,31.5,31.59,15034,0
2014-09-10,31.69,31.77,31.6,31.6,8236,0
2014-09-11,31.65,31.72,31.6,31.67,7472,0
2014-09-12,31.82,31.92,31.73,31.92,58934,0
2014-09-15,31.87,31.89,31.75,31.77,15683,0
2014-09-16,31.7,31.79,31.7,31.78,12907,0
2014-09-17,31.81,31.91,31.77,31.91,5011,0
2014-09-18,31.79,31.94,31.79,31.93,10774,0
2014-09-19,31.87,31.94,31.75,31.88,14506,0
2014-09-22,31.83,31.83,31.62,31.68,3597,0
2014-09-23,31.7,31.7,31.6,31.63,17506,0
2014-09-24,31.7,31.77,31.66,31.71,2375,0
2014-09-25,32.14,32.14,31.51,31.58,3188,0
2014-09-26,31.5,31.75,31.5,31.62,2631,0
2014-09-29,31.61,31.61,31.45,31.45,23328,0
2014-09-30,31.5,31.65,31.5,31.55,3708,0
2014-10-01,31.35,31.65,31.25,31.31,11495,0
2014-10-02,31.31,31.42,31.21,31.38,7181,0
2014-10-03,31.53,31.53,31.36,31.4,6064,0
2014-10-06,31.39,31.45,31.29,31.32,9618,0
2014-10-07,31.18,31.31,31.08,31.1,23702,0
2014-10-08,31.05,31.18,31.02,31.03,5346,0
2014-10-09,31.04,31.11,31.01,31.08,26757,0
2014-10-10,31.01,31.05,30.92,31,12824,0
2014-10-13,31.2,31.2,30.71,30.71,118341,0
2014-10-14,30.71,30.82,30.69,30.71,25833,0
2014-10-15,30.88,30.88,29.99,30.54,73157,0
2014-10-16,30.46,30.69,30.39,30.62,57832,0
2014-10-17,30.67,30.78,30.67,30.73,8045,0
2014-10-20,30.71,30.73,30.65,30.67,29109,0
2014-10-21,30.76,30.81,30.7,30.76,4748,0
2014-10-22,30.82,30.85,30.75,30.75,3807,0
2014-10-23,30.83,30.97,30.7,30.97,11915,0
2014-10-24,30.91,30.91,30.82,30.9,17382,0
2014-10-27,30.79,30.9,30.74,30.77,52036,0
2014-10-28,30.86,30.94,30.77,30.88,7954,0
2014-10-29,30.93,31.05,30.93,30.99,5674,0
2014-10-30,30.97,30.98,30.85,30.98,1920,0
2014-10-31,31,31.05,31,31.04,9794,0
2014-11-03,30.93,31.07,30.93,31.01,2295,0
2014-11-04,30.98,30.98,30.94,30.94,513,0
2014-11-05,30.95,31.09,30.93,31.01,9139,0
2014-11-06,31.05,31.13,30.98,31.08,10117,0
2014-11-07,31.02,31.02,30.87,30.92,3587,0
2014-11-10,30.98,31.05,30.86,31.01,4846,0
2014-11-11,30.98,31.1,30.93,31.05,2707,0
2014-11-12,31.03,31.06,30.96,31.06,5262,0
2014-11-13,30.95,31.04,30.91,31.02,71265,0
2014-11-14,30.94,31.08,30.94,30.94,313,0
2014-11-17,30.93,30.98,30.86,30.98,6637,0
2014-11-18,30.84,30.98,30.84,30.89,88213,0
2014-11-19,30.95,30.99,30.87,30.99,7869,0
2014-11-20,30.86,30.97,30.81,30.91,9257,0
2014-11-21,30.89,30.9,30.81,30.85,107551,0
2014-11-24,30.89,30.91,30.82,30.83,61917,0
2014-11-25,30.79,30.84,30.74,30.76,7897,0
2014-11-26,30.7,30.75,30.68,30.72,75863,0
2014-11-28,30.66,30.66,30.52,30.52,11861,0
2014-12-01,30.48,30.64,30.45,30.64,54425,0
2014-12-02,30.75,30.78,30.67,30.78,5920,0
2014-12-03,30.74,30.84,30.74,30.79,28178,0
2014-12-04,30.69,30.85,30.66,30.68,5143,0
2014-12-05,30.79,30.86,30.72,30.82,18627,0
2014-12-08,30.83,30.9,30.67,30.69,13295,0
2014-12-09,30.65,30.65,30.52,30.57,3816,0
2014-12-10,30.65,30.65,30.5,30.5,4168,0
2014-12-11,30.54,30.6,30.52,30.52,63487,0
2014-12-12,30.41,30.46,30.26,30.26,15142,0
2014-12-15,30.33,30.37,30.29,30.36,4291,0
2014-12-16,30.25,30.32,30.22,30.26,12480,0
2014-12-17,30.21,30.44,30.2,30.44,14880,0
2014-12-18,30.58,30.66,30.52,30.58,75086,0
2014-12-19,30.58,30.63,30.46,30.53,15432,0
2014-12-22,30.5,30.52,30.4,30.49,44109,0
2014-12-23,30.35,30.7,30.35,30.7,11817,0
2014-12-24,30.74,30.78,30.7,30.72,1575,0
2014-12-26,30.72,30.72,30.6,30.68,4243,0
2014-12-29,30.68,30.68,30.55,30.56,3447,0
2014-12-30,30.55,30.55,30.42,30.52,13738,0
2014-12-31,30.52,30.52,30.44,30.5,10847,0
2015-01-02,30.31,30.44,30.3,30.4,19478,0
2015-01-05,30.25,30.26,30.1,30.15,51912,0
2015-01-06,30.03,30.04,29.83,29.97,47942,0
2015-01-07,30,30.06,29.92,29.98,70910,0
2015-01-08,30.02,30.08,29.99,30.04,8549,0
2015-01-09,30.13,30.13,29.9,29.97,7616,0
2015-01-12,29.98,29.98,29.81,29.81,2820,0
2015-01-13,29.82,29.9,29.72,29.76,12460,0
2015-01-14,29.61,29.65,29.5,29.65,23042,0
2015-01-15,29.62,29.63,29.36,29.36,36967,0
2015-01-16,29.45,29.62,29.42,29.58,27689,0
2015-01-20,29.36,29.58,29.36,29.55,17331,0
2015-01-21,29.49,29.72,29.49,29.64,8830,0
2015-01-22,29.62,29.82,29.3,29.76,15020,0
2015-01-23,29.64,29.64,29.5,29.51,24699,0
2015-01-26,29.5,29.64,29.47,29.61,11744,0
2015-01-27,29.43,29.58,29.29,29.56,7959,0
2015-01-28,29.49,29.58,29.32,29.32,36608,0
2015-01-29,29.44,29.47,29.3,29.43,12476,0
2015-01-30,29.42,29.42,29.01,29.24,32167,0
2015-02-02,29.28,29.44,29.2,29.25,20377,0
2015-02-03,29.41,29.47,29.32,29.47,7217,0
2015-02-04,29.56,29.6,29.43,29.43,4811,0
2015-02-05,29.55,29.55,29.46,29.46,71283,0
2015-02-06,29.69,29.88,29.66,29.84,39754,0
2015-02-09,29.8,29.9,29.79,29.9,2689,0
2015-02-10,30,30,29.86,29.96,22584,0
2015-02-11,29.93,29.99,29.89,29.91,1889,0
2015-02-12,29.91,29.96,29.78,29.96,59417,0
2015-02-13,29.7,30.03,29.7,30.03,3430,0
2015-02-17,30.06,30.28,30.06,30.24,32155,0
2015-02-18,30.15,30.25,30.02,30.03,21338,0
2015-02-19,30.06,30.19,30.06,30.19,3902,0
2015-02-20,30.03,30.2,29.99,30.19,19384,0
2015-02-23,30.06,30.18,30.04,30.05,7576,0
2015-02-24,30.1,30.18,29.82,29.84,11216,0
2015-02-25,29.89,29.89,29.81,29.85,1345,0
2015-02-26,29.89,30.02,29.88,30.02,4500,0
2015-02-27,29.95,30.01,29.92,29.92,1463,0
2015-03-02,29.93,30.09,29.88,30.09,180600,0
2015-03-03,30.09,30.18,30.03,30.18,18800,0
2015-03-04,30.17,30.19,30.04,30.15,34100,0
2015-03-05,30.12,30.16,30.08,30.13,7700,0
2015-03-06,30.35,30.48,30.35,30.44,8600,0
2015-03-09,30.35,30.4,30.27,30.33,24100,0
2015-03-10,30.12,30.23,30.11,30.17,3900,0
2015-03-11,30.12,30.22,30.06,30.09,12500,0
2015-03-12,29.98,30.07,29.98,30.07,1900,0
2015-03-13,30.14,30.19,29.98,30.05,26800,0
2015-03-16,29.97,30.04,29.96,30.04,11300,0
2015-03-17,29.93,30,29.92,29.92,17200,0
2015-03-18,29.85,29.93,29.7,29.72,25000,0
2015-03-19,29.68,29.75,29.67,29.75,10000,0
2015-03-20,29.63,29.71,29.61,29.67,8000,0
2015-03-23,29.6,29.67,29.55,29.55,30700,0
2015-03-24,29.58,29.6,29.5,29.5,8700,0
2015-03-25,29.42,29.63,29.42,29.55,77700,0
2015-03-26,29.65,29.81,29.65,29.81,7400,0
2015-03-27,29.67,29.7,29.6,29.7,2900,0
2015-03-30,29.65,29.7,29.64,29.68,9500,0
2015-03-31,29.6,29.62,29.56,29.57,5122,0
2015-04-01,29.45,29.47,29.41,29.41,2400,0
2015-04-02,29.47,29.58,29.47,29.58,4900,0
2015-04-06,29.41,29.5,29.38,29.5,1600,0
2015-04-07,29.49,29.53,29.47,29.53,1720,0
2015-04-08,29.5,29.51,29.4,29.51,3500,0
2015-04-09,29.3,29.64,29.3,29.58,5757,0
2015-04-10,29.58,29.64,29.55,29.61,1100,0
2015-04-13,29.59,29.59,29.53,29.53,1500,0
2015-04-14,29.43,29.46,29.36,29.44,4200,0
2015-04-15,29.43,29.47,29.38,29.38,4009,0
2015-04-16,29.38,29.53,29.36,29.4,8406,0
2015-04-17,29.46,29.46,29.33,29.33,1800,0
2015-04-20,29.33,29.41,29.33,29.41,3654,0
2015-04-21,29.41,29.49,29.3,29.45,10668,0
2015-04-22,29.55,29.6,29.53,29.6,5008,0
2015-04-23,29.61,29.62,29.55,29.57,2700,0
2015-04-24,29.47,29.52,29.43,29.46,21359,0
2015-04-27,29.47,29.54,29.47,29.47,5300,0
2015-04-28,29.57,29.64,29.55,29.64,6472,0
2015-04-29,29.81,29.85,29.72,29.73,65500,0
2015-04-30,29.79,29.88,29.74,29.75,57400,0
2015-05-01,29.85,29.93,29.84,29.93,13000,0
2015-05-04,29.84,29.92,29.82,29.92,5200,0
2015-05-05,30,30.06,29.99,29.99,4700,0
2015-05-06,30.01,30.21,30.01,30.16,49360,0
2015-05-07,30.12,30.12,30.01,30.07,8208,0
2015-05-08,29.86,30.16,29.83,29.93,26900,0
2015-05-11,30.08,30.18,29.95,30.15,4500,0
2015-05-12,30.24,30.29,30.14,30.14,12556,0
2015-05-13,30.11,30.23,30,30.23,7076,0
2015-05-14,30.16,30.16,30.07,30.15,47800,0
2015-05-15,30.02,30.22,29.85,29.86,11126,0
2015-05-18,29.94,30.1,29.94,30.06,6331,0
2015-05-19,30.24,30.24,30.07,30.15,27079,0
2015-05-20,30.16,30.19,30.07,30.12,10624,0
2015-05-21,30.03,30.12,29.97,29.97,2700,0
2015-05-22,30.09,30.09,30.05,30.08,2200,0
2015-05-26,30.02,30.02,29.85,29.85,6435,0
2015-05-27,30.01,30.01,29.89,29.96,3900,0
2015-05-28,29.93,29.93,29.77,29.82,2991,0
2015-05-29,29.78,29.82,29.75,29.82,2300,0
2015-06-01,29.91,29.99,29.9,29.97,5997,0
2015-06-02,30.16,30.16,30.11,30.12,6959,0
2015-06-03,30.28,30.43,30.28,30.42,8100,0
2015-06-04,30.3,30.39,30.23,30.29,23300,0
2015-06-05,30.52,30.57,30.34,30.51,13500,0
2015-06-08,30.41,30.65,30.35,30.35,4400,0
2015-06-09,30.47,30.6,30.42,30.47,11998,0
2015-06-10,30.5,30.67,30.5,30.64,6708,0
2015-06-11,30.56,30.6,30.39,30.39,13830,0
2015-06-12,30.5,30.5,30.34,30.37,1400,0
2015-06-15,30.26,30.34,30.2,30.31,1400,0
2015-06-16,30.34,30.34,30.2,30.21,1700,0
2015-06-17,30.25,30.4,30.21,30.21,4100,0
2015-06-18,30.2,30.37,30.19,30.19,4800,0
2015-06-19,30.08,30.11,30.05,30.05,6100,0
2015-06-22,30.15,30.27,30.15,30.24,2000,0
2015-06-23,30.46,30.54,30.37,30.39,3148,0
2015-06-24,30.4,30.43,30.34,30.34,2500,0
2015-06-25,30.43,30.56,30.37,30.41,2800,0
2015-06-26,30.46,30.6,30.46,30.6,6300,0
2015-06-29,30.41,30.41,30.2,30.29,4600,0
2015-06-30,30.37,30.37,30.13,30.35,4183,0
2015-07-01,30.52,30.55,30.38,30.55,500,0
2015-07-02,30.37,30.38,30.28,30.28,1100,0
2015-07-06,30.19,30.29,30.03,30.03,1500,0
2015-07-07,29.85,29.99,29.83,29.99,7400,0
2015-07-08,29.96,29.96,29.82,29.85,42300,0
2015-07-09,30.02,30.13,29.99,29.99,3200,0
2015-07-10,30.2,30.37,30.2,30.28,4700,0
2015-07-13,30.42,30.45,30.28,30.45,1200,0
2015-07-14,30.29,30.29,30.28,30.28,1715,0
2015-07-15,30.29,30.3,30.29,30.3,1540,0
2015-07-16,30.22,30.22,30.12,30.13,4000,0
2015-07-17,30.2,30.27,30.12,30.14,1400,0
2015-07-20,30.25,30.3,30.18,30.2,1500,0
2015-07-21,30.14,30.14,30.13,30.13,500,0
2015-07-22,30.22,30.22,30.09,30.17,10700,0
2015-07-23,30.14,30.2,30.03,30.09,3900,0
2015-07-24,29.89,30.02,29.89,29.91,14500,0
2015-07-27,29.8,29.89,29.8,29.85,7200,0
2015-07-28,29.86,29.98,29.86,29.98,1500,0
2015-07-29,29.98,30.03,29.95,29.99,4600,0
2015-07-30,29.94,30,29.9,30,6300,0
2015-07-31,29.77,29.83,29.71,29.83,12100,0
2015-08-03,29.67,29.79,29.67,29.7,2049,0
2015-08-04,29.72,29.72,29.72,29.72,1700,0
2015-08-05,29.89,29.9,29.89,29.89,1900,0
2015-08-06,29.85,29.85,29.85,29.85,2492,0
2015-08-07,29.88,29.88,29.68,29.68,4000,0
2015-08-10,29.77,29.86,29.77,29.83,16900,0
2015-08-11,29.67,29.7,29.52,29.62,13915,0
2015-08-12,29.56,29.62,29.5,29.62,7000,0
2015-08-13,29.79,29.79,29.64,29.7,24800,0
2015-08-14,29.86,29.86,29.68,29.68,2900,0
2015-08-17,29.68,29.74,29.59,29.72,14500,0
2015-08-18,29.8,29.8,29.65,29.79,6200,0
2015-08-19,29.74,29.78,29.53,29.53,42400,0
2015-08-20,29.6,29.6,29.45,29.45,7800,0
2015-08-21,29.4,29.44,29.34,29.34,2900,0
2015-08-24,29.06,31.9,25.01,29.37,21771,0
2015-08-25,29.4,29.54,29.39,29.41,19000,0
2015-08-26,29.68,29.7,29.51,29.65,7700,0
2015-08-27,29.78,29.78,29.58,29.59,3200,0
2015-08-28,29.48,29.7,29.48,29.63,3300,0
2015-08-31,29.64,29.71,29.56,29.71,15900,0
2015-09-01,29.75,29.75,29.51,29.51,15300,0
2015-09-02,29.58,29.66,29.57,29.57,3400,0
2015-09-03,29.49,29.56,29.49,29.51,2200,0
2015-09-04,29.57,29.57,29.49,29.49,1200,0
2015-09-08,29.57,29.64,29.55,29.59,21400,0
2015-09-09,29.79,29.79,29.59,29.66,9200,0
2015-09-10,29.42,29.67,29.42,29.65,12079,0
2015-09-11,29.76,29.76,29.5,29.58,2600,0
2015-09-14,29.6,29.61,29.48,29.55,9300,0
2015-09-15,29.6,29.76,29.6,29.76,12100,0
2015-09-16,29.84,29.84,29.7,29.81,1800,0
2015-09-17,29.72,29.77,29.55,29.55,18064,0
2015-09-18,29.44,29.5,29.39,29.39,4300,0
2015-09-21,29.51,29.56,29.51,29.54,1800,0
2015-09-22,29.5,29.5,29.2,29.39,12200,0
2015-09-23,29.38,29.43,29.38,29.43,23258,0
2015-09-24,29.24,29.36,29.23,29.34,3169,0
2015-09-25,29.43,29.47,29.43,29.44,2300,0
2015-09-28,29.47,29.47,29.26,29.27,1628,0
2015-09-29,29.23,29.24,29.14,29.14,42100,0
2015-09-30,29.26,29.26,29.15,29.16,6100,0
2015-10-01,29.09,29.19,29.09,29.15,4500,0
2015-10-02,28.94,29.06,28.89,29.05,12200,0
2015-10-05,29.1,29.14,29.1,29.1,3076,0
2015-10-06,29.2,29.24,29.11,29.21,2500,0
2015-10-07,29.27,29.27,29.13,29.18,1858,0
2015-10-08,29.25,29.26,29.15,29.18,9900,0
2015-10-09,29.29,29.29,29.29,29.29,400,0
2015-10-12,29.13,29.22,29.13,29.22,863,0
2015-10-13,29.14,29.14,29.11,29.11,1800,0
2015-10-14,28.95,28.95,28.93,28.93,700,0
2015-10-15,29,29.07,28.95,29.04,2200,0
2015-10-16,29.05,29.09,28.99,29.06,10200,0
2015-10-19,29.14,29.14,29.03,29.12,8204,0
2015-10-20,29.13,29.15,29.11,29.11,857,0
2015-10-21,29.04,29.07,29.04,29.07,1600,0
2015-10-22,29.07,29.1,29.02,29.02,1600,0
2015-10-23,29.27,29.27,29.15,29.2,8400,0
2015-10-26,29.21,29.21,29.11,29.11,1200,0
2015-10-27,29.02,29.06,29.02,29.05,1500,0
2015-10-28,29.04,29.23,29.04,29.23,2100,0
2015-10-29,29.27,29.37,29.27,29.37,3600,0
2015-10-30,29.23,29.4,29.23,29.31,3900,0
2015-11-02,29.36,29.47,29.36,29.37,974,0
2015-11-03,29.4,29.47,29.4,29.47,1982,0
2015-11-04,29.5,29.55,29.5,29.52,1964,0
2015-11-05,29.61,29.67,29.47,29.51,5400,0
2015-11-06,29.77,29.8,29.75,29.8,2200,0
2015-11-09,29.83,29.85,29.82,29.82,1475,0
2015-11-10,29.74,29.83,29.74,29.76,18900,0
2015-11-11,29.76,29.76,29.76,29.76,100,0
2015-11-12,29.76,29.77,29.72,29.75,2600,0
2015-11-13,29.69,29.69,29.62,29.62,700,0
2015-11-16,29.53,29.59,29.53,29.58,600,0
2015-11-17,29.59,29.73,29.58,29.59,3500,0
2015-11-18,29.64,29.67,29.59,29.59,13800,0
2015-11-19,29.55,29.57,29.55,29.55,3100,0
2015-11-20,29.5,29.59,29.5,29.58,5400,0
2015-11-23,29.6,29.62,29.53,29.56,2800,0
2015-11-24,29.53,29.54,29.48,29.54,4700,0
2015-11-25,29.52,29.54,29.48,29.51,59700,0
2015-11-27,29.58,29.58,29.45,29.47,10300,0
2015-11-30,29.48,29.48,29.42,29.47,3600,0
2015-12-01,29.5,29.64,29.29,29.29,21362,0
2015-12-02,29.36,29.39,29.34,29.34,15195,0
2015-12-03,29.44,29.71,29.44,29.7,14032,0
2015-12-04,29.6,29.68,29.55,29.57,2800,0
2015-12-07,29.59,29.59,29.41,29.41,4500,0
2015-12-08,29.38,29.46,29.38,29.42,1952,0
2015-12-09,29.49,29.54,29.36,29.38,29500,0
2015-12-10,29.4,29.47,29.38,29.47,7900,0
2015-12-11,29.31,29.35,29.21,29.23,6300,0
2015-12-14,29.41,29.43,29.29,29.38,1282,0
2015-12-15,29.28,29.6,29.28,29.5,3400,0
2015-12-16,29.57,29.61,29.53,29.6,1900,0
2015-12-17,29.58,29.58,29.42,29.48,8700,0
2015-12-18,29.47,29.47,29.32,29.35,11200,0
2015-12-21,29.32,29.41,29.32,29.35,1500,0
2015-12-22,29.42,29.5,29.38,29.43,27008,0
2015-12-23,29.48,29.54,29.47,29.47,3500,0
2015-12-24,29.55,29.55,29.429,29.44,31188,0
2015-12-28,29.433,29.433,29.356,29.356,2715,0
2015-12-29,29.44,29.61,29.44,29.61,8976,0
2015-12-30,29.57,29.63,29.552,29.59,6291,0
2015-12-31,29.4401,29.559,29.4401,29.5154,3370,0
2016-01-04,29.39,29.4899,29.2818,29.4899,7386,0
2016-01-05,29.4144,29.4144,29.3435,29.38,2216,0
2016-01-06,29.37,29.37,29.1968,29.1968,2558,0
2016-01-07,29.08,29.289,29.08,29.15,16726,0
2016-01-08,29.31,29.31,29.0401,29.0983,4692,0
2016-01-11,29.27,29.27,29.09,29.09,3352,0
2016-01-12,29.18,29.18,29,29.0638,11735,0
2016-01-13,29.1095,29.1095,28.91,28.976,6093,0
2016-01-14,28.9904,29.084,28.96,29.03,3739,0
2016-01-15,28.81,28.9,28.79,28.83,33223,0
2016-01-19,28.87,28.9,28.85,28.87,5000,0
2016-01-20,28.8,28.8,28.59,28.71,10363,0
2016-01-21,28.78,28.78,28.6201,28.78,16705,0
2016-01-22,28.87,28.937,28.8401,28.88,4668,0
2016-01-25,28.78,28.81,28.7542,28.7848,3163,0
2016-01-26,28.77,28.7756,28.74,28.77,2903,0
2016-01-27,28.77,28.8876,28.69,28.72,4097,0
2016-01-28,28.728,28.7999,28.64,28.785,1024,0
2016-01-29,28.57,28.674,28.5256,28.5256,8676,0
2016-02-01,28.64,28.664,28.5146,28.6,5607,0
2016-02-02,28.41,28.56,28.41,28.47,1386,0
2016-02-03,28.365,28.38,28.365,28.38,3594,0
2016-02-04,28.42,28.42,28.323,28.3604,2594,0
2016-02-05,28.36,28.454,28.3,28.3899,17991,0
2016-02-08,27.61,28.2,27.61,28.13,7788,0
2016-02-09,27.81,28.164,27.39,28.09,81512,0
2016-02-10,28.01,28.22,28,28,5180,0
2016-02-11,27.86,27.942,27.7801,27.89,8649,0
2016-02-12,27.91,28.1599,27.91,28.02,21514,0
2016-02-16,28.25,28.25,28.13,28.17,4107,0
2016-02-17,28.33,28.3799,28.25,28.25,11998,0
2016-02-18,28.36,28.36,28.17,28.17,3476,0
2016-02-19,28.14,28.15,28.07,28.15,6638,0
2016-02-22,28.12,28.199,28.11,28.17,7793,0
2016-02-23,28.26,28.26,28.06,28.11,8647,0
2016-02-24,28.03,28.12,27.91,28.12,26235,0
2016-02-25,28.01,28.04,28,28,1011,0
2016-02-26,28.11,28.2199,28.11,28.2199,902,0
2016-02-29,28.12,28.15,28.11,28.11,749,0
2016-03-01,28.12,28.316,28.05,28.316,7887,0
2016-03-02,28.36,28.41,28.3101,28.36,1227,0
2016-03-03,28.24,28.429,28.24,28.429,787,0
2016-03-04,28.45,28.4665,28.4,28.4,3241,0
2016-03-07,28.43,28.5,28.43,28.49,5232,0
2016-03-08,28.228,28.31,28.228,28.2901,1257,0
2016-03-09,28.43,28.44,28.3701,28.4158,2641,0
2016-03-10,28.42,28.57,28.42,28.57,3658,0
2016-03-11,28.62,28.62,28.5401,28.5401,821,0
2016-03-14,28.605,28.635,28.54,28.5567,1225,0
2016-03-15,28.39,28.592,28.39,28.58,941,0
2016-03-16,28.64,28.6884,28.5455,28.6312,2777,0
2016-03-17,28.28,28.47,28.28,28.41,62005,0
2016-03-18,28.3,28.4599,28.2801,28.2801,1634,0
2016-03-21,28.47,28.481,28.4062,28.44,2863,0
2016-03-22,28.44,28.44,28.44,28.44,429,0
2016-03-23,28.5099,28.5099,28.43,28.43,1356,0
2016-03-24,28.3996,28.43,28.3996,28.43,1432,0
2016-03-28,28.4,28.4,28.3,28.304,3946,0
2016-03-29,28.3,28.3499,28.14,28.14,822,0
2016-03-30,28.2454,28.2454,28.2454,28.2454,309,0
2016-03-31,28.12,28.12,28.05,28.05,329,0
2016-04-01,28.03,28.16,28.03,28.1,6062,0
2016-04-04,28.102,28.102,28.102,28.102,615,0
2016-04-05,27.96,27.9969,27.96,27.9969,785,0
2016-04-06,28,28.05,27.9801,28.05,3261,0
2016-04-07,27.92,27.94,27.897,27.91,13312,0
2016-04-08,27.97,27.97,27.95,27.95,1279,0
2016-04-11,27.9956,27.9956,27.9956,27.9956,319,0
2016-04-12,28.0105,28.071,28.0059,28.03,4110,0
2016-04-13,28.082,28.082,27.9801,28,6086,0
2016-04-14,28.05,28.07,28.05,28.07,1194,0
2016-04-15,28.04,28.08,27.96,28.03,3222,0
2016-04-18,28.098,28.098,28.012,28.052,2593,0
2016-04-19,28.08,28.11,28.0164,28.06,2291,0
2016-04-20,28.01,28.01,28.01,28.01,230,0
2016-04-21,28.25,28.31,28.25,28.26,3203,0
2016-04-22,28.321,28.33,28.24,28.314,2954,0
2016-04-25,28.28,28.28,28.27,28.28,9395,0
2016-04-26,28.372,28.372,28.302,28.37,1598,0
2016-04-27,28.28,28.29,28.189,28.2169,4703,0
2016-04-28,28.19,28.26,28.15,28.1633,3072,0
2016-04-29,28.2499,28.2499,28.14,28.14,603,0
2016-05-02,28.1501,28.18,28.13,28.18,2557,0
2016-05-03,28.09,28.09,28.09,28.09,526,0
2016-05-04,28,28.0685,28,28.022,3864,0
2016-05-05,27.98,28.04,27.93,27.93,8886,0
2016-05-10,27.91,27.9799,27.9,27.9799,9880,0
2016-05-11,27.9,27.94,27.9,27.9,3973,0
2016-05-12,27.9799,27.9999,27.94,27.9999,1339,0
2016-05-13,27.8918,27.8918,27.8301,27.8301,352,0
2016-05-16,27.92,27.93,27.92,27.93,271,0
2016-05-17,28.02,28.02,27.95,27.95,1524,0
2016-05-18,28.1499,28.24,28.1,28.24,1817,0
2016-05-19,28.23,28.24,28.1001,28.23,16057,0
2016-05-20,28.16,28.182,28.16,28.182,549,0
2016-05-23,28.17,28.19,28.0901,28.13,1786,0
2016-05-25,28.16,28.22,28.16,28.22,2372,0
2016-05-26,28.2,28.2,28.16,28.17,1044,0
2016-05-27,28.08,28.18,28.08,28.1792,4036,0
2016-05-31,28.28,28.28,28.0988,28.15,9741,0
2016-06-01,28.09,28.17,28.0801,28.17,3953,0
2016-06-02,28.07,28.075,28.07,28.0746,1581,0
2016-06-03,27.98,27.98,27.8405,27.8405,15615,0
2016-06-06,28,28,28,28,224,0
2016-06-07,27.78,27.81,27.77,27.81,4040,0
2016-06-08,27.7,27.8999,27.7,27.78,8038,0
2016-06-09,27.72,27.83,27.64,27.73,6830,0
2016-06-10,27.3,27.7599,27.3,27.67,13967,0
2016-06-13,27.567,27.7399,27.5301,27.56,5377,0
2016-06-14,27.61,27.6299,27.5001,27.6292,20500,0
2016-06-15,27.587,27.587,27.55,27.55,3343,0
2016-06-16,27.5,27.5,27.4435,27.4435,13111,0
2016-06-17,27.5401,27.5804,27.5401,27.5804,424,0
2016-06-20,27.67,27.7248,27.67,27.68,751,0
2016-06-21,27.74,27.81,27.7001,27.725,15945,0
2016-06-22,27.8099,27.8099,27.7566,27.7566,626,0
2016-06-23,27.78,27.8592,27.77,27.8592,5609,0
2016-06-24,27.49,27.55,27.3217,27.5489,16587,0
2016-06-27,27.27,27.2899,27.1901,27.2,41843,0
2016-06-28,27.21,27.25,27.19,27.19,7545,0
2016-06-29,27.22,27.32,27.19,27.32,3411,0
2016-06-30,27.33,27.33,27.185,27.185,518,0
2016-07-01,27.13,27.181,27.13,27.1501,2404,0
2016-07-05,27.06,27.1899,26.9404,27.04,15388,0
2016-07-06,27,27.09,27,27.01,15350,0
2016-07-07,27.0756,27.12,27.01,27.01,22489,0
2016-07-08,27.08,27.08,27.04,27.0424,6432,0
2016-07-11,27.08,27.15,27.08,27.15,6916,0
2016-07-12,27.23,27.3311,27.23,27.3311,9629,0
2016-07-13,27.25,27.28,27.172,27.27,5672,0
2016-07-14,27.31,27.3599,27.2701,27.35,76054,0
2016-07-15,27.48,27.5,27.38,27.48,17610,0
2016-07-18,27.399,27.4992,27.399,27.435,2539,0
2016-07-19,27.3714,27.4499,27.37,27.37,13964,0
2016-07-20,27.39,27.4899,27.39,27.45,1054,0
2016-07-21,27.529,27.529,27.34,27.3999,1708,0
2016-07-22,27.337,27.428,27.337,27.428,3463,0
2016-07-25,27.19,27.478,27.19,27.4025,9121,0
2016-07-26,27.4,27.4,27.38,27.398,3670,0
2016-07-27,27.33,27.39,27.33,27.39,2900,0
2016-07-28,27.36,27.36,27.231,27.319,658,0
2016-07-29,27.226,27.226,27.1301,27.1301,1334,0
2016-08-01,27.57,27.98,27.151,27.2364,8790,0
2016-08-02,27.29,27.31,27.25,27.31,14265,0
2016-08-03,27.31,27.35,27.31,27.31,2263,0
2016-08-04,27.31,27.31,27.19,27.25,4001,0
2016-08-05,27.35,27.4499,27.35,27.4124,1307,0
2016-08-08,27.48,27.4999,27.4,27.41,1722,0
2016-08-09,27.4055,27.4055,27.3356,27.3356,2276,0
2016-08-10,27.251,27.3184,27.251,27.302,684,0
2016-08-11,27.3113,27.462,27.31,27.462,890,0
2016-08-12,27.2201,27.23,27.1601,27.23,1703,0
2016-08-15,27.382,27.39,27.382,27.39,1167,0
2016-08-16,27.14,27.45,27.14,27.41,8467,0
2016-08-17,27.39,27.454,27.33,27.3741,6226,0
2016-08-18,27.33,27.36,27.3196,27.3196,3254,0
2016-08-19,27.48,27.48,27.36,27.4205,2569,0
2016-08-22,27.3555,27.37,27.34,27.34,2316,0
2016-08-23,27.31,27.4,27.3,27.4,24372,0
2016-08-25,27.366,27.4351,27.366,27.37,1398,0
2016-08-26,27.37,27.579,27.31,27.544,3728,0
2016-08-29,27.49,27.49,27.37,27.41,2068,0
2016-08-30,27.44,27.46,27.405,27.42,7145,0
2016-08-31,27.39,27.41,27.38,27.4,1649,0
2016-09-01,27.47,27.605,27.4,27.4,5944,0
2016-09-02,27.44,27.5,27.44,27.4824,6582,0
2016-09-06,27.49,27.52,27.31,27.31,14087,0
2016-09-07,27.33,27.3585,27.28,27.31,4988,0
2016-09-08,27.41,27.47,27.35,27.4401,946,0
2016-09-09,27.58,27.5899,27.55,27.5899,2349,0
2016-09-12,27.65,27.65,27.56,27.5624,2957,0
2016-09-13,27.53,27.7474,27.52,27.7,5831,0
2016-09-14,27.66,27.66,27.525,27.5619,3236,0
2016-09-15,27.64,27.64,27.54,27.56,3949,0
2016-09-16,27.59,27.6,27.584,27.584,523,0
2016-09-19,27.63,27.6367,27.6,27.62,63507,0
2016-09-20,27.6,27.6,27.51,27.59,56366,0
2016-09-21,27.62,27.649,27.569,27.569,5066,0
2016-09-22,27.45,27.504,27.41,27.4466,7450,0
2016-09-23,27.42,27.4499,27.42,27.4499,45448,0
2016-09-26,27.4011,27.4011,27.29,27.3864,15856,0
2016-09-27,27.278,27.278,27.278,27.278,635,0
2016-09-28,27.31,27.3199,27.2401,27.3199,3690,0
2016-09-29,27.4,27.4,27.3,27.31,58915,0
2016-09-30,27.3599,27.4199,27.3101,27.3625,3144,0
2016-10-03,27.36,27.4659,27.36,27.42,17659,0
2016-10-04,27.47,27.54,27.47,27.54,1018,0
2016-10-05,27.53,27.65,27.53,27.6422,2836,0
2016-10-06,27.68,27.69,27.62,27.68,3110,0
2016-10-07,27.62,27.69,27.6,27.6,10526,0
2016-10-10,27.69,27.72,27.685,27.7,2462,0
2016-10-11,27.37,27.72,27.37,27.7,1753,0
2016-10-12,27.98,27.98,27.7,27.734,3768,0
2016-10-13,27.68,27.68,27.59,27.62,9118,0
2016-10-14,27.67,27.734,27.6685,27.734,12570,0
2016-10-17,27.67,27.7,27.6568,27.6568,4594,0
2016-10-18,27.73,27.73,27.6401,27.6599,1076,0
2016-10-19,27.62,27.62,27.551,27.61,6201,0
2016-10-20,27.61,27.655,27.61,27.655,2231,0
2016-10-21,27.62,27.6292,27.6,27.6,1324,0
2016-10-24,27.66,27.6799,27.6001,27.6799,754,0
2016-10-25,27.7,27.7,27.5808,27.5808,1485,0
2016-10-27,27.841,27.841,27.8,27.81,2577,0
2016-10-28,27.88,27.88,27.7855,27.8,9028,0
2016-10-31,27.7601,27.79,27.7601,27.77,3019,0
2016-11-01,27.81,27.85,27.73,27.735,7111,0
2016-11-02,27.69,27.702,27.6401,27.702,3410,0
2016-11-03,27.685,27.689,27.685,27.689,465,0
2016-11-04,27.63,27.63,27.57,27.57,2885,0
2016-11-07,27.7342,27.7342,27.68,27.69,1153,0
2016-11-08,27.72,27.83,27.7151,27.81,1084,0
2016-11-09,27.99,28.2699,27.89,28.238,16504,0
2016-11-10,28.35,28.37,28.221,28.3501,29952,0
2016-11-11,28.36,28.4699,28.3001,28.4699,9106,0
2016-11-14,28.6,28.6919,28.506,28.68,36093,0
2016-11-15,28.59,28.66,28.55,28.66,13664,0
2016-11-16,28.7,28.7,28.54,28.55,8003,0
2016-11-17,28.66,28.77,28.61,28.77,20777,0
2016-11-18,28.76,28.91,28.715,28.89,42587,0
2016-11-21,28.85,28.91,28.8,28.84,15976,0
2016-11-22,28.75,28.7977,28.73,28.74,59977,0
2016-11-23,28.96,29.04,28.81,28.81,41163,0
2016-11-25,28.81,28.9699,28.81,28.95,4277,0
2016-11-28,28.79,28.8799,28.751,28.8075,7796,0
2016-11-29,28.88,28.88,28.8,28.81,33065,0
2016-11-30,28.95,28.97,28.88,28.958,10534,0
2016-12-01,29.14,29.18,29,29.02,40306,0
2016-12-02,29.03,29.03,28.87,28.97,14677,0
2016-12-05,29.07,29.07,28.87,28.97,16080,0
2016-12-06,28.98,28.99,28.8916,28.95,12599,0
2016-12-07,28.9,28.9,28.76,28.85,12405,0
2016-12-08,28.89,29.019,28.884,28.884,2498,0
2016-12-09,28.97,29.1099,28.871,29.07,11710,0
2016-12-12,29.14,29.14,29.05,29.05,4195,0
2016-12-13,29.06,29.1,29.03,29.03,4794,0
2016-12-14,28.93,29.34,28.8801,29.34,23972,0
2016-12-15,29.34,29.45,29.2894,29.42,42728,0
2016-12-16,29.38,29.391,29.294,29.37,5619,0
2016-12-19,29.29,29.3664,29.2,29.2,28852,0
2016-12-20,29.29,29.37,29.29,29.32,8509,0
2016-12-21,29.3,29.3,29.2,29.26,21419,0
2016-12-22,29.33,29.33,29.23,29.27,3643,0
2016-12-23,29.24,29.24,29.0975,29.1994,28459,0
2016-12-27,29.31,29.31,29.2401,29.27,15651,0
2016-12-28,29.27,29.27,29.09,29.1197,10792,0
2016-12-29,29.1,29.17,28.97,29.12,58896,0
2016-12-30,29.07,29.07,28.95,29.0699,23630,0
2017-01-03,29.06,29.125,28.96,28.96,5503,0
2017-01-04,29.03,29.03,28.95,28.95,2998,0
2017-01-05,28.92,28.92,28.7502,28.7502,3484,0
2017-01-06,28.9,28.91,28.83,28.91,11112,0
2017-01-09,28.75,28.77,28.75,28.77,1638,0
2017-01-10,28.79,28.79,28.78,28.78,3373,0
2017-01-11,28.78,28.8399,28.77,28.78,1506,0
2017-01-12,28.655,28.7453,28.655,28.7451,2114,0
2017-01-13,28.85,28.85,28.79,28.7901,2725,0
2017-01-17,28.67,28.7199,28.59,28.7199,17512,0
2017-01-18,28.79,28.85,28.735,28.845,2215,0
2017-01-19,28.99,29.0499,28.95,28.975,3452,0
2017-01-20,28.97,29.0726,28.93,28.9605,1682,0
2017-01-23,28.94,28.95,28.7891,28.83,9105,0
2017-01-24,28.92,28.9655,28.8377,28.95,8120,0
2017-01-25,29.01,29.13,28.997,29.12,22308,0
2017-01-26,29.06,29.14,29,29,2356,0
2017-01-27,29.03,29.0425,28.985,29.01,1321,0
2017-01-30,29.02,29.02,28.96,29.0199,1290,0
2017-01-31,29.09,29.09,28.7926,28.93,3257,0
2017-02-01,28.95,29.03,28.95,28.98,3732,0
2017-02-02,28.87,28.925,28.82,28.9075,10883,0
2017-02-03,28.82,28.93,28.82,28.93,679,0
2017-02-06,28.8392,28.85,28.75,28.75,1920,0
2017-02-07,28.84,28.88,28.62,28.71,28837,0
2017-02-08,28.63,28.6444,28.525,28.64,29733,0
2017-02-09,28.68,28.76,28.62,28.7473,25558,0
2017-02-10,28.84,28.85,28.76,28.83,14490,0
2017-02-13,29.04,29.04,28.78,28.8,14255,0
2017-02-14,28.86,29.09,28.8288,28.9325,16462,0
2017-02-15,29.06,29.06,28.9899,29.04,7138,0
2017-02-16,28.99,28.99,28.8301,28.91,21058,0
2017-02-17,28.82,28.84,28.79,28.84,5578,0
2017-02-21,28.92,28.92,28.76,28.81,4277,0
2017-02-22,28.78,28.89,28.78,28.79,1985,0
2017-02-23,28.77,28.77,28.75,28.76,2856,0
2017-02-24,28.65,28.65,28.5989,28.5989,2368,0
2017-02-27,28.65,28.71,28.6079,28.71,3038,0
2017-02-28,28.69,28.69,28.62,28.62,669,0
2017-03-01,28.87,28.94,28.87,28.8803,12278,0
2017-03-02,28.99,29.01,28.93,28.9698,12877,0
2017-03-03,29,29.04,28.94,29,10374,0
2017-03-06,28.97,29.01,28.9254,28.97,2039,0
2017-03-07,29.01,29.0199,28.9898,28.9898,848,0
2017-03-08,29.1,29.14,29.0301,29.0913,38701,0
2017-03-09,29.1,29.19,29.1,29.1778,8958,0
2017-03-10,29.08,29.17,29.08,29.1,27482,0
2017-03-13,29.133,29.25,29.133,29.21,222560,0
2017-03-14,29.23,29.23,29.14,29.16,12114,0
2017-03-15,29.13,29.16,28.9223,28.93,199490,0
2017-03-16,28.99,29.019,28.9703,28.9703,20422,0
2017-03-17,28.98,28.98,28.95,28.96,1218,0
2017-03-20,28.97,28.97,28.8,28.8,4237,0
2017-03-21,28.9,28.9,28.72,28.735,65112,0
2017-03-22,28.7,28.74,28.6401,28.71,2100,0
2017-03-23,28.7,28.76,28.65,28.66,58499,0
2017-03-24,28.73,28.7599,28.59,28.75,48316,0
2017-03-27,28.52,28.7116,28.47,28.61,10017,0
2017-03-28,28.65,28.7599,28.62,28.7373,1961,0
2017-03-29,28.69,28.71,28.61,28.705,19503,0
2017-03-30,28.68,28.75,28.58,28.6,36783,0
2017-03-31,28.81,28.81,28.58,28.58,5122,0
2017-04-03,28.69,28.69,28.47,28.47,4704,0
2017-04-04,28.56,28.56,28.49,28.49,2533,0
2017-04-05,28.59,28.6289,28.51,28.51,46952,0
2017-04-06,28.5203,28.61,28.5203,28.54,4265,0
2017-04-07,28.55,28.88,28.46,28.55,4170,0
2017-04-10,28.55,28.61,28.501,28.5671,31859,0
2017-04-11,28.51,28.54,28.36,28.36,22413,0
2017-04-12,28.42,28.4799,28.35,28.35,1282,0
2017-04-13,28.2613,28.2997,28.2,28.21,17959,0
2017-04-17,28.2,28.336,28.18,28.26,15551,0
2017-04-18,28.23,28.24,28.08,28.08,13974,0
2017-04-19,28.24,28.24,28.16,28.22,3626,0
2017-04-20,28.3,28.3299,28.28,28.29,8489,0
2017-04-21,28.2,28.27,28.2,28.26,8082,0
2017-04-24,28.37,28.421,28.25,28.2636,11654,0
2017-04-25,28.43,28.46,28.35,28.46,3721,0
2017-04-26,28.46,28.46,28.401,28.401,859,0
2017-04-27,28.292,28.3799,28.292,28.3799,1095,0
2017-04-28,28.47,28.47,28.32,28.32,1107,0
2017-05-01,28.54,28.54,28.3101,28.42,21492,0
2017-05-02,28.63,28.63,28.272,28.272,841,0
2017-05-03,28.28,28.33,28.28,28.33,7257,0
2017-05-04,28.52,28.56,28.45,28.47,9094,0
2017-05-05,28.43,28.5,28.4,28.4,17169,0
2017-05-08,28.55,28.55,28.52,28.52,786,0
2017-05-09,28.64,28.64,28.51,28.51,1304,0
2017-05-10,28.58,28.58,28.5751,28.5751,1451,0
2017-05-11,28.5647,28.632,28.55,28.55,3388,0
2017-05-12,28.37,28.3858,28.31,28.3812,35435,0
2017-05-15,28.4126,28.5,28.4126,28.4992,2364,0
2017-05-16,28.48,28.48,28.3333,28.3436,6828,0
2017-05-17,28.16,28.25,28.0702,28.2299,4552,0
2017-05-18,28.1838,28.1838,28.1838,28.1838,177,0
2017-05-19,28.22,28.2577,28.135,28.1611,5241,0
2017-05-22,28.2079,28.2408,28.1301,28.22,699,0
2017-05-23,28.29,28.29,28.14,28.2404,11858,0
2017-05-24,28.31,28.31,28.22,28.2524,2004,0
2017-05-25,28.14,28.3099,28.13,28.2984,6376,0
2017-05-26,28.18,28.2899,28.1,28.2899,57383,0
2017-05-30,28.1,28.155,28.1,28.155,724,0
2017-05-31,28,28.09,27.99,28.03,6693,0
2017-06-01,28.0701,28.2299,28.07,28.2299,1244,0
2017-06-02,28.05,28.07,27.91,28.01,13055,0
2017-06-05,28.02,28.02,27.98,27.99,1243,0
2017-06-06,27.9,27.9692,27.89,27.9392,9035,0
2017-06-07,28.0174,28.0174,27.9916,28.014,2700,0
2017-06-08,28.03,28.1399,27.99,28.03,8975,0
2017-06-09,28.15,28.1899,28.05,28.05,4913,0
2017-06-12,28.07,28.1699,28.02,28.02,19676,0
2017-06-13,28.1499,28.1499,28,28.02,828,0
2017-06-14,27.94,27.94,27.78,27.92,15831,0
2017-06-15,27.89,28.0599,27.89,28.0599,4492,0
2017-06-16,28.01,28.01,27.93,27.93,1734,0
2017-06-19,27.81,28.0604,27.81,28.0497,20413,0
2017-06-20,27.932,27.932,27.932,27.932,152,0
2017-06-21,28.04,28.04,27.93,28,7155,0
2017-06-22,27.98,27.9899,27.91,27.9562,4939,0
2017-06-23,27.95,28.0299,27.911,27.911,24597,0
2017-06-26,27.93,27.9511,27.872,27.9511,1265,0
2017-06-27,28.0101,28.021,28.0101,28.021,380,0
2017-06-28,28.04,28.0604,27.995,28.01,32125,0
2017-06-29,28.122,28.2289,28.122,28.1401,786,0
2017-06-30,28.191,28.257,28.155,28.225,3983,0
2017-07-03,28.2303,28.38,28.2303,28.3275,1693,0
2017-07-05,28.4,28.4,28.258,28.258,46854,0
2017-07-06,28.411,28.4119,28.35,28.35,2822,0
2017-07-07,28.37,28.4999,28.37,28.456,2804,0
2017-07-10,28.46,28.46,28.44,28.44,1396,0
2017-07-11,28.43,28.43,28.31,28.32,2727,0
2017-07-12,28.3,28.3199,28.2581,28.2604,3619,0
2017-07-13,28.33,28.38,28.28,28.2808,3505,0
2017-07-14,28.2,28.32,28.2,28.32,3330,0
2017-07-17,28.22,28.3099,28.18,28.18,3922,0
2017-07-18,28.1899,28.1899,28.08,28.1,1026,0
2017-07-19,28.08,28.1281,28.08,28.1281,820,0
2017-07-20,28.05,28.1361,28.05,28.1361,1296,0
2017-07-21,28.04,28.085,28.015,28.02,1304,0
2017-07-24,28.0484,28.135,28.04,28.135,1505,0
2017-07-25,28.15,28.265,28.15,28.265,2608,0
2017-07-26,28.2767,28.2767,28.1,28.1,1710,0
2017-07-27,28.14,28.1711,28.14,28.17,645,0
2017-07-28,28.12,28.15,28.12,28.13,434,0
2017-07-31,28.16,28.23,28.11,28.11,2513,0
2017-08-01,28.2299,28.2299,28.04,28.04,6894,0
2017-08-02,28.19,28.19,28.02,28.09,771,0
2017-08-03,28.03,28.07,27.975,27.975,524,0
2017-08-04,28.0859,28.1,28.041,28.05,1943,0
2017-08-07,28.07,28.1222,28.0301,28.05,3303,0
2017-08-08,28.05,28.11,28.05,28.08,8602,0
2017-08-09,28.0142,28.02,28.002,28.02,680,0
2017-08-10,27.95,27.9733,27.931,27.931,4605,0
2017-08-11,27.93,28.0182,27.891,27.891,2590,0
2017-08-14,27.94,27.97,27.915,27.97,1881,0
2017-08-15,28.07,28.103,28.03,28.06,10243,0
2017-08-16,28.05,28.07,27.98,27.98,7625,0
2017-08-17,27.98,28.03,27.87,27.875,8957,0
2017-08-18,27.84,27.94,27.84,27.895,28528,0
2017-08-21,27.88,27.94,27.88,27.94,2968,0
2017-08-22,27.91,27.9899,27.9,27.9799,7684,0
2017-08-23,27.87,27.98,27.86,27.96,9712,0
2017-08-24,27.97,27.97,27.9143,27.95,2462,0
2017-08-25,27.95,27.95,27.86,27.9,880,0
2017-08-28,27.89,27.89,27.87,27.89,4387,0
2017-08-29,27.77,27.8,27.587,27.79,65615,0
2017-08-30,27.8599,27.8599,27.84,27.84,786,0
2017-08-31,27.82,27.82,27.77,27.78,4675,0
2017-09-01,27.8,27.8,27.79,27.8,3631,0
2017-09-05,27.76,27.7773,27.68,27.7,5787,0
2017-09-06,27.7,27.7099,27.7,27.7,435,0
2017-09-07,27.73,27.73,27.55,27.55,7947,0
2017-09-08,27.66,27.66,27.5974,27.66,16301,0
2017-09-11,27.69,27.7136,27.6701,27.7136,2295,0
2017-09-12,27.77,27.89,27.77,27.89,2535,0
2017-09-13,27.863,27.863,27.841,27.841,658,0
2017-09-14,27.89,27.92,27.89,27.92,964,0
2017-09-18,27.945,27.99,27.945,27.99,451,0
2017-09-19,27.93,28.03,27.93,28.03,1142,0
2017-09-20,28.03,28.05,27.933,28.05,2046,0
2017-09-22,28.07,28.07,28.07,28.07,229,0
2017-09-25,27.9969,28.01,27.92,27.92,1660,0
2017-09-26,27.9505,27.99,27.9505,27.96,615,0
2017-09-27,28.18,28.1869,28.1108,28.1548,1561,0
2017-09-28,28.19,28.19,28.16,28.16,5767,0
2017-09-29,28.1097,28.1892,28.1097,28.17,3770,0
2017-10-02,28.19,28.2042,28.19,28.2042,871,0
2017-10-03,28.2,28.2,28.12,28.12,52404,0
2017-10-04,28.22,28.22,28.161,28.161,291,0
2017-10-05,28.21,28.22,28.21,28.22,713,0
2017-10-06,28.32,28.32,28.21,28.21,4683,0
2017-10-09,28.23,28.2512,28.23,28.24,1406,0
2017-10-10,28.25,28.25,28.16,28.16,297,0
2017-10-11,28.144,28.19,28.144,28.163,5416,0
2017-10-12,28.1309,28.189,28.1,28.102,5246,0
2017-10-13,28.0865,28.09,28.0739,28.0739,1952,0
2017-10-16,28.1,28.1,28.01,28.05,37873,0
2017-10-17,28.11,28.14,28.052,28.08,8875,0
2017-10-18,28.23,28.23,28.15,28.15,414,0
2017-10-19,28.16,28.16,28.08,28.1,4258,0
2017-10-20,28.33,28.33,28.2492,28.2492,5896,0
2017-10-23,28.23,28.2899,28.19,28.28,2526,0
2017-10-24,28.34,28.3499,28.27,28.3103,3372,0
2017-10-25,28.45,28.45,28.32,28.33,4932,0
2017-10-26,28.32,28.4108,28.32,28.4108,3832,0
2017-10-27,28.4,28.4,28.3098,28.3098,3399,0
2017-10-30,28.215,28.2276,28.21,28.2276,2808,0
2017-10-31,28.26,28.27,28.18,28.27,2402,0
2017-11-01,28.185,28.228,28.185,28.2232,936,0
2017-11-02,28.23,28.23,28.12,28.12,5328,0
2017-11-03,28.15,28.1624,28.14,28.145,708,0
2017-11-06,28.1101,28.12,28.1,28.1,2599,0
2017-11-07,28.1,28.11,28.032,28.11,6747,0
2017-11-08,28.04,28.0931,28.04,28.0753,2465,0
2017-11-09,28.12,28.16,28.11,28.12,1891,0
2017-11-10,28.29,28.29,28.205,28.265,2295,0
