Date,Open,High,Low,Close,Volume,OpenInt
2013-06-05,18.813,18.99,18.813,18.85,1386,0
2013-06-06,18.804,18.804,18.758,18.775,1204,0
2013-06-10,18.674,18.674,18.626,18.626,318,0
2013-06-11,18.541,18.541,18.541,18.541,2131,0
2013-06-12,18.551,18.645,18.551,18.616,749,0
2013-06-14,18.598,18.598,18.598,18.598,103,0
2013-06-17,18.541,18.551,18.514,18.551,3195,0
2013-06-18,18.579,18.579,18.579,18.579,259,0
2013-06-19,18.523,18.523,18.466,18.466,2879,0
2013-06-20,19.497,19.497,18.232,18.232,31192,0
2013-06-21,18.222,18.25,18.144,18.212,9382,0
2013-06-25,17.958,17.977,17.958,17.977,423,0
2013-06-26,18.024,18.034,18.024,18.034,4051,0
2013-06-28,18.156,18.156,18.118,18.127,533,0
2013-07-01,18.09,18.203,18.09,18.203,689,0
2013-07-05,18.684,18.684,18.144,18.144,4677,0
2013-07-11,18.654,18.654,18.232,18.232,317,0
2013-07-12,18.279,18.279,18.232,18.232,3195,0
2013-07-15,18.27,18.297,18.27,18.297,533,0
2013-07-16,18.317,18.317,18.317,18.317,213,0
2013-07-22,18.448,18.448,18.438,18.438,1066,0
2013-07-24,18.317,18.317,18.317,18.317,370,0
2013-07-31,18.241,18.241,18.232,18.232,1685,0
2013-08-02,18.317,18.317,18.317,18.317,276,0
2013-08-07,18.409,18.438,18.409,18.438,790,0
2013-08-09,18.391,18.391,18.391,18.391,854,0
2013-08-14,18.297,18.297,18.27,18.27,4740,0
2013-08-16,18.144,18.144,18.081,18.081,960,0
2013-08-20,18.086,18.121,18.086,18.121,2287,0
2013-08-22,18.024,18.024,17.987,17.987,213,0
2013-08-26,18.164,18.164,18.144,18.144,1602,0
2013-08-27,18.178,18.178,18.178,18.178,603,0
2013-08-30,18.127,18.127,18.127,18.127,2130,0
2013-09-03,18.049,18.076,18.049,18.067,2306,0
2013-09-04,19.136,19.136,18.039,18.039,213,0
2013-09-06,17.935,17.935,17.935,17.935,103,0
2013-09-09,17.954,17.954,17.786,17.954,213,0
2013-09-10,18.02,18.02,17.917,17.917,11615,0
2013-09-24,18.386,18.386,18.339,18.339,542,0
2013-09-30,18.294,18.294,18.294,18.294,37268,0
2013-10-04,19.484,19.484,18.367,18.367,2749,0
2013-10-07,18.396,18.396,18.396,18.396,10318,0
2013-10-08,18.358,18.367,18.358,18.367,1763,0
2013-10-09,18.339,18.339,18.331,18.331,3638,0
2013-10-11,18.348,18.348,18.348,18.348,1046,0
2013-10-14,18.367,18.367,18.358,18.358,3488,0
2013-10-15,18.348,18.348,18.292,18.322,4294,0
2013-10-16,18.322,18.358,18.292,18.358,2826,0
2013-10-17,18.396,18.396,18.396,18.396,533,0
2013-10-18,18.413,18.413,18.413,18.413,957,0
2013-10-21,18.405,18.405,18.405,18.405,815,0
2013-10-24,18.433,18.461,18.433,18.461,11080,0
2013-10-25,18.481,18.49,18.452,18.452,4515,0
2013-10-28,18.499,18.499,18.461,18.461,1644,0
2013-10-29,18.481,18.481,18.481,18.481,219,0
2013-10-30,18.509,18.509,18.461,18.461,3196,0
2013-10-31,18.425,18.425,18.415,18.415,106574,0
2013-11-01,18.351,18.361,18.334,18.342,26966,0
2013-11-06,18.399,18.416,18.361,18.399,3993,0
2013-11-07,18.408,18.416,18.408,18.416,377,0
2013-11-08,18.315,18.315,18.286,18.295,3938,0
2013-11-11,18.21,18.325,18.21,18.325,1601,0
2013-11-12,18.305,18.305,18.295,18.295,4884,0
2013-11-13,18.334,18.334,18.334,18.334,1601,0
2013-11-14,18.361,18.379,18.361,18.379,853,0
2013-11-18,18.361,18.446,18.361,18.408,1205,0
2013-11-19,18.379,18.379,18.37,18.37,1507,0
2013-11-20,18.361,18.361,18.325,18.325,641,0
2013-11-21,18.295,18.351,18.295,18.351,1385,0
2013-11-22,18.379,18.379,18.379,18.379,533,0
2013-11-25,18.379,18.379,18.342,18.342,590,0
2013-11-26,18.389,18.389,18.351,18.379,2535,0
2013-11-27,18.334,18.334,18.334,18.334,4526,0
2013-11-29,18.341,18.341,18.333,18.333,1142,0
2013-12-02,18.294,18.294,18.294,18.294,103,0
2013-12-03,18.304,18.304,18.304,18.304,1886,0
2013-12-04,18.21,18.21,18.21,18.21,103,0
2013-12-05,18.219,18.219,18.219,18.219,2002,0
2013-12-06,18.21,18.21,18.21,18.21,1276,0
2013-12-09,18.2,18.219,18.161,18.19,4955,0
2013-12-10,18.248,18.248,18.18,18.18,217,0
2013-12-11,18.257,18.267,18.114,18.257,631,0
2013-12-12,18.17,18.17,18.17,18.17,106,0
2013-12-13,18.2,18.2,18.17,18.18,424,0
2013-12-16,18.219,18.219,18.219,18.219,1103,0
2013-12-17,18.21,18.21,18.21,18.21,112,0
2013-12-18,18.21,18.21,18.21,18.21,533,0
2013-12-20,18.17,18.17,18.17,18.17,2082,0
2013-12-23,18.141,18.141,18.141,18.141,701,0
2013-12-24,18.068,18.077,18.068,18.077,753,0
2013-12-26,18.105,18.151,18.105,18.151,327,0
2013-12-30,18.106,18.142,18.106,18.106,396,0
2013-12-31,18.069,18.115,18.069,18.088,5143,0
2014-01-03,18.106,18.106,18.106,18.106,133,0
2014-01-07,18.142,18.142,18.142,18.142,110,0
2014-01-08,18.132,18.132,18.132,18.132,242,0
2014-01-09,18.152,18.152,18.152,18.152,1029,0
2014-01-13,18.249,18.249,18.249,18.249,1382,0
2014-01-14,18.268,18.268,18.268,18.268,1055,0
2014-01-15,18.249,18.249,18.22,18.22,2470,0
2014-01-23,18.258,18.258,18.258,18.258,138,0
2014-01-24,18.295,18.295,18.295,18.295,1072,0
2014-01-29,18.342,18.342,18.342,18.342,6383,0
2014-01-30,18.334,18.334,18.334,18.334,284,0
2014-02-04,18.379,18.408,18.379,18.408,1258,0
2014-02-05,18.315,18.315,18.315,18.315,498,0
2014-02-07,18.361,18.361,18.351,18.361,1992,0
2014-02-12,18.305,18.305,18.305,18.305,815,0
2014-02-13,18.334,18.334,18.325,18.325,1780,0
2014-02-14,18.351,18.351,18.325,18.351,2732,0
2014-02-18,18.389,18.389,18.379,18.379,1537,0
2014-02-19,18.342,18.342,18.342,18.342,533,0
2014-02-20,18.258,18.258,18.258,18.258,962,0
2014-02-25,18.37,18.37,18.37,18.37,547,0
2014-02-26,18.351,18.351,18.351,18.351,1064,0
2014-02-28,18.389,18.389,18.389,18.389,126,0
2014-03-04,18.416,18.426,18.416,18.426,356,0
2014-03-07,18.351,18.351,18.342,18.342,217,0
2014-03-10,18.37,18.37,18.37,18.37,819,0
2014-03-14,18.426,18.426,18.426,18.426,1361,0
2014-03-17,18.408,18.408,18.408,18.408,152,0
2014-03-20,18.201,18.201,18.201,18.201,1375,0
2014-03-25,18.258,18.258,18.249,18.249,494,0
2014-03-26,18.268,18.268,18.268,18.268,213,0
2014-04-03,18.249,18.249,18.22,18.23,992,0
2014-04-04,18.305,18.305,18.305,18.305,107,0
2014-04-15,18.379,18.379,18.379,18.379,668,0
2014-04-16,18.408,18.408,18.408,18.408,184,0
2014-04-17,18.493,18.493,18.493,18.493,406,0
2014-04-22,18.37,18.37,18.37,18.37,562,0
2014-04-24,18.408,18.464,18.408,18.464,647,0
2014-04-25,18.502,18.502,18.436,18.446,1138,0
2014-04-29,18.379,18.379,18.361,18.361,1505,0
2014-05-01,18.455,18.455,18.408,18.426,927,0
2014-05-02,18.436,18.474,18.436,18.474,12763,0
2014-05-06,18.484,18.484,18.464,18.474,740,0
2014-05-07,18.55,18.55,18.502,18.54,1125,0
2014-05-08,18.522,18.522,18.512,18.512,327,0
2014-05-09,18.502,18.512,18.484,18.502,2798,0
2014-05-12,18.484,18.484,18.484,18.484,1164,0
2014-05-13,18.474,18.493,18.474,18.493,429,0
2014-05-15,18.644,18.653,18.634,18.644,3776,0
2014-05-16,18.653,18.663,18.607,18.653,7256,0
2014-05-19,18.625,18.683,18.625,18.683,5409,0
2014-05-21,18.607,18.607,18.607,18.607,220,0
2014-05-22,18.653,18.653,18.625,18.625,2275,0
2014-05-23,18.784,18.784,18.784,18.784,658,0
2014-05-27,18.644,18.748,18.644,18.748,6808,0
2014-06-04,18.524,18.524,18.524,18.524,227,0
2014-06-05,18.589,18.589,18.589,18.589,373,0
2014-06-10,18.723,18.723,18.723,18.723,422,0
2014-06-11,18.58,18.58,18.58,18.58,150,0
2014-06-12,18.57,18.608,18.57,18.57,1040,0
2014-06-13,18.524,18.704,18.524,18.589,1731,0
2014-06-16,18.723,18.723,18.694,18.694,671,0
2014-06-17,18.732,18.732,18.732,18.732,2215,0
2014-06-18,18.732,18.732,18.732,18.732,103,0
2014-06-19,18.714,18.714,18.714,18.714,136,0
2014-06-23,18.833,18.833,18.833,18.833,236,0
2014-06-24,19.144,19.144,18.76,18.769,1677,0
2014-06-30,18.806,18.929,18.806,18.929,1591,0
2014-07-01,18.77,18.77,18.744,18.744,13319,0
2014-07-02,18.716,18.77,18.696,18.77,2219,0
2014-07-07,18.779,18.779,18.779,18.779,224,0
2014-07-08,18.725,18.744,18.725,18.725,3349,0
2014-07-11,18.826,18.94,18.807,18.826,4714,0
2014-07-15,18.725,18.725,18.725,18.725,334,0
2014-07-17,18.798,18.798,18.798,18.798,211,0
2014-07-18,18.904,18.904,18.779,18.779,690,0
2014-07-22,18.788,18.788,18.779,18.779,315,0
2014-07-25,18.807,18.817,18.779,18.817,423,0
2014-07-28,18.817,18.817,18.788,18.788,892,0
2014-07-30,18.716,18.716,18.716,18.716,637,0
2014-08-01,18.793,18.793,18.793,18.793,161,0
2014-08-04,18.812,18.831,18.793,18.831,2811,0
2014-08-05,18.86,18.86,18.767,18.803,2012,0
2014-08-06,18.757,18.85,18.757,18.784,499,0
2014-08-11,18.85,18.85,18.831,18.831,435,0
2014-08-12,18.822,18.87,18.822,18.87,1021,0
2014-08-13,18.85,18.86,18.831,18.831,426,0
2014-08-14,18.889,18.889,18.889,18.889,739,0
2014-08-15,18.992,18.992,18.992,18.992,103,0
2014-08-19,18.889,18.889,18.889,18.889,816,0
2014-08-20,18.88,18.88,18.88,18.88,1636,0
2014-08-21,18.72,18.72,18.72,18.72,109,0
2014-08-22,18.784,18.784,18.784,18.784,142,0
2014-08-25,18.748,18.748,18.738,18.738,432,0
2014-08-26,18.767,18.793,18.71,18.748,6960,0
2014-08-29,18.793,18.793,18.767,18.784,847,0
2014-09-02,18.706,18.706,18.706,18.706,181,0
2014-09-04,18.716,18.734,18.706,18.706,2584,0
2014-09-05,18.716,18.808,18.716,18.808,3767,0
2014-09-08,18.658,18.706,18.658,18.706,4540,0
2014-09-10,18.629,18.629,18.562,18.562,1691,0
2014-09-15,18.562,18.609,18.562,18.59,1791,0
2014-09-16,18.562,18.571,18.562,18.562,1552,0
2014-09-17,18.533,18.533,18.533,18.533,631,0
2014-09-18,18.38,18.38,18.38,18.38,169,0
2014-09-19,18.487,18.487,18.438,18.438,808,0
2014-09-22,18.438,18.477,18.438,18.477,6316,0
2014-09-24,18.428,18.448,18.428,18.428,2418,0
2014-09-25,18.553,18.553,18.438,18.457,8845,0
2014-09-26,18.39,18.409,18.39,18.409,844,0
2014-09-29,18.409,18.525,18.409,18.525,8606,0
2014-09-30,18.525,18.525,18.525,18.525,29664,0
2014-10-01,18.487,18.6,18.477,18.6,3361,0
2014-10-02,18.553,18.553,18.553,18.553,726,0
2014-10-06,18.553,18.629,18.553,18.629,26959,0
2014-10-09,18.639,18.639,18.562,18.639,5100,0
2014-10-15,18.789,18.789,18.789,18.789,560,0
2014-10-16,18.639,18.639,18.639,18.639,215,0
2014-10-20,18.619,18.658,18.619,18.658,3745,0
2014-10-30,18.515,18.515,18.515,18.515,5488,0
2014-10-31,18.533,18.533,18.515,18.515,600,0
2014-11-03,18.477,18.477,18.477,18.477,6315,0
2014-11-04,18.457,18.487,18.457,18.477,6423,0
2014-11-07,18.543,18.59,18.525,18.581,12630,0
2014-11-17,18.477,18.487,18.477,18.487,2510,0
2014-11-21,18.487,18.515,18.487,18.515,1366,0
2014-11-24,18.533,18.533,18.533,18.533,173,0
2014-11-26,18.467,18.467,18.467,18.467,271,0
2014-12-01,18.571,18.571,18.515,18.571,344,0
2014-12-03,18.38,18.39,18.38,18.39,474,0
2014-12-04,18.457,18.457,18.457,18.457,26527,0
2014-12-08,18.305,18.315,18.305,18.315,2104,0
2014-12-09,18.342,18.342,18.342,18.342,345,0
2014-12-11,18.342,18.37,18.342,18.37,414,0
2014-12-16,18.325,18.325,18.325,18.325,2252,0
2014-12-17,18.249,18.249,18.249,18.249,755,0
2014-12-19,18.21,18.22,18.21,18.22,10902,0
2014-12-22,18.305,18.438,18.305,18.438,28855,0
2014-12-23,18.21,18.21,18.181,18.181,13957,0
2014-12-24,18.123,18.123,18.123,18.123,680,0
2014-12-26,18.21,18.21,18.21,18.21,187,0
2014-12-29,18.337,18.337,18.329,18.337,1097,0
2014-12-30,18.214,18.252,18.146,18.252,3714,0
2014-12-31,18.262,18.309,18.185,18.185,3002,0
2015-01-02,18.329,18.329,18.329,18.329,401,0
2015-01-05,18.281,18.337,18.281,18.337,1192,0
2015-01-06,18.366,18.366,18.309,18.309,11195,0
2015-01-07,18.299,18.299,18.299,18.299,214,0
2015-01-08,18.289,18.289,18.289,18.289,353,0
2015-01-09,18.385,18.385,18.385,18.385,441,0
2015-01-15,18.482,18.482,18.482,18.482,2208,0
2015-01-16,18.568,18.568,18.52,18.52,1250,0
2015-01-20,18.51,18.51,18.51,18.51,313,0
2015-01-21,18.433,18.433,18.423,18.423,1190,0
2015-01-23,18.52,18.548,18.51,18.548,4325,0
2015-01-26,18.529,18.548,18.529,18.538,1502,0
2015-01-29,18.548,18.548,18.548,18.548,231,0
2015-01-30,18.654,18.73,18.654,18.73,7668,0
2015-02-02,18.674,18.674,18.674,18.674,1049,0
2015-02-03,18.413,18.625,18.413,18.625,1052,0
2015-02-04,18.625,18.625,18.625,18.625,181,0
2015-02-05,18.654,18.654,18.654,18.654,120,0
2015-02-06,18.51,18.538,18.482,18.482,2639,0
2015-02-09,18.462,18.462,18.443,18.443,625,0
2015-02-11,18.395,18.395,18.356,18.356,2943,0
2015-02-12,18.413,18.413,18.413,18.413,348,0
2015-02-17,18.329,18.329,18.329,18.329,735,0
2015-02-19,18.356,18.356,18.356,18.356,119,0
2015-02-20,18.405,18.405,18.405,18.405,295,0
2015-02-23,18.309,18.309,18.309,18.309,281,0
2015-02-25,18.413,18.413,18.413,18.413,371,0
2015-02-26,18.482,18.482,18.462,18.462,178776,0
2015-02-27,18.491,18.558,18.491,18.558,16467,0
2015-03-02,18.538,18.615,18.443,18.52,197359,0
2015-03-03,18.462,18.52,18.462,18.491,1049,0
2015-03-04,18.472,18.482,18.423,18.423,4087,0
2015-03-05,18.423,18.423,18.423,18.423,103,0
2015-03-06,18.347,18.385,18.289,18.289,4508,0
2015-03-09,18.337,18.337,18.243,18.243,1783,0
2015-03-10,18.262,18.262,18.262,18.262,1361,0
2015-03-11,18.272,18.272,18.252,18.252,6079,0
2015-03-12,18.281,18.281,18.281,18.281,313,0
2015-03-13,18.234,18.234,18.166,18.205,1887,0
2015-03-16,18.243,18.243,18.243,18.243,209,0
2015-03-17,18.205,18.205,18.205,18.205,630,0
2015-03-18,18.395,18.395,18.395,18.395,103,0
2015-03-19,18.395,18.395,18.395,18.395,103,0
2015-03-20,18.423,18.443,18.423,18.443,1049,0
2015-03-23,18.443,18.443,18.443,18.443,103,0
2015-03-24,18.462,18.462,18.462,18.462,2095,0
2015-03-25,18.491,18.5,18.491,18.5,313,0
2015-03-26,18.443,18.443,18.443,18.443,944,0
2015-03-27,18.452,18.452,18.452,18.452,209,0
2015-03-30,18.405,18.405,18.405,18.405,735,0
2015-03-31,18.462,18.472,18.433,18.472,29347,0
2015-04-01,18.538,18.568,18.538,18.568,313,0
2015-04-02,18.529,18.529,18.423,18.423,3355,0
2015-04-06,18.568,18.596,18.568,18.596,417,0
2015-04-07,18.568,18.568,18.568,18.568,1506,0
2015-04-08,18.538,18.538,18.51,18.51,2410,0
2015-04-09,18.51,18.51,18.51,18.51,800,0
2015-04-10,18.51,18.51,18.51,18.51,103,0
2015-04-13,18.51,18.529,18.51,18.51,1152,0
2015-04-14,18.568,18.568,18.52,18.558,1152,0
2015-04-15,18.577,18.596,18.577,18.596,578,0
2015-04-16,18.625,18.625,18.625,18.625,630,0
2015-04-17,18.654,18.702,18.654,18.702,1049,0
2015-04-20,18.702,18.702,18.702,18.702,5,0
2015-04-22,18.568,18.568,18.558,18.558,1642,0
2015-04-23,18.615,18.625,18.606,18.625,630,0
2015-04-24,18.645,18.654,18.615,18.615,840,0
2015-04-27,18.684,18.684,18.684,18.684,103,0
2015-04-28,18.615,18.615,18.596,18.596,1677,0
2015-04-29,18.558,18.558,18.548,18.558,3355,0
2015-04-30,18.606,18.606,18.606,18.606,417,0
2015-05-04,18.52,18.52,18.51,18.51,3982,0
2015-05-05,18.472,18.482,18.472,18.482,524,0
2015-05-06,18.482,18.482,18.482,18.482,20,0
2015-05-07,18.482,18.482,18.482,18.482,124,0
2015-05-08,18.482,18.51,18.482,18.482,944,0
2015-05-11,18.413,18.413,18.337,18.337,9746,0
2015-05-12,18.337,18.337,18.337,18.337,3,0
2015-05-14,18.413,18.413,18.385,18.405,1152,0
2015-05-15,18.491,18.51,18.433,18.51,21976,0
2015-05-18,18.452,18.452,18.452,18.452,1132,0
2015-05-19,18.375,18.405,18.366,18.405,3355,0
2015-05-20,18.395,18.433,18.395,18.433,1152,0
2015-05-21,18.433,18.433,18.433,18.433,103,0
2015-05-22,18.452,18.452,18.452,18.452,103,0
2015-05-26,18.443,18.482,18.443,18.472,9225,0
2015-05-27,18.423,18.443,18.405,18.443,30395,0
2015-05-28,18.423,18.433,18.423,18.433,3267,0
2015-05-29,18.433,18.433,18.433,18.433,313,0
2015-06-01,18.413,18.413,18.413,18.413,26413,0
2015-06-02,18.413,18.413,18.413,18.413,52,0
2015-06-03,18.299,18.299,18.281,18.281,4821,0
2015-06-05,18.281,18.289,18.234,18.289,4297,0
2015-06-08,18.289,18.309,18.289,18.289,1887,0
2015-06-09,18.272,18.309,18.272,18.281,2963,0
2015-06-10,18.272,18.272,18.243,18.243,53667,0
2015-06-11,18.272,18.299,18.272,18.289,21504,0
2015-06-12,18.281,18.319,18.281,18.319,15092,0
2015-06-15,18.337,18.337,18.299,18.299,417,0
2015-06-16,18.375,18.413,18.356,18.413,7547,0
2015-06-17,18.462,18.462,18.462,18.462,209,0
2015-06-18,18.423,18.452,18.395,18.433,8595,0
2015-06-19,18.452,18.452,18.433,18.452,2516,0
2015-06-22,18.413,18.413,18.395,18.395,1361,0
2015-06-23,18.405,18.405,18.366,18.366,1531,0
2015-06-24,18.385,18.385,18.385,18.385,209,0
2015-06-25,18.356,18.356,18.347,18.347,7021,0
2015-06-26,18.329,18.329,18.329,18.329,19392,0
2015-06-29,18.347,18.423,18.347,18.423,2095,0
2015-06-30,18.433,18.433,18.375,18.423,68454,0
2015-07-01,18.366,18.366,18.347,18.347,1887,0
2015-07-02,18.366,18.423,18.366,18.405,6289,0
2015-07-06,18.452,18.452,18.443,18.443,2726,0
2015-07-07,18.52,18.52,18.482,18.482,944,0
2015-07-08,18.472,18.5,18.462,18.5,5240,0
2015-07-09,18.462,18.462,18.443,18.462,2936,0
2015-07-10,18.385,18.385,18.375,18.375,2621,0
2015-07-13,18.319,18.319,18.319,18.319,417,0
2015-07-14,18.329,18.347,18.329,18.347,271,0
2015-07-15,18.347,18.347,18.347,18.347,169,0
2015-07-16,18.375,18.375,18.375,18.375,103,0
2015-07-17,18.356,18.356,18.356,18.356,209,0
2015-07-20,18.329,18.329,18.319,18.319,1258,0
2015-07-21,18.337,18.356,18.337,18.356,1887,0
2015-07-22,18.366,18.366,18.356,18.356,2305,0
2015-07-23,18.356,18.356,18.356,18.356,1152,0
2015-07-24,18.319,18.319,18.319,18.319,735,0
2015-07-27,18.366,18.366,18.366,18.366,103,0
2015-07-28,18.337,18.337,18.337,18.337,1152,0
2015-07-29,18.329,18.337,18.329,18.337,1783,0
2015-07-31,18.405,18.405,18.385,18.385,3878,0
2015-08-03,18.375,18.375,18.366,18.366,5965,0
2015-08-04,18.366,18.366,18.272,18.272,2410,0
2015-08-05,18.243,18.243,18.234,18.234,3039,0
2015-08-06,18.224,18.224,18.224,18.224,252,0
2015-08-07,18.272,18.309,18.272,18.309,313,0
2015-08-10,18.309,18.309,18.309,18.309,103,0
2015-08-11,18.319,18.356,18.319,18.356,4382,0
2015-08-12,18.356,18.356,18.356,18.356,103,0
2015-08-13,18.281,18.281,18.272,18.272,524,0
2015-08-17,18.272,18.272,18.272,18.272,209,0
2015-08-18,18.243,18.243,18.243,18.243,524,0
2015-08-19,18.195,18.224,18.195,18.224,6185,0
2015-08-20,18.281,18.281,18.281,18.281,313,0
2015-08-21,18.329,18.347,18.329,18.347,4927,0
2015-08-24,18.443,18.452,18.299,18.356,8333,0
2015-08-25,18.74,18.74,18.281,18.299,6812,0
2015-08-26,18.281,18.281,18.195,18.195,1361,0
2015-08-27,18.214,18.299,18.214,18.299,1467,0
2015-08-28,18.337,18.337,18.337,18.337,103,0
2015-08-31,18.645,18.645,18.309,18.433,840,0
2015-09-01,18.337,18.337,18.319,18.319,3039,0
2015-09-04,18.309,18.309,18.309,18.309,417,0
2015-09-08,18.195,18.195,18.185,18.185,11004,0
2015-09-10,18.224,18.224,18.224,18.224,211,0
2015-09-11,18.234,18.234,18.234,18.234,103,0
2015-09-15,18.224,18.224,18.156,18.156,6603,0
2015-09-16,18.175,18.175,18.166,18.166,735,0
2015-09-17,18.136,18.136,18.136,18.136,265,0
2015-09-18,18.289,18.309,18.289,18.309,630,0
2015-09-23,18.299,18.309,18.243,18.243,2200,0
2015-09-28,18.175,18.175,18.175,18.175,8823,0
2015-09-29,18.214,18.224,18.214,18.214,1152,0
2015-09-30,18.243,18.243,18.234,18.234,39933,0
2015-10-01,18.375,18.375,18.281,18.281,1152,0
2015-10-02,18.366,18.375,18.366,18.375,630,0
2015-10-05,18.366,18.366,18.356,18.356,3716,0
2015-10-06,18.395,18.395,18.395,18.395,209,0
2015-10-07,18.366,18.366,18.366,18.366,417,0
2015-10-08,18.375,18.375,18.375,18.375,103,0
2015-10-09,18.375,18.375,18.375,18.375,103,0
2015-10-14,18.405,18.405,18.405,18.405,735,0
2015-10-15,18.385,18.395,18.385,18.395,1361,0
2015-10-16,18.356,18.356,18.347,18.347,840,0
2015-10-19,18.347,18.347,18.347,18.347,103,0
2015-10-20,18.289,18.289,18.289,18.289,484,0
2015-10-21,18.309,18.329,18.309,18.329,3143,0
2015-10-22,18.337,18.337,18.337,18.337,7547,0
2015-10-23,18.309,18.329,18.309,18.319,840,0
2015-10-26,18.319,18.319,18.299,18.299,1992,0
2015-10-27,18.347,18.347,18.337,18.337,1049,0
2015-10-29,18.234,18.234,18.214,18.234,3039,0
2015-10-30,18.262,18.299,18.243,18.299,33748,0
2015-11-02,18.234,18.234,18.234,18.234,5511,0
2015-11-03,18.243,18.243,18.243,18.243,5135,0
2015-11-04,18.185,18.185,18.185,18.185,139,0
2015-11-05,18.166,18.166,18.166,18.166,630,0
2015-11-06,18.088,18.088,18.088,18.088,1677,0
2015-11-09,18.127,18.127,18.127,18.127,617,0
2015-11-10,18.127,18.146,18.127,18.146,3460,0
2015-11-12,18.146,18.146,18.146,18.146,103,0
2015-11-13,18.127,18.136,18.127,18.136,5661,0
2015-11-16,18.146,18.146,18.146,18.146,417,0
2015-11-17,18.136,18.136,18.136,18.136,524,0
2015-11-18,18.136,18.136,18.136,18.136,840,0
2015-11-20,18.185,18.185,18.175,18.175,194108,0
2015-11-23,18.185,18.195,18.185,18.195,3143,0
2015-11-24,18.224,18.224,18.224,18.224,103,0
2015-11-25,18.224,18.234,18.224,18.234,735,0
2015-11-27,18.262,18.272,18.262,18.272,1467,0
2015-11-30,18.214,18.234,18.214,18.234,6185,0
2015-12-01,18.281,18.281,18.272,18.272,3880,0
2015-12-02,18.262,18.262,18.214,18.214,2035,0
2015-12-03,18.146,18.146,18.146,18.146,1876,0
2015-12-04,18.205,18.205,18.205,18.205,735,0
2015-12-07,18.175,18.175,18.175,18.175,417,0
2015-12-08,18.146,18.146,18.146,18.146,1156,0
2015-12-09,18.146,18.146,18.146,18.146,103,0
2015-12-10,18.107,18.107,18.107,18.107,313,0
2015-12-11,18.136,18.166,18.136,18.166,944,0
2015-12-14,18.088,18.088,18.088,18.088,536,0
2015-12-15,18.079,18.079,18.041,18.041,4192,0
2015-12-16,18.031,18.031,17.994,17.994,1361,0
2015-12-17,18.021,18.021,18.021,18.021,209,0
2015-12-18,18.107,18.107,18.107,18.107,417,0
2015-12-21,18.06,18.088,18.06,18.088,1992,0
2015-12-22,18.041,18.06,18.021,18.06,11149,0
2015-12-23,18.07,18.07,18.041,18.041,8489,0
2015-12-24,18.088,18.098,18.079,18.098,40493,0
2015-12-28,18.137,18.137,18.098,18.098,1865,0
2015-12-31,18.177,18.311,18.177,18.311,5566,0
2016-01-04,18.177,18.177,18.138,18.138,25466,0
2016-01-05,18.158,18.158,18.158,18.158,344,0
2016-01-06,18.177,18.177,18.174,18.174,10254,0
2016-01-07,18.177,18.177,18.17,18.17,2048,0
2016-01-08,18.216,18.236,18.216,18.236,1071,0
2016-01-11,18.194,18.194,18.194,18.194,357,0
2016-01-12,18.168,18.168,18.158,18.158,2036,0
2016-01-13,18.164,18.197,18.164,18.197,321,0
2016-01-14,18.168,18.168,18.158,18.158,1877,0
2016-01-15,18.236,18.236,18.197,18.197,517,0
2016-01-19,18.187,18.197,18.168,18.168,839,0
2016-01-20,18.189,18.197,18.189,18.197,1422,0
2016-01-21,18.201,18.201,18.128,18.177,25138,0
2016-01-22,18.187,18.197,18.162,18.181,8837,0
2016-01-25,18.226,18.226,18.158,18.207,3041,0
2016-01-26,18.177,18.226,18.177,18.226,593,0
2016-01-27,18.216,18.236,18.216,18.236,2043,0
2016-01-28,18.274,18.274,18.236,18.245,2122,0
2016-01-29,18.33,18.33,18.33,18.33,118,0
2016-02-01,18.311,18.33,18.274,18.33,99461,0
2016-02-02,18.36,18.377,18.33,18.33,69570,0
2016-02-03,18.425,18.435,18.374,18.374,14917,0
2016-02-04,18.387,18.387,18.339,18.339,2474,0
2016-02-05,18.357,18.357,18.311,18.311,2699,0
2016-02-08,18.377,18.377,18.321,18.33,3250,0
2016-02-09,18.291,18.321,18.288,18.288,2199,0
2016-02-10,18.33,18.33,18.33,18.33,216,0
2016-02-11,18.363,18.363,18.363,18.363,123,0
2016-02-16,18.321,18.321,18.293,18.293,1380,0
2016-02-17,18.291,18.311,18.254,18.311,3367,0
2016-02-18,18.339,18.348,18.33,18.339,21828,0
2016-02-19,18.311,18.358,18.301,18.331,7312,0
2016-02-22,18.358,18.377,18.321,18.377,2535,0
2016-02-23,18.367,18.415,18.367,18.384,11385,0
2016-02-24,18.474,18.474,18.425,18.425,1227,0
2016-02-25,18.523,18.537,18.523,18.537,833,0
2016-02-26,18.523,18.575,18.523,18.575,734,0
2016-02-29,18.541,18.541,18.541,18.541,3072,0
2016-03-01,18.724,18.752,18.464,18.532,7640,0
2016-03-02,18.523,18.551,18.502,18.551,5914,0
2016-03-03,18.58,18.58,18.523,18.523,5265,0
2016-03-04,18.551,18.551,18.484,18.484,18754,0
2016-03-07,18.458,18.484,18.436,18.454,13407,0
2016-03-08,18.484,18.493,18.484,18.493,2495,0
2016-03-09,18.484,18.503,18.454,18.503,1272,0
2016-03-10,18.478,18.478,18.478,18.478,387,0
2016-03-11,18.434,18.454,18.42,18.454,5367,0
2016-03-15,18.387,18.415,18.367,18.38,2559,0
2016-03-16,18.397,18.513,18.397,18.513,3398,0
2016-03-17,18.638,18.638,18.586,18.586,3712,0
2016-03-18,18.667,18.677,18.608,18.657,3616,0
2016-03-21,18.648,18.648,18.599,18.599,864,0
2016-03-22,18.628,18.667,18.598,18.599,2939,0
2016-03-23,18.608,18.628,18.587,18.606,12775,0
2016-03-24,18.603,18.608,18.57,18.589,14254,0
2016-03-28,18.561,18.561,18.523,18.561,2705,0
2016-03-29,18.589,18.746,18.589,18.746,9375,0
2016-03-30,18.743,18.818,18.695,18.695,8259,0
2016-03-31,18.78,18.866,18.77,18.77,40267,0
2016-04-01,18.724,18.789,18.724,18.789,10571,0
2016-04-04,18.808,18.808,18.752,18.794,8855,0
2016-04-05,18.808,18.808,18.762,18.77,7971,0
2016-04-06,18.752,18.752,18.743,18.743,7235,0
2016-04-07,18.78,18.818,18.771,18.771,1472,0
2016-04-08,18.789,18.818,18.789,18.818,12939,0
2016-04-11,18.752,18.752,18.752,18.752,112,0
2016-04-12,18.733,18.733,18.715,18.715,1952,0
2016-04-13,18.715,18.715,18.703,18.703,707,0
2016-04-14,18.667,18.667,18.667,18.667,313,0
2016-04-15,18.695,18.695,18.687,18.687,437,0
2016-04-18,18.695,18.715,18.648,18.667,4045,0
2016-04-19,18.715,18.752,18.695,18.752,17981,0
2016-04-21,18.667,18.667,18.667,18.667,103,0
2016-04-22,18.661,18.695,18.648,18.648,874,0
2016-04-25,18.687,18.687,18.687,18.687,132,0
2016-04-26,18.638,18.687,18.638,18.686,1331,0
2016-04-27,18.733,18.752,18.724,18.724,1524,0
2016-04-28,18.799,18.799,18.743,18.78,4278,0
2016-04-29,18.77,18.818,18.77,18.818,2991,0
2016-05-02,18.762,18.762,18.76,18.76,745,0
2016-05-03,18.77,18.818,18.762,18.808,6041,0
2016-05-04,18.789,18.789,18.78,18.78,1501,0
2016-05-05,18.788,18.789,18.788,18.789,581,0
2016-05-09,18.837,18.837,18.837,18.837,1625,0
2016-05-10,18.805,18.805,18.805,18.805,502,0
2016-05-11,18.827,18.852,18.799,18.827,2900,0
2016-05-13,18.789,18.837,18.787,18.837,9293,0
2016-05-16,18.866,18.866,18.866,18.866,209,0
2016-05-17,18.826,18.826,18.826,18.826,123,0
2016-05-18,18.753,18.78,18.649,18.649,3303,0
2016-05-19,18.724,18.724,18.648,18.724,8548,0
2016-05-20,18.677,18.695,18.648,18.678,2083,0
2016-05-23,18.695,18.705,18.695,18.705,1631,0
2016-05-24,18.687,18.733,18.651,18.69,17657,0
2016-05-25,18.752,18.752,18.752,18.752,269,0
2016-05-26,18.71,18.77,18.705,18.77,4406,0
2016-05-31,18.733,18.733,18.677,18.733,516,0
2016-06-01,18.724,18.743,18.667,18.743,5161,0
2016-06-02,18.77,18.818,18.705,18.705,3627,0
2016-06-03,18.856,18.876,18.818,18.818,1935,0
2016-06-06,18.866,18.915,18.854,18.886,5481,0
2016-06-07,18.951,18.951,18.789,18.924,417,0
2016-06-08,18.969,18.969,18.876,18.951,1414,0
2016-06-09,18.969,18.989,18.866,18.94,5079,0
2016-06-10,18.96,19.027,18.96,19.027,529,0
2016-06-13,18.868,19.008,18.866,18.979,3801,0
2016-06-14,18.96,18.96,18.949,18.949,1373,0
2016-06-15,18.915,19.008,18.915,19.008,6685,0
2016-06-16,18.96,18.969,18.886,18.969,2759,0
2016-06-17,18.96,18.96,18.847,18.924,4533,0
2016-06-20,18.886,18.886,18.857,18.857,3206,0
2016-06-21,18.868,18.886,18.856,18.876,6391,0
2016-06-22,18.856,18.905,18.856,18.883,3795,0
2016-06-24,18.899,18.979,18.899,18.941,1255,0
2016-06-27,18.979,19.008,18.905,18.924,7630,0
2016-06-28,18.999,19.027,18.999,19.027,7105,0
2016-06-29,19.045,19.055,18.993,19.055,4562,0
2016-06-30,19.063,19.199,18.96,19.189,37126,0
2016-07-01,19.046,19.046,19.046,19.046,425,0
2016-07-05,19.111,19.243,19.111,19.238,1979,0
2016-07-06,19.199,19.332,19.156,19.332,9911,0
2016-07-07,19.102,19.15,19.092,19.092,8861,0
2016-07-08,19.179,19.179,19.179,19.179,1699,0
2016-07-11,19.123,19.179,19.123,19.169,4402,0
2016-07-12,19.065,19.111,19.053,19.111,2439,0
2016-07-13,19.14,19.14,19.14,19.14,588,0
2016-07-15,18.985,19.015,18.985,19.015,362,0
2016-07-18,19.085,19.092,19.027,19.092,313072,0
2016-07-19,19.037,19.075,19.024,19.065,1248071,0
2016-07-21,19.055,19.055,19.055,19.055,6294,0
2016-07-26,18.989,18.999,18.989,18.999,1498,0
2016-07-29,19.041,19.041,19.041,19.041,209,0
2016-08-01,19.486,19.535,19.486,19.486,5539,0
2016-08-02,19.326,19.397,19.326,19.371,1554,0
2016-08-04,19.399,19.399,19.399,19.399,1012,0
2016-08-05,19.454,19.454,19.427,19.427,38969,0
2016-08-08,19.459,19.459,19.308,19.308,27008,0
2016-08-09,19.407,19.456,19.37,19.387,3689,0
2016-08-10,19.505,19.505,19.338,19.397,26296,0
2016-08-11,19.387,19.456,19.251,19.298,23360,0
2016-08-12,19.308,19.437,19.308,19.348,7287,0
2016-08-16,19.261,19.377,19.261,19.289,4903,0
2016-08-17,19.308,19.417,19.308,19.348,8573,0
2016-08-18,19.387,19.505,19.387,19.491,16473,0
2016-08-19,19.441,19.441,19.338,19.338,7579,0
2016-08-22,19.377,19.407,19.328,19.338,18050,0
2016-08-23,19.446,19.446,19.418,19.418,3038,0
2016-08-24,19.456,19.456,19.348,19.348,2775,0
2016-08-25,19.375,19.401,19.375,19.401,467,0
2016-08-26,19.367,19.367,19.298,19.326,4918,0
2016-08-29,19.279,19.348,19.279,19.318,15994,0
2016-08-30,19.289,19.348,19.289,19.348,546,0
2016-08-31,19.348,19.367,19.328,19.328,14040,0
2016-09-02,19.322,19.322,19.322,19.322,26387,0
2016-09-06,19.441,19.451,19.352,19.361,8008,0
2016-09-07,19.443,19.471,19.443,19.471,2130,0
2016-09-08,19.418,19.418,19.342,19.361,6273,0
2016-09-09,19.293,19.293,19.244,19.244,5194,0
2016-09-12,19.263,19.322,19.263,19.322,5606,0
2016-09-13,19.318,19.351,19.184,19.184,6944,0
2016-09-14,19.298,19.332,19.288,19.317,6845,0
2016-09-15,19.322,19.322,19.304,19.304,542,0
2016-09-20,19.303,19.303,19.234,19.234,5366,0
2016-09-21,19.381,19.381,19.312,19.312,363,0
2016-09-22,19.401,19.401,19.361,19.361,3352,0
2016-09-23,19.452,19.452,19.452,19.452,6822,0
2016-09-26,19.51,19.52,19.51,19.52,1540,0
2016-09-28,19.53,19.54,19.53,19.54,203,0
2016-09-30,19.53,19.53,19.451,19.461,5531,0
2016-10-03,19.471,19.471,19.411,19.431,6563,0
2016-10-05,19.451,19.451,19.371,19.371,5182,0
2016-10-06,19.461,19.461,19.371,19.398,4113,0
2016-10-11,19.421,19.421,19.421,19.421,3737,0
2016-10-12,19.342,19.391,19.312,19.352,14992,0
2016-10-13,19.391,19.391,19.391,19.391,190,0
2016-10-14,19.461,19.461,19.402,19.435,1046,0
2016-10-17,19.411,19.461,19.401,19.431,5599,0
2016-10-18,19.5,19.502,19.441,19.461,1880,0
2016-10-19,19.491,19.539,19.481,19.516,10963,0
2016-10-20,19.481,19.505,19.481,19.505,1077,0
2016-10-21,19.471,19.495,19.471,19.495,2380,0
2016-10-24,19.477,19.5,19.441,19.451,9301,0
2016-10-25,19.471,19.504,19.432,19.504,13641,0
2016-10-26,19.49,19.49,19.441,19.451,6725,0
2016-10-27,19.421,19.421,19.391,19.401,8381,0
2016-10-28,19.446,19.465,19.401,19.465,7517,0
2016-10-31,19.494,19.494,19.494,19.494,651,0
2016-11-01,19.411,19.461,19.401,19.461,15809,0
2016-11-02,19.453,19.53,19.446,19.446,9819,0
2016-11-03,19.459,19.459,19.459,19.459,236,0
2016-11-04,19.481,19.485,19.441,19.451,7347,0
2016-11-07,19.5,19.5,19.441,19.441,3391,0
2016-11-08,19.472,19.491,19.469,19.469,2255,0
2016-11-09,19.451,19.451,19.371,19.391,4978,0
2016-11-10,19.421,19.431,19.332,19.365,19292,0
2016-11-11,19.361,19.381,19.343,19.361,16297,0
2016-11-14,19.371,19.371,19.164,19.206,31351,0
2016-11-15,19.124,19.249,19.124,19.224,28090,0
2016-11-16,19.228,19.244,19.214,19.244,3527,0
2016-11-17,19.273,19.273,19.174,19.239,10320,0
2016-11-18,19.095,19.204,19.095,19.204,28540,0
2016-11-21,19.217,19.293,19.164,19.214,15088,0
2016-11-22,19.224,19.254,19.194,19.214,11284,0
2016-11-23,19.037,19.184,18.958,19.174,22669,0
2016-11-25,19.154,19.161,19.154,19.161,570,0
2016-11-28,19.214,19.224,19.188,19.188,4522,0
2016-11-29,19.114,19.173,19.095,19.154,13573,0
2016-11-30,19.184,19.207,19.184,19.207,601,0
2016-12-01,19.143,19.143,19.123,19.123,4150,0
2016-12-02,19.178,19.223,19.178,19.193,5703,0
2016-12-05,19.183,19.243,19.183,19.243,7257,0
2016-12-06,19.173,19.223,19.153,19.173,7469,0
2016-12-07,19.213,19.272,19.194,19.253,13530,0
2016-12-08,19.234,19.234,19.234,19.234,781,0
2016-12-09,19.25,19.253,19.193,19.213,18964,0
2016-12-12,19.301,19.301,19.173,19.185,9418,0
2016-12-13,19.15,19.243,19.149,19.183,13865,0
2016-12-14,19.214,19.214,19.075,19.075,932,0
2016-12-15,18.969,19.017,18.969,19.017,2187,0
2016-12-16,18.956,18.99,18.937,18.977,11842,0
2016-12-19,18.969,19.021,18.915,19.008,12511,0
2016-12-20,18.957,19.065,18.957,19.065,3745,0
2016-12-21,19.077,19.077,19.077,19.077,429,0
2016-12-22,19.045,19.055,19.036,19.036,12522,0
2016-12-23,19.094,19.094,18.987,18.987,14488,0
2016-12-27,19.123,19.123,19.108,19.108,2952,0
2016-12-28,19.124,19.124,19.124,19.124,100,0
2016-12-29,19.183,19.183,19.155,19.155,282,0
2016-12-30,19.189,19.244,19.076,19.076,175540,0
2017-01-03,19.239,19.244,19.165,19.244,6539,0
2017-01-05,19.283,19.302,19.263,19.263,7149,0
2017-01-06,19.244,19.283,19.224,19.283,1785070,0
2017-01-09,19.273,19.312,19.272,19.293,17363,0
2017-01-12,19.381,19.381,19.335,19.335,59474,0
2017-01-13,19.273,19.293,19.263,19.293,6652,0
2017-01-17,19.292,19.292,19.283,19.283,720,0
2017-01-18,19.323,19.323,19.323,19.323,520,0
2017-01-19,19.249,19.249,19.244,19.244,6290,0
2017-01-20,19.322,19.352,19.282,19.352,23360,0
2017-01-23,19.332,19.332,19.332,19.332,15524,0
2017-01-24,19.342,19.37,19.29,19.29,18092,0
2017-01-25,19.273,19.302,19.263,19.284,6104,0
2017-01-26,19.263,19.263,19.234,19.234,9445,0
2017-01-27,19.342,19.4,19.342,19.348,2895,0
2017-01-30,19.315,19.361,19.315,19.352,4599,0
2017-01-31,19.381,19.381,19.381,19.381,609,0
2017-02-01,19.312,19.312,19.293,19.293,4424,0
2017-02-02,19.391,19.392,19.339,19.339,10677,0
2017-02-06,19.411,19.421,19.342,19.421,22880,0
2017-02-07,19.421,19.421,19.352,19.352,11553,0
2017-02-08,19.352,19.391,19.352,19.384,1245,0
2017-02-09,19.391,19.391,19.361,19.361,813,0
2017-02-10,19.371,19.401,19.352,19.366,26126,0
2017-02-13,19.342,19.361,19.302,19.302,62646,0
2017-02-14,19.352,19.361,19.352,19.361,1042,0
2017-02-15,19.302,19.302,19.263,19.285,40501,0
2017-02-16,19.327,19.371,19.283,19.293,6154,0
2017-02-17,19.359,19.386,19.322,19.322,1006,0
2017-02-21,19.371,19.401,19.332,19.401,7999,0
2017-02-22,19.342,19.421,19.342,19.421,3603,0
2017-02-23,19.451,19.457,19.391,19.457,1819,0
2017-02-24,19.461,19.461,19.461,19.461,963,0
2017-02-27,19.401,19.401,19.391,19.391,1676,0
2017-02-28,19.409,19.422,19.381,19.422,1244,0
2017-03-01,19.342,19.342,19.293,19.293,568,0
2017-03-02,19.234,19.244,19.224,19.244,13059,0
2017-03-03,19.263,19.308,19.254,19.308,5291,0
2017-03-06,19.322,19.322,19.291,19.291,365,0
2017-03-07,19.293,19.317,19.283,19.317,1542,0
2017-03-08,19.312,19.361,19.154,19.361,16115,0
2017-03-09,19.235,19.239,19.174,19.224,34093,0
2017-03-10,19.224,19.229,19.205,19.211,1949,0
2017-03-13,19.164,19.209,19.134,19.134,41109,0
2017-03-14,19.164,19.203,19.164,19.197,8253,0
2017-03-15,19.194,19.194,19.191,19.191,238,0
2017-03-16,19.273,19.293,19.273,19.283,34367,0
2017-03-17,19.332,19.342,19.302,19.342,1114,0
2017-03-20,19.302,19.34,19.283,19.332,2656,0
2017-03-21,19.352,19.371,19.352,19.371,14771,0
2017-03-22,19.382,19.382,19.312,19.361,12106,0
2017-03-23,19.371,19.371,19.371,19.371,128,0
2017-03-24,19.372,19.4,19.361,19.361,3221,0
2017-03-27,19.431,19.461,19.431,19.461,14113,0
2017-03-28,19.352,19.371,19.352,19.371,10794,0
2017-03-29,19.381,19.417,19.371,19.417,5035,0
2017-03-30,19.381,19.381,19.361,19.361,409,0
2017-03-31,19.391,19.401,19.371,19.401,450284,0
2017-04-03,19.447,19.447,19.418,19.437,12158,0
2017-04-04,19.457,19.47,19.417,19.449,13314,0
2017-04-05,19.487,19.487,19.428,19.477,52029,0
2017-04-06,19.459,19.463,19.407,19.463,7040,0
2017-04-07,19.456,19.457,19.437,19.457,3991,0
2017-04-10,19.407,19.407,19.39,19.39,1946,0
2017-04-11,19.268,19.457,19.268,19.457,1908,0
2017-04-12,19.447,19.516,19.407,19.516,19448,0
2017-04-13,19.546,19.546,19.519,19.526,6473,0
2017-04-17,19.468,19.492,19.468,19.492,858,0
2017-04-18,19.497,19.497,19.496,19.496,329,0
2017-04-19,19.486,19.496,19.482,19.482,1620,0
2017-04-20,19.467,19.496,19.467,19.487,1868,0
2017-04-21,19.447,19.447,19.447,19.447,397,0
2017-04-24,19.447,19.496,19.447,19.467,12982,0
2017-04-25,19.457,19.487,19.447,19.447,4960,0
2017-04-26,19.477,19.477,19.43,19.457,658,0
2017-04-27,19.506,19.506,19.467,19.476,3496,0
2017-04-28,19.472,19.488,19.472,19.488,516,0
2017-05-01,20.021,20.021,19.455,19.511,6422,0
2017-05-02,19.435,19.438,19.424,19.438,1138,0
2017-05-03,19.421,19.421,19.421,19.421,405,0
2017-05-04,19.375,19.375,19.341,19.355,13489,0
2017-05-05,19.333,19.341,19.326,19.341,1328,0
2017-05-08,19.335,19.395,19.335,19.345,7143,0
2017-05-09,19.285,19.285,19.285,19.285,3461,0
2017-05-10,19.329,19.329,19.312,19.312,1019,0
2017-05-11,19.335,19.415,19.256,19.335,26895,0
2017-05-12,19.365,19.405,19.355,19.355,5777,0
2017-05-15,19.405,19.405,19.355,19.375,60329,0
2017-05-16,19.335,19.365,19.285,19.335,12250,0
2017-05-17,19.425,19.455,19.425,19.455,405,0
2017-05-18,19.425,19.465,19.425,19.465,406,0
2017-05-19,19.445,19.475,19.445,19.475,2117,0
2017-05-22,19.435,19.445,19.395,19.445,5942,0
2017-05-23,19.435,19.455,19.42,19.42,5657,0
2017-05-24,19.415,19.415,19.365,19.365,7459,0
2017-05-25,19.385,19.415,19.385,19.415,507,0
2017-05-26,19.385,19.455,19.385,19.453,2905,0
2017-05-30,19.445,19.455,19.445,19.455,299,0
2017-05-31,19.465,19.474,19.465,19.474,3197,0
2017-06-01,19.48,19.499,19.48,19.49,22841,0
2017-06-02,19.529,19.529,19.45,19.47,11850,0
2017-06-05,19.45,19.519,19.44,19.515,9852,0
2017-06-06,19.509,19.529,19.481,19.529,8728,0
2017-06-07,19.499,19.499,19.44,19.49,9203,0
2017-06-08,19.46,19.49,19.46,19.49,7075,0
2017-06-09,19.47,19.499,19.47,19.485,3396,0
2017-06-12,19.47,19.47,19.42,19.44,28891,0
2017-06-13,19.397,19.45,19.38,19.409,47467,0
2017-06-15,19.35,19.367,19.29,19.3,7693,0
2017-06-16,19.38,19.38,19.353,19.37,4961,0
2017-06-19,19.38,19.38,19.324,19.35,10955,0
2017-06-20,19.35,19.35,19.32,19.342,9894,0
2017-06-21,19.37,19.37,19.351,19.351,682,0
2017-06-22,19.38,19.44,19.36,19.42,26520,0
2017-06-26,19.48,19.48,19.37,19.48,13193,0
2017-06-27,19.368,19.368,19.368,19.368,757,0
2017-06-28,19.398,19.398,19.377,19.377,233,0
2017-06-29,19.334,19.35,19.322,19.322,3293,0
2017-06-30,19.31,19.36,19.29,19.3,468093,0
2017-07-03,19.35,19.35,19.27,19.31,32206,0
2017-07-05,19.3,19.316,19.29,19.313,6488,0
2017-07-06,19.29,19.32,19.29,19.32,8413,0
2017-07-07,19.28,19.289,19.231,19.26,4360,0
2017-07-10,19.251,19.27,19.251,19.27,2415,0
2017-07-11,19.26,19.3,19.232,19.3,27866,0
2017-07-12,19.341,19.35,19.31,19.35,112957,0
2017-07-13,19.301,19.35,19.301,19.35,13997,0
2017-07-14,19.36,19.36,19.33,19.35,3310,0
2017-07-17,19.37,19.37,19.351,19.351,11235,0
2017-07-18,19.39,19.43,19.39,19.425,10107,0
2017-07-19,19.427,19.427,19.39,19.411,10360,0
2017-07-20,19.37,19.377,19.36,19.372,1294,0
2017-07-21,19.41,19.42,19.38,19.42,33379,0
2017-07-24,19.419,19.419,19.4,19.4,674,0
2017-07-25,19.35,19.379,19.34,19.35,13017,0
2017-07-26,19.367,19.425,19.34,19.42,7440,0
2017-07-27,19.42,19.43,19.392,19.392,3127,0
2017-07-28,19.41,19.435,19.39,19.411,25350,0
2017-07-31,19.424,19.449,19.4,19.414,11213,0
2017-08-01,19.44,19.45,19.41,19.42,15106,0
2017-08-02,19.439,19.459,19.43,19.44,35333,0
2017-08-03,19.42,19.465,19.42,19.45,18574,0
2017-08-04,19.4,19.465,19.4,19.44,9619,0
2017-08-07,19.45,19.46,19.44,19.44,6167,0
2017-08-08,19.489,19.49,19.45,19.46,5479,0
2017-08-09,19.53,19.53,19.5,19.5,2536,0
2017-08-10,19.52,19.52,19.51,19.52,7775,0
2017-08-11,19.5,19.535,19.5,19.535,1613,0
2017-08-14,19.52,19.52,19.45,19.45,7936,0
2017-08-15,19.44,19.44,19.42,19.435,1669,0
2017-08-16,19.42,19.495,19.42,19.48,14578,0
2017-08-17,19.48,19.505,19.395,19.49,3496,0
2017-08-18,19.52,19.52,19.45,19.48,28548,0
2017-08-21,19.48,19.5,19.46,19.474,14773,0
2017-08-22,19.48,19.48,19.44,19.46,3597,0
2017-08-23,19.48,19.5,19.48,19.5,2369,0
2017-08-24,19.469,19.49,19.441,19.441,10365,0
2017-08-25,19.47,19.48,19.435,19.48,9433,0
2017-08-28,19.5,19.52,19.475,19.475,5070,0
2017-08-29,19.58,19.58,19.502,19.52,2469,0
2017-08-30,19.55,19.55,19.491,19.491,3702,0
2017-08-31,19.55,19.58,19.53,19.574,4327,0
2017-09-01,19.56,19.57,19.52,19.53,21341,0
2017-09-05,19.61,19.639,19.59,19.639,18340,0
2017-09-06,19.64,19.641,19.61,19.62,6154,0
2017-09-07,19.66,19.668,19.641,19.65,4077,0
2017-09-08,19.64,19.69,19.64,19.69,30937,0
2017-09-11,19.65,19.65,19.611,19.611,2346,0
2017-09-12,19.62,19.62,19.59,19.62,3318,0
2017-09-13,19.63,19.63,19.57,19.57,8834,0
2017-09-14,19.59,19.6,19.59,19.6,4259,0
2017-09-15,19.57,19.588,19.57,19.588,6333,0
2017-09-18,19.59,19.59,19.573,19.59,12017,0
2017-09-19,19.58,19.58,19.55,19.564,1973,0
2017-09-20,19.571,19.587,19.5,19.52,2274,0
2017-09-21,19.51,19.51,19.48,19.48,4353,0
2017-09-22,19.5,19.54,19.5,19.531,3461,0
2017-09-25,19.54,19.56,19.53,19.56,3126,0
2017-09-26,19.55,19.56,19.54,19.56,3986,0
2017-09-27,19.5,19.51,19.5,19.51,2987,0
2017-09-28,19.5,19.525,19.5,19.525,2574,0
2017-09-29,19.5,19.505,19.46,19.49,410132,0
2017-10-02,19.46,19.47,19.43,19.43,24281,0
2017-10-03,19.45,19.468,19.45,19.468,2761,0
2017-10-04,19.47,19.5,19.466,19.48,2714,0
2017-10-05,19.46,19.473,19.46,19.469,8428,0
2017-10-06,19.43,19.46,19.43,19.46,2898,0
2017-10-10,19.51,19.51,19.49,19.49,10464,0
2017-10-11,19.501,19.53,19.5,19.53,13745,0
2017-10-12,19.5,19.55,19.5,19.55,3374,0
2017-10-13,19.52,19.52,19.52,19.52,3069,0
2017-10-16,19.52,19.522,19.47,19.49,12578,0
2017-10-17,19.47,19.48,19.45,19.48,6633,0
2017-10-18,19.46,19.47,19.44,19.45,23714,0
2017-10-19,19.48,19.49,19.46,19.47,20852,0
2017-10-20,19.44,19.465,19.44,19.445,23113,0
2017-10-23,19.45,19.47,19.44,19.47,71872,0
2017-10-24,19.44,19.45,19.42,19.43,70262,0
2017-10-25,19.41,19.44,19.4,19.429,50327,0
2017-10-26,19.45,19.45,19.41,19.42,73649,0
2017-10-27,19.42,19.465,19.42,19.453,43533,0
2017-10-30,19.49,19.51,19.47,19.5,18056,0
2017-10-31,19.506,19.51,19.48,19.5,10374,0
2017-11-01,19.49,19.5347,19.49,19.52,4574,0
2017-11-02,19.54,19.54,19.5077,19.525,46701,0
2017-11-03,19.52,19.53,19.4875,19.52,14141,0
2017-11-06,19.5202,19.57,19.5202,19.555,14549,0
2017-11-07,19.57,19.589,19.57,19.57,10944,0
2017-11-08,19.57,19.61,19.54,19.57,14895,0
2017-11-09,19.55,19.575,19.55,19.55,4776,0
2017-11-10,19.53,19.53,19.49,19.5,10815,0
