Date,Open,High,Low,Close,Volume,OpenInt
2012-10-03,43.778,43.833,43.676,43.709,22436,0
2012-10-05,44.56,44.56,44.21,44.21,8136,0
2012-10-09,43.623,43.641,43.623,43.641,3279,0
2012-10-10,43.21,43.404,43.088,43.088,2281,0
2012-10-11,43.297,43.404,43.297,43.404,2623,0
2012-10-12,43.297,43.297,43.297,43.297,113926,0
2012-10-15,43.394,43.543,43.306,43.543,4221,0
2012-10-16,44.024,44.024,44.024,44.024,12584,0
2012-10-17,44.516,44.516,44.516,44.516,112,0
2012-10-18,44.375,44.428,44.375,44.428,9036,0
2012-10-19,44.043,44.043,44.043,44.043,3335,0
2012-10-22,44.096,44.296,44.096,44.296,5990,0
2012-10-23,44.088,44.088,44.088,44.088,228,0
2012-10-24,43.455,43.455,43.455,43.455,1626,0
2012-10-25,43.596,43.596,43.596,43.596,11076,0
2012-10-26,43.606,43.606,43.606,43.606,3422,0
2012-10-31,43.737,43.737,43.737,43.737,5135,0
2012-11-01,43.982,44.088,43.982,44.033,23388,0
2012-11-02,44.185,44.185,43.754,43.876,24842,0
2012-11-05,43.577,43.727,43.437,43.437,18540,0
2012-11-06,43.814,43.895,43.814,43.895,10691,0
2012-11-07,43.218,43.385,43.158,43.385,1597,0
2012-11-08,43.062,43.14,43.026,43.026,1939,0
2012-11-09,42.999,42.999,42.85,42.85,5507,0
2012-11-12,42.894,42.894,42.894,42.894,1141,0
2012-11-13,42.746,42.746,42.746,42.746,1141,0
2012-11-14,42.332,42.332,42.332,42.332,468,0
2012-11-15,42.36,42.36,42.36,42.36,228,0
2012-11-16,42.273,42.368,42.273,42.36,11295,0
2012-11-19,42.875,42.875,42.875,42.875,4108,0
2012-11-20,42.982,43.035,42.982,43.035,1939,0
2012-11-21,43.174,43.174,43.174,43.174,5391,0
2012-11-26,43.946,43.946,43.824,43.867,15205,0
2012-11-27,44.008,44.008,43.796,43.796,6048,0
2012-11-28,44.088,44.088,44.008,44.008,912,0
2012-11-29,44.323,44.367,44.263,44.286,25721,0
2012-11-30,44.411,44.411,44.296,44.296,906,0
2012-12-03,44.533,44.605,44.411,44.411,52301,0
2012-12-04,44.569,44.605,44.569,44.577,31880,0
2012-12-05,44.865,44.865,44.805,44.824,19042,0
2012-12-06,44.745,44.77,44.745,44.745,9261,0
2012-12-07,44.762,44.788,44.762,44.788,10816,0
2012-12-10,45.173,45.173,44.727,44.84,40743,0
2012-12-11,45.103,45.103,45.034,45.034,4221,0
2012-12-12,45.383,45.383,45.236,45.236,35221,0
2012-12-13,45.217,45.244,45.052,45.244,19409,0
2012-12-14,45.288,45.288,45.288,45.288,6389,0
2012-12-17,45.347,46.032,45.347,45.488,15533,0
2012-12-18,45.139,45.718,45.139,45.699,26469,0
2012-12-19,45.927,45.927,45.885,45.885,43116,0
2012-12-20,46.139,46.2,46.077,46.163,37846,0
2012-12-21,45.935,46.401,45.84,46.401,16885,0
2012-12-24,45.795,46.154,45.77,45.77,39362,0
2012-12-26,45.498,45.498,45.453,45.453,6738,0
2012-12-27,45.698,46.077,45.698,46.077,32066,0
2012-12-28,45.917,46.006,45.883,45.908,10048,0
2012-12-31,45.969,46.49,45.969,46.49,26434,0
2013-01-02,47.141,47.141,46.835,47.124,9648,0
2013-01-03,46.939,47.635,46.788,46.912,31307,0
2013-01-04,46.965,47.079,46.929,47.079,53992,0
2013-01-07,46.843,47.026,46.13,47.009,10402,0
2013-01-08,46.843,46.843,46.788,46.788,13169,0
2013-01-09,46.975,47.835,46.912,46.965,43557,0
2013-01-10,47.361,47.714,46.984,47.572,50367,0
2013-01-11,47.599,47.687,47.599,47.687,16467,0
2013-01-14,47.661,47.784,47.661,47.784,454,0
2013-01-15,47.441,47.608,47.441,47.608,6083,0
2013-01-16,47.009,47.502,46.965,47.441,16755,0
2013-01-17,47.75,47.766,47.723,47.723,41021,0
2013-01-18,48.109,48.109,47.272,47.678,13636,0
2013-01-22,47.695,47.75,47.582,47.582,98915,0
2013-01-23,47.714,49.297,47.714,48.373,27490,0
2013-01-24,48.198,48.198,47.933,47.933,24260,0
2013-01-25,48.426,48.77,48.234,48.426,19572,0
2013-01-28,48.407,48.407,48.099,48.243,17712,0
2013-01-29,48.188,48.383,48.172,48.383,2025,0
2013-01-30,48.347,48.461,48.285,48.417,21950,0
2013-01-31,48.347,48.47,48.092,48.234,10292,0
2013-02-01,48.392,48.859,47.802,48.725,20520,0
2013-02-04,48.145,48.277,47.843,47.843,14426,0
2013-02-05,47.97,48.162,47.625,48.065,54144,0
2013-02-06,47.759,48.065,47.759,48.048,15319,0
2013-02-07,48.109,48.109,47.398,47.828,25355,0
2013-02-08,48.294,48.294,47.733,47.907,14039,0
2013-02-11,47.889,48.032,47.378,47.987,41057,0
2013-02-12,48.208,48.25,48.127,48.127,10557,0
2013-02-13,48.329,48.338,48.304,48.313,15911,0
2013-02-14,47.923,48.065,47.705,48.065,25917,0
2013-02-15,47.995,48.048,47.441,47.678,30032,0
2013-02-19,47.995,48.294,47.987,48.259,14374,0
2013-02-20,48.47,48.47,47.943,47.96,23656,0
2013-02-21,47.317,47.449,47.141,47.141,27582,0
2013-02-22,47.406,47.862,47.361,47.853,27523,0
2013-02-25,47.484,47.933,46.876,46.876,16323,0
2013-02-26,47.441,47.441,46.912,47.185,46716,0
2013-02-27,47.169,48.065,47.169,47.766,63436,0
2013-02-28,47.733,48.259,47.644,47.759,28393,0
2013-03-01,47.398,47.695,47.398,47.599,25791,0
2013-03-04,47.414,47.723,47.406,47.714,43774,0
2013-03-05,47.819,48.145,47.617,48.145,35493,0
2013-03-06,48.127,48.243,47.889,48.234,60973,0
2013-03-07,48.497,48.497,48.225,48.434,42317,0
2013-03-08,48.188,48.47,48.065,48.453,43284,0
2013-03-11,48.365,48.681,47.995,48.55,18518,0
2013-03-12,48.198,48.426,48.065,48.417,10081,0
2013-03-13,48.109,48.338,48.083,48.277,24423,0
2013-03-14,48.434,49.28,48.434,48.797,17620,0
2013-03-15,48.946,48.998,48.681,48.814,25830,0
2013-03-18,48.497,48.725,48.313,48.586,60943,0
2013-03-19,48.453,48.453,48.136,48.225,16514,0
2013-03-20,48.761,48.761,48.577,48.69,13062,0
2013-03-21,48.313,48.487,48.118,48.269,15863,0
2013-03-22,48.47,48.718,48.383,48.568,17635,0
2013-03-25,48.506,48.541,48.005,48.005,63139,0
2013-03-26,48.172,48.313,47.943,48.198,29176,0
2013-03-27,47.978,48.083,47.775,48.065,8724,0
2013-03-28,48.373,48.487,48.083,48.329,16622,0
2013-04-01,48.083,48.083,47.547,47.819,13848,0
2013-04-02,48.099,48.417,47.81,48.109,64710,0
2013-04-03,48.074,48.136,47.652,47.853,47867,0
2013-04-04,47.951,48.365,47.759,48.127,34504,0
2013-04-05,47.678,47.987,47.554,47.987,75431,0
2013-04-08,47.862,48.04,47.538,47.96,37123,0
2013-04-09,48.048,48.461,47.933,48.417,7414,0
2013-04-10,48.69,49.123,48.586,49.024,26018,0
2013-04-11,49.235,49.642,49.235,49.333,7961,0
2013-04-12,49.413,49.413,48.849,49.079,18370,0
2013-04-15,48.407,48.559,48.005,48.005,14001,0
2013-04-16,48.453,48.654,48.453,48.515,7362,0
2013-04-17,48.032,48.47,47.644,47.766,12286,0
2013-04-18,47.37,47.793,47.37,47.547,28730,0
2013-04-19,47.652,47.775,47.652,47.723,3409,0
2013-04-22,47.705,48.065,47.705,48.057,15551,0
2013-04-23,48.523,48.718,48.523,48.577,21882,0
2013-04-24,48.805,48.998,48.805,48.902,4810,0
2013-04-25,49.457,49.614,49.457,49.544,16734,0
2013-04-26,49.413,49.517,49.28,49.517,11349,0
2013-04-29,49.756,50.089,49.756,50.003,22695,0
2013-04-30,49.79,50.064,49.79,50.038,32091,0
2013-05-01,50.098,50.17,49.915,49.915,17121,0
2013-05-02,49.932,50.089,49.888,50.047,16035,0
2013-05-03,50.441,50.637,50.423,50.432,8512,0
2013-05-06,50.346,50.591,50.284,50.416,17243,0
2013-05-07,50.513,50.671,50.353,50.451,62070,0
2013-05-08,50.954,51.252,50.935,51.041,76113,0
2013-05-09,51.013,51.041,50.679,50.839,13813,0
2013-05-10,50.601,50.761,50.451,50.679,51106,0
2013-05-13,50.558,50.847,50.503,50.794,159709,0
2013-05-14,50.803,50.874,50.707,50.794,22490,0
2013-05-15,50.715,50.917,50.513,50.812,78283,0
2013-05-16,50.689,50.768,50.488,50.583,75359,0
2013-05-17,50.663,50.812,50.61,50.812,31390,0
2013-05-20,50.864,51.023,50.864,50.979,14505,0
2013-05-21,51.023,51.419,50.909,51.287,15505,0
2013-05-22,51.536,51.632,50.671,50.671,31702,0
2013-05-23,49.798,50.259,49.413,50.047,37572,0
2013-05-24,49.167,49.678,49.167,49.588,18947,0
2013-05-28,50.047,50.055,49.544,49.782,25668,0
2013-05-29,49.482,49.588,49.008,49.413,44745,0
2013-05-30,49.403,50.018,49.403,49.825,10440,0
2013-05-31,50.089,50.089,48.681,48.821,42670,0
2013-06-03,48.681,49.13,48.55,49.033,40101,0
2013-06-04,49.069,49.306,48.893,49.079,49535,0
2013-06-05,48.752,48.752,48.118,48.18,50401,0
2013-06-06,47.547,48.313,47.547,48.313,44791,0
2013-06-07,48.277,48.814,48.277,48.725,40951,0
2013-06-10,48.654,48.989,48.654,48.752,53905,0
2013-06-11,48.234,48.461,48.065,48.18,51118,0
2013-06-12,48.515,48.559,48.136,48.269,36334,0
2013-06-13,48.417,49.008,48.269,49.008,49527,0
2013-06-14,48.523,48.744,48.373,48.392,13349,0
2013-06-17,49.253,49.413,48.893,48.893,26534,0
2013-06-18,49.431,49.544,49.343,49.457,19798,0
2013-06-19,49.243,49.448,48.681,48.708,46047,0
2013-06-20,47.943,48.154,46.903,46.903,38434,0
2013-06-21,46.727,46.929,46.103,46.929,38775,0
2013-06-24,46.235,46.481,45.335,46.093,74712,0
2013-06-25,46.12,46.578,46.12,46.437,47484,0
2013-06-26,46.867,46.867,46.542,46.867,6345,0
2013-06-27,47.15,47.298,47.133,47.256,26892,0
2013-06-28,47.079,47.388,47.009,47.343,35413,0
2013-07-01,47.723,47.723,47.424,47.441,18889,0
2013-07-02,47.687,47.733,47.281,47.467,20787,0
2013-07-03,47.179,47.51,47.045,47.51,11016,0
2013-07-05,47.538,47.759,47.351,47.759,31983,0
2013-07-08,47.678,48.023,47.678,47.978,29432,0
2013-07-09,47.889,48.188,47.889,48.172,6311,0
2013-07-10,48.127,48.671,48.092,48.145,27449,0
2013-07-11,48.989,49.333,48.972,49.333,47793,0
2013-07-12,49.377,49.535,49.194,49.527,180850,0
2013-07-15,49.457,49.695,49.457,49.695,23589,0
2013-07-16,49.581,49.756,49.581,49.747,122561,0
2013-07-17,49.853,50.012,49.632,49.932,9486,0
2013-07-18,49.315,50.187,49.095,50.187,24503,0
2013-07-19,50.089,50.318,50.082,50.276,78822,0
2013-07-22,50.328,50.432,50.328,50.432,3051,0
2013-07-23,50.523,50.671,50.523,50.671,27456,0
2013-07-24,50.558,50.679,50.441,50.496,49453,0
2013-07-25,50.318,50.478,50.259,50.373,51304,0
2013-07-26,50.135,50.373,50.064,50.373,66494,0
2013-07-29,50.012,50.135,49.86,50.003,30407,0
2013-07-30,49.915,50.064,49.775,50.064,40706,0
2013-07-31,50.117,50.416,49.825,50.179,81545,0
2013-08-01,50.292,50.663,50.292,50.663,45787,0
2013-08-02,50.997,50.997,50.496,50.751,42086,0
2013-08-05,50.707,50.945,50.707,50.856,45199,0
2013-08-06,50.839,50.945,50.689,50.751,24524,0
2013-08-07,50.54,50.794,50.513,50.53,25203,0
2013-08-08,50.847,51.269,50.743,51.183,64618,0
2013-08-09,50.979,51.269,50.979,51.269,21754,0
2013-08-12,51.085,51.235,51.085,51.235,15296,0
2013-08-13,51.128,51.4,51.023,51.4,45224,0
2013-08-14,51.173,51.297,51.173,51.297,9129,0
2013-08-15,51.235,51.366,50.864,51.218,7399,0
2013-08-16,51.114,51.34,50.379,51.252,22445,0
2013-08-19,51.068,51.068,50.979,50.979,5339,0
2013-08-20,50.646,50.945,50.637,50.917,21046,0
2013-08-21,50.478,50.478,50.353,50.353,4987,0
2013-08-22,50.654,50.725,50.566,50.566,16177,0
2013-08-23,50.735,51.068,50.689,51.068,20890,0
2013-08-26,50.884,50.884,50.803,50.803,21039,0
2013-08-27,50.284,50.284,50.018,50.038,42834,0
2013-08-28,49.79,50.028,49.782,49.843,10315,0
2013-08-29,49.843,49.843,49.766,49.79,50168,0
2013-08-30,49.74,49.74,49.422,49.422,20968,0
2013-09-03,50.107,50.153,49.825,49.932,47663,0
2013-09-04,50.204,50.496,50.204,50.496,17864,0
2013-09-05,50.407,50.574,50.379,50.523,20159,0
2013-09-06,50.619,50.884,50.619,50.743,13540,0
2013-09-09,51.077,51.409,51.068,51.209,16689,0
2013-09-10,51.754,51.816,51.745,51.816,56779,0
2013-09-11,51.878,52.257,51.878,52.169,56076,0
2013-09-12,52.089,52.099,51.956,51.956,27114,0
2013-09-13,52.406,52.406,52.009,52.159,133698,0
2013-09-16,52.494,52.67,52.441,52.564,63841,0
2013-09-17,52.59,52.68,52.545,52.599,64723,0
2013-09-18,51.059,53.594,51.059,53.569,38112,0
2013-09-19,53.523,53.619,53.391,53.4,62961,0
2013-09-20,53.523,53.542,53.259,53.259,23679,0
2013-09-23,53.444,53.444,53.144,53.153,23878,0
2013-09-24,53.269,53.329,53.144,53.179,28139,0
2013-09-25,53.189,53.189,53.102,53.102,26092,0
2013-09-26,52.617,53.418,52.617,52.942,59469,0
2013-09-27,53.172,53.259,53.172,53.244,62669,0
2013-09-30,52.925,52.959,52.8,52.8,70907,0
2013-10-01,53.066,53.128,53.066,53.093,44435,0
2013-10-02,53.066,53.066,52.951,53.057,65579,0
2013-10-03,52.908,53.005,52.881,52.881,37272,0
2013-10-04,52.722,52.925,52.722,52.916,26783,0
2013-10-07,52.387,52.68,52.317,52.512,29389,0
2013-10-08,52.308,52.308,52.089,52.089,13406,0
2013-10-09,51.992,52.238,51.992,52.178,11582,0
2013-10-10,52.397,53.005,52.397,52.951,59209,0
2013-10-11,53.083,53.163,53.083,53.163,32470,0
2013-10-14,53.225,53.481,53.225,53.453,6569,0
2013-10-15,53.364,53.364,53.172,53.208,34577,0
2013-10-16,53.453,53.585,53.427,53.523,65127,0
2013-10-17,53.892,54.124,53.875,54.114,47737,0
2013-10-18,54.571,54.677,54.537,54.571,14473,0
2013-10-21,54.686,54.808,54.661,54.764,22200,0
2013-10-22,55.205,55.407,55.205,55.407,30915,0
2013-10-23,54.933,55.013,54.774,54.87,45680,0
2013-10-24,55.205,55.268,55.013,55.258,31571,0
2013-10-25,55.109,55.162,54.941,55.046,31799,0
2013-10-28,54.888,55.089,54.853,55.003,49131,0
2013-10-29,55.053,55.089,55.003,55.046,38945,0
2013-10-30,55.072,55.118,54.933,55.013,42782,0
2013-10-31,55.382,55.382,54.712,54.888,38250,0
2013-11-01,54.598,54.625,54.246,54.481,36216,0
2013-11-04,54.579,54.642,54.509,54.642,12990,0
2013-11-05,54.598,54.598,54.132,54.341,69270,0
2013-11-06,54.634,54.808,54.553,54.774,30454,0
2013-11-07,54.764,54.764,54.132,54.132,34463,0
2013-11-08,53.7,54.228,53.691,54.228,111499,0
2013-11-11,54.237,54.246,54.149,54.202,3368,0
2013-11-12,54.184,54.184,53.964,53.964,13491,0
2013-11-13,54.054,54.21,53.797,54.202,15672,0
2013-11-14,54.14,54.388,54.132,54.368,20712,0
2013-11-15,54.634,54.774,54.634,54.729,295093,0
2013-11-18,55.538,55.538,54.791,54.844,54966,0
2013-11-19,55.062,55.062,54.677,54.703,49658,0
2013-11-20,54.757,54.757,54.341,54.413,32203,0
2013-11-21,54.423,54.598,54.423,54.598,13921,0
2013-11-22,55.282,55.282,54.571,54.729,24992,0
2013-11-25,54.853,54.853,54.553,54.625,36288,0
2013-11-26,54.729,54.729,54.527,54.712,21543,0
2013-11-27,54.703,54.774,54.669,54.774,35469,0
2013-11-29,55.451,55.451,54.826,54.826,27740,0
2013-12-02,54.764,54.764,54.634,54.677,68550,0
2013-12-03,54.298,54.308,54.025,54.132,99946,0
2013-12-04,53.655,53.902,53.619,53.638,56520,0
2013-12-05,53.039,53.797,53.039,53.682,52064,0
2013-12-06,53.989,54.273,53.964,54.273,21490,0
2013-12-09,54.124,54.333,54.124,54.288,46320,0
2013-12-10,54.546,54.546,54.096,54.184,90953,0
2013-12-11,54.166,54.166,53.753,53.753,40863,0
2013-12-12,53.551,53.551,53.312,53.391,21103,0
2013-12-13,53.137,53.381,53.137,53.381,18311,0
2013-12-16,53.727,53.753,53.638,53.7,21863,0
2013-12-17,54.007,54.616,53.408,53.56,28733,0
2013-12-18,53.77,54.481,53.7,54.298,30068,0
2013-12-19,54.035,54.228,53.973,54.21,59725,0
2013-12-20,54.273,54.634,54.273,54.465,47909,0
2013-12-23,55.118,55.134,54.625,54.861,204476,0
2013-12-24,54.861,55.021,54.861,55.021,33778,0
2013-12-26,55.234,55.234,55.162,55.162,1725,0
2013-12-27,57.264,57.264,56.245,56.344,174931,0
2013-12-30,56.488,56.75,56.488,56.714,124550,0
2013-12-31,56.371,57.02,56.371,56.866,220596,0
2014-01-02,56.327,56.497,55.93,56.019,59591,0
2014-01-03,56.219,56.254,56.092,56.092,57098,0
2014-01-06,56.452,56.452,56.003,56.119,64436,0
2014-01-07,56.669,56.669,56.235,56.327,61172,0
2014-01-08,56.299,56.461,56.1,56.228,77426,0
2014-01-09,56.335,56.335,56.083,56.245,37894,0
2014-01-10,56.778,56.778,56.443,56.706,24365,0
2014-01-13,56.894,56.938,56.299,56.425,34526,0
2014-01-14,56.642,56.839,56.524,56.769,36872,0
2014-01-15,57.01,57.01,56.678,56.984,57280,0
2014-01-16,56.948,57.03,56.804,56.984,52090,0
2014-01-17,57.111,57.111,56.849,56.894,27123,0
2014-01-21,57.047,57.2,56.984,57.101,65019,0
2014-01-22,57.219,57.219,56.966,57.001,22907,0
2014-01-23,56.866,56.866,56.553,56.706,124286,0
2014-01-24,56.553,56.553,55.417,55.417,38269,0
2014-01-27,55.397,55.397,54.794,54.975,44418,0
2014-01-28,55.002,55.381,55.002,55.362,31423,0
2014-01-29,54.858,55.091,54.74,54.812,48324,0
2014-01-30,55.164,55.298,55.054,55.298,42313,0
2014-01-31,54.478,54.704,54.048,54.461,27676,0
2014-02-03,54.551,54.559,53.471,53.48,770074,0
2014-02-04,53.687,53.975,53.687,53.928,93059,0
2014-02-05,53.74,53.938,53.622,53.84,28021,0
2014-02-06,54.154,54.839,54.154,54.678,77781,0
2014-02-07,55.073,55.298,54.903,55.298,32759,0
2014-02-10,55.229,55.407,55.101,55.407,26505,0
2014-02-11,55.174,56.272,55.174,56.228,44557,0
2014-02-12,56.228,56.353,56.173,56.29,48403,0
2014-02-13,56.173,56.47,56.092,56.435,86865,0
2014-02-14,56.497,56.76,56.47,56.678,36490,0
2014-02-18,57.047,57.082,56.795,57.073,33158,0
2014-02-19,57.04,57.209,56.714,56.733,39108,0
2014-02-20,56.886,57.03,56.723,56.948,74037,0
2014-02-21,57.174,57.219,56.903,56.984,45764,0
2014-02-24,57.406,57.698,57.406,57.597,98755,0
2014-02-25,57.58,57.58,57.274,57.274,50429,0
2014-02-26,57.327,57.353,57.073,57.13,30722,0
2014-02-27,57.191,57.399,56.957,57.264,22226,0
2014-02-28,57.66,57.821,57.381,57.58,151378,0
2014-03-03,57.13,57.219,56.327,56.452,36665,0
2014-03-04,57.353,57.507,57.299,57.507,66207,0
2014-03-05,57.488,57.57,57.381,57.461,10105,0
2014-03-06,58.01,58.138,57.976,58.093,22646,0
2014-03-07,58.074,58.074,57.678,57.777,17400,0
2014-03-10,57.308,57.626,57.308,57.399,20678,0
2014-03-11,57.507,57.507,57.03,57.082,20990,0
2014-03-12,56.678,56.966,56.562,56.733,40352,0
2014-03-13,57.073,57.12,55.957,56.157,50808,0
2014-03-14,56.047,56.109,55.849,55.957,87942,0
2014-03-17,56.362,56.588,56.344,56.533,55127,0
2014-03-18,56.615,56.921,56.606,56.829,67692,0
2014-03-19,56.687,56.928,56.1,56.219,75952,0
2014-03-20,55.778,56.173,55.605,56.003,25566,0
2014-03-21,56.183,56.379,55.849,55.875,27513,0
2014-03-24,56.138,56.272,55.715,55.957,99760,0
2014-03-25,56.409,56.687,56.192,56.506,7868,0
2014-03-26,56.812,56.812,56.443,56.47,15537,0
2014-03-27,56.795,56.957,56.615,56.669,30453,0
2014-03-28,57.13,57.461,57.13,57.174,63920,0
2014-03-31,57.544,57.597,57.345,57.345,11399,0
2014-04-01,57.793,57.868,57.688,57.868,8325,0
2014-04-02,57.922,57.94,57.904,57.94,52622,0
2014-04-03,58.02,58.02,57.678,57.785,63652,0
2014-04-04,57.544,58.093,57.544,57.626,67598,0
2014-04-07,57.751,57.777,57.209,57.264,70761,0
2014-04-08,57.2,57.497,57.174,57.434,49426,0
2014-04-09,57.724,58.074,57.626,58.065,134350,0
2014-04-10,57.922,57.922,56.966,56.966,81825,0
2014-04-11,56.903,57.01,56.669,56.687,24250,0
2014-04-14,56.804,56.928,56.497,56.829,20850,0
2014-04-15,56.76,56.76,56.192,56.597,34169,0
2014-04-16,56.876,57.274,56.876,57.274,70595,0
2014-04-17,56.921,57.65,56.921,57.443,31328,0
2014-04-21,57.534,57.724,57.336,57.488,33097,0
2014-04-22,57.858,57.858,57.724,57.777,21855,0
2014-04-23,57.399,57.885,57.399,57.84,111418,0
2014-04-24,57.803,57.894,57.705,57.885,6474,0
2014-04-25,57.894,57.894,57.66,57.66,21002,0
2014-04-28,58.074,58.074,57.281,57.831,36787,0
2014-04-29,58.074,58.156,58.074,58.138,8003,0
2014-04-30,58.21,58.308,58.074,58.264,19639,0
2014-05-01,58.426,58.623,58.112,58.128,65875,0
2014-05-02,58.509,58.509,58.463,58.509,13922,0
2014-05-05,58.21,58.543,58.093,58.345,21399,0
2014-05-06,58.516,58.614,58.345,58.436,27065,0
2014-05-07,58.436,58.453,58.074,58.354,13846,0
2014-05-08,58.318,58.489,58.147,58.246,13002,0
2014-05-09,58.074,58.246,58.065,58.183,20662,0
2014-05-12,58.751,58.751,58.327,58.327,31512,0
2014-05-13,58.463,58.579,58.255,58.569,50786,0
2014-05-14,58.786,58.796,57.904,58.273,22695,0
2014-05-15,58.119,58.201,57.912,58.201,15946,0
2014-05-16,58.166,58.389,57.894,57.94,20254,0
2014-05-19,57.894,58.093,57.849,57.912,34670,0
2014-05-20,57.858,58.02,57.381,57.678,18481,0
2014-05-21,58.02,58.065,57.849,58.065,18315,0
2014-05-22,58.298,58.623,57.993,58.138,15357,0
2014-05-23,58.21,58.37,58.001,58.047,10161,0
2014-05-27,58.614,58.796,58.579,58.632,20381,0
2014-05-28,58.715,58.733,58.614,58.715,11601,0
2014-05-29,58.715,58.796,58.652,58.796,59736,0
2014-05-30,58.822,59.11,58.822,59.11,8822,0
2014-06-02,58.93,59.129,58.813,59.129,39858,0
2014-06-03,59.021,59.119,58.876,59.076,84125,0
2014-06-04,59.066,59.129,58.857,59.129,189170,0
2014-06-05,58.94,59.425,58.876,59.085,29441,0
2014-06-06,59.2,59.786,59.191,59.786,5681,0
2014-06-09,59.831,59.831,59.552,59.687,22429,0
2014-06-10,59.526,59.669,59.47,59.47,7547,0
2014-06-11,59.561,59.561,59.156,59.373,23240,0
2014-06-12,59.47,59.732,59.389,59.48,14333,0
2014-06-13,59.425,59.499,59.425,59.49,2818,0
2014-06-16,59.669,59.669,59.129,59.507,33519,0
2014-06-17,59.47,59.47,59.138,59.434,17545,0
2014-06-18,59.552,59.76,59.255,59.76,17646,0
2014-06-19,59.922,60.238,59.635,60.174,48695,0
2014-06-20,59.813,60.534,59.813,60.203,28015,0
2014-06-23,59.777,60.019,59.76,60.019,14433,0
2014-06-24,59.607,59.75,59.517,59.635,44386,0
2014-06-25,59.645,59.74,59.291,59.336,25116,0
2014-06-26,59.542,59.75,59.354,59.588,41194,0
2014-06-27,59.769,59.796,59.48,59.653,22740,0
2014-06-30,59.786,59.922,59.616,59.922,26210,0
2014-07-01,60.316,60.481,60.282,60.435,10131,0
2014-07-02,60.651,60.651,60.418,60.615,8545,0
2014-07-03,60.607,60.723,60.551,60.551,8252,0
2014-07-07,60.455,60.463,60.193,60.29,29502,0
2014-07-08,60.102,60.102,59.571,59.678,53360,0
2014-07-09,59.616,59.869,59.534,59.869,10807,0
2014-07-10,59.191,59.327,58.66,59.3,22819,0
2014-07-11,59.066,59.255,59.066,59.247,11004,0
2014-07-14,59.542,59.607,59.452,59.452,21613,0
2014-07-15,59.696,59.877,59.229,59.291,14279,0
2014-07-16,59.678,59.895,59.552,59.75,21536,0
2014-07-17,59.517,59.653,59.093,59.093,54566,0
2014-07-18,59.354,59.534,59.354,59.408,18991,0
2014-07-21,59.209,59.345,59.166,59.336,19553,0
2014-07-22,59.38,59.588,59.38,59.534,31777,0
2014-07-23,59.669,59.769,59.616,59.75,74077,0
2014-07-24,59.85,59.966,59.803,59.822,32541,0
2014-07-25,59.561,59.725,59.48,59.625,23619,0
2014-07-28,59.507,59.706,59.373,59.687,18038,0
2014-07-29,59.452,59.76,59.452,59.507,17956,0
2014-07-30,59.48,59.48,59.264,59.363,16110,0
2014-07-31,58.778,58.847,58.407,58.407,29107,0
2014-08-01,58.255,58.273,57.94,58.166,40353,0
2014-08-04,58.192,58.345,57.976,58.183,37147,0
2014-08-05,57.705,57.849,57.425,57.507,48870,0
2014-08-06,57.219,57.47,57.111,57.425,10871,0
2014-08-07,57.76,57.76,56.687,56.976,11182,0
2014-08-08,56.723,57.191,56.723,57.191,62369,0
2014-08-11,57.317,57.698,57.317,57.453,19295,0
2014-08-12,58.037,58.037,57.544,57.66,12669,0
2014-08-13,57.894,58.065,57.714,57.84,16991,0
2014-08-14,58.112,58.119,57.984,58.047,30834,0
2014-08-15,58.138,58.463,57.803,58.112,30088,0
2014-08-18,58.237,58.499,58.237,58.463,30537,0
2014-08-19,59.021,59.021,58.463,58.463,24858,0
2014-08-20,58.426,58.561,58.389,58.389,20746,0
2014-08-21,58.705,58.751,58.535,58.579,6274,0
2014-08-22,58.67,58.67,58.436,58.587,46256,0
2014-08-25,58.831,58.885,58.67,58.743,15487,0
2014-08-26,58.831,58.949,58.778,58.867,30896,0
2014-08-27,58.778,59.066,58.778,59.039,27314,0
2014-08-28,58.796,58.813,58.605,58.768,23305,0
2014-08-29,58.561,58.847,58.561,58.632,40758,0
2014-09-02,58.94,58.993,58.67,58.705,16776,0
2014-09-03,59.172,59.229,58.894,59.049,26825,0
2014-09-04,59.119,59.119,58.642,58.724,50187,0
2014-09-05,58.696,58.733,58.471,58.632,18604,0
2014-09-08,58.479,58.479,58.037,58.128,13154,0
2014-09-09,57.94,58.037,57.894,57.949,18408,0
2014-09-10,57.93,58.138,57.894,58.138,25469,0
2014-09-11,57.633,57.858,57.57,57.741,66083,0
2014-09-12,57.769,57.858,57.66,57.777,32295,0
2014-09-15,57.453,57.688,57.453,57.633,10248,0
2014-09-16,57.281,57.912,57.281,57.76,18444,0
2014-09-17,57.705,57.76,57.443,57.507,13389,0
2014-09-18,57.894,57.894,57.669,57.849,5202,0
2014-09-19,57.812,57.812,57.616,57.626,7976,0
2014-09-22,57.552,57.552,57.174,57.317,6284,0
2014-09-23,56.976,56.976,56.778,56.876,20967,0
2014-09-24,56.839,57.101,56.769,57.065,24134,0
2014-09-25,56.858,56.858,56.219,56.219,33442,0
2014-09-26,56.379,56.606,56.335,56.606,13262,0
2014-09-29,55.875,56.1,55.866,55.93,25362,0
2014-09-30,56.028,56.028,55.551,55.678,21588,0
2014-10-01,55.516,55.623,55.182,55.344,33103,0
2014-10-02,55.012,55.091,54.316,54.624,100319,0
2014-10-03,54.398,54.731,54.398,54.722,92227,0
2014-10-06,54.794,54.983,54.559,54.983,20677,0
2014-10-07,54.496,54.651,54.147,54.147,33440,0
2014-10-08,54.289,54.911,53.795,54.848,159914,0
2014-10-09,54.343,54.343,53.334,53.407,56925,0
2014-10-10,53.047,53.343,52.624,52.632,276355,0
2014-10-13,52.938,53.21,52.434,52.434,46662,0
2014-10-14,52.652,52.848,52.325,52.362,101931,0
2014-10-15,51.623,52.218,51.316,51.921,73716,0
2014-10-16,51.271,52.29,51.271,51.876,113120,0
2014-10-17,53.118,53.352,52.298,52.614,80385,0
2014-10-20,52.55,53.128,52.55,52.902,102206,0
2014-10-21,53.388,53.777,53.352,53.777,52024,0
2014-10-22,53.713,53.813,53.462,53.462,130910,0
2014-10-23,53.795,54.058,53.65,53.965,56304,0
2014-10-24,53.614,54.066,53.614,54.048,75170,0
2014-10-27,53.777,53.911,53.561,53.803,92941,0
2014-10-28,54.279,54.478,54.191,54.478,79704,0
2014-10-29,54.486,54.543,53.911,54.02,37266,0
2014-10-30,54.289,54.634,53.948,54.273,75105,0
2014-10-31,54.839,55.012,54.634,54.983,39267,0
2014-11-03,54.452,54.812,54.427,54.786,33559,0
2014-11-04,54.227,54.524,54.11,54.137,10220,0
2014-11-05,54.714,54.714,54.381,54.577,28264,0
2014-11-06,54.325,54.597,54.154,54.2,46815,0
2014-11-07,54.289,54.289,54.039,54.11,12857,0
2014-11-10,54.343,54.524,54.316,54.353,22455,0
2014-11-11,54.587,54.794,54.551,54.777,18750,0
2014-11-12,54.381,54.486,54.316,54.343,39562,0
2014-11-13,54.634,54.634,54.371,54.486,17529,0
2014-11-14,54.427,54.687,54.362,54.615,34712,0
2014-11-17,54.391,54.607,54.371,54.461,146351,0
2014-11-18,54.634,55.002,54.634,54.92,57270,0
2014-11-19,55.002,55.002,54.687,54.704,41527,0
2014-11-20,54.486,54.759,54.469,54.534,46878,0
2014-11-21,55.101,55.298,54.786,54.911,47608,0
2014-11-24,55.247,55.316,55.127,55.219,76949,0
2014-11-25,55.238,55.541,55.209,55.344,39185,0
2014-11-26,55.388,55.589,55.371,55.589,58017,0
2014-11-28,55.308,55.334,54.993,55.002,45282,0
2014-12-01,54.948,55.063,54.74,54.821,109675,0
2014-12-02,54.993,55.021,54.794,54.83,37902,0
2014-12-03,54.812,55.029,54.75,54.884,38192,0
2014-12-04,54.821,55.038,54.624,54.696,103465,0
2014-12-05,54.722,55.021,54.651,54.903,22321,0
2014-12-08,54.624,54.624,54.264,54.325,36898,0
2014-12-09,53.991,54.172,53.759,53.965,35430,0
2014-12-10,53.84,53.866,53.407,53.416,43655,0
2014-12-11,53.36,53.731,53.21,53.21,68349,0
2014-12-12,52.875,53.173,52.515,52.515,77204,0
2014-12-15,52.848,52.848,51.705,51.794,55694,0
2014-12-16,51.677,52.624,51.677,52.154,151535,0
2014-12-17,52.164,52.74,52.164,52.661,152827,0
2014-12-18,53.128,53.498,52.938,53.378,226895,0
2014-12-19,53.028,53.65,53.028,53.505,74684,0
2014-12-22,53.768,53.919,53.596,53.866,95974,0
2014-12-23,53.831,53.956,53.622,53.866,157908,0
2014-12-24,53.713,54.039,53.622,54.01,110040,0
2014-12-26,54.218,54.218,53.892,53.892,44969,0
2014-12-29,53.741,54.01,53.694,53.787,96904,0
2014-12-30,53.537,53.657,53.368,53.416,154339,0
2014-12-31,53.183,53.694,53.155,53.193,161065,0
2015-01-02,53.537,53.537,52.923,53.137,29392,0
2015-01-05,52.422,52.449,51.835,51.948,116590,0
2015-01-06,51.827,52.069,51.307,51.362,37631,0
2015-01-07,51.372,51.974,51.335,51.883,135869,0
2015-01-08,52.078,52.394,51.854,52.309,196735,0
2015-01-09,52.55,52.55,52.003,52.069,47961,0
2015-01-12,52.023,52.236,51.874,52.003,28476,0
2015-01-13,52.487,52.663,51.911,52.292,92335,0
2015-01-14,51.883,52.107,51.79,51.921,47269,0
2015-01-15,52.449,52.542,51.994,52.412,108504,0
2015-01-16,52.506,52.886,52.422,52.663,34043,0
2015-01-20,53.118,53.118,52.774,52.849,57703,0
2015-01-21,52.96,53.331,52.96,53.183,43858,0
2015-01-22,53.128,53.491,53.063,53.359,7581,0
2015-01-23,53.639,53.639,53.128,53.137,53568,0
2015-01-26,53.566,53.871,53.566,53.862,8815,0
2015-01-27,53.546,53.964,53.463,53.879,60790,0
2015-01-28,53.779,54.02,53.128,53.128,72989,0
2015-01-29,53.416,53.871,53.331,53.835,54920,0
2015-01-30,53.34,53.507,53.072,53.072,33669,0
2015-02-02,53.377,53.871,53.368,53.871,56778,0
2015-02-03,54.262,54.725,54.067,54.725,12591,0
2015-02-04,54.531,54.557,54.059,54.214,55535,0
2015-02-05,54.634,54.911,54.438,54.883,52363,0
2015-02-06,54.465,54.624,54.205,54.288,10503,0
2015-02-09,54.084,54.325,53.99,54.01,65624,0
2015-02-10,54.42,54.606,54.214,54.391,22622,0
2015-02-11,54.158,54.438,54.076,54.177,65906,0
2015-02-12,54.744,55.005,54.615,54.734,38357,0
2015-02-13,55.403,55.516,55.255,55.31,51420,0
2015-02-17,55.301,55.701,55.282,55.636,21985,0
2015-02-18,55.626,55.794,55.562,55.794,22723,0
2015-02-19,55.904,56.091,55.831,55.849,15150,0
2015-02-20,55.942,56.499,55.804,56.351,751592,0
2015-02-23,56.157,56.314,56.064,56.239,69244,0
2015-02-24,56.157,56.612,56.157,56.416,28431,0
2015-02-25,56.537,56.676,56.462,56.676,16324,0
2015-02-26,56.472,56.639,56.369,56.398,20430,0
2015-02-27,56.547,56.695,56.472,56.481,22235,0
2015-03-02,56.472,56.621,56.341,56.425,40799,0
2015-03-03,56.203,56.267,56.045,56.175,11733,0
2015-03-04,55.961,56.166,55.711,55.961,77505,0
2015-03-05,56.193,56.193,55.989,55.999,5920,0
2015-03-06,55.654,55.831,55.015,55.301,56622,0
2015-03-09,55.255,55.506,55.219,55.347,20885,0
2015-03-10,54.501,54.576,54.279,54.288,22821,0
2015-03-11,54.308,54.383,54.094,54.325,17545,0
2015-03-12,54.808,54.808,54.501,54.808,10873,0
2015-03-13,54.438,54.567,54.373,54.567,4628,0
2015-03-16,54.781,55.191,54.781,55.163,13132,0
2015-03-17,54.92,55.05,54.725,54.818,46073,0
2015-03-18,54.995,55.933,54.911,55.914,8612,0
2015-03-19,55.691,55.691,55.31,55.31,31647,0
2015-03-20,56.229,56.602,56.119,56.472,18837,0
2015-03-23,56.833,56.908,56.649,56.843,34986,0
2015-03-24,57.094,57.142,56.833,56.833,82889,0
2015-03-25,57.066,57.066,56.788,56.843,36707,0
2015-03-26,56.258,56.462,56.064,56.304,9796,0
2015-03-27,56.304,56.388,56.017,56.213,799812,0
2015-03-30,56.351,56.388,56.185,56.286,19699,0
2015-03-31,55.895,56.035,55.74,55.849,10657,0
2015-04-01,55.924,55.933,55.748,55.748,3659,0
2015-04-02,56.36,56.566,56.304,56.518,68786,0
2015-04-06,56.935,57.418,56.935,57.364,11518,0
2015-04-07,57.428,57.55,57.243,57.243,30798,0
2015-04-08,57.755,57.755,57.04,57.373,21313,0
2015-04-09,57.466,57.475,57.253,57.272,3557,0
2015-04-10,57.336,57.475,57.281,57.354,52102,0
2015-04-13,57.206,57.327,57.113,57.113,5167,0
2015-04-14,57.383,57.67,57.383,57.651,8827,0
2015-04-15,57.874,58.041,57.764,58.023,11605,0
2015-04-16,58.013,58.301,57.828,58.154,9752,0
2015-04-17,57.773,57.773,57.317,57.438,27772,0
2015-04-20,57.521,57.626,57.383,57.383,46501,0
2015-04-21,57.633,58.013,57.616,57.856,25870,0
2015-04-22,57.866,57.977,57.727,57.874,9413,0
2015-04-23,57.596,58.291,57.587,58.108,8933,0
2015-04-24,58.488,58.607,58.469,58.508,2906,0
2015-04-27,58.804,59.064,58.721,58.925,6351,0
2015-04-28,58.675,58.906,58.675,58.804,8505,0
2015-04-29,58.767,58.767,58.395,58.535,4522,0
2015-04-30,58.301,58.544,58.135,58.164,10979,0
2015-05-01,58.275,58.339,58.023,58.291,58775,0
2015-05-04,58.441,58.498,58.265,58.433,39614,0
2015-05-05,58.358,58.365,57.809,57.912,40259,0
2015-05-06,58.164,58.182,57.828,57.828,18076,0
2015-05-07,57.773,57.977,57.7,57.745,29919,0
2015-05-08,58.617,58.951,58.561,58.858,59851,0
2015-05-11,58.75,58.795,58.626,58.656,10979,0
2015-05-12,58.636,58.776,58.544,58.561,10923,0
2015-05-13,58.999,59.241,58.925,58.989,6782,0
2015-05-14,59.575,59.779,59.453,59.584,10011,0
2015-05-15,59.415,59.864,59.415,59.825,37223,0
2015-05-18,59.269,59.556,59.269,59.529,11858,0
2015-05-19,59.241,59.333,59.241,59.259,4413,0
2015-05-20,58.571,59.425,58.571,59.425,12272,0
2015-05-21,59.546,59.556,59.472,59.501,17760,0
2015-05-22,59.25,59.25,59.11,59.203,9042,0
2015-05-26,58.451,58.451,58.135,58.256,32397,0
2015-05-27,58.413,58.684,58.395,58.646,35199,0
2015-05-28,58.218,58.571,58.06,58.571,8888,0
2015-05-29,58.283,58.365,57.994,58.023,12595,0
2015-06-01,58.125,58.125,57.856,57.856,27980,0
2015-06-02,58.144,58.646,58.144,58.375,68251,0
2015-06-03,58.656,58.906,58.553,58.553,21421,0
2015-06-04,58.441,58.675,58.05,58.135,12056,0
2015-06-05,57.633,57.633,57.391,57.568,10011,0
2015-06-08,57.633,57.633,57.01,57.123,28095,0
2015-06-09,56.807,57.281,56.807,57.179,14860,0
2015-06-10,58.237,58.237,57.799,58.218,57537,0
2015-06-11,58.154,58.375,58.089,58.348,13187,0
2015-06-12,57.838,57.986,57.828,57.93,12595,0
2015-06-15,57.531,57.651,57.383,57.513,20776,0
2015-06-16,57.262,57.541,57.179,57.364,43058,0
2015-06-17,57.418,57.418,56.9,57.04,9581,0
2015-06-18,57.912,57.912,57.503,57.781,11303,0
2015-06-19,57.809,57.912,57.578,57.587,19807,0
2015-06-22,58.693,58.767,58.478,58.571,9042,0
2015-06-23,58.599,58.74,58.599,58.599,4322,0
2015-06-24,58.478,58.589,58.256,58.256,34554,0
2015-06-25,58.301,58.535,58.301,58.339,8505,0
2015-06-26,58.385,58.385,58.144,58.173,8719,0
2015-06-29,57.196,57.383,56.612,56.612,100542,0
2015-06-30,56.983,56.983,56.425,56.557,35377,0
2015-07-01,57.048,57.048,56.612,56.612,15609,0
2015-07-02,56.927,56.927,56.705,56.705,2045,0
2015-07-06,55.664,56.109,55.664,55.886,44566,0
2015-07-07,55.376,55.767,54.596,55.767,13456,0
2015-07-08,54.716,54.754,54.335,54.363,60282,0
2015-07-09,55.413,55.413,54.791,54.846,58022,0
2015-07-10,56.229,56.444,56.138,56.398,38429,0
2015-07-13,55.442,56.658,55.442,56.639,13564,0
2015-07-14,56.881,57.142,56.861,56.945,72312,0
2015-07-15,57.206,57.206,56.723,57.074,22979,0
2015-07-16,57.457,57.484,57.215,57.373,24973,0
2015-07-17,57.307,57.327,57.16,57.179,6029,0
2015-07-20,57.084,57.475,57.084,57.317,63295,0
2015-07-21,57.281,57.281,56.965,57.281,23468,0
2015-07-22,56.733,57.057,56.723,56.955,14425,0
2015-07-23,56.714,57.04,56.444,56.518,60282,0
2015-07-24,56.621,56.667,56.035,56.035,24113,0
2015-07-27,55.933,55.999,55.526,55.532,67387,0
2015-07-28,56.009,56.36,55.886,56.222,65234,0
2015-07-29,56.064,56.602,56.064,56.593,2477,0
2015-07-30,55.961,56.527,55.942,56.239,55331,0
2015-07-31,56.695,56.695,56.621,56.621,753,0
2015-08-03,56.853,56.853,56.416,56.462,5415,0
2015-08-04,56.481,56.881,56.472,56.639,14747,0
2015-08-05,57.057,57.133,56.676,56.695,16039,0
2015-08-06,56.695,56.797,56.527,56.797,9150,0
2015-08-07,56.444,56.602,56.341,56.527,1938,0
2015-08-10,56.843,57.233,56.761,57.233,12704,0
2015-08-11,56.676,56.714,56.286,56.649,14873,0
2015-08-12,55.961,56.472,55.691,56.472,75567,0
2015-08-13,55.942,56.239,55.942,56.185,5276,0
2015-08-14,56.193,56.203,56.009,56.009,1400,0
2015-08-17,55.812,56.138,55.691,56.138,3446,0
2015-08-18,55.979,55.979,55.73,55.73,19914,0
2015-08-19,55.497,55.933,55.005,55.338,3768,0
2015-08-20,54.671,54.689,54.01,54.01,106032,0
2015-08-21,53.779,53.964,52.719,52.719,24866,0
2015-08-24,50.259,52.226,50.259,50.471,314100,0
2015-08-25,52.301,52.747,51.326,51.326,173525,0
2015-08-26,52.041,53.016,51.566,53.016,182245,0
2015-08-27,52.81,53.377,52.767,53.303,274067,0
2015-08-28,53.063,53.359,52.782,53.323,169327,0
2015-08-31,53.183,53.359,52.737,53.231,88807,0
2015-09-01,52.328,52.328,51.298,51.307,395278,0
2015-09-02,52.023,52.078,51.541,51.939,14532,0
2015-09-03,51.974,52.328,51.957,51.974,15609,0
2015-09-04,51.353,51.372,50.926,51.047,14532,0
2015-09-08,52.181,52.347,51.818,52.347,44243,0
2015-09-09,52.83,52.83,51.835,51.835,79981,0
2015-09-10,52.404,52.747,52.319,52.515,75702,0
2015-09-11,52.208,52.506,51.974,52.506,24866,0
2015-09-14,51.864,52.218,51.845,52.107,78474,0
2015-09-15,52.116,52.56,51.964,52.477,103662,0
2015-09-16,52.951,53.221,52.58,53.221,40904,0
2015-09-17,53.183,53.491,53.008,53.396,14770,0
2015-09-18,52.608,52.656,52.255,52.255,11088,0
2015-09-21,52.337,52.366,52.06,52.06,29064,0
2015-09-22,50.851,51.056,50.76,51.047,4522,0
2015-09-23,51.576,51.632,50.666,50.86,32402,0
2015-09-24,50.406,50.815,50.201,50.703,32865,0
2015-09-25,51.028,51.225,50.666,50.955,3659,0
2015-09-28,50.582,50.582,49.95,50.137,30143,0
2015-09-29,49.784,50.098,49.784,49.81,54898,0
2015-09-30,50.35,50.703,50.156,50.703,32186,0
2015-10-01,50.703,50.898,50.62,50.889,14639,0
2015-10-02,50.86,51.688,50.76,51.688,29601,0
2015-10-05,52.523,52.692,52.255,52.523,92654,0
2015-10-06,52.97,52.998,52.598,52.998,28849,0
2015-10-07,53.556,53.592,53.128,53.231,686460,0
2015-10-08,53.268,53.935,53.268,53.779,59636,0
2015-10-09,53.825,54.076,53.787,53.852,31647,0
2015-10-12,54.094,54.094,53.825,53.935,39527,0
2015-10-13,53.425,53.686,53.241,53.241,28634,0
2015-10-14,53.251,53.491,53.175,53.251,46503,0
2015-10-15,53.686,54.158,53.507,54.158,37462,0
2015-10-16,53.916,54.197,53.916,54.197,31110,0
2015-10-19,53.723,53.945,53.686,53.806,20885,0
2015-10-20,53.787,53.898,53.657,53.676,13603,0
2015-10-21,53.769,54.059,53.601,53.916,18085,0
2015-10-22,54.039,54.288,53.964,54.168,81702,0
2015-10-23,54.615,54.68,54.316,54.41,78474,0
2015-10-26,54.492,54.511,54.373,54.473,7857,0
2015-10-27,54,54.02,53.76,53.797,21530,0
2015-10-28,53.879,54.187,53.879,53.888,10333,0
2015-10-29,53.666,53.852,53.629,53.852,7966,0
2015-10-30,53.907,53.983,53.629,53.629,8288,0
2015-11-02,54.039,54.197,53.888,54.168,23148,0
2015-11-03,53.964,54.243,53.76,54.233,34876,0
2015-11-04,54.113,54.113,53.731,53.898,19994,0
2015-11-05,53.862,54,53.639,53.787,15609,0
2015-11-06,53.491,53.546,53.241,53.396,40259,0
2015-11-09,53.303,53.303,52.801,53.034,25606,0
2015-11-10,52.683,53.072,52.683,53.034,40799,0
2015-11-11,53.081,53.323,52.998,53.016,38536,0
2015-11-12,52.801,52.801,52.384,52.384,72661,0
2015-11-13,52.199,52.328,52.023,52.023,27234,0
2015-11-16,52.245,52.692,52.171,52.663,82889,0
2015-11-17,52.998,52.998,52.58,52.767,36277,0
2015-11-18,52.81,53.203,52.792,53.203,46934,0
2015-11-19,53.406,53.556,53.286,53.443,99251,0
2015-11-20,53.713,53.816,53.387,53.482,79336,0
2015-11-23,53.108,53.566,53.044,53.1,96775,0
2015-11-24,53.091,53.35,52.792,53.146,37569,0
2015-11-25,53.323,53.499,53.175,53.175,71909,0
2015-11-27,53.193,53.387,53.165,53.35,15826,0
2015-11-30,53.396,53.527,53.203,53.213,50808,0
2015-12-01,53.825,53.844,53.601,53.797,8278,0
2015-12-02,53.862,53.871,53.303,53.313,17829,0
2015-12-03,53.723,53.741,52.97,53.091,19310,0
2015-12-04,52.896,53.741,52.896,53.713,54793,0
2015-12-07,53.387,53.463,52.868,53.072,19807,0
2015-12-08,52.384,52.729,52.208,52.309,101886,0
2015-12-09,52.57,52.57,51.891,52.06,14747,0
2015-12-10,52.458,52.532,52.107,52.441,102910,0
2015-12-11,51.725,51.809,51.242,51.251,46934,0
2015-12-14,51.964,51.964,51.047,51.381,72915,0
2015-12-15,51.799,51.845,51.427,51.512,70401,0
2015-12-16,52.189,52.532,51.623,52.199,78904,0
2015-12-17,52.05,52.199,51.772,51.772,45320,0
2015-12-18,51.661,51.818,51.372,51.372,163298,0
2015-12-21,51.725,51.921,51.335,51.502,186228,0
2015-12-22,51.531,52.069,51.512,51.883,410930,0
2015-12-23,52.198,52.922,52.198,52.685,159282,0
2015-12-24,52.912,52.922,52.549,52.598,55126,0
2015-12-28,52.846,52.846,52.474,52.549,93915,0
2015-12-29,53.398,53.427,52.972,53.132,136331,0
2015-12-30,53.34,53.34,52.884,52.94,104598,0
2015-12-31,52.569,52.826,52.464,52.589,60517,0
2016-01-04,51.713,51.892,51.435,51.864,124675,0
2016-01-05,51.683,51.807,51.321,51.597,33303,0
2016-01-06,50.93,50.93,50.586,50.768,98397,0
2016-01-07,50.13,50.31,49.814,49.871,40233,0
2016-01-08,49.823,49.843,49.272,49.281,123165,0
2016-01-11,49.444,49.486,48.976,49.232,62439,0
2016-01-12,49.663,49.663,48.966,49.358,168306,0
2016-01-13,49.586,49.586,48.5,48.587,94668,0
2016-01-14,48.748,49.309,48.357,48.966,108621,0
2016-01-15,47.594,47.831,47.243,47.414,106385,0
2016-01-19,48.052,48.052,47.288,47.681,78696,0
2016-01-20,46.661,46.711,45.622,46.441,122790,0
2016-01-21,46.164,46.879,46.041,46.727,32541,0
2016-01-22,47.69,48.005,47.594,47.995,243995,0
2016-01-25,47.719,48.035,47.433,47.433,129798,0
2016-01-26,47.804,48.395,47.785,48.262,28101,0
2016-01-27,48.08,48.72,47.9,48.042,122964,0
2016-01-28,48.442,48.606,48.148,48.357,23102,0
2016-01-29,48.68,49.082,48.606,49.005,64476,0
2016-02-01,48.661,49.197,48.641,49.197,58182,0
2016-02-02,48.243,48.5,47.785,47.9,215932,0
2016-02-03,48.176,48.461,47.804,48.366,77857,0
2016-02-04,48.118,48.729,48.118,48.423,124840,0
2016-02-05,48.225,48.243,47.575,47.681,228292,0
2016-02-08,46.985,47.385,46.746,47.013,245817,0
2016-02-09,46.041,46.823,46.041,46.393,96452,0
2016-02-10,46.289,46.746,46.031,46.088,243829,0
2016-02-11,45.498,45.703,45.317,45.536,158118,0
2016-02-12,45.88,46.174,45.784,46.174,19327,0
2016-02-16,46.985,46.985,46.403,46.86,55711,0
2016-02-17,47.758,48.176,47.556,47.86,203845,0
2016-02-18,48.08,48.251,47.87,48.118,93707,0
2016-02-19,47.538,48.099,47.538,47.831,89409,0
2016-02-22,48.49,48.538,48.243,48.423,134017,0
2016-02-23,48.328,48.347,47.671,47.699,91578,0
2016-02-24,46.813,47.749,46.813,47.652,108480,0
2016-02-25,47.69,48.243,47.69,48.243,71578,0
2016-02-26,48.625,48.625,48.153,48.166,61133,0
2016-02-29,48.28,48.432,48.099,48.157,136575,0
2016-03-01,48.529,49.272,48.471,49.272,149734,0
2016-03-02,48.938,49.435,48.938,49.319,45283,0
2016-03-03,49.653,50.169,49.634,50.159,28495,0
2016-03-04,50.645,50.92,50.645,50.826,30082,0
2016-03-07,50.31,50.94,50.31,50.721,34071,0
2016-03-08,50.492,50.54,50.196,50.235,92835,0
2016-03-09,50.169,50.521,50.096,50.31,8551,0
2016-03-10,50.577,50.863,49.921,50.215,35830,0
2016-03-11,51.025,51.568,50.786,51.568,95511,0
2016-03-14,51.321,51.626,51.273,51.502,74168,0
2016-03-15,51.113,51.15,50.806,50.987,16138,0
2016-03-16,50.626,51.521,50.626,51.521,97394,0
2016-03-17,51.616,51.95,51.558,51.855,35171,0
2016-03-18,52.189,52.189,51.883,51.932,19726,0
2016-03-21,51.931,51.976,51.634,51.653,92088,0
2016-03-22,51.422,51.777,51.309,51.663,23527,0
2016-03-23,51.347,51.471,51.07,51.089,12002,0
2016-03-24,50.746,50.945,50.581,50.687,16023,0
2016-03-28,50.915,51.232,50.848,50.935,27057,0
2016-03-29,50.781,51.643,50.781,51.432,23951,0
2016-03-30,52.016,52.245,51.815,51.996,54929,0
2016-03-31,52.064,52.064,51.605,51.624,28831,0
2016-04-01,50.716,51.213,50.716,51.099,33648,0
2016-04-04,50.897,51.146,50.795,50.897,20002,0
2016-04-05,50.036,50.228,49.863,49.873,38093,0
2016-04-06,49.989,50.544,49.989,50.544,14646,0
2016-04-07,50.285,50.285,49.75,49.76,97860,0
2016-04-08,50.736,50.935,50.63,50.772,21568,0
2016-04-11,51.051,51.337,50.821,50.821,112714,0
2016-04-12,51.232,51.719,51.051,51.596,23650,0
2016-04-13,52.465,52.465,52.054,52.427,68983,0
2016-04-14,52.485,52.58,52.35,52.408,41450,0
2016-04-15,52.437,52.57,52.388,52.398,21261,0
2016-04-18,52.427,52.962,52.427,52.857,48752,0
2016-04-19,53.49,53.737,53.297,53.566,41145,0
2016-04-20,53.899,54.034,53.556,53.612,23427,0
2016-04-21,53.536,53.699,53.306,53.49,813129,0
2016-04-22,53.473,53.766,53.44,53.546,61127,0
2016-04-25,53.192,53.344,53.125,53.251,66601,0
2016-04-26,53.335,53.67,53.325,53.516,77637,0
2016-04-27,53.47,53.68,53.354,53.594,39423,0
2016-04-28,53.622,53.718,52.972,52.972,45575,0
2016-04-29,53.029,53.316,52.803,52.933,27135,0
2016-05-02,53.288,53.546,53.182,53.43,6390,0
2016-05-03,52.962,52.962,52.418,52.447,44225,0
2016-05-04,51.958,52.267,51.824,51.901,22433,0
2016-05-05,52.064,52.16,51.729,51.729,25776,0
2016-05-06,51.489,52.006,51.489,51.863,25180,0
2016-05-09,51.891,52.13,51.711,51.711,18810,0
2016-05-10,52.198,52.455,52.026,52.427,22254,0
2016-05-11,52.112,52.504,52.073,52.073,36900,0
2016-05-12,52.648,52.69,52.112,52.179,5048,0
2016-05-13,51.882,52.175,51.547,51.605,55802,0
2016-05-16,51.931,52.255,51.843,52.112,48932,0
2016-05-17,52.17,52.398,51.949,51.966,34759,0
2016-05-18,51.672,52.57,51.672,51.94,39292,0
2016-05-19,51.547,51.833,51.509,51.729,26028,0
2016-05-20,51.976,52.198,51.863,52.064,51844,0
2016-05-23,51.843,52.222,51.843,51.931,93664,0
2016-05-24,52.284,52.666,52.284,52.628,35671,0
2016-05-25,52.992,53.221,52.848,53.087,44818,0
2016-05-26,53.526,53.526,53.078,53.231,35387,0
2016-05-27,53.068,53.269,53.068,53.192,13808,0
2016-05-31,53.47,53.49,52.905,52.924,12894,0
2016-06-01,52.924,53.011,52.764,52.933,24444,0
2016-06-02,52.848,53.019,52.848,53.019,8245,0
2016-06-03,53.259,53.45,52.896,53.269,47400,0
2016-06-06,53.794,53.986,53.651,53.784,31763,0
2016-06-07,54.329,54.454,54.081,54.081,126974,0
2016-06-08,54.368,54.608,54.329,54.329,29097,0
2016-06-09,54.1,54.1,53.814,53.899,53500,0
2016-06-10,52.876,52.972,52.311,52.427,124058,0
2016-06-13,51.672,52.005,51.519,51.596,50824,0
2016-06-14,51.119,51.241,50.503,50.746,60037,0
2016-06-15,51.184,51.299,50.868,50.897,38398,0
2016-06-16,50.303,50.925,50.103,50.858,29206,0
2016-06-17,51.051,51.504,50.886,51.356,29944,0
2016-06-20,52.882,53.086,52.591,52.803,24102,0
2016-06-21,52.892,53.318,52.892,52.979,28803,0
2016-06-22,53.104,53.3,52.959,53.027,23871,0
2016-06-23,53.958,54.22,53.667,54.191,20703,0
2016-06-24,49.896,51.05,49.761,49.818,113710,0
2016-06-27,48.926,48.926,48.006,48.355,35166,0
2016-06-28,49.353,49.508,48.926,49.508,58915,0
2016-06-29,50.119,50.322,50.09,50.236,18306,0
2016-06-30,50.613,50.865,50.448,50.777,35630,0
2016-07-01,51.01,51.369,50.923,51.07,19981,0
2016-07-05,50.312,50.332,50.051,50.109,45180,0
2016-07-06,49.761,50.013,49.441,49.964,37401,0
2016-07-07,50.129,50.256,49.757,49.757,30069,0
2016-07-08,50.361,50.556,50.196,50.498,9022,0
2016-07-11,51.215,51.641,50.953,51.292,86734,0
2016-07-12,52.126,52.272,51.999,52.126,57433,0
2016-07-13,52.117,52.377,52.037,52.377,76854,0
2016-07-14,52.436,52.669,52.068,52.426,57237,0
2016-07-15,52.155,52.465,52.145,52.338,25713,0
2016-07-18,52.194,52.569,52.194,52.455,50362,0
2016-07-19,52.058,52.107,51.903,52.077,76151,0
2016-07-20,52.397,52.532,52.325,52.475,60053,0
2016-07-21,52.223,52.571,52.223,52.29,17002,0
2016-07-22,52.338,52.475,52.223,52.272,122686,0
2016-07-25,52.242,52.397,52.097,52.145,24600,0
2016-07-26,52.561,52.561,52.281,52.425,22729,0
2016-07-27,52.698,52.852,52.465,52.65,34184,0
2016-07-28,52.783,52.783,52.475,52.775,23569,0
2016-07-29,53.066,53.39,53.027,53.26,33271,0
2016-08-01,53.449,53.449,52.979,52.989,21683,0
2016-08-02,52.679,52.872,52.514,52.689,49405,0
2016-08-03,52.223,52.689,52.223,52.436,48368,0
2016-08-04,52.387,52.843,52.387,52.783,100997,0
2016-08-05,52.939,53.124,52.91,52.939,30919,0
2016-08-08,53.027,53.317,53.027,53.192,75431,0
2016-08-09,53.375,53.754,53.279,53.581,148599,0
2016-08-10,53.938,53.961,53.759,53.888,25398,0
2016-08-11,54.036,54.321,54.036,54.231,10001,0
2016-08-12,54.201,54.385,54.143,54.201,50703,0
2016-08-15,54.201,54.55,54.201,54.452,65380,0
2016-08-16,54.307,54.5,54.307,54.385,80406,0
2016-08-17,54.259,54.461,54.006,54.307,28592,0
2016-08-18,54.5,54.618,54.462,54.618,16476,0
2016-08-19,54.325,54.478,54.133,54.404,162979,0
2016-08-22,54.375,54.462,54.036,54.385,6154,0
2016-08-23,54.773,54.84,54.55,54.55,23366,0
2016-08-24,54.714,54.714,54.462,54.578,9117,0
2016-08-25,54.171,54.442,54.171,54.239,95844,0
2016-08-26,54.5,54.657,53.88,54.006,9107,0
2016-08-29,53.938,54.239,53.88,54.171,14794,0
2016-08-30,53.977,54.181,53.967,54.056,12220,0
2016-08-31,54.181,54.181,53.764,53.938,15351,0
2016-09-01,54.036,54.345,54.036,54.229,28694,0
2016-09-02,54.733,54.792,54.685,54.773,17361,0
2016-09-06,55.072,55.304,55.072,55.257,67139,0
2016-09-07,55.684,55.684,55.025,55.45,58110,0
2016-09-08,55.45,55.693,55.383,55.402,17234,0
2016-09-09,54.878,55.015,54.49,54.49,32474,0
2016-09-12,54.056,54.839,54.056,54.753,5451,0
2016-09-13,54.046,54.103,53.474,53.6,8083,0
2016-09-14,53.59,53.842,53.464,53.521,8384,0
2016-09-15,53.454,54.079,53.434,54.016,10015,0
2016-09-16,53.327,53.474,53.242,53.366,10498,0
2016-09-19,53.799,53.925,53.496,53.669,17527,0
2016-09-20,54.696,55.017,53.819,53.819,28016,0
2016-09-21,53.935,54.745,53.107,54.745,27783,0
2016-09-22,55.455,55.532,55.202,55.202,112297,0
2016-09-23,54.978,55.115,54.89,54.9,32735,0
2016-09-26,54.578,54.821,54.393,54.451,20434,0
2016-09-27,54.315,54.647,54.309,54.578,13666,0
2016-09-28,54.793,55.202,54.568,55.115,33865,0
2016-09-29,55.027,55.105,54.524,54.628,13964,0
2016-09-30,54.667,55.027,54.667,54.964,18018,0
2016-10-03,54.851,54.949,54.657,54.764,10969,0
2016-10-04,54.851,55.095,54.608,54.637,19721,0
2016-10-05,54.997,55.111,54.978,54.987,29732,0
2016-10-06,54.754,54.846,54.637,54.724,2872,0
2016-10-07,54.598,54.598,54.141,54.441,33814,0
2016-10-10,54.667,54.753,54.568,54.568,12554,0
2016-10-11,54.357,54.357,53.819,53.905,23278,0
2016-10-12,53.928,53.942,53.809,53.877,6756,0
2016-10-13,53.331,53.872,53.322,53.76,18483,0
2016-10-14,54.199,54.208,53.779,53.779,26899,0
2016-10-17,53.75,53.77,53.685,53.702,4922,0
2016-10-18,54.208,54.354,54.169,54.286,12499,0
2016-10-19,54.52,54.55,54.434,54.51,6650,0
2016-10-20,54.286,54.657,54.286,54.598,57158,0
2016-10-21,54.199,54.53,54.189,54.53,5461,0
2016-10-24,54.559,54.559,54.336,54.441,15193,0
2016-10-25,54.403,54.497,54.37,54.441,6440,0
2016-10-26,54.324,54.364,54.169,54.169,4562,0
2016-10-27,54.315,54.374,54.131,54.131,17497,0
2016-10-28,54.237,54.281,54.072,54.179,10379,0
2016-10-31,54.141,54.296,54.033,54.286,22660,0
2016-11-01,54.237,54.32,53.905,53.993,21049,0
2016-11-02,53.971,54.033,53.77,53.77,12146,0
2016-11-03,53.918,53.974,53.688,53.702,13703,0
2016-11-04,53.35,53.546,53.302,53.302,5781,0
2016-11-07,53.91,53.935,53.753,53.915,11410,0
2016-11-08,53.857,54.208,53.857,53.984,12631,0
2016-11-09,53.789,54.246,53.566,54.033,77325,0
2016-11-10,54.111,54.111,53.497,53.76,21467,0
2016-11-11,53.643,53.643,53.305,53.458,5576,0
2016-11-14,53.312,53.454,53.078,53.263,17755,0
2016-11-15,53.312,53.615,53.312,53.585,5569,0
2016-11-16,53.215,53.331,53.078,53.088,109449,0
2016-11-17,53.478,53.576,53.379,53.384,12949,0
2016-11-18,53.317,53.317,52.951,53.127,81702,0
2016-11-21,53.34,53.447,53.235,53.419,12565,0
2016-11-22,53.765,53.765,53.497,53.702,25653,0
2016-11-23,53.225,53.553,53.205,53.497,55387,0
2016-11-25,53.643,53.643,53.457,53.546,14787,0
2016-11-28,53.438,53.576,53.389,53.428,38934,0
2016-11-29,53.409,53.838,53.409,53.702,13192,0
2016-11-30,53.974,53.974,53.719,53.741,15471,0
2016-12-01,53.779,53.993,53.623,53.653,57158,0
2016-12-02,53.688,53.903,53.688,53.857,12896,0
2016-12-05,54.257,54.315,54.146,54.247,19680,0
2016-12-06,54.55,54.754,54.334,54.715,39826,0
2016-12-07,55.017,55.488,54.783,55.406,127621,0
2016-12-08,55.436,55.66,55.396,55.552,35260,0
2016-12-09,55.509,55.748,55.509,55.739,22550,0
2016-12-12,55.552,55.621,55.426,55.426,24262,0
2016-12-13,55.796,56.089,55.796,55.962,12922,0
2016-12-14,55.854,55.962,55.115,55.134,123188,0
2016-12-15,55.055,55.158,54.987,55.115,58106,0
2016-12-16,55.386,55.386,54.705,55.144,58794,0
2016-12-19,55.144,55.232,54.929,54.929,589244,0
2016-12-20,55.038,55.28,54.919,55.134,55107,0
2016-12-21,55.261,55.261,55.036,55.222,31624,0
2016-12-22,55.031,55.285,54.913,55.07,87016,0
2016-12-23,55.179,55.248,55.021,55.208,139228,0
2016-12-27,55.238,55.277,55.04,55.139,97633,0
2016-12-28,55.228,55.228,54.844,55.09,151323,0
2016-12-29,54.953,55.374,54.953,55.315,197152,0
2016-12-30,55.591,55.729,55.414,55.414,95286,0
2017-01-03,55.571,55.829,55.513,55.699,69676,0
2017-01-04,56.2,56.534,56.141,56.524,58120,0
2017-01-05,56.171,56.995,56.171,56.907,32653,0
2017-01-06,56.907,56.907,56.74,56.799,24357,0
2017-01-09,56.504,56.711,56.485,56.652,113645,0
2017-01-10,56.661,56.799,56.613,56.701,31151,0
2017-01-11,56.524,57.084,56.495,57.084,60227,0
2017-01-12,57.015,57.076,56.907,57.015,12254,0
2017-01-13,57.163,57.408,57.032,57.329,67615,0
2017-01-17,57.084,57.281,56.985,57.064,41992,0
2017-01-18,56.848,57.134,56.691,56.809,62898,0
2017-01-19,56.799,56.878,56.598,56.701,33996,0
2017-01-20,56.946,56.976,56.652,56.946,23258,0
2017-01-23,56.828,57.163,56.828,57.163,11380,0
2017-01-24,57.251,57.438,57.171,57.42,459925,0
2017-01-25,57.694,57.939,57.694,57.906,34733,0
2017-01-26,57.909,57.919,57.684,57.684,50999,0
2017-01-27,57.613,57.704,57.47,57.615,21040,0
2017-01-30,57.153,57.319,56.966,57.144,54309,0
2017-01-31,57.329,57.458,57.124,57.329,32726,0
2017-02-01,57.516,58.036,57.505,57.791,65339,0
2017-02-02,57.634,57.919,57.516,57.625,48417,0
2017-02-03,57.752,57.998,57.713,57.781,51131,0
2017-02-06,57.388,57.565,57.365,57.428,24349,0
2017-02-07,57.3,57.448,57.241,57.339,23870,0
2017-02-08,57.359,57.585,57.202,57.458,17981,0
2017-02-09,57.448,57.86,57.448,57.664,21319,0
2017-02-10,57.723,57.968,57.713,57.841,14765,0
2017-02-13,58.666,58.666,58.086,58.106,27449,0
2017-02-14,58.224,58.291,57.949,58.145,45392,0
2017-02-15,58.008,58.42,58.008,58.36,23195,0
2017-02-16,58.533,58.533,58.244,58.42,13254,0
2017-02-17,58.175,58.351,58.086,58.086,33412,0
2017-02-21,58.145,58.528,58.096,58.43,67463,0
2017-02-22,58.027,58.469,58.017,58.41,12942,0
2017-02-23,58.32,58.626,58.32,58.519,58761,0
2017-02-24,57.949,58.224,57.899,57.949,22328,0
2017-02-27,57.889,58.008,57.84,57.852,18507,0
2017-02-28,57.929,58.008,57.754,57.83,18654,0
2017-03-01,58.151,58.494,58.151,58.41,70129,0
2017-03-02,58.106,58.331,57.949,58.008,73181,0
2017-03-03,57.899,58.311,57.899,58.234,52931,0
2017-03-06,57.929,58.103,57.919,58.103,34278,0
2017-03-07,57.8,58.061,57.791,57.958,31736,0
2017-03-08,57.879,57.889,57.669,57.704,15013,0
2017-03-09,57.889,57.978,57.654,57.85,49409,0
2017-03-10,58.274,58.42,58.096,58.37,36747,0
2017-03-13,58.528,58.695,58.42,58.597,17576,0
2017-03-14,58.234,58.331,57.929,57.968,72196,0
2017-03-15,58.24,59.009,58.24,58.94,105488,0
2017-03-16,59.216,59.265,59.049,59.123,94726,0
2017-03-17,59.264,59.451,59.124,59.216,27386,0
2017-03-20,59.214,59.415,59.119,59.184,36621,0
2017-03-21,59.391,59.676,58.933,58.948,73791,0
2017-03-22,58.781,59.017,58.702,58.958,116506,0
2017-03-23,58.831,59.184,58.791,58.899,11062,0
2017-03-24,58.781,59.283,58.781,59.194,11659,0
2017-03-27,59.13,59.43,59.027,59.391,25534,0
2017-03-28,59.48,59.736,59.465,59.682,23515,0
2017-03-29,59.42,59.657,59.382,59.642,15748,0
2017-03-30,59.569,59.648,59.411,59.519,13915,0
2017-03-31,61.016,61.016,59.204,59.382,10060,0
2017-04-03,59.362,59.362,58.859,59.204,12903,0
2017-04-04,59.017,59.165,58.84,59.106,22889,0
2017-04-05,59.194,59.303,58.821,58.821,17453,0
2017-04-06,59.047,59.047,58.785,58.883,19650,0
2017-04-07,58.849,58.968,58.781,58.821,13325,0
2017-04-10,58.643,58.938,58.643,58.938,19520,0
2017-04-11,59.115,59.194,58.722,59.106,20623,0
2017-04-12,58.831,59.125,58.831,59.106,30183,0
2017-04-13,59.184,59.184,58.633,58.633,10636,0
2017-04-17,59.106,59.165,58.968,59.077,59436,0
2017-04-18,58.821,58.948,58.673,58.821,18991,0
2017-04-19,58.928,58.998,58.673,58.692,38047,0
2017-04-20,59.145,59.255,59.145,59.204,24653,0
2017-04-21,59.342,59.342,58.963,59.194,56809,0
2017-04-24,59.952,60.458,59.952,60.311,25994,0
2017-04-25,60.789,60.838,60.552,60.74,152665,0
2017-04-26,60.631,60.813,60.445,60.602,69053,0
2017-04-27,60.828,60.828,60.513,60.681,50218,0
2017-04-28,60.798,60.838,60.573,60.634,23174,0
2017-05-01,60.572,60.96,60.572,60.877,46437,0
2017-05-02,61.379,61.379,60.937,61.068,29880,0
2017-05-03,60.927,61.123,60.813,61.016,35247,0
2017-05-04,61.114,61.399,61.026,61.183,72333,0
2017-05-05,61.409,61.885,61.358,61.885,49771,0
2017-05-08,61.547,61.714,61.518,61.665,38737,0
2017-05-09,61.704,61.793,61.458,61.581,28365,0
2017-05-10,61.675,61.768,61.527,61.714,84538,0
2017-05-11,61.409,61.518,61.359,61.498,16324,0
2017-05-12,61.518,61.674,61.429,61.655,82360,0
2017-05-15,61.911,61.98,61.064,61.901,54560,0
2017-05-16,62.511,62.511,61.98,62.176,29148,0
2017-05-17,61.605,61.874,61.35,61.35,24393,0
2017-05-18,61.744,61.744,61.33,61.458,27283,0
2017-05-19,62.049,62.275,61.93,62.069,26550,0
2017-05-22,61.871,62.452,61.871,62.354,23120,0
2017-05-23,62.551,62.551,62.15,62.422,26220,0
2017-05-24,62.354,62.491,62.186,62.491,32942,0
2017-05-25,62.472,62.491,62.138,62.491,13310,0
2017-05-26,62.128,62.246,61.97,62.079,9683,0
2017-05-30,62.23,62.23,62.039,62.138,6770,0
2017-05-31,62.364,62.413,62.138,62.138,24138,0
2017-06-01,62.404,62.689,62.404,62.65,23818,0
2017-06-02,62.85,63.249,62.85,63.141,14438,0
2017-06-05,64.726,64.726,62.698,62.866,15115,0
2017-06-06,64.333,64.333,62.63,62.65,14789,0
2017-06-07,62.747,62.777,62.571,62.772,8472,0
2017-06-08,62.571,62.786,62.571,62.757,10346,0
2017-06-09,62.472,62.807,62.147,62.334,56958,0
2017-06-12,62.354,62.364,62.217,62.236,37865,0
2017-06-13,62.787,62.935,62.62,62.925,36483,0
2017-06-14,63.279,63.279,62.452,62.767,65662,0
2017-06-15,61.843,62.108,61.843,62.079,44260,0
2017-06-16,62.272,62.63,62.272,62.61,26418,0
2017-06-19,62.872,62.932,62.584,62.792,25016,0
2017-06-20,62.672,62.672,62.163,62.214,13511,0
2017-06-21,62.154,62.224,62.055,62.113,53428,0
2017-06-22,62.144,62.294,62.121,62.224,23779,0
2017-06-23,62.055,62.443,62.055,62.443,11745,0
2017-06-26,62.194,62.712,62.194,62.513,21101,0
2017-06-27,62.543,62.693,62.356,62.603,23584,0
2017-06-28,63.001,63.171,62.715,63.131,21193,0
2017-06-29,62.952,63.131,62.523,62.643,21538,0
2017-06-30,62.772,62.872,62.583,62.872,25776,0
2017-07-03,62.812,62.932,62.673,62.787,12849,0
2017-07-05,62.553,62.802,62.553,62.802,23351,0
2017-07-06,62.573,62.603,62.41,62.463,10479,0
2017-07-07,62.364,62.643,62.154,62.633,36386,0
2017-07-10,62.394,62.593,62.394,62.563,31158,0
2017-07-11,62.493,62.712,62.453,62.712,18678,0
2017-07-12,63.001,63.29,62.762,63.201,57275,0
2017-07-13,63.151,63.49,63.091,63.39,21564,0
2017-07-14,63.769,63.918,63.594,63.898,58049,0
2017-07-17,64.038,64.038,63.649,63.828,34646,0
2017-07-18,63.888,64.038,63.868,64.038,77782,0
2017-07-19,64.127,64.337,64.125,64.275,22986,0
2017-07-20,64.406,64.606,64.376,64.406,53060,0
2017-07-21,64.167,64.416,64.097,64.147,23996,0
2017-07-24,64.325,64.446,64.173,64.257,10721,0
2017-07-25,64.436,64.675,64.43,64.476,17722,0
2017-07-26,64.476,64.765,64.476,64.765,14854,0
2017-07-27,64.865,64.865,64.576,64.627,8285,0
2017-07-28,64.466,64.875,64.466,64.775,36309,0
2017-07-31,64.865,65.064,64.758,64.775,38880,0
2017-08-01,65.343,65.363,65.195,65.273,10420,0
2017-08-02,65.243,65.373,65.064,65.333,13973,0
2017-08-03,65.263,65.432,65.164,65.373,14743,0
2017-08-04,65.323,65.343,65.17,65.343,18984,0
2017-08-07,65.333,65.353,65.124,65.198,9256,0
2017-08-08,65.358,65.373,65.146,65.181,13322,0
2017-08-09,64.805,65.034,64.805,65.034,11351,0
2017-08-10,64.695,64.775,64.207,64.217,16682,0
2017-08-11,64.107,64.306,64.008,64.077,30743,0
2017-08-14,64.426,64.566,64.366,64.396,14945,0
2017-08-15,64.327,64.416,64.167,64.237,18572,0
2017-08-16,64.376,64.715,64.376,64.715,17385,0
2017-08-17,64.536,64.546,64.083,64.087,31132,0
2017-08-18,64.112,64.386,64.087,64.137,17427,0
2017-08-21,64.187,64.356,64.117,64.307,10986,0
2017-08-22,64.426,64.536,64.373,64.536,17481,0
2017-08-23,64.546,64.616,64.337,64.526,71294,0
2017-08-24,64.476,64.715,64.446,64.446,35345,0
2017-08-25,64.586,64.904,64.586,64.835,11549,0
2017-08-28,64.964,64.964,64.779,64.875,12632,0
2017-08-29,64.665,64.835,64.608,64.727,35902,0
2017-08-30,64.546,64.755,64.506,64.586,13732,0
2017-08-31,64.705,65.149,64.705,65.144,26679,0
2017-09-01,65.482,65.522,65.243,65.333,13569,0
2017-09-05,65.164,65.243,64.745,65.014,24385,0
2017-09-06,65.193,65.333,65.104,65.303,19031,0
2017-09-07,65.801,65.801,65.473,65.702,9518,0
2017-09-08,65.911,65.921,65.622,65.841,7843,0
2017-09-11,65.941,66.259,65.941,66.2,30547,0
2017-09-12,66.469,66.469,66.07,66.359,36335,0
2017-09-13,66.27,66.349,65.921,66.11,45122,0
2017-09-14,66.004,66.26,66.004,66.106,33765,0
2017-09-15,66.17,66.329,66.06,66.14,18937,0
2017-09-18,66.4,66.4,66.0701,66.38,88361,0
2017-09-19,66.58,66.66,66.448,66.63,7932,0
2017-09-20,66.69,66.845,66.3573,66.61,7077,0
2017-09-21,66.39,66.6,66.24,66.24,15710,0
2017-09-22,66.45,66.67,66.45,66.64,13982,0
2017-09-25,66.25,66.534,66.19,66.19,28406,0
2017-09-26,66.19,66.3733,66.1,66.25,11523,0
2017-09-27,66.16,66.38,66.16,66.31,18086,0
2017-09-28,66.25,66.63,66.25,66.59,20433,0
2017-09-29,66.72,67.01,66.6139,66.9,36879,0
2017-10-02,66.69,66.95,66.57,66.57,14258,0
2017-10-03,66.84,67.06,66.77,66.9574,58449,0
2017-10-04,66.77,67.08,66.77,66.98,48266,0
2017-10-05,66.8662,66.93,66.7729,66.8264,8494,0
2017-10-06,66.69,66.8499,66.61,66.72,16806,0
2017-10-09,66.92,66.95,66.7855,66.85,4762,0
2017-10-10,67.19,67.37,67.1726,67.3001,1813,0
2017-10-11,67.38,67.71,67.38,67.673,3197,0
2017-10-12,67.52,67.68,67.4624,67.63,9593,0
2017-10-13,68.05,68.05,67.84,67.9499,20829,0
2017-10-16,67.97,68.06,67.84,67.9,21957,0
2017-10-17,67.78,67.84,67.5537,67.84,35881,0
2017-10-18,67.88,67.95,67.7204,67.8,11560,0
2017-10-19,67.5,67.7,67.49,67.602,45519,0
2017-10-20,67.7,67.7,67.5,67.65,11965,0
2017-10-23,67.34,67.64,67.34,67.48,15219,0
2017-10-24,67.69,67.7601,67.6515,67.7601,5245,0
2017-10-25,67.6,67.6,67.2301,67.24,52654,0
2017-10-26,67.66,67.66,67.42,67.42,8115,0
2017-10-27,67.61,67.61,67.07,67.49,20850,0
2017-10-30,67.57,67.6799,67.3722,67.6799,8920,0
2017-10-31,67.89,68.05,67.6186,67.97,67152,0
2017-11-01,68.3,68.3,68.0403,68.14,18464,0
2017-11-02,68.15,68.22,67.9585,68.045,40775,0
2017-11-03,68.23,68.23,68,68.15,17664,0
2017-11-06,68.07,68.35,68,68.33,32773,0
2017-11-07,67.9936,68.16,67.9936,68.16,14649,0
2017-11-08,68.33,68.53,68.31,68.47,15955,0
2017-11-09,67.87,67.87,67.5601,67.8,22111,0
2017-11-10,67.95,67.95,67.54,67.77,41576,0
