Date,Open,High,Low,Close,Volume,OpenInt
2013-10-17,38.938,38.938,38.938,38.938,20858,0
2013-10-18,39.003,39.003,38.994,38.994,8717,0
2013-10-21,38.938,38.938,38.938,38.938,7732,0
2013-10-22,38.938,38.938,38.938,38.938,1362,0
2013-10-23,38.985,38.994,38.985,38.994,16785,0
2013-10-24,38.985,38.994,38.985,38.985,3772,0
2013-10-25,38.985,38.994,38.985,38.985,7570,0
2013-10-28,38.985,38.994,38.985,38.994,2901,0
2013-10-29,38.985,38.994,38.985,38.985,1906,0
2013-10-30,38.994,38.994,38.985,38.994,4620,0
2013-10-31,39.007,39.007,38.997,39.007,30887,0
2013-11-01,38.996,38.996,38.996,38.996,12676,0
2013-11-04,39.006,39.006,38.996,38.996,5337,0
2013-11-06,39.006,39.006,38.996,38.996,13584,0
2013-11-07,38.996,39.006,38.996,38.996,1021,0
2013-11-08,38.978,38.987,38.978,38.987,3197,0
2013-11-11,38.996,39.432,38.996,38.996,1822,0
2013-11-12,38.987,38.996,38.987,38.987,2268,0
2013-11-13,39.006,39.006,38.996,38.996,2574,0
2013-11-15,38.987,39.006,38.987,39.006,2166,0
2013-11-20,39.006,39.006,39.006,39.006,100,0
2013-11-22,38.996,38.996,38.996,38.996,921,0
2013-11-26,39.015,39.015,39.015,39.015,125,0
2013-11-27,39.006,39.006,39.006,39.006,1637,0
2013-12-02,38.979,38.979,38.979,38.979,1276,0
2013-12-03,38.988,39.007,38.988,39.007,350,0
2013-12-06,38.97,39.016,38.97,39.016,350,0
2013-12-10,39.026,39.026,39.016,39.016,715,0
2013-12-11,39.026,39.026,39.026,39.026,1636,0
2013-12-13,39.036,39.036,39.036,39.036,101,0
2013-12-17,38.979,39.036,38.979,39.036,559,0
2013-12-19,39.026,39.036,39.026,39.036,4156,0
2013-12-23,39.026,39.046,39.007,39.036,2267,0
2013-12-24,38.979,39.026,38.979,39.016,15666,0
2013-12-26,39.036,39.036,38.97,38.997,6571,0
2013-12-27,38.962,39.038,38.962,39.038,300,0
2013-12-30,39.038,39.048,38.99,39.048,13743,0
2013-12-31,39.058,39.068,38.99,39.048,61261,0
2014-01-02,39.068,39.068,38.962,38.962,126370,0
2014-01-03,39.048,39.048,38.981,39.028,14171,0
2014-01-06,39.068,39.078,38.981,39.009,53917,0
2014-01-07,38.962,39.058,38.962,38.99,55165,0
2014-01-08,38.962,39.048,38.962,39.028,11546,0
2014-01-09,39.058,39.058,38.99,39.028,17079,0
2014-01-10,39.078,39.078,39.028,39.078,8932,0
2014-01-13,39.098,39.098,39.058,39.098,26536,0
2014-01-14,39.068,39.078,39.038,39.068,4027,0
2014-01-15,39.068,39.068,38.99,38.99,26435,0
2014-01-16,39.038,39.048,38.962,38.99,23070,0
2014-01-17,39.088,39.088,39.038,39.038,13654,0
2014-01-21,39.078,39.118,39.018,39.078,7870,0
2014-01-27,39.068,39.088,39.018,39.088,14269,0
2014-01-28,39.078,39.078,39.028,39.028,1021,0
2014-01-29,39.078,39.078,39.028,39.028,40961,0
2014-01-30,39.048,39.078,39.028,39.028,24569,0
2014-01-31,39.078,39.078,39.038,39.068,122284,0
2014-02-03,39.078,39.088,39.048,39.058,20431,0
2014-02-04,39.058,39.088,39.038,39.078,27229,0
2014-02-05,39.068,39.088,39.038,39.068,27643,0
2014-02-06,39.048,39.068,39.038,39.038,29970,0
2014-02-07,39.088,39.098,39.038,39.048,14675,0
2014-02-10,39.068,39.098,39.058,39.058,15599,0
2014-02-11,39.068,39.078,39.038,39.058,15645,0
2014-02-12,39.098,39.098,39.048,39.068,15456,0
2014-02-13,39.038,39.078,39.009,39.068,34022,0
2014-02-14,39.088,39.088,39.038,39.088,4675,0
2014-02-18,39.038,39.038,39.028,39.028,268,0
2014-02-19,39.028,39.028,39.018,39.018,11963,0
2014-02-20,39.018,39.048,39.009,39.028,17657,0
2014-02-21,39.078,39.088,39.068,39.068,1016,0
2014-02-24,39.098,39.098,39.068,39.078,781,0
2014-02-25,39.108,39.138,39.088,39.138,11710,0
2014-02-26,39.118,39.168,39.088,39.118,10640,0
2014-02-27,39.148,39.148,39.148,39.148,120,0
2014-03-04,39.142,39.142,39.102,39.142,823,0
2014-03-06,39.122,39.142,39.112,39.142,1462,0
2014-03-07,39.142,39.142,39.052,39.122,2645,0
2014-03-10,39.132,39.142,39.062,39.142,2194,0
2014-03-11,39.142,39.142,39.042,39.142,514,0
2014-03-12,39.152,39.162,39.082,39.162,1607,0
2014-03-13,39.142,39.162,39.102,39.162,1053,0
2014-03-14,39.152,39.152,39.062,39.152,971,0
2014-03-17,39.052,39.152,39.042,39.152,998,0
2014-03-18,39.042,39.152,39.032,39.142,2923,0
2014-03-19,39.092,39.092,39.092,39.092,250,0
2014-03-24,39.132,39.132,39.132,39.132,100,0
2014-03-26,39.172,39.172,39.172,39.172,100,0
2014-03-27,39.162,39.162,39.162,39.162,741,0
2014-03-28,39.062,39.152,39.052,39.152,2142,0
2014-03-31,39.082,39.172,39.082,39.162,4841,0
2014-04-02,39.183,39.183,39.133,39.163,2161,0
2014-04-04,39.103,39.143,39.093,39.143,1018,0
2014-04-07,39.153,39.44,39.153,39.153,1271,0
2014-04-09,39.143,39.163,39.143,39.163,5792,0
2014-04-10,39.143,39.411,39.143,39.143,6496,0
2014-04-11,39.093,39.143,39.033,39.143,4244,0
2014-04-15,39.153,39.153,39.113,39.153,1126,0
2014-04-16,39.163,39.163,39.093,39.163,1688,0
2014-04-23,39.143,39.153,39.063,39.153,39733,0
2014-04-24,39.073,39.173,39.073,39.073,39634,0
2014-04-25,39.193,39.203,39.093,39.093,79486,0
2014-04-28,39.193,39.203,39.093,39.093,64234,0
2014-04-29,39.203,39.203,39.133,39.153,13581,0
2014-04-30,39.193,42.978,39.103,39.133,29639,0
2014-05-01,39.214,39.214,39.015,39.105,21509,0
2014-05-02,39.115,39.214,39.095,39.214,10402,0
2014-05-05,39.165,39.175,39.105,39.175,5349,0
2014-05-06,39.165,39.165,39.025,39.025,8913,0
2014-05-07,39.085,39.205,39.065,39.175,28079,0
2014-05-08,39.065,39.155,39.065,39.075,3278,0
2014-05-09,39.065,39.175,39.025,39.135,9507,0
2014-05-12,39.175,39.185,39.065,39.165,29023,0
2014-05-13,39.175,39.175,39.175,39.175,612,0
2014-05-14,39.075,39.175,39.075,39.165,3352,0
2014-05-15,39.165,39.214,39.075,39.185,22527,0
2014-05-19,39.155,39.254,39.155,39.155,5658,0
2014-05-20,39.165,39.205,39.115,39.115,44342,0
2014-05-21,39.135,39.155,39.135,39.155,1911,0
2014-05-22,39.205,39.205,39.125,39.135,9446,0
2014-05-23,39.135,39.145,39.135,39.145,16514,0
2014-05-27,39.045,39.125,39.035,39.125,3662,0
2014-05-28,39.125,39.135,39.055,39.135,37821,0
2014-05-29,39.125,39.135,39.055,39.115,10876,0
2014-05-30,39.125,39.135,39.075,39.135,25413,0
2014-06-02,39.046,39.086,39.046,39.056,7616,0
2014-06-03,39.096,39.096,39.016,39.016,4714,0
2014-06-04,39.086,39.096,39.016,39.016,4831,0
2014-06-05,39.096,39.096,39.056,39.056,614,0
2014-06-06,39.086,39.106,38.988,38.997,2081,0
2014-06-09,39.016,39.076,39.016,39.076,1846,0
2014-06-10,39.036,39.076,39.016,39.016,1845,0
2014-06-11,39.026,39.116,38.454,39.116,15576,0
2014-06-12,39.086,39.106,39.086,39.086,973,0
2014-06-13,39.096,39.106,39.036,39.096,6076,0
2014-06-16,39.046,39.116,39.026,39.116,3864,0
2014-06-17,39.076,39.136,39.066,39.116,13714,0
2014-06-18,39.086,39.136,39.066,39.136,8920,0
2014-06-19,39.146,39.156,39.066,39.156,6684,0
2014-06-20,39.106,39.116,39.066,39.116,1031,0
2014-06-23,39.116,39.126,39.066,39.126,3290,0
2014-06-24,39.096,39.146,39.066,39.146,16432,0
2014-06-25,39.106,39.136,39.086,39.126,36722,0
2014-06-26,39.116,39.126,39.066,39.126,4207,0
2014-06-27,39.096,39.106,39.096,39.106,11195,0
2014-06-30,39.096,39.096,39.076,39.096,1489,0
2014-07-01,39.088,39.098,39.088,39.098,1246,0
2014-07-02,39.088,39.088,39.088,39.088,1427,0
2014-07-03,39.098,39.098,39.088,39.088,495,0
2014-07-07,39.108,39.138,39.088,39.128,12164,0
2014-07-08,39.148,39.148,39.098,39.148,2567,0
2014-07-09,39.148,39.188,39.148,39.188,1141,0
2014-07-10,39.158,39.158,39.108,39.158,1096,0
2014-07-11,39.158,39.178,39.098,39.178,29005,0
2014-07-14,39.078,39.158,39.078,39.158,5746,0
2014-07-15,39.128,39.128,39.108,39.108,621,0
2014-07-16,39.118,39.118,39.118,39.118,520,0
2014-07-17,39.118,39.118,39.118,39.118,1958,0
2014-07-18,39.118,39.128,39.118,39.118,12351,0
2014-07-21,39.188,39.198,39.078,39.198,7821,0
2014-07-22,39.088,39.227,39.078,39.227,885,0
2014-07-23,39.208,39.208,39.208,39.208,404,0
2014-07-24,39.227,39.237,39.098,39.108,7480,0
2014-07-25,39.118,39.227,39.098,39.227,3289,0
2014-07-28,39.188,39.198,39.078,39.188,6456,0
2014-07-29,39.148,39.198,39.138,39.188,2828,0
2014-07-30,39.098,39.198,39.098,39.188,15675,0
2014-07-31,39.198,39.198,39.078,39.078,711,0
2014-08-01,39.209,39.218,39.079,39.089,54987,0
2014-08-04,39.199,39.209,39.109,39.199,16196,0
2014-08-05,39.199,39.199,39.139,39.199,16936,0
2014-08-06,39.069,39.209,39.069,39.159,6356,0
2014-08-07,39.199,39.209,39.139,39.209,2969,0
2014-08-11,39.079,39.218,39.079,39.169,1776,0
2014-08-12,39.169,39.169,39.149,39.149,1117,0
2014-08-13,39.218,39.218,39.089,39.089,480,0
2014-08-14,39.218,39.218,39.099,39.209,401,0
2014-08-15,39.218,39.238,39.139,39.139,5988,0
2014-08-18,39.209,39.209,39.209,39.209,3207,0
2014-08-19,39.119,39.179,39.119,39.159,9127,0
2014-08-20,39.139,39.238,39.139,39.179,5424,0
2014-08-21,39.149,39.218,39.149,39.209,2587,0
2014-08-22,39.218,39.218,39.129,39.159,6235,0
2014-08-25,39.169,39.189,39.089,39.179,1217,0
2014-08-26,39.199,39.209,39.199,39.209,586,0
2014-08-27,39.218,39.218,39.099,39.218,2518,0
2014-08-28,39.169,39.209,39.169,39.209,1177,0
2014-08-29,39.179,39.209,39.179,39.209,8606,0
2014-09-02,39.19,39.239,39.11,39.219,16944,0
2014-09-03,39.14,39.14,39.1,39.11,8415,0
2014-09-04,39.11,39.14,39.08,39.11,10345,0
2014-09-05,39.12,39.18,39.11,39.17,4189,0
2014-09-08,39.17,39.17,39.07,39.07,5396,0
2014-09-09,39.12,39.14,39.07,39.12,3439,0
2014-09-10,39.13,39.14,39.13,39.14,300,0
2014-09-11,39.1,39.19,39.09,39.16,6279,0
2014-09-12,39.1,39.16,39.09,39.12,17105,0
2014-09-15,39.14,39.14,39.11,39.11,577,0
2014-09-16,39.14,39.17,39.14,39.17,401,0
2014-09-18,39.16,39.21,39.16,39.21,1300,0
2014-09-19,39.21,39.21,39.16,39.2,1121,0
2014-09-22,39.2,39.2,39.14,39.2,9157,0
2014-09-23,39.2,39.2,39.13,39.17,1115,0
2014-09-24,39.14,39.15,39.13,39.14,2540,0
2014-09-25,39.13,39.13,39.13,39.13,100,0
2014-09-26,39.2,39.2,39.13,39.2,1616,0
2014-09-29,39.15,39.15,39.12,39.15,8160,0
2014-09-30,39.18,39.219,39.12,39.21,12963,0
2014-10-01,39.181,39.181,39.111,39.181,1961,0
2014-10-02,39.121,39.161,39.121,39.151,3250,0
2014-10-03,39.191,39.191,39.111,39.191,2089,0
2014-10-06,39.161,39.171,39.121,39.171,2114,0
2014-10-07,39.181,39.181,39.161,39.161,4731,0
2014-10-08,39.171,39.22,39.161,39.191,7240,0
2014-10-09,39.151,39.191,39.151,39.191,13333,0
2014-10-10,39.121,39.141,39.121,39.141,922,0
2014-10-13,39.131,39.181,39.131,39.181,6766,0
2014-10-14,39.171,39.181,39.111,39.181,1142,0
2014-10-15,39.151,39.161,39.151,39.151,2718,0
2014-10-16,39.121,39.121,39.121,39.121,738,0
2014-10-17,39.111,39.111,39.111,39.111,1150,0
2014-10-20,39.151,39.191,39.141,39.151,20113,0
2014-10-21,39.131,39.161,39.121,39.161,3211,0
2014-10-22,39.121,39.151,39.121,39.151,546,0
2014-10-23,39.151,39.151,39.121,39.121,442,0
2014-10-24,39.111,39.141,39.111,39.141,20122,0
2014-10-27,39.141,39.141,39.141,39.141,2139,0
2014-10-28,39.111,39.141,39.111,39.141,821,0
2014-10-29,39.111,39.141,39.111,39.141,769,0
2014-10-30,39.141,39.141,39.111,39.111,10869,0
2014-10-31,39.161,39.23,39.111,39.111,37948,0
2014-11-03,39.23,39.23,39.131,39.23,921,0
2014-11-05,39.121,39.25,39.121,39.211,1598,0
2014-11-06,39.191,39.24,39.191,39.24,477,0
2014-11-11,39.24,39.24,39.24,39.24,944,0
2014-11-12,39.26,39.26,39.161,39.26,2266,0
2014-11-13,39.23,39.23,39.101,39.101,1266,0
2014-11-14,39.23,39.25,39.101,39.111,26031,0
2014-11-17,39.23,39.23,39.161,39.171,6715,0
2014-11-18,39.23,39.24,39.131,39.191,2290,0
2014-11-19,39.141,39.191,39.131,39.191,523,0
2014-11-20,39.131,39.211,39.131,39.211,260,0
2014-11-21,39.181,39.191,39.111,39.111,6706,0
2014-11-24,39.181,39.181,39.181,39.181,1085,0
2014-11-25,39.161,39.181,39.161,39.181,2715,0
2014-11-26,39.191,39.24,39.161,39.181,8356,0
2014-11-28,39.131,39.171,39.101,39.101,1453,0
2014-12-01,39.241,39.241,39.132,39.132,1540,0
2014-12-02,39.102,39.132,39.092,39.132,5849,0
2014-12-03,39.212,39.212,39.192,39.202,5515,0
2014-12-04,39.182,39.192,39.112,39.112,65979,0
2014-12-05,39.152,39.192,39.072,39.182,6054,0
2014-12-08,39.192,39.221,39.112,39.192,6938,0
2014-12-09,39.192,39.202,39.192,39.202,1688,0
2014-12-10,39.202,39.202,39.122,39.202,19959,0
2014-12-11,39.162,39.192,39.112,39.192,1412,0
2014-12-12,39.192,39.202,39.182,39.202,14278,0
2014-12-15,39.122,39.192,39.112,39.182,1687,0
2014-12-16,39.102,39.182,39.102,39.162,3871,0
2014-12-17,39.102,39.221,39.102,39.162,1122,0
2014-12-18,39.142,39.162,39.102,39.152,7818,0
2014-12-19,39.172,39.172,39.092,39.172,19291,0
2014-12-22,39.142,39.182,39.062,39.092,40783,0
2014-12-23,39.122,39.182,39.092,39.122,42218,0
2014-12-24,39.112,39.172,39.092,39.102,7584,0
2014-12-26,39.112,39.112,39.092,39.092,22729,0
2014-12-29,39.114,39.114,39.074,39.074,16280,0
2014-12-30,39.164,39.164,39.064,39.064,5353,0
2014-12-31,39.074,39.164,39.074,39.074,1645,0
2015-01-02,39.104,39.164,39.084,39.084,3287,0
2015-01-05,39.104,39.154,39.094,39.154,7136,0
2015-01-06,39.114,39.174,39.084,39.174,7425,0
2015-01-07,39.094,39.164,39.094,39.164,3918,0
2015-01-08,39.114,39.174,39.104,39.114,2760,0
2015-01-09,39.164,39.164,39.114,39.114,517,0
2015-01-12,39.124,39.124,39.124,39.124,446,0
2015-01-13,39.104,39.114,39.104,39.114,472,0
2015-01-14,39.114,39.114,39.104,39.114,4541,0
2015-01-15,39.114,39.124,39.114,39.124,806,0
2015-01-16,39.174,39.184,39.174,39.184,6237,0
2015-01-20,39.174,39.174,39.174,39.174,714,0
2015-01-21,39.154,39.184,39.104,39.134,3847,0
2015-01-22,39.144,39.144,39.144,39.144,319,0
2015-01-23,39.154,39.164,39.104,39.164,17142,0
2015-01-26,39.104,39.164,39.104,39.114,6367,0
2015-01-27,39.154,39.154,39.104,39.104,1797,0
2015-01-28,39.144,39.144,39.144,39.144,475,0
2015-01-29,39.104,39.144,39.094,39.144,3212,0
2015-01-30,39.134,39.184,39.134,39.184,3847,0
2015-02-02,39.163,39.173,39.153,39.173,8086,0
2015-02-03,39.123,39.123,39.123,39.123,931,0
2015-02-04,39.163,39.163,39.163,39.163,628,0
2015-02-05,39.123,39.173,39.123,39.123,476,0
2015-02-06,39.133,39.143,39.023,39.103,32016,0
2015-02-09,39.113,39.123,39.113,39.123,529,0
2015-02-10,39.143,39.143,39.093,39.103,5172,0
2015-02-11,39.143,39.143,39.113,39.113,562,0
2015-02-13,39.173,39.173,39.113,39.113,11994,0
2015-02-17,39.123,39.123,39.123,39.123,679,0
2015-02-18,39.123,39.123,39.123,39.123,116,0
2015-02-19,39.193,39.193,39.113,39.113,5394,0
2015-02-20,39.123,39.163,39.113,39.123,5996,0
2015-02-23,39.153,39.153,39.133,39.133,2518,0
2015-02-24,39.123,39.133,39.123,39.133,960,0
2015-02-25,39.123,39.133,39.123,39.133,1942,0
2015-02-26,39.193,39.193,39.133,39.183,936,0
2015-02-27,39.133,39.193,39.133,39.193,2370,0
2015-03-02,39.127,39.167,39.097,39.127,9817,0
2015-03-03,39.127,39.177,39.117,39.177,2252,0
2015-03-04,39.147,39.147,39.137,39.137,613,0
2015-03-05,39.177,39.177,39.167,39.167,1121,0
2015-03-06,39.177,39.187,39.137,39.147,2762,0
2015-03-09,39.137,39.137,39.137,39.137,401,0
2015-03-10,39.177,39.177,39.117,39.177,1427,0
2015-03-11,39.137,39.177,39.127,39.177,921,0
2015-03-12,39.197,39.197,39.197,39.197,300,0
2015-03-13,39.127,39.177,39.127,39.177,3576,0
2015-03-16,39.157,39.187,39.157,39.177,2252,0
2015-03-17,39.147,39.177,39.147,39.177,505,0
2015-03-18,39.187,39.187,39.167,39.187,2558,0
2015-03-19,39.147,39.187,39.147,39.187,2151,0
2015-03-20,39.147,39.157,39.147,39.147,1326,0
2015-03-23,39.147,39.147,39.147,39.147,100,0
2015-03-24,39.147,39.187,39.147,39.187,401,0
2015-03-25,39.187,39.187,39.167,39.167,300,0
2015-03-26,39.177,39.177,39.167,39.167,1842,0
2015-03-27,39.187,39.187,39.167,39.167,50204,0
2015-03-30,39.157,39.157,39.157,39.157,613,0
2015-03-31,39.157,39.157,39.157,39.157,100,0
2015-04-01,39.177,39.177,39.177,39.177,613,0
2015-04-02,39.147,39.147,39.147,39.147,100,0
2015-04-06,39.147,39.197,39.147,39.197,401,0
2015-04-07,39.177,39.177,39.157,39.157,544,0
2015-04-08,39.187,39.187,39.187,39.187,505,0
2015-04-09,39.187,39.187,39.187,39.187,19908,0
2015-04-10,39.197,39.197,39.197,39.197,1021,0
2015-04-13,39.187,39.187,39.147,39.157,1121,0
2015-04-14,39.197,39.197,39.147,39.157,7873,0
2015-04-15,39.167,39.207,39.167,39.167,831,0
2015-04-16,39.167,39.226,39.167,39.167,1584,0
2015-04-17,39.187,39.226,39.187,39.207,2558,0
2015-04-20,39.207,39.216,39.137,39.207,9517,0
2015-04-21,39.177,39.207,39.177,39.207,464,0
2015-04-22,39.167,39.207,39.167,39.167,1635,0
2015-04-23,39.207,39.246,39.207,39.246,717,0
2015-04-24,39.167,39.246,39.167,39.167,2151,0
2015-04-27,39.197,39.207,39.197,39.207,1427,0
2015-04-28,39.207,39.207,39.207,39.207,200,0
2015-04-29,39.197,39.226,39.157,39.167,3986,0
2015-04-30,39.187,39.187,39.177,39.177,29241,0
2015-05-01,39.168,39.168,39.168,39.168,100,0
2015-05-04,39.188,39.217,39.178,39.208,1427,0
2015-05-05,39.168,39.168,39.168,39.168,200,0
2015-05-06,39.237,39.237,39.178,39.178,1492,0
2015-05-07,39.178,39.227,39.178,39.227,1601,0
2015-05-08,39.217,39.247,39.208,39.208,1738,0
2015-05-11,39.227,39.227,39.178,39.178,613,0
2015-05-12,39.217,39.217,39.217,39.217,115,0
2015-05-13,39.217,39.217,39.217,39.217,505,0
2015-05-14,39.188,39.217,39.188,39.217,300,0
2015-05-15,39.227,39.227,39.227,39.227,157,0
2015-05-18,39.188,39.247,39.188,39.188,10824,0
2015-05-19,39.188,39.188,39.148,39.148,2150,0
2015-05-20,39.208,39.208,39.198,39.208,1121,0
2015-05-21,39.198,39.208,39.198,39.208,300,0
2015-05-22,39.128,39.128,39.128,39.128,100,0
2015-05-26,39.227,39.227,39.188,39.188,859,0
2015-05-27,39.198,39.198,39.198,39.198,505,0
2015-05-28,39.227,39.227,39.227,39.227,678,0
2015-05-29,39.188,39.188,39.188,39.188,300,0
2015-06-01,39.249,39.298,39.229,39.288,21052,0
2015-06-02,39.229,39.259,39.18,39.239,8310,0
2015-06-03,39.219,39.229,39.2,39.219,15330,0
2015-06-04,39.19,39.19,39.19,39.19,300,0
2015-06-05,39.19,39.19,39.19,39.19,300,0
2015-06-08,39.249,39.249,39.219,39.219,1326,0
2015-06-09,39.239,39.239,39.219,39.219,7065,0
2015-06-10,39.229,39.229,39.229,39.229,125,0
2015-06-11,39.19,39.219,39.12,39.12,2976,0
2015-06-12,39.19,39.19,39.19,39.19,200,0
2015-06-15,39.19,39.219,39.19,39.219,401,0
2015-06-16,39.219,39.239,39.18,39.229,2351,0
2015-06-17,39.219,39.229,39.17,39.17,7052,0
2015-06-18,39.2,39.219,39.2,39.219,1427,0
2015-06-19,39.18,39.18,39.18,39.18,100,0
2015-06-22,39.19,39.19,39.17,39.18,1427,0
2015-06-23,39.239,39.239,39.18,39.21,1440,0
2015-06-24,39.219,39.239,39.16,39.239,27795,0
2015-06-25,39.21,39.219,39.14,39.219,3574,0
2015-06-26,39.17,39.21,39.12,39.2,821,0
2015-06-29,39.17,39.239,39.14,39.16,8995,0
2015-06-30,39.16,39.16,39.16,39.16,141,0
2015-07-01,39.142,39.231,39.142,39.231,1504,0
2015-07-02,39.202,39.221,39.152,39.221,1226,0
2015-07-06,39.212,39.231,39.142,39.212,2453,0
2015-07-07,39.221,39.221,39.152,39.152,3370,0
2015-07-08,39.162,39.231,39.142,39.212,18388,0
2015-07-09,39.221,39.221,39.162,39.162,401,0
2015-07-10,39.231,39.231,39.142,39.221,5619,0
2015-07-13,39.221,39.231,39.142,39.221,3370,0
2015-07-14,39.162,39.162,39.162,39.162,211,0
2015-07-15,39.142,39.192,39.142,39.152,2490,0
2015-07-16,39.162,39.202,39.162,39.202,1226,0
2015-07-17,39.192,39.192,39.162,39.162,717,0
2015-07-20,39.192,39.192,39.142,39.162,2350,0
2015-07-21,39.202,39.212,39.162,39.162,2048,0
2015-07-22,39.132,39.182,39.132,39.162,1326,0
2015-07-23,39.192,39.212,39.152,39.212,10521,0
2015-07-24,39.212,39.221,39.212,39.221,717,0
2015-07-27,39.212,39.212,39.162,39.162,821,0
2015-07-28,39.212,39.212,39.212,39.212,200,0
2015-07-29,39.212,39.212,39.162,39.162,1021,0
2015-07-30,39.202,39.202,39.162,39.162,2148,0
2015-07-31,39.202,39.202,39.202,39.202,200,0
2015-08-03,39.204,39.204,39.164,39.164,2978,0
2015-08-04,39.154,39.204,39.154,39.164,1226,0
2015-08-05,39.194,39.213,39.184,39.184,5514,0
2015-08-06,39.213,39.213,39.213,39.213,257,0
2015-08-07,39.213,39.223,39.184,39.223,3267,0
2015-08-10,39.184,39.243,39.184,39.213,17668,0
2015-08-11,39.243,39.243,39.243,39.243,111,0
2015-08-12,39.213,39.243,39.194,39.243,24407,0
2015-08-13,39.184,39.204,39.184,39.184,5414,0
2015-08-14,39.204,39.204,39.204,39.204,1326,0
2015-08-17,39.174,39.184,39.144,39.154,53516,0
2015-08-18,39.154,39.154,39.154,39.154,100,0
2015-08-19,39.213,39.213,39.204,39.204,300,0
2015-08-20,39.213,39.213,39.204,39.213,7354,0
2015-08-21,39.204,39.213,39.184,39.213,2147,0
2015-08-24,39.272,39.272,39.144,39.154,17182,0
2015-08-25,39.233,40.145,39.164,39.164,10415,0
2015-08-26,39.164,39.233,39.154,39.154,5823,0
2015-08-27,39.154,39.253,39.154,39.164,403323,0
2015-08-28,39.204,39.233,39.174,39.174,315080,0
2015-08-31,39.213,39.223,39.184,39.213,4186,0
2015-09-01,39.215,39.225,39.215,39.215,1326,0
2015-09-02,39.215,39.215,39.156,39.156,2146,0
2015-09-03,39.215,39.215,39.156,39.215,3164,0
2015-09-04,39.215,39.215,39.156,39.215,2348,0
2015-09-08,39.186,39.215,39.146,39.215,6229,0
2015-09-09,39.215,39.215,39.156,39.156,4084,0
2015-09-10,39.215,39.215,39.186,39.215,3350,0
2015-09-11,39.156,39.215,39.116,39.166,14600,0
2015-09-14,39.196,39.215,39.196,39.215,1838,0
2015-09-15,39.225,39.225,39.166,39.166,1326,0
2015-09-16,39.206,39.215,39.196,39.215,1427,0
2015-09-17,39.215,39.215,39.166,39.206,4390,0
2015-09-18,39.196,39.215,39.196,39.196,1737,0
2015-09-21,39.196,39.196,39.166,39.166,1121,0
2015-09-22,39.176,39.215,39.156,39.215,4902,0
2015-09-23,39.156,39.215,39.156,39.215,300,0
2015-09-24,39.215,39.215,39.176,39.215,5094,0
2015-09-25,39.215,39.215,39.156,39.156,1531,0
2015-09-28,39.215,39.225,39.156,39.156,3658,0
2015-09-29,39.215,39.225,39.215,39.225,821,0
2015-09-30,39.215,39.225,39.156,39.156,3880,0
2015-10-01,39.159,39.218,39.159,39.218,3879,0
2015-10-02,39.218,39.228,39.159,39.218,4900,0
2015-10-05,39.228,39.228,39.169,39.218,58933,0
2015-10-06,39.209,39.209,39.199,39.209,1531,0
2015-10-07,39.218,39.228,39.218,39.218,717,0
2015-10-08,39.179,39.218,39.169,39.218,1427,0
2015-10-09,39.179,39.189,39.119,39.179,4596,0
2015-10-12,39.159,39.189,39.159,39.189,419,0
2015-10-13,39.218,39.228,39.159,39.228,102681,0
2015-10-14,39.209,39.228,39.209,39.209,2450,0
2015-10-15,39.238,39.238,39.179,39.179,2045,0
2015-10-16,39.228,39.238,39.228,39.228,1736,0
2015-10-19,39.189,39.228,39.169,39.218,4799,0
2015-10-20,39.169,39.238,39.169,39.238,1940,0
2015-10-21,39.218,39.218,39.169,39.169,1326,0
2015-10-22,39.238,39.238,39.169,39.199,9697,0
2015-10-23,39.228,39.228,39.159,39.199,3265,0
2015-10-26,39.189,39.228,39.169,39.169,5204,0
2015-10-27,39.228,39.228,39.199,39.218,2045,0
2015-10-28,39.228,39.238,39.169,39.179,11027,0
2015-10-29,39.179,39.218,39.179,39.218,300,0
2015-10-30,39.209,39.209,39.169,39.169,300,0
2015-11-02,39.232,39.232,39.163,39.163,6306,0
2015-11-03,39.222,39.232,39.173,39.173,5306,0
2015-11-04,39.212,39.232,39.163,39.173,10262,0
2015-11-05,39.163,39.232,39.163,39.232,5817,0
2015-11-06,39.222,39.222,39.163,39.163,8675,0
2015-11-09,39.163,39.252,39.163,39.232,127046,0
2015-11-10,39.193,39.262,39.163,39.163,2551,0
2015-11-11,39.232,39.232,39.163,39.163,1226,0
2015-11-12,39.203,39.232,39.203,39.232,1226,0
2015-11-13,39.222,39.232,39.222,39.232,1021,0
2015-11-16,39.232,39.232,39.212,39.212,3777,0
2015-11-17,39.203,39.232,39.183,39.232,3365,0
2015-11-18,39.183,39.183,39.183,39.183,200,0
2015-11-19,39.232,39.232,39.173,39.222,11529,0
2015-11-20,39.212,39.222,39.173,39.173,2044,0
2015-11-23,39.212,39.252,39.193,39.193,11735,0
2015-11-24,39.203,39.222,39.173,39.222,1326,0
2015-11-25,39.212,39.212,39.153,39.153,1427,0
2015-11-27,39.163,39.212,39.153,39.153,821,0
2015-11-30,39.123,39.153,39.123,39.153,44589,0
2015-12-01,39.163,39.193,39.143,39.183,6909,0
2015-12-02,39.183,39.212,39.143,39.143,6200,0
2015-12-03,39.153,39.153,39.133,39.153,2173,0
2015-12-04,39.143,39.193,39.143,39.193,4491,0
2015-12-07,39.193,39.193,39.143,39.143,821,0
2015-12-08,39.193,39.193,39.193,39.193,479,0
2015-12-09,39.143,39.143,39.103,39.103,1735,0
2015-12-10,39.133,39.193,38.841,39.153,9795,0
2015-12-11,39.153,39.203,39.153,39.203,2551,0
2015-12-14,39.123,39.123,39.103,39.123,1122,0
2015-12-15,39.123,39.123,39.123,39.123,300,0
2015-12-16,39.153,39.193,39.113,39.133,6427,0
2015-12-17,39.113,39.113,39.113,39.113,1326,0
2015-12-18,39.123,39.193,39.123,39.193,921,0
2015-12-21,39.193,39.798,39.173,39.183,3777,0
2015-12-22,39.163,39.183,39.123,39.123,2498,0
2015-12-23,39.123,39.212,39.113,39.113,3777,0
2015-12-24,39.192,39.192,39.133,39.133,727,0
2015-12-28,39.124,39.183,39.123,39.123,6114,0
2015-12-29,39.138,39.15,39.138,39.138,1721,0
2015-12-30,39.128,39.143,39.118,39.118,3032,0
2015-12-31,39.118,39.118,39.118,39.118,1210,0
2016-01-04,39.119,39.178,39.119,39.178,1077,0
2016-01-05,39.168,39.184,39.168,39.184,718,0
2016-01-06,39.178,39.198,39.161,39.178,193710,0
2016-01-07,39.188,39.276,39.128,39.138,53059,0
2016-01-08,39.198,39.198,39.128,39.128,4217,0
2016-01-11,39.136,39.152,39.128,39.128,2493,0
2016-01-12,39.152,39.227,39.128,39.128,2414,0
2016-01-13,39.188,39.198,39.138,39.142,7115,0
2016-01-14,39.187,39.207,39.138,39.198,4065,0
2016-01-15,39.198,39.198,39.138,39.198,3765,0
2016-01-19,39.198,39.198,39.138,39.188,3060,0
2016-01-20,39.164,39.217,39.158,39.158,5424,0
2016-01-21,39.153,39.217,39.148,39.217,14403,0
2016-01-22,39.168,39.217,39.168,39.217,4097,0
2016-01-25,39.217,39.257,39.158,39.217,4411823,0
2016-01-26,39.168,39.217,39.168,39.217,27236,0
2016-01-27,39.227,39.237,39.138,39.138,27582,0
2016-01-28,39.176,39.208,39.138,39.138,21000,0
2016-01-29,39.194,39.217,39.148,39.198,15252,0
2016-02-01,39.165,39.383,39.165,39.214,36438,0
2016-02-02,39.204,39.254,39.195,39.254,21472,0
2016-02-03,39.244,39.303,39.195,39.224,35981,0
2016-02-04,39.265,39.283,39.214,39.229,17874,0
2016-02-05,39.214,39.303,39.165,39.234,18088,0
2016-02-08,39.293,39.303,39.234,39.303,25974,0
2016-02-09,39.254,39.313,39.206,39.234,34282,0
2016-02-10,39.214,39.293,39.214,39.234,45316,0
2016-02-11,39.293,39.323,38.891,39.115,236531,0
2016-02-12,39.155,39.185,39.145,39.145,19091,0
2016-02-16,39.178,39.244,39.125,39.145,15095,0
2016-02-17,39.115,39.205,39.095,39.155,23175,0
2016-02-18,39.169,39.244,39.115,39.19,19578,0
2016-02-19,39.115,39.244,39.105,39.145,15267,0
2016-02-22,39.155,39.234,39.115,39.115,13410,0
2016-02-23,39.119,39.195,39.115,39.166,15225,0
2016-02-24,39.145,39.185,39.115,39.165,20815,0
2016-02-25,39.183,39.185,39.125,39.125,9354,0
2016-02-26,39.105,39.135,39.105,39.105,10318,0
2016-02-29,39.115,39.165,39.066,39.135,27034,0
2016-03-01,39.1,39.13,39.1,39.11,4439117,0
2016-03-02,39.124,39.15,39.11,39.11,8587,0
2016-03-03,39.14,39.21,39.14,39.14,10430,0
2016-03-04,39.15,39.239,39.15,39.21,11882,0
2016-03-07,39.14,39.219,39.14,39.21,4003,0
2016-03-08,39.18,39.18,39.164,39.164,468,0
2016-03-09,39.219,39.219,39.15,39.15,3382,0
2016-03-10,39.174,39.21,39.148,39.21,13165,0
2016-03-11,39.229,39.229,39.11,39.11,7646,0
2016-03-14,39.122,39.229,39.11,39.12,14703,0
2016-03-15,39.135,39.14,39.13,39.13,1452,0
2016-03-16,39.218,39.218,39.14,39.21,794,0
2016-03-17,39.196,39.205,39.16,39.16,2508,0
2016-03-18,39.162,39.189,39.15,39.15,2320,0
2016-03-21,39.13,39.185,39.13,39.14,2109,0
2016-03-22,39.17,39.22,39.17,39.19,2880,0
2016-03-23,39.16,39.17,39.16,39.16,1309,0
2016-03-24,39.17,39.268,39.17,39.17,1040,0
2016-03-28,39.241,39.241,39.17,39.17,1237,0
2016-03-29,39.18,39.278,39.18,39.278,729,0
2016-03-30,39.211,39.308,39.2,39.208,1106,0
2016-03-31,39.216,39.239,39.19,39.2,21906,0
2016-04-01,39.308,39.32,39.251,39.286,3887,0
2016-04-04,39.28,39.297,39.28,39.286,594,0
2016-04-05,39.295,39.32,39.221,39.28,3256,0
2016-04-06,39.251,39.284,39.251,39.27,46256,0
2016-04-07,39.252,39.31,39.252,39.31,3334,0
2016-04-08,39.272,39.272,39.272,39.272,191,0
2016-04-11,39.3,39.3,39.261,39.287,1410,0
2016-04-12,39.252,39.3,39.252,39.3,368,0
2016-04-13,39.31,39.31,39.251,39.251,7043,0
2016-04-14,39.261,39.29,39.261,39.261,11222,0
2016-04-15,39.296,39.3,39.261,39.3,4303,0
2016-04-18,39.324,39.324,39.27,39.27,256,0
2016-04-19,39.37,39.37,39.37,39.37,300,0
2016-04-20,39.28,39.29,39.28,39.29,674,0
2016-04-21,39.29,39.29,39.27,39.27,959,0
2016-04-22,39.27,39.27,39.27,39.27,678,0
2016-04-25,39.276,39.317,39.27,39.317,689,0
2016-04-26,39.274,39.307,39.27,39.307,2195,0
2016-04-27,39.285,39.285,39.285,39.285,158,0
2016-04-28,39.39,39.39,39.3,39.37,4276,0
2016-04-29,39.34,39.34,39.291,39.33,7179,0
2016-05-02,39.368,39.408,39.333,39.345,3816,0
2016-05-03,39.337,39.408,39.298,39.298,1651,0
2016-05-04,39.352,39.352,39.298,39.298,1726,0
2016-05-05,39.308,39.328,39.298,39.328,2546,0
2016-05-06,39.317,39.318,39.288,39.318,2552,0
2016-05-10,39.336,39.368,39.336,39.368,223,0
2016-05-11,39.308,39.368,39.298,39.298,1135,0
2016-05-12,39.308,39.332,39.294,39.294,949,0
2016-05-16,39.308,39.308,39.308,39.308,571,0
2016-05-17,39.495,39.495,39.318,39.338,7182,0
2016-05-18,39.408,39.408,39.338,39.338,5684,0
2016-05-19,39.475,39.475,39.427,39.427,1345,0
2016-05-20,39.348,39.417,39.348,39.368,1548,0
2016-05-23,39.359,39.378,39.358,39.378,676,0
2016-05-24,39.348,39.348,39.338,39.338,1058,0
2016-05-25,39.358,39.358,39.358,39.358,538,0
2016-05-26,39.318,39.338,39.318,39.338,6158,0
2016-05-27,39.368,39.395,39.318,39.318,6726,0
2016-05-31,39.408,39.471,39.408,39.471,291400,0
2016-06-01,39.32,39.433,39.315,39.345,6166,0
2016-06-02,39.395,39.395,39.395,39.395,300,0
2016-06-03,39.395,39.405,39.355,39.395,4135,0
2016-06-06,39.365,39.414,39.335,39.335,2065,0
2016-06-07,39.395,39.455,39.345,39.345,5052,0
2016-06-08,39.498,39.498,39.37,39.482,2150,0
2016-06-09,39.345,39.434,39.345,39.434,2458,0
2016-06-10,39.345,39.492,39.345,39.492,568,0
2016-06-13,39.472,39.483,39.335,39.483,587,0
2016-06-14,39.445,39.445,39.402,39.402,984,0
2016-06-15,39.436,39.436,39.436,39.436,100,0
2016-06-16,39.453,39.463,39.365,39.365,5797,0
2016-06-17,39.381,39.381,39.381,39.381,552,0
2016-06-20,39.482,39.482,39.424,39.453,1779,0
2016-06-21,39.407,39.434,39.407,39.434,1198,0
2016-06-22,39.414,39.424,39.378,39.405,3532,0
2016-06-23,39.413,39.458,39.375,39.385,2025,0
2016-06-24,39.375,39.434,39.375,39.405,2806,0
2016-06-27,39.365,39.482,39.365,39.463,13118,0
2016-06-28,39.365,39.434,39.365,39.365,2589,0
2016-06-29,39.407,39.463,39.388,39.463,964,0
2016-06-30,39.385,39.385,39.375,39.384,1485,0
2016-07-01,39.468,39.477,39.468,39.468,665,0
2016-07-05,39.497,39.497,39.448,39.458,1278,0
2016-07-06,39.37,39.468,39.37,39.468,1002,0
2016-07-07,39.458,39.458,39.458,39.458,302,0
2016-07-08,39.468,39.468,39.455,39.458,479,0
2016-07-11,39.429,39.429,39.4,39.415,318061,0
2016-07-12,39.419,39.463,39.419,39.431,3762,0
2016-07-13,39.44,39.458,39.429,39.429,5089,0
2016-07-14,39.458,39.458,39.439,39.448,3159,0
2016-07-15,39.517,39.526,39.487,39.487,12752,0
2016-07-18,39.536,39.554,39.517,39.517,3188,0
2016-07-19,39.536,39.536,39.497,39.497,1299,0
2016-07-20,39.528,39.528,39.497,39.497,2105,0
2016-07-21,39.507,39.536,39.507,39.536,920,0
2016-07-22,39.536,39.536,39.536,39.536,818,0
2016-07-25,39.519,39.545,39.519,39.545,1126,0
2016-07-26,39.545,39.545,39.545,39.545,200,0
2016-07-27,39.545,39.545,39.545,39.545,613,0
2016-07-28,39.554,39.554,39.529,39.529,1558,0
2016-07-29,39.57,39.57,39.554,39.554,936,0
2016-08-01,39.53,39.568,39.53,39.558,3072,0
2016-08-02,39.531,39.568,39.531,39.568,1255,0
2016-08-03,39.588,39.588,39.549,39.549,1205,0
2016-08-04,39.568,39.568,39.568,39.568,1047,0
2016-08-05,39.54,39.54,39.53,39.533,975,0
2016-08-08,39.588,39.588,39.588,39.588,5277,0
2016-08-09,39.553,39.558,39.53,39.558,1756,0
2016-08-10,39.571,39.571,39.54,39.568,3439,0
2016-08-11,39.54,39.558,39.54,39.54,1459,0
2016-08-12,39.587,39.587,39.549,39.551,1135,0
2016-08-15,39.593,39.593,39.578,39.578,656,0
2016-08-16,39.344,39.549,39.344,39.549,1015,0
2016-08-17,39.598,39.598,39.549,39.549,3325,0
2016-08-18,39.558,39.608,39.558,39.598,1849,0
2016-08-19,39.568,39.568,39.568,39.568,1015,0
2016-08-22,39.598,39.598,39.364,39.568,815,0
2016-08-23,39.588,39.588,39.568,39.57,5397,0
2016-08-24,39.462,39.587,39.462,39.578,739,0
2016-08-25,39.618,39.628,39.614,39.628,1308,0
2016-08-26,39.618,40.542,39.578,39.578,29615,0
2016-08-29,39.617,39.617,39.578,39.578,1777,0
2016-08-30,39.618,39.628,39.618,39.628,531,0
2016-08-31,39.638,39.638,39.638,39.638,1897,0
2016-09-01,39.6,39.639,39.59,39.639,6776,0
2016-09-02,39.639,39.639,39.619,39.639,6908,0
2016-09-06,39.639,39.649,39.639,39.649,1587,0
2016-09-07,39.602,39.602,39.602,39.602,392,0
2016-09-08,39.61,39.649,39.6,39.601,9467,0
2016-09-09,39.606,39.606,39.58,39.58,808,0
2016-09-12,39.639,39.639,39.639,39.639,202,0
2016-09-13,39.61,39.61,39.61,39.61,570,0
2016-09-15,39.649,39.649,39.646,39.646,3407,0
2016-09-16,39.659,39.679,39.61,39.679,27774,0
2016-09-19,39.679,39.679,39.649,39.679,1852,0
2016-09-21,39.656,39.679,39.62,39.679,1710,0
2016-09-22,39.61,39.649,39.61,39.63,3900,0
2016-09-23,39.679,39.679,39.61,39.63,5638,0
2016-09-26,39.662,39.699,39.662,39.669,1234,0
2016-09-27,39.61,39.61,39.61,39.61,400,0
2016-09-28,39.649,39.649,39.649,39.649,100,0
2016-09-29,39.663,39.689,39.659,39.661,4434,0
2016-09-30,39.649,39.689,39.639,39.639,4961,0
2016-10-03,39.665,39.67,39.631,39.631,2495,0
2016-10-04,39.679,39.679,39.64,39.64,8587,0
2016-10-05,39.68,39.7,39.65,39.65,3793,0
2016-10-06,39.67,39.7,39.621,39.64,3001,0
2016-10-07,39.67,39.69,39.66,39.68,6477,0
2016-10-10,39.66,39.69,39.66,39.69,900,0
2016-10-11,39.69,39.7,39.672,39.672,8300,0
2016-10-12,39.68,39.71,39.68,39.71,725,0
2016-10-14,39.67,39.739,39.67,39.67,1376,0
2016-10-17,39.69,39.69,39.69,39.69,310,0
2016-10-18,39.71,39.71,39.67,39.709,5895,0
2016-10-19,39.7,39.72,39.69,39.691,4198,0
2016-10-20,39.72,39.72,39.69,39.69,7458,0
2016-10-21,39.718,39.718,39.718,39.718,100,0
2016-10-24,39.69,39.69,39.69,39.69,100,0
2016-10-25,39.714,39.72,39.714,39.72,823,0
2016-10-26,39.709,39.72,39.68,39.68,3506,0
2016-10-27,39.72,39.72,39.704,39.72,2158,0
2016-10-28,39.71,39.73,39.699,39.73,2615,0
2016-10-31,39.71,39.73,39.68,39.73,19993,0
2016-11-01,39.7,39.732,39.682,39.682,3758,0
2016-11-02,39.732,39.732,39.692,39.729,5218,0
2016-11-03,39.732,39.742,39.692,39.732,8880,0
2016-11-04,39.705,39.722,39.705,39.722,1054,0
2016-11-07,39.719,39.719,39.692,39.692,1722,0
2016-11-08,39.722,39.732,39.716,39.732,5985,0
2016-11-09,39.692,39.732,39.692,39.732,436,0
2016-11-10,39.761,39.761,39.692,39.732,2059,0
2016-11-11,39.732,39.732,39.682,39.692,2365,0
2016-11-14,39.732,39.732,39.692,39.692,2246,0
2016-11-15,39.732,39.742,39.662,39.732,12684,0
2016-11-16,39.732,39.739,39.702,39.702,736,0
2016-11-17,39.704,39.704,39.702,39.702,2084,0
2016-11-18,39.692,39.732,39.692,39.692,5295,0
2016-11-21,39.695,39.695,39.692,39.692,880,0
2016-11-22,39.737,39.751,39.702,39.72,9233,0
2016-11-23,39.712,39.736,39.712,39.712,3436,0
2016-11-25,39.732,39.732,39.712,39.712,1257,0
2016-11-28,39.742,39.751,39.702,39.742,20502,0
2016-11-29,39.736,39.747,39.712,39.712,1028,0
2016-11-30,39.732,39.732,39.712,39.712,1404,0
2016-12-01,39.725,39.745,39.715,39.745,2875,0
2016-12-02,39.72,39.744,39.705,39.705,7101,0
2016-12-05,39.764,39.764,39.726,39.726,5962,0
2016-12-06,39.764,39.764,39.74,39.74,4402,0
2016-12-07,39.719,39.719,39.719,39.719,315,0
2016-12-08,39.759,39.759,39.725,39.725,725,0
2016-12-09,39.746,39.746,39.718,39.718,393,0
2016-12-12,39.715,39.764,39.715,39.754,2306,0
2016-12-13,39.736,39.746,39.735,39.746,2305,0
2016-12-14,39.748,39.748,39.725,39.725,996,0
2016-12-15,39.74,39.774,39.74,39.771,626,0
2016-12-16,39.764,39.764,39.73,39.749,5159,0
2016-12-19,39.764,39.774,39.734,39.774,7619,0
2016-12-20,39.735,39.768,39.735,39.768,1782,0
2016-12-21,39.781,39.782,39.754,39.782,3158,0
2016-12-22,39.781,39.782,39.745,39.745,4805,0
2016-12-23,39.763,39.782,39.735,39.745,2651,0
2016-12-27,39.774,39.782,39.774,39.774,1319,0
2016-12-28,39.781,39.799,39.762,39.799,21315,0
2016-12-29,39.781,39.79,39.775,39.79,15171,0
2016-12-30,39.79,39.79,39.762,39.781,2682,0
2017-01-03,39.79,39.799,39.743,39.743,10932,0
2017-01-04,39.752,39.799,39.752,39.799,18431,0
2017-01-05,39.79,39.79,39.762,39.781,2819,0
2017-01-06,39.79,40.602,39.79,39.79,35788,0
2017-01-09,39.802,39.809,39.79,39.809,1225,0
2017-01-10,39.805,39.809,39.772,39.809,7310,0
2017-01-11,39.787,39.812,39.781,39.79,3329,0
2017-01-12,39.799,39.839,39.79,39.819,1558,0
2017-01-13,39.849,39.859,39.767,39.819,32598,0
2017-01-17,39.819,39.819,39.809,39.809,1255,0
2017-01-18,39.809,39.809,39.762,39.762,6519,0
2017-01-19,39.752,39.839,39.743,39.839,2649,0
2017-01-20,39.824,39.824,39.824,39.824,100,0
2017-01-23,39.773,39.829,39.772,39.825,5072,0
2017-01-24,39.839,39.839,39.772,39.772,1728,0
2017-01-25,39.829,39.829,39.829,39.829,1010,0
2017-01-26,39.808,39.819,39.781,39.781,780,0
2017-01-27,39.802,39.849,39.802,39.839,44518,0
2017-01-30,39.849,39.849,39.789,39.849,3750,0
2017-01-31,39.859,39.859,39.859,39.859,300,0
2017-02-01,39.864,39.864,39.819,39.864,6272,0
2017-02-02,39.814,39.834,39.814,39.814,1467,0
2017-02-03,39.834,39.874,39.824,39.864,13652,0
2017-02-06,39.874,39.884,39.874,39.874,1602,0
2017-02-07,39.839,39.864,39.839,39.864,1469,0
2017-02-08,39.874,39.884,39.864,39.884,944,0
2017-02-09,39.848,39.854,39.834,39.834,2222,0
2017-02-10,39.843,39.861,39.843,39.861,218,0
2017-02-13,39.824,39.884,39.824,39.834,3602,0
2017-02-14,39.88,39.88,39.88,39.88,205,0
2017-02-15,39.88,39.89,39.88,39.89,262,0
2017-02-16,39.845,39.89,39.839,39.89,2237,0
2017-02-17,39.844,39.854,39.844,39.854,436,0
2017-02-21,39.904,39.904,39.874,39.894,2960,0
2017-02-22,39.854,39.904,39.854,39.894,3504,0
2017-02-23,39.899,39.91,39.899,39.904,1374,0
2017-02-24,39.902,39.902,39.902,39.902,380,0
2017-02-27,39.908,39.908,39.884,39.884,535,0
2017-02-28,39.914,39.914,39.864,39.864,5850,0
2017-03-01,39.93,39.93,39.91,39.92,815,0
2017-03-02,39.91,39.91,39.86,39.86,18124,0
2017-03-03,39.92,39.92,39.909,39.92,4248,0
2017-03-06,39.92,39.93,39.88,39.88,4737,0
2017-03-07,39.9,39.91,39.87,39.88,7428,0
2017-03-08,39.93,39.93,39.87,39.87,2556,0
2017-03-09,39.88,39.93,39.87,39.87,20177,0
2017-03-10,39.92,39.92,39.87,39.87,690,0
2017-03-13,39.87,39.92,39.87,39.92,8645,0
2017-03-14,39.899,39.93,39.88,39.93,3659,0
2017-03-15,39.925,39.94,39.925,39.94,1627,0
2017-03-16,39.929,39.936,39.884,39.936,360,0
2017-03-17,39.891,39.93,39.88,39.88,5200,0
2017-03-20,39.96,39.96,39.959,39.959,802,0
2017-03-21,39.95,39.95,39.91,39.95,6294,0
2017-03-22,39.94,39.96,39.938,39.96,1973,0
2017-03-23,39.95,39.95,39.9,39.9,833,0
2017-03-24,39.96,39.99,39.92,39.92,20584,0
2017-03-27,39.95,40.912,39.91,39.95,77828,0
2017-03-28,39.96,39.96,39.93,39.93,2574,0
2017-03-29,39.943,39.96,39.936,39.96,3303,0
2017-03-30,39.94,39.96,39.94,39.96,813,0
2017-03-31,39.96,39.96,39.93,39.96,5680,0
2017-04-03,39.959,39.959,39.909,39.959,36177,0
2017-04-04,39.959,39.969,39.959,39.959,12232,0
2017-04-05,39.969,39.995,39.909,39.909,1376,0
2017-04-06,39.955,39.969,39.919,39.919,891,0
2017-04-07,39.969,39.969,39.968,39.969,1282,0
2017-04-10,39.964,39.969,39.963,39.969,1884,0
2017-04-11,39.989,40.019,39.975,40.004,11308,0
2017-04-12,39.989,39.989,39.975,39.989,1058,0
2017-04-13,40.004,40.006,40.004,40.006,435,0
2017-04-17,39.929,39.998,39.929,39.939,11793,0
2017-04-18,39.949,39.999,39.929,39.999,2331,0
2017-04-19,39.999,40.009,39.929,39.929,4006,0
2017-04-20,39.984,39.984,39.919,39.919,3364,0
2017-04-21,39.959,39.969,39.959,39.969,1889,0
2017-04-24,39.929,39.989,39.929,39.929,16486,0
2017-04-25,39.948,39.948,39.909,39.909,2357,0
2017-04-26,39.988,39.999,39.939,39.989,8174,0
2017-04-27,39.989,40.004,39.989,40.004,972,0
2017-04-28,39.999,39.999,39.93,39.989,20126,0
2017-05-01,39.998,39.998,39.938,39.938,4568,0
2017-05-02,39.998,40.028,39.958,39.964,2790,0
2017-05-03,39.968,39.968,39.908,39.908,1287,0
2017-05-04,39.938,40.008,39.938,39.948,3793,0
2017-05-05,39.898,39.988,39.898,39.898,3891,0
2017-05-08,39.948,39.973,39.948,39.958,1672,0
2017-05-09,39.968,39.968,39.948,39.948,1014,0
2017-05-10,39.948,39.982,39.948,39.969,9646,0
2017-05-11,39.938,40.008,39.938,39.978,2571,0
2017-05-12,39.97,40.018,39.948,39.958,8860,0
2017-05-15,39.958,40.028,39.958,40.028,1051,0
2017-05-16,39.968,40.008,39.958,40.008,2919,0
2017-05-17,39.998,40.028,39.962,40.028,2763,0
2017-05-18,39.958,39.968,39.958,39.958,1165,0
2017-05-19,39.978,40.01,39.978,39.978,3814,0
2017-05-22,39.958,40.037,39.958,39.958,2946,0
2017-05-23,40.027,40.027,39.963,39.963,753,0
2017-05-24,40.003,40.003,39.968,39.968,450,0
2017-05-25,40.028,40.028,40.028,40.028,200,0
2017-05-26,39.968,40.028,39.968,40.028,977,0
2017-05-30,39.968,39.968,39.968,39.968,254,0
2017-05-31,40.038,40.038,40.023,40.038,3907,0
2017-06-01,40.04,40.06,40,40,2901,0
2017-06-02,39.99,40.06,39.99,40.06,3449,0
2017-06-05,40.06,40.07,39.99,40.07,11613,0
2017-06-06,40.06,40.06,40.05,40.06,1369,0
2017-06-07,40.02,40.06,40.02,40.05,1479,0
2017-06-08,39.99,40.01,39.99,40,1939,0
2017-06-09,39.99,39.99,39.99,39.99,945,0
2017-06-12,40.021,40.021,40,40.01,1015,0
2017-06-13,40.05,40.05,40.05,40.05,2898,0
2017-06-14,40.003,40.003,40.003,40.003,100,0
2017-06-15,40.05,40.05,40.05,40.05,200,0
2017-06-16,40.05,40.05,40.049,40.05,1065,0
2017-06-19,40.028,40.07,40.02,40.02,2415,0
2017-06-20,40.02,40.02,40.02,40.02,5085,0
2017-06-21,40.04,40.06,40.04,40.06,625,0
2017-06-22,40.06,40.09,40.06,40.09,2373,0
2017-06-23,40.031,40.08,40.031,40.08,9083,0
2017-06-26,40.09,40.09,40.02,40.02,755,0
2017-06-27,40.08,40.09,40.02,40.08,3456,0
2017-06-28,40.091,40.1,40.08,40.1,4902,0
2017-06-29,40.09,40.09,40.04,40.04,2206,0
2017-06-30,40.064,40.09,40.04,40.04,1834,0
2017-07-03,40.02,40.08,40.02,40.02,11003,0
2017-07-05,40.1,40.1,40.03,40.035,1067,0
2017-07-06,40.085,40.085,40.02,40.02,7940,0
2017-07-07,40.068,40.068,40.03,40.03,1348,0
2017-07-10,40.094,40.094,40.094,40.094,100,0
2017-07-11,40.099,40.099,40.099,40.099,223,0
2017-07-12,40.095,40.1,40.04,40.04,628,0
2017-07-13,40.05,40.075,40.05,40.075,600,0
2017-07-14,40.04,40.11,40.04,40.11,1826,0
2017-07-17,40.06,40.11,40.06,40.08,1270,0
2017-07-18,40.06,40.06,40.06,40.06,2241,0
2017-07-19,40.05,40.1,40.05,40.1,564,0
2017-07-20,40.045,40.045,40.045,40.045,200,0
2017-07-21,40.06,40.11,40.06,40.11,1594,0
2017-07-24,40.04,40.1,40.04,40.1,5173,0
2017-07-25,40.101,40.13,40.101,40.13,1359,0
2017-07-26,40.119,40.13,40.119,40.13,457,0
2017-07-27,40.095,40.098,40.095,40.098,1143,0
2017-07-28,40.07,40.1,40.06,40.1,2307,0
2017-07-31,40.139,40.139,40.139,40.139,2411,0
2017-08-01,40.07,40.18,40.07,40.18,3571,0
2017-08-03,40.14,40.15,40.08,40.14,5940,0
2017-08-04,40.14,40.14,40.06,40.13,6172,0
2017-08-07,40.14,40.15,40.138,40.15,2047,0
2017-08-08,40.15,40.15,40.14,40.15,5813,0
2017-08-09,40.14,40.15,40.07,40.15,25881,0
2017-08-10,40.13,40.15,40.08,40.15,2518,0
2017-08-11,40.136,40.15,40.136,40.15,2623,0
2017-08-14,40.145,40.145,40.09,40.094,795,0
2017-08-15,40.145,40.145,40.09,40.09,506,0
2017-08-16,40.138,40.15,40.138,40.15,330,0
2017-08-17,40.14,40.15,40.14,40.14,435,0
2017-08-18,40.14,40.15,40.094,40.15,2159,0
2017-08-21,40.15,40.15,40.15,40.15,300,0
2017-08-22,40.15,40.15,40.104,40.104,523,0
2017-08-23,40.15,40.17,40.15,40.167,1015,0
2017-08-24,40.1,40.118,40.1,40.11,3731,0
2017-08-25,40.133,40.17,40.133,40.17,771,0
2017-08-28,40.17,40.17,40.17,40.17,913,0
2017-08-29,40.17,40.17,40.17,40.17,290,0
2017-08-30,40.18,40.18,40.145,40.18,960,0
2017-08-31,40.18,40.18,40.166,40.18,2714,0
2017-09-01,40.175,40.19,40.14,40.19,10146,0
2017-09-05,40.12,40.19,40.12,40.19,1554,0
2017-09-06,40.19,40.19,40.19,40.19,6256,0
2017-09-07,40.19,40.19,40.13,40.14,5282,0
2017-09-08,40.19,40.19,40.13,40.16,61822,0
2017-09-11,40.167,40.167,40.12,40.12,676,0
2017-09-12,40.13,40.165,40.13,40.165,3360,0
2017-09-13,40.162,40.162,40.13,40.141,2533,0
2017-09-14,40.17,40.2,40.14,40.19,12902,0
2017-09-15,40.19,40.2,40.14,40.16,821,0
2017-09-18,40.14,40.15,40.14,40.14,567,0
2017-09-19,40.197,40.21,40.144,40.21,3258,0
2017-09-20,40.2,40.21,40.2,40.21,3638,0
2017-09-21,40.209,40.21,40.15,40.15,1078,0
2017-09-22,40.2,40.2,40.2,40.2,330,0
2017-09-25,40.22,40.22,40.22,40.22,4872,0
2017-09-26,40.14,40.189,40.14,40.14,3672,0
2017-09-27,40.21,40.24,40.16,40.21,5529,0
2017-09-28,40.21,40.23,40.187,40.23,6135,0
2017-09-29,40.15,40.23,40.15,40.15,3511,0
2017-10-02,40.23,40.24,40.16,40.16,11764,0
2017-10-03,40.24,40.24,40.16,40.16,4029,0
2017-10-04,40.171,40.23,40.17,40.183,6249,0
2017-10-05,40.23,40.24,40.18,40.201,6636,0
2017-10-06,40.213,40.226,40.213,40.226,676,0
2017-10-09,40.175,40.23,40.175,40.23,763,0
2017-10-10,40.213,40.226,40.18,40.226,930,0
2017-10-11,40.181,40.211,40.171,40.2,5608,0
2017-10-12,40.23,40.25,40.22,40.25,8766,0
2017-10-13,40.25,40.25,40.25,40.25,457,0
2017-10-16,40.25,40.25,40.18,40.19,5326,0
2017-10-17,40.245,40.245,40.2,40.2,790,0
2017-10-18,40.26,40.26,40.24,40.24,4747,0
2017-10-19,40.239,40.29,40.239,40.29,4325,0
2017-10-20,40.26,40.26,40.19,40.19,3134,0
2017-10-23,40.211,40.265,40.2,40.2,1832,0
2017-10-24,40.27,40.27,40.19,40.19,1961,0
2017-10-25,40.259,40.265,40.2,40.265,2201,0
2017-10-26,40.235,40.27,40.2,40.2,6289,0
2017-10-27,40.25,40.28,40.24,40.24,2904,0
2017-10-30,40.211,40.24,40.211,40.24,765,0
2017-10-31,40.24,40.28,40.2,40.2,19583,0
2017-11-01,40.2776,40.29,40.21,40.2293,24098,0
2017-11-02,40.2599,40.29,40.23,40.29,11574,0
2017-11-03,40.2547,40.288,40.21,40.211,2395,0
2017-11-06,40.2702,40.29,40.259,40.29,9127,0
2017-11-07,40.29,40.29,40.25,40.25,4868,0
2017-11-08,40.24,40.29,40.22,40.22,7940,0
2017-11-09,40.289,40.3,40.2588,40.3,2781,0
2017-11-10,40.23,40.2579,40.21,40.25,7356,0
