Date,Open,High,Low,Close,Volume,OpenInt
2009-11-23,43.54,43.563,43.523,43.563,2266,0
2009-11-24,43.597,43.634,43.589,43.634,12876,0
2009-11-25,43.653,43.653,43.624,43.634,17723,0
2009-11-27,43.69,43.699,43.69,43.699,680,0
2009-11-30,43.716,43.777,43.716,43.777,2663,0
2009-12-01,43.767,43.767,43.699,43.699,4929,0
2009-12-02,43.671,43.699,43.653,43.653,5507,0
2009-12-03,43.607,43.707,43.597,43.607,65053,0
2009-12-04,43.531,43.563,43.486,43.563,2793,0
2009-12-07,43.597,43.653,43.597,43.653,4164,0
2009-12-08,43.671,43.69,43.661,43.69,28249,0
2009-12-09,43.661,43.699,43.661,43.661,30840,0
2009-12-10,43.607,43.643,43.607,43.624,2238,0
2009-12-11,43.563,43.597,43.563,43.597,732,0
2009-12-14,43.589,43.615,43.582,43.582,2547,0
2009-12-15,43.513,43.531,43.44,43.513,6837,0
2009-12-16,43.549,43.549,43.486,43.54,5651,0
2009-12-17,43.615,43.68,43.615,43.68,3187,0
2009-12-18,43.556,43.563,43.556,43.563,18347,0
2009-12-21,43.624,43.624,43.398,43.398,8893,0
2009-12-22,43.33,43.347,43.275,43.275,6146,0
2009-12-23,43.265,43.338,43.265,43.338,1588,0
2009-12-24,43.187,43.196,43.132,43.169,3629,0
2009-12-28,43.169,43.169,43.051,43.061,466,0
2009-12-29,43.132,43.14,43.132,43.14,999,0
2009-12-30,43.15,43.159,43.15,43.159,533,0
2009-12-31,43.061,43.08,43.041,43.041,3366,0
2010-01-04,43.169,43.177,43.169,43.177,839,0
2010-01-05,43.257,43.275,43.239,43.275,854,0
2010-01-06,43.338,43.338,43.257,43.275,36807,0
2010-01-07,43.311,43.33,43.284,43.292,104631,0
2010-01-11,43.292,43.365,43.292,43.33,4874,0
2010-01-12,43.415,43.458,43.405,43.449,61588,0
2010-01-13,43.357,43.422,43.357,43.405,61577,0
2010-01-14,43.382,43.405,43.382,43.398,1031,0
2010-01-15,43.467,43.572,43.467,43.556,4565,0
2010-01-19,43.563,43.563,43.505,43.549,8713,0
2010-01-20,43.572,43.597,43.54,43.582,8190,0
2010-01-21,43.589,43.634,43.589,43.624,7080,0
2010-01-22,43.607,43.607,43.572,43.582,5446,0
2010-01-25,43.572,43.582,43.572,43.582,1152,0
2010-01-26,43.634,43.653,43.597,43.597,1067,0
2010-01-27,43.634,43.634,43.634,43.634,271,0
2010-01-28,43.572,43.643,43.572,43.643,5308,0
2010-01-29,43.582,43.582,43.582,43.582,231,0
2010-02-01,43.597,43.597,43.523,43.582,10354,0
2010-02-02,43.572,43.589,43.549,43.549,2343,0
2010-02-03,43.563,43.563,43.549,43.556,3395,0
2010-02-04,43.549,43.661,43.549,43.661,453,0
2010-02-05,43.699,43.734,43.68,43.716,2376,0
2010-02-08,43.68,43.68,43.68,43.68,576,0
2010-02-09,43.68,43.68,43.661,43.661,2463,0
2010-02-10,43.643,43.653,43.589,43.597,1916,0
2010-02-11,43.531,43.54,43.486,43.505,1310,0
2010-02-12,43.549,43.549,43.54,43.549,2042,0
2010-02-16,43.495,43.582,43.495,43.563,6706,0
2010-02-17,43.69,43.69,43.495,43.505,1795,0
2010-02-18,43.513,43.513,43.422,43.44,5656,0
2010-02-19,43.398,43.422,43.398,43.422,6688,0
2010-02-22,43.432,43.495,43.432,43.495,3170,0
2010-02-23,43.549,43.597,43.549,43.597,5998,0
2010-02-24,43.582,43.582,43.54,43.549,1437,0
2010-02-25,43.54,43.582,43.54,43.549,6322,0
2010-02-26,43.405,43.476,43.405,43.449,4625,0
2010-03-01,43.405,43.486,43.405,43.458,2072,0
2010-03-02,43.449,43.458,43.449,43.458,680,0
2010-03-03,43.582,43.634,43.582,43.634,2529,0
2010-03-04,43.68,43.68,43.661,43.68,1195,0
2010-03-05,43.653,43.653,43.597,43.643,4321,0
2010-03-08,43.624,43.653,43.624,43.653,3242,0
2010-03-09,43.69,43.699,43.671,43.69,4912,0
2010-03-10,43.597,43.68,43.589,43.671,5830,0
2010-03-11,43.624,43.653,43.597,43.643,34111,0
2010-03-12,43.653,43.699,43.643,43.699,10237,0
2010-03-15,43.68,43.699,43.68,43.699,2636,0
2010-03-16,43.68,43.858,43.68,43.858,26678,0
2010-03-17,43.734,43.76,43.699,43.76,7172,0
2010-03-18,43.716,43.725,43.716,43.725,576,0
2010-03-19,43.734,43.777,43.734,43.777,2296,0
2010-03-22,43.815,43.832,43.806,43.832,24198,0
2010-03-23,43.824,43.923,43.824,43.923,11604,0
2010-03-24,43.877,43.877,43.69,43.69,3782,0
2010-03-25,43.563,43.634,43.563,43.634,1689,0
2010-03-26,43.671,43.716,43.531,43.556,37975,0
2010-03-29,43.589,43.624,43.549,43.572,2778,0
2010-03-30,43.589,43.607,43.476,43.589,4065,0
2010-03-31,43.432,43.513,43.405,43.486,1844,0
2010-04-01,43.467,43.486,43.405,43.486,1587,0
2010-04-05,43.415,43.415,43.365,43.365,1828,0
2010-04-06,43.33,43.365,43.284,43.365,2015,0
2010-04-07,43.467,43.563,43.398,43.476,3437,0
2010-04-08,43.54,43.563,43.54,43.563,204,0
2010-04-09,43.405,43.405,43.405,43.405,523,0
2010-04-12,43.597,43.68,43.513,43.615,3453,0
2010-04-13,43.68,43.68,43.607,43.624,1863,0
2010-04-14,43.661,43.661,43.486,43.486,3580,0
2010-04-15,43.589,43.624,43.505,43.513,11757,0
2010-04-16,43.699,43.699,43.563,43.607,1402,0
2010-04-19,43.589,43.643,43.589,43.597,7952,0
2010-04-20,43.582,43.597,43.449,43.597,8992,0
2010-04-21,43.523,43.68,43.495,43.549,29630,0
2010-04-22,43.582,43.582,43.458,43.458,24557,0
2010-04-23,43.491,43.568,43.491,43.568,769,0
2010-04-26,43.634,43.634,43.572,43.597,2691,0
2010-04-27,43.734,43.734,43.69,43.716,1220,0
2010-04-28,43.634,43.75,43.495,43.523,6481,0
2010-04-29,43.734,43.734,43.582,43.624,5376,0
2010-04-30,43.653,43.725,43.572,43.615,13859,0
2010-05-03,43.661,43.68,43.54,43.634,12527,0
2010-05-04,43.767,43.767,43.634,43.69,1802,0
2010-05-05,43.716,43.832,43.284,43.725,30617,0
2010-05-06,43.913,46.214,43.913,46.214,1005,0
2010-05-07,43.796,43.885,43.796,43.867,2119,0
2010-05-10,43.963,43.963,43.75,43.75,2104,0
2010-05-11,43.734,43.815,43.734,43.777,50324,0
2010-05-12,43.849,43.858,43.841,43.858,2285,0
2010-05-13,43.941,43.941,43.923,43.923,821,0
2010-05-14,44.008,44.027,43.954,43.954,6515,0
2010-05-17,44.154,44.154,44.017,44.017,4211,0
2010-05-18,43.991,44.093,43.991,44.085,6199,0
2010-05-19,44.042,44.101,44.027,44.101,4556,0
2010-05-20,44.398,44.398,44.077,44.101,5649,0
2010-05-21,44.173,44.262,44.129,44.226,4132,0
2010-05-24,44.207,44.207,44.027,44.068,3006,0
2010-05-25,44.226,44.234,44.077,44.154,37014,0
2010-05-26,44.252,44.252,44.068,44.068,2201,0
2010-05-27,44.111,44.139,43.982,44.101,2628,0
2010-05-28,44.068,44.085,44.068,44.077,1107,0
2010-06-01,43.973,44.093,43.973,44.085,1709,0
2010-06-02,44.139,44.139,44.12,44.129,1040,0
2010-06-03,44.059,44.147,44.034,44.147,49892,0
2010-06-04,44.244,44.296,44.226,44.296,3060,0
2010-06-07,44.296,44.304,44.226,44.296,1479,0
2010-06-08,44.351,44.36,44.278,44.296,1656,0
2010-06-09,44.234,44.234,44.234,44.234,458,0
2010-06-10,44.252,44.252,44.085,44.085,2787,0
2010-06-11,44.182,44.304,44.182,44.304,2800,0
2010-06-14,44.252,44.304,44.216,44.304,2913,0
2010-06-15,44.207,44.304,44.19,44.19,468271,0
2010-06-16,44.216,44.288,44.216,44.278,809,0
2010-06-17,44.379,44.406,44.323,44.406,4009,0
2010-06-18,44.332,44.432,44.332,44.415,12557,0
2010-06-21,44.415,44.423,44.304,44.423,4983,0
2010-06-22,44.448,44.485,44.438,44.475,1579,0
2010-06-23,44.548,44.557,44.485,44.557,11103,0
2010-06-24,44.52,44.52,44.448,44.457,10669,0
2010-06-25,44.485,44.548,44.457,44.53,1185,0
2010-06-28,44.636,44.636,44.548,44.628,2276,0
2010-06-29,44.662,44.662,44.574,44.574,3862,0
2010-06-30,44.422,44.474,44.422,44.465,1611,0
2010-07-01,44.406,44.475,44.406,44.475,19242,0
2010-07-02,44.438,44.448,44.438,44.438,2537,0
2010-07-06,44.438,44.513,44.438,44.513,4699,0
2010-07-07,44.513,44.513,44.475,44.485,2813,0
2010-07-08,44.485,44.539,44.485,44.53,4822,0
2010-07-09,44.557,44.557,44.557,44.557,102,0
2010-07-12,44.574,44.608,44.513,44.599,66212,0
2010-07-13,44.574,47.204,44.485,44.574,34183,0
2010-07-14,44.599,44.662,44.557,44.662,2802,0
2010-07-15,44.662,44.697,44.644,44.644,21195,0
2010-07-16,44.716,44.716,44.716,44.716,259,0
2010-07-19,44.671,44.681,44.608,44.644,15554,0
2010-07-20,44.707,44.707,44.599,44.654,6256,0
2010-07-21,44.662,44.723,44.599,44.723,9006,0
2010-07-22,44.732,44.732,44.628,44.707,5259,0
2010-07-23,44.741,44.75,44.732,44.732,8846,0
2010-07-26,44.772,44.772,44.75,44.765,3184,0
2010-07-27,44.716,44.782,44.697,44.772,3599,0
2010-07-28,44.791,44.81,44.723,44.81,3037,0
2010-07-29,44.772,44.853,44.723,44.8,31883,0
2010-07-30,44.697,44.757,44.697,44.757,6945,0
2010-08-02,44.697,44.697,44.599,44.681,6601,0
2010-08-03,44.716,44.75,44.688,44.741,22069,0
2010-08-04,44.732,44.741,44.716,44.716,1502,0
2010-08-05,44.681,44.75,44.681,44.723,38960,0
2010-08-06,44.75,44.765,44.732,44.75,3138,0
2010-08-09,44.741,44.75,44.697,44.741,7275,0
2010-08-10,44.757,44.791,44.723,44.791,2692,0
2010-08-11,44.741,44.741,44.662,44.741,47733,0
2010-08-12,44.599,44.671,44.599,44.628,2365,0
2010-08-13,44.654,44.688,44.654,44.688,2067,0
2010-08-16,44.75,44.757,44.688,44.688,9235,0
2010-08-17,44.671,44.688,44.608,44.654,9626,0
2010-08-18,44.599,44.618,44.52,44.52,4943,0
2010-08-19,44.485,44.608,44.485,44.608,6899,0
2010-08-20,44.548,44.574,44.503,44.539,6332,0
2010-08-23,45.308,45.308,45.272,45.29,5162,0
2010-08-24,45.234,45.317,45.11,45.317,20221,0
2010-08-25,45.361,45.403,45.317,45.326,6281,0
2010-08-26,45.386,45.403,45.37,45.403,4138,0
2010-08-27,45.37,45.393,45.317,45.351,4697,0
2010-08-30,45.37,45.455,45.37,45.438,3046,0
2010-08-31,45.303,45.416,45.303,45.416,6745,0
2010-09-01,45.37,45.37,45.317,45.351,3633,0
2010-09-02,45.343,45.343,45.28,45.334,5482,0
2010-09-03,45.215,45.298,45.215,45.298,24638,0
2010-09-07,45.386,45.386,45.298,45.386,34560,0
2010-09-08,45.334,45.361,45.272,45.326,12950,0
2010-09-09,45.253,45.272,45.224,45.224,6738,0
2010-09-10,45.189,45.234,45.12,45.224,16227,0
2010-09-13,44.986,45.28,44.986,45.272,10535,0
2010-09-14,45.234,45.272,45.215,45.262,1865,0
2010-09-15,45.173,45.253,45.173,45.234,5383,0
2010-09-16,45.189,45.189,45.165,45.173,4053,0
2010-09-17,45.083,45.206,45.083,45.165,10072,0
2010-09-20,45.046,45.181,45.029,45.11,42497,0
2010-09-21,45.215,45.28,45.165,45.272,4484,0
2010-09-22,45.181,45.272,45.181,45.253,7304,0
2010-09-23,45.272,45.272,45.173,45.206,8082,0
2010-09-24,45.165,45.189,45.066,45.148,35414,0
2010-09-27,45.206,45.234,45.12,45.234,3144,0
2010-09-28,45.199,45.272,45.199,45.243,1841,0
2010-09-29,45.28,45.28,45.181,45.206,7222,0
2010-09-30,45.175,45.209,45.005,45.209,7099,0
2010-10-01,45.206,45.234,45.12,45.224,4438,0
2010-10-04,45.28,45.308,45.224,45.224,12391,0
2010-10-05,45.224,45.326,45.224,45.308,2428,0
2010-10-06,45.262,45.326,45.262,45.326,866,0
2010-10-07,45.351,45.429,45.351,45.37,10221,0
2010-10-08,45.481,45.63,45.481,45.56,9035,0
2010-10-11,45.544,45.544,45.403,45.525,4759,0
2010-10-12,45.438,45.579,45.438,45.57,3204,0
2010-10-13,45.553,45.64,45.499,45.63,4555,0
2010-10-14,45.621,45.647,45.393,45.393,12713,0
2010-10-15,45.579,45.579,45.377,45.499,23503,0
2010-10-18,45.411,45.605,45.411,45.605,1424,0
2010-10-19,45.49,45.655,45.49,45.655,5126,0
2010-10-20,45.621,45.755,45.605,45.728,7705,0
2010-10-21,45.621,45.755,45.621,45.755,3323,0
2010-10-22,45.736,45.79,45.709,45.728,2155,0
2010-10-25,45.69,45.772,45.69,45.69,3828,0
2010-10-26,45.621,45.719,45.597,45.7,9663,0
2010-10-27,45.544,45.719,45.544,45.682,4863,0
2010-10-28,45.728,45.728,45.647,45.673,2479,0
2010-10-29,45.695,45.695,45.668,45.677,4936,0
2010-11-01,45.673,45.69,45.63,45.64,3056,0
2010-11-02,45.682,45.69,45.673,45.69,5462,0
2010-11-03,45.8,46.021,45.455,45.719,20695,0
2010-11-04,45.916,45.916,45.762,45.881,3151,0
2010-11-05,45.862,45.862,45.605,45.772,9796,0
2010-11-08,45.809,45.809,45.736,45.772,6393,0
2010-11-09,45.673,45.673,45.446,45.544,4629,0
2010-11-10,45.455,45.597,45.438,45.438,6140,0
2010-11-11,45.438,45.57,45.403,45.481,10334,0
2010-11-12,45.57,45.57,45.429,45.455,4685,0
2010-11-15,45.429,45.429,45.351,45.386,4939,0
2010-11-16,45.326,45.411,45.253,45.253,3315,0
2010-11-17,45.42,45.42,45.361,45.361,4558,0
2010-11-18,45.517,45.517,45.446,45.499,6888,0
2010-11-19,45.472,45.56,45.472,45.56,868,0
2010-11-22,45.682,45.7,45.63,45.64,10390,0
2010-11-23,45.762,45.762,45.663,45.663,6848,0
2010-11-24,45.64,45.64,45.525,45.544,4946,0
2010-11-26,45.465,45.481,45.361,45.481,500,0
2010-11-29,45.534,45.534,45.481,45.517,1151,0
2010-11-30,45.514,45.514,45.373,45.39,7674,0
2010-12-01,45.253,45.262,45.075,45.128,28367,0
2010-12-02,45.075,45.165,45.029,45.165,4372,0
2010-12-03,45.317,45.317,45.11,45.11,3121,0
2010-12-06,45.465,45.465,45.234,45.234,3083,0
2010-12-07,45.199,45.206,45.075,45.075,2127,0
2010-12-08,44.898,45.012,44.844,45.012,5471,0
2010-12-09,44.916,45.083,44.888,44.898,14100,0
2010-12-10,44.986,44.986,44.791,44.853,3836,0
2010-12-13,44.716,45.012,44.716,44.986,4917,0
2010-12-14,44.819,44.898,44.757,44.791,19478,0
2010-12-15,44.834,44.844,44.52,44.52,5878,0
2010-12-16,44.663,45.607,44.438,44.723,5507,0
2010-12-17,44.871,44.994,44.853,44.96,3587,0
2010-12-20,44.593,45.138,44.593,44.907,1432,0
2010-12-21,45.083,45.165,45.003,45.157,8459,0
2010-12-22,45.157,45.189,44.977,45.189,11888,0
2010-12-23,45.165,45.165,44.925,45.056,4613,0
2010-12-27,44.226,44.304,44.182,44.304,6216,0
2010-12-28,44.278,44.278,44.147,44.163,20446,0
2010-12-29,44.08,44.293,44.054,44.293,4115,0
2010-12-30,44.311,44.311,44.089,44.232,3608,0
2010-12-31,44.289,44.43,44.28,44.394,5381,0
2011-01-03,44.351,44.457,44.351,44.457,4847,0
2011-01-04,44.379,44.438,44.323,44.406,7573,0
2011-01-05,44.369,44.369,44.163,44.234,17687,0
2011-01-06,44.262,44.296,44.154,44.288,9186,0
2011-01-07,44.379,44.485,44.342,44.457,7355,0
2011-01-10,44.457,44.503,44.388,44.503,14155,0
2011-01-11,44.503,44.503,44.369,44.423,10871,0
2011-01-12,44.199,44.398,44.199,44.398,6300,0
2011-01-13,44.388,44.513,44.388,44.513,5612,0
2011-01-14,44.566,44.566,44.415,44.503,8300,0
2011-01-18,44.557,44.557,44.271,44.475,5864,0
2011-01-19,44.475,44.548,44.398,44.457,4880,0
2011-01-20,44.494,44.494,44.323,44.415,12089,0
2011-01-21,44.415,44.485,44.351,44.438,9916,0
2011-01-24,44.342,44.485,44.342,44.485,5173,0
2011-01-25,44.379,44.574,44.379,44.53,3265,0
2011-01-26,44.457,44.457,44.415,44.448,1817,0
2011-01-27,44.398,44.52,44.398,44.485,12353,0
2011-01-28,44.467,44.574,44.457,44.548,10215,0
2011-01-31,44.483,44.519,44.28,44.445,8315,0
2011-02-01,44.379,44.388,44.252,44.369,12092,0
2011-02-02,44.423,44.423,44.234,44.332,19652,0
2011-02-03,44.252,44.323,44.173,44.234,6136,0
2011-02-04,44.147,44.147,43.947,44.101,3687,0
2011-02-07,43.923,44.085,43.923,44.085,3716,0
2011-02-08,43.923,44.042,43.796,43.913,8742,0
2011-02-09,43.923,44.593,43.671,43.991,19842,0
2011-02-10,44.093,44.093,43.75,43.895,9565,0
2011-02-11,44.059,44.093,43.796,43.849,4672,0
2011-02-14,43.858,44.173,43.858,44.173,3773,0
2011-02-15,44.173,44.226,43.954,44.216,7456,0
2011-02-16,44.216,44.252,44.182,44.19,4828,0
2011-02-18,44.234,44.314,44.19,44.314,5945,0
2011-02-22,44.398,44.423,44.12,44.423,5601,0
2011-02-23,44.207,44.423,44.207,44.406,9315,0
2011-02-24,44.467,44.494,44.288,44.467,7631,0
2011-02-25,44.423,44.503,44.423,44.485,5601,0
2011-02-28,44.483,44.519,44.386,44.519,6349,0
2011-03-01,44.447,44.584,44.359,44.557,3541,0
2011-03-02,44.52,44.584,44.52,44.52,5133,0
2011-03-03,44.397,44.414,44.378,44.388,3185,0
2011-03-04,44.341,44.599,44.341,44.599,6161,0
2011-03-07,44.75,44.75,44.467,44.574,4742,0
2011-03-08,44.574,44.593,44.36,44.548,12119,0
2011-03-09,44.599,44.609,44.548,44.574,5868,0
2011-03-10,44.574,44.724,44.574,44.724,10367,0
2011-03-11,44.716,44.723,44.438,44.716,6220,0
2011-03-14,44.765,44.801,44.599,44.628,34354,0
2011-03-15,44.854,44.854,44.671,44.671,1927,0
2011-03-16,44.961,44.961,44.707,44.936,5432,0
2011-03-17,44.864,44.899,44.662,44.872,3119,0
2011-03-18,44.654,44.835,44.654,44.835,5170,0
2011-03-21,44.663,44.792,44.574,44.765,11834,0
2011-03-22,44.688,44.688,44.574,44.574,6086,0
2011-03-23,44.574,44.698,44.485,44.681,8004,0
2011-03-24,44.681,44.707,44.494,44.707,15509,0
2011-03-25,44.792,44.792,44.503,44.663,5905,0
2011-03-28,44.609,44.688,44.513,44.654,11667,0
2011-03-29,44.557,44.557,44.332,44.332,8160,0
2011-03-30,44.574,44.618,44.341,44.609,3118,0
2011-03-31,44.692,44.692,44.402,44.445,16270,0
2011-04-01,44.574,44.637,44.287,44.628,20183,0
2011-04-04,44.475,44.707,44.406,44.645,5567,0
2011-04-05,44.681,44.681,44.396,44.627,4988,0
2011-04-06,44.548,44.548,44.475,44.475,2304,0
2011-04-07,44.556,44.556,44.413,44.547,3820,0
2011-04-08,44.485,44.548,44.475,44.539,7155,0
2011-04-11,44.52,44.52,44.341,44.423,1081,0
2011-04-12,44.592,44.636,44.436,44.573,6764,0
2011-04-13,44.574,44.766,44.574,44.766,15695,0
2011-04-14,44.741,44.811,44.628,44.628,7565,0
2011-04-15,44.889,44.899,44.707,44.872,16603,0
2011-04-18,44.889,44.988,44.724,44.978,22992,0
2011-04-19,44.766,45.031,44.766,44.881,5843,0
2011-04-20,44.835,44.988,44.835,44.936,2181,0
2011-04-21,44.936,45.013,44.936,44.996,15526,0
2011-04-25,45.013,45.058,44.944,44.97,6440,0
2011-04-26,44.978,45.023,44.889,45.023,7783,0
2011-04-27,44.927,44.927,44.662,44.783,5699,0
2011-04-28,45.023,45.023,44.944,44.962,14202,0
2011-04-29,45.041,45.096,45.024,45.07,26332,0
2011-05-02,45.023,45.077,45.023,45.058,11159,0
2011-05-03,45.094,45.151,45.031,45.141,4379,0
2011-05-04,45.113,45.183,45.049,45.103,3548,0
2011-05-05,45.257,45.285,45.193,45.257,1953,0
2011-05-06,45.275,45.372,45.256,45.302,12928,0
2011-05-09,45.372,45.397,45.293,45.38,12755,0
2011-05-10,45.38,45.38,45.192,45.321,9593,0
2011-05-11,45.184,45.356,45.085,45.176,65380,0
2011-05-12,45.15,45.355,45.15,45.175,18030,0
2011-05-13,45.193,45.398,45.193,45.373,6637,0
2011-05-16,45.218,45.397,45.218,45.397,2072,0
2011-05-17,45.38,45.503,45.355,45.355,3630,0
2011-05-18,45.328,45.397,45.311,45.311,5431,0
2011-05-19,45.415,45.503,45.321,45.433,5625,0
2011-05-20,45.557,45.557,45.486,45.549,2727,0
2011-05-23,45.485,45.565,45.372,45.442,3536,0
2011-05-24,45.328,45.586,45.328,45.46,2417,0
2011-05-25,45.541,45.646,45.531,45.531,5150,0
2011-05-26,45.293,45.557,45.293,45.557,10975,0
2011-05-27,45.356,45.549,45.321,45.321,2430,0
2011-05-31,45.557,45.567,45.477,45.567,4101,0
2011-06-01,45.646,45.726,45.566,45.566,1058,0
2011-06-02,45.522,45.726,45.522,45.707,5316,0
2011-06-03,45.816,45.825,45.611,45.77,10294,0
2011-06-06,45.707,45.799,45.707,45.789,5258,0
2011-06-07,45.759,45.831,45.624,45.831,3203,0
2011-06-08,45.887,45.904,45.877,45.877,2758,0
2011-06-09,45.713,45.822,45.592,45.75,6023,0
2011-06-10,45.78,45.807,45.594,45.743,7301,0
2011-06-13,45.689,45.697,45.594,45.697,4103,0
2011-06-14,45.679,45.679,45.478,45.637,8451,0
2011-06-15,45.697,45.707,45.652,45.689,1865,0
2011-06-16,45.691,45.691,45.497,45.559,3172,0
2011-06-17,45.649,45.694,45.617,45.694,6347,0
2011-06-20,45.637,45.671,45.496,45.661,3861,0
2011-06-21,45.652,45.652,45.611,45.611,1234,0
2011-06-22,45.77,45.78,45.77,45.78,832,0
2011-06-23,45.617,45.877,45.617,45.84,8005,0
2011-06-24,45.658,45.796,45.649,45.686,1989,0
2011-06-27,45.759,45.831,45.599,45.74,4726,0
2011-06-28,45.643,45.658,45.5,45.563,21303,0
2011-06-29,45.611,45.611,45.39,45.416,7473,0
2011-06-30,45.578,45.578,45.442,45.551,3773,0
2011-07-01,45.474,45.564,45.43,45.511,59138,0
2011-07-05,45.573,45.635,45.457,45.635,12764,0
2011-07-06,46.416,46.416,45.588,45.63,6502,0
2011-07-07,45.705,45.705,45.394,45.564,5249,0
2011-07-08,45.474,45.687,45.474,45.547,19314,0
2011-07-11,45.723,45.767,45.572,45.759,17670,0
2011-07-12,45.724,45.741,45.583,45.705,25249,0
2011-07-13,45.74,45.868,45.713,45.822,10102,0
2011-07-14,45.831,45.896,45.822,45.822,4501,0
2011-07-15,45.668,45.897,45.668,45.695,3142,0
2011-07-18,45.786,45.84,45.649,45.786,12675,0
2011-07-19,45.756,45.865,45.613,45.865,8262,0
2011-07-20,45.713,45.887,45.713,45.831,10027,0
2011-07-21,45.887,45.887,45.667,45.804,7431,0
2011-07-22,45.687,45.897,45.677,45.677,16191,0
2011-07-25,45.804,45.896,45.713,45.75,10817,0
2011-07-26,45.92,45.938,45.729,45.763,4473,0
2011-07-27,45.537,45.887,45.537,45.592,11216,0
2011-07-28,45.746,45.763,45.663,45.763,11221,0
2011-07-29,45.803,45.886,45.664,45.886,14603,0
2011-08-01,45.805,46.03,45.805,45.995,111460,0
2011-08-02,45.915,46.182,45.915,46.154,95555,0
2011-08-03,46.207,46.253,46.115,46.143,13276,0
2011-08-04,46.293,46.345,46.22,46.22,5818,0
2011-08-05,46.262,46.321,46.107,46.243,7820,0
2011-08-08,46.065,46.304,46.056,46.207,5999,0
2011-08-09,45.968,46.619,45.968,46.546,11742,0
2011-08-10,46.466,46.796,46.466,46.761,7451,0
2011-08-11,46.796,46.866,46.752,46.788,10335,0
2011-08-12,46.803,46.847,46.589,46.777,9904,0
2011-08-15,46.744,46.761,46.484,46.484,4330,0
2011-08-16,46.744,46.761,46.494,46.494,10847,0
2011-08-17,46.884,46.884,46.529,46.752,8911,0
2011-08-18,46.647,46.884,46.592,46.796,2678,0
2011-08-19,46.617,46.838,46.572,46.742,14846,0
2011-08-22,46.681,46.717,46.494,46.601,6995,0
2011-08-23,46.611,46.647,46.51,46.611,12055,0
2011-08-24,46.574,46.574,46.418,46.418,13795,0
2011-08-25,46.401,46.546,46.355,46.382,28139,0
2011-08-26,46.544,46.599,46.444,46.508,4382,0
2011-08-29,46.399,46.399,46.25,46.345,2573,0
2011-08-30,46.517,46.517,46.327,46.399,11374,0
2011-08-31,46.612,46.612,46.38,46.575,12109,0
2011-09-01,46.617,46.626,46.482,46.508,5826,0
2011-09-02,46.674,46.71,46.5,46.701,4714,0
2011-09-06,46.73,46.835,46.614,46.693,12544,0
2011-09-07,46.739,46.748,46.605,46.675,28828,0
2011-09-08,46.73,46.73,46.649,46.693,6368,0
2011-09-09,46.733,46.777,46.626,46.777,24357,0
2011-09-12,46.714,46.786,46.608,46.705,5533,0
2011-09-13,46.759,46.83,46.608,46.705,9218,0
2011-09-14,46.635,46.768,46.617,46.724,9038,0
2011-09-15,46.696,46.696,46.67,46.67,9222,0
2011-09-16,46.641,46.721,46.605,46.623,8012,0
2011-09-19,46.873,46.873,46.67,46.696,10101,0
2011-09-20,46.759,46.768,46.696,46.751,10653,0
2011-09-21,46.812,46.856,46.635,46.644,36509,0
2011-09-22,47,47,46.786,46.821,9128,0
2011-09-23,46.962,47.007,46.685,46.775,3756,0
2011-09-26,46.589,46.768,46.544,46.563,54009,0
2011-09-27,46.554,46.554,46.434,46.526,16838,0
2011-09-28,46.424,46.424,46.301,46.318,9060,0
2011-09-29,46.416,46.416,46.275,46.37,10615,0
2011-09-30,46.432,46.534,46.297,46.471,36745,0
2011-10-03,46.341,46.659,46.341,46.596,151042,0
2011-10-04,46.575,46.647,46.466,46.584,45578,0
2011-10-05,46.754,46.754,46.372,46.427,32220,0
2011-10-06,46.436,46.475,46.319,46.319,11449,0
2011-10-07,46.403,46.403,46.192,46.323,41460,0
2011-10-10,46.675,46.675,46.074,46.209,35328,0
2011-10-11,46.323,46.366,46.201,46.357,10220,0
2011-10-12,46.514,46.514,46.289,46.45,11004,0
2011-10-13,46.43,46.569,46.236,46.395,48246,0
2011-10-14,46.401,46.409,46.347,46.347,12640,0
2011-10-17,46.226,46.46,46.226,46.44,6727,0
2011-10-18,46.541,46.541,46.43,46.469,29894,0
2011-10-19,46.45,46.514,46.289,46.469,6227,0
2011-10-20,46.569,46.667,46.341,46.514,8600,0
2011-10-21,46.565,46.565,46.302,46.312,16222,0
2011-10-24,46.569,46.569,46.236,46.236,9343,0
2011-10-25,46.34,46.45,46.305,46.45,19486,0
2011-10-26,46.412,46.578,46.376,46.421,6196,0
2011-10-27,46.385,46.385,46.192,46.226,32373,0
2011-10-28,46.312,46.456,46.268,46.362,6507,0
2011-10-31,46.627,46.646,46.386,46.507,10367,0
2011-11-01,46.641,46.694,46.45,46.668,3071,0
2011-11-02,46.656,46.708,46.647,46.69,7001,0
2011-11-03,46.633,46.668,46.523,46.596,7221,0
2011-11-04,46.71,46.71,46.465,46.648,15100,0
2011-11-07,46.629,46.69,46.611,46.666,6150,0
2011-11-08,46.647,46.647,46.575,46.62,12125,0
2011-11-09,46.65,46.712,46.469,46.569,39342,0
2011-11-10,46.614,46.614,46.395,46.496,7249,0
2011-11-11,46.44,46.551,46.44,46.504,8122,0
2011-11-14,46.565,46.565,46.294,46.51,35156,0
2011-11-15,46.557,46.575,46.372,46.446,14336,0
2011-11-16,46.638,46.708,46.537,46.537,20725,0
2011-11-17,46.699,46.708,46.537,46.699,21873,0
2011-11-18,46.532,46.586,46.514,46.551,11590,0
2011-11-21,46.592,46.682,46.475,46.5,18299,0
2011-11-22,46.638,46.666,46.484,46.494,31141,0
2011-11-23,46.417,46.584,46.417,46.51,72229,0
2011-11-25,46.65,46.66,46.496,46.523,12849,0
2011-11-28,46.305,46.569,46.305,46.551,5622,0
2011-11-29,46.532,46.641,46.532,46.623,41214,0
2011-11-30,46.687,46.752,46.608,46.617,56059,0
2011-12-01,46.614,46.614,46.514,46.606,11325,0
2011-12-02,46.633,46.641,46.469,46.523,43002,0
2011-12-05,46.65,46.668,46.541,46.641,12255,0
2011-12-06,46.712,46.722,46.605,46.685,7896,0
2011-12-07,46.764,48.871,46.648,46.834,170412,0
2011-12-08,46.899,49.243,46.853,46.944,273338,0
2011-12-09,46.908,46.917,46.844,46.853,34287,0
2011-12-12,46.927,46.927,46.793,46.793,24717,0
2011-12-13,46.901,46.99,46.846,46.881,43288,0
2011-12-14,46.955,47.01,46.945,46.982,15751,0
2011-12-15,47,47.019,46.918,46.918,27957,0
2011-12-16,47.124,47.124,46.827,46.827,55659,0
2011-12-19,46.793,46.982,46.793,46.964,12868,0
2011-12-20,47.316,47.316,46.864,46.982,14651,0
2011-12-21,46.945,46.945,46.855,46.881,22974,0
2011-12-22,46.808,46.908,46.782,46.827,36941,0
2011-12-23,46.954,46.954,46.808,46.87,8293,0
2011-12-27,46.87,46.88,46.683,46.754,12403,0
2011-12-28,46.808,46.88,46.648,46.88,30628,0
2011-12-29,46.89,46.935,46.808,46.935,29423,0
2011-12-30,46.945,47.01,46.834,46.964,64474,0
2012-01-03,46.981,46.999,46.853,46.917,177663,0
2012-01-04,46.999,47.061,46.963,47.027,28472,0
2012-01-05,47.078,47.078,46.989,46.989,9512,0
2012-01-06,47.036,47.061,46.963,47.027,20150,0
2012-01-09,46.981,47.124,46.981,47.124,35068,0
2012-01-10,47.114,47.143,47.045,47.095,17154,0
2012-01-11,47.117,47.154,47.048,47.127,23379,0
2012-01-12,47.173,47.173,47.117,47.117,26321,0
2012-01-13,47.192,47.219,47.164,47.164,35738,0
2012-01-17,47.217,47.235,47.125,47.2,31664,0
2012-01-18,47.179,47.215,47.114,47.114,50581,0
2012-01-19,47.225,47.225,47.114,47.143,15167,0
2012-01-20,47.182,47.182,47.012,47.137,34779,0
2012-01-23,47.088,47.095,47.069,47.078,37763,0
2012-01-24,47.088,47.133,47.027,47.061,43826,0
2012-01-25,47.088,47.207,47.036,47.088,21747,0
2012-01-26,47.179,47.215,47.17,47.179,21202,0
2012-01-27,47.209,47.219,47.107,47.182,37983,0
2012-01-30,47.182,47.209,47.081,47.081,109489,0
2012-01-31,47.163,47.163,47,47.136,48937,0
2012-02-01,47.048,47.154,47.002,47.137,41366,0
2012-02-02,47.03,47.227,47.03,47.182,28392,0
2012-02-03,47.262,47.272,47.182,47.237,30761,0
2012-02-06,47.209,47.227,47.038,47.219,29808,0
2012-02-07,47.243,47.243,47.162,47.2,28686,0
2012-02-08,47.225,47.225,47.143,47.19,20021,0
2012-02-09,47.207,47.217,47.07,47.115,39402,0
2012-02-10,47.07,47.2,47.054,47.143,11031,0
2012-02-13,47.137,47.182,47.117,47.137,33705,0
2012-02-14,47.201,47.227,47.144,47.192,38838,0
2012-02-15,47.219,47.348,47.192,47.219,50592,0
2012-02-16,47.253,47.253,47.137,47.192,21274,0
2012-02-17,47.134,47.19,47.125,47.171,15531,0
2012-02-21,47.173,47.192,47.127,47.144,65554,0
2012-02-22,47.162,47.299,47.096,47.2,40277,0
2012-02-23,47.219,47.329,47.137,47.182,28782,0
2012-02-24,47.143,47.235,47.134,47.171,37012,0
2012-02-27,47.134,47.26,47.134,47.217,28671,0
2012-02-28,47.235,47.26,47.19,47.207,14634,0
2012-02-29,47.251,47.251,47.087,47.114,56944,0
2012-03-01,47.162,47.18,47.115,47.18,39252,0
2012-03-02,47.189,47.225,47.161,47.199,29657,0
2012-03-05,47.207,47.207,47.125,47.171,30467,0
2012-03-06,47.199,47.207,47.124,47.189,21620,0
2012-03-07,47.151,47.207,47.104,47.199,13669,0
2012-03-08,47.17,47.225,47.151,47.215,35397,0
2012-03-09,47.162,47.19,47.105,47.18,29072,0
2012-03-12,47.243,47.27,47.162,47.217,21511,0
2012-03-13,47.217,47.217,47.125,47.171,29615,0
2012-03-14,47.18,47.18,47.045,47.045,16633,0
2012-03-15,47.019,47.134,47.019,47.125,45134,0
2012-03-16,47.105,47.18,47.061,47.162,34384,0
2012-03-19,47.152,47.162,47.028,47.036,23376,0
2012-03-20,47.045,47.115,47.028,47.07,17890,0
2012-03-21,47.079,47.207,47.061,47.115,8241,0
2012-03-22,47.207,47.235,47.162,47.162,16321,0
2012-03-23,47.189,47.215,47.133,47.199,53937,0
2012-03-26,47.2,47.217,47.162,47.217,26754,0
2012-03-27,47.207,47.289,47.207,47.243,16572,0
2012-03-28,47.252,47.252,47.18,47.19,27348,0
2012-03-29,47.18,47.26,47.18,47.252,69389,0
2012-03-30,47.359,47.359,47.154,47.154,29063,0
2012-04-02,47.443,47.443,47.133,47.17,413820,0
2012-04-03,47.319,47.319,47.088,47.088,17993,0
2012-04-04,47.237,47.237,47.126,47.182,70818,0
2012-04-05,47.272,47.3,47.201,47.253,20024,0
2012-04-09,47.443,47.451,47.407,47.434,56884,0
2012-04-10,47.425,47.517,47.425,47.451,38010,0
2012-04-11,47.364,47.434,47.346,47.416,70874,0
2012-04-12,47.48,47.48,47.388,47.416,20762,0
2012-04-13,47.451,47.533,47.443,47.471,25803,0
2012-04-16,47.533,47.562,47.471,47.471,13150,0
2012-04-17,47.544,47.544,47.381,47.452,39843,0
2012-04-18,47.49,47.507,47.425,47.434,21603,0
2012-04-19,47.49,47.517,47.443,47.499,26609,0
2012-04-20,47.51,47.51,47.445,47.464,28499,0
2012-04-23,47.461,47.507,47.461,47.49,40410,0
2012-04-24,47.499,47.499,47.451,47.461,30386,0
2012-04-25,47.461,47.49,47.443,47.48,26273,0
2012-04-26,47.562,47.562,47.407,47.451,33529,0
2012-04-27,47.483,47.546,47.454,47.483,14812,0
2012-04-30,47.521,47.529,47.43,47.466,180975,0
2012-05-01,47.636,47.636,47.462,47.553,26967,0
2012-05-02,47.602,47.602,47.51,47.546,18517,0
2012-05-03,47.609,47.618,47.526,47.573,32195,0
2012-05-04,47.619,47.619,47.593,47.602,27415,0
2012-05-07,47.629,47.648,47.593,47.648,19653,0
2012-05-08,47.585,47.708,47.585,47.656,38337,0
2012-05-09,47.6,47.618,47.526,47.6,19404,0
2012-05-10,47.609,47.609,47.526,47.526,19573,0
2012-05-11,47.593,47.593,47.546,47.585,12346,0
2012-05-14,47.593,47.593,47.555,47.585,29334,0
2012-05-15,47.611,47.611,47.555,47.555,27619,0
2012-05-16,47.619,47.648,47.565,47.638,49070,0
2012-05-17,47.648,47.656,47.575,47.648,15190,0
2012-05-18,47.664,47.736,47.585,47.611,43062,0
2012-05-21,47.692,47.692,47.555,47.575,29984,0
2012-05-22,47.619,47.619,47.536,47.565,29003,0
2012-05-23,47.656,47.656,47.565,47.593,35932,0
2012-05-24,47.593,47.602,47.546,47.575,22802,0
2012-05-25,47.6,47.627,47.544,47.609,19429,0
2012-05-29,47.593,47.593,47.519,47.528,21978,0
2012-05-30,47.51,47.629,47.51,47.629,19069,0
2012-05-31,47.666,47.666,47.585,47.594,20481,0
2012-06-01,47.873,47.873,47.6,47.636,24737,0
2012-06-04,48.247,48.247,47.6,47.6,46712,0
2012-06-05,47.64,47.64,47.577,47.603,11975,0
2012-06-06,47.64,47.64,47.512,47.63,24566,0
2012-06-07,47.547,47.657,47.547,47.64,17554,0
2012-06-08,47.662,47.681,47.627,47.672,17426,0
2012-06-11,47.6,47.655,47.563,47.636,45104,0
2012-06-12,47.609,47.662,47.573,47.646,17685,0
2012-06-13,47.707,47.734,47.672,47.707,24715,0
2012-06-14,47.744,47.744,47.681,47.726,40579,0
2012-06-15,47.726,47.744,47.726,47.726,43331,0
2012-06-18,47.79,47.79,47.707,47.726,58283,0
2012-06-19,47.681,47.752,47.646,47.726,96307,0
2012-06-20,47.216,47.77,47.216,47.699,35263,0
2012-06-21,47.752,47.761,47.681,47.716,32525,0
2012-06-22,47.813,47.813,47.729,47.738,13827,0
2012-06-25,47.761,47.78,47.726,47.726,24058,0
2012-06-26,47.681,47.752,47.681,47.699,16912,0
2012-06-27,47.734,47.78,47.726,47.752,70120,0
2012-06-28,47.79,47.8,47.734,47.77,71939,0
2012-06-29,47.877,47.877,47.72,47.755,31345,0
2012-07-02,47.877,47.877,47.756,47.794,23369,0
2012-07-03,47.868,47.897,47.765,47.897,14610,0
2012-07-05,47.923,47.923,47.774,47.804,10297,0
2012-07-06,47.292,47.951,47.292,47.923,32960,0
2012-07-09,47.951,47.986,47.932,47.969,72608,0
2012-07-10,48.029,48.029,47.897,47.96,17291,0
2012-07-11,47.897,47.995,47.877,47.906,15812,0
2012-07-12,48.225,48.225,47.906,47.951,48233,0
2012-07-13,48.085,48.085,47.914,47.931,55643,0
2012-07-16,48.225,48.225,47.897,47.995,59728,0
2012-07-17,48.085,48.085,47.906,47.941,16887,0
2012-07-18,48.12,48.12,47.923,47.96,13727,0
2012-07-19,48.066,48.066,47.995,48.011,28098,0
2012-07-20,48.049,48.049,48.003,48.049,44291,0
2012-07-23,48.057,48.085,48.029,48.049,33435,0
2012-07-24,48.057,48.066,48.02,48.057,13287,0
2012-07-25,48.112,48.112,48.02,48.057,26775,0
2012-07-26,48.085,48.13,48.029,48.066,18203,0
2012-07-27,48.029,48.076,47.986,48.057,26072,0
2012-07-30,48.021,48.04,47.977,48.04,29590,0
2012-07-31,48.077,48.077,48.03,48.05,24188,0
2012-08-01,48.105,48.105,47.986,48.067,16059,0
2012-08-02,48.141,48.141,47.942,47.952,87843,0
2012-08-03,48.067,48.077,47.977,48.05,36613,0
2012-08-06,48.067,48.067,47.932,48.03,32214,0
2012-08-07,48.05,48.05,47.982,48.03,40464,0
2012-08-08,48.05,48.058,47.961,48.03,38561,0
2012-08-09,48.004,48.058,47.957,48.058,30823,0
2012-08-10,48.067,48.067,47.915,47.915,27824,0
2012-08-13,47.995,48.05,47.915,48.021,77645,0
2012-08-14,48.012,48.012,47.907,47.961,27482,0
2012-08-15,47.898,47.952,47.859,47.924,15302,0
2012-08-16,47.977,48.004,47.851,47.869,27256,0
2012-08-17,47.84,47.97,47.84,47.878,43419,0
2012-08-20,47.942,47.995,47.878,47.878,66733,0
2012-08-21,47.942,48.058,47.821,47.952,27963,0
2012-08-22,48.012,48.012,47.925,47.986,23653,0
2012-08-23,47.924,48.058,47.924,48.04,15889,0
2012-08-24,48.113,48.131,47.961,48.086,78332,0
2012-08-27,48.105,48.113,48.04,48.113,24342,0
2012-08-28,48.04,48.16,48.04,48.16,24894,0
2012-08-29,48.16,48.16,48.004,48.086,41898,0
2012-08-30,48.141,48.141,47.995,48.113,21402,0
2012-08-31,48.161,48.268,48.137,48.268,27266,0
2012-09-04,48.227,48.268,48.17,48.207,256694,0
2012-09-05,48.297,48.297,48.188,48.252,33464,0
2012-09-06,48.252,48.252,48.161,48.244,26498,0
2012-09-07,48.26,48.268,48.179,48.227,31299,0
2012-09-10,48.244,48.252,48.188,48.217,13374,0
2012-09-11,48.234,48.234,48.122,48.17,20829,0
2012-09-12,48.122,48.122,48.068,48.122,18155,0
2012-09-13,48.142,48.268,48.097,48.268,55502,0
2012-09-14,48.373,48.373,48.268,48.297,53167,0
2012-09-17,48.323,48.323,48.26,48.288,87742,0
2012-09-18,48.314,48.314,48.244,48.244,48277,0
2012-09-19,48.244,48.306,48.234,48.244,69052,0
2012-09-20,48.161,48.297,48.161,48.207,47264,0
2012-09-21,48.306,48.333,48.17,48.297,38348,0
2012-09-24,48.437,48.437,48.306,48.306,53723,0
2012-09-25,48.447,48.447,48.306,48.363,24669,0
2012-09-26,48.41,48.447,48.373,48.41,61685,0
2012-09-27,48.4,48.4,48.306,48.353,48953,0
2012-09-28,48.383,48.383,48.289,48.353,22053,0
2012-10-01,48.245,48.298,48.153,48.218,75353,0
2012-10-02,48.17,48.279,48.17,48.279,47803,0
2012-10-03,48.364,48.401,48.199,48.392,62818,0
2012-10-04,48.392,48.392,48.269,48.324,25591,0
2012-10-05,48.324,48.324,48.252,48.289,20375,0
2012-10-08,48.334,48.334,48.245,48.245,48084,0
2012-10-09,48.269,48.279,48.17,48.189,35734,0
2012-10-10,48.245,48.245,48.114,48.235,25487,0
2012-10-11,48.252,48.252,48.162,48.199,45596,0
2012-10-12,48.279,48.289,48.162,48.228,171497,0
2012-10-15,48.364,48.364,48.153,48.162,38716,0
2012-10-16,48.123,48.235,48.097,48.17,19340,0
2012-10-17,48.261,48.261,48.143,48.17,15645,0
2012-10-18,48.208,48.208,48.111,48.167,52370,0
2012-10-19,48.208,48.228,48.123,48.228,23323,0
2012-10-22,48.269,48.269,48.132,48.199,21022,0
2012-10-23,48.235,48.269,48.199,48.208,51228,0
2012-10-24,48.217,48.252,48.182,48.208,37557,0
2012-10-25,48.208,48.208,48.143,48.189,59313,0
2012-10-26,48.235,48.235,48.17,48.18,18664,0
2012-10-31,48.289,48.289,48.18,48.199,41001,0
2012-11-01,48.269,48.269,48.17,48.252,46837,0
2012-11-02,48.319,48.329,48.175,48.256,53542,0
2012-11-05,48.204,48.329,48.204,48.24,240674,0
2012-11-06,48.329,48.339,48.175,48.234,390300,0
2012-11-07,48.274,48.274,48.175,48.194,28380,0
2012-11-08,48.24,48.24,48.125,48.138,63259,0
2012-11-09,48.157,48.157,48.036,48.065,29516,0
2012-11-12,47.929,48.031,47.929,47.999,150322,0
2012-11-13,48.083,48.083,47.945,47.958,24301,0
2012-11-14,47.939,48.018,47.895,47.903,241934,0
2012-11-15,47.949,47.993,47.865,47.911,226082,0
2012-11-16,47.983,48.018,47.875,47.939,56068,0
2012-11-19,47.894,48.027,47.894,48.027,57502,0
2012-11-20,48.036,48.036,47.95,47.966,39231,0
2012-11-21,47.993,48.001,47.922,47.983,19102,0
2012-11-23,48.018,48.018,47.885,47.983,22141,0
2012-11-26,48.009,48.018,47.949,48.001,17210,0
2012-11-27,48.036,48.065,47.991,48.036,16740,0
2012-11-28,48.065,48.065,48.001,48.018,38022,0
2012-11-29,48.036,48.065,47.966,48.065,39675,0
2012-11-30,48.115,48.115,48.006,48.088,22566,0
2012-12-03,47.998,48.097,47.998,48.097,26671,0
2012-12-04,48.134,48.181,48.097,48.181,84193,0
2012-12-05,48.181,48.181,48.097,48.134,16061,0
2012-12-06,48.171,48.181,48.089,48.144,15740,0
2012-12-07,48.134,48.163,48.032,48.163,39352,0
2012-12-10,48.106,48.154,48.052,48.124,24656,0
2012-12-11,48.115,48.115,48.024,48.024,86623,0
2012-12-12,48.106,48.154,48.032,48.042,80007,0
2012-12-13,48.089,48.089,47.971,48.042,84711,0
2012-12-14,48.061,48.061,48.007,48.042,77726,0
2012-12-17,48.061,48.061,47.989,48.032,69552,0
2012-12-18,47.861,47.972,47.861,47.955,82611,0
2012-12-19,47.955,48.014,47.935,47.998,69736,0
2012-12-20,48.014,48.032,47.972,48.024,59750,0
2012-12-21,48.042,48.052,47.963,48.024,68266,0
2012-12-24,47.723,47.832,47.713,47.797,20920,0
2012-12-26,47.696,47.823,47.696,47.816,112920,0
2012-12-27,47.816,47.832,47.74,47.806,82731,0
2012-12-28,47.823,47.842,47.745,47.832,84772,0
2012-12-31,47.837,47.842,47.723,47.768,122663,0
2013-01-02,47.861,47.861,47.74,47.74,103040,0
2013-01-03,47.768,47.935,47.768,47.906,99276,0
2013-01-04,47.9,47.9,47.787,47.832,103047,0
2013-01-07,47.823,47.852,47.749,47.768,89183,0
2013-01-08,47.832,47.852,47.744,47.832,191594,0
2013-01-09,47.842,47.852,47.777,47.852,340473,0
2013-01-10,47.787,47.787,47.705,47.705,85131,0
2013-01-11,47.749,47.768,47.69,47.723,126301,0
2013-01-14,47.871,47.871,47.723,47.74,29311,0
2013-01-15,47.861,47.861,47.764,47.797,108716,0
2013-01-16,47.797,47.832,47.758,47.777,75682,0
2013-01-17,47.777,47.777,47.705,47.723,102508,0
2013-01-18,47.797,47.797,47.677,47.713,146696,0
2013-01-22,47.669,47.73,47.669,47.73,70257,0
2013-01-23,47.777,47.777,47.696,47.74,91681,0
2013-01-24,47.787,47.787,47.677,47.74,82287,0
2013-01-25,47.749,47.749,47.621,47.651,86039,0
2013-01-28,47.539,47.623,47.522,47.596,86194,0
2013-01-29,47.615,47.615,47.539,47.569,78622,0
2013-01-30,47.539,47.579,47.537,47.579,93840,0
2013-01-31,47.62,47.666,47.556,47.593,88625,0
2013-02-01,47.603,47.684,47.576,47.576,60212,0
2013-02-04,47.675,47.693,47.62,47.675,77325,0
2013-02-05,47.738,47.738,47.649,47.666,111411,0
2013-02-06,47.747,47.747,47.684,47.693,82943,0
2013-02-07,47.693,47.72,47.691,47.702,78791,0
2013-02-08,47.63,47.657,47.576,47.657,67599,0
2013-02-11,47.556,47.593,47.528,47.536,106880,0
2013-02-12,47.593,47.63,47.566,47.566,110359,0
2013-02-13,47.657,47.657,47.536,47.536,110303,0
2013-02-14,47.576,47.649,47.566,47.62,59824,0
2013-02-15,47.693,47.693,47.577,47.603,68600,0
2013-02-19,47.593,47.675,47.593,47.62,130961,0
2013-02-20,47.666,47.666,47.593,47.593,67147,0
2013-02-21,47.684,47.684,47.63,47.647,77907,0
2013-02-22,47.693,47.693,47.62,47.639,82723,0
2013-02-25,47.71,47.71,47.593,47.693,145408,0
2013-02-26,47.693,47.784,47.693,47.72,69968,0
2013-02-27,47.849,47.897,47.702,47.738,95110,0
2013-02-28,47.763,47.772,47.734,47.772,83049,0
2013-03-01,47.772,47.863,47.753,47.772,74006,0
2013-03-04,47.904,47.904,47.811,47.837,69103,0
2013-03-05,47.896,47.896,47.792,47.827,97455,0
2013-03-06,47.827,47.827,47.772,47.792,102649,0
2013-03-07,47.811,47.811,47.736,47.741,66925,0
2013-03-08,47.718,47.718,47.655,47.7,79539,0
2013-03-11,47.664,47.664,47.574,47.61,88143,0
2013-03-12,47.61,47.682,47.61,47.674,83019,0
2013-03-13,47.763,47.763,47.618,47.664,72402,0
2013-03-14,47.61,47.729,47.61,47.721,78620,0
2013-03-15,47.682,47.802,47.682,47.802,116698,0
2013-03-18,47.837,47.847,47.772,47.827,104180,0
2013-03-19,47.857,47.857,47.783,47.847,125350,0
2013-03-20,47.837,47.857,47.746,47.792,137193,0
2013-03-21,47.782,47.827,47.718,47.782,130598,0
2013-03-22,47.708,47.802,47.708,47.782,37604,0
2013-03-25,47.802,47.819,47.728,47.811,126624,0
2013-03-26,47.827,47.827,47.772,47.816,82601,0
2013-03-27,47.847,47.876,47.782,47.792,114294,0
2013-03-28,47.868,47.868,47.765,47.77,83487,0
2013-04-01,47.829,47.897,47.821,47.829,87786,0
2013-04-02,47.952,47.952,47.869,47.931,77836,0
2013-04-03,47.977,48.012,47.906,48.012,116858,0
2013-04-04,48.021,48.077,47.918,48.077,74870,0
2013-04-05,48.004,48.121,48.004,48.055,85260,0
2013-04-08,48.095,48.113,47.965,48.03,88237,0
2013-04-09,47.878,47.977,47.878,47.906,137060,0
2013-04-10,47.859,47.97,47.839,47.878,520713,0
2013-04-11,47.878,47.991,47.878,47.952,79085,0
2013-04-12,47.878,47.995,47.878,47.986,50118,0
2013-04-15,48.067,48.067,47.97,48.004,92109,0
2013-04-16,47.942,47.986,47.914,47.923,84848,0
2013-04-17,47.986,48.004,47.942,47.977,56415,0
2013-04-18,47.97,47.986,47.942,47.977,70297,0
2013-04-19,48.004,48.004,47.952,47.976,13357,0
2013-04-22,47.952,48.004,47.952,47.977,48327,0
2013-04-23,47.977,47.995,47.942,47.952,101178,0
2013-04-24,47.986,47.986,47.923,47.932,53172,0
2013-04-25,47.914,47.996,47.906,47.952,117501,0
2013-04-26,47.914,47.995,47.914,47.995,101694,0
2013-04-29,47.932,47.995,47.932,47.995,37696,0
2013-04-30,48.007,48.055,47.999,48.007,206648,0
2013-05-01,47.974,48.035,47.974,48.016,46237,0
2013-05-02,48.007,48.072,47.999,48.055,72287,0
2013-05-03,47.991,47.991,47.911,47.928,32742,0
2013-05-06,47.937,47.974,47.911,47.948,164991,0
2013-05-07,47.957,47.965,47.911,47.937,60731,0
2013-05-08,47.927,47.984,47.911,47.918,115382,0
2013-05-09,47.863,47.911,47.825,47.825,124075,0
2013-05-10,47.834,47.873,47.713,47.789,68005,0
2013-05-13,47.742,47.808,47.707,47.732,136407,0
2013-05-14,47.751,47.779,47.671,47.698,51352,0
2013-05-15,47.76,47.76,47.661,47.698,70309,0
2013-05-16,47.698,47.789,47.698,47.76,87560,0
2013-05-17,47.732,47.76,47.661,47.689,68649,0
2013-05-20,47.698,47.725,47.571,47.58,94904,0
2013-05-21,47.571,47.625,47.541,47.625,122140,0
2013-05-22,47.715,47.751,47.505,47.505,61054,0
2013-05-23,47.588,47.596,47.459,47.469,53689,0
2013-05-24,47.551,47.588,47.449,47.449,61122,0
2013-05-28,47.449,47.487,47.308,47.314,69460,0
2013-05-29,47.239,47.331,47.221,47.284,101657,0
2013-05-30,47.284,47.378,47.284,47.342,59081,0
2013-05-31,47.36,47.36,47.21,47.313,231407,0
2013-06-03,47.197,47.407,47.197,47.24,241604,0
2013-06-04,47.24,47.317,47.197,47.277,44544,0
2013-06-05,47.258,47.268,47.187,47.224,31026,0
2013-06-06,47.158,47.388,47.158,47.326,98978,0
2013-06-07,47.25,47.345,47.215,47.25,17561,0
2013-06-10,47.121,47.224,47.075,47.178,25127,0
2013-06-11,47.075,47.25,47.059,47.25,47475,0
2013-06-12,47.149,47.224,47.102,47.102,30507,0
2013-06-13,47.102,47.325,47.102,47.325,51419,0
2013-06-14,47.364,47.462,47.336,47.406,19707,0
2013-06-17,47.38,47.407,47.31,47.317,58325,0
2013-06-18,47.258,47.379,47.25,47.345,35831,0
2013-06-19,47.397,47.397,47.059,47.086,51000,0
2013-06-20,46.902,47.014,46.811,46.847,82846,0
2013-06-21,46.802,46.894,46.564,46.592,139631,0
2013-06-24,46.341,46.574,46.168,46.482,153366,0
2013-06-25,46.53,46.53,46.346,46.484,145904,0
2013-06-26,46.5,46.583,46.397,46.556,97372,0
2013-06-27,46.639,46.856,46.639,46.856,872695,0
2013-06-28,46.826,46.926,46.781,46.88,748417,0
2013-07-01,46.877,46.943,46.831,46.905,461238,0
2013-07-02,46.897,47.007,46.879,46.988,280578,0
2013-07-03,46.933,47.007,46.887,46.905,320631,0
2013-07-05,46.369,46.484,46.249,46.344,435468,0
2013-07-08,46.36,46.558,46.36,46.494,305729,0
2013-07-09,46.53,46.732,46.53,46.65,291927,0
2013-07-10,46.614,46.633,46.389,46.389,111640,0
2013-07-11,46.585,46.712,46.53,46.641,106766,0
2013-07-12,46.695,46.796,46.577,46.623,221089,0
2013-07-15,46.668,46.817,46.66,46.732,565110,0
2013-07-16,46.84,46.84,46.714,46.787,398815,0
2013-07-17,46.877,46.988,46.831,46.905,322662,0
2013-07-18,46.849,46.933,46.751,46.778,292756,0
2013-07-19,46.805,47.026,46.805,47.017,202338,0
2013-07-22,46.933,47.044,46.933,46.988,294466,0
2013-07-23,47.007,47.034,46.914,46.942,216153,0
2013-07-24,46.787,46.887,46.759,46.854,208883,0
2013-07-25,46.714,46.928,46.704,46.923,11978,0
2013-07-26,46.933,46.988,46.933,46.979,146306,0
2013-07-29,46.877,46.923,46.84,46.877,165780,0
2013-07-30,46.887,46.952,46.796,46.823,116063,0
2013-07-31,46.691,46.902,46.544,46.893,112401,0
2013-08-01,46.81,46.81,46.656,46.674,82710,0
2013-08-02,46.829,47.003,46.829,46.957,118305,0
2013-08-05,46.957,46.991,46.873,46.902,66399,0
2013-08-06,46.957,46.985,46.839,46.902,70561,0
2013-08-07,46.929,47.022,46.92,46.957,63893,0
2013-08-08,47.092,47.092,47.003,47.003,38656,0
2013-08-09,47.032,47.075,46.948,47.013,71105,0
2013-08-12,47.058,47.148,46.994,47.022,37331,0
2013-08-13,46.846,46.902,46.765,46.783,35133,0
2013-08-14,46.793,46.864,46.783,46.819,21661,0
2013-08-15,46.683,46.775,46.62,46.674,25249,0
2013-08-16,46.701,46.71,46.451,46.49,92478,0
2013-08-19,46.461,46.507,46.332,46.349,41045,0
2013-08-20,46.451,46.532,46.451,46.517,47966,0
2013-08-21,46.461,46.534,46.322,46.322,25365,0
2013-08-22,46.395,46.564,46.295,46.34,37526,0
2013-08-23,46.365,46.599,46.356,46.526,46040,0
2013-08-26,46.691,46.738,46.62,46.701,37155,0
2013-08-27,46.729,46.801,46.656,46.783,48657,0
2013-08-28,46.656,46.729,46.591,46.637,60946,0
2013-08-29,46.517,46.747,46.517,46.71,21287,0
2013-08-30,46.754,46.799,46.708,46.728,70843,0
2013-09-03,46.55,46.578,46.427,46.55,34789,0
2013-09-04,46.56,46.634,46.447,46.457,27710,0
2013-09-05,46.391,46.391,46.217,46.227,81450,0
2013-09-06,46.427,46.495,46.362,46.417,77854,0
2013-09-09,46.616,46.616,46.54,46.54,110333,0
2013-09-10,46.54,46.56,46.447,46.447,27985,0
2013-09-11,46.503,46.607,46.495,46.607,46748,0
2013-09-12,46.597,46.679,46.512,46.587,51429,0
2013-09-13,46.56,46.67,46.54,46.643,42700,0
2013-09-16,46.851,46.926,46.679,46.697,101237,0
2013-09-17,46.706,46.78,46.662,46.725,54834,0
2013-09-18,46.67,47.21,46.617,47.137,110451,0
2013-09-19,47.062,47.124,46.954,47.01,36031,0
2013-09-20,46.99,47.08,46.963,47.036,93368,0
2013-09-23,47.054,47.137,46.972,47.137,62545,0
2013-09-24,47.21,47.254,47.137,47.21,43747,0
2013-09-25,47.202,47.377,47.202,47.369,87174,0
2013-09-26,47.264,47.342,47.229,47.264,35479,0
2013-09-27,47.254,47.393,47.246,47.351,74984,0
2013-09-30,47.316,47.396,47.258,47.335,25436,0
2013-10-01,47.276,47.325,47.25,47.316,48804,0
2013-10-02,47.354,47.434,47.354,47.364,47391,0
2013-10-03,47.434,47.518,47.354,47.387,28042,0
2013-10-04,47.406,47.406,47.286,47.306,51956,0
2013-10-07,47.434,47.5,47.345,47.354,41845,0
2013-10-08,47.38,47.416,47.325,47.38,49006,0
2013-10-09,47.335,47.396,47.267,47.306,75867,0
2013-10-10,47.276,47.316,47.167,47.316,24895,0
2013-10-11,47.425,47.434,47.276,47.286,34677,0
2013-10-14,47.267,47.325,47.083,47.091,35652,0
2013-10-15,47.24,47.286,47.176,47.204,90325,0
2013-10-16,47.25,47.38,47.167,47.345,185004,0
2013-10-17,47.443,47.564,47.443,47.544,138155,0
2013-10-18,47.534,47.584,47.5,47.508,123698,0
2013-10-21,47.592,47.592,47.472,47.481,80120,0
2013-10-22,47.674,47.709,47.619,47.664,36521,0
2013-10-23,47.701,47.729,47.619,47.674,49891,0
2013-10-24,47.637,47.701,47.611,47.628,34569,0
2013-10-25,47.683,47.719,47.647,47.683,23151,0
2013-10-28,47.637,47.773,47.637,47.754,319678,0
2013-10-29,47.683,47.754,47.647,47.737,61523,0
2013-10-30,47.737,47.82,47.674,47.701,128373,0
2013-10-31,47.658,47.749,47.577,47.65,145767,0
2013-11-01,47.577,47.63,47.502,47.567,26484,0
2013-11-04,47.667,47.667,47.604,47.65,33000,0
2013-11-05,47.63,47.64,47.537,47.537,266152,0
2013-11-06,47.604,47.604,47.547,47.585,123740,0
2013-11-07,47.604,47.667,47.604,47.64,91615,0
2013-11-08,47.337,47.428,47.337,47.356,109306,0
2013-11-11,47.327,47.356,47.251,47.27,135576,0
2013-11-12,47.242,47.337,47.242,47.337,246177,0
2013-11-13,47.356,47.483,47.347,47.455,289486,0
2013-11-14,47.428,47.577,47.428,47.537,82057,0
2013-11-15,47.52,47.621,47.511,47.621,54815,0
2013-11-18,47.594,47.74,47.594,47.74,68735,0
2013-11-19,47.658,47.722,47.613,47.695,70880,0
2013-11-20,47.594,47.722,47.492,47.492,139267,0
2013-11-21,47.382,47.529,47.382,47.502,601010,0
2013-11-22,47.428,47.567,47.428,47.52,363083,0
2013-11-25,47.502,47.557,47.474,47.529,1013371,0
2013-11-26,47.52,47.557,47.474,47.492,132196,0
2013-11-27,47.511,47.511,47.289,47.374,255189,0
2013-11-29,47.292,47.421,47.292,47.376,78832,0
2013-12-02,47.376,47.402,47.181,47.218,370370,0
2013-12-03,47.272,47.33,47.237,47.245,233819,0
2013-12-04,47.044,47.171,47.044,47.134,193912,0
2013-12-05,47.069,47.181,47.069,47.143,181340,0
2013-12-06,47.124,47.263,47.124,47.227,156404,0
2013-12-09,47.263,47.368,47.263,47.359,101014,0
2013-12-10,47.34,47.431,47.32,47.35,106603,0
2013-12-11,47.282,47.35,47.263,47.263,109907,0
2013-12-12,47.143,47.272,47.143,47.171,119338,0
2013-12-13,47.191,47.281,47.152,47.181,203962,0
2013-12-16,47.311,47.311,47.201,47.201,89422,0
2013-12-17,47.34,47.359,47.282,47.34,64928,0
2013-12-18,47.263,47.392,47.208,47.237,178624,0
2013-12-19,47.026,47.162,47.026,47.088,165575,0
2013-12-20,47.088,47.265,47.088,47.227,310931,0
2013-12-23,47.171,47.291,47.171,47.291,106458,0
2013-12-24,47.224,47.224,47.057,47.167,71234,0
2013-12-26,47.177,47.177,47.032,47.074,56125,0
2013-12-27,47.022,47.187,47.022,47.083,56052,0
2013-12-30,47.14,47.278,47.14,47.259,68278,0
2013-12-31,47.233,47.251,47.13,47.158,49451,0
2014-01-02,47.224,47.278,47.148,47.148,41150,0
2014-01-03,47.12,47.259,47.12,47.167,228719,0
2014-01-06,47.214,47.336,47.214,47.241,58431,0
2014-01-07,47.251,47.377,47.251,47.355,104989,0
2014-01-08,47.278,47.288,47.224,47.241,150701,0
2014-01-09,47.224,47.326,47.197,47.307,74571,0
2014-01-10,47.381,47.547,47.381,47.52,31706,0
2014-01-13,47.593,47.677,47.566,47.621,55306,0
2014-01-14,47.603,47.603,47.483,47.502,88837,0
2014-01-15,47.381,47.502,47.381,47.474,40256,0
2014-01-16,47.537,47.603,47.537,47.593,139048,0
2014-01-17,47.557,47.667,47.557,47.632,31928,0
2014-01-21,47.603,47.704,47.603,47.677,128442,0
2014-01-22,47.603,47.658,47.547,47.585,131584,0
2014-01-23,47.613,47.758,47.613,47.695,56160,0
2014-01-24,47.73,47.843,47.722,47.816,62326,0
2014-01-27,47.768,47.853,47.704,47.712,107669,0
2014-01-28,47.768,47.806,47.704,47.806,108313,0
2014-01-29,47.787,47.946,47.787,47.892,75204,0
2014-01-30,47.833,47.892,47.824,47.882,87867,0
2014-01-31,47.936,47.973,47.892,47.965,41200,0
2014-02-03,47.937,48.124,47.937,48.097,76350,0
2014-02-04,48.097,48.115,48.022,48.079,107021,0
2014-02-05,48.069,48.079,47.996,48.031,38893,0
2014-02-06,47.961,47.996,47.932,47.982,256088,0
2014-02-07,48.06,48.115,48.013,48.088,23294,0
2014-02-10,48.106,48.134,48.069,48.115,29911,0
2014-02-11,48.022,48.022,47.957,47.988,96118,0
2014-02-12,47.952,47.952,47.82,47.858,83236,0
2014-02-13,47.897,48.004,47.897,47.97,81636,0
2014-02-14,47.97,47.97,47.877,47.897,51211,0
2014-02-18,47.923,47.987,47.877,47.961,98296,0
2014-02-19,47.987,48.051,47.897,47.914,127640,0
2014-02-20,47.82,47.877,47.803,47.867,60171,0
2014-02-21,47.803,47.906,47.803,47.887,20819,0
2014-02-24,47.877,47.897,47.848,47.897,32215,0
2014-02-25,47.977,48.017,47.974,48.004,30024,0
2014-02-26,48.022,48.092,47.998,48.088,45351,0
2014-02-27,48.06,48.154,48.06,48.124,32524,0
2014-02-28,48.106,48.144,48.06,48.115,59650,0
2014-03-03,48.194,48.213,48.127,48.213,28058,0
2014-03-04,48.184,48.184,48.044,48.054,28427,0
2014-03-05,48.025,48.082,48.015,48.072,27728,0
2014-03-06,47.999,48.034,47.964,48.015,39370,0
2014-03-07,47.87,47.935,47.841,47.88,47923,0
2014-03-10,47.935,47.98,47.89,47.955,46691,0
2014-03-11,47.89,47.955,47.846,47.955,78472,0
2014-03-12,47.935,48.034,47.935,48.015,50406,0
2014-03-13,47.909,48.184,47.909,48.184,111093,0
2014-03-14,48.213,48.213,48.111,48.147,59618,0
2014-03-17,48.091,48.101,48.027,48.054,53781,0
2014-03-18,47.999,48.082,47.999,48.082,34848,0
2014-03-19,48.1,48.109,47.841,47.945,76961,0
2014-03-20,47.775,47.87,47.775,47.831,38027,0
2014-03-21,47.851,47.955,47.841,47.9,79030,0
2014-03-24,47.87,47.955,47.87,47.945,102839,0
2014-03-25,47.851,47.945,47.822,47.909,48059,0
2014-03-26,47.945,48.007,47.9,47.964,62568,0
2014-03-27,47.955,48.072,47.955,47.98,146742,0
2014-03-28,47.945,48.007,47.909,47.964,31199,0
2014-03-31,47.88,47.945,47.822,47.945,138536,0
2014-04-01,47.902,47.938,47.873,47.919,53369,0
2014-04-02,47.834,47.882,47.798,47.825,65259,0
2014-04-03,47.778,47.883,47.778,47.873,69024,0
2014-04-04,47.928,48.057,47.928,48.009,41670,0
2014-04-07,48.111,48.152,48.084,48.13,28872,0
2014-04-08,48.168,48.192,48.093,48.178,122675,0
2014-04-09,48.13,48.216,48.084,48.168,298451,0
2014-04-10,48.206,48.345,48.206,48.262,35190,0
2014-04-11,48.298,48.365,48.261,48.335,25718,0
2014-04-14,48.269,48.279,48.216,48.216,67598,0
2014-04-15,48.261,48.307,48.14,48.269,75225,0
2014-04-16,48.187,48.252,48.168,48.226,99256,0
2014-04-17,48.15,48.234,48.009,48.037,32396,0
2014-04-21,48.018,48.12,48.018,48.047,58935,0
2014-04-22,48.075,48.093,48.027,48.065,269396,0
2014-04-23,48.187,48.226,48.14,48.159,74073,0
2014-04-24,48.187,48.261,48.187,48.252,53249,0
2014-04-25,48.298,48.325,48.252,48.269,19626,0
2014-04-28,48.307,48.314,48.216,48.234,19626,0
2014-04-29,48.197,48.232,48.168,48.206,134349,0
2014-04-30,48.261,48.384,48.206,48.325,32302,0
2014-05-01,48.313,48.478,48.313,48.453,47980,0
2014-05-02,48.427,48.526,48.313,48.478,150513,0
2014-05-05,48.537,48.537,48.394,48.469,20120,0
2014-05-06,48.497,48.556,48.465,48.509,37137,0
2014-05-07,48.546,48.64,48.487,48.612,67535,0
2014-05-08,48.622,48.678,48.574,48.658,124964,0
2014-05-09,48.599,48.612,48.527,48.581,44455,0
2014-05-12,48.537,48.537,48.465,48.497,16361,0
2014-05-13,48.546,48.583,48.507,48.583,39149,0
2014-05-14,48.622,48.714,48.622,48.713,19699,0
2014-05-15,48.668,48.843,48.668,48.749,33985,0
2014-05-16,48.713,48.74,48.658,48.694,23642,0
2014-05-19,48.73,48.739,48.65,48.65,50819,0
2014-05-20,48.658,48.721,48.642,48.713,24914,0
2014-05-21,48.749,48.778,48.704,48.753,20937,0
2014-05-22,48.786,48.786,48.722,48.769,24149,0
2014-05-23,48.75,48.835,48.75,48.76,33486,0
2014-05-27,48.815,48.843,48.721,48.843,47231,0
2014-05-28,48.843,49.022,48.843,48.984,52897,0
2014-05-29,49.013,49.041,48.909,48.909,50964,0
2014-05-30,48.881,48.889,48.805,48.862,79245,0
2014-06-02,48.821,48.877,48.765,48.821,77218,0
2014-06-03,48.821,48.821,48.683,48.683,36352,0
2014-06-04,48.674,48.774,48.664,48.7,15788,0
2014-06-05,48.683,48.821,48.683,48.801,34435,0
2014-06-06,48.905,48.906,48.765,48.774,25497,0
2014-06-09,48.791,48.791,48.683,48.75,40819,0
2014-06-10,48.683,48.736,48.654,48.718,42844,0
2014-06-11,48.755,48.765,48.674,48.718,20086,0
2014-06-12,48.69,48.84,48.69,48.801,36502,0
2014-06-13,48.654,48.774,48.654,48.745,26291,0
2014-06-16,48.774,48.783,48.718,48.755,109149,0
2014-06-17,48.774,48.783,48.665,48.69,34714,0
2014-06-18,48.736,48.858,48.718,48.849,25615,0
2014-06-19,48.933,48.933,48.774,48.801,92587,0
2014-06-20,48.774,48.886,48.774,48.849,67042,0
2014-06-23,48.943,48.951,48.886,48.895,85691,0
2014-06-24,48.923,48.923,48.849,48.913,76854,0
2014-06-25,49.027,49.027,48.943,48.99,49920,0
2014-06-26,48.951,49.046,48.951,48.96,31767,0
2014-06-27,49.027,49.074,48.99,49,17326,0
2014-06-30,49.027,49.065,48.96,49,43487,0
2014-07-01,49.02,49.02,48.914,48.952,167391,0
2014-07-02,48.961,48.961,48.822,48.896,69601,0
2014-07-03,48.859,48.91,48.805,48.887,14854,0
2014-07-07,48.887,48.914,48.822,48.896,45981,0
2014-07-08,48.944,48.981,48.887,48.934,109666,0
2014-07-09,48.878,48.993,48.833,48.951,57437,0
2014-07-10,48.934,49.001,48.906,48.944,22609,0
2014-07-11,48.914,49.069,48.914,49.044,172478,0
2014-07-14,48.914,48.983,48.914,48.944,28332,0
2014-07-15,48.914,48.938,48.85,48.887,107080,0
2014-07-16,48.887,48.896,48.834,48.878,42173,0
2014-07-17,48.934,49.047,48.908,49.028,78331,0
2014-07-18,48.981,48.981,48.914,48.944,45475,0
2014-07-21,49.02,49.056,48.924,48.995,73061,0
2014-07-22,49.02,49.038,48.914,49.02,28798,0
2014-07-23,49.056,49.056,48.948,48.991,38616,0
2014-07-24,48.913,48.913,48.841,48.878,37299,0
2014-07-25,48.841,48.934,48.841,48.934,40647,0
2014-07-28,48.952,48.961,48.887,48.939,93837,0
2014-07-29,48.934,48.991,48.924,48.971,32026,0
2014-07-30,48.887,48.896,48.727,48.756,67543,0
2014-07-31,48.792,48.859,48.737,48.832,64744,0
2014-08-01,48.904,48.969,48.839,48.904,68631,0
2014-08-04,49.008,49.036,48.95,48.989,81678,0
2014-08-05,48.959,49.018,48.904,48.979,101232,0
2014-08-06,49.054,49.073,48.959,49.026,86575,0
2014-08-07,48.922,49.073,48.922,49.054,75897,0
2014-08-08,49.036,49.131,49.006,49.036,29684,0
2014-08-11,49.032,49.036,48.969,49.018,24292,0
2014-08-12,48.942,49.046,48.942,48.999,49622,0
2014-08-13,49.073,49.101,49.064,49.092,650235,0
2014-08-14,49.101,49.192,48.999,49.092,121365,0
2014-08-15,49.173,49.24,49.096,49.192,1305605,0
2014-08-18,49.149,49.164,49.054,49.121,105534,0
2014-08-19,49.173,49.173,49.046,49.046,240968,0
2014-08-20,49.092,49.116,48.989,49.026,396626,0
2014-08-21,49.018,49.101,48.954,49.064,130694,0
2014-08-22,49.092,49.13,49.018,49.104,152371,0
2014-08-25,49.146,49.15,49.054,49.146,122290,0
2014-08-26,49.173,49.173,49.073,49.111,44743,0
2014-08-27,49.173,49.192,49.054,49.131,342163,0
2014-08-28,49.183,49.192,49.111,49.131,32032,0
2014-08-29,49.164,49.23,49.146,49.183,51348,0
2014-09-02,49.132,49.132,49.066,49.093,28298,0
2014-09-03,49.14,49.193,49.074,49.193,25502,0
2014-09-04,49.203,49.203,49.102,49.133,45652,0
2014-09-05,49.288,49.288,49.142,49.174,57596,0
2014-09-08,49.18,49.261,49.122,49.14,96860,0
2014-09-09,49.074,49.132,49.074,49.112,41804,0
2014-09-10,49.046,49.046,48.97,48.98,86985,0
2014-09-11,49.074,49.074,48.98,48.98,72205,0
2014-09-12,48.858,48.913,48.848,48.868,88836,0
2014-09-15,48.943,48.96,48.868,48.951,86489,0
2014-09-16,48.895,49.01,48.895,48.923,31367,0
2014-09-17,48.97,48.98,48.858,48.858,95971,0
2014-09-18,48.933,48.933,48.821,48.888,60704,0
2014-09-19,48.98,49.009,48.909,48.985,55784,0
2014-09-22,48.97,49.055,48.97,49.046,17872,0
2014-09-23,49.083,49.102,49.019,49.093,39046,0
2014-09-24,49.083,49.093,49,49.019,83023,0
2014-09-25,49.037,49.165,49.037,49.14,115628,0
2014-09-26,49.132,49.132,49.037,49.055,166197,0
2014-09-29,49.193,49.203,49.132,49.156,1817251,0
2014-09-30,49.14,49.166,49.112,49.14,50514,0
2014-10-01,49.241,49.343,49.231,49.328,185530,0
2014-10-02,49.371,49.382,49.288,49.299,48247,0
2014-10-03,49.278,49.351,49.241,49.333,61365,0
2014-10-06,49.343,49.409,49.284,49.39,49015,0
2014-10-07,49.457,49.532,49.438,49.513,191403,0
2014-10-08,49.542,49.596,49.419,49.588,43996,0
2014-10-09,49.562,49.574,49.457,49.466,43511,0
2014-10-10,49.485,49.504,49.381,49.457,63202,0
2014-10-13,51.347,51.347,49.409,49.588,46262,0
2014-10-14,49.624,49.673,49.505,49.664,242814,0
2014-10-15,49.813,50.039,49.571,49.692,234569,0
2014-10-16,49.719,49.797,49.522,49.552,153104,0
2014-10-17,49.601,49.654,49.552,49.615,74072,0
2014-10-20,49.664,49.705,49.606,49.683,21855,0
2014-10-21,49.644,49.692,49.55,49.615,38693,0
2014-10-22,49.664,49.673,49.579,49.634,43169,0
2014-10-23,49.596,49.606,49.495,49.513,284030,0
2014-10-24,49.624,49.654,49.552,49.579,214632,0
2014-10-27,49.606,49.636,49.562,49.596,141940,0
2014-10-28,49.654,49.654,49.542,49.562,102702,0
2014-10-29,49.542,49.562,49.371,49.522,116941,0
2014-10-30,49.532,49.588,49.485,49.562,252091,0
2014-10-31,49.562,49.583,49.457,49.542,112797,0
2014-11-03,49.595,49.595,49.457,49.522,167280,0
2014-11-04,49.606,49.606,49.552,49.574,176011,0
2014-11-05,49.485,49.588,49.485,49.542,83131,0
2014-11-06,49.571,49.588,49.5,49.522,80432,0
2014-11-07,49.606,49.673,49.606,49.654,102704,0
2014-11-10,49.683,49.683,49.532,49.571,134347,0
2014-11-11,49.571,49.579,49.495,49.522,35813,0
2014-11-12,49.562,49.641,49.505,49.505,68487,0
2014-11-13,49.596,49.615,49.532,49.596,51907,0
2014-11-14,49.579,49.644,49.542,49.625,28124,0
2014-11-17,49.624,49.71,49.596,49.644,67208,0
2014-11-18,49.692,49.701,49.644,49.683,155167,0
2014-11-19,49.654,49.687,49.579,49.579,124336,0
2014-11-20,49.737,49.737,49.644,49.729,54428,0
2014-11-21,49.721,49.746,49.683,49.71,198073,0
2014-11-24,49.746,49.793,49.695,49.793,168955,0
2014-11-25,49.756,49.867,49.756,49.839,88727,0
2014-11-26,49.821,49.887,49.821,49.831,90175,0
2014-11-28,49.821,49.896,49.793,49.896,39159,0
2014-12-01,49.98,49.99,49.843,49.884,173037,0
2014-12-02,49.883,49.884,49.819,49.852,277293,0
2014-12-03,49.864,49.864,49.8,49.864,391624,0
2014-12-04,49.854,49.903,49.833,49.893,56822,0
2014-12-05,49.854,49.854,49.698,49.781,256623,0
2014-12-08,49.838,49.845,49.763,49.81,79286,0
2014-12-09,49.838,49.903,49.8,49.828,246919,0
2014-12-10,49.815,49.951,49.815,49.931,257805,0
2014-12-11,49.874,49.922,49.819,49.922,147794,0
2014-12-12,49.864,50.028,49.864,50.018,324696,0
2014-12-15,49.922,50.081,49.903,49.903,526083,0
2014-12-16,50.073,50.073,49.913,49.98,466922,0
2014-12-17,50.009,50.009,49.903,49.931,724757,0
2014-12-18,49.893,50.081,49.838,50.081,336972,0
2014-12-19,49.941,49.98,49.903,49.903,298049,0
2014-12-22,49.951,49.951,49.845,49.903,125224,0
2014-12-23,49.824,49.889,49.766,49.786,754390,0
2014-12-24,49.685,49.824,49.676,49.801,144335,0
2014-12-26,49.85,49.87,49.777,49.85,32713,0
2014-12-29,49.86,49.927,49.834,49.885,177015,0
2014-12-30,50.005,50.005,49.86,49.889,329146,0
2014-12-31,49.947,49.947,49.88,49.937,95966,0
2015-01-02,50.005,50.044,49.88,50.015,202637,0
2015-01-05,50.116,50.144,50.044,50.134,201539,0
2015-01-06,50.144,50.268,50.134,50.249,304671,0
2015-01-07,50.176,50.176,50.088,50.108,162608,0
2015-01-08,49.967,50.088,49.957,50.052,278056,0
2015-01-09,50.052,50.21,50.052,50.144,141542,0
2015-01-12,50.134,50.2,50.108,50.144,245421,0
2015-01-13,50.079,50.191,50.079,50.162,66002,0
2015-01-14,50.239,50.239,50.162,50.2,508717,0
2015-01-15,50.144,50.277,50.144,50.277,297705,0
2015-01-16,50.19,50.219,50.079,50.112,145516,0
2015-01-20,50.152,50.2,50.079,50.124,130530,0
2015-01-21,50.144,50.144,50.025,50.134,91191,0
2015-01-22,50.094,50.172,50.061,50.144,167692,0
2015-01-23,50.223,50.249,50.124,50.177,550387,0
2015-01-26,50.19,50.2,50.044,50.124,729675,0
2015-01-27,50.162,50.238,50.116,50.172,60607,0
2015-01-28,50.2,50.34,50.144,50.287,205819,0
2015-01-29,50.239,50.259,50.134,50.2,429364,0
2015-01-30,50.315,50.376,50.229,50.376,463902,0
2015-02-02,50.153,50.377,50.148,50.325,414640,0
2015-02-03,50.316,50.361,50.25,50.288,75594,0
2015-02-04,50.22,50.297,50.183,50.269,65356,0
2015-02-05,50.307,50.325,50.209,50.316,69963,0
2015-02-06,50.269,50.296,50.145,50.153,249355,0
2015-02-09,50.25,50.269,50.163,50.163,85129,0
2015-02-10,50.201,50.22,50.125,50.183,78767,0
2015-02-11,50.211,50.23,50.122,50.183,130205,0
2015-02-12,50.219,50.23,50.145,50.206,251161,0
2015-02-13,50.183,50.269,50.125,50.125,73728,0
2015-02-17,50.183,50.191,50.006,50.044,301092,0
2015-02-18,50.089,50.211,50.007,50.163,217257,0
2015-02-19,50.163,50.163,50.071,50.135,48587,0
2015-02-20,50.183,50.191,50.044,50.089,139716,0
2015-02-23,50.089,50.183,50.087,50.153,214001,0
2015-02-24,50.153,50.292,50.071,50.26,134957,0
2015-02-25,50.269,50.361,50.163,50.25,491976,0
2015-02-26,50.211,50.22,50.117,50.135,126764,0
2015-02-27,50.23,50.278,50.135,50.211,125206,0
2015-03-02,50.316,50.316,50.145,50.183,51886,0
2015-03-03,50.24,50.24,50.08,50.183,141683,0
2015-03-04,50.08,50.23,50.08,50.153,58348,0
2015-03-05,50.23,50.278,50.125,50.25,83442,0
2015-03-06,50.145,50.153,49.987,50.053,275108,0
2015-03-09,50.044,50.173,50.044,50.109,477678,0
2015-03-10,50.163,50.173,50.109,50.145,300415,0
2015-03-11,50.183,50.191,50.062,50.163,333349,0
2015-03-12,50.24,50.24,50.117,50.163,733306,0
2015-03-13,50.173,50.191,50.099,50.117,152906,0
2015-03-16,50.23,50.26,50.145,50.26,105677,0
2015-03-17,50.288,50.288,50.201,50.24,190925,0
2015-03-18,50.288,50.407,50.173,50.361,589397,0
2015-03-19,50.325,50.361,50.25,50.307,78782,0
2015-03-20,50.341,50.361,50.278,50.341,135120,0
2015-03-23,50.417,50.484,50.325,50.427,382481,0
2015-03-24,50.417,50.494,50.351,50.494,114576,0
2015-03-25,50.605,50.605,50.48,50.52,108512,0
2015-03-26,50.423,50.471,50.366,50.374,108720,0
2015-03-27,50.393,50.461,50.383,50.413,342774,0
2015-03-30,50.461,50.5,50.403,50.461,94235,0
2015-03-31,50.49,50.521,50.465,50.52,107255,0
2015-04-01,50.642,50.67,50.519,50.594,259735,0
2015-04-02,50.68,50.719,50.555,50.604,107843,0
2015-04-06,50.67,50.7,50.614,50.651,178297,0
2015-04-07,50.632,50.67,50.575,50.67,112317,0
2015-04-08,50.68,50.7,50.594,50.661,287721,0
2015-04-09,50.662,50.694,50.575,50.642,6908539,0
2015-04-10,50.604,50.614,50.519,50.584,316979,0
2015-04-13,50.529,50.642,50.529,50.604,1126810,0
2015-04-14,50.69,50.746,50.594,50.67,240296,0
2015-04-15,50.741,50.741,50.651,50.68,128486,0
2015-04-16,50.7,50.7,50.623,50.67,127933,0
2015-04-17,50.68,50.7,50.623,50.68,206814,0
2015-04-20,50.594,50.69,50.594,50.69,155434,0
2015-04-21,50.68,50.686,50.565,50.623,192477,0
2015-04-22,50.642,50.669,50.537,50.575,116237,0
2015-04-23,50.623,50.661,50.584,50.584,415845,0
2015-04-24,50.584,50.7,50.584,50.7,139710,0
2015-04-27,50.67,50.709,50.604,50.67,107107,0
2015-04-28,50.604,50.651,50.509,50.519,91788,0
2015-04-29,50.479,50.575,50.441,50.537,164140,0
2015-04-30,50.509,50.632,50.46,50.594,238714,0
2015-05-01,50.478,50.564,50.421,50.528,473611,0
2015-05-04,50.574,50.583,50.478,50.478,220765,0
2015-05-05,50.518,50.518,50.411,50.498,121463,0
2015-05-06,50.488,50.488,50.349,50.421,221442,0
2015-05-07,50.469,50.508,50.411,50.469,594967,0
2015-05-08,50.564,50.65,50.554,50.613,69860,0
2015-05-11,50.508,50.554,50.355,50.373,126846,0
2015-05-12,50.345,50.459,50.296,50.401,316651,0
2015-05-13,50.421,50.45,50.337,50.345,194490,0
2015-05-14,50.45,50.459,50.355,50.391,367557,0
2015-05-15,50.469,50.579,50.459,50.554,126302,0
2015-05-18,50.518,50.518,50.406,50.459,319311,0
2015-05-19,50.337,50.421,50.329,50.345,411666,0
2015-05-20,50.401,50.45,50.319,50.391,302652,0
2015-05-21,50.355,50.508,50.355,50.488,453457,0
2015-05-22,50.459,50.469,50.373,50.45,81469,0
2015-05-26,50.365,50.528,50.365,50.488,200003,0
2015-05-27,50.44,50.508,50.365,50.44,139086,0
2015-05-28,50.498,50.518,50.431,50.478,71522,0
2015-05-29,50.478,50.593,50.469,50.478,144572,0
2015-06-01,50.486,50.562,50.389,50.467,237823,0
2015-06-02,50.379,50.437,50.318,50.335,100270,0
2015-06-03,50.29,50.29,50.136,50.155,120067,0
2015-06-04,50.165,50.29,50.165,50.262,78852,0
2015-06-05,50.071,50.175,50.052,50.126,303380,0
2015-06-08,50.126,50.213,50.08,50.118,253834,0
2015-06-09,50.043,50.109,49.965,50.034,189237,0
2015-06-10,49.935,50.034,49.926,49.935,118369,0
2015-06-11,49.975,50.165,49.965,50.099,324928,0
2015-06-12,50.136,50.193,50.043,50.089,101092,0
2015-06-15,50.175,50.175,50.034,50.08,134615,0
2015-06-16,50.061,50.175,50.043,50.126,186582,0
2015-06-17,50.185,50.271,50.061,50.252,427556,0
2015-06-18,50.203,50.252,50.136,50.252,275339,0
2015-06-19,50.28,50.399,50.242,50.399,157591,0
2015-06-22,50.175,50.252,50.099,50.155,164234,0
2015-06-23,50.014,50.146,50.014,50.08,100962,0
2015-06-24,50.109,50.165,50.043,50.118,451273,0
2015-06-25,50.136,50.155,50.024,50.118,242134,0
2015-06-26,49.955,50.024,49.926,49.985,166130,0
2015-06-29,50.043,50.203,49.995,50.175,106258,0
2015-06-30,50.136,50.243,50.052,50.118,128390,0
2015-07-01,50.108,50.108,50.004,50.004,376220,0
2015-07-02,50.088,50.184,50.088,50.154,92240,0
2015-07-06,50.251,50.317,50.164,50.184,550802,0
2015-07-07,50.352,50.408,50.212,50.212,201011,0
2015-07-08,50.308,50.37,50.251,50.362,86027,0
2015-07-09,50.241,50.326,50.202,50.261,80339,0
2015-07-10,50.033,50.145,50.004,50.042,97187,0
2015-07-13,50.06,50.079,49.964,50.07,124774,0
2015-07-14,50.145,50.184,50.095,50.117,88001,0
2015-07-15,50.145,50.261,50.135,50.251,102196,0
2015-07-16,50.135,50.251,50.135,50.184,84973,0
2015-07-17,50.241,50.289,50.174,50.289,92871,0
2015-07-20,50.231,50.251,50.164,50.221,147729,0
2015-07-21,50.164,50.317,50.164,50.27,137937,0
2015-07-22,50.241,50.342,50.241,50.342,120352,0
2015-07-23,50.231,50.378,50.231,50.378,121405,0
2015-07-24,50.352,50.362,50.279,50.342,81289,0
2015-07-27,50.326,50.418,50.317,50.378,280821,0
2015-07-28,50.317,50.398,50.298,50.334,94448,0
2015-07-29,50.308,50.362,50.27,50.334,132144,0
2015-07-30,50.326,50.37,50.27,50.37,130883,0
2015-07-31,50.447,50.515,50.428,50.515,117616,0
2015-08-03,50.43,50.593,50.43,50.527,248982,0
2015-08-04,50.554,50.564,50.4,50.478,167542,0
2015-08-05,50.39,50.41,50.291,50.328,94129,0
2015-08-06,50.42,50.487,50.365,50.468,130111,0
2015-08-07,50.458,50.507,50.344,50.449,68469,0
2015-08-10,50.458,50.468,50.372,50.458,116424,0
2015-08-11,50.478,50.583,50.449,50.583,231294,0
2015-08-12,50.593,50.641,50.4,50.554,138934,0
2015-08-13,50.535,50.554,50.439,50.439,80983,0
2015-08-14,50.372,50.507,50.372,50.449,77828,0
2015-08-17,50.478,50.487,50.41,50.43,94867,0
2015-08-18,50.372,50.439,50.344,50.372,83719,0
2015-08-19,50.364,50.574,50.309,50.574,113060,0
2015-08-20,50.517,50.603,50.478,50.593,92763,0
2015-08-21,50.574,50.66,50.535,50.574,134515,0
2015-08-24,50.729,50.796,50.544,50.69,220254,0
2015-08-25,50.631,50.631,50.43,50.603,667742,0
2015-08-26,50.517,50.603,50.43,50.439,109485,0
2015-08-27,50.43,50.527,50.39,50.449,2406775,0
2015-08-28,50.468,50.574,50.42,50.497,158914,0
2015-08-31,50.507,50.583,50.42,50.449,104648,0
2015-09-01,50.587,50.635,50.491,50.607,253898,0
2015-09-02,50.587,50.626,50.501,50.548,90128,0
2015-09-03,50.616,50.635,50.491,50.616,117653,0
2015-09-04,50.673,50.683,50.53,50.616,127527,0
2015-09-08,50.538,50.587,50.501,50.587,358313,0
2015-09-09,50.578,50.664,50.511,50.654,175114,0
2015-09-10,50.587,50.597,50.511,50.548,231032,0
2015-09-11,50.511,50.616,50.511,50.578,172484,0
2015-09-14,50.558,50.635,50.558,50.616,84035,0
2015-09-15,50.578,50.587,50.452,50.462,164500,0
2015-09-16,50.452,50.501,50.404,50.481,68277,0
2015-09-17,50.472,50.703,50.434,50.703,118109,0
2015-09-18,50.722,50.815,50.673,50.815,162505,0
2015-09-21,50.693,50.722,50.626,50.654,141498,0
2015-09-22,50.673,50.758,50.645,50.722,162825,0
2015-09-23,50.607,50.722,50.607,50.693,81939,0
2015-09-24,50.654,50.777,50.607,50.703,81870,0
2015-09-25,50.626,50.673,50.538,50.635,88868,0
2015-09-28,50.645,50.749,50.632,50.74,639122,0
2015-09-29,50.722,50.815,50.654,50.712,133302,0
2015-09-30,50.732,50.825,50.722,50.795,234989,0
2015-10-01,50.839,50.915,50.781,50.867,517891,0
2015-10-02,50.943,51.049,50.887,50.952,100602,0
2015-10-05,50.923,50.923,50.809,50.877,702948,0
2015-10-06,50.896,50.943,50.819,50.905,570133,0
2015-10-07,50.896,50.923,50.829,50.915,270016,0
2015-10-08,50.952,50.952,50.819,50.839,178330,0
2015-10-09,50.799,50.848,50.743,50.781,107732,0
2015-10-12,50.762,50.877,50.726,50.877,303983,0
2015-10-13,50.781,50.923,50.772,50.877,484533,0
2015-10-14,50.877,50.992,50.839,50.952,165325,0
2015-10-15,50.923,50.992,50.887,50.915,152734,0
2015-10-16,50.923,50.982,50.877,50.905,169205,0
2015-10-19,50.923,50.992,50.896,50.972,514516,0
2015-10-20,50.867,50.923,50.858,50.896,156161,0
2015-10-21,50.923,50.962,50.867,50.923,145498,0
2015-10-22,50.905,50.982,50.905,50.962,124410,0
2015-10-23,50.933,50.943,50.887,50.896,757904,0
2015-10-26,50.877,50.952,50.877,50.933,218088,0
2015-10-27,50.933,51.001,50.933,50.972,134798,0
2015-10-28,50.972,51.001,50.819,50.819,103854,0
2015-10-29,50.809,50.829,50.707,50.707,850848,0
2015-10-30,50.726,50.848,50.726,50.789,1172262,0
2015-11-02,50.65,50.791,50.65,50.764,1635553,0
2015-11-03,50.783,50.85,50.737,50.754,242514,0
2015-11-04,50.791,50.82,50.689,50.773,225153,0
2015-11-05,50.718,50.728,50.641,50.679,498755,0
2015-11-06,50.593,50.603,50.527,50.544,183958,0
2015-11-09,50.535,50.584,50.487,50.527,661260,0
2015-11-10,50.517,50.554,50.428,50.507,313543,0
2015-11-11,50.507,50.564,50.448,50.517,140167,0
2015-11-12,50.478,50.574,50.478,50.507,109577,0
2015-11-13,50.517,50.622,50.517,50.574,228794,0
2015-11-16,50.613,50.689,50.564,50.641,451824,0
2015-11-17,50.517,50.66,50.517,50.613,177043,0
2015-11-18,50.544,50.669,50.544,50.65,243460,0
2015-11-19,50.613,50.708,50.613,50.689,237068,0
2015-11-20,50.65,50.708,50.603,50.641,131682,0
2015-11-23,50.564,50.66,50.544,50.641,179663,0
2015-11-24,50.593,50.669,50.564,50.631,152842,0
2015-11-25,50.65,50.669,50.603,50.603,184898,0
2015-11-27,50.603,50.679,50.603,50.613,125500,0
2015-11-30,50.603,50.699,50.603,50.669,557630,0
2015-12-01,50.662,50.803,50.64,50.747,188198,0
2015-12-02,50.747,50.794,50.71,50.756,390845,0
2015-12-03,50.643,50.69,50.499,50.585,173410,0
2015-12-04,50.633,50.71,50.595,50.662,308097,0
2015-12-07,50.652,50.813,50.652,50.803,222938,0
2015-12-08,50.785,50.833,50.73,50.833,335116,0
2015-12-09,50.691,50.813,50.691,50.793,577172,0
2015-12-10,50.71,50.793,50.643,50.72,346178,0
2015-12-11,50.766,50.833,50.71,50.71,370446,0
2015-12-14,50.643,50.756,50.624,50.681,795977,0
2015-12-15,50.519,50.633,50.509,50.615,250975,0
2015-12-16,50.585,50.671,50.529,50.585,148658,0
2015-12-17,50.633,50.766,50.546,50.73,524652,0
2015-12-18,50.662,50.775,50.633,50.766,367519,0
2015-12-21,50.72,50.793,50.681,50.785,105034,0
2015-12-22,50.739,50.775,50.671,50.701,177684,0
2015-12-23,50.627,50.714,50.559,50.617,1146644,0
2015-12-24,50.539,50.667,50.539,50.647,105046,0
2015-12-28,50.588,50.714,50.588,50.695,181105,0
2015-12-29,50.705,50.714,50.588,50.617,292256,0
2015-12-30,50.598,50.666,50.539,50.608,208140,0
2015-12-31,50.734,50.78,50.666,50.724,215505,0
2016-01-04,50.808,50.863,50.714,50.714,157269,0
2016-01-05,50.77,50.857,50.734,50.808,308303,0
2016-01-06,50.808,50.931,50.808,50.923,416022,0
2016-01-07,50.914,51.011,50.866,50.992,327196,0
2016-01-08,50.923,51.041,50.923,51.031,178842,0
2016-01-11,50.933,51.021,50.923,50.952,174368,0
2016-01-12,50.943,51.06,50.904,50.962,324884,0
2016-01-13,50.886,51.079,50.886,51.021,185578,0
2016-01-14,51.021,51.098,51.001,51.079,560121,0
2016-01-15,50.943,51.167,50.943,51.118,133129,0
2016-01-19,51.089,51.128,51.001,51.059,1349635,0
2016-01-20,51.148,51.196,51.05,51.128,318318,0
2016-01-21,51.118,51.196,51.079,51.098,177151,0
2016-01-22,51.041,51.138,51.041,51.138,264809,0
2016-01-25,51.138,51.186,51.108,51.186,359913,0
2016-01-26,51.148,51.224,51.138,51.176,270028,0
2016-01-27,51.128,51.206,51.098,51.108,211277,0
2016-01-28,51.098,51.234,51.098,51.196,196245,0
2016-01-29,51.301,51.368,51.214,51.349,1083844,0
2016-02-01,51.342,51.351,51.199,51.236,149936,0
2016-02-02,51.332,51.454,51.332,51.444,236005,0
2016-02-03,51.397,51.502,51.304,51.361,192661,0
2016-02-04,51.434,51.464,51.37,51.454,346675,0
2016-02-05,51.397,51.444,51.322,51.416,224959,0
2016-02-08,51.472,51.512,51.434,51.444,198548,0
2016-02-09,51.425,51.512,51.407,51.407,175949,0
2016-02-10,51.416,51.502,51.38,51.482,121504,0
2016-02-11,51.492,51.61,51.444,51.552,205176,0
2016-02-12,51.512,51.541,51.397,51.454,159826,0
2016-02-16,51.464,51.482,51.416,51.434,190111,0
2016-02-17,51.397,51.468,51.38,51.454,189820,0
2016-02-18,51.472,51.552,51.407,51.532,214764,0
2016-02-19,51.472,51.542,51.407,51.472,268434,0
2016-02-22,51.425,51.502,51.416,51.454,269078,0
2016-02-23,51.416,51.522,51.388,51.444,154767,0
2016-02-24,51.482,51.571,51.416,51.479,188352,0
2016-02-25,51.512,51.542,51.454,51.492,175694,0
2016-02-26,51.397,51.482,51.388,51.444,153865,0
2016-02-29,51.444,51.542,51.416,51.492,160598,0
2016-03-01,51.553,51.564,51.398,51.408,165486,0
2016-03-02,51.425,51.513,51.42,51.503,236069,0
2016-03-03,51.523,51.553,51.445,51.523,166095,0
2016-03-04,51.553,51.557,51.435,51.503,279991,0
2016-03-07,51.465,51.513,51.408,51.417,261541,0
2016-03-08,51.483,51.555,51.473,51.473,177086,0
2016-03-09,51.425,51.465,51.387,51.403,168304,0
2016-03-10,51.362,51.408,51.343,51.362,140644,0
2016-03-11,51.353,51.425,51.295,51.343,138999,0
2016-03-14,51.371,51.435,51.353,51.353,276668,0
2016-03-15,51.408,51.417,51.353,51.371,154172,0
2016-03-16,51.314,51.473,51.275,51.465,195670,0
2016-03-17,51.473,51.543,51.473,51.483,228216,0
2016-03-18,51.503,51.572,51.473,51.473,241844,0
2016-03-21,51.523,51.523,51.381,51.417,142786,0
2016-03-22,51.473,51.473,51.408,51.417,178703,0
2016-03-23,51.408,51.483,51.371,51.465,219237,0
2016-03-24,51.563,51.563,51.314,51.362,267618,0
2016-03-28,51.371,51.455,51.371,51.381,201369,0
2016-03-29,51.408,51.581,51.408,51.581,299854,0
2016-03-30,51.533,51.581,51.493,51.533,247961,0
2016-03-31,51.523,51.641,51.513,51.601,393636,0
2016-04-01,51.642,51.702,51.573,51.592,318286,0
2016-04-04,51.692,51.712,51.632,51.642,150115,0
2016-04-05,51.712,51.722,51.659,51.692,110529,0
2016-04-06,51.692,51.692,51.582,51.662,110281,0
2016-04-07,51.702,51.771,51.672,51.682,463770,0
2016-04-08,51.662,51.722,51.662,51.682,467119,0
2016-04-11,51.692,51.751,51.622,51.682,144330,0
2016-04-12,51.742,51.742,51.632,51.692,260683,0
2016-04-13,51.692,51.732,51.632,51.712,268517,0
2016-04-14,51.662,51.672,51.599,51.662,210671,0
2016-04-15,51.682,51.712,51.647,51.692,159578,0
2016-04-18,51.722,51.722,51.652,51.712,194231,0
2016-04-19,51.682,51.732,51.659,51.702,202948,0
2016-04-20,51.722,51.722,51.602,51.662,192031,0
2016-04-21,51.602,51.652,51.582,51.632,182202,0
2016-04-22,51.602,51.662,51.573,51.662,135335,0
2016-04-25,51.582,51.622,51.573,51.582,214515,0
2016-04-26,51.612,51.612,51.554,51.563,113966,0
2016-04-27,51.602,51.642,51.534,51.592,215670,0
2016-04-28,51.632,51.692,51.592,51.662,215228,0
2016-04-29,51.672,51.732,51.657,51.732,175172,0
2016-05-02,51.71,51.71,51.63,51.63,298979,0
2016-05-03,51.815,51.825,51.781,51.825,191029,0
2016-05-04,51.815,51.844,51.778,51.844,148546,0
2016-05-05,51.787,51.884,51.769,51.884,328587,0
2016-05-06,51.835,51.922,51.806,51.922,174547,0
2016-05-09,51.864,51.902,51.844,51.893,183920,0
2016-05-10,51.835,51.844,51.825,51.844,180547,0
2016-05-11,51.864,51.874,51.835,51.844,609165,0
2016-05-12,51.854,51.893,51.825,51.893,146419,0
2016-05-13,51.854,51.874,51.815,51.825,292332,0
2016-05-16,51.825,51.844,51.806,51.815,122596,0
2016-05-17,51.854,51.864,51.785,51.796,115077,0
2016-05-18,51.796,51.796,51.63,51.75,258371,0
2016-05-19,51.75,51.769,51.66,51.75,145736,0
2016-05-20,51.71,51.76,51.66,51.72,133972,0
2016-05-23,51.76,51.778,51.7,51.74,172314,0
2016-05-24,51.75,51.76,51.7,51.7,248532,0
2016-05-25,51.769,51.769,51.71,51.76,158396,0
2016-05-26,51.769,51.786,51.72,51.73,141645,0
2016-05-27,51.806,51.806,51.7,51.72,779470,0
2016-05-31,51.73,51.778,51.65,51.75,136963,0
2016-06-01,51.797,51.85,51.759,51.77,885672,0
2016-06-02,51.788,51.903,51.788,51.845,178598,0
2016-06-03,51.961,52.027,51.923,52.027,300734,0
2016-06-06,51.97,51.988,51.923,51.988,496428,0
2016-06-07,52.008,52.023,51.961,51.97,388312,0
2016-06-08,52.027,52.035,51.917,52.035,660790,0
2016-06-09,52.008,52.008,51.885,51.913,429343,0
2016-06-10,52.008,52.018,51.933,51.951,592660,0
2016-06-13,52.065,52.065,51.979,51.979,265079,0
2016-06-14,52.045,52.045,51.97,51.988,228070,0
2016-06-15,52.035,52.095,51.988,52.035,316083,0
2016-06-16,52.085,52.114,52.027,52.114,191313,0
2016-06-17,52.104,52.104,51.998,51.998,437193,0
2016-06-20,52.018,52.018,51.97,51.97,157015,0
2016-06-21,52.018,52.035,51.937,51.998,200545,0
2016-06-22,52.008,52.008,51.942,51.97,288897,0
2016-06-23,51.988,51.988,51.942,51.961,142409,0
2016-06-24,52.192,52.232,52.055,52.134,201282,0
2016-06-27,52.212,52.232,52.095,52.202,316401,0
2016-06-28,52.232,52.232,52.126,52.232,147562,0
2016-06-29,52.154,52.212,52.134,52.134,165011,0
2016-06-30,52.202,52.222,52.154,52.212,626248,0
2016-07-01,52.282,52.302,52.192,52.192,207923,0
2016-07-05,52.398,52.427,52.335,52.427,458493,0
2016-07-06,52.32,52.388,52.282,52.302,347294,0
2016-07-07,52.212,52.35,52.212,52.292,166831,0
2016-07-08,52.252,52.36,52.252,52.311,193481,0
2016-07-11,52.35,52.35,52.272,52.272,149660,0
2016-07-12,52.282,52.282,52.154,52.173,217560,0
2016-07-13,52.222,52.292,52.222,52.252,528095,0
2016-07-14,52.242,52.302,52.154,52.302,430517,0
2016-07-15,52.212,52.231,52.163,52.182,162493,0
2016-07-18,52.222,52.222,52.134,52.134,363095,0
2016-07-19,52.154,52.242,52.154,52.222,246858,0
2016-07-20,52.232,52.272,52.154,52.272,311348,0
2016-07-21,52.202,52.239,52.154,52.232,253057,0
2016-07-22,52.232,52.232,52.163,52.182,386768,0
2016-07-25,52.222,52.222,52.154,52.173,233063,0
2016-07-26,52.212,52.222,52.144,52.154,187913,0
2016-07-27,52.202,52.212,52.154,52.212,324848,0
2016-07-28,52.242,52.242,52.202,52.242,140072,0
2016-07-29,52.32,52.34,52.272,52.282,159537,0
2016-08-01,52.335,52.345,52.257,52.297,197654,0
2016-08-02,52.247,52.316,52.237,52.316,497162,0
2016-08-03,52.307,52.325,52.247,52.257,294171,0
2016-08-04,52.297,52.355,52.297,52.297,567155,0
2016-08-05,52.355,52.36,52.247,52.257,263838,0
2016-08-08,52.257,52.345,52.257,52.307,252371,0
2016-08-09,52.277,52.325,52.248,52.307,208121,0
2016-08-10,52.297,52.392,52.297,52.374,184613,0
2016-08-11,52.403,52.413,52.257,52.307,290572,0
2016-08-12,52.403,52.403,52.307,52.365,209790,0
2016-08-15,52.393,52.393,52.267,52.267,157473,0
2016-08-16,52.287,52.325,52.247,52.247,616760,0
2016-08-17,52.307,52.365,52.267,52.297,251494,0
2016-08-18,52.374,52.384,52.287,52.355,209861,0
2016-08-19,52.287,52.374,52.277,52.325,158754,0
2016-08-22,52.277,52.365,52.277,52.297,157164,0
2016-08-23,52.297,52.345,52.292,52.325,169818,0
2016-08-24,52.345,52.365,52.297,52.355,270667,0
2016-08-25,52.316,52.365,52.316,52.355,171318,0
2016-08-26,52.355,52.374,52.267,52.307,208210,0
2016-08-29,52.335,52.365,52.287,52.316,154388,0
2016-08-30,52.297,52.365,52.297,52.345,128872,0
2016-08-31,52.307,52.421,52.307,52.365,165388,0
2016-09-01,52.354,52.383,52.315,52.344,279682,0
2016-09-02,52.383,52.402,52.315,52.364,142059,0
2016-09-06,52.402,52.5,52.392,52.48,516811,0
2016-09-07,52.51,52.528,52.454,52.471,126225,0
2016-09-08,52.471,52.516,52.441,52.441,311769,0
2016-09-09,52.441,52.48,52.373,52.412,264874,0
2016-09-12,52.364,52.412,52.339,52.373,834995,0
2016-09-13,52.392,52.441,52.306,52.392,200032,0
2016-09-14,52.422,52.434,52.383,52.422,243909,0
2016-09-15,52.412,52.451,52.373,52.412,204480,0
2016-09-16,52.441,52.441,52.364,52.422,181509,0
2016-09-19,52.431,52.431,52.354,52.354,195323,0
2016-09-20,52.422,52.431,52.373,52.392,190134,0
2016-09-21,52.402,52.47,52.364,52.402,217962,0
2016-09-22,52.461,52.518,52.424,52.49,255554,0
2016-09-23,52.49,52.519,52.451,52.49,193900,0
2016-09-26,52.528,52.557,52.5,52.519,146674,0
2016-09-27,52.557,52.576,52.528,52.557,248753,0
2016-09-28,52.576,52.59,52.519,52.538,343947,0
2016-09-29,52.519,52.576,52.519,52.528,309097,0
2016-09-30,52.548,52.557,52.49,52.548,172627,0
2016-10-03,52.469,52.526,52.469,52.508,457699,0
2016-10-04,52.555,52.574,52.469,52.498,215865,0
2016-10-05,52.517,52.531,52.449,52.459,262665,0
2016-10-06,52.498,52.536,52.42,52.488,249943,0
2016-10-07,52.469,52.524,52.42,52.469,269417,0
2016-10-10,52.459,52.459,52.332,52.459,411399,0
2016-10-11,52.42,52.478,52.332,52.4,191445,0
2016-10-12,52.371,52.409,52.362,52.39,301947,0
2016-10-13,52.439,52.45,52.39,52.39,300844,0
2016-10-14,52.41,52.469,52.385,52.4,200101,0
2016-10-17,52.439,52.446,52.371,52.42,233104,0
2016-10-18,52.39,52.487,52.381,52.444,275909,0
2016-10-19,52.41,52.488,52.41,52.459,221981,0
2016-10-20,52.488,52.508,52.439,52.459,182239,0
2016-10-21,52.459,52.526,52.459,52.469,339042,0
2016-10-24,52.488,52.508,52.449,52.478,225034,0
2016-10-25,52.478,52.508,52.4,52.439,154000,0
2016-10-26,52.381,52.439,52.381,52.429,208322,0
2016-10-27,52.381,52.408,52.342,52.371,204217,0
2016-10-28,52.352,52.429,52.352,52.381,172856,0
2016-10-31,52.42,52.429,52.352,52.362,314074,0
2016-11-01,52.358,52.406,52.338,52.367,360730,0
2016-11-02,52.445,52.522,52.348,52.445,298122,0
2016-11-03,52.425,52.465,52.367,52.406,602183,0
2016-11-04,52.445,52.507,52.406,52.475,248846,0
2016-11-07,52.455,52.475,52.387,52.425,594569,0
2016-11-08,52.396,52.455,52.358,52.406,265720,0
2016-11-09,52.318,52.333,52.072,52.116,586572,0
2016-11-10,52.092,52.092,51.917,51.966,438263,0
2016-11-11,51.975,52.052,51.888,51.927,170087,0
2016-11-14,51.829,51.829,51.624,51.714,282370,0
2016-11-15,51.594,51.839,51.594,51.791,283818,0
2016-11-16,51.724,51.836,51.714,51.819,251153,0
2016-11-17,51.772,51.829,51.684,51.704,594097,0
2016-11-18,51.644,51.744,51.486,51.526,323273,0
2016-11-21,51.546,51.565,51.438,51.496,312033,0
2016-11-22,51.496,51.56,51.448,51.486,336777,0
2016-11-23,51.283,51.4,51.249,51.352,224270,0
2016-11-25,51.381,51.39,51.273,51.342,111284,0
2016-11-28,51.371,51.53,51.342,51.476,225398,0
2016-11-29,51.467,51.573,51.427,51.476,200925,0
2016-11-30,51.438,51.496,51.37,51.41,238121,0
2016-12-01,51.313,51.322,51.165,51.254,274140,0
2016-12-02,51.342,51.481,51.332,51.428,307401,0
2016-12-05,51.39,51.476,51.313,51.371,387872,0
2016-12-06,51.41,51.486,51.361,51.419,325419,0
2016-12-07,51.428,51.604,51.428,51.476,257104,0
2016-12-08,51.516,51.556,51.419,51.516,892275,0
2016-12-09,51.4,51.485,51.31,51.313,297481,0
2016-12-12,51.264,51.41,51.244,51.342,210892,0
2016-12-13,51.39,51.467,51.303,51.322,662273,0
2016-12-14,51.352,51.419,51.165,51.165,223003,0
2016-12-15,50.958,51.028,50.83,50.844,596295,0
2016-12-16,50.834,51.008,50.775,50.862,359544,0
2016-12-19,50.948,51.048,50.901,51.008,294366,0
2016-12-20,50.91,51.028,50.872,50.998,266750,0
2016-12-21,50.968,51.106,50.929,51.028,365133,0
2016-12-22,51.016,51.104,50.957,51.036,382184,0
2016-12-23,51.104,51.114,51.006,51.026,341709,0
2016-12-27,50.986,51.054,50.955,50.986,409964,0
2016-12-28,51.026,51.204,50.986,51.174,293138,0
2016-12-29,51.204,51.351,51.174,51.302,432804,0
2016-12-30,51.282,51.419,51.282,51.361,364297,0
2017-01-03,51.272,51.458,51.233,51.419,327708,0
2017-01-04,51.4,51.476,51.341,51.4,343695,0
2017-01-05,51.486,51.665,51.39,51.645,657950,0
2017-01-06,51.556,51.576,51.458,51.536,483678,0
2017-01-09,51.615,51.615,51.496,51.585,420595,0
2017-01-10,51.546,51.615,51.516,51.576,251135,0
2017-01-11,51.516,51.695,51.496,51.556,359704,0
2017-01-12,51.635,51.701,51.585,51.625,287821,0
2017-01-13,51.476,51.556,51.438,51.467,193795,0
2017-01-17,51.546,51.635,51.526,51.605,329831,0
2017-01-18,51.506,51.595,51.331,51.4,619517,0
2017-01-19,51.263,51.339,51.253,51.302,310859,0
2017-01-20,51.233,51.4,51.204,51.321,335655,0
2017-01-23,51.428,51.545,51.398,51.516,241006,0
2017-01-24,51.467,51.516,51.332,51.371,259133,0
2017-01-25,51.341,51.361,51.234,51.282,899999,0
2017-01-26,51.282,51.347,51.175,51.33,595768,0
2017-01-27,51.341,51.4,51.253,51.331,368155,0
2017-01-30,51.341,51.423,51.331,51.341,372795,0
2017-01-31,51.361,51.476,51.361,51.448,247606,0
2017-02-01,51.284,51.44,51.284,51.363,512878,0
2017-02-02,51.45,51.508,51.382,51.402,392456,0
2017-02-03,51.518,51.587,51.382,51.478,730200,0
2017-02-06,51.568,51.647,51.519,51.607,223980,0
2017-02-07,51.577,51.687,51.558,51.647,425022,0
2017-02-08,51.707,51.795,51.677,51.727,2986632,0
2017-02-09,51.637,51.717,51.607,51.617,433544,0
2017-02-10,51.538,51.631,51.538,51.627,316295,0
2017-02-13,51.568,51.597,51.538,51.568,221506,0
2017-02-14,51.528,51.597,51.402,51.478,976106,0
2017-02-15,51.412,51.478,51.392,51.42,269011,0
2017-02-16,51.45,51.548,51.43,51.528,349757,0
2017-02-17,51.607,51.637,51.548,51.587,223720,0
2017-02-21,51.478,51.568,51.469,51.508,544453,0
2017-02-22,51.568,51.607,51.518,51.568,1779065,0
2017-02-23,51.647,51.687,51.558,51.687,383356,0
2017-02-24,51.747,51.835,51.697,51.825,284212,0
2017-02-27,51.727,51.835,51.687,51.697,484459,0
2017-02-28,51.727,51.766,51.697,51.697,734240,0
2017-03-01,51.479,51.558,51.47,51.499,698000,0
2017-03-02,51.451,51.499,51.382,51.431,349257,0
2017-03-03,51.451,51.479,51.374,51.402,498815,0
2017-03-06,51.441,51.47,51.402,51.441,262854,0
2017-03-07,51.451,51.47,51.388,51.431,375859,0
2017-03-08,51.245,51.343,51.245,51.304,525610,0
2017-03-09,51.235,51.294,51.146,51.166,409677,0
2017-03-10,51.196,51.245,51.146,51.206,612658,0
2017-03-13,51.156,51.176,51.056,51.076,370761,0
2017-03-14,51.086,51.146,51.076,51.116,386089,0
2017-03-15,51.176,51.412,51.136,51.363,256801,0
2017-03-16,51.363,51.431,51.343,51.343,285885,0
2017-03-17,51.402,51.46,51.373,51.441,260999,0
2017-03-20,51.382,51.489,51.382,51.489,173315,0
2017-03-21,51.431,51.628,51.431,51.578,671797,0
2017-03-22,51.628,51.728,51.607,51.688,211798,0
2017-03-23,51.648,51.698,51.559,51.618,450445,0
2017-03-24,51.608,51.678,51.509,51.598,270970,0
2017-03-27,51.718,51.757,51.638,51.678,436966,0
2017-03-28,51.728,51.738,51.569,51.569,470301,0
2017-03-29,51.608,51.708,51.598,51.708,212051,0
2017-03-30,51.638,51.698,51.588,51.638,216991,0
2017-03-31,51.628,51.748,51.583,51.748,331246,0
2017-04-03,51.7,51.841,51.7,51.808,1057986,0
2017-04-04,51.828,51.906,51.808,51.818,221413,0
2017-04-05,51.798,51.926,51.769,51.906,452323,0
2017-04-06,51.897,51.926,51.818,51.897,653276,0
2017-04-07,51.955,52.015,51.76,51.808,530623,0
2017-04-10,51.818,51.876,51.779,51.838,337973,0
2017-04-11,51.877,51.985,51.857,51.936,340107,0
2017-04-12,51.985,52.054,51.914,52.054,348168,0
2017-04-13,52.064,52.123,51.995,52.094,338554,0
2017-04-17,52.103,52.133,52.054,52.064,349947,0
2017-04-18,52.133,52.243,52.09,52.243,1054386,0
2017-04-19,52.153,52.156,52.087,52.143,803740,0
2017-04-20,52.064,52.113,51.995,52.064,274904,0
2017-04-21,52.094,52.113,52.034,52.054,391166,0
2017-04-24,51.975,52.024,51.936,52.015,282652,0
2017-04-25,51.936,51.957,51.838,51.867,224644,0
2017-04-26,51.887,51.946,51.824,51.946,767144,0
2017-04-27,51.906,52.005,51.897,51.965,326084,0
2017-04-28,51.946,52.044,51.916,52.034,267914,0
2017-05-01,51.97,52.02,51.911,51.96,496063,0
2017-05-02,51.99,52.079,51.97,52.069,367462,0
2017-05-03,52.02,52.109,51.95,51.95,1353491,0
2017-05-04,51.902,51.96,51.862,51.96,305673,0
2017-05-05,51.97,51.99,51.921,51.97,207006,0
2017-05-08,51.98,51.99,51.941,51.98,283849,0
2017-05-09,51.921,51.96,51.872,51.902,1155481,0
2017-05-10,51.95,51.95,51.842,51.872,255391,0
2017-05-11,51.833,51.882,51.803,51.872,182703,0
2017-05-12,52,52.079,51.96,52.069,258036,0
2017-05-15,52.059,52.069,52.01,52.039,617325,0
2017-05-16,52.069,52.138,52.049,52.108,362216,0
2017-05-17,52.248,52.347,52.208,52.347,286312,0
2017-05-18,52.288,52.357,52.248,52.278,252375,0
2017-05-19,52.248,52.298,52.198,52.248,290495,0
2017-05-22,52.248,52.278,52.208,52.278,295644,0
2017-05-23,52.258,52.308,52.138,52.138,634003,0
2017-05-24,52.128,52.284,52.128,52.278,287118,0
2017-05-25,52.268,52.326,52.208,52.268,254415,0
2017-05-26,52.308,52.318,52.258,52.308,232008,0
2017-05-30,52.288,52.386,52.268,52.386,453177,0
2017-05-31,52.337,52.385,52.298,52.298,575894,0
2017-06-01,52.233,52.332,52.217,52.293,497680,0
2017-06-02,52.499,52.519,52.381,52.46,405370,0
2017-06-05,52.342,52.43,52.342,52.362,382932,0
2017-06-06,52.519,52.519,52.44,52.49,490781,0
2017-06-07,52.43,52.489,52.411,52.45,269976,0
2017-06-08,52.421,52.47,52.362,52.43,321291,0
2017-06-09,52.391,52.401,52.303,52.332,811435,0
2017-06-12,52.322,52.391,52.293,52.332,254349,0
2017-06-13,52.303,52.362,52.283,52.342,481743,0
2017-06-14,52.47,52.539,52.381,52.46,336347,0
2017-06-15,52.362,52.391,52.303,52.352,367522,0
2017-06-16,52.362,52.421,52.335,52.391,229649,0
2017-06-19,52.313,52.381,52.273,52.313,414992,0
2017-06-20,52.342,52.401,52.322,52.371,246019,0
2017-06-21,52.352,52.391,52.332,52.352,208730,0
2017-06-22,52.371,52.4,52.342,52.362,162475,0
2017-06-23,52.352,52.396,52.332,52.391,229865,0
2017-06-26,52.411,52.43,52.371,52.401,267422,0
2017-06-27,52.342,52.352,52.253,52.293,669043,0
2017-06-28,52.303,52.332,52.269,52.303,540537,0
2017-06-29,52.203,52.263,52.173,52.223,299006,0
2017-06-30,52.203,52.253,52.133,52.163,324605,0
2017-07-03,52.173,52.173,52.034,52.074,264143,0
2017-07-05,52.074,52.173,52.074,52.143,549379,0
2017-07-06,52.074,52.143,52.034,52.034,1230773,0
2017-07-07,52.094,52.103,52.024,52.024,221525,0
2017-07-10,52.074,52.113,52.054,52.113,234027,0
2017-07-11,52.084,52.173,52.084,52.173,329362,0
2017-07-12,52.253,52.253,52.133,52.233,570775,0
2017-07-13,52.183,52.253,52.153,52.223,197947,0
2017-07-14,52.332,52.342,52.183,52.213,446882,0
2017-07-17,52.183,52.253,52.153,52.213,319571,0
2017-07-18,52.303,52.352,52.274,52.342,701453,0
2017-07-19,52.322,52.342,52.303,52.322,278919,0
2017-07-20,52.371,52.381,52.313,52.342,203215,0
2017-07-21,52.352,52.401,52.342,52.376,179278,0
2017-07-24,52.371,52.421,52.342,52.371,232277,0
2017-07-25,52.332,52.352,52.223,52.223,256114,0
2017-07-26,52.263,52.421,52.253,52.371,382818,0
2017-07-27,52.342,52.371,52.295,52.342,312590,0
2017-07-28,52.342,52.401,52.332,52.401,228475,0
2017-07-31,52.391,52.411,52.362,52.362,747875,0
2017-08-01,52.352,52.461,52.313,52.421,417151,0
2017-08-02,52.51,52.52,52.441,52.451,222112,0
2017-08-03,52.5,52.58,52.5,52.55,397761,0
2017-08-04,52.451,52.5,52.431,52.49,258773,0
2017-08-07,52.48,52.55,52.461,52.52,322781,0
2017-08-08,52.49,52.55,52.451,52.52,279806,0
2017-08-09,52.57,52.6,52.5,52.54,1225394,0
2017-08-10,52.53,52.58,52.51,52.575,376029,0
2017-08-11,52.51,52.61,52.51,52.61,272115,0
2017-08-14,52.58,52.6,52.52,52.56,365196,0
2017-08-15,52.49,52.56,52.49,52.52,419101,0
2017-08-16,52.5,52.62,52.49,52.54,462101,0
2017-08-17,52.54,52.6,52.52,52.6,331438,0
2017-08-18,52.59,52.62,52.53,52.59,290509,0
2017-08-21,52.6,52.6,52.57,52.575,235070,0
2017-08-22,52.54,52.6,52.5,52.54,399532,0
2017-08-23,52.63,52.63,52.55,52.62,289956,0
2017-08-24,52.57,52.6,52.54,52.58,257563,0
2017-08-25,52.6,52.64,52.54,52.63,293630,0
2017-08-28,52.64,52.67,52.6,52.67,223267,0
2017-08-29,52.73,52.75,52.675,52.73,312488,0
2017-08-30,52.69,52.72,52.66,52.69,381283,0
2017-08-31,52.71,52.75,52.705,52.74,213814,0
2017-09-01,52.72,52.74,52.66,52.67,270641,0
2017-09-05,52.869,52.898,52.8,52.879,977857,0
2017-09-06,52.869,52.889,52.798,52.84,719253,0
2017-09-07,52.879,52.938,52.869,52.928,332986,0
2017-09-08,52.928,52.928,52.866,52.908,234051,0
2017-09-11,52.869,52.869,52.77,52.79,457009,0
2017-09-12,52.75,52.75,52.697,52.72,293719,0
2017-09-13,52.76,52.76,52.719,52.73,385000,0
2017-09-14,52.73,52.76,52.717,52.74,231282,0
2017-09-15,52.76,52.76,52.71,52.73,418739,0
2017-09-18,52.7,52.72,52.67,52.7,247157,0
2017-09-19,52.73,52.74,52.65,52.71,251580,0
2017-09-20,52.72,52.74,52.55,52.64,506124,0
2017-09-21,52.67,52.69,52.6,52.61,317630,0
2017-09-22,52.68,52.68,52.62,52.68,215822,0
2017-09-25,52.69,52.75,52.68,52.75,234820,0
2017-09-26,52.74,52.74,52.68,52.73,261866,0
2017-09-27,52.68,52.685,52.61,52.65,576453,0
2017-09-28,52.62,52.69,52.606,52.68,538522,0
2017-09-29,52.71,52.723,52.58,52.58,351248,0
2017-10-02,52.66,52.689,52.61,52.67,380045,0
2017-10-03,52.72,52.76,52.69,52.73,264687,0
2017-10-04,52.76,52.76,52.651,52.74,422178,0
2017-10-05,52.73,52.75,52.64,52.69,326181,0
2017-10-06,52.62,52.66,52.54,52.6,298220,0
2017-10-09,52.62,52.64,52.59,52.63,267093,0
2017-10-10,52.65,52.7,52.62,52.63,298526,0
2017-10-11,52.67,52.71,52.62,52.67,933953,0
2017-10-12,52.71,52.73,52.66,52.72,299465,0
2017-10-13,52.785,52.8,52.73,52.79,245628,0
2017-10-16,52.76,52.78,52.71,52.74,271807,0
2017-10-17,52.74,52.746,52.7,52.73,559196,0
2017-10-18,52.67,52.69,52.65,52.66,454868,0
2017-10-19,52.67,52.72,52.63,52.66,450403,0
2017-10-20,52.55,52.589,52.53,52.58,309895,0
2017-10-23,52.58,52.62,52.57,52.62,294178,0
2017-10-24,52.57,52.59,52.51,52.52,427084,0
2017-10-25,52.46,52.49,52.43,52.49,434182,0
2017-10-26,52.54,52.541,52.42,52.45,449331,0
2017-10-27,52.46,52.54,52.41,52.53,444166,0
2017-10-30,52.62,52.66,52.59,52.64,622964,0
2017-10-31,52.63,52.66,52.6,52.63,347074,0
2017-11-01,52.59,52.65,52.57,52.63,362544,0
2017-11-02,52.67,52.72,52.65,52.68,2678471,0
2017-11-03,52.74,52.74,52.66,52.72,2023517,0
2017-11-06,52.73,52.74,52.71,52.72,299176,0
2017-11-07,52.76,52.77,52.73,52.74,272594,0
2017-11-08,52.78,52.8,52.69,52.71,365573,0
2017-11-09,52.63,52.67,52.61,52.65,283654,0
2017-11-10,52.6,52.6,52.53,52.55,253409,0
