Date,Open,High,Low,Close,Volume,OpenInt
2010-09-14,46.637,46.982,46.501,46.792,40984,0
2010-09-15,46.745,46.871,46.745,46.862,2325,0
2010-09-16,46.889,46.991,46.792,46.991,6626,0
2010-09-17,47.207,47.236,47.009,47.124,14112,0
2010-09-20,47.306,47.306,47.306,47.306,551,0
2010-09-21,48.014,48.014,47.641,47.641,7181,0
2010-09-22,47.587,47.587,47.496,47.496,326,0
2010-09-23,47.379,47.697,47.379,47.388,7585,0
2010-09-24,47.903,48.295,47.903,48.286,3872,0
2010-09-27,48.202,48.202,48.149,48.149,3975,0
2010-09-28,47.859,48.32,47.786,48.32,13203,0
2010-09-29,48.086,48.258,48.086,48.111,16680,0
2010-09-30,48.471,48.518,47.871,48.035,22425,0
2010-10-01,48.364,48.364,47.967,48.139,21672,0
2010-10-04,48.067,48.077,47.506,47.506,15685,0
2010-10-05,48.192,48.674,48.192,48.664,16242,0
2010-10-06,48.691,48.691,48.419,48.548,64679,0
2010-10-07,48.41,48.502,48.364,48.364,2988,0
2010-10-08,48.61,48.981,48.512,48.908,13902,0
2010-10-11,48.963,49.098,48.936,49.036,6186,0
2010-10-12,48.556,49.252,48.556,49.181,31484,0
2010-10-13,49.461,49.733,49.461,49.716,10854,0
2010-10-14,49.586,49.678,49.47,49.48,20105,0
2010-10-15,49.805,49.914,49.743,49.914,10053,0
2010-10-18,49.96,50.31,49.951,50.31,10761,0
2010-10-19,49.426,49.743,49.307,49.324,10372,0
2010-10-20,49.678,50.147,49.642,50.015,46792,0
2010-10-21,50.167,50.346,49.687,49.822,23978,0
2010-10-22,50.139,50.204,50.112,50.167,14829,0
2010-10-25,50.728,50.728,50.375,50.375,51142,0
2010-10-26,50.384,50.384,50.295,50.295,6931,0
2010-10-27,50.022,50.121,49.904,49.914,14084,0
2010-10-28,50.085,50.402,50.085,50.402,11181,0
2010-10-29,50.439,50.523,50.355,50.513,10132,0
2010-11-01,50.799,50.846,50.302,50.402,12273,0
2010-11-02,50.846,51.099,50.846,51.099,7867,0
2010-11-03,51.108,51.155,50.728,51.155,32346,0
2010-11-04,51.788,52.051,51.743,52.051,19667,0
2010-11-05,52.158,52.158,51.951,52.158,25641,0
2010-11-08,52.032,52.148,51.923,52.094,7253,0
2010-11-09,52.402,52.402,51.679,51.679,14721,0
2010-11-10,51.598,52.005,51.552,52.005,5107,0
2010-11-11,51.552,51.796,51.38,51.707,4691,0
2010-11-12,51.616,51.616,50.946,51.126,2842,0
2010-11-15,51.343,51.343,51.126,51.135,3095,0
2010-11-16,50.728,50.728,49.895,50.13,25807,0
2010-11-17,50.076,50.375,50.076,50.365,20973,0
2010-11-18,51.117,51.189,51.117,51.189,2534,0
2010-11-19,50.937,51.226,50.891,51.226,8699,0
2010-11-22,50.992,51.291,50.702,51.155,19434,0
2010-11-23,50.564,50.666,50.365,50.6,35919,0
2010-11-24,51.036,51.343,50.982,51.308,4684,0
2010-11-26,51.181,51.181,51.089,51.089,6076,0
2010-11-29,50.817,50.965,50.421,50.965,52108,0
2010-11-30,50.433,50.942,50.349,50.68,56817,0
2010-12-01,51.525,51.815,51.488,51.779,31921,0
2010-12-02,52.122,52.294,52.077,52.294,7195,0
2010-12-03,52.13,52.495,52.13,52.486,10301,0
2010-12-06,52.459,52.477,52.267,52.477,53845,0
2010-12-07,53.091,53.091,52.366,52.366,12562,0
2010-12-08,52.469,52.469,52.195,52.44,15019,0
2010-12-09,52.366,52.502,52.366,52.495,3755,0
2010-12-10,52.791,52.791,52.619,52.774,4780,0
2010-12-13,53.118,53.118,52.974,53.038,2072,0
2010-12-14,53.01,53.028,52.845,52.845,3319,0
2010-12-15,52.937,53.018,52.61,52.721,13372,0
2010-12-16,52.529,52.955,52.495,52.918,13092,0
2010-12-17,52.964,53.091,52.964,53.091,4716,0
2010-12-20,53.189,53.327,52.901,53.155,12401,0
2010-12-21,53.399,53.452,53.29,53.452,28595,0
2010-12-22,53.409,53.461,53.363,53.418,12534,0
2010-12-23,53.399,53.427,53.336,53.353,3434,0
2010-12-27,52.964,53.181,52.91,53.181,5132,0
2010-12-28,53.091,53.118,53.063,53.118,2179,0
2010-12-29,53.235,53.355,53.226,53.235,10949,0
2010-12-30,53.373,53.373,53.118,53.189,19723,0
2010-12-31,53.003,53.142,52.995,53.095,2613,0
2011-01-03,53.526,53.852,53.526,53.633,10816,0
2011-01-04,53.888,53.888,53.244,53.409,13497,0
2011-01-05,53.399,53.697,53.244,53.633,32964,0
2011-01-06,53.879,53.879,53.507,53.624,13148,0
2011-01-07,53.633,53.697,53.281,53.562,24211,0
2011-01-10,53.443,53.543,53.234,53.543,4934,0
2011-01-11,53.816,53.816,53.598,53.624,16373,0
2011-01-12,54.067,54.087,53.842,54.077,34089,0
2011-01-13,54.187,54.187,53.977,54.014,26498,0
2011-01-14,53.942,54.267,53.942,54.241,11292,0
2011-01-18,54.303,54.521,54.187,54.511,35559,0
2011-01-19,54.494,54.511,53.977,54.049,33599,0
2011-01-20,53.968,53.968,53.526,53.824,70863,0
2011-01-21,54.159,54.168,53.751,53.751,16571,0
2011-01-24,53.806,54.187,53.723,54.187,4310,0
2011-01-25,54.059,54.124,53.832,54.124,4852,0
2011-01-26,54.476,54.586,54.241,54.586,10708,0
2011-01-27,54.449,54.674,54.449,54.531,3203,0
2011-01-28,54.549,54.558,53.409,53.488,39726,0
2011-01-31,53.676,53.922,53.564,53.804,3771,0
2011-02-01,54.197,54.719,54.197,54.674,4001,0
2011-02-02,54.549,54.683,54.521,54.586,9169,0
2011-02-03,54.494,54.747,54.494,54.738,11007,0
2011-02-04,54.719,54.945,54.604,54.936,6902,0
2011-02-07,55.245,55.433,55.164,55.209,19028,0
2011-02-08,55.291,55.508,55.291,55.508,2776,0
2011-02-09,55.527,55.535,55.328,55.408,3799,0
2011-02-10,55.254,55.518,55.164,55.433,16065,0
2011-02-11,55.49,55.77,55.49,55.77,2483,0
2011-02-14,55.934,55.979,55.898,55.951,9522,0
2011-02-15,55.706,55.842,55.671,55.779,10947,0
2011-02-16,56.023,56.205,55.934,56.151,7685,0
2011-02-18,56.258,56.359,56.125,56.16,7868,0
2011-02-22,55.76,55.833,55.119,55.119,20480,0
2011-02-23,55.154,55.164,54.421,54.674,24517,0
2011-02-24,54.738,54.775,54.313,54.775,21626,0
2011-02-25,55.145,55.399,55.129,55.399,8751,0
2011-02-28,55.56,55.68,55.431,55.542,6019,0
2011-03-01,55.809,55.809,54.784,54.784,3744,0
2011-03-02,54.766,55.083,54.619,54.83,1856,0
2011-03-03,55.827,55.836,55.799,55.799,1284,0
2011-03-04,55.618,55.815,55.245,55.264,21990,0
2011-03-07,55.788,55.916,54.945,54.955,4462,0
2011-03-08,54.927,55.49,54.83,55.408,11264,0
2011-03-09,55.218,55.381,55.101,55.189,4705,0
2011-03-10,54.619,54.628,54.265,54.365,26775,0
2011-03-11,54.229,54.611,54.185,54.611,7009,0
2011-03-14,54.421,54.521,53.987,54.303,12057,0
2011-03-15,52.992,53.87,52.974,53.87,8501,0
2011-03-16,53.327,53.562,52.486,52.674,42187,0
2011-03-17,53.422,53.594,53.238,53.293,21255,0
2011-03-18,53.838,53.867,53.403,53.403,11253,0
2011-03-21,54.129,54.337,54.037,54.248,3691,0
2011-03-22,54.256,54.256,54.101,54.175,8370,0
2011-03-23,54.014,54.303,53.789,54.286,59101,0
2011-03-24,54.848,55.046,54.467,54.964,31492,0
2011-03-25,55.171,55.4,55.137,55.236,54858,0
2011-03-28,55.4,55.4,55.219,55.219,6449,0
2011-03-29,54.945,55.444,54.838,55.435,28946,0
2011-03-30,55.727,55.928,55.709,55.809,6352,0
2011-03-31,55.799,55.903,55.772,55.875,3242,0
2011-04-01,55.991,56.253,55.883,55.928,5126,0
2011-04-04,56.072,56.072,55.836,55.982,3778,0
2011-04-05,55.946,56.182,55.919,56.062,7195,0
2011-04-06,56.217,56.245,55.91,55.938,5976,0
2011-04-07,56.008,56.147,55.79,55.79,4509,0
2011-04-08,56.317,56.317,55.563,55.782,5597,0
2011-04-11,55.864,55.919,55.62,55.656,4002,0
2011-04-12,55.246,55.329,55.046,55.165,8552,0
2011-04-13,55.463,55.501,55.329,55.347,6087,0
2011-04-14,55.046,55.046,55.046,55.046,299,0
2011-04-15,55.418,55.638,55.418,55.638,3968,0
2011-04-18,54.801,54.945,54.654,54.945,2971,0
2011-04-19,55.155,55.284,54.981,55.284,8906,0
2011-04-20,56.044,56.217,56.026,56.217,6102,0
2011-04-21,56.489,56.655,56.47,56.553,1422,0
2011-04-25,56.544,56.59,56.392,56.544,8009,0
2011-04-26,56.744,57.072,56.717,56.971,4593,0
2011-04-27,56.926,57.354,56.889,57.354,11268,0
2011-04-28,57.281,57.464,57.281,57.426,2998,0
2011-04-29,57.604,57.65,57.548,57.632,1479,0
2011-05-02,57.86,57.991,57.736,57.77,3393,0
2011-05-03,57.626,57.626,57.135,57.135,4302,0
2011-05-04,57.38,57.38,56.989,57.101,1701,0
2011-05-05,57.008,57.18,56.544,56.544,2581,0
2011-05-06,57.19,57.435,56.735,56.855,127727,0
2011-05-09,56.926,57.217,56.873,57.217,9410,0
2011-05-10,57.344,57.607,57.308,57.598,13080,0
2011-05-11,57.534,57.534,56.926,56.926,3444,0
2011-05-12,56.981,57.417,56.981,57.417,775,0
2011-05-13,57.481,57.481,56.945,56.945,7618,0
2011-05-16,56.798,56.873,56.735,56.873,2313,0
2011-05-17,56.281,56.48,56.044,56.411,7752,0
2011-05-18,56.709,57.036,56.69,57.008,3005,0
2011-05-19,57.151,57.244,56.889,57.151,10298,0
2011-05-20,57.063,57.072,56.845,56.845,1906,0
2011-05-23,56.072,56.226,55.928,56.2,5143,0
2011-05-24,56.137,56.137,56.109,56.109,995,0
2011-05-25,56.209,56.209,55.982,56.209,3193,0
2011-05-26,56.281,56.646,56.281,56.636,2950,0
2011-05-27,56.808,56.818,56.699,56.717,2431,0
2011-05-31,57.207,57.207,57.042,57.118,2920,0
2011-06-01,57.19,57.244,56.437,56.48,15584,0
2011-06-02,56.263,56.263,55.855,56.137,7065,0
2011-06-03,55.665,55.864,55.427,55.454,3251,0
2011-06-06,55.355,55.563,55.01,55.102,12347,0
2011-06-07,55.241,55.431,54.968,54.968,24403,0
2011-06-08,54.906,54.94,54.676,54.721,6829,0
2011-06-09,54.787,55.28,54.778,55.087,3210,0
2011-06-10,54.896,54.896,54.257,54.266,5107,0
2011-06-13,54.419,54.419,54.037,54.248,24951,0
2011-06-14,54.811,55.092,54.774,54.945,35947,0
2011-06-15,54.284,54.603,54.092,54.092,4780,0
2011-06-16,54.084,54.121,53.811,53.811,8716,0
2011-06-17,54.55,54.55,54.003,54.003,6064,0
2011-06-20,54.074,54.538,54.074,54.465,14023,0
2011-06-21,54.778,55.26,54.778,55.26,15189,0
2011-06-22,55.28,55.378,54.931,54.931,24561,0
2011-06-23,54.056,54.666,54.056,54.666,28523,0
2011-06-24,54.559,54.631,54.231,54.257,4266,0
2011-06-27,54.312,54.402,54.239,54.402,1005,0
2011-06-28,55.378,55.534,55.378,55.534,418,0
2011-06-29,55.853,56.081,55.853,56.081,3526,0
2011-06-30,56.269,56.684,56.25,56.658,7638,0
2011-07-01,57.065,57.556,56.692,57.547,9941,0
2011-07-05,57.458,57.594,57.458,57.556,2114,0
2011-07-06,57.556,57.731,57.411,57.731,22269,0
2011-07-07,58.252,58.434,58.199,58.434,5752,0
2011-07-08,57.876,57.97,57.686,57.924,13652,0
2011-07-11,57.511,57.547,57.038,57.085,8906,0
2011-07-12,57.246,57.256,56.79,56.79,6514,0
2011-07-13,57.164,57.484,57.145,57.145,2798,0
2011-07-14,57.145,57.145,56.518,56.637,4851,0
2011-07-15,56.891,57.038,56.692,57.038,18661,0
2011-07-18,56.837,56.837,56.281,56.582,22369,0
2011-07-19,57.121,57.821,57.121,57.731,9046,0
2011-07-20,57.857,58.065,57.565,57.565,4433,0
2011-07-21,58.244,58.292,57.996,58.234,3565,0
2011-07-22,58.358,58.386,58.17,58.386,4311,0
2011-07-25,57.848,58.396,57.848,58.18,5678,0
2011-07-26,58.086,58.114,58.076,58.076,3280,0
2011-07-27,57.649,57.649,56.71,56.737,8321,0
2011-07-28,56.828,57.266,56.629,56.637,2898,0
2011-07-29,56.109,56.677,55.916,56.29,4439,0
2011-08-01,57.038,57.038,55.56,55.953,15671,0
2011-08-02,55.679,55.916,54.706,54.706,13188,0
2011-08-03,54.721,55.014,53.875,54.985,136432,0
2011-08-04,54.121,54.385,52.507,52.579,26039,0
2011-08-05,53.037,53.235,51.14,52.561,40994,0
2011-08-08,50.94,51.658,49.49,49.607,35102,0
2011-08-09,50.276,51.578,49.399,51.578,18523,0
2011-08-10,50.192,50.894,49.454,49.454,11820,0
2011-08-11,49.983,52.024,49.773,52.024,8063,0
2011-08-12,52.133,52.314,51.505,51.878,16380,0
2011-08-15,52.481,52.889,52.252,52.889,8869,0
2011-08-16,52.507,52.728,51.961,52.481,14092,0
2011-08-17,52.737,52.973,52.034,52.271,10770,0
2011-08-18,50.903,51.014,49.58,50.037,35173,0
2011-08-19,49.691,50.446,49.135,49.408,23662,0
2011-08-22,50.164,50.164,49.39,49.472,12630,0
2011-08-23,49.527,50.959,49.408,50.94,6339,0
2011-08-24,51.295,51.687,50.986,51.629,3062,0
2011-08-25,51.842,51.842,50.801,50.829,2085,0
2011-08-26,50.712,51.788,50.063,51.697,16344,0
2011-08-29,52.481,53.1,52.481,53.1,5913,0
2011-08-30,52.763,53.42,52.737,53.42,8264,0
2011-08-31,53.84,54.041,53.546,53.666,8013,0
2011-09-01,53.656,53.811,53.037,53.037,269272,0
2011-09-02,52.156,52.213,51.716,51.945,19284,0
2011-09-06,50.294,51.557,50.294,51.557,6523,0
2011-09-07,52.315,52.775,52.272,52.775,6934,0
2011-09-08,52.802,53.058,52.59,52.618,2696,0
2011-09-09,52.096,52.096,50.87,50.87,5089,0
2011-09-12,50.411,51.339,50.411,51.339,6078,0
2011-09-13,51.313,52.061,51.313,52.052,1095,0
2011-09-14,52.289,52.426,51.923,52.426,1534,0
2011-09-15,53.137,53.446,52.862,53.446,2633,0
2011-09-16,53.846,53.955,53.691,53.691,40310,0
2011-09-19,53.072,53.146,52.88,53.146,3370,0
2011-09-20,54.231,54.231,53.491,53.491,2798,0
2011-09-21,53.702,53.719,52.226,52.226,10423,0
2011-09-22,50.583,50.829,49.974,50.555,2666,0
2011-09-23,50.099,50.851,50.099,50.794,67702,0
2011-09-26,51.042,51.218,50.495,51.155,4201,0
2011-09-27,52.637,53.15,52.608,52.731,8950,0
2011-09-28,52.307,52.307,51.713,51.713,1205,0
2011-09-29,52.29,52.29,50.679,51.126,134610,0
2011-09-30,50.603,51.029,50.485,50.485,5172,0
2011-10-03,49.716,50.072,48.983,48.983,28988,0
2011-10-04,48.168,49.24,47.939,49.24,19300,0
2011-10-05,49.576,50.394,49.576,50.394,8649,0
2011-10-06,50.851,51.465,50.705,51.465,30796,0
2011-10-07,51.867,51.867,51.145,51.841,6090,0
2011-10-10,52.371,52.712,52.324,52.655,3772,0
2011-10-11,52.749,53.114,52.749,53.049,13780,0
2011-10-12,53.893,53.955,53.599,53.599,1287,0
2011-10-13,53.159,53.527,53.159,53.527,2863,0
2011-10-14,54.25,54.58,54.103,54.571,7232,0
2011-10-17,54.497,54.497,53.544,53.544,11923,0
2011-10-18,53.378,54.469,53.378,54.469,11983,0
2011-10-19,54.232,54.331,53.527,53.527,5499,0
2011-10-20,53.479,53.683,52.986,53.609,11105,0
2011-10-21,54.212,54.651,54.212,54.433,7787,0
2011-10-24,54.688,55.422,54.679,55.322,8619,0
2011-10-25,54.724,55.23,54.35,54.414,23385,0
2011-10-26,54.037,54.799,54.037,54.633,6716,0
2011-10-27,56.209,56.768,55.733,56.768,42369,0
2011-10-28,56.404,56.585,56.329,56.575,3490,0
2011-10-31,55.888,56.06,55.508,55.508,4147,0
2011-11-01,53.819,54.441,53.819,53.893,77842,0
2011-11-02,54.633,54.891,54.387,54.608,5557,0
2011-11-03,54.781,55.806,54.781,55.796,8888,0
2011-11-04,55.258,55.497,55.172,55.478,5746,0
2011-11-07,55.751,55.842,54.927,55.787,14447,0
2011-11-08,56.164,56.182,55.742,56.081,4595,0
2011-11-09,55.112,55.276,54.34,54.34,9762,0
2011-11-10,55.238,55.238,54.433,54.854,7415,0
2011-11-11,55.54,56.025,55.54,55.852,6685,0
2011-11-14,55.742,55.852,55.34,55.514,15130,0
2011-11-15,55.375,56.119,55.375,55.999,4328,0
2011-11-16,55.635,56.025,55.065,55.065,4691,0
2011-11-17,54.763,54.954,53.911,54.065,6966,0
2011-11-18,54.158,54.232,53.974,53.993,4789,0
2011-11-21,53.343,53.343,52.536,52.856,31237,0
2011-11-22,52.893,53.159,52.637,52.837,2595,0
2011-11-23,52.509,52.553,51.877,52.069,5440,0
2011-11-25,51.656,52.096,51.566,51.566,18275,0
2011-11-28,53.041,53.231,52.893,53.041,24992,0
2011-11-29,53.388,53.408,53.132,53.315,7904,0
2011-11-30,54.796,55.239,54.796,55.231,13071,0
2011-12-01,55.302,55.413,55.201,55.349,4716,0
2011-12-02,55.695,55.926,55.368,55.394,13237,0
2011-12-05,55.981,56.099,55.486,55.486,19637,0
2011-12-06,55.726,55.894,55.617,55.799,6701,0
2011-12-07,55.617,55.865,55.102,55.716,9372,0
2011-12-08,55.542,55.598,54.797,54.797,8670,0
2011-12-09,55.13,55.745,54.972,55.637,16042,0
2011-12-12,55.029,55.046,54.598,54.808,8899,0
2011-12-13,55.102,55.403,54.34,54.368,23007,0
2011-12-14,53.928,53.938,53.581,53.7,6203,0
2011-12-15,54.186,54.205,53.726,53.726,11135,0
2011-12-16,53.978,54.365,53.593,53.84,30847,0
2011-12-19,54.075,54.112,53.398,53.398,15667,0
2011-12-20,54.212,54.881,54.186,54.881,8497,0
2011-12-21,54.58,54.891,54.58,54.846,5153,0
2011-12-22,55.156,55.238,54.926,55.138,30039,0
2011-12-23,55.423,55.672,55.258,55.672,8453,0
2011-12-27,55.912,55.948,55.772,55.846,24453,0
2011-12-28,55.894,55.894,55.166,55.221,15868,0
2011-12-29,55.414,55.698,55.35,55.689,22631,0
2011-12-30,55.65,55.722,55.555,55.555,3003,0
2012-01-03,56.372,56.509,56.124,56.133,28395,0
2012-01-04,56.094,56.269,55.956,56.241,39809,0
2012-01-05,56.02,56.334,55.772,56.334,5910,0
2012-01-06,56.41,56.41,56.124,56.223,28506,0
2012-01-09,56.241,56.278,56.03,56.214,10341,0
2012-01-10,56.72,56.803,56.536,56.592,13760,0
2012-01-11,56.4,56.564,56.362,56.499,14029,0
2012-01-12,56.676,56.676,56.223,56.611,19126,0
2012-01-13,56.151,56.41,56.086,56.41,4121,0
2012-01-17,56.978,56.978,56.638,56.729,9344,0
2012-01-18,56.793,57.263,56.702,57.263,11701,0
2012-01-19,57.429,57.556,57.365,57.53,8910,0
2012-01-20,57.403,57.467,57.319,57.467,13868,0
2012-01-23,57.53,57.698,57.373,57.585,6353,0
2012-01-24,57.208,57.502,57.208,57.448,9915,0
2012-01-25,57.403,58.167,57.393,58.109,7104,0
2012-01-26,58.415,58.433,57.824,57.88,12456,0
2012-01-27,57.725,57.909,57.706,57.824,10836,0
2012-01-30,57.448,57.725,57.235,57.725,9120,0
2012-01-31,58.088,58.088,57.52,57.762,15050,0
2012-02-01,58.128,58.32,57.983,58.167,7031,0
2012-02-02,58.3,58.3,58.148,58.232,8568,0
2012-02-03,58.661,58.9,58.642,58.891,8845,0
2012-02-06,58.71,58.9,58.661,58.891,7586,0
2012-02-07,58.738,59.158,58.642,59.094,4224,0
2012-02-08,59.187,59.187,58.976,59.132,3791,0
2012-02-09,59.408,59.453,59.048,59.379,14703,0
2012-02-10,58.976,59.014,58.837,58.928,13084,0
2012-02-13,59.444,59.462,59.281,59.398,4500,0
2012-02-14,59.322,59.369,59.305,59.369,1493,0
2012-02-15,59.703,59.812,59.297,59.297,17973,0
2012-02-16,59.149,59.722,59.149,59.722,7711,0
2012-02-17,59.777,59.777,59.59,59.731,8154,0
2012-02-21,59.942,59.942,59.628,59.628,8819,0
2012-02-22,59.829,59.857,59.794,59.794,2820,0
2012-02-23,59.749,59.952,59.628,59.942,8148,0
2012-02-24,60.199,60.276,60.171,60.228,4196,0
2012-02-27,60.171,60.389,60.171,60.389,3412,0
2012-02-28,60.302,60.577,60.276,60.577,21252,0
2012-02-29,60.616,60.739,60.23,60.23,7935,0
2012-03-01,60.495,60.541,60.347,60.504,11516,0
2012-03-02,60.533,60.587,60.347,60.398,4258,0
2012-03-05,60.132,60.319,60.105,60.247,1429,0
2012-03-06,59.663,59.663,59.294,59.405,10801,0
2012-03-07,59.607,59.81,59.553,59.8,9798,0
2012-03-08,60.104,60.39,60.05,60.361,13814,0
2012-03-09,60.515,60.621,60.428,60.486,4222,0
2012-03-12,60.577,60.647,60.398,60.577,6499,0
2012-03-13,60.924,61.45,60.87,61.45,8165,0
2012-03-14,61.635,61.671,61.388,61.414,9431,0
2012-03-15,61.645,61.753,61.479,61.598,6607,0
2012-03-16,61.824,61.853,61.704,61.785,5281,0
2012-03-19,61.874,62.177,61.745,62.168,11946,0
2012-03-20,61.772,61.928,61.661,61.894,1797,0
2012-03-21,61.838,62.001,61.838,61.847,2898,0
2012-03-22,61.496,61.57,61.23,61.487,12051,0
2012-03-23,61.603,61.603,61.224,61.574,5544,0
2012-03-26,62.083,62.369,61.952,62.369,5200,0
2012-03-27,62.459,62.572,62.343,62.343,3331,0
2012-03-28,62.45,62.45,61.871,62.026,11298,0
2012-03-29,61.667,62.036,61.658,62.026,1818,0
2012-03-30,62.357,62.357,62.048,62.223,2856,0
2012-04-02,62.506,62.84,62.459,62.812,5674,0
2012-04-03,62.765,62.849,62.352,62.534,7434,0
2012-04-04,62.304,62.304,61.98,62.113,4365,0
2012-04-05,61.942,62.219,61.942,62.21,4891,0
2012-04-09,61.482,61.834,61.482,61.732,4129,0
2012-04-10,61.527,61.612,60.569,60.744,9160,0
2012-04-11,61.277,61.277,61.004,61.058,29094,0
2012-04-12,61.131,61.785,61.113,61.785,5275,0
2012-04-13,61.704,61.704,61.123,61.139,14777,0
2012-04-16,61.425,61.425,60.8,60.88,14448,0
2012-04-17,61.269,61.989,61.269,61.899,30416,0
2012-04-18,61.843,61.843,61.594,61.769,6755,0
2012-04-19,61.641,61.785,60.946,61.234,35393,0
2012-04-20,61.482,61.675,61.382,61.382,3856,0
2012-04-23,60.791,60.8,60.476,60.781,12572,0
2012-04-24,60.81,61.013,60.773,60.773,6350,0
2012-04-25,61.658,61.925,61.658,61.861,11079,0
2012-04-26,61.843,62.323,61.843,62.304,8266,0
2012-04-27,62.506,62.572,62.333,62.544,9265,0
2012-04-30,62.384,62.404,62.115,62.115,4717,0
2012-05-01,62.166,62.858,62.148,62.45,10600,0
2012-05-02,62.182,62.478,62.103,62.459,7215,0
2012-05-03,62.417,62.506,61.962,62.055,17720,0
2012-05-04,61.732,61.74,60.984,61.076,7730,0
2012-05-07,60.764,61.186,60.131,61.031,8042,0
2012-05-08,60.284,60.898,60.114,60.8,41896,0
2012-05-09,60.179,60.754,59.931,60.437,11236,0
2012-05-10,60.764,60.8,60.476,60.587,6761,0
2012-05-11,60.247,60.791,60.247,60.496,3368,0
2012-05-14,59.912,60.179,59.783,59.893,5674,0
2012-05-15,59.856,60.006,59.588,59.682,3205,0
2012-05-16,59.96,59.96,59.508,59.508,1355,0
2012-05-17,59.338,59.338,58.588,58.588,2538,0
2012-05-18,58.785,58.785,57.984,57.984,5514,0
2012-05-21,58.198,59.173,58.198,59.173,13860,0
2012-05-22,59.376,59.588,58.841,59.173,10659,0
2012-05-23,58.723,58.905,58.474,58.905,1883,0
2012-05-24,59.338,59.579,59.009,59.32,3049,0
2012-05-25,59.376,59.395,59.146,59.146,2161,0
2012-05-29,59.616,59.931,59.508,59.72,4723,0
2012-05-30,59.25,59.25,58.999,59.136,4322,0
2012-05-31,58.618,59.141,58.618,59.031,6290,0
2012-06-01,57.9,57.993,57.467,57.467,24506,0
2012-06-04,57.52,57.65,57.039,57.632,12975,0
2012-06-05,57.67,57.816,57.604,57.779,2114,0
2012-06-06,58.217,58.959,58.217,58.959,11846,0
2012-06-07,59.701,59.701,59.18,59.247,11912,0
2012-06-08,59.025,59.468,58.737,59.468,16224,0
2012-06-11,60.006,60.141,58.804,58.804,26059,0
2012-06-12,58.99,59.211,58.785,59.211,4306,0
2012-06-13,59.469,59.508,58.857,58.972,74318,0
2012-06-14,59.154,59.691,58.952,59.561,18729,0
2012-06-15,59.82,60.027,59.729,59.998,12273,0
2012-06-18,59.922,60.515,59.793,60.496,6792,0
2012-06-19,60.854,61.085,60.854,60.946,2469,0
2012-06-20,60.936,60.994,60.476,60.715,30128,0
2012-06-21,60.729,60.749,59.413,59.413,14038,0
2012-06-22,59.775,59.98,58.862,59.98,21129,0
2012-06-25,59.228,59.228,58.872,59.05,3042,0
2012-06-26,59.068,59.355,58.782,59.301,3612,0
2012-06-27,59.478,59.747,59.478,59.71,4352,0
2012-06-28,59.292,59.336,58.103,58.881,2575,0
2012-06-29,61.117,61.117,60.316,60.977,43902,0
2012-07-02,61.009,61.091,60.672,61.091,8886,0
2012-07-03,61.231,61.554,61.11,61.462,5665,0
2012-07-05,61.397,61.731,61.397,61.545,9082,0
2012-07-06,61.018,61.064,60.701,60.952,8751,0
2012-07-09,60.903,60.903,60.701,60.805,4027,0
2012-07-10,61.284,61.294,60.278,60.295,4213,0
2012-07-11,60.431,60.431,60.133,60.143,5280,0
2012-07-12,59.942,60.295,59.643,60.295,1341,0
2012-07-13,60.22,60.98,60.22,60.96,3490,0
2012-07-16,60.832,60.98,60.739,60.815,11969,0
2012-07-17,61.129,61.183,60.701,61.11,1779,0
2012-07-18,61.134,61.712,61.134,61.666,9393,0
2012-07-19,62.056,62.201,61.824,62.132,19850,0
2012-07-20,61.861,61.861,61.489,61.554,4711,0
2012-07-23,60.616,60.796,60.305,60.749,22717,0
2012-07-24,60.967,60.967,60.037,60.405,5192,0
2012-07-25,60.364,60.489,60.259,60.259,1500,0
2012-07-26,61.091,61.294,60.885,60.99,8678,0
2012-07-27,61.674,62.4,61.674,62.4,2177,0
2012-07-30,62.276,62.631,62.221,62.363,12986,0
2012-07-31,61.954,62.414,61.954,62.177,9239,0
2012-08-01,62.221,62.249,61.871,61.962,3319,0
2012-08-02,61.432,61.785,60.932,61.37,124390,0
2012-08-03,62.641,62.678,62.315,62.509,4163,0
2012-08-06,62.75,62.929,62.731,62.929,3713,0
2012-08-07,63.075,63.15,62.971,62.971,2311,0
2012-08-08,62.759,63.047,62.759,62.963,9323,0
2012-08-09,62.882,63.075,62.882,62.981,2996,0
2012-08-10,62.759,63.095,62.712,63.095,7678,0
2012-08-13,63.02,63.085,62.9,63.085,19040,0
2012-08-14,63.306,63.392,63.249,63.297,11166,0
2012-08-15,63.16,63.326,63.16,63.297,4540,0
2012-08-16,63.277,63.726,63.24,63.707,4899,0
2012-08-17,63.735,63.826,63.68,63.826,7490,0
2012-08-20,63.826,63.845,63.594,63.845,8741,0
2012-08-21,63.994,64.171,63.467,63.538,16448,0
2012-08-22,63.458,63.491,63.373,63.373,2651,0
2012-08-23,63.557,63.557,63.114,63.268,4306,0
2012-08-24,63.085,63.707,63.085,63.707,7291,0
2012-08-27,63.662,63.894,63.643,63.643,3125,0
2012-08-28,63.538,63.75,63.519,63.689,10499,0
2012-08-29,63.707,63.76,63.528,63.742,4551,0
2012-08-30,63.373,63.392,63.18,63.259,3429,0
2012-08-31,63.603,63.67,63.228,63.527,11784,0
2012-09-04,63.465,63.465,63.044,63.4,18517,0
2012-09-05,63.418,63.465,63.228,63.324,7613,0
2012-09-06,63.603,64.442,63.603,64.405,5575,0
2012-09-07,64.619,64.638,64.552,64.638,3308,0
2012-09-10,64.605,64.68,64.27,64.27,11421,0
2012-09-11,64.326,64.522,64.27,64.306,3380,0
2012-09-12,64.549,64.576,64.344,64.488,8774,0
2012-09-13,64.585,65.56,64.585,65.467,4166,0
2012-09-14,65.596,66.055,65.596,65.727,35551,0
2012-09-17,65.607,65.803,65.607,65.653,2694,0
2012-09-18,65.551,65.727,65.551,65.69,4801,0
2012-09-19,65.625,65.912,65.615,65.866,6438,0
2012-09-20,65.383,65.644,65.383,65.625,4990,0
2012-09-21,66.018,66.018,65.884,65.884,3628,0
2012-09-24,65.263,65.568,65.215,65.505,9005,0
2012-09-25,65.625,65.774,64.87,64.87,8238,0
2012-09-26,64.741,64.927,64.5,64.526,9515,0
2012-09-27,64.751,65.254,64.589,65.254,12033,0
2012-09-28,64.776,65.02,64.637,64.812,9764,0
2012-10-01,65.073,65.839,64.879,64.879,11819,0
2012-10-02,65.206,65.345,64.676,64.861,9156,0
2012-10-03,65.141,65.29,65.056,65.29,1121,0
2012-10-04,65.457,65.737,65.355,65.69,16561,0
2012-10-05,65.922,66.037,65.485,65.523,2713,0
2012-10-08,65.345,65.419,65.168,65.335,6861,0
2012-10-09,65.151,65.151,64.599,64.599,14647,0
2012-10-10,64.599,64.599,64.087,64.201,9337,0
2012-10-11,64.482,64.543,64.25,64.25,4476,0
2012-10-12,64.337,64.425,63.994,64.068,3167,0
2012-10-15,64.201,64.599,64.116,64.589,10217,0
2012-10-16,64.803,65.299,64.803,65.197,5263,0
2012-10-17,65.393,65.429,65.178,65.345,2999,0
2012-10-18,65.131,65.254,64.851,65.011,6395,0
2012-10-19,64.319,64.319,63.779,63.875,1414,0
2012-10-22,63.735,63.987,63.49,63.968,10575,0
2012-10-23,63.102,63.324,62.944,63.12,28119,0
2012-10-24,63.228,63.228,62.84,62.84,4783,0
2012-10-25,62.726,63.024,62.726,62.953,5619,0
2012-10-26,63.12,63.266,62.645,63.092,57919,0
2012-10-31,63.256,63.304,59.616,63.034,14262,0
2012-11-01,63.006,63.706,63.006,63.643,6100,0
2012-11-02,63.994,64.135,63.044,63.129,8437,0
2012-11-05,62.953,63.314,59.616,63.207,12145,0
2012-11-06,63.371,63.735,63.344,63.574,5762,0
2012-11-07,63.034,63.034,62.177,62.484,6466,0
2012-11-08,62.279,62.484,61.534,61.544,5845,0
2012-11-09,61.369,61.918,61.369,61.573,14298,0
2012-11-12,61.862,61.872,61.611,61.749,6098,0
2012-11-13,61.74,62.058,61.573,61.573,8671,0
2012-11-14,61.283,61.322,60.551,60.696,15127,0
2012-11-15,60.774,60.774,60.396,60.677,4607,0
2012-11-16,60.577,60.919,60.494,60.919,3434,0
2012-11-19,61.441,62.058,61.441,62.038,3787,0
2012-11-20,62.125,62.27,61.918,62.17,10586,0
2012-11-21,62.541,62.541,62.242,62.394,3073,0
2012-11-23,62.654,62.925,62.645,62.878,1935,0
2012-11-26,62.886,63.024,62.673,62.953,8518,0
2012-11-27,62.997,63.139,62.764,62.811,18240,0
2012-11-28,62.475,63.285,62.475,63.285,3818,0
2012-11-29,63.475,63.735,63.448,63.623,21326,0
2012-11-30,63.597,63.637,63.374,63.441,11185,0
2012-12-03,63.875,63.875,63.238,63.275,5382,0
2012-12-04,63.177,63.238,63.044,63.129,5530,0
2012-12-05,62.959,63.228,62.683,62.944,10710,0
2012-12-06,62.831,63.215,62.831,63.215,2228,0
2012-12-07,63.285,63.428,63.111,63.129,12788,0
2012-12-10,63.246,63.465,63.238,63.304,2497,0
2012-12-11,63.623,64.048,63.613,63.816,4334,0
2012-12-12,64.038,64.106,63.798,63.987,9721,0
2012-12-13,63.706,63.798,63.246,63.4,3426,0
2012-12-14,63.12,63.207,62.878,62.944,5095,0
2012-12-17,63.314,63.603,63.111,63.603,7874,0
2012-12-18,63.76,64.357,63.76,64.272,15881,0
2012-12-19,64.264,64.309,63.845,63.845,28642,0
2012-12-20,63.806,64.03,63.696,63.978,23705,0
2012-12-21,63.207,63.623,62.977,63.623,20817,0
2012-12-24,63.072,63.167,63.062,63.082,3373,0
2012-12-26,62.997,62.997,62.617,62.683,34946,0
2012-12-27,62.878,62.878,62.028,62.726,4696,0
2012-12-28,62.348,62.636,62,62,10630,0
2012-12-31,61.81,63.088,61.81,63.088,23305,0
2013-01-02,64.425,64.638,64.231,64.57,32130,0
2013-01-03,64.803,64.909,64.526,64.543,9257,0
2013-01-04,64.713,64.879,64.526,64.751,13319,0
2013-01-07,64.526,64.638,64.367,64.534,8251,0
2013-01-08,64.517,64.667,64.231,64.561,21898,0
2013-01-09,64.648,64.822,64.599,64.713,23238,0
2013-01-10,64.965,65.073,64.703,65.073,9631,0
2013-01-11,65.178,65.178,64.973,65.113,66393,0
2013-01-14,64.955,65.064,64.879,64.946,15939,0
2013-01-15,64.751,64.973,64.751,64.973,3274,0
2013-01-16,64.785,65.028,64.785,64.983,7377,0
2013-01-17,65.29,65.559,65.187,65.411,6105,0
2013-01-18,65.383,65.466,65.131,65.448,6246,0
2013-01-22,65.475,65.635,65.271,65.635,13025,0
2013-01-23,65.596,65.932,65.596,65.839,10094,0
2013-01-24,65.587,66.018,65.466,65.681,24952,0
2013-01-25,65.856,66.027,65.625,65.912,20745,0
2013-01-28,65.989,65.989,65.766,65.803,7101,0
2013-01-29,65.774,66.126,65.653,66.055,6525,0
2013-01-30,66.116,66.144,65.737,65.737,15629,0
2013-01-31,65.75,65.897,65.581,65.581,23598,0
2013-02-01,65.97,66.315,65.902,66.26,4271,0
2013-02-04,65.922,65.999,65.457,65.457,11692,0
2013-02-05,66.018,66.333,65.757,66.25,5317,0
2013-02-06,66.047,66.315,66.047,66.116,10131,0
2013-02-07,66.173,66.202,65.606,66.134,18154,0
2013-02-08,66.333,66.612,66.333,66.53,2247,0
2013-02-11,66.658,66.658,66.473,66.585,6367,0
2013-02-12,66.575,66.639,66.453,66.575,3131,0
2013-02-13,66.781,66.835,66.453,66.648,9009,0
2013-02-14,66.639,66.752,66.639,66.715,8930,0
2013-02-15,66.854,66.854,66.612,66.621,962,0
2013-02-19,66.818,67.179,66.818,67.088,11601,0
2013-02-20,67.153,67.153,66.342,66.342,3628,0
2013-02-21,66.047,66.153,65.653,65.82,17227,0
2013-02-22,66.173,66.406,65.999,66.351,13137,0
2013-02-25,66.79,66.79,65.457,65.457,8407,0
2013-02-26,65.606,65.812,65.335,65.812,5423,0
2013-02-27,65.812,66.715,65.812,66.687,3491,0
2013-02-28,66.779,66.948,66.479,66.479,6390,0
2013-03-01,66.13,66.713,66.13,66.713,2428,0
2013-03-04,66.687,67.003,66.575,66.995,5626,0
2013-03-05,67.647,67.828,67.611,67.789,6426,0
2013-03-06,67.994,67.994,67.684,67.789,11714,0
2013-03-07,67.799,67.956,67.789,67.956,20077,0
2013-03-08,68.165,68.165,67.838,68.146,8797,0
2013-03-11,68.047,68.325,67.953,68.186,10966,0
2013-03-12,68.325,68.325,68,68.151,7442,0
2013-03-13,68.122,68.279,67.962,68.205,15566,0
2013-03-14,68.383,68.521,68.279,68.494,10032,0
2013-03-15,68.463,68.481,68.237,68.388,8406,0
2013-03-18,67.888,68.297,67.888,68.196,6311,0
2013-03-19,68.297,68.335,67.591,67.871,10410,0
2013-03-20,68.33,68.564,68.283,68.564,11524,0
2013-03-21,67.994,68.172,67.77,67.855,38282,0
2013-03-22,68.088,68.34,68.088,68.283,4012,0
2013-03-25,68.602,68.734,68.003,68.003,4441,0
2013-03-26,68.407,68.678,68.407,68.678,5570,0
2013-03-27,68.34,68.77,68.34,68.752,3497,0
2013-03-28,68.706,68.922,68.696,68.922,3936,0
2013-04-01,68.987,69.023,68.622,68.63,10055,0
2013-04-02,68.798,69.191,68.798,68.987,4394,0
2013-04-03,68.864,68.912,68.283,68.283,2449,0
2013-04-04,68.463,68.537,68.311,68.508,2399,0
2013-04-05,67.789,68.181,67.62,68.181,7918,0
2013-04-08,68.136,68.564,68.088,68.564,3776,0
2013-04-09,68.752,68.987,68.602,68.845,4925,0
2013-04-10,69.126,69.826,69.069,69.754,3247,0
2013-04-11,69.725,70.232,69.725,70.117,5006,0
2013-04-12,69.754,69.894,69.631,69.835,6153,0
2013-04-15,69.651,69.679,68.592,68.734,5333,0
2013-04-16,68.987,69.463,68.874,69.463,4060,0
2013-04-17,68.798,68.835,68.126,68.537,6358,0
2013-04-18,68.639,68.639,67.799,67.881,8701,0
2013-04-19,68.06,68.622,68.013,68.592,5177,0
2013-04-22,68.734,69.116,68.573,69.116,8166,0
2013-04-23,69.519,69.715,69.379,69.641,5736,0
2013-04-24,69.826,69.826,69.463,69.687,12743,0
2013-04-25,69.772,70.146,69.772,69.809,2928,0
2013-04-26,69.772,69.894,69.547,69.799,2900,0
2013-04-29,69.942,70.37,69.865,70.223,6296,0
2013-04-30,70.218,70.404,70.011,70.318,7195,0
2013-05-01,70.032,70.185,69.781,69.781,2533,0
2013-05-02,70.07,70.699,70.07,70.602,9522,0
2013-05-03,71.371,71.52,71.277,71.427,18187,0
2013-05-06,71.437,71.568,71.164,71.502,4886,0
2013-05-07,71.727,71.867,71.464,71.867,9364,0
2013-05-08,71.791,72.09,71.708,71.97,2672,0
2013-05-09,72.11,72.363,71.894,71.894,5862,0
2013-05-10,72.044,72.373,72.044,72.231,2249,0
2013-05-13,72.249,72.577,72.249,72.383,11696,0
2013-05-14,72.529,73.084,72.529,72.971,4293,0
2013-05-15,73.035,73.457,73.035,73.119,6524,0
2013-05-16,73.317,73.513,73.025,73.025,6347,0
2013-05-17,73.42,73.447,73.278,73.392,3717,0
2013-05-20,73.626,73.88,73.57,73.606,6027,0
2013-05-21,73.765,73.89,73.354,73.737,13438,0
2013-05-22,73.86,74.429,72.813,72.98,6966,0
2013-05-23,72.343,73.055,72.343,73.025,14781,0
2013-05-24,72.523,72.868,72.363,72.868,5923,0
2013-05-28,73.699,73.998,73.215,73.317,10681,0
2013-05-29,72.93,72.987,72.499,72.893,7725,0
2013-05-30,72.849,73.233,72.793,73.084,12803,0
2013-05-31,72.769,73.137,71.986,71.986,8090,0
2013-06-03,72.223,72.268,71.765,72.268,11136,0
2013-06-04,72.462,72.562,71.738,72.028,7913,0
2013-06-05,71.719,71.897,70.948,70.968,14861,0
2013-06-06,70.968,71.485,70.6,71.485,21017,0
2013-06-07,71.926,72.444,71.878,72.424,10078,0
2013-06-10,72.717,72.717,72.334,72.334,3053,0
2013-06-11,71.803,72.132,71.55,71.887,3955,0
2013-06-12,72.24,72.24,71.091,71.091,8668,0
2013-06-13,70.913,72.025,70.8,72.025,8527,0
2013-06-14,72.085,72.094,71.71,71.878,4302,0
2013-06-17,72.223,72.523,71.885,71.988,5409,0
2013-06-18,72.338,72.893,72.338,72.771,6239,0
2013-06-19,72.826,72.826,71.972,71.972,15290,0
2013-06-20,71.173,71.173,69.888,70.054,19437,0
2013-06-21,70.404,70.473,69.587,70.161,18811,0
2013-06-24,69.484,69.82,68.724,69.504,12586,0
2013-06-25,69.878,70.064,69.558,70.044,14473,0
2013-06-26,70.376,70.752,70.338,70.668,16559,0
2013-06-27,71.073,71.192,70.958,70.988,6448,0
2013-06-28,70.725,71.108,70.687,71.108,29271,0
2013-07-01,71.163,71.672,71.063,71.127,8405,0
2013-07-02,71.099,71.54,71.005,71.231,5694,0
2013-07-03,70.911,71.475,70.911,71.336,2182,0
2013-07-05,71.793,71.972,71.418,71.963,4606,0
2013-07-08,72.244,72.509,72.132,72.218,8345,0
2013-07-09,72.621,72.875,72.424,72.714,11442,0
2013-07-10,72.78,72.912,72.723,72.885,6319,0
2013-07-11,73.803,73.99,73.683,73.936,5403,0
2013-07-12,73.945,74.236,73.919,74.144,11693,0
2013-07-15,74.339,74.339,74.144,74.3,11424,0
2013-07-16,74.207,74.207,73.843,74.028,6310,0
2013-07-17,74.056,74.3,74.056,74.199,9141,0
2013-07-18,74.264,74.573,74.264,74.396,21215,0
2013-07-19,74.191,74.359,74.076,74.359,23208,0
2013-07-22,74.443,74.64,74.31,74.471,7181,0
2013-07-23,74.668,74.668,74.282,74.329,10627,0
2013-07-24,74.677,74.677,74.046,74.106,9142,0
2013-07-25,74.106,74.349,73.954,74.349,5087,0
2013-07-26,74.076,74.443,73.909,74.443,3903,0
2013-07-29,74.406,74.453,74.096,74.236,3812,0
2013-07-30,74.546,74.631,74.254,74.499,7392,0
2013-07-31,74.508,74.818,74.415,74.433,18651,0
2013-08-01,74.988,75.223,74.97,75.194,6380,0
2013-08-02,75.045,75.307,74.988,75.307,5301,0
2013-08-05,75.213,75.383,75.184,75.354,4890,0
2013-08-06,75.184,75.184,74.734,74.95,8635,0
2013-08-07,74.696,74.792,74.423,74.668,7294,0
2013-08-08,75.099,75.099,74.714,75.035,12164,0
2013-08-09,74.921,75.016,74.593,74.658,3737,0
2013-08-12,74.396,74.724,74.396,74.696,6537,0
2013-08-13,74.864,74.998,74.433,74.97,7636,0
2013-08-14,75.007,75.007,74.622,74.622,9495,0
2013-08-15,74.115,74.31,73.353,73.485,19468,0
2013-08-16,73.277,73.504,73.108,73.325,12194,0
2013-08-19,74.181,74.181,73.063,73.063,5067,0
2013-08-20,73.213,73.55,73.137,73.325,3126,0
2013-08-21,73.013,73.521,72.771,73.4,7296,0
2013-08-22,73.156,73.665,73.156,73.521,5293,0
2013-08-23,73.871,73.871,73.616,73.813,3324,0
2013-08-26,73.919,74.199,73.699,73.728,5216,0
2013-08-27,72.979,73.166,72.404,72.489,8638,0
2013-08-28,72.544,72.893,72.404,72.8,6731,0
2013-08-29,72.544,73.242,72.544,72.92,6143,0
2013-08-30,73.081,73.081,72.572,72.572,5207,0
2013-09-03,73.628,73.628,72.759,72.996,4085,0
2013-09-04,72.978,73.73,72.978,73.684,3601,0
2013-09-05,73.874,73.949,73.684,73.796,3034,0
2013-09-06,73.983,74.04,73.894,73.894,2686,0
2013-09-09,74.115,74.518,74.115,74.49,3570,0
2013-09-10,74.938,74.976,74.806,74.957,9802,0
2013-09-11,74.772,75.081,74.772,74.931,2693,0
2013-09-12,75.138,75.164,74.95,74.95,12840,0
2013-09-13,74.996,75.269,74.909,75.269,4659,0
2013-09-16,75.88,75.88,75.392,75.457,15038,0
2013-09-17,75.428,75.881,75.428,75.863,22074,0
2013-09-18,75.765,76.87,75.74,76.851,13913,0
2013-09-19,77.164,77.164,76.777,76.825,10214,0
2013-09-20,77.023,77.023,76.475,76.475,1982,0
2013-09-23,76.504,76.504,75.91,76.079,6848,0
2013-09-24,76.117,76.333,75.824,75.824,8248,0
2013-09-25,75.9,75.9,75.531,75.54,8083,0
2013-09-26,75.765,76.069,75.731,76.002,12548,0
2013-09-27,75.666,75.834,75.485,75.765,22061,0
2013-09-30,75.116,75.57,74.967,75.373,6266,0
2013-10-01,75.306,76.02,75.306,75.853,5030,0
2013-10-02,75.531,75.957,75.475,75.804,6175,0
2013-10-03,75.804,75.834,74.919,75.278,6253,0
2013-10-04,75.221,75.89,75.221,75.834,17464,0
2013-10-07,75.278,75.627,75.116,75.116,10112,0
2013-10-08,75.071,75.071,74.166,74.344,11486,0
2013-10-09,74.258,74.305,73.7,74.157,7803,0
2013-10-10,74.825,75.57,74.825,75.56,8544,0
2013-10-11,75.834,76.117,75.627,75.957,8769,0
2013-10-14,75.91,76.485,75.794,76.371,10278,0
2013-10-15,76.333,76.456,76.05,76.05,15820,0
2013-10-16,76.598,77.031,76.409,76.88,9173,0
2013-10-17,76.87,77.578,76.87,77.578,12800,0
2013-10-18,77.927,78.24,77.823,78.211,14073,0
2013-10-21,78.416,78.416,78.059,78.162,11060,0
2013-10-22,78.569,78.786,78.36,78.74,24291,0
2013-10-23,78.456,78.456,78.076,78.409,10082,0
2013-10-24,78.596,78.786,78.409,78.643,19287,0
2013-10-25,78.919,78.966,78.72,78.909,9022,0
2013-10-28,79.144,79.313,78.919,79.115,14094,0
2013-10-29,79.473,79.569,79.21,79.473,6261,0
2013-10-30,79.69,79.708,79.067,79.182,18244,0
2013-10-31,79.163,79.521,78.937,79.085,7486,0
2013-11-01,79.048,79.267,78.777,79.201,13444,0
2013-11-04,79.388,79.445,79.124,79.295,9797,0
2013-11-05,79.192,79.369,78.87,79.267,7843,0
2013-11-06,79.682,79.746,79.277,79.463,15375,0
2013-11-07,79.785,79.785,78.409,78.409,10718,0
2013-11-08,78.587,79.267,78.399,79.267,9122,0
2013-11-11,79.463,79.493,79.239,79.378,9917,0
2013-11-12,79.341,79.445,79.173,79.398,10992,0
2013-11-13,78.937,80.059,78.937,80.03,9435,0
2013-11-14,80.228,80.577,80.097,80.519,30714,0
2013-11-15,80.625,80.794,80.587,80.775,4668,0
2013-11-18,81.171,81.171,80.387,80.387,15539,0
2013-11-19,80.577,80.615,80.161,80.324,15283,0
2013-11-20,80.304,80.596,79.851,79.87,17626,0
2013-11-21,80.314,80.68,80.219,80.577,10460,0
2013-11-22,80.802,81.058,80.72,81.058,6621,0
2013-11-25,81.302,81.302,81,81,15644,0
2013-11-26,80.984,81.408,80.917,81.209,6375,0
2013-11-27,81.418,81.661,81.302,81.491,14332,0
2013-11-29,81.566,81.803,81.556,81.596,5092,0
2013-12-02,81.671,81.671,81.161,81.161,32210,0
2013-12-03,81.086,81.209,80.739,80.964,23205,0
2013-12-04,80.748,81.143,80.387,81.01,13246,0
2013-12-05,80.82,80.992,80.766,80.766,3628,0
2013-12-06,81.547,81.736,81.399,81.616,11127,0
2013-12-09,81.964,81.964,81.727,81.773,21771,0
2013-12-10,81.69,81.71,81.491,81.616,7415,0
2013-12-11,81.661,81.661,80.633,80.7,7079,0
2013-12-12,80.558,80.748,80.246,80.352,11143,0
2013-12-13,80.494,80.739,80.238,80.397,14823,0
2013-12-16,80.927,81.077,80.784,80.86,21649,0
2013-12-17,80.802,81.481,80.455,80.671,14844,0
2013-12-18,80.802,82.492,80.264,81.822,18807,0
2013-12-19,81.879,82,81.745,81.889,12190,0
2013-12-20,82.381,82.675,82.332,82.447,17309,0
2013-12-23,82.986,82.986,82.749,82.903,15468,0
2013-12-24,83.051,83.09,82.947,83.08,4573,0
2013-12-26,83.233,83.518,83.233,83.469,21684,0
2013-12-27,83.573,88.488,83.297,83.336,18375,0
2013-12-30,83.441,83.441,83.187,83.316,16241,0
2013-12-31,83.527,83.783,83.355,83.676,40425,0
2014-01-02,83.431,83.431,82.741,82.986,31449,0
2014-01-03,83.187,83.187,82.731,82.741,30013,0
2014-01-06,83.051,83.051,82.371,82.598,29289,0
2014-01-07,82.884,83.187,82.884,83.187,18201,0
2014-01-08,83.061,83.355,82.921,83.187,31353,0
2014-01-09,83.734,83.734,82.994,83.271,14683,0
2014-01-10,83.479,83.518,83.205,83.489,12484,0
2014-01-13,83.441,83.546,82.21,82.332,20095,0
2014-01-14,82.522,83.489,81.87,83.412,13344,0
2014-01-15,83.696,84.008,83.696,83.876,19888,0
2014-01-16,83.857,83.876,83.648,83.706,24303,0
2014-01-17,83.819,83.876,83.384,83.498,18615,0
2014-01-21,84.113,84.199,83.412,83.829,19509,0
2014-01-22,84.152,84.189,83.906,84.17,19249,0
2014-01-23,83.819,83.819,82.994,83.403,26610,0
2014-01-24,82.986,82.986,81.624,81.726,26205,0
2014-01-27,81.68,81.709,80.581,81.149,48779,0
2014-01-28,81.016,81.425,80.96,81.397,21841,0
2014-01-29,80.744,81.045,80.419,80.532,21785,0
2014-01-30,81.443,81.85,81.026,81.584,25952,0
2014-01-31,80.715,81.726,80.715,81.103,27923,0
2014-02-03,81.216,81.329,79.171,79.255,32838,0
2014-02-04,79.682,80.221,79.606,80.145,26902,0
2014-02-05,79.891,80.126,79.359,79.965,20730,0
2014-02-06,80.221,80.97,80.221,80.97,9784,0
2014-02-07,81.594,82.313,81.234,82.255,35725,0
2014-02-10,82.456,82.54,82.155,82.54,18073,0
2014-02-11,82.693,83.592,82.636,83.355,29742,0
2014-02-12,83.648,83.715,83.384,83.46,17007,0
2014-02-13,83.09,84.083,82.787,84.008,35523,0
2014-02-14,83.942,84.427,83.942,84.339,18880,0
2014-02-18,84.454,84.663,84.255,84.663,36002,0
2014-02-19,84.142,84.711,83.886,83.886,21021,0
2014-02-20,84.047,84.558,83.336,84.518,10426,0
2014-02-21,84.492,84.851,84.427,84.492,9094,0
2014-02-24,84.568,85.363,84.568,85.06,20163,0
2014-02-25,85.023,85.098,84.683,84.745,29456,0
2014-02-26,85.05,85.183,84.625,84.721,17733,0
2014-02-27,84.745,85.308,84.711,85.279,6704,0
2014-02-28,85.457,85.883,84.985,85.477,22522,0
2014-03-03,84.548,85.003,84.274,84.729,35027,0
2014-03-04,85.733,86.235,85.733,86.206,25333,0
2014-03-05,86.29,86.329,86.121,86.225,16484,0
2014-03-06,86.498,86.583,86.168,86.235,19685,0
2014-03-07,86.746,86.746,85.93,86.111,31214,0
2014-03-10,86.139,86.177,85.733,86.121,28484,0
2014-03-11,86.215,86.453,85.611,85.673,18216,0
2014-03-12,85.24,85.808,85.107,85.644,17775,0
2014-03-13,86.103,86.262,84.454,84.745,32488,0
2014-03-14,84.588,84.889,84.292,84.417,25910,0
2014-03-17,84.87,85.372,84.87,85.212,18539,0
2014-03-18,85.515,86.026,85.515,85.911,18177,0
2014-03-19,86.149,86.149,84.87,85.316,12994,0
2014-03-20,84.985,85.751,84.889,85.563,11408,0
2014-03-21,86.139,86.139,85.134,85.134,14327,0
2014-03-24,85.62,85.629,84.157,84.651,14757,0
2014-03-25,85.124,85.345,84.515,84.878,11551,0
2014-03-26,85.381,85.399,84.309,84.309,11374,0
2014-03-27,84.195,84.195,83.522,83.852,16334,0
2014-03-28,84.242,84.651,83.861,84.034,19435,0
2014-03-31,84.651,85.002,84.622,84.85,22945,0
2014-04-01,85.389,85.524,85.22,85.457,14008,0
2014-04-02,85.97,86.018,85.694,85.999,14599,0
2014-04-03,86.321,86.321,85.345,85.486,13942,0
2014-04-04,86.065,86.065,84.175,84.328,13357,0
2014-04-07,84.195,84.195,83.025,83.236,79392,0
2014-04-08,82.797,83.662,82.797,83.568,16046,0
2014-04-09,83.919,84.763,83.634,84.763,18719,0
2014-04-10,84.671,84.858,82.495,82.76,35360,0
2014-04-11,82.314,82.687,81.623,81.743,32877,0
2014-04-14,82.6,82.658,81.753,82.362,23965,0
2014-04-15,82.504,82.989,81.593,82.96,11037,0
2014-04-16,83.54,83.911,83.255,83.891,15925,0
2014-04-17,84.053,84.28,83.778,84.205,10153,0
2014-04-21,84.319,84.565,84.129,84.535,17345,0
2014-04-22,84.85,85.287,84.85,85.106,8777,0
2014-04-23,84.897,84.897,84.691,84.735,13304,0
2014-04-24,85.182,85.457,84.505,84.946,27521,0
2014-04-25,84.878,84.878,83.861,84.07,51034,0
2014-04-28,84.424,84.735,83.359,84.328,24007,0
2014-04-29,84.505,84.897,84.404,84.782,37278,0
2014-04-30,84.612,85.182,84.471,85.03,10090,0
2014-05-01,85.03,85.467,85.002,85.049,14065,0
2014-05-02,85.486,85.486,84.974,85.077,37466,0
2014-05-05,84.744,85.477,84.424,85.427,11080,0
2014-05-06,85.077,85.307,84.681,84.681,9036,0
2014-05-07,84.888,84.927,84.043,84.85,14759,0
2014-05-08,84.858,85.534,84.505,84.735,23049,0
2014-05-09,84.414,84.956,84.414,84.956,7573,0
2014-05-12,85.495,86.028,85.467,86.008,15394,0
2014-05-13,85.98,86.398,85.98,86.037,7356,0
2014-05-14,86.105,86.105,85.543,85.602,14023,0
2014-05-15,85.477,85.477,84.365,84.744,18192,0
2014-05-16,84.888,85.182,84.575,85.153,21349,0
2014-05-19,85.172,85.724,85.172,85.724,14071,0
2014-05-20,85.611,85.611,84.917,85.182,15415,0
2014-05-21,85.563,85.94,85.534,85.912,22731,0
2014-05-22,86.179,86.417,85.94,86.17,8951,0
2014-05-23,86.389,86.76,86.359,86.76,24839,0
2014-05-27,87.1,87.384,87.1,87.384,27603,0
2014-05-28,87.548,87.548,87.157,87.328,13396,0
2014-05-29,87.508,87.784,87.328,87.784,8610,0
2014-05-30,87.718,87.909,87.574,87.909,10933,0
2014-06-02,87.945,88.03,87.68,87.974,11114,0
2014-06-03,87.919,87.945,87.67,87.899,14336,0
2014-06-04,87.822,88.194,87.822,88.097,6162,0
2014-06-05,88.305,88.772,87.974,88.733,6542,0
2014-06-06,89.019,89.131,88.904,89.047,23825,0
2014-06-09,89.35,89.397,89.047,89.219,14324,0
2014-06-10,89.219,89.219,88.943,89.112,10321,0
2014-06-11,88.933,89.066,88.733,89.028,16981,0
2014-06-12,89.445,89.445,87.964,88.184,27725,0
2014-06-13,88.382,88.43,87.974,88.325,21258,0
2014-06-16,88.325,88.592,88.165,88.468,32483,0
2014-06-17,88.602,88.733,88.305,88.675,10321,0
2014-06-18,88.838,89.387,88.514,89.387,26946,0
2014-06-19,89.483,89.483,89.112,89.314,30311,0
2014-06-20,89.513,89.578,89.426,89.475,26102,0
2014-06-23,89.712,89.712,89.264,89.396,35187,0
2014-06-24,89.396,89.74,88.786,88.901,22679,0
2014-06-25,88.92,89.541,88.92,89.521,10736,0
2014-06-26,89.674,89.674,88.987,89.557,15046,0
2014-06-27,89.368,89.969,89.349,89.805,26717,0
2014-06-30,89.951,89.96,89.674,89.693,47974,0
2014-07-01,90.005,90.787,90.005,90.529,42249,0
2014-07-02,90.637,90.646,90.51,90.568,11648,0
2014-07-03,90.883,91.112,90.732,91.046,9931,0
2014-07-07,91.103,91.103,90.646,90.695,17780,0
2014-07-08,90.665,90.665,89.74,90.024,58870,0
2014-07-09,90.291,90.474,90.102,90.465,12744,0
2014-07-10,89.557,90.321,88.681,90.122,13665,0
2014-07-11,90.015,90.409,89.903,90.301,7796,0
2014-07-14,90.845,90.961,90.732,90.913,18369,0
2014-07-15,90.961,90.961,90.073,90.456,12853,0
2014-07-16,90.961,90.961,90.529,90.723,20171,0
2014-07-17,90.617,90.695,89.464,89.464,33023,0
2014-07-18,90.073,90.705,89.997,90.597,25250,0
2014-07-21,90.607,90.607,90.15,90.428,21434,0
2014-07-22,90.883,91.064,90.806,91.017,12436,0
2014-07-23,91.169,91.36,91.007,91.236,27416,0
2014-07-24,91.484,91.484,91.151,91.178,14718,0
2014-07-25,90.997,91.141,90.51,90.714,20094,0
2014-07-28,90.665,90.796,90.17,90.705,10579,0
2014-07-29,90.777,90.961,90.35,90.35,18708,0
2014-07-30,90.705,90.75,90.122,90.482,9254,0
2014-07-31,90.054,90.529,88.598,88.701,35390,0
2014-08-01,88.73,88.92,87.977,88.397,38519,0
2014-08-04,88.578,89.235,88.348,89.101,24776,0
2014-08-05,88.578,88.901,88.034,88.291,23438,0
2014-08-06,87.912,88.473,87.873,88.233,6902,0
2014-08-07,88.671,88.671,87.52,87.701,20271,0
2014-08-08,88.1,88.636,87.691,88.636,10813,0
2014-08-11,89.119,89.34,89.006,89.034,25529,0
2014-08-12,88.845,89.093,88.617,88.72,6490,0
2014-08-13,89.406,89.635,89.187,89.617,6248,0
2014-08-14,89.759,90.054,89.74,90.054,22138,0
2014-08-15,90.548,90.548,89.541,90.216,24489,0
2014-08-18,90.806,91.064,90.714,91.046,16757,0
2014-08-19,91.322,91.655,91.322,91.609,11424,0
2014-08-20,91.609,91.959,91.446,91.807,23548,0
2014-08-21,92.084,92.084,91.76,91.943,21298,0
2014-08-22,92.084,92.113,91.722,91.969,19888,0
2014-08-25,92.579,92.579,92.162,92.32,29465,0
2014-08-26,92.399,92.616,92.33,92.484,16082,0
2014-08-27,92.579,92.579,92.208,92.35,25715,0
2014-08-28,92.181,92.292,91.952,92.226,20325,0
2014-08-29,92.514,92.514,92.064,92.476,23579,0
2014-09-02,92.597,92.704,92.236,92.56,22295,0
2014-09-03,92.904,92.904,92.113,92.32,16393,0
2014-09-04,92.428,92.828,91.998,92.172,16587,0
2014-09-05,92.074,92.597,91.74,92.597,19425,0
2014-09-08,92.675,92.675,92.084,92.457,10534,0
2014-09-09,92.616,92.616,91.807,91.894,15604,0
2014-09-10,91.904,92.428,91.665,92.35,45968,0
2014-09-11,92.035,92.418,91.904,92.418,23621,0
2014-09-12,92.438,92.626,91.665,91.894,16140,0
2014-09-15,92.123,92.123,91.369,91.569,27833,0
2014-09-16,91.559,92.39,91.264,92.32,25733,0
2014-09-17,92.399,92.818,92.113,92.399,15608,0
2014-09-18,92.932,93.018,92.762,93.018,16523,0
2014-09-19,93.522,93.522,92.675,93.018,15250,0
2014-09-22,92.817,92.817,91.909,92.196,17628,0
2014-09-23,91.784,92.12,91.689,91.689,15582,0
2014-09-24,91.66,92.558,91.554,92.542,14381,0
2014-09-25,92.502,92.502,90.934,90.981,27561,0
2014-09-26,91.258,91.975,91.145,91.746,16657,0
2014-09-29,91.249,91.756,90.974,91.727,11002,0
2014-09-30,91.994,92.033,91.373,91.535,12119,0
2014-10-01,91.106,91.336,89.969,90.199,66820,0
2014-10-02,90.253,90.351,89.242,90.122,25273,0
2014-10-03,90.866,91.306,90.716,91.202,37399,0
2014-10-06,91.843,91.843,90.734,91,30487,0
2014-10-07,90.761,90.761,89.682,89.682,14703,0
2014-10-08,89.682,91.316,89.204,91.316,27838,0
2014-10-09,90.991,91.297,89.433,89.529,77538,0
2014-10-10,89.625,89.892,88.2,88.2,48694,0
2014-10-13,88.181,88.266,86.544,86.601,50899,0
2014-10-14,87.138,87.586,86.451,86.698,27169,0
2014-10-15,85.591,86.402,84.136,86.192,77499,0
2014-10-16,84.424,86.747,84.424,86.135,25892,0
2014-10-17,87.292,87.789,86.899,87.292,51196,0
2014-10-20,87.176,88.314,87.176,88.286,46188,0
2014-10-21,89.003,90.132,89.003,90.132,57560,0
2014-10-22,90.341,90.779,89.404,89.413,56730,0
2014-10-23,90.331,91.278,90.302,90.789,28313,0
2014-10-24,90.954,91.402,90.639,91.402,26862,0
2014-10-27,91.833,93.697,90.981,91.336,38684,0
2014-10-28,91.774,93.564,91.718,92.348,33447,0
2014-10-29,92.645,92.713,91.774,92.318,28520,0
2014-10-30,92.149,93.22,92.004,92.989,34451,0
2014-10-31,94.223,94.26,93.762,94.08,37770,0
2014-11-03,94.402,94.412,93.965,94.193,25835,0
2014-11-04,94.137,94.137,93.267,93.812,37821,0
2014-11-05,94.701,94.796,93.907,94.203,33109,0
2014-11-06,94.402,94.607,94.041,94.578,36509,0
2014-11-07,94.578,94.691,94.251,94.518,13673,0
2014-11-10,94.691,94.988,94.518,94.95,115503,0
2014-11-11,95.035,95.102,94.73,95.054,21859,0
2014-11-12,94.978,95.757,94.835,95.198,12591,0
2014-11-13,95.208,95.583,94.864,95.159,22428,0
2014-11-14,95.456,95.456,95.035,95.169,20826,0
2014-11-17,95.141,95.4,94.901,95.054,58023,0
2014-11-18,95.284,95.941,95.266,95.757,43666,0
2014-11-19,95.621,95.641,95.208,95.564,20335,0
2014-11-20,95.227,95.895,95.169,95.697,19731,0
2014-11-21,96.728,96.873,96.019,96.211,43463,0
2014-11-24,96.548,96.68,96.414,96.61,48905,0
2014-11-25,97.04,97.06,96.6,96.66,51250,0
2014-11-26,96.776,97.04,96.65,97.04,18493,0
2014-11-28,97.079,97.274,96.825,96.825,8863,0
2014-12-01,96.795,96.931,95.931,96.067,43401,0
2014-12-02,96.146,96.68,96.087,96.558,61822,0
2014-12-03,96.863,96.97,96.6,96.912,33220,0
2014-12-04,96.767,97.117,96.538,96.941,28735,0
2014-12-05,97.04,97.235,96.873,96.902,28711,0
2014-12-08,96.941,97.089,96.049,96.277,21216,0
2014-12-09,95.331,96.452,95.064,96.452,31913,0
2014-12-10,96.424,96.424,94.806,94.978,54394,0
2014-12-11,95.39,96.277,95.198,95.266,52675,0
2014-12-12,94.796,95.112,93.945,93.945,60032,0
2014-12-15,94.499,94.691,92.989,93.467,57445,0
2014-12-16,92.3,94.33,92.262,92.262,40292,0
2014-12-17,92.751,94.34,92.482,94.1,20222,0
2014-12-18,95.055,96.394,95.055,96.247,50269,0
2014-12-19,96.748,97.177,96.384,96.853,31937,0
2014-12-22,96.863,97.217,96.834,97.107,29710,0
2014-12-23,97.647,97.647,97.021,97.127,24043,0
2014-12-24,97.461,97.461,97.031,97.207,13755,0
2014-12-26,97.608,97.829,97.225,97.749,18514,0
2014-12-29,97.52,97.779,97.441,97.7,26301,0
2014-12-30,97.57,97.608,96.853,97.011,23278,0
2014-12-31,97.264,97.57,95.98,95.99,33611,0
2015-01-02,96.576,96.921,95.324,95.941,48858,0
2015-01-05,95.449,95.497,94.308,94.537,43978,0
2015-01-06,94.767,94.979,93.232,93.702,48540,0
2015-01-07,94.615,95.018,94.152,94.92,35168,0
2015-01-08,95.895,96.805,95.717,96.708,39505,0
2015-01-09,97.011,97.011,95.651,96.087,49280,0
2015-01-12,96.277,96.461,95.074,95.248,19793,0
2015-01-13,96.107,96.825,94.537,95.16,49714,0
2015-01-14,94.348,94.844,94.009,94.776,31348,0
2015-01-15,95.267,95.267,93.818,93.98,29685,0
2015-01-16,93.857,95.036,93.579,94.91,27254,0
2015-01-20,95.621,95.98,94.382,95.286,51979,0
2015-01-21,95.065,96.087,94.854,95.796,28162,0
2015-01-22,96.434,97.392,95.41,97.225,25834,0
2015-01-23,97.079,97.49,97.031,97.079,43871,0
2015-01-26,97.157,97.284,96.558,97.127,51009,0
2015-01-27,95.913,96.335,95.258,95.661,43360,0
2015-01-28,96.62,96.931,94.815,94.854,47465,0
2015-01-29,94.854,95.833,94.124,95.697,30770,0
2015-01-30,95.343,95.766,94.308,94.479,39769,0
2015-02-02,94.806,95.239,93.395,95.239,34515,0
2015-02-03,95.536,96.374,95.362,96.354,28041,0
2015-02-04,96.174,96.699,95.913,96.156,22116,0
2015-02-05,96.59,97.177,96.452,97.079,38812,0
2015-02-06,97.324,97.51,96.277,96.404,20023,0
2015-02-09,96.277,96.461,95.871,96.019,84022,0
2015-02-10,96.728,97.422,96.384,97.294,21270,0
2015-02-11,97.441,97.647,96.99,97.441,28211,0
2015-02-12,98.045,98.508,97.886,98.468,21779,0
2015-02-13,98.647,98.969,98.478,98.969,31416,0
2015-02-17,99.048,99.228,98.771,99.078,52583,0
2015-02-18,99.128,99.327,98.82,99.268,37786,0
2015-02-19,99.218,99.58,99.128,99.467,30979,0
2015-02-20,99.497,100.13,98.999,100.11,24868,0
2015-02-23,100.17,100.28,99.93,100.26,32333,0
2015-02-24,100.36,100.43,100.01,100.35,26177,0
2015-02-25,100.38,100.64,100.13,100.33,19414,0
2015-02-26,100.27,100.5,100.08,100.42,14679,0
2015-02-27,100.45,100.61,100.01,100.01,30160,0
2015-03-02,100.22,100.92,100.22,100.92,35843,0
2015-03-03,100.64,100.88,99.82,100.3,28653,0
2015-03-04,100,100.11,99.417,100.02,26883,0
2015-03-05,100.16,100.36,99.9,100.16,27714,0
2015-03-06,99.94,99.94,98.498,98.537,58555,0
2015-03-09,98.959,99.397,98.695,99.188,45532,0
2015-03-10,98.37,98.37,97.49,97.49,52511,0
2015-03-11,97.69,97.849,97.07,97.244,40531,0
2015-03-12,97.5,98.35,97.412,98.35,28341,0
2015-03-13,98.429,98.429,97.177,97.859,67099,0
2015-03-16,98.468,99.128,98.282,99.108,28027,0
2015-03-17,98.979,99.118,98.527,98.92,25737,0
2015-03-18,98.587,100.38,98.223,100,27090,0
2015-03-19,100.03,100.19,99.82,100.01,32402,0
2015-03-20,100.55,101.11,100.48,100.84,61785,0
2015-03-23,100.75,100.96,100.68,100.7,26049,0
2015-03-24,100.73,100.88,100.08,100.12,37673,0
2015-03-25,100.27,100.39,98.104,98.163,40267,0
2015-03-26,97.829,98.518,97.217,98.035,46807,0
2015-03-27,98.095,98.429,97.849,98.312,37775,0
2015-03-30,99.088,99.417,98.939,99.337,37154,0
2015-03-31,98.949,99.288,98.39,98.39,33737,0
2015-04-01,98.282,98.439,97.324,97.829,49712,0
2015-04-02,97.71,98.419,97.71,98.312,33420,0
2015-04-06,97.868,99.058,97.637,98.781,51995,0
2015-04-07,98.86,99.327,98.587,98.587,36861,0
2015-04-08,98.91,99.238,98.627,99.078,70676,0
2015-04-09,99.248,99.54,98.715,99.54,29219,0
2015-04-10,99.69,99.93,99.377,99.83,23038,0
2015-04-13,99.93,100.22,99.437,99.437,33626,0
2015-04-14,99.54,99.54,98.91,99.407,14322,0
2015-04-15,99.74,100.05,99.7,99.81,19579,0
2015-04-16,99.77,100.05,99.66,99.8,20466,0
2015-04-17,99.407,99.417,98.282,98.607,36530,0
2015-04-20,99.128,99.9,99.128,99.79,34475,0
2015-04-21,100.21,100.34,99.81,99.93,30137,0
2015-04-22,100.27,100.54,99.74,100.44,17437,0
2015-04-23,100.27,100.95,100.21,100.63,10690,0
2015-04-24,101.03,101.31,100.87,101.21,14751,0
2015-04-27,101.47,101.59,100.59,100.64,28126,0
2015-04-28,100.62,100.95,99.82,100.59,24908,0
2015-04-29,100.52,100.63,99.62,100.16,25012,0
2015-04-30,99.81,99.94,98.498,98.9,43277,0
2015-05-01,99.54,100.16,99.357,100.16,36219,0
2015-05-04,100.36,100.75,100.15,100.3,22001,0
2015-05-05,100.24,100.24,98.91,98.979,30200,0
2015-05-06,99.009,99.447,97.829,98.478,32098,0
2015-05-07,98.617,99.347,98.557,99.168,16705,0
2015-05-08,100.3,100.56,100.11,100.5,20029,0
2015-05-11,100.45,100.64,100.05,100.05,23870,0
2015-05-12,99.55,99.99,99.009,99.78,13737,0
2015-05-13,100.32,100.32,99.66,99.73,12868,0
2015-05-14,100.6,101.04,100.22,101.04,20860,0
2015-05-15,101.17,101.19,100.86,101.08,17798,0
2015-05-18,101.18,101.58,101,101.52,24224,0
2015-05-19,101.75,101.89,101.25,101.5,23767,0
2015-05-20,101.24,101.64,101,101.29,19199,0
2015-05-21,101.03,101.7,100.96,101.56,26671,0
2015-05-22,101.58,101.67,101.27,101.29,16917,0
2015-05-26,101.23,101.23,100.08,100.34,27811,0
2015-05-27,100.61,101.58,100.61,101.42,20133,0
2015-05-28,101.24,101.42,101.03,101.39,12466,0
2015-05-29,101.4,101.49,100.5,100.58,22625,0
2015-06-01,100.94,101.24,100.36,100.85,21972,0
2015-06-02,100.51,101.13,100.26,100.77,11566,0
2015-06-03,101.17,101.29,100.76,100.87,22727,0
2015-06-04,100.54,100.67,99.98,99.99,19928,0
2015-06-05,99.95,100.15,99.487,99.81,16708,0
2015-06-08,99.68,99.95,99.078,99.128,20962,0
2015-06-09,98.87,99.208,98.587,99.048,11414,0
2015-06-10,99.56,100.4,99.208,100.25,22497,0
2015-06-11,100.67,100.67,100.34,100.44,22020,0
2015-06-12,99.98,100.13,99.63,99.8,15775,0
2015-06-15,99.048,99.457,98.741,99.387,22727,0
2015-06-16,99.6,100.03,99.357,99.91,9756,0
2015-06-17,100.2,100.52,99.59,100.19,23870,0
2015-06-18,100.46,101.47,100.46,101.34,23454,0
2015-06-19,101.17,101.25,100.8,100.8,20238,0
2015-06-22,101.84,101.88,101.41,101.64,18922,0
2015-06-23,101.77,101.77,101.26,101.54,11155,0
2015-06-24,101.48,101.59,100.95,101.02,13544,0
2015-06-25,101.09,101.26,100.64,100.72,16649,0
2015-06-26,100.65,100.99,100.26,100.6,12614,0
2015-06-29,99.98,100.1,98.173,98.38,61317,0
2015-06-30,99.078,99.138,98.33,98.725,28398,0
2015-07-01,99.65,99.65,99.019,99.467,29055,0
2015-07-02,99.75,99.81,99.118,99.447,10650,0
2015-07-06,98.685,99.62,98.647,99.158,19336,0
2015-07-07,99.019,99.77,98.075,99.74,22025,0
2015-07-08,99.168,99.168,98.075,98.193,26885,0
2015-07-09,99.477,99.51,98.243,98.272,20059,0
2015-07-10,99.238,99.81,99.238,99.69,16853,0
2015-07-13,100.48,100.89,100.47,100.89,22334,0
2015-07-14,100.94,101.52,100.87,101.37,19943,0
2015-07-15,101.56,101.7,101.12,101.31,27439,0
2015-07-16,102.12,102.3,101.88,102.29,30812,0
2015-07-17,102.62,102.88,102.5,102.88,10961,0
2015-07-20,103.05,103.43,102.88,103.13,24092,0
2015-07-21,103.26,103.43,102.71,102.89,25539,0
2015-07-22,102.3,102.65,102.12,102.39,23989,0
2015-07-23,102.45,102.56,101.69,101.87,30399,0
2015-07-24,101.89,102.35,100.9,100.99,24404,0
2015-07-27,100.49,100.9,100.23,100.28,33088,0
2015-07-28,100.82,101.7,100.43,101.6,19541,0
2015-07-29,101.65,102.29,101.65,102.26,28435,0
2015-07-30,101.82,102.42,101.68,102.35,22438,0
2015-07-31,102.72,102.72,102.14,102.29,16234,0
2015-08-03,102.51,102.51,101.54,101.9,22998,0
2015-08-04,102.05,102.13,101.66,101.87,35982,0
2015-08-05,102.55,102.75,102.08,102.26,18300,0
2015-08-06,102.59,102.59,100.7,101.16,55534,0
2015-08-07,101.15,101.15,100.34,101.02,22748,0
2015-08-10,101.79,102.14,101.78,102,23162,0
2015-08-11,101.78,101.78,100.78,101.19,17209,0
2015-08-12,100.28,101.31,99.6,101.31,35363,0
2015-08-13,101.46,101.77,101.01,101.24,29261,0
2015-08-14,101.19,101.63,101.08,101.6,11063,0
2015-08-17,101.51,102.35,101.09,102.35,18095,0
2015-08-18,102.28,102.41,101.98,101.98,17785,0
2015-08-19,101.59,102.05,101.05,101.49,15096,0
2015-08-20,100.74,100.74,99.128,99.238,40844,0
2015-08-21,98.263,98.449,95.756,95.756,118393,0
2015-08-24,90.127,95.116,81.413,92.302,215264,0
2015-08-25,95.436,95.659,90.978,90.978,115085,0
2015-08-26,92.862,94.963,91.8,94.903,86235,0
2015-08-27,95.726,97.207,95.263,96.951,124803,0
2015-08-28,96.68,97.294,96.479,96.99,144345,0
2015-08-31,96.795,96.805,95.842,96.046,32157,0
2015-09-01,95.164,95.164,92.738,93.183,57696,0
2015-09-02,94.207,95.234,93.713,95.234,25437,0
2015-09-03,95.619,96.267,94.943,95.116,47459,0
2015-09-04,94.158,94.305,93.222,93.869,31538,0
2015-09-08,95.542,96.218,94.972,96.218,16338,0
2015-09-09,97.098,97.098,94.721,94.893,23885,0
2015-09-10,94.671,96.094,94.671,95.436,19527,0
2015-09-11,95.398,95.842,94.903,95.842,13856,0
2015-09-14,96.237,96.237,95.416,95.619,14994,0
2015-09-15,96.163,97.137,95.677,96.941,22334,0
2015-09-16,97.167,97.647,96.785,97.58,11374,0
2015-09-17,97.799,98.939,97.373,97.7,38912,0
2015-09-18,96.59,97.098,96.143,96.307,17991,0
2015-09-21,96.718,97.244,96.059,96.543,31108,0
2015-09-22,102.66,102.66,94.824,95.475,34200,0
2015-09-23,95.611,95.728,95.038,95.417,16069,0
2015-09-24,94.883,95.067,93.795,94.962,39450,0
2015-09-25,96.117,96.117,94.107,94.65,22560,0
2015-09-28,94.311,94.311,91.855,92.029,38563,0
2015-09-29,92.078,92.815,91.321,91.922,39249,0
2015-09-30,93.076,93.864,92.64,93.825,33685,0
2015-10-01,93.746,94.261,93.009,94.261,39658,0
2015-10-02,93.086,95.698,92.863,95.698,18953,0
2015-10-05,96.311,97.207,96.271,97.157,21178,0
2015-10-06,97.137,97.137,96.156,96.6,22045,0
2015-10-07,97.089,97.392,96.398,97.345,27092,0
2015-10-08,97.207,98.153,96.815,98.104,68090,0
2015-10-09,98.38,98.488,98.024,98.39,21014,0
2015-10-12,98.302,98.705,98.243,98.557,23843,0
2015-10-13,98.045,98.82,97.859,97.956,32551,0
2015-10-14,98.114,98.114,97.324,97.599,29462,0
2015-10-15,97.74,98.979,97.7,98.979,20294,0
2015-10-16,99.138,99.437,98.88,99.437,19057,0
2015-10-19,99.437,99.81,99.058,99.81,28658,0
2015-10-20,99.467,99.87,99.168,99.417,13229,0
2015-10-21,99.74,99.74,98.81,98.81,39658,0
2015-10-22,99.6,100.52,99.268,100.45,18747,0
2015-10-23,102,102.32,101.45,102.11,52947,0
2015-10-26,101.81,102.16,101.74,102.08,75714,0
2015-10-27,101.93,102.14,101.69,101.93,29976,0
2015-10-28,102.21,103.03,101.68,103.03,35538,0
2015-10-29,103,103.24,102.89,103.21,30800,0
2015-10-30,103.46,103.46,102.66,102.66,29668,0
2015-11-02,102.91,103.82,102.8,103.74,30793,0
2015-11-03,103.74,104.3,103.31,103.95,66854,0
2015-11-04,104.38,104.38,103.44,103.82,38923,0
2015-11-05,103.93,104.12,103.12,103.58,31522,0
2015-11-06,103.37,103.66,102.79,103.4,33993,0
2015-11-09,103.19,103.19,101.94,102.55,35559,0
2015-11-10,102.19,102.59,102.08,102.55,32861,0
2015-11-11,102.73,102.96,102.31,102.31,14216,0
2015-11-12,101.82,102.1,101.05,101.06,37393,0
2015-11-13,100.96,100.96,99.67,99.71,42131,0
2015-11-16,99.57,101.05,99.437,101.05,34818,0
2015-11-17,101.26,101.75,100.83,101.1,46765,0
2015-11-18,101.73,102.82,101.45,102.79,32963,0
2015-11-19,103.01,103.01,102.6,102.7,38423,0
2015-11-20,103.29,103.6,103.14,103.39,57170,0
2015-11-23,103.46,103.71,102.99,103.29,33375,0
2015-11-24,102.73,103.45,102.39,103.29,55934,0
2015-11-25,103.54,103.55,103.33,103.4,22765,0
2015-11-27,103.62,103.62,103.27,103.45,30181,0
2015-11-30,103.74,103.74,102.8,102.8,30388,0
2015-12-01,103.46,103.94,103.09,103.93,30358,0
2015-12-02,104.04,104.11,102.9,103.04,130183,0
2015-12-03,103.34,103.34,101.01,101.42,71470,0
2015-12-04,101.97,103.74,101.73,103.62,41204,0
2015-12-07,103.62,103.62,102.6,103.02,38628,0
2015-12-08,102.18,103.03,102.06,102.8,31325,0
2015-12-09,102.55,103.32,101.29,101.6,31212,0
2015-12-10,102.03,102.68,101.69,101.98,43573,0
2015-12-11,101.01,101.08,99.84,100.02,54081,0
2015-12-14,100.23,100.5,99.019,100.5,36753,0
2015-12-15,101.34,101.86,101.2,101.26,42441,0
2015-12-16,102.22,102.98,101.28,102.77,63352,0
2015-12-17,103.24,103.24,101.29,101.29,40415,0
2015-12-18,101.25,101.25,99.437,99.447,138581,0
2015-12-21,100.24,100.24,99.54,100.03,46571,0
2015-12-22,100.83,101.14,100.23,100.94,47435,0
2015-12-23,101.86,101.93,101.41,101.89,51800,0
2015-12-24,102.03,102.07,101.56,101.78,16806,0
2015-12-28,101.37,101.73,101.05,101.72,31821,0
2015-12-29,102.42,103.23,102.36,102.98,29767,0
2015-12-30,102.99,102.99,102.32,102.32,50085,0
2015-12-31,102.25,102.25,101.17,101.17,38463,0
2016-01-04,99.487,99.487,98.253,99.327,126457,0
2016-01-05,99.73,99.95,99.118,99.53,47937,0
2016-01-06,98.39,99.019,97.779,98.518,82853,0
2016-01-07,97.031,97.829,95.927,96.065,112478,0
2016-01-08,96.844,96.982,94.915,95.09,77444,0
2016-01-11,95.774,95.898,94.185,95.363,48353,0
2016-01-12,96.24,96.61,95.119,96.446,43830,0
2016-01-13,96.893,96.893,93.453,93.53,63792,0
2016-01-14,93.902,95.807,92.854,95.145,60090,0
2016-01-15,92.8,93.667,92.147,93.034,113462,0
2016-01-19,94.407,94.417,92.41,93.306,116527,0
2016-01-20,91.805,93.367,89.927,92.478,211813,0
2016-01-21,92.712,93.823,91.903,92.8,68949,0
2016-01-22,94.242,95.06,94.143,94.984,401944,0
2016-01-25,94.856,95.06,93.754,93.843,56164,0
2016-01-26,94.174,94.856,93.979,94.758,37801,0
2016-01-27,94.417,94.816,92.741,93.19,57759,0
2016-01-28,94.154,94.487,92.819,93.852,42497,0
2016-01-29,94.261,95.987,94.106,95.987,72244,0
2016-02-01,95.704,96.524,95.267,96.19,76905,0
2016-02-02,95.88,95.88,94.281,94.593,189911,0
2016-02-03,95.294,95.294,93.044,94.417,53699,0
2016-02-04,94.233,94.951,93.659,94.407,62296,0
2016-02-05,94.135,94.233,91.561,91.727,57515,0
2016-02-08,90.694,90.694,89.085,90.393,90842,0
2016-02-09,89.271,91.308,89.271,90.517,68764,0
2016-02-10,91.23,92.138,90.878,90.947,53240,0
2016-02-11,89.525,90.734,89.168,90.167,80225,0
2016-02-12,91.074,91.571,90.487,91.551,93723,0
2016-02-16,92.614,93.238,92.243,93.238,49215,0
2016-02-17,93.94,95.07,93.868,94.895,49606,0
2016-02-18,95.139,95.139,94.154,94.252,103551,0
2016-02-19,93.921,94.534,93.59,94.505,53402,0
2016-02-22,95.587,95.879,95.377,95.784,94013,0
2016-02-23,95.403,95.666,94.626,94.74,38378,0
2016-02-24,93.882,95.208,93.297,95.188,29566,0
2016-02-25,95.5,96.338,95.02,96.338,41817,0
2016-02-26,96.972,96.972,95.937,96.105,51642,0
2016-02-29,96.047,96.629,95.257,95.257,68877,0
2016-03-01,96.065,97.749,95.908,97.749,31546,0
2016-03-02,97.618,97.809,97.168,97.789,43920,0
2016-03-03,97.71,97.906,97.165,97.877,30024,0
2016-03-04,98.075,98.557,97.56,98.045,90809,0
2016-03-07,97.627,97.975,97.127,97.627,67383,0
2016-03-08,97.079,97.68,96.883,96.972,50487,0
2016-03-09,97.392,97.471,97.001,97.471,24867,0
2016-03-10,97.868,98.223,96.524,97.461,57295,0
2016-03-11,98.36,99.098,98.292,99.098,50115,0
2016-03-14,98.771,99.347,98.771,99.108,49519,0
2016-03-15,98.666,99.128,98.617,99.108,32821,0
2016-03-16,98.989,99.93,98.84,99.69,44608,0
2016-03-17,99.64,100.32,99.437,100.1,41744,0
2016-03-18,100.5,100.5,99.95,100.32,52188,0
2016-03-21,100.27,100.62,100.11,100.53,55123,0
2016-03-22,100.31,100.91,100.11,100.61,61544,0
2016-03-23,100.4,100.51,100.03,100.19,38819,0
2016-03-24,99.72,100.2,99.457,100.18,38769,0
2016-03-28,100.5,100.5,100.08,100.22,40256,0
2016-03-29,100.04,101.49,100.04,101.47,37974,0
2016-03-30,102.01,102.27,101.77,101.91,50799,0
2016-03-31,101.86,102.08,101.65,101.74,46326,0
2016-04-01,101.25,102.73,100.85,102.62,72224,0
2016-04-04,102.95,102.95,102.19,102.32,46266,0
2016-04-05,101.57,101.8,101.3,101.35,47442,0
2016-04-06,101.44,102.69,101.35,102.68,33990,0
2016-04-07,102.28,102.28,101.07,101.46,49967,0
2016-04-08,102.01,102.16,101.25,101.45,33974,0
2016-04-11,101.88,102.21,101.1,101.1,31871,0
2016-04-12,101.23,102.01,100.84,101.87,37362,0
2016-04-13,102.51,102.79,102.26,102.77,38547,0
2016-04-14,102.95,103.04,102.61,102.74,54016,0
2016-04-15,102.91,102.91,102.49,102.74,36561,0
2016-04-18,102.65,103.37,102.51,103.37,32158,0
2016-04-19,103.59,103.59,102.73,103.11,97591,0
2016-04-20,103.18,103.56,102.82,103.15,49503,0
2016-04-21,103.2,103.26,102.59,102.8,51657,0
2016-04-22,102.19,102.36,101.51,102.08,47688,0
2016-04-25,101.74,102.06,101.64,102.02,25825,0
2016-04-26,102.17,102.39,101.8,101.98,30841,0
2016-04-27,101.66,101.94,101.13,101.77,32091,0
2016-04-28,101.59,102.15,100.62,100.79,40333,0
2016-04-29,100.75,100.76,99.72,100.36,35784,0
2016-05-02,100.63,101.39,100.63,101.29,31128,0
2016-05-03,100.86,101.03,100.35,100.66,34081,0
2016-05-04,100.11,100.45,99.93,100.24,54474,0
2016-05-05,100.33,100.59,100.02,100.18,27003,0
2016-05-06,100.21,100.66,99.76,100.62,31085,0
2016-05-09,100.83,101.27,100.83,101.04,36482,0
2016-05-10,101.9,102.31,101.47,102.31,73658,0
2016-05-11,102.14,102.19,101.24,101.24,34873,0
2016-05-12,101.43,101.57,100.63,101.13,48301,0
2016-05-13,100.95,101.34,100.45,100.59,31669,0
2016-05-16,100.62,101.81,100.62,101.59,312329,0
2016-05-17,101.47,101.58,100.19,100.36,75041,0
2016-05-18,100.48,101.05,99.82,100.5,62203,0
2016-05-19,99.95,100.15,99.298,99.91,48495,0
2016-05-20,100.35,100.85,100.35,100.63,18503,0
2016-05-23,100.68,100.81,100.52,100.58,38024,0
2016-05-24,100.96,102.21,100.96,102.07,57576,0
2016-05-25,102.52,102.78,102.28,102.58,71462,0
2016-05-26,102.52,102.77,102.46,102.66,24809,0
2016-05-27,102.76,103.13,102.71,103.09,36936,0
2016-05-31,103.32,103.32,102.59,103.03,32514,0
2016-06-01,102.74,103.19,102.59,103.07,20947,0
2016-06-02,102.87,103.4,102.61,103.4,23077,0
2016-06-03,103.35,103.35,102.6,103.15,48667,0
2016-06-06,103.42,103.67,103.12,103.52,44093,0
2016-06-07,103.57,103.85,103.41,103.49,38305,0
2016-06-08,103.52,103.95,103.52,103.85,28878,0
2016-06-09,103.52,103.86,103.48,103.81,104123,0
2016-06-10,102.99,103.21,102.52,102.83,101780,0
2016-06-13,102.4,102.91,101.95,102,20161,0
2016-06-14,101.75,102.03,101.39,101.96,21856,0
2016-06-15,102.21,102.52,101.75,101.78,55369,0
2016-06-16,101.35,102.19,100.84,102.06,76184,0
2016-06-17,102.09,102.09,101.03,101.38,36606,0
2016-06-20,102.62,102.81,102.01,102.04,33134,0
2016-06-21,102.09,102.44,102.07,102.31,39509,0
2016-06-22,102.39,102.74,102.02,102.03,26860,0
2016-06-23,102.82,103.16,102.49,103.15,14543,0
2016-06-24,100.09,101.36,99.62,99.83,151219,0
2016-06-27,99.128,99.128,97.67,98.134,174038,0
2016-06-28,100.53,100.53,99.009,99.93,77308,0
2016-06-29,100.72,101.64,100.71,101.51,53793,0
2016-06-30,101.64,102.65,101.54,102.65,50502,0
2016-07-01,102.73,103.36,102.73,103,90034,0
2016-07-05,102.73,102.79,102.3,102.7,41190,0
2016-07-06,102.31,103.3,102.12,103.3,50089,0
2016-07-07,103.36,103.61,102.9,103.28,36683,0
2016-07-08,103.83,104.87,103.83,104.75,134087,0
2016-07-11,105.28,105.47,105.02,105.15,45590,0
2016-07-12,105.54,105.82,105.39,105.65,57232,0
2016-07-13,105.86,105.94,105.49,105.56,36271,0
2016-07-14,106.15,106.32,105.9,106.14,68574,0
2016-07-15,106.34,106.34,105.82,106.02,29720,0
2016-07-18,106.12,106.48,106.03,106.38,43939,0
2016-07-19,106.03,106.29,106.02,106.22,23907,0
2016-07-20,106.72,107.14,106.6,106.99,30079,0
2016-07-21,106.94,107.02,106.28,106.55,29415,0
2016-07-22,106.59,106.97,106.38,106.92,26634,0
2016-07-25,106.95,106.95,106.46,106.73,38366,0
2016-07-26,106.72,106.97,106.26,106.68,53112,0
2016-07-27,107.25,107.25,106.4,106.78,34716,0
2016-07-28,106.97,107.35,106.66,107.23,23388,0
2016-07-29,107.33,107.66,107.05,107.47,23254,0
2016-08-01,107.51,107.96,107.33,107.61,47845,0
2016-08-02,107.64,107.64,106.57,107.07,52158,0
2016-08-03,106.92,107.12,106.75,107.09,36561,0
2016-08-04,107.25,107.52,107.06,107.38,26937,0
2016-08-05,107.66,108.13,107.63,108.06,33330,0
2016-08-08,108.22,108.22,107.68,107.85,33196,0
2016-08-09,107.94,108.3,107.81,107.99,51433,0
2016-08-10,108.08,108.09,107.68,107.87,24789,0
2016-08-11,108.18,108.38,108.03,108.28,19428,0
2016-08-12,108.14,108.21,107.95,108.16,14736,0
2016-08-15,108.35,108.63,108.35,108.42,186110,0
2016-08-16,108.28,108.28,107.72,107.72,29198,0
2016-08-17,107.75,107.93,107.25,107.87,29877,0
2016-08-18,107.89,108.03,107.74,107.9,29162,0
2016-08-19,107.78,108.02,107.5,107.95,29918,0
2016-08-22,107.89,108.16,107.73,107.99,46521,0
2016-08-23,108.29,108.54,108.19,108.24,87032,0
2016-08-24,108.25,108.25,107.31,107.59,59560,0
2016-08-25,107.35,107.77,107.24,107.38,31124,0
2016-08-26,107.47,108.07,106.84,107.34,32940,0
2016-08-29,107.01,107.86,107.01,107.71,67796,0
2016-08-30,107.67,107.74,106.99,107.27,50665,0
2016-08-31,107.19,107.19,106.79,107.12,26777,0
2016-09-01,107.12,107.3,106.58,107.23,63401,0
2016-09-02,107.64,107.94,107.28,107.7,43790,0
2016-09-06,107.89,108,107.52,108,38032,0
2016-09-07,108.05,108.15,107.67,107.98,23908,0
2016-09-08,107.72,107.73,107.34,107.47,87152,0
2016-09-09,106.72,106.72,104.91,104.91,61158,0
2016-09-12,104.35,106.53,104.16,106.35,50513,0
2016-09-13,105.8,106,104.9,105.16,63880,0
2016-09-14,105.21,105.91,105.06,105.4,34793,0
2016-09-15,105.45,106.73,105.44,106.62,32193,0
2016-09-16,106.35,106.38,105.89,106.32,24312,0
2016-09-19,106.69,106.87,106.04,106.22,28051,0
2016-09-20,106.62,106.68,106.28,106.35,27195,0
2016-09-21,106.68,107.53,106.16,107.45,34511,0
2016-09-22,107.93,108.34,107.93,108.22,51428,0
2016-09-23,107.99,108.02,107.57,107.62,25637,0
2016-09-26,107.13,107.15,106.68,106.72,50357,0
2016-09-27,106.77,107.57,106.77,107.57,44776,0
2016-09-28,107.55,107.87,107.19,107.82,34696,0
2016-09-29,107.74,107.87,106.65,106.84,27149,0
2016-09-30,107.18,107.8,107.06,107.55,25545,0
2016-10-03,107.32,107.38,106.94,107.24,22091,0
2016-10-04,107.43,107.47,106.5,106.76,50169,0
2016-10-05,107.02,107.19,106.91,107.01,21612,0
2016-10-06,106.9,107.2,106.64,107.11,28577,0
2016-10-07,107.28,107.28,106.36,106.7,41178,0
2016-10-10,107.38,107.47,107.22,107.27,75338,0
2016-10-11,107.09,107.09,105.49,105.85,40684,0
2016-10-12,105.92,106.33,105.68,106.04,45841,0
2016-10-13,105.42,106.08,104.92,105.75,45410,0
2016-10-14,106.23,106.53,105.81,105.81,18763,0
2016-10-17,105.79,105.88,105.4,105.4,25239,0
2016-10-18,106.26,106.5,106.01,106.18,22734,0
2016-10-19,106.25,106.46,106.07,106.32,19859,0
2016-10-20,106.21,106.36,105.78,106.14,18884,0
2016-10-21,106.1,106.49,105.96,106.45,28569,0
2016-10-24,107.05,107.27,107.02,107.24,47055,0
2016-10-25,107.1,107.1,106.56,106.59,30488,0
2016-10-26,106.07,106.48,105.85,106.08,27286,0
2016-10-27,106.49,106.49,105.56,105.63,21635,0
2016-10-28,105.46,106.07,105.11,105.34,34171,0
2016-10-31,105.67,105.67,105.22,105.25,24312,0
2016-11-01,105.36,105.36,103.79,104.37,59900,0
2016-11-02,104.18,104.42,103.51,103.79,24512,0
2016-11-03,103.67,103.89,102.88,102.98,73596,0
2016-11-04,102.91,103.68,102.83,102.95,40043,0
2016-11-07,104.64,105.27,104.3,105.23,50823,0
2016-11-08,105.13,106.13,104.98,105.82,36799,0
2016-11-09,104.35,106.48,104.35,106.36,78136,0
2016-11-10,107.36,107.36,105.02,105.6,74483,0
2016-11-11,105.35,105.7,105.12,105.58,40292,0
2016-11-14,105.82,105.82,104.52,104.75,42284,0
2016-11-15,105.24,105.7,105.16,105.65,50772,0
2016-11-16,105.36,106.04,105.36,105.99,45901,0
2016-11-17,105.96,106.7,105.96,106.66,44857,0
2016-11-18,106.88,106.89,106.26,106.26,35850,0
2016-11-21,106.64,107.23,106.64,107.23,44352,0
2016-11-22,107.49,107.52,107.04,107.43,44585,0
2016-11-23,107.25,107.27,106.79,107.27,103188,0
2016-11-25,107.53,107.61,107.4,107.61,16262,0
2016-11-28,107.61,107.63,107.1,107.17,41036,0
2016-11-29,107.27,107.8,107.11,107.56,41320,0
2016-11-30,107.72,107.73,106.56,106.59,41375,0
2016-12-01,106.58,106.67,105.24,105.44,62068,0
2016-12-02,105.44,105.98,105.44,105.73,31288,0
2016-12-05,106.07,106.52,105.91,106.31,85880,0
2016-12-06,106.41,106.57,106.2,106.5,56578,0
2016-12-07,106.42,107.92,106.17,107.92,35529,0
2016-12-08,107.97,108.28,107.68,108.13,73339,0
2016-12-09,108.33,108.84,108.33,108.73,46872,0
2016-12-12,108.49,108.8,108.32,108.66,56043,0
2016-12-13,109.03,109.93,109.03,109.55,110923,0
2016-12-14,109.51,109.73,108.75,108.89,134829,0
2016-12-15,109.12,109.69,108.98,109.15,44436,0
2016-12-16,109.5,109.5,108.83,109,54485,0
2016-12-19,109.11,109.69,109.11,109.38,107903,0
2016-12-20,109.46,109.76,109.46,109.75,183452,0
2016-12-21,109.66,109.75,109.25,109.26,287933,0
2016-12-22,109.27,109.27,108.81,109.09,58833,0
2016-12-23,109.02,109.26,108.97,109.25,34619,0
2016-12-27,109.41,109.93,109.41,109.55,49143,0
2016-12-28,109.72,109.72,108.67,108.7,54535,0
2016-12-29,108.7,108.87,108.52,108.66,50629,0
2016-12-30,108.91,108.91,107.79,108.1,42710,0
2017-01-03,108.63,109.11,108.26,108.89,66654,0
2017-01-04,109.08,109.65,109.08,109.52,70459,0
2017-01-05,109.54,109.85,109.44,109.71,72722,0
2017-01-06,109.91,110.63,109.68,110.43,66550,0
2017-01-09,110.42,110.53,110.2,110.31,61651,0
2017-01-10,110.43,110.68,110.13,110.27,59084,0
2017-01-11,110.19,110.55,109.8,110.4,47552,0
2017-01-12,110.08,110.43,109.46,110.37,56225,0
2017-01-13,110.35,110.7,110.35,110.57,48130,0
2017-01-17,110.32,110.54,110.1,110.39,38284,0
2017-01-18,110.5,110.65,110.32,110.65,37394,0
2017-01-19,110.7,110.88,110.19,110.44,46748,0
2017-01-20,110.81,110.92,110.49,110.69,39526,0
2017-01-23,110.6,110.8,110.1,110.66,42554,0
2017-01-24,110.75,111.42,110.58,111.21,57713,0
2017-01-25,111.77,112.11,111.63,112.03,39110,0
2017-01-26,112.06,112.21,111.86,111.95,52287,0
2017-01-27,112.17,112.23,111.9,112.1,51068,0
2017-01-30,111.76,111.76,110.85,111.4,49618,0
2017-01-31,111.05,111.21,110.74,111.14,56006,0
2017-02-01,111.64,111.77,111.15,111.51,64301,0
2017-02-02,111.28,111.8,111.28,111.6,48773,0
2017-02-03,111.88,112.21,111.75,112.15,152348,0
2017-02-06,112.07,112.13,111.81,112.12,61541,0
2017-02-07,112.3,112.53,112.09,112.24,45470,0
2017-02-08,112.1,112.55,112.01,112.49,62282,0
2017-02-09,112.6,113.14,112.6,112.97,56594,0
2017-02-10,113.18,113.51,113.17,113.38,43298,0
2017-02-13,113.72,114.11,113.68,114,322740,0
2017-02-14,113.84,114.34,113.65,114.29,41048,0
2017-02-15,114.32,115.03,114.29,114.99,40306,0
2017-02-16,114.95,115.07,114.5,114.97,58161,0
2017-02-17,114.64,115.04,114.59,115.04,53281,0
2017-02-21,115.38,115.76,115.22,115.62,56141,0
2017-02-22,115.57,115.73,115.42,115.66,65060,0
2017-02-23,115.86,115.95,115.18,115.49,52610,0
2017-02-24,115.14,115.85,115.04,115.83,46258,0
2017-02-27,115.9,116.09,115.74,116,50618,0
2017-02-28,115.98,116.03,115.61,115.79,44041,0
2017-03-01,116.54,117.41,116.46,117.23,71035,0
2017-03-02,117.19,117.19,116.5,116.56,32375,0
2017-03-03,116.53,116.76,116.23,116.67,50519,0
2017-03-06,116.39,116.62,116.14,116.48,193763,0
2017-03-07,116.25,116.58,116.13,116.27,50190,0
2017-03-08,116.33,116.54,116.11,116.19,46968,0
2017-03-09,116.16,116.43,115.79,116.28,44542,0
2017-03-10,116.87,116.87,116.36,116.67,45475,0
2017-03-13,116.74,116.95,116.63,116.89,52340,0
2017-03-14,116.69,116.72,116.24,116.54,47664,0
2017-03-15,116.7,117.81,116.7,117.54,46966,0
2017-03-16,117.66,117.66,117.14,117.37,43007,0
2017-03-17,117.61,117.74,117.38,117.38,40757,0
2017-03-20,117.46,117.63,117.17,117.36,44275,0
2017-03-21,117.75,117.8,115.95,116.04,42983,0
2017-03-22,116.07,116.55,115.8,116.49,58312,0
2017-03-23,116.27,116.79,116.11,116.18,24757,0
2017-03-24,116.49,116.75,115.92,116.24,61452,0
2017-03-27,115.55,116.32,115.24,116.1,70234,0
2017-03-28,116.13,117.04,115.94,116.87,63968,0
2017-03-29,116.85,117.21,116.65,117.11,52125,0
2017-03-30,117.16,117.43,117.07,117.28,25752,0
2017-03-31,117.07,117.52,117.07,117.24,60859,0
2017-04-03,117.27,117.45,116.55,117.09,90074,0
2017-04-04,116.85,117.12,116.76,117.06,39867,0
2017-04-05,117.45,118.1,116.84,116.85,69650,0
2017-04-06,116.96,117.25,116.82,117.01,32269,0
2017-04-07,116.97,117.27,116.77,117.02,28857,0
2017-04-10,117.14,117.44,116.87,117.02,35346,0
2017-04-11,116.87,117.04,116.1,116.81,65666,0
2017-04-12,116.7,116.74,116.27,116.36,24463,0
2017-04-13,116.22,116.63,115.86,115.86,37795,0
2017-04-17,116.08,116.8,116.08,116.79,55112,0
2017-04-18,116.55,116.85,116.34,116.63,65838,0
2017-04-19,116.93,117.1,116.41,116.54,51718,0
2017-04-20,116.88,117.65,116.79,117.44,35693,0
2017-04-21,117.4,117.46,117.05,117.33,34303,0
2017-04-24,118.49,118.59,118.12,118.46,40733,0
2017-04-25,118.83,119.39,118.79,119.19,47271,0
2017-04-26,119.34,119.53,119.08,119.08,43855,0
2017-04-27,119.37,119.53,119.2,119.46,27671,0
2017-04-28,119.91,119.91,119.32,119.45,22566,0
2017-05-01,119.81,120.13,119.68,119.92,58695,0
2017-05-02,120.19,120.19,119.91,120.12,50890,0
2017-05-03,119.91,119.91,119.44,119.81,74504,0
2017-05-04,119.85,119.95,119.49,119.95,33629,0
2017-05-05,120.16,120.41,119.95,120.4,50459,0
2017-05-08,120.54,120.56,120.25,120.51,52398,0
2017-05-09,120.75,120.86,120.44,120.61,50641,0
2017-05-10,120.69,120.78,120.43,120.78,41213,0
2017-05-11,120.57,120.64,120,120.61,44005,0
2017-05-12,120.62,120.72,120.47,120.62,33249,0
2017-05-15,120.83,121.19,120.8,121.19,28768,0
2017-05-16,121.31,121.35,120.96,121.19,46342,0
2017-05-17,120.4,120.48,119.04,119.09,76150,0
2017-05-18,118.98,120.16,118.97,119.8,40775,0
2017-05-19,120.12,120.79,120.1,120.48,87154,0
2017-05-22,120.81,121.28,120.81,121.2,103809,0
2017-05-23,121.54,121.76,121.19,121.31,33212,0
2017-05-24,121.49,121.84,121.38,121.81,48763,0
2017-05-25,122.15,122.88,122.06,122.63,47783,0
2017-05-26,122.66,122.77,122.52,122.73,32507,0
2017-05-30,122.62,122.83,122.55,122.79,47194,0
2017-05-31,123.01,123.01,122.42,122.82,35844,0
2017-06-01,123.1,123.48,122.83,123.48,43011,0
2017-06-02,123.82,124.41,123.69,124.28,52386,0
2017-06-05,124.35,124.43,124.2,124.32,49972,0
2017-06-06,124.11,124.34,123.84,123.93,87569,0
2017-06-07,124.14,124.26,123.85,124.11,32243,0
2017-06-08,124.29,124.29,123.67,124.04,40186,0
2017-06-09,124.11,124.42,121.75,122.79,47721,0
2017-06-12,122.23,122.43,121.48,122.39,34089,0
2017-06-13,122.81,123.3,122.58,123.21,44125,0
2017-06-14,123.57,123.57,122.49,123.1,36346,0
2017-06-15,122.06,122.85,121.84,122.81,36472,0
2017-06-16,123.06,123.06,122.42,122.87,32250,0
2017-06-19,123.59,124.22,123.48,124.16,45502,0
2017-06-20,124.13,124.13,123.4,123.42,31890,0
2017-06-21,123.7,123.78,123.46,123.77,27474,0
2017-06-22,123.87,124.16,123.7,123.85,39371,0
2017-06-23,123.8,124.25,123.63,124.19,30623,0
2017-06-26,124.52,124.75,123.81,123.83,69602,0
2017-06-27,123.68,123.72,122.52,122.52,35227,0
2017-06-28,122.99,123.77,122.66,123.66,40458,0
2017-06-29,123.46,123.46,121.39,122.15,54898,0
2017-06-30,122.71,122.77,122.31,122.34,22898,0
2017-07-03,122.85,122.93,122.09,122.09,37563,0
2017-07-05,122.34,122.74,121.97,122.63,48397,0
2017-07-06,122.08,122.08,121.43,121.53,85762,0
2017-07-07,121.89,122.72,121.89,122.58,39619,0
2017-07-10,122.57,123.13,122.49,122.98,56219,0
2017-07-11,122.89,123.06,122.29,122.95,22941,0
2017-07-12,123.6,124.14,123.6,124.07,37426,0
2017-07-13,124.1,124.41,123.97,124.28,34974,0
2017-07-14,124.51,125.24,124.49,125.01,27660,0
2017-07-17,125.13,125.29,125.03,125.08,32307,0
2017-07-18,124.88,125.43,124.76,125.41,27435,0
2017-07-19,125.77,126.14,125.52,126.13,38991,0
2017-07-20,126.3,126.3,125.82,126.17,29145,0
2017-07-21,125.82,126.15,125.77,126.13,37447,0
2017-07-24,126.21,126.29,125.83,126.18,30435,0
2017-07-25,126.45,126.45,126.06,126.19,58185,0
2017-07-26,126.35,126.41,126.22,126.3,30544,0
2017-07-27,126.89,126.89,125.25,126,33670,0
2017-07-28,125.53,125.91,125.42,125.83,37701,0
2017-07-31,126.08,126.08,125.38,125.52,65638,0
2017-08-01,125.94,125.94,125.56,125.75,42336,0
2017-08-02,126.22,126.22,125.3,125.94,31494,0
2017-08-03,125.79,125.84,125.49,125.62,30854,0
2017-08-04,125.82,125.95,125.69,125.81,31542,0
2017-08-07,125.98,126.28,125.97,126.26,27675,0
2017-08-08,126.09,126.71,125.76,126.04,47272,0
2017-08-09,125.44,126.05,125.39,126.05,32905,0
2017-08-10,125.62,125.62,124.03,124.1,65951,0
2017-08-11,124.13,124.81,124.1,124.49,34864,0
2017-08-14,125.38,126.03,125.38,125.94,29342,0
2017-08-15,126.1,126.1,125.71,125.95,24161,0
2017-08-16,126.19,126.56,126.03,126.19,182152,0
2017-08-17,125.98,126.11,124.24,124.29,72931,0
2017-08-18,124.17,124.72,123.71,124.02,37150,0
2017-08-21,123.98,124.3,123.52,124.23,41048,0
2017-08-22,124.58,125.77,124.58,125.64,43344,0
2017-08-23,125.18,125.31,124.96,125.15,28992,0
2017-08-24,125.36,125.36,124.52,124.9,17218,0
2017-08-25,125.4,125.63,124.98,125.08,36081,0
2017-08-28,125.28,125.29,124.99,125.21,22738,0
2017-08-29,124.51,125.69,124.41,125.55,25624,0
2017-08-30,125.63,126.5,125.52,126.34,19577,0
2017-08-31,126.71,127.43,126.71,127.21,33808,0
2017-09-01,127.51,127.59,127.23,127.35,37918,0
2017-09-05,127.02,127.27,126.06,126.62,46095,0
2017-09-06,126.99,127.16,126.52,126.94,35128,0
2017-09-07,127.2,127.44,126.95,127.37,25883,0
2017-09-08,127.29,127.29,126.91,126.95,28977,0
2017-09-11,127.62,128.17,127.62,128.13,43171,0
2017-09-12,128.51,128.51,128.02,128.35,33636,0
2017-09-13,128.32,128.36,128.1,128.36,82902,0
2017-09-14,128.15,128.37,127.92,128.24,31665,0
2017-09-15,128.23,128.48,128.08,128.34,26443,0
2017-09-18,128.59,128.72,128.18,128.36,39555,0
2017-09-19,128.64,128.64,128.27,128.45,46841,0
2017-09-20,128.55,128.55,127.68,128.36,40290,0
2017-09-21,128.32,128.32,127.72,127.86,24978,0
2017-09-22,127.91,127.93,127.58,127.91,26228,0
2017-09-25,127.69,127.69,126.75,127.09,41099,0
2017-09-26,127.48,127.67,127.08,127.21,36055,0
2017-09-27,127.7,128.151,127.25,127.88,37237,0
2017-09-28,127.75,128.12,127.75,128.08,33971,0
2017-09-29,128.19,128.7,128.084,128.67,45178,0
2017-10-02,129.02,129.17,128.6,129.02,74402,0
2017-10-03,129.09,129.31,129.033,129.31,43400,0
2017-10-04,129.25,129.55,129.1,129.48,69313,0
2017-10-05,129.89,130.31,129.691,130.31,39125,0
2017-10-06,130.14,130.39,130.05,130.39,41532,0
2017-10-09,130.55,130.59,130.226,130.35,31388,0
2017-10-10,130.73,130.81,130.11,130.48,71550,0
2017-10-11,130.49,130.88,130.48,130.88,39650,0
2017-10-12,130.72,131.13,130.714,130.84,36198,0
2017-10-13,131.26,131.34,131.1,131.16,36518,0
2017-10-16,131.43,131.431,131.106,131.36,33189,0
2017-10-17,131.27,131.59,131.26,131.54,34662,0
2017-10-18,131.88,131.88,131.54,131.65,44081,0
2017-10-19,131.1,131.5,130.82,131.5,38661,0
2017-10-20,132,132.08,131.772,131.95,33555,0
2017-10-23,132.3,132.3,131.283,131.283,32024,0
2017-10-24,131.388,131.58,131.276,131.41,48792,0
2017-10-25,131.26,131.302,130.28,130.98,38243,0
2017-10-26,131.04,131.22,130.84,130.96,35891,0
2017-10-27,132.04,133.14,132.04,132.97,43371,0
2017-10-30,132.86,133.15,132.441,132.76,39046,0
2017-10-31,133.06,133.07,132.693,132.93,38091,0
2017-11-01,133.42,133.43,132.742,132.99,38949,0
2017-11-02,133.01,133.01,132.4,133.01,29399,0
2017-11-03,133.37,133.8,132.97,133.73,31320,0
2017-11-06,133.9,134.26,133.9,134.19,47531,0
2017-11-07,134.24,134.45,134.05,134.23,44772,0
2017-11-08,134.21,134.709,134.18,134.59,35357,0
2017-11-09,133.91,134.09,132.93,134.01,45740,0
2017-11-10,133.92,134.06,133.6,134.03,107926,0
