Date,Open,High,Low,Close,Volume,OpenInt
2009-01-29,0,400,0,400,0,0
2009-01-30,400.44,414,399.32,413.56,18475,0
2009-02-02,420,420,415.48,416.84,21049,0
2009-02-03,416.2,416.84,413.32,413.68,40500,0
2009-02-04,410,412.84,407.44,410.24,24075,0
2009-02-05,412.32,413.2,406.56,406.72,8375,0
2009-02-06,404.04,404.04,397.44,400.72,13525,0
2009-02-09,402.8,406.8,401.96,404.48,12975,0
2009-02-10,409,416.16,407.48,414.24,7160,0
2009-02-11,413.04,413.04,408.88,412.2,3825,0
2009-02-12,415.6,418.64,411.56,411.8,13013,0
2009-02-13,412.4,412.4,404.96,407.68,4350,0
2009-02-17,420.2,422.72,417.72,420.16,10935,0
2009-02-18,415.6,422.72,415.6,422.12,2850,0
2009-02-19,416,421.92,416,421.76,2850,0
2009-02-20,432.68,434.96,427.4,431.92,12450,0
2009-02-23,428,443.64,428,443.04,2988,0
2009-02-24,441.32,441.56,426.88,426.92,3500,0
2009-02-25,433.76,437.96,426.92,426.92,7225,0
2009-02-26,424,437.56,424,437.56,2800,0
2009-02-27,450.4,450.4,435.04,435.24,1544,0
2009-03-02,444,452.36,444,450.24,1325,0
2009-03-03,445.24,450.92,444,447.4,650,0
2009-03-04,440.48,441,423.84,423.84,1525,0
2009-03-05,430.28,435,428.16,433.2,1675,0
2009-03-06,432,435.64,427.4,433.32,4375,0
2009-03-09,435.2,435.2,426.08,431.64,1545,0
2009-03-10,424,424,399.8,410.84,8484,0
2009-03-11,405.32,406.04,402.08,403.96,2975,0
2009-03-12,402.8,407,399.92,402.32,3300,0
2009-03-13,400.4,410,400.4,406.52,12375,0
2009-03-16,404,410.92,404,410.68,3225,0
2009-03-17,412.8,413.84,406.84,408.88,3475,0
2009-03-18,408,414.32,405.28,411.68,19831,0
2009-03-19,410,427.32,410,427.32,83300,0
2009-03-20,428,449.16,428,445.12,35525,0
2009-03-23,440,441,428.8,429.04,9567,0
2009-03-24,433.84,434.16,427.2,433.36,156944,0
2009-03-25,430.6,435.24,426.08,433.92,11603,0
2009-03-26,432.16,432.16,424.36,426.84,9825,0
2009-03-27,430.24,432.2,429.16,431.88,7801,0
2009-03-30,451.68,454.88,450.8,453.84,77076,0
2009-03-31,452,454.4,448.88,451.16,131277,0
2009-04-01,453.08,454.16,445.8,445.8,8500,0
2009-04-02,441.4,450.28,440.4,448.16,34978,0
2009-04-03,449.88,449.88,445.32,445.32,27650,0
2009-04-06,448.32,449.24,447.28,448.56,4150,0
2009-04-07,454.28,459.64,447.52,451.28,34254,0
2009-04-08,450.2,451,448.2,448.8,154021,0
2009-04-09,438,442.36,437.48,438.68,4825,0
2009-04-13,446.16,446.16,436.8,436.8,4863,0
2009-04-14,443.28,443.28,439.84,441.12,29188,0
2009-04-15,440.52,442.4,437.4,438.04,6213,0
2009-04-16,432,434.88,425,426.08,80525,0
2009-04-17,426.28,427.48,417,417,55850,0
2009-04-20,439.6,439.6,422.28,431.24,7382,0
2009-04-21,434.68,436.88,424.04,424.64,7083,0
2009-04-22,424.96,425.44,415.6,422.76,5108,0
2009-04-23,428.96,433.12,426.32,426.6,33675,0
2009-04-24,419.76,424.04,418.76,423,11225,0
2009-04-27,431.84,432.4,426.52,432,11600,0
2009-04-28,435,435,426.52,427.6,44500,0
2009-04-29,420.28,420.64,411.44,416.88,12175,0
2009-04-30,411.36,418.16,411.36,418.08,5600,0
2009-05-01,418.24,418.64,410.08,410.08,3075,0
2009-05-04,406.28,406.36,395.52,396.16,9475,0
2009-05-05,395.88,400.56,395.88,398.2,2800,0
2009-05-06,393.68,395.48,387.52,387.68,3875,0
2009-05-07,383.44,390.72,382.6,390.24,29975,0
2009-05-08,381.36,384.56,375.24,379.64,3793,0
2009-05-11,378.52,392.08,378.52,379.76,7825,0
2009-05-12,386,386,380.28,380.4,26675,0
2009-05-13,391.84,391.84,384.36,387.24,88131,0
2009-05-14,382.24,382.28,374.32,375.2,11250,0
2009-05-15,367.96,378.56,367.96,376.88,32573,0
2009-05-18,386.52,386.52,350.92,351.28,39300,0
2009-05-19,351.64,357,351.64,354.52,59893,0
2009-05-20,353.48,356.96,343.08,356.96,6271,0
2009-05-21,357.2,369.32,357.2,368.36,34065,0
2009-05-22,367.8,368.56,363.48,365.52,17403,0
2009-05-26,370.96,372.16,354.12,354.72,20300,0
2009-05-27,355.6,358.04,350.52,357.32,6975,0
2009-05-28,359.28,362.08,354.84,360.64,35116,0
2009-05-29,360.6,362.36,359.08,359.08,14625,0
2009-06-01,358.44,358.44,349.04,350.64,8603,0
2009-06-02,351.24,353.4,346.16,350.4,3775,0
2009-06-03,352.76,361.36,351.68,360.28,19125,0
2009-06-04,358.88,358.88,356.48,357.64,6525,0
2009-06-05,356.48,361.28,352.68,357.16,30125,0
2009-06-08,358.88,366.08,356.28,358.84,2738,0
2009-06-09,356.44,358.56,350.44,350.96,34775,0
2009-06-10,349.24,360.4,349,355.88,37778,0
2009-06-11,353.92,353.92,347.12,347.52,35850,0
2009-06-12,349.16,351.56,343.12,344.68,7851,0
2009-06-15,346.76,355.16,346.76,354.2,14274,0
2009-06-16,352.72,359,350.6,358.08,131766,0
2009-06-17,359.24,364.04,358.36,360.2,4453,0
2009-06-18,360.44,362.92,358,362.04,6964,0
2009-06-19,360.48,402.08,353.72,360.32,8777,0
2009-06-22,360.44,369.32,360.44,368.28,2850,0
2009-06-23,366.4,368.08,363.4,364.24,2500,0
2009-06-24,364,364,358,358.04,4150,0
2009-06-25,360.44,361.08,351.84,352,29900,0
2009-06-26,353.04,353.04,349.84,349.88,475,0
2009-06-29,351.64,351.64,343,343.32,1170,0
2009-06-30,341.84,347.16,339.76,345.56,3453,0
2009-07-01,344.2,344.2,338.2,339.28,5743,0
2009-07-02,341.24,352.64,341.24,351.6,2205,0
2009-07-06,353.96,356.44,350.76,351.8,4905,0
2009-07-07,352.84,360.04,352.12,358.68,10604,0
2009-07-08,358,368.16,355.2,365.48,2857,0
2009-07-09,364,364,360.08,361.04,1384,0
2009-07-10,362.84,365.44,361.08,361.84,2755,0
2009-07-13,362.44,365.6,359,360.36,4079,0
2009-07-14,359.6,361.52,356.64,358.84,3700,0
2009-07-15,356.8,356.8,346.64,351.52,15085,0
2009-07-16,350.12,350.92,345.2,346.32,1728,0
2009-07-17,346.92,348.72,346.48,347.72,629,0
2009-07-20,346.28,346.28,340.28,340.28,1775,0
2009-07-21,341.28,341.28,336.68,338.68,4621,0
2009-07-22,337.96,337.96,332.08,333.6,1225,0
2009-07-23,335.76,335.76,328.96,332,826,0
2009-07-24,333,333,330.56,332.8,375,0
2009-07-27,333.6,336.4,333.32,334.6,5605,0
2009-07-28,335.6,343.76,335.6,342.88,2275,0
2009-07-29,343.8,346.16,342.2,344.48,41150,0
2009-07-30,343.16,343.16,336,338.36,1900,0
2009-07-31,336.8,342,336.8,341.6,63775,0
2009-08-03,343.4,343.4,340.04,340.04,278,0
2009-08-04,339.56,339.96,338.8,339.48,756,0
2009-08-05,338.36,342.32,336.56,337.56,925,0
2009-08-06,337.6,341.6,337.6,339,3316,0
2009-08-07,339.2,339.2,331.4,332.32,52940,0
2009-08-10,333,336,333,334.92,1075,0
2009-08-11,335.8,344.8,335.8,338.52,2075,0
2009-08-12,336.6,336.6,335.32,335.56,250,0
2009-08-13,337.4,339.4,336.52,336.52,19649,0
2009-08-14,338,341,338,339.24,567,0
2009-08-17,341.32,351.44,341.32,351.44,2140,0
2009-08-18,355.16,361.56,347.44,349.72,3620,0
2009-08-19,350.8,351.28,346.08,347.6,1999,0
2009-08-20,348,348,344.72,345.24,4088,0
2009-08-21,342,344.4,315.28,342,5030,0
2009-08-24,344,344,339.36,342.16,2365,0
2009-08-25,343.08,346.44,343.08,346.4,449,0
2009-08-26,347.2,348.72,345.96,348.72,992,0
2009-08-27,351.32,354.12,345.64,346.6,4751,0
2009-08-28,347.52,349.28,346.68,348.52,768,0
2009-08-31,358.04,358.04,350.52,353.24,2347,0
2009-09-01,351.68,362.4,349.28,360.48,3227,0
2009-09-02,360.56,362.32,359.36,361.88,975,0
2009-09-03,361,361.88,354.52,354.84,26765,0
2009-09-04,353.84,353.84,347.96,347.96,25656,0
2009-09-08,346.04,347,343.2,346.16,27626,0
2009-09-09,344.8,344.8,340.44,341.84,26730,0
2009-09-10,343.08,344.28,338.24,338.24,3500,0
2009-09-11,337.24,340.04,334.24,338.4,1574,0
2009-09-14,340.68,341.6,338.04,338.12,1378,0
2009-09-15,336.84,336.84,334.44,334.88,2266,0
2009-09-16,334.64,335.72,331.68,332.44,26481,0
2009-09-17,329.92,333.28,329.92,333.28,1753,0
2009-09-18,332.04,337.44,332.04,334.52,1605,0
2009-09-21,337.24,339.28,335.2,338.4,14375,0
2009-09-22,336.84,337.44,335.2,337.44,12151,0
2009-09-23,338.08,339,329.68,336.36,24313,0
2009-09-24,336.88,356,336.88,342.08,13031,0
2009-09-25,341.04,345.4,341.04,344.12,3991,0
2009-09-28,343,343,337.72,338.2,1434,0
2009-09-29,336.52,338.76,335.8,336.52,2151,0
2009-09-30,335.36,343,335.36,341.16,2393,0
2009-10-01,341.36,350.2,341.36,349.16,7115,0
2009-10-02,364.76,364.76,340.24,346.36,12567,0
2009-10-05,345.24,345.48,340.12,341.04,19337,0
2009-10-06,339.92,339.92,331.92,335.28,5314,0
2009-10-07,336.52,336.56,332.68,332.68,1890,0
2009-10-08,332.88,332.96,330.52,331.32,79940,0
2009-10-09,330.56,331.24,326.92,326.92,1070,0
2009-10-12,324.56,325.8,321.4,324.44,1808,0
2009-10-13,326.28,327.52,325.32,325.8,3629,0
2009-10-14,324.72,324.72,320.2,323.08,1487,0
2009-10-15,324.48,324.48,318.08,318.4,690,0
2009-10-16,320,322.16,319.6,320.08,2119,0
2009-10-19,319.6,320.08,316,318,4288,0
2009-10-20,317.12,318.76,316.92,317.32,1357,0
2009-10-21,317,317,314.36,316.44,1794,0
2009-10-22,318.92,318.92,310.4,310.56,1530,0
2009-10-23,310.84,318.16,310.28,316.96,3948,0
2009-10-26,316,321.36,313.6,321.36,2251,0
2009-10-27,319.88,321.72,319.8,321.2,2289,0
2009-10-28,319.52,326.8,305.84,324.68,2728,0
2009-10-29,320.72,324.6,318.04,318.08,3342,0
2009-10-30,321.52,333.64,319.52,333.28,5268,0
2009-11-02,331.6,332.8,323.8,329.52,5142,0
2009-11-03,331,335.16,331,332.56,5638,0
2009-11-04,331.24,331.36,325.36,330.08,3330,0
2009-11-05,328.48,328.48,324.76,325.32,7364,0
2009-11-06,324.92,325.36,321.6,322.56,24933,0
2009-11-09,320.92,320.92,315.12,315.72,37220,0
2009-11-10,316.32,320.2,315.32,318.44,33076,0
2009-11-11,317.96,323.28,315.4,321.88,36868,0
2009-11-12,321.72,329.32,320.8,328.76,45736,0
2009-11-13,329.2,330.04,325.16,327.44,20150,0
2009-11-16,326.24,326.24,322.24,324.52,10408,0
2009-11-17,329.12,333,323.92,325.56,19300,0
2009-11-18,325.96,327.36,324.32,326,23465,0
2009-11-19,327.64,333.68,327.64,331.72,11184,0
2009-11-20,331.64,332.68,328.16,328.32,11829,0
2009-11-23,327.28,327.36,321.76,324.4,21784,0
2009-11-24,323.24,324.12,322.48,323.32,8929,0
2009-11-25,322.04,323.8,320.84,322.08,8414,0
2009-11-27,335.36,335.36,328,331.2,11518,0
2009-11-30,329.04,334.52,329.04,332.92,19347,0
2009-12-01,331.52,331.52,325.48,326.28,10856,0
2009-12-02,327.28,328,324.68,326.76,9055,0
2009-12-03,326.76,327.56,322.84,327.44,8261,0
2009-12-04,325.36,330.44,321,328.16,12910,0
2009-12-07,326.92,326.92,325.2,326.12,17228,0
2009-12-08,340,340,327.88,334.04,23849,0
2009-12-09,334.56,336.16,332,334.96,38172,0
2009-12-10,333.52,333.52,329.68,331.88,20980,0
2009-12-11,332.48,333.96,330.96,331.84,8034,0
2009-12-14,330.64,330.64,329.28,329.6,1329,0
2009-12-15,330.52,331.68,326.24,326.68,14975,0
2009-12-16,325.2,325.2,322.52,323.16,38993,0
2009-12-17,325.84,325.92,324.16,325.72,12964,0
2009-12-18,325.12,325.12,321.16,321.76,23780,0
2009-12-21,320.44,320.44,311.24,311.28,7143,0
2009-12-22,310.04,311.52,305.84,306.84,11970,0
2009-12-23,306.4,306.4,301.6,302.88,17152,0
2009-12-24,299.96,302.56,299.44,300.68,9159,0
2009-12-28,299.32,302.48,298.12,301.32,15914,0
2009-12-29,301.68,301.68,298.32,299.32,5145,0
2009-12-30,301.44,301.76,298.32,301.76,9588,0
2009-12-31,302.04,307.68,301.64,307.4,11659,0
2010-01-04,306.8,306.8,300.16,300.2,9389,0
2010-01-05,299.08,300.2,296.32,297.12,20590,0
2010-01-06,299.12,299.12,292.48,293.24,10559,0
2010-01-07,295.48,295.48,288.6,289.96,22019,0
2010-01-08,291,291.6,287.44,287.64,12626,0
2010-01-11,286.2,287.2,282.68,284.04,17118,0
2010-01-12,286.68,288.4,284.52,286.84,28666,0
2010-01-13,287.16,287.28,284,284.52,39844,0
2010-01-14,283.64,285.36,279.52,280.76,68816,0
2010-01-15,280.44,286.24,280.44,284.6,37520,0
2010-01-19,284.6,284.6,276.72,277.04,29348,0
2010-01-20,277.16,281.2,277.16,278.2,30864,0
2010-01-21,281.52,285.88,276.64,285.56,28167,0
2010-01-22,288.88,295.92,283.84,293.76,42365,0
2010-01-25,293.16,293.16,289.92,291.92,10288,0
2010-01-26,292.4,293.36,289.52,293.36,26646,0
2010-01-27,293.88,296.84,292.36,292.68,40459,0
2010-01-28,292.04,295.28,290.24,292.84,23338,0
2010-01-29,292.76,295.44,289.68,295.28,32737,0
2010-02-01,295.12,295.12,289.64,291.4,11778,0
2010-02-02,290.84,290.84,287.68,288.52,7288,0
2010-02-03,298.08,298.08,286.76,288.4,15290,0
2010-02-04,290,302.72,290,302.24,30576,0
2010-02-05,305.52,308,293.64,305.28,33458,0
2010-02-08,304.72,306.16,300.88,306.16,49150,0
2010-02-09,303.24,306.04,297.04,303.4,66243,0
2010-02-10,303.88,309,302.84,303.92,25342,0
2010-02-11,304.4,306.4,301,301.28,43850,0
2010-02-12,304.56,306,301.04,301.84,76436,0
2010-02-16,299.24,301,294,295.28,58359,0
2010-02-17,292.72,293.96,290.2,292.4,45392,0
2010-02-18,292.8,294.84,288.68,288.92,85272,0
2010-02-19,288.6,291.04,284.76,284.8,101529,0
2010-02-22,284,284.64,279.76,280.8,110583,0
2010-02-23,282.08,284.92,281.44,282.92,132772,0
2010-02-24,281.48,283.56,280.24,282.2,69030,0
2010-02-25,286.52,287.44,281.48,282.04,128879,0
2010-02-26,280.8,282.96,279.8,280.64,81909,0
2010-03-01,280.2,280.92,277.2,279.04,78263,0
2010-03-02,275.56,279.32,275.56,277.76,52926,0
2010-03-03,276.52,277.64,275,275.56,58649,0
2010-03-04,275.84,276.76,273.8,275.64,39443,0
2010-03-05,275.2,275.2,269.96,272.12,53929,0
2010-03-08,273,273,269.6,269.6,40824,0
2010-03-09,269.4,271.4,268.6,269.88,26322,0
2010-03-10,269.6,272.52,268.68,272.36,98637,0
2010-03-11,274.04,276.88,273.4,275.52,68345,0
2010-03-12,275.44,275.44,272.88,274.2,97366,0
2010-03-15,275.88,277.2,272.76,275.88,20674,0
2010-03-16,275.88,276.4,272.36,273.04,72551,0
2010-03-17,272,272,267.92,269.32,49616,0
2010-03-18,269.84,269.84,265.64,268.16,68436,0
2010-03-19,266,271.56,266,270.76,29388,0
2010-03-22,271.96,273.84,269.52,269.64,32538,0
2010-03-23,268.84,269.44,267.4,267.68,57775,0
2010-03-24,270.2,271.52,269,271.08,51176,0
2010-03-25,270,271.64,264.6,271.44,55409,0
2010-03-26,270.4,272.8,270.2,272.4,61963,0
2010-03-29,271.12,271.12,269.12,269.8,86720,0
2010-03-30,268.48,270.8,268.48,269.64,48433,0
2010-03-31,270.48,272.04,269.48,270.12,102351,0
2010-04-01,269.6,270.28,265.68,269.92,102677,0
2010-04-05,268.4,269.48,264.56,264.56,67298,0
2010-04-06,264.96,267.68,260.6,262.24,78972,0
2010-04-07,262.24,265.24,261.2,264.4,119922,0
2010-04-08,264.4,268.16,263.8,264.36,115694,0
2010-04-09,264.36,264.84,262.16,262.88,122502,0
2010-04-12,263.12,264.32,261.96,262.56,58724,0
2010-04-13,263.12,265.08,262.28,263.24,75018,0
2010-04-14,262,263,261.56,261.92,47196,0
2010-04-15,262.08,263.16,261.2,263.16,66492,0
2010-04-16,264.12,271.24,263.8,266.92,128985,0
2010-04-19,268.68,270.88,266.72,268.24,148659,0
2010-04-20,266.04,267.32,263.84,265.16,117684,0
2010-04-21,265.76,268.44,263.76,267.92,68964,0
2010-04-22,270.52,273.28,269.72,270,120124,0
2010-04-23,270.48,271.24,268.6,268.72,53061,0
2010-04-26,270.36,271.28,269.72,270.44,111302,0
2010-04-27,273.2,282.04,271.8,281.48,264505,0
2010-04-28,280.08,283.68,273.24,281.2,106255,0
2010-04-29,280.52,282.2,275.04,279.04,69990,0
2010-04-30,282.6,289.32,278.84,288.68,109098,0
2010-05-03,286.8,287.68,284,284.64,83829,0
2010-05-04,287.32,301.96,287.32,300.16,177262,0
2010-05-05,303.2,313.48,300.76,310.92,161414,0
2010-05-06,312.44,380,309.2,325.48,326305,0
2010-05-07,329.28,353.64,324.92,349.44,255650,0
2010-05-10,314.08,322.56,300,321.2,269585,0
2010-05-11,324.04,331.16,316.32,321.96,179933,0
2010-05-12,320.04,320.04,309.44,311.6,134784,0
2010-05-13,310.6,313.88,306.44,313.76,125015,0
2010-05-14,317.24,332,317.24,330.2,151274,0
2010-05-17,331,337.56,324,332.72,157713,0
2010-05-18,329.36,342.68,322.8,341.72,209784,0
2010-05-19,343.2,355,343.2,351.88,209495,0
2010-05-20,360.04,380,360,379.4,312830,0
2010-05-21,390.44,417.28,365.16,378.88,320827,0
2010-05-24,379.88,381.76,371.04,378.16,152656,0
2010-05-25,388.08,398.16,372.52,374.28,154962,0
2010-05-26,365.6,368.28,353.68,367.36,192321,0
2010-05-27,363.48,363.56,352.44,355.52,93600,0
2010-05-28,353.2,358.12,349.64,355.04,75194,0
2010-06-01,362.12,363,354.44,360.52,77744,0
2010-06-02,362.04,363,354.04,354.04,121557,0
2010-06-03,352.84,356.04,346.68,353.24,180465,0
2010-06-04,363.08,368.8,358.08,363,88243,0
2010-06-07,362.76,371.04,362.72,369,127265,0
2010-06-08,368.8,370.92,365.12,366.84,102661,0
2010-06-09,367.52,370.48,359.32,369.48,86261,0
2010-06-10,364.16,366.76,357.12,359.56,78604,0
2010-06-11,364.8,364.8,356.44,357.2,59735,0
2010-06-14,353.2,354.76,349.32,354.04,65497,0
2010-06-15,349.92,353.04,340.32,340.32,94207,0
2010-06-16,346,346,340,341.12,88124,0
2010-06-17,340.6,342.96,337.28,337.32,98058,0
2010-06-18,338.04,338.04,328.56,332.36,57714,0
2010-06-21,325.96,334.88,324.8,334.44,108420,0
2010-06-22,332.36,342.16,331.96,341.76,111090,0
2010-06-23,341,348.76,341,346.8,173471,0
2010-06-24,350.6,357.12,349.04,356,84254,0
2010-06-25,356.84,358.04,355,356.2,92225,0
2010-06-28,355.44,360.08,354.52,360.08,77697,0
2010-06-29,368.68,387.72,368.4,385.52,125263,0
2010-06-30,386.68,393.92,378.88,392.92,96251,0
2010-07-01,392.4,404.76,391.16,394.92,170506,0
2010-07-02,390.88,395.44,385.68,390.96,85833,0
2010-07-06,383.8,392.48,376.72,389,102991,0
2010-07-07,387.92,387.92,372.64,373.72,105635,0
2010-07-08,366.56,373.68,365.6,367.68,90625,0
2010-07-09,365.72,369.32,362.48,364.28,96848,0
2010-07-12,363.88,364.2,358.88,362.28,69509,0
2010-07-13,358.84,358.84,352.76,355.72,114805,0
2010-07-14,359.28,364.16,357.8,362.56,117730,0
2010-07-15,365,374.4,362,366.64,68347,0
2010-07-16,369.2,386.08,369.2,384,62920,0
2010-07-19,383.92,384.04,378.32,380.96,138140,0
2010-07-20,391.76,391.76,369.88,370.48,246418,0
2010-07-21,368.4,376.44,364.68,372.64,142075,0
2010-07-22,366.2,367.04,359.2,360.28,84199,0
2010-07-23,360.84,364,357.6,358.6,86786,0
2010-07-26,357.2,358.96,347.16,347.24,73366,0
2010-07-27,341.6,347.56,341.6,345.92,63407,0
2010-07-28,347.84,349.08,342.08,342.32,69564,0
2010-07-29,340.36,345.64,336.4,341.12,76108,0
2010-07-30,351.8,352.64,340.88,341.96,32744,0
2010-08-02,334.24,337,329.56,330.36,47267,0
2010-08-03,333.64,334.96,331.96,332.92,70235,0
2010-08-04,332,332.92,330.68,331.88,59661,0
2010-08-05,333.88,337.32,330.72,334.44,45255,0
2010-08-06,339.24,344.6,335.36,336.84,58653,0
2010-08-09,334.04,337.28,332.64,334.08,64466,0
2010-08-10,339.64,341.44,335.72,336.68,95343,0
2010-08-11,348.28,350.88,343.08,350.36,105466,0
2010-08-12,360.4,360.4,350.28,353.64,145519,0
2010-08-13,354.6,358.28,353.32,358.04,56306,0
2010-08-16,361.52,363.16,353.08,356.16,64572,0
2010-08-17,351,353.76,349.52,352.96,68457,0
2010-08-18,355.12,356.64,352.44,356.12,323495,0
2010-08-19,358.32,367,357.12,364.52,102850,0
2010-08-20,367.16,368.44,363.04,364.8,58867,0
2010-08-23,363.44,366.84,361.08,366.68,123173,0
2010-08-24,375.92,379.88,372.88,374.84,143085,0
2010-08-25,377.96,381.04,367.76,368.08,114030,0
2010-08-26,364.04,377,364.04,373.12,55073,0
2010-08-27,368.28,376.52,360.28,360.44,52764,0
2010-08-30,362.36,367.32,359.72,366.96,68275,0
2010-08-31,368.56,371.24,365.92,369.2,85637,0
2010-09-01,363.76,364.48,358.92,361.72,94888,0
2010-09-02,361.52,361.76,357.2,357.72,125202,0
2010-09-03,351.28,356.36,349.64,349.64,64303,0
2010-09-07,356.6,356.6,352.4,355.28,54363,0
2010-09-08,355.92,355.92,353.08,353.6,69323,0
2010-09-09,347.04,348.96,346.68,348.04,38851,0
2010-09-10,348.88,348.88,346.6,347.8,63462,0
2010-09-13,343.28,345.12,340.48,340.8,71664,0
2010-09-14,345.44,345.52,336.8,339.36,86848,0
2010-09-15,339.76,343.44,337.04,337.4,75444,0
2010-09-16,340.16,340.68,338.44,339.6,43296,0
2010-09-17,338.64,341.84,337.68,340.04,53613,0
2010-09-20,337.08,340,334.52,336.48,66194,0
2010-09-21,336.8,337.88,334.96,336.84,52527,0
2010-09-22,337.56,340.6,335.72,338.8,48332,0
2010-09-23,342.56,346.36,339.96,346.04,56937,0
2010-09-24,340.96,341.96,336.76,338.88,35434,0
2010-09-27,340.24,342.16,337.6,338.6,44897,0
2010-09-28,338.64,341.96,336.96,337.12,59120,0
2010-09-29,338.88,342.88,338.48,342.48,153593,0
2010-09-30,339.4,348.96,339.36,346.72,110792,0
2010-10-01,344.12,347.48,341,343.44,78356,0
2010-10-04,345.12,348.32,343.32,347.2,74361,0
2010-10-05,343.56,343.56,338.56,339.72,148220,0
2010-10-06,340.24,340.84,337.24,340.32,108351,0
2010-10-07,338.96,342.4,337.88,339.8,121948,0
2010-10-08,341,341,335.8,337,151733,0
2010-10-11,335.64,335.96,330.52,330.84,88576,0
2010-10-12,333.04,334.32,321.76,322.4,187654,0
2010-10-13,320.12,321.68,314.4,317.36,310797,0
2010-10-14,319.84,325.2,317.8,322.24,132353,0
2010-10-15,320.92,327.72,318.92,319,129134,0
2010-10-18,320.44,321.64,314.48,319.44,79444,0
2010-10-19,322.52,326.2,319.2,320.76,93850,0
2010-10-20,321.24,321.24,313.76,314.64,96977,0
2010-10-21,312.32,315.56,307.68,309.12,108905,0
2010-10-22,308.96,308.96,303.24,303.36,75639,0
2010-10-25,300.48,301.96,296.52,299.68,83087,0
2010-10-26,302,304.04,297.56,299.6,79856,0
2010-10-27,303.04,306.28,299.4,299.88,83644,0
2010-10-28,298.48,300.28,296.36,298.52,134384,0
2010-10-29,299.92,300.2,295.6,298.04,82105,0
2010-11-01,295,300.12,292.72,297.44,58413,0
2010-11-02,294.12,296.2,292.4,294.08,54713,0
2010-11-03,293.28,295.6,280.64,283.32,112479,0
2010-11-04,279.48,280,269.72,272.88,182372,0
2010-11-05,271.76,274.4,269.96,274.32,29062,0
2010-11-08,276.52,280,275.36,276.48,105118,0
2010-11-09,275.56,280.76,272.36,279.36,121918,0
2010-11-10,278.72,283.32,278.24,278.76,128332,0
2010-11-11,282,286.04,281.4,282.28,58073,0
2010-11-12,286,292.96,283.72,290.84,74017,0
2010-11-15,290.92,290.92,284.36,288,51419,0
2010-11-16,291.16,298.72,289.6,295.44,228209,0
2010-11-17,295.6,295.6,288.08,292.04,148856,0
2010-11-18,285.84,285.88,280.56,283.32,123427,0
2010-11-19,284.96,288.6,281.12,281.76,89033,0
2010-11-22,283.92,285,278.28,278.8,242607,0
2010-11-23,283.36,288.28,283.36,284.36,217084,0
2010-11-24,282.28,282.28,279.12,280.16,52734,0
2010-11-26,285.52,287.72,283.56,287.12,51086,0
2010-11-29,288.16,294.48,286.56,287.48,131984,0
2010-11-30,292.92,298.64,291.48,298.24,300007,0
2010-12-01,288.04,291.04,285.4,290.28,209694,0
2010-12-02,289.44,289.48,279.04,280.52,234690,0
2010-12-03,284.24,284.24,273.56,274.52,176737,0
2010-12-06,276.76,276.8,271.16,272.08,90675,0
2010-12-07,268,271,265.6,270,394481,0
2010-12-08,268.64,272,265.08,267.08,138425,0
2010-12-09,263.48,267.32,263.44,263.76,151050,0
2010-12-10,262.68,263.56,257.48,258.68,169991,0
2010-12-13,256.84,258.56,253.52,258,163490,0
2010-12-14,257.76,260.04,256.6,258.64,122041,0
2010-12-15,259.96,261.64,256,260.32,102793,0
2010-12-16,260.28,261.08,257.44,258.68,120290,0
2010-12-17,258.76,259.56,255.6,257.04,183199,0
2010-12-20,255.4,257.12,254.12,255.4,63840,0
2010-12-21,253.96,255.04,253.6,254.44,140674,0
2010-12-22,254.24,255.16,252.2,254.88,40664,0
2010-12-23,255.36,260.04,255.16,258.68,109228,0
2010-12-27,260,262.72,259.72,261.8,48277,0
2010-12-28,261.32,262.96,261,261.6,49692,0
2010-12-29,261.04,262.24,260.92,261.92,45503,0
2010-12-30,262.84,263.2,261,261.8,54498,0
2010-12-31,264.56,265.48,262.12,263.04,76814,0
2011-01-03,260.68,261.8,256.84,259.56,125636,0
2011-01-04,258.96,262.08,258.64,259.04,268039,0
2011-01-05,260.64,260.96,254.6,255.16,115613,0
2011-01-06,254.92,256.56,253.08,254.84,135110,0
2011-01-07,254.6,260.16,252.2,256.24,245488,0
2011-01-10,259.44,260,255.28,256.16,126477,0
2011-01-11,254.8,255.56,253.64,254.52,113022,0
2011-01-12,251.6,251.96,247.92,249.08,147656,0
2011-01-13,248.96,249.96,245.4,246.12,220669,0
2011-01-14,247.4,247.4,240.56,241.36,164542,0
2011-01-18,241.2,241.48,236,237.4,139599,0
2011-01-19,239.2,244.12,238.24,243.52,262416,0
2011-01-20,244.56,245.92,239.68,241.6,202404,0
2011-01-21,238.2,243,236.76,241.04,119699,0
2011-01-24,241.6,242.48,236.8,237.8,107187,0
2011-01-25,239.68,240.56,235.88,236.12,127667,0
2011-01-26,235.2,235.52,229.96,230.72,121168,0
2011-01-27,231.2,231.36,226.76,227.44,105163,0
2011-01-28,227.48,235.44,224,234.6,265203,0
2011-01-31,232.72,234.28,231.64,232.28,248722,0
2011-02-01,227.8,227.96,222.64,223.8,250094,0
2011-02-02,224.56,224.56,222.24,223.8,101538,0
2011-02-03,224.6,226.6,222.08,222.08,168660,0
2011-02-04,222.6,222.6,218.8,219.76,220564,0
2011-02-07,218.4,218.52,215.04,216.12,58622,0
2011-02-08,215.28,218,213.32,213.76,72688,0
2011-02-09,214.24,215.36,211.4,212.12,172079,0
2011-02-10,215.2,216.48,210.28,211.04,162832,0
2011-02-11,211.84,212.04,207.36,208.04,130363,0
2011-02-14,207.68,208.92,206.64,208.16,110059,0
2011-02-15,208.84,210.4,207.6,209.8,128197,0
2011-02-16,208.16,209.92,206.44,209.64,109735,0
2011-02-18,212.8,218.92,212.6,216.56,225881,0
2011-02-22,224.48,231.52,220.04,229.4,446816,0
2011-02-23,229.48,236,227.84,233.76,504863,0
2011-02-24,235.96,240.2,231.16,234.48,288476,0
2011-02-25,229.76,230.48,226.88,227.88,193145,0
2011-02-28,225.44,225.88,221.96,224,93718,0
2011-03-01,223,232.72,222.04,231.88,239202,0
2011-03-02,231.04,234.84,228.48,231.76,171576,0
2011-03-03,226.52,226.96,224.24,224.76,103149,0
2011-03-04,224.8,232.6,223.8,227.76,140121,0
2011-03-07,226.4,234.96,224.52,232.88,276238,0
2011-03-08,233.08,235.88,229.52,231.88,70849,0
2011-03-09,232.84,236.6,232.04,233.6,150222,0
2011-03-10,237.16,240.96,236.8,240.2,222890,0
2011-03-11,242.88,243.08,234.8,235.76,137238,0
2011-03-14,240.68,242.36,236.56,238.52,154749,0
2011-03-15,253.28,253.32,241.84,244.36,416289,0
2011-03-16,243.12,260.16,241.8,253.2,510012,0
2011-03-17,245.96,247.36,242.4,245.4,298300,0
2011-03-18,237.68,241.92,237.4,238,336784,0
2011-03-21,230.28,231.8,225.96,226.08,179745,0
2011-03-22,225.92,228.32,225.16,227.28,110133,0
2011-03-23,228.32,230.28,223.64,224.6,192463,0
2011-03-24,222.52,224.4,220.76,222.6,165185,0
2011-03-25,221.88,224.8,220.56,224.76,179278,0
2011-03-28,223,225.24,222.28,225.24,238922,0
2011-03-29,224.04,226.56,221.56,222.28,142757,0
2011-03-30,219.76,220.4,218,218.48,142281,0
2011-03-31,219.6,220.2,218.16,220.2,88624,0
2011-04-01,216.08,220.04,214.68,218.64,146050,0
2011-04-04,218.36,220.08,217.44,217.88,67605,0
2011-04-05,218.68,219.2,216,217.84,115807,0
2011-04-06,215.84,219.52,215.84,217.36,146372,0
2011-04-07,217.6,221.48,216.48,219.76,130162,0
2011-04-08,217.56,224.44,217.24,223.04,172574,0
2011-04-11,222.36,225.52,220.64,223.88,194421,0
2011-04-12,226.32,227.88,223.88,226.12,183122,0
2011-04-13,223.04,225.84,222.32,223.52,173677,0
2011-04-14,226.24,226.92,222.6,223.24,96831,0
2011-04-15,222.84,224.04,220.64,222.6,197147,0
2011-04-18,229.72,232.36,224.92,225.36,240816,0
2011-04-19,225.28,225.4,222,222.4,140866,0
2011-04-20,218.32,220.76,217.44,219.4,128468,0
2011-04-21,217.88,220.12,216.36,216.8,381612,0
2011-04-25,213.76,215.24,213.2,214,86429,0
2011-04-26,212,212.68,209.72,210.2,169973,0
2011-04-27,209.68,212.56,206.8,207.76,473777,0
2011-04-28,209.24,209.24,206.32,206.32,143403,0
2011-04-29,206.28,206.4,204.36,205.24,194141,0
2011-05-02,203.16,208.64,202.84,207.88,108493,0
2011-05-03,208.84,212.68,208.4,210.36,141240,0
2011-05-04,209.08,214.56,209.08,211.12,200208,0
2011-05-05,214.44,215.8,210.68,214.04,204990,0
2011-05-06,208.84,213.84,207.04,211.52,254603,0
2011-05-09,211.96,212.12,207.24,208.24,150785,0
2011-05-10,206.92,207.84,204.64,205.24,94245,0
2011-05-11,205.4,210.04,204.88,207.08,165887,0
2011-05-12,208.08,210.6,204.4,205.92,212730,0
2011-05-13,206.2,210.24,205.48,209,379129,0
2011-05-16,208.96,210.04,205.2,208.36,191799,0
2011-05-17,209.4,212.32,207,207,353293,0
2011-05-18,206.88,207.44,203.68,206.16,163233,0
2011-05-19,204,207.2,204,206,379589,0
2011-05-20,206.4,210.28,205.84,209.52,402087,0
2011-05-23,215.64,215.8,211,212.84,252638,0
2011-05-24,212.36,212.96,210.24,211.84,143089,0
2011-05-25,212.92,213.2,208.6,209.88,131950,0
2011-05-26,209.76,210.88,206.56,207.04,104250,0
2011-05-27,206.2,206.2,200.96,203.12,179723,0
2011-05-31,198.92,201.08,198.8,199.24,176187,0
2011-06-01,199.48,204.96,198.68,204.68,186876,0
2011-06-02,203.56,206.4,202.12,203.24,206329,0
2011-06-03,207.6,208,201.84,204.24,231017,0
2011-06-06,204.72,207.24,202.6,206.08,102441,0
2011-06-07,205.12,205.8,202.12,205.72,124273,0
2011-06-08,205.56,206.32,202.76,205.64,158893,0
2011-06-09,204.4,204.64,201.08,202.6,63020,0
2011-06-10,202.72,207.4,202.72,206.52,147751,0
2011-06-13,205.92,209.96,203.24,207.16,124506,0
2011-06-14,203.44,203.44,200.48,201.92,133212,0
2011-06-15,204.56,210.6,204.12,209.64,281183,0
2011-06-16,211.04,222.96,209.24,217.56,493207,0
2011-06-17,215,218,212.16,215.68,236127,0
2011-06-20,217.8,217.8,210.28,211.2,186642,0
2011-06-21,208.68,208.96,206.08,208.04,195898,0
2011-06-22,207.44,210.12,204.08,209.96,205196,0
2011-06-23,215.6,218.6,208.64,210.08,272032,0
2011-06-24,209.92,215.56,209.64,215.2,131131,0
2011-06-27,214.16,215.16,209.52,211.16,148627,0
2011-06-28,209.2,210.36,207.8,209.64,79127,0
2011-06-29,206.88,208.28,205,206.24,216086,0
2011-06-30,203.72,204.16,200.12,201.48,248136,0
2011-07-01,200.08,200.76,191.08,192.44,325928,0
2011-07-05,192.4,194.04,191.2,193.72,87581,0
2011-07-06,194.96,195.96,192.04,192.04,252891,0
2011-07-07,188.4,189.32,187.04,188.28,156012,0
2011-07-08,190.88,191.84,188.68,188.76,110277,0
2011-07-11,195.52,198.52,193.72,197.64,155963,0
2011-07-12,200.08,201.32,194.2,201,161169,0
2011-07-13,198.96,202.4,195.48,200.48,129026,0
2011-07-14,200.12,207.6,199.32,205.08,182313,0
2011-07-15,203.68,206.24,201.2,201.2,164630,0
2011-07-18,204.8,207.2,203.4,203.96,106516,0
2011-07-19,202.76,202.76,198.16,198.8,137869,0
2011-07-20,197.44,198.72,196.04,196.88,84190,0
2011-07-21,193.88,194.72,191.32,192.08,143275,0
2011-07-22,190.72,194.16,190.68,190.96,148115,0
2011-07-25,194,195.72,192.6,195.12,150935,0
2011-07-26,194.16,198.16,193.72,195.76,122176,0
2011-07-27,197.12,201.36,196.68,200.4,288613,0
2011-07-28,199.92,200.88,195.56,200.12,298620,0
2011-07-29,202.96,204,194.68,195.4,289873,0
2011-08-01,189.72,196.8,188.76,191.28,337080,0
2011-08-02,193.12,196.8,189.8,196.52,186919,0
2011-08-03,197.64,203.48,194.76,195.6,704735,0
2011-08-04,199.8,213.32,199.24,213.32,444692,0
2011-08-05,209.12,231.12,207.08,214.4,526663,0
2011-08-08,223.2,237.48,218.44,232.48,443911,0
2011-08-09,223.56,232.16,218.6,218.6,530384,0
2011-08-10,222.52,234.6,222.24,231.96,256565,0
2011-08-11,232.56,237.08,225.52,226.16,288145,0
2011-08-12,221.64,226.32,220.64,225.52,183134,0
2011-08-15,221.04,221.04,217.72,217.88,91727,0
2011-08-16,219.2,224.12,216.8,218.88,164462,0
2011-08-17,217.32,222.04,214.96,219.4,244929,0
2011-08-18,227.72,245.08,227.32,241.92,319454,0
2011-08-19,250.04,251.44,240.92,251.2,321550,0
2011-08-22,242.04,255.68,241.56,252.76,220989,0
2011-08-23,251.64,255.24,249.28,249.44,167752,0
2011-08-24,252.08,254.08,246.68,253.08,149961,0
2011-08-25,251.96,261.52,249.4,258.96,98663,0
2011-08-26,264,266.68,252.4,255.56,226226,0
2011-08-29,253,253.8,248.8,249.24,84198,0
2011-08-30,251.56,254.08,248.72,254.08,68528,0
2011-08-31,250.72,254,249,251.48,103511,0
2011-09-01,251.32,253.32,246.52,252.28,102394,0
2011-09-02,258.4,259.08,254.36,257.28,64378,0
2011-09-06,267,268,259.72,259.72,103964,0
2011-09-07,256.08,259.04,255.52,255.88,101275,0
2011-09-08,258.12,259.56,253.48,257.6,79102,0
2011-09-09,263.08,271.4,261.08,268.68,140749,0
2011-09-12,273.28,279.68,269.4,270.36,98724,0
2011-09-13,271.56,274.72,269.8,271.28,104524,0
2011-09-14,267.16,273.56,265.2,268.52,87081,0
2011-09-15,264,267.12,261.44,262.16,62081,0
2011-09-16,261.64,266,259.88,262.72,82811,0
2011-09-19,268.92,270.56,263.28,265.48,129363,0
2011-09-20,267.28,267.48,259.2,263.88,167468,0
2011-09-21,264.8,271.12,262.48,271.12,78495,0
2011-09-22,281.28,288,275.88,282.36,174612,0
2011-09-23,283.04,286.32,280.12,281.52,184798,0
2011-09-26,279.56,284.96,277.72,278.2,135713,0
2011-09-27,272.44,277.6,270.16,275.32,81515,0
2011-09-28,276.24,284.72,274,284.52,110436,0
2011-09-29,279.28,289.12,277.48,280.88,117700,0
2011-09-30,288.04,293.24,283.76,292.8,62159,0
2011-10-03,295.08,302.56,291.72,300.84,100011,0
2011-10-04,304.08,310.6,287.84,287.92,106905,0
2011-10-05,292.68,294.6,285.16,288.12,121626,0
2011-10-06,288.68,292.6,285.2,286.96,74300,0
2011-10-07,282.44,293.04,282.12,290.4,139025,0
2011-10-10,282.6,284.16,276.24,276.24,71757,0
2011-10-11,278.72,280.08,274.6,275.24,35808,0
2011-10-12,272.2,272.72,262.72,264.84,82308,0
2011-10-13,266.08,270.44,263.88,265.28,32749,0
2011-10-14,260.24,263.48,255.8,255.96,41221,0
2011-10-17,256.08,267.8,256.08,266.92,101421,0
2011-10-18,264.48,271.28,256.2,261.6,86913,0
2011-10-19,261.4,273.68,260.36,270.32,68729,0
2011-10-20,270,276.56,267.6,269.8,79740,0
2011-10-21,264.4,265.68,262.08,262.52,43263,0
2011-10-24,261.28,261.4,253.08,253.08,77072,0
2011-10-25,254.36,262.96,254.36,258.2,43600,0
2011-10-26,252.88,263.64,252.52,253.28,146920,0
2011-10-27,239.52,241.72,231.84,232.48,93421,0
2011-10-28,234.28,234.84,229.28,231.16,204292,0
2011-10-31,236.44,243.48,234.6,243,49359,0
2011-11-01,264.64,266.84,256.12,261.48,87514,0
2011-11-02,259.68,264,257.28,258.68,38619,0
2011-11-03,256.84,264.2,252.76,254.64,42443,0
2011-11-04,258.84,260.92,253.96,256.8,28321,0
2011-11-07,256.04,262.44,254.76,255.8,59644,0
2011-11-08,253.44,259.16,250.84,251.08,64708,0
2011-11-09,262.12,275.16,261.32,273.48,136930,0
2011-11-10,265.28,273.4,265.04,267.2,229335,0
2011-11-11,262.4,263.12,260.04,262.08,45218,0
2011-11-14,265.8,270.08,264.44,266.12,123482,0
2011-11-15,267.2,271.48,264.6,266.44,106599,0
2011-11-16,270.44,273.8,264.84,273.24,110190,0
2011-11-17,273,282.76,270.56,279.76,156098,0
2011-11-18,277.28,282.04,275.96,278.44,115544,0
2011-11-21,287.2,287.64,280.56,281.76,75540,0
2011-11-22,282.2,286.84,280.64,281.4,96252,0
2011-11-23,284.04,288.12,283.2,288.12,70584,0
2011-11-25,287.88,289.48,283.2,289.48,21898,0
2011-11-28,278.56,283.12,274.4,280.44,84279,0
2011-11-29,279.28,282.56,276.28,279.12,67329,0
2011-11-30,266.28,268.36,262.2,262.32,68789,0
2011-12-01,264.68,265.28,258.96,260.64,98687,0
2011-12-02,256.32,261,254,260.68,52337,0
2011-12-05,254.16,259.64,253.16,257.28,51657,0
2011-12-06,257.52,258.28,255.12,256.28,37812,0
2011-12-07,257.24,263.76,257.24,261.8,47084,0
2011-12-08,263.88,269.72,262.84,268.08,86516,0
2011-12-09,264.8,265.08,259.88,261.56,73690,0
2011-12-12,265.32,270.52,264.32,267.36,98936,0
2011-12-13,261.16,269.8,258.52,267.72,64920,0
2011-12-14,267.6,272.64,265.88,269.16,54830,0
2011-12-15,262.28,265.72,260.48,263.08,40763,0
2011-12-16,258.04,264.12,257.36,262.6,49873,0
2011-12-19,261,261.6,257.8,260.96,54516,0
2011-12-20,253.16,254.04,250.56,250.96,63778,0
2011-12-21,250.6,251.72,240.24,240.48,154040,0
2011-12-22,236.92,240.64,234.44,239.92,96371,0
2011-12-23,236.6,243.36,236.6,242.28,56734,0
2011-12-27,239.24,240.04,237.2,239.84,37297,0
2011-12-28,237.32,244.16,237.32,243.72,67286,0
2011-12-29,240.88,241.68,239.48,240.12,55850,0
2011-12-30,239.4,242.64,239.2,242.64,18014,0
2012-01-03,235.04,238.44,235.04,236.36,85670,0
2012-01-04,237.76,239,231.96,232.24,49427,0
2012-01-05,234.24,235.72,230.56,230.84,33330,0
2012-01-06,229,232.76,227.36,228.36,40184,0
2012-01-09,227.36,228.72,226,226.84,66608,0
2012-01-10,222.92,225.68,222.88,224.88,19295,0
2012-01-11,226.32,227.28,225.16,226.88,29786,0
2012-01-12,227.12,231.6,225.32,226.04,35542,0
2012-01-13,229.68,233.36,229.04,230.68,36567,0
2012-01-17,226.84,232,225.32,232,82826,0
2012-01-18,232.04,233.08,227.32,228.08,74602,0
2012-01-19,225.92,228.12,223.96,225.76,112818,0
2012-01-20,227.12,227.64,220.84,221.36,94455,0
2012-01-23,222.28,222.6,216.72,218.8,87136,0
2012-01-24,220.8,222.72,218.44,218.92,55660,0
2012-01-25,218.76,220.64,215.16,215.8,134940,0
2012-01-26,212.24,219.12,212.04,218.48,186943,0
2012-01-27,219.6,219.88,214.04,214.52,84207,0
2012-01-30,217.36,217.92,215.48,217.12,46953,0
2012-01-31,213.96,218.56,213.92,218.56,129436,0
2012-02-01,215.52,216.8,213.68,215.56,150508,0
2012-02-02,213.4,214.8,212.4,212.68,25253,0
2012-02-03,208.84,210.24,206.76,207.48,68593,0
2012-02-06,209.4,209.8,205.2,205.32,53460,0
2012-02-07,204.4,206.6,202.84,203.4,110664,0
2012-02-08,203.88,206.96,203.4,205,67189,0
2012-02-09,205.2,210.6,204.84,210.2,51836,0
2012-02-10,216.36,225.44,215.32,219.52,206889,0
2012-02-13,213.28,214.92,211.52,213.08,63420,0
2012-02-14,215.56,222.88,214.28,217.28,91488,0
2012-02-15,220.76,225.12,218.96,222.28,95726,0
2012-02-16,224.52,227,217.96,219.52,70657,0
2012-02-17,219.72,222.56,218.52,222.28,116477,0
2012-02-21,222.36,226.6,221.48,225.52,80961,0
2012-02-22,226.72,226.72,220.76,221.8,97600,0
2012-02-23,221.44,221.68,214.96,218.84,87618,0
2012-02-24,218.08,224,216.72,223.6,109063,0
2012-02-27,227.12,227.92,222.16,224.68,138274,0
2012-02-28,226.8,227.24,222.36,222.72,57302,0
2012-02-29,221.48,222.56,216.56,219.64,90571,0
2012-03-01,219.72,221.96,217.16,217.92,153632,0
2012-03-02,217.24,222.44,216.88,222.12,61459,0
2012-03-05,221.76,222.8,220.04,222.52,430592,0
2012-03-06,229.6,229.96,225.96,226.8,116127,0
2012-03-07,223.4,224.12,221.24,221.48,59564,0
2012-03-08,219.16,219.52,216,217.32,115248,0
2012-03-09,217.08,217.52,212.96,214.32,186828,0
2012-03-12,214.96,214.96,210,210.72,122840,0
2012-03-13,209.32,210.04,204.44,205.12,196763,0
2012-03-14,205,210,204.56,206.48,119075,0
2012-03-15,209.48,210.72,205.12,205.84,121964,0
2012-03-16,205.36,208.84,204.96,207.68,101653,0
2012-03-19,206.84,208.24,202.52,203.16,117634,0
2012-03-20,204.6,205.8,200.6,201.28,158486,0
2012-03-21,200.2,201,196.36,196.64,330956,0
2012-03-22,200.72,201.16,197.44,198.44,203665,0
2012-03-23,199.64,200.68,193.28,194.28,215528,0
2012-03-26,192.92,192.92,184.52,184.88,361826,0
2012-03-27,184.72,187.96,184,187.6,223623,0
2012-03-28,187.04,193.48,185.44,187.12,154581,0
2012-03-29,191.8,192.04,185.76,186.68,173430,0
2012-03-30,183.44,186.48,181.92,184.92,156443,0
2012-04-02,182.2,183.56,180.04,181.72,175935,0
2012-04-03,182.28,185.36,181.36,182.6,510669,0
2012-04-04,186.56,188.28,183.2,184,214193,0
2012-04-05,184.8,187.16,183.52,186.08,159211,0
2012-04-09,190.48,191.48,187.24,191.48,238306,0
2012-04-10,192.76,201.08,191.48,200.24,252350,0
2012-04-11,196.04,199.48,194.64,199.44,241932,0
2012-04-12,199.24,199.72,191.84,192.96,143020,0
2012-04-13,191.64,197.52,191.64,197.4,159182,0
2012-04-16,194.32,198.12,192.12,193.52,212403,0
2012-04-17,192.04,193.04,189.04,190.92,145931,0
2012-04-18,192.8,193.2,189.04,191.6,132164,0
2012-04-19,192,195.12,188.88,193,93151,0
2012-04-20,189.84,189.88,187.04,189,173707,0
2012-04-23,192.24,195.12,191.2,192.64,111811,0
2012-04-24,190.68,191.76,188.88,190.12,77211,0
2012-04-25,187.36,187.36,183.68,183.84,94072,0
2012-04-26,184.52,185.2,179.6,180.36,49091,0
2012-04-27,181.08,183.76,179.84,180.88,171659,0
2012-04-30,181.08,181.92,180.44,181.52,72623,0
2012-05-01,181.32,181.32,176.48,178.16,65225,0
2012-05-02,180.28,181.08,178.12,178.68,103044,0
2012-05-03,177.24,180.08,175.2,177.8,129678,0
2012-05-04,178.8,184.16,178.6,183.16,109285,0
2012-05-07,182.16,182.32,178.28,179.6,60815,0
2012-05-08,181.8,186.64,180.68,181.24,109443,0
2012-05-09,185.4,187.4,181.56,185.04,95777,0
2012-05-10,181.12,182.96,180,182,67863,0
2012-05-11,185.48,185.92,180.92,185.12,84912,0
2012-05-14,188.08,190.04,186.68,189.76,70440,0
2012-05-15,191.28,196.92,189.88,196.56,166897,0
2012-05-16,195.08,202.64,194.52,201.72,66851,0
2012-05-17,201.48,205.6,199.2,205.24,140139,0
2012-05-18,200.76,210.04,198.84,209.16,154056,0
2012-05-21,206.08,206.64,200.72,201.12,173201,0
2012-05-22,200.8,209.32,196.92,206.76,141708,0
2012-05-23,207.52,210.96,202.72,203,114667,0
2012-05-24,200.88,206.72,200.64,202.84,34730,0
2012-05-25,204.04,205.24,201.28,201.6,87372,0
2012-05-29,197.8,198.16,194.32,194.8,71347,0
2012-05-30,198.16,200.64,197.88,200.6,97826,0
2012-05-31,200.4,205,198.64,202.2,91963,0
2012-06-01,210.48,212.8,205.4,212.2,180013,0
2012-06-04,211.36,214.88,209.76,211.68,137006,0
2012-06-05,214.68,214.72,209.24,211.64,136985,0
2012-06-06,208.32,208.84,204.48,204.84,46477,0
2012-06-07,200.44,206.16,199.8,205.56,51978,0
2012-06-08,205.16,205.88,197.48,198.24,64142,0
2012-06-11,192.68,205.96,192.44,205.4,128518,0
2012-06-12,206.68,209.6,204.88,207.4,173231,0
2012-06-13,210.48,213.44,208.12,212.4,78098,0
2012-06-14,213.76,214.48,205.88,205.96,93521,0
2012-06-15,205.76,206.72,199.12,200.56,87229,0
2012-06-18,201.56,202.56,193.24,194.04,128168,0
2012-06-19,191.36,194.56,190.8,192.16,120552,0
2012-06-20,191.04,194.4,187.16,187.16,96733,0
2012-06-21,187.96,197.76,187.92,197.28,87382,0
2012-06-22,190.72,191.92,185.2,186.08,96279,0
2012-06-25,191.52,194.84,191.52,193.68,120253,0
2012-06-26,190.6,195.32,188.48,189.68,48147,0
2012-06-27,187.88,190.16,186.8,189.36,27731,0
2012-06-28,189.96,191.8,185.44,186.2,41031,0
2012-06-29,180.24,181.6,179.16,179.16,61989,0
2012-07-02,177.04,178.8,174.16,175.28,147848,0
2012-07-03,174.76,175.52,171.8,172.04,47625,0
2012-07-05,172.6,176.6,172.6,175.84,81310,0
2012-07-06,176.92,176.92,173.12,173.32,80684,0
2012-07-09,171.32,174.24,170.6,171.12,82018,0
2012-07-10,170.16,173.92,168.64,172.8,84292,0
2012-07-11,172.16,173.28,167.92,168.96,102109,0
2012-07-12,172.08,174.52,168.44,171.56,98665,0
2012-07-13,169.8,169.8,164.76,165.72,72175,0
2012-07-16,166.48,168.08,165.24,166.52,89175,0
2012-07-17,166.52,167.2,162.32,163.16,97442,0
2012-07-18,164.24,165.08,162.12,164.32,86183,0
2012-07-19,163.56,165.96,162.56,162.84,58899,0
2012-07-20,165.12,168.08,164.44,166.8,98370,0
2012-07-23,171.96,175.48,170.52,172.16,130521,0
2012-07-24,170.64,177.24,170.44,173.88,87509,0
2012-07-25,172.72,175.96,171.08,172.16,88569,0
2012-07-26,167.84,170.08,166,166.28,71872,0
2012-07-27,162.72,166.52,162.36,166.4,69017,0
2012-07-30,165.04,167.8,164.28,167.36,75263,0
2012-07-31,168.24,169.36,166.36,169.36,65445,0
2012-08-01,167.12,168.84,165.64,168.84,80663,0
2012-08-02,171.28,172.28,167.6,168.96,92468,0
2012-08-03,165.96,166.6,163.96,164.52,90795,0
2012-08-06,161.12,163.24,160.88,162.84,69056,0
2012-08-07,160.84,165.16,160.52,164.96,53003,0
2012-08-08,163.4,163.92,160.76,161.56,68562,0
2012-08-09,162.16,163.32,160.84,161.2,38245,0
2012-08-10,162.44,162.64,159.96,159.96,43841,0
2012-08-13,160.32,160.92,158.16,158.16,70516,0
2012-08-14,158.72,162.8,158.72,162.64,84442,0
2012-08-15,162.76,163.28,160.4,163.12,61373,0
2012-08-16,162.76,163.68,161.36,161.64,143318,0
2012-08-17,161.84,163.4,160.56,161,117982,0
2012-08-20,161.64,162.64,161.2,162.24,57557,0
2012-08-21,161.96,165.4,161.76,164.76,96225,0
2012-08-22,166.48,167.08,163.56,164.6,145429,0
2012-08-23,166.08,168.16,165.56,166.76,79263,0
2012-08-24,168.84,169.08,164.68,165.6,61487,0
2012-08-27,165.16,166.04,163.88,165.16,96190,0
2012-08-28,165.96,166.2,163.76,165.64,75023,0
2012-08-29,165.76,166.24,163.52,166.08,73030,0
2012-08-30,167.64,168.24,165.8,167.28,49221,0
2012-08-31,165.6,166.88,162.96,163.6,78867,0
2012-09-04,164.72,166.44,163.72,164.44,92077,0
2012-09-05,164.96,165.28,161.16,161.32,51647,0
2012-09-06,159.24,159.24,154.36,154.36,173622,0
2012-09-07,152.96,153.12,150.24,150.72,96939,0
2012-09-10,151.72,153.8,150.16,153.6,106251,0
2012-09-11,152.68,152.72,148.68,149.24,450899,0
2012-09-12,148.24,148.68,145.52,145.6,254092,0
2012-09-13,146.56,147.4,137.92,140.76,187104,0
2012-09-14,137.76,139.4,131.64,139.16,327439,0
2012-09-17,139.96,140.2,137.76,138.04,133475,0
2012-09-18,139.12,140.4,136.4,136.56,158893,0
2012-09-19,136.36,136.96,133.92,135.88,276896,0
2012-09-20,136.24,137.48,134.76,135.28,78893,0
2012-09-21,134.12,135.2,133.8,135.2,139395,0
2012-09-24,135.44,135.92,133.24,134.52,85098,0
2012-09-25,132.76,137.64,132.36,137.52,100020,0
2012-09-26,137.68,140.28,137.08,139.08,168514,0
2012-09-27,135.8,137.24,132.88,133.36,150400,0
2012-09-28,135.24,136.32,134,135.48,120436,0
2012-10-01,134.24,135.88,132,135.6,92805,0
2012-10-02,134.16,135.36,133.28,133.48,111478,0
2012-10-03,133.28,134.4,131.76,133.24,76182,0
2012-10-04,131.52,132.12,130.32,130.72,37545,0
2012-10-05,128.04,129.92,126.92,129.72,56987,0
2012-10-08,130,130.4,128.8,129.12,39071,0
2012-10-09,128.8,131.32,128.64,130.76,64640,0
2012-10-10,129.88,131.64,129.48,131.2,136666,0
2012-10-11,129,129.28,127.32,128.48,71536,0
2012-10-12,127.16,128.8,126.28,127.04,105751,0
2012-10-15,125.92,127.48,124.76,125.04,332446,0
2012-10-16,124.4,125.44,123.76,124.4,490039,0
2012-10-17,124.4,125.08,122.6,122.92,622952,0
2012-10-18,123.84,124.12,121.92,123.36,89291,0
2012-10-19,123.4,127.44,122.84,126.32,167163,0
2012-10-22,126.84,127.24,124.36,124.36,75043,0
2012-10-23,128.88,130.96,127.12,128.04,85401,0
2012-10-24,126.44,127.56,125.68,126.6,569948,0
2012-10-25,124.76,127,124.08,124.68,178469,0
2012-10-26,125.32,127.16,124.56,125.88,61375,0
2012-10-31,124.4,126.96,124.4,125.96,149064,0
2012-11-01,125.24,125.24,119.76,120.28,86628,0
2012-11-02,119.76,124.12,119.12,123.32,404768,0
2012-11-05,125.04,125.36,122.92,124.12,223200,0
2012-11-06,123.36,124.04,120.12,121.8,97114,0
2012-11-07,122.64,127.92,122.24,125.6,92913,0
2012-11-08,125.48,126.56,123.32,126.56,134666,0
2012-11-09,127.48,128.12,124.92,127.4,250608,0
2012-11-12,126.8,127.28,124,124.6,345141,0
2012-11-13,126,126.72,122.36,125.04,57701,0
2012-11-14,122.64,127.64,122.44,126.8,114741,0
2012-11-15,126.44,128.44,125.04,126.92,68726,0
2012-11-16,126.64,128.96,124.04,124.2,83650,0
2012-11-19,122.6,122.6,119.36,119.64,87921,0
2012-11-20,118.8,119.6,117.6,117.68,79226,0
2012-11-21,117.44,118.68,117.08,118.56,81110,0
2012-11-23,116.84,117.8,114.56,114.56,50701,0
2012-11-26,116.2,116.44,114.24,114.52,112807,0
2012-11-27,114.48,116.36,113.88,116.32,63855,0
2012-11-28,116.76,118.12,114.12,114.56,53978,0
2012-11-29,113.56,114.52,113.04,113.4,29782,0
2012-11-30,112.56,115.6,112.56,114.08,37462,0
2012-12-03,112.32,115.48,112.04,115.4,120958,0
2012-12-04,114.92,115.84,113.84,114.76,92483,0
2012-12-05,115.36,116,112.32,113.2,61881,0
2012-12-06,113.4,114.04,112.8,113.2,44658,0
2012-12-07,112.72,114.04,111.12,111.36,41095,0
2012-12-10,111.56,111.88,110.84,111,84621,0
2012-12-11,109.68,110.28,108.76,109.48,98402,0
2012-12-12,109.32,111.32,108.52,110.84,68829,0
2012-12-13,110.32,113.08,109.8,112.28,45844,0
2012-12-14,112.64,113.2,111.84,112.76,101281,0
2012-12-17,113.24,113.24,109.08,109.28,63510,0
2012-12-18,109.04,109.2,105.88,106.28,236371,0
2012-12-19,105.56,110.24,105.52,110.08,108355,0
2012-12-20,108.24,110.72,107.6,110.04,124021,0
2012-12-21,114.16,114.48,111.52,112.4,203643,0
2012-12-24,113,113.64,112.2,112.36,102580,0
2012-12-26,112.6,115.48,112.36,114.12,92024,0
2012-12-27,114.12,117.24,112.64,113.56,92849,0
2012-12-28,115.32,117.04,114.32,115.84,74808,0
2012-12-31,115.04,116.56,110.48,111.8,182366,0
2013-01-02,105.76,107.96,105,105.28,204959,0
2013-01-03,104.48,105.92,102.84,105.16,100236,0
2013-01-04,103.84,104.76,103.28,103.36,144810,0
2013-01-07,104.4,105.76,104.08,104.4,72762,0
2013-01-08,105.08,106.2,104.64,105.32,110578,0
2013-01-09,103.52,104.92,102.6,104.32,97019,0
2013-01-10,102.4,103.4,102.2,102.6,59585,0
2013-01-11,102.8,103.24,101.24,101.92,40914,0
2013-01-14,101.44,102.6,100.2,100.32,59047,0
2013-01-15,100.28,100.8,99.56,100.16,121318,0
2013-01-16,100.16,100.52,99.04,99.64,138978,0
2013-01-17,98.92,99.68,98.44,99.2,32728,0
2013-01-18,97.84,98.24,95.84,96.2,88912,0
2013-01-22,95.2,95.64,92.8,92.96,95528,0
2013-01-23,92.32,92.36,89.36,89.96,160639,0
2013-01-24,91.04,92.64,89.76,90.12,164277,0
2013-01-25,90.08,90.92,89.52,89.72,92728,0
2013-01-28,89.72,91.32,89.6,90.04,48160,0
2013-01-29,91.12,91.6,88.76,89.48,154416,0
2013-01-30,90.24,91.76,89,91.44,202649,0
2013-01-31,91.6,91.92,90.24,91.44,112656,0
2013-02-01,90.56,91.12,90.2,91,174106,0
2013-02-04,91.8,93.6,90.76,93.44,160773,0
2013-02-05,91.76,92,90.36,91.56,366208,0
2013-02-06,92.24,92.8,91.08,91.12,88884,0
2013-02-07,90.68,93.2,90.52,91,93727,0
2013-02-08,90.76,90.88,89.6,90.12,267695,0
2013-02-11,89.2,90.16,88.36,88.4,710247,0
2013-02-12,87.88,88.76,87.32,88.28,96290,0
2013-02-13,87.52,89.12,87.24,87.96,107439,0
2013-02-14,88.8,89.24,88,88.12,72464,0
2013-02-15,87.84,89.04,87.68,88.32,57073,0
2013-02-19,87.8,87.8,85.52,85.52,84211,0
2013-02-20,85.52,87.88,85.4,87.6,328653,0
2013-02-21,87.68,89.4,87.44,88.48,546105,0
2013-02-22,87.56,88.68,86.72,86.8,140509,0
2013-02-25,85.88,91.76,85,91.12,241942,0
2013-02-26,90.4,92.32,88.2,89.68,230757,0
2013-02-27,89.76,90.2,86.88,87.64,223528,0
2013-02-28,87.12,89.56,86.6,89.56,139358,0
2013-03-01,89.32,90.88,88.2,89.92,145552,0
2013-03-04,89.88,90.64,87.88,88.16,100238,0
2013-03-05,86.64,87.68,86.32,86.6,199126,0
2013-03-06,85.92,87.08,85.8,86.28,26506,0
2013-03-07,85.92,86.36,85.44,85.92,71685,0
2013-03-08,85.68,86.68,85.12,85.96,106716,0
2013-03-11,86.32,86.8,85.36,85.76,118140,0
2013-03-12,85.76,87.28,85.16,86.08,167689,0
2013-03-13,86.08,87.16,85.68,86.36,36825,0
2013-03-14,86.24,86.84,85.88,86.28,150735,0
2013-03-15,86.56,86.92,85.6,86.16,75523,0
2013-03-18,89.2,89.28,86.32,87.6,206669,0
2013-03-19,87.24,89.64,86.8,86.84,253860,0
2013-03-20,85.92,86.8,85.24,86.24,192511,0
2013-03-21,87.88,88.4,87.08,87.36,160692,0
2013-03-22,86.64,87.48,86.44,86.8,81351,0
2013-03-25,86.76,88.44,86.12,86.6,166189,0
2013-03-26,85.2,86,84.84,85.56,127805,0
2013-03-27,86.52,87.24,85.52,85.88,55739,0
2013-03-28,85.84,86.48,85.6,86.16,83652,0
2013-04-01,86,86.64,85.76,86.24,119850,0
2013-04-02,85.36,86.04,85.16,85.48,91272,0
2013-04-03,85.32,86.2,84.88,86.12,120316,0
2013-04-04,85.92,87.04,85.32,85.32,105250,0
2013-04-05,88.28,88.6,85.8,86.04,78233,0
2013-04-08,85.4,85.76,84.36,84.36,80472,0
2013-04-09,83.68,84.84,83.28,83.84,127422,0
2013-04-10,82.8,83.04,81.84,82.28,285878,0
2013-04-11,81.92,82.68,81.12,82.2,68432,0
2013-04-12,82.92,83.12,81.12,81.16,66186,0
2013-04-15,81.4,87.52,80.8,84.52,290469,0
2013-04-16,83.16,83.64,80.8,80.84,162300,0
2013-04-17,83.04,85.6,82.64,84.28,300646,0
2013-04-18,84,86.96,83.92,85.68,160356,0
2013-04-19,85.8,86.24,84.48,85.48,211894,0
2013-04-22,85.6,86.6,83.56,84.76,119945,0
2013-04-23,82.64,86.6,81.6,81.68,116512,0
2013-04-24,81.36,81.84,80.52,81.32,164900,0
2013-04-25,80.28,81.68,80.08,81.32,105506,0
2013-04-26,81.92,82,80.84,80.84,60625,0
2013-04-29,80.36,80.84,79.24,80.4,68793,0
2013-04-30,80.84,81.24,79.88,80.08,66438,0
2013-05-01,80.8,82.2,80.6,81.92,186148,0
2013-05-02,81.6,82.16,80.4,81.04,135874,0
2013-05-03,80.24,81.28,80,80.56,291338,0
2013-05-06,80.76,80.76,79.16,79.48,73741,0
2013-05-07,78.4,78.88,78.16,78.44,29424,0
2013-05-08,78.64,79.48,78.28,78.8,48689,0
2013-05-09,79.2,80.84,79.04,79.92,95625,0
2013-05-10,80.24,81.44,79.84,80.72,65232,0
2013-05-13,80.76,81.32,80.64,80.96,68247,0
2013-05-14,80.64,80.96,80.16,80.56,82105,0
2013-05-15,81.28,81.68,80.8,81.2,91184,0
2013-05-16,81.64,81.92,80.92,81.6,67920,0
2013-05-17,81.52,82.2,80.88,81,90010,0
2013-05-20,81.52,81.96,80.84,81.96,58027,0
2013-05-21,82.04,83.52,81.92,83.36,92804,0
2013-05-22,83,83.88,82.04,82.72,174051,0
2013-05-23,85.88,85.88,83,83.72,126149,0
2013-05-24,84.36,84.64,83.32,83.68,41255,0
2013-05-28,83.12,83.8,82.68,82.88,83069,0
2013-05-29,83.32,83.76,82.16,82.48,82130,0
2013-05-30,83.44,83.84,82.52,83.04,60631,0
2013-05-31,83.88,84.4,82.92,84.4,171633,0
2013-06-03,84.28,86.56,84.28,85.24,447205,0
2013-06-04,85.44,86.4,85,85.52,68442,0
2013-06-05,86.52,87.36,85.8,86.6,942315,0
2013-06-06,87.24,88.76,86.12,86.2,141322,0
2013-06-07,85.56,85.88,84.44,85.2,130425,0
2013-06-10,84.6,85.04,84.2,84.44,59476,0
2013-06-11,86.12,87.4,85.08,87.08,96073,0
2013-06-12,85.68,89.6,85.56,89.2,265784,0
2013-06-13,88.72,89,87,87.68,171940,0
2013-06-14,87.92,89.6,86.8,89.36,84645,0
2013-06-17,88.16,89.48,87.96,88.72,96778,0
2013-06-18,88.44,88.84,88,88.6,121768,0
2013-06-19,88.84,89.24,85.56,88.28,208108,0
2013-06-20,90.6,93.88,89.92,92.32,294438,0
2013-06-21,89.96,93.44,89.6,90.84,263405,0
2013-06-24,94.16,95.28,92.84,94.76,274503,0
2013-06-25,92,94.68,92,94,136091,0
2013-06-26,93,94.56,93,93.76,118002,0
2013-06-27,93,93.52,92.04,92.32,150457,0
2013-06-28,93.16,93.52,91.04,92.24,85588,0
2013-07-01,91.2,91.64,89.68,90.12,92669,0
2013-07-02,90.68,91.68,89.8,91.28,65923,0
2013-07-03,92.16,92.2,90.4,91.08,21619,0
2013-07-05,90.16,90.8,89.32,89.56,92131,0
2013-07-08,88.48,88.88,86.44,86.44,93092,0
2013-07-09,85,85.36,84.2,85,187178,0
2013-07-10,84.68,84.96,83.96,84.28,49471,0
2013-07-11,82.36,83.16,82.08,82.48,84031,0
2013-07-12,82.32,83.68,81.96,83.4,65174,0
2013-07-15,82.56,82.92,81.6,82,49585,0
2013-07-16,81.68,84.32,81.48,84.16,162074,0
2013-07-17,83.04,83.68,82.36,82.44,108500,0
2013-07-18,82.4,82.52,81.32,82.16,72480,0
2013-07-19,82.52,82.92,81.76,82.24,66081,0
2013-07-22,82,82.2,80.72,80.8,47311,0
2013-07-23,80.76,81.32,79.96,80.2,126388,0
2013-07-24,80.28,81.16,80,80.48,101242,0
2013-07-25,81.44,81.44,79.4,79.6,83260,0
2013-07-26,79.76,80.64,78.92,79.08,50740,0
2013-07-29,79.72,79.92,79.08,79.2,82593,0
2013-07-30,78.76,79.28,78,78.36,98533,0
2013-07-31,78.16,78.32,76.48,76.92,138411,0
2013-08-01,75.68,75.92,75.16,75.28,82699,0
2013-08-02,75.48,75.56,74.76,74.92,131745,0
2013-08-05,73.88,74.48,73.64,73.88,47848,0
2013-08-06,73.84,75.44,73.48,75.16,75077,0
2013-08-07,75.48,76.44,75.16,75.4,109737,0
2013-08-08,74.32,75.36,74.12,74.8,120536,0
2013-08-09,74.68,75.64,74.32,75.28,82993,0
2013-08-12,76.32,76.48,74.96,75.16,92111,0
2013-08-13,75,76.36,75,76.08,123233,0
2013-08-14,75.84,76.88,75.72,76.84,100270,0
2013-08-15,78.48,79.32,77.48,79.16,242195,0
2013-08-16,79.08,79.08,76.56,77.76,153682,0
2013-08-19,78.12,79.12,77.88,78.92,113916,0
2013-08-20,79,79.44,76.32,77.76,310858,0
2013-08-21,79.04,79.2,75.96,77.28,283257,0
2013-08-22,77.24,77.24,75.64,75.8,156532,0
2013-08-23,75.44,76.08,75.2,75.6,116483,0
2013-08-26,75.24,77.48,74.28,77.32,99891,0
2013-08-27,78.84,80.6,77.6,80.6,187627,0
2013-08-28,81.04,81.44,78.96,79.88,164310,0
2013-08-29,81.08,81.6,79.56,81.32,69637,0
2013-08-30,81.24,82.76,81.16,81.84,95268,0
2013-09-03,80.04,81.08,79.48,80.32,114359,0
2013-09-04,80.24,80.52,79.32,79.88,135077,0
2013-09-05,79.72,80.12,79.08,79.32,61347,0
2013-09-06,79.12,81.6,78.44,79.64,109653,0
2013-09-09,79.64,79.88,77.6,77.6,83172,0
2013-09-10,76.48,76.8,76.2,76.36,49037,0
2013-09-11,75.96,76.24,74.64,74.92,66428,0
2013-09-12,74.68,76,74.16,75.76,77577,0
2013-09-13,74.44,75.84,74.24,75.12,135205,0
2013-09-16,74.08,74.68,73.2,74.04,65790,0
2013-09-17,73.96,73.96,73.2,73.4,107705,0
2013-09-18,73.64,74.28,71.8,72.28,226648,0
2013-09-19,71.76,73.2,71.64,72.88,226930,0
2013-09-20,72.92,74.36,72.64,74.2,176393,0
2013-09-23,73.92,75.32,73.88,74.64,155970,0
2013-09-24,74.28,74.8,73.68,74.48,72233,0
2013-09-25,74.48,75.12,73.96,74.32,79590,0
2013-09-26,74.04,74.24,73.4,73.48,94235,0
2013-09-27,74.04,74.84,73.76,74.16,159502,0
2013-09-30,75.92,76.32,74.48,75,163874,0
2013-10-01,75.28,75.52,73.96,74.12,108051,0
2013-10-02,75.08,75.6,74.44,74.84,159457,0
2013-10-03,75.48,77.2,75.16,75.52,213855,0
2013-10-04,76.4,77.2,75.24,75.64,305844,0
2013-10-07,77.28,78.24,76.4,77.88,124218,0
2013-10-08,78.08,80.4,77.84,80.04,371091,0
2013-10-09,80.6,81.2,78.48,79.36,161497,0
2013-10-10,78.12,78.16,75.52,75.6,467394,0
2013-10-11,75.76,75.8,73.16,74.32,837769,0
2013-10-14,75.92,76.92,73.72,74.4,486180,0
2013-10-15,74.52,76.08,73.72,75.28,310563,0
2013-10-16,74.4,74.56,72.16,72.84,228008,0
2013-10-17,73.6,73.76,71.4,71.48,224718,0
2013-10-18,70.56,71.8,69.8,71.12,261972,0
2013-10-21,69.32,70.88,69.32,70.76,217668,0
2013-10-22,69.64,70.84,69.36,70.84,315115,0
2013-10-23,71.32,72.48,71.2,72,98161,0
2013-10-24,71.56,71.68,71.04,71.2,71087,0
2013-10-25,71.28,71.88,71.28,71.56,38034,0
2013-10-28,72.28,72.4,71.84,72.08,85513,0
2013-10-29,71.84,72.4,71.8,72.16,52370,0
2013-10-30,72.24,72.96,71.52,72.36,141567,0
2013-10-31,72.2,72.48,71.6,72.24,66469,0
2013-11-01,72.04,72.96,71.96,72.76,52524,0
2013-11-04,72.44,72.64,71.72,71.88,50660,0
2013-11-05,72.04,72.16,71.6,71.88,85842,0
2013-11-06,71.6,71.84,71.12,71.36,35064,0
2013-11-07,70.6,72.88,70.6,72.6,67208,0
2013-11-08,72.28,72.28,70.84,70.96,85129,0
2013-11-11,71,71.8,71,71.6,32221,0
2013-11-12,71.6,72.12,71.36,71.96,72291,0
2013-11-13,72.4,72.72,72.04,72.04,83574,0
2013-11-14,72.24,72.6,72.12,72.16,116825,0
2013-11-15,72.08,72.56,72.08,72.4,86013,0
2013-11-18,71.96,72.36,71.64,72.08,172729,0
2013-11-19,71.8,72.64,71.52,72.24,147931,0
2013-11-20,72.32,72.68,70.84,71.44,106511,0
2013-11-21,71.08,71.08,69.6,69.84,154593,0
2013-11-22,69.68,69.84,68.52,68.52,179024,0
2013-11-25,68.92,69.16,68.2,68.32,61372,0
2013-11-26,68.24,68.84,67.52,68.36,129380,0
2013-11-27,68.44,68.6,68.24,68.32,51254,0
2013-11-29,68.4,68.6,68.12,68.52,90077,0
2013-12-02,68.04,68.48,67.68,67.72,100522,0
2013-12-03,68.52,69.16,68.04,68.24,103981,0
2013-12-04,68.56,69.08,67.8,67.8,157959,0
2013-12-05,67.8,68.2,67.32,67.64,72984,0
2013-12-06,66.76,67,66.32,66.52,158339,0
2013-12-09,65.84,66.24,65.6,65.88,74128,0
2013-12-10,65.96,66.36,65.84,66.16,76601,0
2013-12-11,65.8,67.64,65.64,67.44,135215,0
2013-12-12,67.44,67.96,66.52,67.48,180518,0
2013-12-13,67.52,67.88,66.96,67.64,180199,0
2013-12-16,67.2,67.8,67.16,67.4,101911,0
2013-12-17,68.12,68.32,67,67.4,121121,0
2013-12-18,66.88,67.12,64.72,64.92,159455,0
2013-12-19,65.08,66.24,64.8,65.88,247732,0
2013-12-20,65.56,66.2,65.48,65.76,350707,0
2013-12-23,65.24,65.48,64.6,64.68,163731,0
2013-12-24,64.16,64.16,63.44,63.52,52922,0
2013-12-26,62.68,63.6,62.64,63.24,158235,0
2013-12-27,62.76,63.32,62.76,62.88,398573,0
2013-12-30,62.92,63.8,62.8,63.52,116726,0
2013-12-31,63.44,63.56,62.76,62.88,945365,0
2014-01-02,63.08,63.68,62.88,63.68,123343,0
2014-01-03,63.72,64.4,63.08,63.64,78999,0
2014-01-06,62.72,63.12,61.84,62.76,224502,0
2014-01-07,62.2,62.52,61.64,61.72,128998,0
2014-01-08,61.88,61.92,61.28,61.52,91983,0
2014-01-09,61.32,62.12,61.28,62.04,71943,0
2014-01-10,61.68,62.12,61.24,61.56,133630,0
2014-01-13,61.44,63.44,61.4,63,167015,0
2014-01-14,62.12,62.52,61.76,61.76,129146,0
2014-01-15,61.72,62.72,61.72,62.48,79985,0
2014-01-16,62.4,62.8,61.88,62.28,58396,0
2014-01-17,62.64,62.88,62.28,62.68,251256,0
2014-01-21,62.48,63.36,62.28,62.28,170077,0
2014-01-22,61.76,62.16,61.04,61.08,201057,0
2014-01-23,61.92,62.24,61.52,61.6,442757,0
2014-01-24,62.44,64.44,62.12,63.84,564883,0
2014-01-27,63.64,65.48,62.56,63.6,573496,0
2014-01-28,63.68,63.68,61.76,62.36,296872,0
2014-01-29,63.6,64.12,62.44,64.08,258580,0
2014-01-30,62.8,64.08,62.44,63.12,253898,0
2014-01-31,65.76,65.96,64.08,65.6,482042,0
2014-02-03,65.24,67.64,64.8,67.12,334890,0
2014-02-04,67.4,68.04,66.64,67.56,370686,0
2014-02-05,67.96,69.44,67.6,68.64,457468,0
2014-02-06,68.96,69.04,66.32,66.32,302176,0
2014-02-07,65.04,65.2,63.28,63.88,240965,0
2014-02-10,63.64,63.88,62.6,63.72,148355,0
2014-02-11,62.84,63.2,61.96,62.24,178278,0
2014-02-12,61.72,62.92,61.48,61.92,156623,0
2014-02-13,62.6,62.72,60.92,61.52,162292,0
2014-02-14,61.48,61.64,60.72,60.88,200580,0
2014-02-18,60.96,61.4,60.04,60.04,116305,0
2014-02-19,60.76,62.24,60.24,62,393823,0
2014-02-20,61.68,62.08,60.68,60.72,158107,0
2014-02-21,60.28,61.08,60.12,60.88,234717,0
2014-02-24,60.68,60.8,60.2,60.76,235420,0
2014-02-25,60.88,61.4,60.52,61,93094,0
2014-02-26,60.8,62.16,60.68,61.56,159565,0
2014-02-27,62,62.2,61.48,61.76,233106,0
2014-02-28,61.92,63.04,61.4,62.88,195362,0
2014-03-03,64,64.24,63.12,63.56,294847,0
2014-03-04,61.8,62.72,61.6,62.36,244392,0
2014-03-05,62.2,62.56,61.76,61.96,221042,0
2014-03-06,61.84,62.36,61.76,61.8,151190,0
2014-03-07,61.52,62.56,61.4,62.12,465067,0
2014-03-10,62.44,63,61.84,61.88,636603,0
2014-03-11,62.28,63.2,62.08,62.36,167136,0
2014-03-12,61.12,63.6,60.8,62.84,229750,0
2014-03-13,62.44,64,62.36,63.36,346339,0
2014-03-14,63.8,64.4,62.96,63.28,583315,0
2014-03-17,62.88,62.88,61.8,62.32,408889,0
2014-03-18,61.52,62,61.24,61.44,380498,0
2014-03-19,61.56,63,61.12,61.68,150818,0
2014-03-20,61.8,61.96,61.08,61.16,96510,0
2014-03-21,60.96,61.96,60.96,61.56,363919,0
2014-03-24,61.44,62.24,61.24,61.72,189830,0
2014-03-25,61.4,61.96,61.24,61.6,162117,0
2014-03-26,61.4,62.36,61.4,62.2,231650,0
2014-03-27,62.28,62.6,61.76,61.8,108697,0
2014-03-28,61.6,62.04,61.32,61.64,191132,0
2014-03-31,61.32,61.44,60.4,60.56,152328,0
2014-04-01,60.16,60.32,59.48,59.48,108280,0
2014-04-02,59.2,59.8,59.2,59.64,159068,0
2014-04-03,59.64,60,59.2,59.28,151364,0
2014-04-04,58.64,60.04,58.52,59.64,265847,0
2014-04-07,59.8,60.76,59.76,60.2,265234,0
2014-04-08,59.68,60.04,59.28,59.56,168545,0
2014-04-09,59.32,59.68,58.88,59.04,148473,0
2014-04-10,59,60.56,58.96,60.36,410095,0
2014-04-11,60.8,60.8,59.84,60.56,696742,0
2014-04-14,60.24,61.32,60.12,60.56,373568,0
2014-04-15,60.8,62.32,60.28,60.8,489920,0
2014-04-16,60.08,60.52,59.16,59.16,338716,0
2014-04-17,59.6,59.96,59.2,59.44,374979,0
2014-04-21,59.48,59.6,59.08,59.2,102636,0
2014-04-22,59.36,59.6,59.12,59.32,134647,0
2014-04-23,59.56,59.8,59.4,59.52,88648,0
2014-04-24,59.28,60.04,59.28,59.64,205616,0
2014-04-25,59.84,60.24,59.56,59.6,197941,0
2014-04-28,59.56,59.84,59,59.08,228869,0
2014-04-29,58.92,58.96,58.4,58.4,49239,0
2014-04-30,58.4,58.68,58.16,58.52,218987,0
2014-05-01,58.48,58.68,58.32,58.48,174900,0
2014-05-02,58.36,58.96,58.2,58.72,188580,0
2014-05-05,59.08,59.2,58.36,58.44,262384,0
2014-05-06,58.4,58.6,58.08,58.56,219016,0
2014-05-07,58.4,58.68,57.8,57.84,100954,0
2014-05-08,57.8,57.96,57.16,57.8,210305,0
2014-05-09,58,58.12,57.04,57.16,144930,0
2014-05-12,56.68,56.92,56.36,56.6,158114,0
2014-05-13,56.52,56.68,56.28,56.68,105611,0
2014-05-14,56.76,57.04,56.52,56.88,153347,0
2014-05-15,57,57.48,56.76,56.76,300630,0
2014-05-16,56.64,57.04,56.2,56.2,167658,0
2014-05-19,56.16,56.28,55.68,55.76,208319,0
2014-05-20,55.64,56.28,55.44,55.48,238195,0
2014-05-21,55.4,55.64,55.16,55.28,288781,0
2014-05-22,55.32,55.88,55.2,55.84,94856,0
2014-05-23,55.96,56,55.68,55.96,75714,0
2014-05-27,55.44,55.56,55.16,55.36,142984,0
2014-05-28,55.28,55.56,55.04,55.56,155583,0
2014-05-29,55.44,55.84,55.32,55.8,75621,0
2014-05-30,55.84,56.28,55.68,56.12,125554,0
2014-06-02,56.16,56.44,55.96,56,89733,0
2014-06-03,56.48,56.48,55.76,55.88,264303,0
2014-06-04,55.92,56,55.04,55.16,205981,0
2014-06-05,54.84,55.08,54.16,54.16,248774,0
2014-06-06,53.64,53.72,52.16,52.68,472989,0
2014-06-09,52.52,53.04,52.24,53.04,252302,0
2014-06-10,53.12,53.44,52.8,52.8,77925,0
2014-06-11,53.4,53.56,53.16,53.48,244353,0
2014-06-12,53.32,55,53.24,54.52,501246,0
2014-06-13,54.08,54.64,53.36,53.52,232285,0
2014-06-16,54,54,53.56,53.68,159980,0
2014-06-17,53.6,53.72,52.96,53.04,213273,0
2014-06-18,52.96,53.12,51.68,51.76,410598,0
2014-06-19,51.8,52.28,51.52,52.16,180088,0
2014-06-20,51.84,52.48,51.72,52.36,123881,0
2014-06-23,52.32,52.52,51.8,51.88,187767,0
2014-06-24,51.92,52.52,51.72,52.2,256486,0
2014-06-25,52.36,52.44,51.2,51.2,133975,0
2014-06-26,51.2,51.88,51,51.12,162112,0
2014-06-27,51.32,51.32,51.04,51.12,150466,0
2014-06-30,51,51,50.48,50.56,143848,0
2014-07-01,50.12,50.28,49.64,49.92,224833,0
2014-07-02,49.56,49.76,49.28,49.32,160900,0
2014-07-03,48.96,48.96,48.64,48.68,92592,0
2014-07-07,48.88,49.56,48.84,49.44,280249,0
2014-07-08,49.8,50.6,49.6,49.64,450750,0
2014-07-09,49.44,49.64,48.84,48.96,182259,0
2014-07-10,50.12,50.12,49.16,49.28,304203,0
2014-07-11,49.16,49.56,48.88,48.96,127230,0
2014-07-14,48.48,48.68,48.2,48.4,158351,0
2014-07-15,48.24,48.8,48,48.32,239631,0
2014-07-16,47.92,48.64,47.76,48.28,215332,0
2014-07-17,48.68,50.64,48.24,49.8,575936,0
2014-07-18,48.8,48.88,48.04,48.24,316207,0
2014-07-21,48.36,48.8,48.16,48.72,1452533,0
2014-07-22,47.92,48.52,47.8,48.52,143137,0
2014-07-23,48.32,49,48.2,48.96,139369,0
2014-07-24,48.64,49.16,48.48,49.04,98775,0
2014-07-25,49.12,49.6,49.08,49.28,263685,0
2014-07-28,49.24,49.52,49.04,49.08,153725,0
2014-07-29,49,49.24,48.56,48.68,252768,0
2014-07-30,48.16,49.24,48.16,49.08,320088,0
2014-07-31,49.88,51.12,49.68,50.72,649692,0
2014-08-01,50.8,52.4,49.68,52.32,341898,0
2014-08-04,51.88,52.56,50.72,51.24,454592,0
2014-08-05,51.68,53.56,51.36,53.56,709755,0
2014-08-06,53.68,53.92,52.4,53.88,344345,0
2014-08-07,53.2,55.16,52.88,54.88,407208,0
2014-08-08,54.56,55.16,53.48,53.72,331226,0
2014-08-11,53.16,53.4,52,52.68,668371,0
2014-08-12,52.56,52.72,51.72,52.68,181014,0
2014-08-13,51.76,52.16,50.8,51,332905,0
2014-08-14,50.72,50.72,49.84,50.08,207969,0
2014-08-15,49.6,51.24,49.4,49.6,794614,0
2014-08-18,48.68,48.84,48.36,48.56,365493,0
2014-08-19,48.2,48.36,48,48.04,331837,0
2014-08-20,48.28,48.76,47.8,48.04,318363,0
2014-08-21,48.32,48.76,48.24,48.76,198883,0
2014-08-22,48.72,48.96,48.2,48.76,308597,0
2014-08-25,47.96,48.4,47.84,48.4,203246,0
2014-08-26,48.24,49.08,48.12,49.04,190219,0
2014-08-27,49.08,49.48,48.84,49.32,78486,0
2014-08-28,50,50.12,49.08,49.8,157360,0
2014-08-29,49.24,49.72,49.04,49.24,202794,0
2014-09-02,49.24,49.64,49.16,49.48,122511,0
2014-09-03,49.24,49.64,49.2,49.52,124942,0
2014-09-04,49.12,49.56,48.72,49.16,287889,0
2014-09-05,49.12,49.52,48.4,48.48,140763,0
2014-09-08,48.64,48.96,48.44,48.44,56340,0
2014-09-09,48.56,49.08,48.48,48.8,228670,0
2014-09-10,48.84,49.32,48.44,48.68,161841,0
2014-09-11,49.32,49.44,48.76,48.84,133211,0
2014-09-12,48.92,49.64,48.92,49.12,302319,0
2014-09-15,49.28,50.08,49.24,50,168054,0
2014-09-16,50.36,50.36,48.84,49.04,187961,0
2014-09-17,48.92,49.28,48.36,48.88,251876,0
2014-09-18,48.8,48.96,48.6,48.92,191218,0
2014-09-19,48.72,49.28,48.56,48.92,247234,0
2014-09-22,49.2,49.72,49,49.36,207300,0
2014-09-23,49.92,50.48,49.6,50.48,232602,0
2014-09-24,50.4,50.44,49.76,49.84,240161,0
2014-09-25,50.2,51.56,50.2,51.04,453838,0
2014-09-26,51,51.36,50.24,50.64,225620,0
2014-09-29,52.04,52.32,51.08,52,375241,0
2014-09-30,51.96,52.68,51.56,52.48,396649,0
2014-10-01,52.44,54,52.32,53.88,433852,0
2014-10-02,53.4,54,52.44,53.12,426217,0
2014-10-03,52.08,52.32,50.88,51.16,419747,0
2014-10-06,50.52,51.76,50.24,51.76,334250,0
2014-10-07,52.24,53.64,52,53.48,279914,0
2014-10-08,53.48,53.8,50.76,50.84,407016,0
2014-10-09,51.28,53.16,50.96,52.84,487383,0
2014-10-10,53,55.48,52.48,55.48,642704,0
2014-10-13,55,58.64,54.68,58.48,698279,0
2014-10-14,57.04,58.88,56,57.92,1151688,0
2014-10-15,59.08,61.4,57.88,58.2,726969,0
2014-10-16,61.64,61.8,58.28,58.84,395213,0
2014-10-17,56.36,57.76,55.64,57.16,653427,0
2014-10-20,57.56,57.6,55.92,56.04,384332,0
2014-10-21,55.12,55.36,53.96,54.12,400792,0
2014-10-22,53.96,56,53.56,55.76,645591,0
2014-10-23,54.04,54.72,53.4,54.24,584138,0
2014-10-24,53.96,55.44,53.48,53.56,292609,0
2014-10-27,54.24,54.84,52.64,52.76,359711,0
2014-10-28,52.32,52.52,50.64,50.64,367489,0
2014-10-29,50.96,52,50.48,50.64,457765,0
2014-10-30,51.4,51.92,50.52,51.76,298355,0
2014-10-31,50.8,51.56,50.56,51.16,154652,0
2014-11-03,51.16,52.2,51,51.84,291241,0
2014-11-04,51.84,52.92,51.48,51.6,147302,0
2014-11-05,51.08,51.92,51.08,51.68,152471,0
2014-11-06,51.08,51.92,50.48,50.52,104394,0
2014-11-07,50.64,50.88,50.08,50.12,161398,0
2014-11-10,50.04,50.24,49.04,49.12,186424,0
2014-11-11,48.92,49.52,48.72,48.84,135238,0
2014-11-12,49.4,49.44,48.84,49,236462,0
2014-11-13,49.28,50.92,48.96,49.76,188494,0
2014-11-14,49.84,50.2,49.24,49.32,208647,0
2014-11-17,49.68,49.88,49.12,49.28,157778,0
2014-11-18,49.16,49.36,48.76,49.32,152419,0
2014-11-19,49.88,50.12,49.4,49.64,195767,0
2014-11-20,50.64,50.76,49.88,50.16,125139,0
2014-11-21,49.12,50.12,49.12,50,163001,0
2014-11-24,49.56,49.92,49.44,49.88,107310,0
2014-11-25,49.6,50.32,49.52,50.32,98046,0
2014-11-26,50.04,50.2,49.64,49.92,53590,0
2014-11-28,49.76,50.04,49.48,49.64,98626,0
2014-12-01,50.28,51.12,50.16,50.8,358073,0
2014-12-02,50.76,50.76,49.72,49.76,102613,0
2014-12-03,49.32,49.32,48.68,48.84,129590,0
2014-12-04,49.2,49.96,48.92,49.16,132303,0
2014-12-05,49,49.24,48.44,49.12,120801,0
2014-12-08,49.2,50.2,48.76,49.84,304326,0
2014-12-09,51.16,51.4,49.6,49.92,270788,0
2014-12-10,50.32,52.08,50.16,51.76,297169,0
2014-12-11,51.36,54.08,50.6,53.92,338041,0
2014-12-12,55.16,55.72,53.84,55.48,640660,0
2014-12-15,54.4,55.76,53.52,55.12,932924,0
2014-12-16,55.44,55.96,53,55.8,514802,0
2014-12-17,56.2,56.32,52.04,52.16,592264,0
2014-12-18,50.96,52.44,50.84,50.96,387706,0
2014-12-19,50.64,51.28,50.24,50.76,313481,0
2014-12-22,50.16,50.24,49.44,49.44,196119,0
2014-12-23,49.4,50.52,49.32,50.36,211975,0
2014-12-24,50.04,50.12,49.8,50,62616,0
2014-12-26,49.96,50.6,49.68,50.52,128553,0
2014-12-29,50.24,50.24,49.64,50.04,82023,0
2014-12-30,50.24,51.04,50.08,50.4,141115,0
2014-12-31,50.36,52.92,50.28,52.48,295799,0
2015-01-02,51.48,53.68,51.16,52.12,195314,0
2015-01-05,52.84,55.04,52.84,54.8,128400,0
2015-01-06,54.36,56,53.84,54.92,201065,0
2015-01-07,53.8,54.6,53.36,53.56,234609,0
2015-01-08,52.44,52.6,51.2,51.4,131324,0
2015-01-09,51.12,53.04,51,52.96,97807,0
2015-01-12,52.96,54.72,52.96,54.12,94792,0
2015-01-13,53.12,55.28,52.72,54.84,102424,0
2015-01-14,55.72,55.96,54.08,54.96,136212,0
2015-01-15,54.44,55.72,53.96,55.6,98074,0
2015-01-16,55.76,56.8,54.88,55.32,141725,0
2015-01-20,54.44,56.56,54.44,55.48,95125,0
2015-01-21,55.96,56.2,54.24,54.28,134136,0
2015-01-22,53.08,54.4,52.2,52.44,272330,0
2015-01-23,52.44,53.24,51.84,53.2,94497,0
2015-01-26,52.84,53.6,52,52.16,76264,0
2015-01-27,53.12,53.36,52.2,53.2,103953,0
2015-01-28,52.6,55.8,52.48,55.56,168107,0
2015-01-29,55.44,56.12,53.84,54.16,217516,0
2015-01-30,54.8,56.68,54.36,56.6,117265,0
2015-02-02,55.32,57,54.84,54.84,98594,0
2015-02-03,54.48,55.2,53.76,53.76,286322,0
2015-02-04,54.6,55.24,53.72,55.24,114927,0
2015-02-05,54.84,54.84,53.8,54.04,67012,0
2015-02-06,53.84,55.92,53.44,55.32,81595,0
2015-02-09,55.68,56.16,55.24,55.56,54934,0
2015-02-10,54.76,55.48,54.48,54.76,39455,0
2015-02-11,54.8,55.28,54.64,54.76,60019,0
2015-02-12,54.24,54.24,52.68,52.72,68280,0
2015-02-13,52.6,53.36,52.28,52.4,58410,0
2015-02-17,52.6,53.08,52.2,52.88,139253,0
2015-02-18,53.08,53.28,52.48,52.64,67977,0
2015-02-19,53.04,53.24,52.52,52.96,20648,0
2015-02-20,52.96,53.48,51.6,51.76,41549,0
2015-02-23,52.2,52.28,51.8,51.88,23223,0
2015-02-24,51.72,51.84,50.36,50.68,39095,0
2015-02-25,50.64,50.92,49.6,50.76,69806,0
2015-02-26,50.28,51.08,49.92,50.52,67800,0
2015-02-27,50.24,50.36,49.68,50.04,94284,0
2015-03-02,49.96,50.16,49.16,49.4,66100,0
2015-03-03,49.2,50.08,49.2,49.44,46000,0
2015-03-04,50.04,50.36,49.32,49.4,112675,0
2015-03-05,49.32,49.56,48.88,48.92,48025,0
2015-03-06,49.48,50.12,48.88,49.8,108325,0
2015-03-09,49.4,49.72,49.2,49.52,48750,0
2015-03-10,50.44,51.28,50.28,50.76,1262375,0
2015-03-11,50.84,51.6,50.6,51.32,333000,0
2015-03-12,50.84,50.92,49.8,49.92,52850,0
2015-03-13,50.24,51.4,50.04,50.64,82450,0
2015-03-16,50.24,50.28,49.48,50,55075,0
2015-03-17,50.16,50.64,49.92,50,40750,0
2015-03-18,50.4,50.72,48.88,49.2,76025,0
2015-03-19,49.84,50.12,49.32,49.68,36500,0
2015-03-20,49.56,50,48.68,49.96,115900,0
2015-03-23,49.56,49.76,49.12,49.48,36800,0
2015-03-24,49.48,49.8,48.96,49.64,41050,0
2015-03-25,49.56,50.88,49.56,50.84,79325,0
2015-03-26,51.12,51.2,50.08,50.56,762100,0
2015-03-27,50.36,50.4,49.88,50.28,391950,0
2015-03-30,49.56,49.88,49.4,49.84,63750,0
2015-03-31,49.88,50.52,48.2,50.28,77813,0
2015-04-01,50.36,51.2,50.32,50.68,76725,0
2015-04-02,50.72,50.8,50.28,50.6,53900,0
2015-04-06,50.88,50.88,49.36,49.72,119075,0
2015-04-07,49.52,49.68,49.2,49.64,26393,0
2015-04-08,49.28,49.44,48.96,49.4,48575,0
2015-04-09,49.24,49.72,48.72,48.8,56609,0
2015-04-10,48.6,48.6,47.36,47.44,121525,0
2015-04-13,47.24,48.24,46.8,48,65750,0
2015-04-14,48.28,48.6,47.92,48.48,58000,0
2015-04-15,48.08,48.08,47.56,47.88,74002,0
2015-04-16,48.16,48.24,47.36,47.72,293962,0
2015-04-17,48.16,49.04,48.08,48.48,63075,0
2015-04-20,47.76,47.96,47.64,47.8,59069,0
2015-04-21,47.16,47.92,47.16,47.64,48706,0
2015-04-22,47.52,47.88,47.16,47.56,75176,0
2015-04-23,47.48,47.56,47,47.36,68875,0
2015-04-24,47.08,47.32,47,47.16,28626,0
2015-04-27,47.08,47.84,46.88,47.68,255375,0
2015-04-28,47.64,48.44,46.84,46.84,114454,0
2015-04-29,47.56,47.72,47,47.4,84625,0
2015-04-30,47.68,48.48,47.48,47.8,186925,0
2015-05-01,47.48,47.64,46.68,46.88,153625,0
2015-05-04,46.68,47.16,46.52,46.88,57600,0
2015-05-05,47.12,47.56,46.8,47.52,93500,0
2015-05-06,47.12,48.52,46.96,47.6,104185,0
2015-05-07,47.6,47.96,47.16,47.28,92885,0
2015-05-08,46.56,46.96,46.16,46.44,107700,0
2015-05-11,46.64,47.28,46.44,47.24,39225,0
2015-05-12,47.68,47.8,47,47,55537,0
2015-05-13,46.76,47.08,46.6,46.68,33223,0
2015-05-14,46.4,46.64,46.24,46.48,47100,0
2015-05-15,46.28,46.48,46.04,46.2,45693,0
2015-05-18,46.12,46.12,45.04,45.12,118362,0
2015-05-19,45,45.28,44.56,44.92,555227,0
2015-05-20,44.84,45.08,44.56,44.88,69402,0
2015-05-21,45,45.08,44.24,44.4,93325,0
2015-05-22,44.24,44.76,44.16,44.64,125175,0
2015-05-26,44.96,45.48,44.76,45.08,146317,0
2015-05-27,44.84,45.04,44.16,44.32,104125,0
2015-05-28,44.72,44.88,44.52,44.68,78974,0
2015-05-29,44.8,45.2,44.6,44.76,106075,0
2015-06-01,44.52,44.96,44.44,44.52,102155,0
2015-06-02,44.72,45.12,44.48,45.04,613070,0
2015-06-03,44.76,44.88,44.56,44.68,68075,0
2015-06-04,45.04,45.56,44.92,45.32,91750,0
2015-06-05,45.36,45.52,44.96,45.24,85550,0
2015-06-08,45.24,45.76,45.2,45.72,100725,0
2015-06-09,45.4,45.84,45.28,45.44,87475,0
2015-06-10,45.2,45.32,44.56,44.68,237890,0
2015-06-11,44.16,44.44,43.88,44.16,169429,0
2015-06-12,44.48,44.6,44.08,44.2,116600,0
2015-06-15,44.64,45.04,44.36,44.8,150100,0
2015-06-16,44.96,45.48,44.44,44.52,104675,0
2015-06-17,44.52,45.28,44.32,44.56,120250,0
2015-06-18,44.44,44.44,43.76,44.24,75425,0
2015-06-19,44.12,44.4,44.08,44.36,50550,0
2015-06-22,43.68,43.8,43.2,43.28,122825,0
2015-06-23,43.2,43.28,42.88,43.04,42983,0
2015-06-24,42.96,43.16,42.64,43.04,75725,0
2015-06-25,42.88,43.2,42.6,43.04,112300,0
2015-06-26,42.92,43.16,42.56,42.64,103575,0
2015-06-29,43.8,45.56,43.36,45.04,300500,0
2015-06-30,44,45.84,44,44.72,217403,0
2015-07-01,43.64,44.52,43.16,43.16,162000,0
2015-07-02,43,44.6,42.96,44.24,128625,0
2015-07-06,44.88,45.56,44.48,45.28,146925,0
2015-07-07,45.2,46.28,44.16,44.2,322750,0
2015-07-08,44.72,46.04,44.48,45.8,208575,0
2015-07-09,44.32,46.04,44.32,46.04,111000,0
2015-07-10,44.8,45.68,44.44,44.6,126375,0
2015-07-13,43.52,43.6,42.72,42.8,155350,0
2015-07-14,42.84,43,42.32,42.96,93407,0
2015-07-15,42.8,43.32,42.36,42.8,108761,0
2015-07-16,42.12,42.12,41.6,41.68,146350,0
2015-07-17,41.64,41.72,41.4,41.52,92900,0
2015-07-20,41.48,41.56,41,41.44,91850,0
2015-07-21,41.24,41.76,41.2,41.52,102875,0
2015-07-22,42.12,42.12,41.48,41.56,113800,0
2015-07-23,41.64,42.36,41.48,41.88,120075,0
2015-07-24,41.8,42.52,41.6,42.2,108600,0
2015-07-27,42.88,43.2,42.4,42.72,120050,0
2015-07-28,42.16,42.68,41.48,41.76,132325,0
2015-07-29,41.6,41.76,41.2,41.72,134700,0
2015-07-30,41.92,42.08,41.64,41.84,90775,0
2015-07-31,41.68,41.92,41.4,41.56,80775,0
2015-08-03,41.48,42.12,41,41,131061,0
2015-08-04,41,41.28,40.84,41.12,62875,0
2015-08-05,40.92,41.2,40.6,41.12,93400,0
2015-08-06,40.96,42.24,40.96,41.52,109532,0
2015-08-07,41.6,41.92,41.16,41.16,84025,0
2015-08-10,40.6,40.84,40.32,40.84,70800,0
2015-08-11,41.36,41.92,41.2,41.36,72425,0
2015-08-12,42.36,42.8,41.44,41.56,132600,0
2015-08-13,41.12,41.68,41,41.28,37300,0
2015-08-14,41.08,41.24,40.8,40.88,54350,0
2015-08-17,41.08,41.08,40.76,40.92,63975,0
2015-08-18,41.16,41.44,41,41.24,58200,0
2015-08-19,41.2,41.88,41.04,41.44,84650,0
2015-08-20,42.28,42.84,42.04,42.64,152775,0
2015-08-21,43.32,44.16,42.76,44.04,280325,0
2015-08-24,49.6,50.88,45.4,48.08,431276,0
2015-08-25,46.4,50.72,46.24,50.72,255475,0
2015-08-26,48.56,50.68,47.76,48.12,266025,0
2015-08-27,46.36,49.56,46.28,48.4,131425,0
2015-08-28,49.08,51.92,49,51,167425,0
2015-08-31,51.12,52.52,50.92,52.08,166550,0
2015-09-01,55.12,58.16,54.52,57.4,429050,0
2015-09-02,55.44,57,54.84,54.88,200025,0
2015-09-03,54.2,56.08,53.08,55.44,291675,0
2015-09-04,56.72,57.72,56.12,56.6,156300,0
2015-09-08,55.2,55.96,54.6,54.68,50725,0
2015-09-09,53.04,55.08,52.8,54.8,125675,0
2015-09-10,55.84,56.24,54.44,54.56,104231,0
2015-09-11,54.44,54.88,53.68,53.76,63425,0
2015-09-14,53.96,54.88,53.76,53.8,80025,0
2015-09-15,53.4,53.56,50.32,50.36,178425,0
2015-09-16,49.32,49.72,48,48.16,164725,0
2015-09-17,47.92,48.4,45.4,47,397945,0
2015-09-18,49.64,50.72,48.64,50.24,209725,0
2015-09-21,49.76,50.28,48.84,49.52,212625,0
2015-09-22,49.96,51.64,49.64,50.4,104800,0
2015-09-23,50.32,50.44,49.28,49.44,107789,0
2015-09-24,50.32,52,49.96,50.32,416525,0
2015-09-25,49.28,51.56,49.16,51.16,57425,0
2015-09-28,52.24,53.56,51.88,52.6,115507,0
2015-09-29,52.56,53.56,51.92,53.04,107900,0
2015-09-30,52,52.96,51.84,52.04,141400,0
2015-10-01,52.4,53.04,51.88,52.08,85775,0
2015-10-02,52.52,52.8,50.24,50.44,105100,0
2015-10-05,49.64,49.64,47.96,48.2,512637,0
2015-10-06,48.16,49.04,47.76,48.64,68125,0
2015-10-07,48.16,48.96,47.88,47.92,53300,0
2015-10-08,47.6,48.16,46,46.56,165275,0
2015-10-09,46.76,47.64,46.52,46.96,82575,0
2015-10-12,46.8,47.04,45.04,45.16,78278,0
2015-10-13,45.56,46.88,44.88,46.8,107150,0
2015-10-14,46.8,48.28,46.56,47.64,136850,0
2015-10-15,47.2,47.36,45.16,45.28,112200,0
2015-10-16,45.04,46.04,44.96,45.4,96950,0
2015-10-19,45.32,45.32,43.56,43.6,158629,0
2015-10-20,43.72,44.44,43.12,44.28,56500,0
2015-10-21,43.96,46.08,43.92,46,148500,0
2015-10-22,45.6,45.8,43.64,43.76,112650,0
2015-10-23,43.08,43.96,42.76,43.72,185075,0
2015-10-26,44.04,44.76,43.92,44.72,82775,0
2015-10-27,45.16,45.24,44.16,44.24,70425,0
2015-10-28,44.08,44.96,43.52,43.64,83400,0
2015-10-29,43.68,44.28,43.68,44,71175,0
2015-10-30,44.24,44.36,43.64,44.28,26650,0
2015-11-02,44.08,44.4,42.64,42.64,104562,0
2015-11-03,43,43.48,42.8,43.44,45816,0
2015-11-04,43.12,44.4,43.12,43.96,104043,0
2015-11-05,44.16,44.52,43.48,43.68,53600,0
2015-11-06,43.48,44.16,43.04,43.12,51275,0
2015-11-09,43.2,44.36,43.2,43.92,71045,0
2015-11-10,44.24,44.36,43.36,43.64,68075,0
2015-11-11,43.36,44,43.2,43.96,21150,0
2015-11-12,44.52,46.2,44.24,46.2,68925,0
2015-11-13,46.4,47.88,46.16,47.68,70275,0
2015-11-16,47.72,48.08,44.96,45,125250,0
2015-11-17,44.48,46.44,43.96,46.12,69850,0
2015-11-18,45.04,45.36,44.24,44.36,109125,0
2015-11-19,44.6,45.8,44.6,45.64,69850,0
2015-11-20,45.08,45.4,44.76,45.4,90475,0
2015-11-23,45.04,45.36,44.4,44.48,145375,0
2015-11-24,44.88,45.36,44.4,45.04,43800,0
2015-11-25,44.96,45.08,44.52,44.96,64450,0
2015-11-27,44.72,44.8,44.4,44.56,43925,0
2015-11-30,44.64,44.8,44.24,44.24,106225,0
2015-12-01,44.12,44.16,43.12,43.12,55169,0
2015-12-02,43.16,44.08,42.68,43.88,64923,0
2015-12-03,43.64,45.56,43.52,45.04,142689,0
2015-12-04,44.64,44.84,43.24,43.36,95725,0
2015-12-07,44.16,44.88,43.8,43.8,42850,0
2015-12-08,45,45.12,43.84,44.28,47126,0
2015-12-09,44.52,46.2,44.08,45.08,58150,0
2015-12-10,45.36,45.76,44.64,45.64,66625,0
2015-12-11,46.76,49.12,46.52,48.84,120100,0
2015-12-14,48.56,49.92,46.44,46.52,121148,0
2015-12-15,46.08,47,45.56,45.8,123925,0
2015-12-16,44.8,45.48,43.64,44.2,124850,0
2015-12-17,43.84,46,43.84,45.04,77300,0
2015-12-18,46,47.44,45.48,47.44,108250,0
2015-12-21,46.16,47.24,46,46.28,50825,0
2015-12-22,45.4,45.56,44.68,44.84,56244,0
2015-12-23,44.28,44.8,44,44.32,28875,0
2015-12-24,44.4,44.72,44.4,44.72,38096,0
2015-12-28,44.72,45.28,43.8,43.96,138871,0
2015-12-29,43.48,43.72,43.16,43.36,55877,0
2015-12-30,43.781,44.12,43.48,44.12,23016,0
2015-12-31,44.64,44.68,43.96,44.56,53006,0
2016-01-04,45.96,46.72,45.4,45.6,90921,0
2016-01-05,44.8,45.68,44.68,44.76,132500,0
2016-01-06,45.88,46.2,45.16,45.28,200031,0
2016-01-07,46.96,47.72,45.92,46.92,213616,0
2016-01-08,46.4,48.96,46.16,48.52,151538,0
2016-01-11,48.64,51.32,48.44,48.92,265993,0
2016-01-12,48.04,49.16,47.32,47.48,157712,0
2016-01-13,46.72,50.32,46.72,49.96,165504,0
2016-01-14,49.72,51.04,48.12,49.2,285469,0
2016-01-15,51.88,52.72,51.08,51.88,130879,0
2016-01-19,51,53.4,51,52.16,208975,0
2016-01-20,52.68,55.2,52.2,52.88,378355,0
2016-01-21,52.48,53.52,51.477,52.64,64992,0
2016-01-22,50.72,51.16,50,50.16,136463,0
2016-01-25,52,52,49.4,50.76,29415,0
2016-01-26,50.4,50.84,49.48,49.8,56302,0
2016-01-27,49.96,51.04,49.08,50.72,111113,0
2016-01-28,50.04,50.96,49.52,49.72,81868,0
2016-01-29,50.24,50.24,48.36,48.36,204300,0
2016-02-01,48.4,48.76,47.72,47.92,56998,0
2016-02-02,48.56,49.88,48.56,49.8,128906,0
2016-02-03,49.24,51.12,49.2,49.44,164831,0
2016-02-04,49.64,50.44,49.28,50.08,174184,0
2016-02-05,50.04,51.76,50.04,51.32,82421,0
2016-02-08,52.48,53.637,51.72,52.16,264843,0
2016-02-09,53.32,53.64,51.88,52.48,98831,0
2016-02-10,52.08,53.04,51.68,52.84,37490,0
2016-02-11,54.84,56.4,54.04,55.28,143418,0
2016-02-12,54.28,55.28,54.12,54.52,72023,0
2016-02-16,53.48,54.08,53.04,53.24,88349,0
2016-02-17,52.4,52.88,51.72,52.16,140187,0
2016-02-18,52.04,52.6,51.52,52.44,84600,0
2016-02-19,52.742,53,51.56,51.76,72304,0
2016-02-22,50.72,50.96,50.04,50.16,114199,0
2016-02-23,50.4,51.32,50,51.16,97029,0
2016-02-24,51.84,52.56,50.8,51,171329,0
2016-02-25,50.64,51.24,50.04,50.24,42234,0
2016-02-26,49.88,50.88,49.72,50.76,102548,0
2016-02-29,50.56,51.04,49.764,50.84,55721,0
2016-03-01,50.4,50.6,48.52,48.52,69983,0
2016-03-02,48.48,48.88,47.98,48.16,78069,0
2016-03-03,48.16,48.32,46.68,46.84,187949,0
2016-03-04,46.72,47.6,46.44,47.36,170317,0
2016-03-07,47.72,48,47,47.48,56519,0
2016-03-08,47.68,48.6,47.6,48.4,59390,0
2016-03-09,48.2,48.76,48.16,48.4,43220,0
2016-03-10,47.96,48.96,47.16,47.88,61742,0
2016-03-11,47.12,47.2,46.56,46.68,59525,0
2016-03-14,46.72,46.92,45.76,45.92,35690,0
2016-03-15,46.64,46.92,46.36,46.76,72598,0
2016-03-16,47.32,47.32,45.6,46.12,105111,0
2016-03-17,46.2,46.48,45.076,45.28,105984,0
2016-03-18,45.16,45.72,44.84,45.36,84624,0
2016-03-21,45.2,45.68,44.84,44.92,81141,0
2016-03-22,45.2,45.36,44.68,44.72,56655,0
2016-03-23,44.96,46.04,44.92,45.88,74794,0
2016-03-24,46.72,47.04,46,46.16,59021,0
2016-03-28,45.72,46.2,45.36,45.76,60329,0
2016-03-29,45.6,45.92,44.16,44.16,78459,0
2016-03-30,43.84,44.04,43.08,43.28,118947,0
2016-03-31,43.56,43.84,43.16,43.52,60862,0
2016-04-01,44.32,44.32,42.72,42.8,62595,0
2016-04-04,42.44,43.36,42.44,43.16,43497,0
2016-04-05,44.16,44.68,43.8,44.48,90616,0
2016-04-06,44.56,44.8,43.32,43.4,130858,0
2016-04-07,43.92,45.84,43.72,45.44,73870,0
2016-04-08,44.6,45.48,44.44,45,138516,0
2016-04-11,44.56,45.56,44.52,45.56,58454,0
2016-04-12,45.6,46.44,44.76,45.2,73411,0
2016-04-13,44.68,44.68,44.04,44.28,76299,0
2016-04-14,44.08,44.48,43.68,44.24,139612,0
2016-04-15,44,44.36,43.84,44,61156,0
2016-04-18,44.24,44.4,42.04,42.08,86524,0
2016-04-19,42,43.24,41.84,42.92,51098,0
2016-04-20,42.4,43.24,42.36,42.92,90297,0
2016-04-21,43.24,44.2,43.24,43.96,86497,0
2016-04-22,44.28,44.4,43.52,43.76,84705,0
2016-04-25,43.8,44.52,43.8,44,43607,0
2016-04-26,43.76,44,43.52,43.6,65050,0
2016-04-27,43.88,44.08,42.72,43.04,79993,0
2016-04-28,43.28,44.28,42.56,44.12,88319,0
2016-04-29,44.6,46.08,44.376,45.04,220615,0
2016-05-02,44.76,45.12,44,44.2,118350,0
2016-05-03,44.88,45.44,44.68,45.2,55705,0
2016-05-04,45.56,46.16,45.4,45.68,30110,0
2016-05-05,45.2,46.12,45,45.92,48840,0
2016-05-06,45.76,45.96,44.8,45.2,79647,0
2016-05-09,44.76,44.8,44.036,44.6,86745,0
2016-05-10,44.04,44.08,43.48,43.6,72139,0
2016-05-11,43.64,44.32,43.04,44.16,102181,0
2016-05-12,43.84,44.96,43.72,44.16,53442,0
2016-05-13,44.16,44.92,43.48,44.88,66182,0
2016-05-16,44.6,44.6,43.4,43.4,96142,0
2016-05-17,43.76,45.2,43.76,45,99379,0
2016-05-18,45.32,45.68,44.52,45.04,98035,0
2016-05-19,45.48,46.36,45.28,45.28,112392,0
2016-05-20,44.88,45.08,44.52,44.96,49233,0
2016-05-23,44.64,45,44.16,44.56,54814,0
2016-05-24,44.04,44.04,43.12,43.32,90217,0
2016-05-25,43,43.2,42.44,42.92,53901,0
2016-05-26,42.72,42.96,42.64,42.84,173370,0
2016-05-27,42.52,42.88,42.36,42.36,57651,0
2016-05-31,42,43,42,42.28,92233,0
2016-06-01,42.56,42.64,41.96,42,61220,0
2016-06-02,42.36,42.64,41.8,41.8,94702,0
2016-06-03,42.24,42.92,41.6,41.68,143994,0
2016-06-06,41.96,42.24,41.64,41.88,87634,0
2016-06-07,41.8,41.88,41.44,41.88,84634,0
2016-06-08,41.96,42.44,41.68,42.2,70995,0
2016-06-09,42.68,43,42.56,42.88,135155,0
2016-06-10,43.84,44.56,43.52,44.24,135778,0
2016-06-13,45.4,46.64,44.68,46.44,201221,0
2016-06-14,46.8,47.36,45.76,46.16,344820,0
2016-06-15,45.88,46.08,44.84,45.84,179937,0
2016-06-16,46.6,47.84,44.68,44.88,232693,0
2016-06-17,44.88,45.32,44.52,45.12,263625,0
2016-06-20,43.72,43.72,43.08,43.48,190716,0
2016-06-21,43,43.8,43,43.2,192655,0
2016-06-22,43.28,43.76,42.56,43.08,221589,0
2016-06-23,42,42.4,41.48,41.6,154064,0
2016-06-24,44.16,45.92,42.68,45.56,593481,0
2016-06-27,45.88,47.2,45.72,46.36,354784,0
2016-06-28,45.48,46.04,44.36,44.56,272392,0
2016-06-29,43.84,44.04,43.2,43.4,182194,0
2016-06-30,43.12,43.56,42.88,43.08,196621,0
2016-07-01,43.08,43.56,42.64,43.12,237072,0
2016-07-05,43.36,44.24,43.243,43.56,183785,0
2016-07-06,43.68,44,42.72,43,190191,0
2016-07-07,42.72,43.6,42.44,42.72,127391,0
2016-07-08,42.2,42.36,41.32,41.56,144877,0
2016-07-11,41.28,41.72,41.12,41.64,149909,0
2016-07-12,41.28,41.36,41,41.04,109339,0
2016-07-13,40.8,41.2,40.8,40.88,178430,0
2016-07-14,40.32,40.68,40.156,40.68,121643,0
2016-07-15,40.48,41.2,40.48,40.84,101715,0
2016-07-18,40.88,41.04,40.32,40.48,105463,0
2016-07-19,40.68,40.92,40.4,40.8,100363,0
2016-07-20,40.4,40.604,40.2,40.2,97202,0
2016-07-21,40.32,41.28,40.236,41.24,146790,0
2016-07-22,41.16,41.24,40.36,40.68,165144,0
2016-07-25,40.68,41.28,40.64,40.76,141892,0
2016-07-26,40.84,41.2,40.6,40.92,140205,0
2016-07-27,40.56,41.12,40.36,40.56,111150,0
2016-07-28,40.68,40.88,39.924,40.08,105080,0
2016-07-29,40.04,40.04,39.12,39.26,124966,0
2016-08-01,39.2,39.54,38.68,39.04,116029,0
2016-08-02,39.36,40.36,39.32,39.92,115517,0
2016-08-03,39.96,40.04,39.48,39.52,67946,0
2016-08-04,39.48,39.56,39.08,39.2,48892,0
2016-08-05,38.88,38.88,38.512,38.88,432574,0
2016-08-08,38.48,38.56,38.32,38.32,159378,0
2016-08-09,38.09,38.18,37.41,37.41,233934,0
2016-08-10,37.6,38.5,37.57,38.18,423937,0
2016-08-11,38,38.38,37.64,38.37,214917,0
2016-08-12,38.55,38.64,38.16,38.47,170595,0
2016-08-15,38.1,38.41,37.99,38.35,91353,0
2016-08-16,38.66,38.97,38.61,38.96,78584,0
2016-08-17,38.95,39.41,38.55,38.58,182352,0
2016-08-18,38.66,38.97,38.43,38.79,72868,0
2016-08-19,38.97,39.15,38.7799,38.9,67546,0
2016-08-22,38.92,39.19,38.84,39,120805,0
2016-08-23,38.87,39.16,38.72,39.13,64196,0
2016-08-24,39.3,39.47,39.21,39.21,72783,0
2016-08-25,39.49,39.539,39,39,71821,0
2016-08-26,39.03,39.7,38.52,39.28,206620,0
2016-08-29,39.08,39.15,38.89,39.15,100255,0
2016-08-30,38.98,39.16,38.84,38.97,98360,0
2016-08-31,39.05,39.4,38.96,39.02,209900,0
2016-09-01,38.91,39.39,38.89,39.07,160431,0
2016-09-02,38.69,39.06,38.62,38.89,211443,0
2016-09-06,38.56,38.7463,38.31,38.33,147819,0
2016-09-07,38.22,38.429,38.08,38.08,95706,0
2016-09-08,38.21,38.48,38.21,38.34,50205,0
2016-09-09,38.96,40.39,38.96,40.28,273504,0
2016-09-12,40.33,40.5557,39.27,39.43,302954,0
2016-09-13,39.99,41.32,39.81,40.9,194386,0
2016-09-14,40.57,41.12,40.09,40.74,161323,0
2016-09-15,40.8,41.21,40.07,40.3,203658,0
2016-09-16,40.67,41,40.01,40.06,184763,0
2016-09-19,39.67,40.06,39.12,39.62,161716,0
2016-09-20,39.4,39.65,39.39,39.46,148230,0
2016-09-21,39.33,39.82,38.58,38.66,460692,0
2016-09-22,38.12,38.31,37.98,38.1,300501,0
2016-09-23,38.24,38.24,37.74,38.01,149865,0
2016-09-26,38.74,39.12,38.58,38.64,235767,0
2016-09-27,38.73,38.83,37.7,37.82,73431,0
2016-09-28,37.54,38.21,37.4499,37.54,118370,0
2016-09-29,37.77,38.7,37.42,38.06,122881,0
2016-09-30,37.78,38.02,37.49,37.81,75506,0
2016-10-03,37.86,37.94,37.32,37.35,91855,0
2016-10-04,37.3,37.76,37.03,37.04,90125,0
2016-10-05,36.94,37.3,36.9,37.26,213106,0
2016-10-06,37.4,37.48,36.94,37.09,81375,0
2016-10-07,37.19,37.58,37.08,37.19,50223,0
2016-10-10,36.94,37,36.77,36.81,81945,0
2016-10-11,36.84,37.88,36.84,37.45,125601,0
2016-10-12,37.3,37.64,37.08,37.55,100586,0
2016-10-13,38.07,38.72,37.67,37.9,138388,0
2016-10-14,37.47,37.9,37.36,37.88,94121,0
2016-10-17,37.5301,37.93,37.41,37.67,65942,0
2016-10-18,37.15,37.27,37.09,37.19,103088,0
2016-10-19,36.92,37.12,36.67,36.85,126456,0
2016-10-20,37.03,37.3,36.76,36.97,101942,0
2016-10-21,37.1,37.16,36.56,36.65,59852,0
2016-10-24,36.33,36.33,35.92,36.04,95999,0
2016-10-25,35.87,36.23,35.8,35.86,61147,0
2016-10-26,36.22,36.27,35.88,36.2,77209,0
2016-10-27,36,36.68,36,36.54,85412,0
2016-10-28,36.62,37.27,36.41,36.93,224144,0
2016-10-31,36.8,37.18,36.8,36.93,79755,0
2016-11-01,36.94,37.96,36.94,37.19,237795,0
2016-11-02,37.38,37.55,37.14,37.5,80978,0
2016-11-03,37.5,38.64,37.42,38.39,111325,0
2016-11-04,38.37,38.6344,37.78,38.49,139380,0
2016-11-07,37.07,37.07,36,36,155999,0
2016-11-08,36.26,36.316,35.38,35.63,115407,0
2016-11-09,36.54,36.54,34.96,35.19,359135,0
2016-11-10,34.9,36.18,34.85,36.04,289062,0
2016-11-11,36.21,36.55,35.68,35.78,72974,0
2016-11-14,35.8,36.69,35.68,35.93,118009,0
2016-11-15,35.79,36.02,35.28,35.7,139706,0
2016-11-16,36.26,36.26,35.67,35.67,139857,0
2016-11-17,35.64,35.819,35.38,35.38,237114,0
2016-11-18,35.2,35.69,35.07,35.43,222394,0
2016-11-21,35.21,35.37,34.75,34.75,126812,0
2016-11-22,34.83,35.28,34.75,34.89,139514,0
2016-11-23,35.09,35.22,34.96,35.13,70121,0
2016-11-25,35.13,35.31,35.09,35.16,58993,0
2016-11-28,35.27,35.41,35.13,35.33,93925,0
2016-11-29,35.19,35.29,35.04,35.19,55298,0
2016-11-30,35.06,35.31,34.95,35.21,61474,0
2016-12-01,35.07,35.94,35.02,35.53,117887,0
2016-12-02,35.61,35.9,35.25,35.65,62434,0
2016-12-05,35.4,35.4,35.04,35.14,71526,0
2016-12-06,34.79,34.92,34.51,34.55,80328,0
2016-12-07,34.43,34.67,34.25,34.51,104929,0
2016-12-08,34.65,35.1,34.44,34.78,79115,0
2016-12-09,34.8,34.8,34.52,34.55,138929,0
2016-12-12,34.72,35.01,34.56,34.6,78229,0
2016-12-13,34.62,35.1,34.56,34.82,82185,0
2016-12-14,35,35.03,34.41,34.71,128417,0
2016-12-15,34.44,34.7,34.27,34.53,83283,0
2016-12-16,34.67,34.82,34.37,34.74,141548,0
2016-12-19,34.45,34.45,34.07,34.08,89931,0
2016-12-20,34.07,34.08,33.88,34.07,81747,0
2016-12-21,33.89,34.01,33.65,33.86,98047,0
2016-12-22,33.82,34.38,33.82,34.33,145395,0
2016-12-23,34.42,34.5058,34.23,34.26,85482,0
2016-12-27,34.26,34.26,33.99,34.01,60550,0
2016-12-28,34.06,34.48,33.94,34.37,85073,0
2016-12-29,34.43,34.79,34.28,34.53,78950,0
2016-12-30,34.43,35.11,34.4,34.85,150805,0
2017-01-03,34.3,34.41,33.73,33.73,127001,0
2017-01-04,33.56,33.59,32.74,32.85,153270,0
2017-01-05,32.92,33.32,32.9,32.99,147954,0
2017-01-06,32.68,32.74,32.28,32.66,137522,0
2017-01-09,32.55,32.63,32.1721,32.52,96227,0
2017-01-10,32.41,32.65,32.24,32.4,54665,0
2017-01-11,32.35,32.85,32.13,32.18,114236,0
2017-01-12,32.24,32.94,32.24,32.44,152201,0
2017-01-13,32.36,32.78,32.36,32.73,184537,0
2017-01-17,33.06,33.14,32.89,32.91,138077,0
2017-01-18,32.9,32.95,32.43,32.52,202612,0
2017-01-19,32.51,32.88,32.48,32.48,134277,0
2017-01-20,32.38,32.38,31.76,31.9,255235,0
2017-01-23,31.98,32.25,31.8101,31.83,137192,0
2017-01-24,31.55,31.56,30.6904,30.75,184042,0
2017-01-25,30.36,30.4,30.26,30.29,124208,0
2017-01-26,30.38,30.52,30.26,30.47,132717,0
2017-01-27,30.44,30.659,30.37,30.56,108953,0
2017-01-30,30.82,31.37,30.63,30.67,126715,0
2017-01-31,30.84,30.95,30.53,30.53,102218,0
2017-02-01,30.24,30.41,29.94,30.1,103659,0
2017-02-02,30.15,30.43,30.05,30.25,102979,0
2017-02-03,30.04,30.08,29.87,30.06,228990,0
2017-02-06,30.13,30.17,29.82,30.11,128268,0
2017-02-07,29.99,30.22,29.99,30.15,122469,0
2017-02-08,30.3,30.54,30.28,30.36,98904,0
2017-02-09,30.29,30.359,30.03,30.11,98225,0
2017-02-10,30.04,30.07,29.915,30.06,106757,0
2017-02-13,30.04,30.04,29.71,29.71,210728,0
2017-02-14,29.5,29.53,28.87,28.87,227136,0
2017-02-15,28.49,28.78,28.1,28.3,241049,0
2017-02-16,28.2508,29.01,28.2508,28.49,234969,0
2017-02-17,28.76,28.79,28.45,28.49,151224,0
2017-02-21,28.45,28.74,28.29,28.72,170010,0
2017-02-22,28.88,29.15,28.79,28.95,142746,0
2017-02-23,28.99,29.66,28.99,29.59,244138,0
2017-02-24,30.33,30.33,29.71,29.84,176849,0
2017-02-27,29.57,29.79,29.12,29.23,140886,0
2017-02-28,29.3,29.64,29.19,29.28,125144,0
2017-03-01,28.83,29.19,28.79,29.17,141610,0
2017-03-02,29.27,29.49,29.18,29.48,174301,0
2017-03-03,29.16,29.25,28.9,28.96,146897,0
2017-03-06,28.91,29,28.64,28.67,195642,0
2017-03-07,28.64,28.78,28.45,28.74,110835,0
2017-03-08,28.61,28.77,28.32,28.75,76394,0
2017-03-09,28.75,28.95,28.42,28.61,138541,0
2017-03-10,28.45,28.71,28.4,28.45,114146,0
2017-03-13,28.48,28.51,28.26,28.31,85590,0
2017-03-14,28.45,28.64,28.28,28.53,155809,0
2017-03-15,28.42,28.44,28.17,28.22,90818,0
2017-03-16,28.11,28.11,27.73,27.75,86048,0
2017-03-17,27.62,27.62,27.41,27.53,146130,0
2017-03-20,27.43,27.57,27.36,27.47,168034,0
2017-03-21,27.26,28,27.18,27.9,298702,0
2017-03-22,28,28.16,27.75,27.9,270343,0
2017-03-23,28,28.32,27.64,28.24,226577,0
2017-03-24,28.13,28.43,27.79,27.9,135710,0
2017-03-27,28.18,28.21,27.16,27.25,199035,0
2017-03-28,27.21,27.21,26.71,26.76,146681,0
2017-03-29,26.6,26.64,26.37,26.42,98506,0
2017-03-30,26.31,26.45,26.26,26.38,146497,0
2017-03-31,26.46,26.47,26.19,26.3,143319,0
2017-04-03,26.31,26.52,26.2299,26.36,340487,0
2017-04-04,26.39,26.51,26.02,26.04,121388,0
2017-04-05,25.79,26.39,25.66,26.39,146791,0
2017-04-06,26.34,26.36,25.94,26.14,65145,0
2017-04-07,26.15,26.44,26.05,26.43,97915,0
2017-04-10,26.55,26.76,26.35,26.74,178156,0
2017-04-11,26.98,27.27,26.82,26.97,191322,0
2017-04-12,27.01,27.15,26.65,26.75,205865,0
2017-04-13,26.73,27.03,26.49,27.02,169657,0
2017-04-17,26.93,26.93,26.3,26.3,118940,0
2017-04-18,26.46,26.54,26.14,26.3,155161,0
2017-04-19,25.93,26.69,25.79,26.36,189981,0
2017-04-20,26.13,26.24,25.89,26.02,158631,0
2017-04-21,26.15,26.28,25.84,25.86,161537,0
2017-04-24,25.22,25.39,25.14,25.34,270839,0
2017-04-25,24.94,25,24.62,24.71,212013,0
2017-04-26,24.7,24.93,24.67,24.91,137500,0
2017-04-27,24.75,24.9711,24.75,24.89,154342,0
2017-04-28,24.91,25.05,24.74,24.74,208274,0
2017-05-01,24.68,24.68,24.07,24.07,219047,0
2017-05-02,24.21,24.34,24.17,24.29,109434,0
2017-05-03,24.35,24.49,24.26,24.49,70938,0
2017-05-04,24.4,24.55,24.19,24.23,66814,0
2017-05-05,24.13,24.495,24.12,24.48,118116,0
2017-05-08,24.46,24.69,24.43,24.6,73704,0
2017-05-09,24.5,24.7,24.48,24.68,74339,0
2017-05-10,24.74,24.84,24.55,24.82,102783,0
2017-05-11,25,25.21,24.62,24.62,110006,0
2017-05-12,24.68,24.91,24.62,24.91,147304,0
2017-05-15,24.71,24.76,24.68,24.68,140425,0
2017-05-16,24.7,24.93,24.66,24.82,92037,0
2017-05-17,25.26,26.03,25.04,26.02,387081,0
2017-05-18,25.64,25.75,25.25,25.46,244270,0
2017-05-19,25.21,25.25,24.7,25.08,395790,0
2017-05-22,24.58,24.71,24.48,24.61,129039,0
2017-05-23,24.49,24.8,24.46,24.73,141981,0
2017-05-24,24.76,24.92,24.59,24.64,168098,0
2017-05-25,24.52,24.73,24.51,24.71,114009,0
2017-05-26,24.77,24.77,24.57,24.6,67730,0
2017-05-30,24.63,24.63,24.22,24.22,147901,0
2017-05-31,24.13,24.47,24.12,24.23,106597,0
2017-06-01,24.13,24.18,24.01,24.01,71353,0
2017-06-02,24.09,24.17,23.95,24.17,91055,0
2017-06-05,24.1,24.159,23.92,24.13,101902,0
2017-06-06,24.22,24.39,24.09,24.36,118903,0
2017-06-07,24.21,24.51,24.16,24.28,80474,0
2017-06-08,24.25,24.26,23.91,23.95,156022,0
2017-06-09,23.9,24.43,23.82,23.93,123289,0
2017-06-12,24.02,24.51,23.97,24.02,128068,0
2017-06-13,23.87,23.94,23.72,23.86,179035,0
2017-06-14,23.73,23.81,23.64,23.64,142314,0
2017-06-15,23.94,23.98,23.65,23.7,100048,0
2017-06-16,23.65,23.83,23.44,23.49,182533,0
2017-06-19,23.16,23.22,23.02,23.03,186509,0
2017-06-20,23.17,23.44,23.06,23.15,131398,0
2017-06-21,22.98,23.1,22.91,22.97,125467,0
2017-06-22,22.95,23.12,22.87,23.12,123958,0
2017-06-23,23.05,23.08,22.87,22.93,73625,0
2017-06-26,22.72,22.84,22.51,22.51,198130,0
2017-06-27,22.52,22.77,22.365,22.73,170709,0
2017-06-28,22.41,22.54,22.33,22.46,244470,0
2017-06-29,22.45,23.59,22.45,22.68,209052,0
2017-06-30,22.52,22.8411,22.44,22.64,176479,0
2017-07-03,22.3,22.75,22.24,22.75,103371,0
2017-07-05,22.74,23.05,22.71,22.79,148083,0
2017-07-06,22.98,23.38,22.92,23.28,226206,0
2017-07-07,23.04,23.16,23.03,23.12,225910,0
2017-07-10,23.1,23.1,22.62,22.66,152620,0
2017-07-11,22.65,23,22.5,22.52,186457,0
2017-07-12,22.3,22.35,22.12,22.21,154184,0
2017-07-13,22.17,22.17,21.93,22.1,152541,0
2017-07-14,22.09,22.13,21.79,21.84,167783,0
2017-07-17,21.56,21.6,21.44,21.49,200806,0
2017-07-18,21.67,21.87,21.6257,21.68,171536,0
2017-07-19,21.53,21.7,21.3799,21.62,299955,0
2017-07-20,21.57,21.74,21.53,21.57,132149,0
2017-07-21,21.64,21.8301,21.52,21.55,178324,0
2017-07-24,21.43,21.43,21.18,21.23,162961,0
2017-07-25,21.05,21.24,21.03,21.24,191593,0
2017-07-26,21.14,21.1811,20.99,21.1,190545,0
2017-07-27,20.97,21.48,20.92,21.03,217602,0
2017-07-28,21.02,21.11,20.93,21,157545,0
2017-07-31,20.98,21.07,20.86,20.88,185244,0
2017-08-01,20.69,20.8,20.61,20.63,210237,0
2017-08-02,20.5,20.85,20.5,20.76,204258,0
2017-08-03,20.85,21.12,20.85,21.1,175624,0
2017-08-04,21.07,21.19,20.89,21.19,179181,0
2017-08-07,21.23,21.23,21.09,21.11,99723,0
2017-08-08,21.17,21.74,21.01,21.46,350124,0
2017-08-09,21.67,21.92,21.34,21.78,283962,0
2017-08-10,22.09,22.64,22.08,22.43,931227,0
2017-08-11,22.77,23.3,22.49,23.2,602783,0
2017-08-14,22.45,22.48,21.68,21.71,427808,0
2017-08-15,21.32,21.82,21.32,21.74,447211,0
2017-08-16,21.8,21.8,21.41,21.52,582264,0
2017-08-17,21.8,22.9,21.63,22.81,1251429,0
2017-08-18,22.53,22.77,22,22.51,608010,0
2017-08-21,22.55,22.71,22.31,22.35,260756,0
2017-08-22,22.05,22.05,21.59,21.59,158917,0
2017-08-23,21.97,21.98,21.67,21.77,231790,0
2017-08-24,21.68,22.18,21.59,22.03,235419,0
2017-08-25,21.81,22.02,21.73,21.86,239449,0
2017-08-28,21.73,21.91,21.7026,21.74,172584,0
2017-08-29,22.29,22.32,21.78,21.84,175700,0
2017-08-30,21.78,21.91,21.73,21.89,169651,0
2017-08-31,21.83,21.96,21.69,21.7,129563,0
2017-09-01,21.61,21.7,21.52,21.65,285783,0
2017-09-05,21.97,22.42,21.86,21.99,232105,0
2017-09-06,21.76,22.23,21.74,22.11,189364,0
2017-09-07,22.14,22.4,22.04,22.16,289607,0
2017-09-08,22.37,22.53,22.3,22.47,169813,0
2017-09-11,22.11,22.1627,21.925,22.02,266011,0
2017-09-12,21.86,22.03,21.72,21.72,159449,0
2017-09-13,21.72,21.72,21.34,21.34,230969,0
2017-09-14,21.4,21.48,21.18,21.47,145585,0
2017-09-15,21.48,21.51,21.33,21.38,185860,0
2017-09-18,21.27,21.38,20.8589,20.86,472250,0
2017-09-19,20.9,21.2,20.85,21.13,159546,0
2017-09-20,21,21.27,20.93,20.96,315898,0
2017-09-21,20.88,21.05,20.85,21.04,283674,0
2017-09-22,21.22,21.38,21.11,21.22,153820,0
2017-09-25,21.25,21.5689,21.16,21.16,219036,0
2017-09-26,21.07,21.17,20.95,21.03,137129,0
2017-09-27,20.88,21.08,20.8768,20.99,55275,0
2017-09-28,21.02,21.07,20.9,20.97,106609,0
2017-09-29,20.91,21,20.77,20.81,108957,0
2017-10-02,20.75,20.76,20.41,20.41,177585,0
2017-10-03,20.32,20.44,20.3,20.35,57770,0
2017-10-04,20.39,20.469,20.36,20.39,65441,0
2017-10-05,20.37,20.38,20.08,20.11,85415,0
2017-10-06,20.12,20.29,20.1,20.17,77114,0
2017-10-09,20.17,20.45,20.17,20.41,144639,0
2017-10-10,20.26,20.44,20.19,20.21,213759,0
2017-10-11,20.21,20.24,19.99,20,112043,0
2017-10-12,20.08,20.125,19.88,20.03,188925,0
2017-10-13,19.85,19.89,19.7294,19.83,134553,0
2017-10-16,19.68,19.69,19.53,19.53,220149,0
2017-10-17,19.55,19.68,19.47,19.47,185274,0
2017-10-18,19.44,19.57,19.3,19.55,250128,0
2017-10-19,19.82,19.94,19.44,19.44,221995,0
2017-10-20,19.26,19.31,19.23,19.23,147689,0
2017-10-23,19.17,19.57,19.13,19.48,167715,0
2017-10-24,19.33,19.56,19.31,19.53,175216,0
2017-10-25,19.63,20.29,19.6032,19.83,288068,0
2017-10-26,19.7,19.7098,19.54,19.66,207082,0
2017-10-27,19.51,19.63,19.17,19.25,332850,0
2017-10-30,19.2411,19.35,19.07,19.22,212181,0
2017-10-31,19.06,19.2,19.04,19.06,172022,0
2017-11-01,18.92,19.17,18.88,19.14,311648,0
2017-11-02,19.12,19.42,19.12,19.25,195571,0
2017-11-03,19.15,19.35,19.14,19.35,183006,0
2017-11-06,19.34,19.4,19.3,19.34,90823,0
2017-11-07,19.44,19.575,19.37,19.47,238652,0
2017-11-08,19.54,19.6211,19.44,19.57,157416,0
2017-11-09,19.98,20.18,19.71,19.71,235283,0
2017-11-10,19.89,20.06,19.85,20,73493,0
