Date,Open,High,Low,Close,Volume,OpenInt
2008-06-18,26.52,26.84,26.52,26.84,14000,0
2008-06-19,26.76,26.76,26.35,26.49,19700,0
2008-06-20,27.09,27.33,27.09,27.27,4500,0
2008-06-23,26.77,27,26.77,26.91,5060,0
2008-06-24,26.55,26.55,26.44,26.44,1300,0
2008-06-25,26.27,26.27,26.23,26.24,27832,0
2008-06-26,27,27.4,26.95,27.15,24188,0
2008-06-27,27.38,27.38,27.38,27.38,1000,0
2008-06-30,27.57,27.57,27.19,27.19,2300,0
2008-07-01,27.69,27.69,27.69,27.69,145,0
2008-07-02,28.69,28.69,28.54,28.54,6000,0
2008-07-03,27.22,27.22,27.05,27.07,3326,0
2008-07-07,27.36,27.69,27.36,27.69,6171,0
2008-07-08,26.81,26.81,25.31,25.49,16000,0
2008-07-09,25.24,26.66,25.24,26.66,5388,0
2008-07-10,29,29.03,27.62,27.62,645,0
2008-07-11,29.06,29.06,28.37,28.45,12000,0
2008-07-14,28.41,28.41,28.13,28.13,4500,0
2008-07-16,25.93,25.93,25.3,25.32,1255,0
2008-07-17,25.53,25.87,25.53,25.66,44732,0
2008-07-18,25.22,25.36,24.77,24.77,23500,0
2008-07-21,25.18,25.18,25.18,25.18,145,0
2008-07-22,25.12,25.12,25.12,25.12,1500,0
2008-07-25,23.92,23.92,23.92,23.92,1500,0
2008-07-29,24.21,24.21,23.75,23.75,14500,0
2008-07-30,24.56,24.56,24.45,24.45,5000,0
2008-08-01,24.06,24.06,24.06,24.06,200,0
2008-08-04,22.64,22.64,22.29,22.29,400,0
2008-08-06,22.7,22.7,22.7,22.7,200,0
2008-08-07,22.35,22.35,22.35,22.35,369,0
2008-08-08,21.65,21.65,21.11,21.11,1218,0
2008-08-11,21.33,21.36,21.33,21.36,200,0
2008-08-12,20.3,20.3,19.63,19.64,4414,0
2008-08-13,20.24,21.11,20.24,21.11,1100,0
2008-08-14,21.21,21.21,20.23,20.23,1800,0
2008-08-15,20.38,20.88,20.38,20.88,5015,0
2008-08-19,21.44,21.44,21.44,21.44,100,0
2008-08-20,22.09,22.09,21.1,21.1,2300,0
2008-08-21,22.65,23.48,22.53,23.4,875,0
2008-08-22,22.6,22.6,22.13,22.13,450,0
2008-08-26,22.16,22.16,22.16,22.16,100,0
2008-08-27,22.45,22.45,22.29,22.29,4300,0
2008-08-29,21.59,21.59,21.25,21.34,2409,0
2008-09-04,21.04,21.04,20.52,20.52,400,0
2008-09-05,19.7,19.8,19.5,19.5,3800,0
2008-09-08,19.23,19.23,19.23,19.23,200,0
2008-09-09,18.9,18.9,18.9,18.9,100,0
2008-09-10,19.21,19.21,19.21,19.21,200,0
2008-09-15,19.02,19.02,19.02,19.02,100,0
2008-09-17,17.68,17.83,17.67,17.83,4600,0
2008-09-22,19.91,20.25,19.91,19.94,6250,0
2008-09-23,18.99,19.41,18.99,19.38,11100,0
2008-09-24,18.65,18.71,18.59,18.71,11200,0
2008-09-25,19.06,19.06,18.89,18.89,16200,0
2008-09-26,18.07,18.36,18.07,18.36,655,0
2008-09-29,17.38,17.38,16.43,16.43,30980,0
2008-09-30,16.68,16.68,16.31,16.31,300,0
2008-10-02,14.3,14.3,14.3,14.3,100,0
2008-10-06,12.82,12.82,12.82,12.82,200,0
2008-10-10,11.13,11.13,10.5,10.75,676,0
2008-10-13,11.96,11.96,11.96,11.96,952,0
2008-10-15,11.3,11.3,10.55,10.55,300,0
2008-10-16,9.5,9.81,9.11,9.81,1310,0
2008-10-17,9.55,9.92,9.55,9.92,300,0
2008-10-20,9.7,9.7,9.7,9.7,1000,0
2008-10-21,9.22,9.26,9.06,9.06,900,0
2008-10-22,7.88,7.88,7.02,7.4,5490,0
2008-10-23,7.37,7.37,7.37,7.37,1800,0
2008-10-27,7.11,7.11,7.11,7.11,500,0
2008-10-29,10,10.27,9.05,9.63,11539,0
2008-10-30,9,9,7.75,8.07,5597,0
2008-10-31,7.71,7.71,7.06,7.44,1895,0
2008-11-03,7.94,7.94,7.94,7.94,266,0
2008-11-04,7.69,8.31,7.69,8.28,14080,0
2008-11-05,7.7,7.9,7.7,7.7,1112,0
2008-11-06,7.5,7.5,6.74,6.81,2814,0
2008-11-07,7.19,7.19,6.99,6.99,2975,0
2008-11-10,7.78,7.78,6.76,6.76,9375,0
2008-11-12,6.38,6.56,5.98,6.1,4775,0
2008-11-13,6.93,7.08,6.9,7.03,1364,0
2008-11-14,7.1,7.1,7.1,7.1,625,0
2008-11-17,6.79,6.79,6.25,6.62,1900,0
2008-11-19,6.93,6.93,6.93,6.93,560,0
2008-11-20,6.25,6.31,6.13,6.22,1574,0
2008-11-21,6.04,6.04,6.04,6.04,1700,0
2008-11-24,6.61,6.83,6.61,6.83,1740,0
2008-11-25,6.81,7.12,6.65,6.65,520,0
2008-11-26,6.89,7.25,6.89,6.97,6015,0
2008-11-28,6.16,6.59,6.16,6.59,4880,0
2008-12-01,6.25,6.26,6.25,6.25,2000,0
2008-12-02,6.25,6.26,6,6,1000,0
2008-12-03,5.95,5.95,5.6,5.7,2350,0
2008-12-04,5.5,5.65,5.47,5.47,3510,0
2008-12-05,5.1,5.25,4.63,4.8,5254,0
2008-12-08,5.35,5.5,5.01,5.25,23758,0
2008-12-09,5.1,5.22,5.02,5.02,3400,0
2008-12-10,5.93,5.93,5,5.3,30875,0
2008-12-11,5.2,5.39,5.2,5.24,7650,0
2008-12-12,4.83,4.97,4.72,4.95,19326,0
2008-12-15,5.02,5.04,4.81,4.89,20725,0
2008-12-16,4.87,4.87,4.75,4.84,6300,0
2008-12-17,4.65,4.81,4.61,4.81,6850,0
2008-12-18,4.6,4.82,4.5,4.62,9790,0
2008-12-19,4.89,5.27,4.89,4.9,8274,0
2008-12-22,5.23,5.35,5.01,5.26,20905,0
2008-12-23,5,5.08,4.9,5.08,3900,0
2008-12-24,5,5,5,5,1050,0
2008-12-26,5,5,5,5,5000,0
2008-12-29,5.25,5.31,4.76,4.76,14375,0
2008-12-30,4.76,5.37,4.7,5,28684,0
2008-12-31,5.56,6,5.1,5.38,15650,0
2009-01-02,5.95,6,5.79,5.84,24630,0
2009-01-05,5.81,5.89,5.65,5.86,37188,0
2009-01-06,6.19,6.45,6.05,6.4,83201,0
2009-01-07,6.21,6.21,5.8,5.85,30698,0
2009-01-08,5.7,5.85,5.6,5.62,12526,0
2009-01-09,5.75,6.43,5.64,6.43,17900,0
2009-01-12,5.74,5.76,5.52,5.68,31929,0
2009-01-13,5.31,6.11,5.31,5.93,12691,0
2009-01-14,5.54,5.69,5.38,5.56,12420,0
2009-01-15,5.5,5.66,5.43,5.58,8528,0
2009-01-16,5.7,5.86,5.6,5.65,24250,0
2009-01-20,5.52,5.52,5.2,5.21,7522,0
2009-01-21,5.28,5.28,4.7,4.8,24229,0
2009-01-22,4.8,4.8,4.53,4.57,8000,0
2009-01-23,4.55,5.17,4.55,4.94,15004,0
2009-01-26,5.45,5.48,5.25,5.3,5559,0
2009-01-27,5.18,5.18,4.88,5,8545,0
2009-01-28,5.25,5.25,4.9,4.94,10866,0
2009-01-29,4.87,4.95,4.65,4.78,5490,0
2009-01-30,4.82,4.85,4.69,4.8,9413,0
2009-02-02,4.39,4.95,4.39,4.85,4050,0
2009-02-03,5.14,5.22,5.08,5.1,21323,0
2009-02-04,5.25,5.56,5.16,5.31,19903,0
2009-02-05,5.22,5.32,5,5.07,22333,0
2009-02-06,5.39,5.65,5.3,5.54,21201,0
2009-02-09,5.54,5.62,5.29,5.54,39776,0
2009-02-10,5.46,5.58,5.15,5.15,13515,0
2009-02-11,5.05,5.24,5.03,5.03,25655,0
2009-02-12,5.09,5.09,4.91,4.96,4137,0
2009-02-13,5.12,5.12,5.07,5.07,4580,0
2009-02-17,4.85,4.85,4.6,4.65,12525,0
2009-02-18,4.55,4.76,4.55,4.74,4916,0
2009-02-19,4.84,4.87,4.73,4.82,2665,0
2009-02-20,4.66,4.66,4.44,4.62,19311,0
2009-02-23,4.8,4.8,4.44,4.44,8194,0
2009-02-24,4.67,4.91,4.58,4.88,8774,0
2009-02-25,4.77,5,4.65,4.86,2679,0
2009-02-26,4.86,5.09,4.86,5.08,5555,0
2009-02-27,4.88,4.98,4.65,4.9,6294,0
2009-03-02,4.63,4.79,4.6,4.76,43330,0
2009-03-03,4.79,4.86,4.75,4.86,5836,0
2009-03-04,5.37,5.55,5.14,5.48,12906,0
2009-03-05,5.5,5.5,5.4,5.4,3448,0
2009-03-06,5.4,5.59,5.36,5.49,11213,0
2009-03-09,5.36,5.44,5.2,5.32,17566,0
2009-03-10,5.59,5.65,5.45,5.56,16637,0
2009-03-11,5.55,5.55,5.36,5.42,11142,0
2009-03-12,5.38,5.47,5.29,5.4,6678,0
2009-03-13,5.5,5.5,5.35,5.36,12712,0
2009-03-16,5.59,5.78,5.59,5.77,24275,0
2009-03-17,5.6,5.69,5.54,5.58,10750,0
2009-03-18,5.55,5.83,5.37,5.83,24519,0
2009-03-19,5.85,6.25,5.85,6.22,54788,0
2009-03-20,6.17,6.22,5.97,6.05,23705,0
2009-03-23,6.24,6.5,6.05,6.4,120177,0
2009-03-24,5.96,6.08,5.76,5.96,93775,0
2009-03-25,5.96,6.13,5.84,6,60861,0
2009-03-26,6.35,6.46,6.32,6.44,22856,0
2009-03-27,6.23,6.32,6.03,6.29,76046,0
2009-03-30,5.9,6.11,5.9,5.92,42487,0
2009-03-31,6,6.27,6,6.27,23945,0
2009-04-01,5.98,6.2,5.93,6.11,27668,0
2009-04-02,6.43,6.52,6.3,6.48,39157,0
2009-04-03,6.54,6.94,6.45,6.87,40666,0
2009-04-06,6.72,6.8,6.59,6.73,36168,0
2009-04-07,6.7,6.82,6.51,6.77,29948,0
2009-04-08,6.98,6.98,6.77,6.9,25410,0
2009-04-09,7.48,7.48,7.14,7.24,135977,0
2009-04-13,7.76,9.22,7.39,8.65,105261,0
2009-04-14,8.46,8.46,7.26,7.49,163652,0
2009-04-15,7.31,7.92,7.31,7.86,48906,0
2009-04-16,8,8.44,7.6,7.71,216920,0
2009-04-17,7.83,7.9,7.7,7.85,36839,0
2009-04-20,7.49,7.5,7.09,7.1,62310,0
2009-04-21,7.45,7.45,6.66,7.08,52819,0
2009-04-22,7,7.2,6.82,6.91,51973,0
2009-04-23,6.91,7.1,6.53,6.68,49523,0
2009-04-24,6.79,6.95,6.66,6.85,39512,0
2009-04-27,6.82,6.82,6.3,6.32,41318,0
2009-04-28,6.31,6.35,6.06,6.12,40195,0
2009-04-29,6.66,6.82,6.45,6.78,39196,0
2009-04-30,6.99,7.07,6.79,6.95,68027,0
2009-05-01,7.16,7.59,7.16,7.5,36877,0
2009-05-04,7.84,7.9,7.5,7.75,74199,0
2009-05-05,7.87,7.87,7.4,7.52,22584,0
2009-05-06,7.75,8.18,7.75,8.11,82857,0
2009-05-07,8.39,8.42,7.82,7.83,98668,0
2009-05-08,8.4,8.4,7.76,7.94,44431,0
2009-05-11,7.94,7.94,7.5,7.63,27698,0
2009-05-12,7.9,8.12,7.51,7.58,44514,0
2009-05-13,7.55,7.55,7.02,7.14,49280,0
2009-05-14,7.15,7.36,6.95,7.35,32690,0
2009-05-15,7.35,7.45,7.11,7.19,5384,0
2009-05-18,7.77,8.05,7.22,7.5,33090,0
2009-05-19,7.31,7.78,7.31,7.47,25146,0
2009-05-20,7.45,7.54,7.33,7.47,34429,0
2009-05-21,7.4,7.4,6.92,7.07,41415,0
2009-05-22,7.01,7.62,7.01,7.44,36370,0
2009-05-26,7.48,7.63,7.08,7.49,25671,0
2009-05-27,7.55,7.55,7.05,7.11,49185,0
2009-05-28,7.1,7.33,7.08,7.28,43985,0
2009-05-29,7.47,7.8,7.39,7.7,109403,0
2009-06-01,8.35,8.79,8.06,8.39,164621,0
2009-06-02,8.31,8.31,8,8.12,74807,0
2009-06-03,8.15,8.15,7.68,7.72,53624,0
2009-06-04,8.1,8.51,7.82,8.51,55276,0
2009-06-05,8.4,8.43,8.1,8.3,80063,0
2009-06-08,8.15,8.44,8.15,8.35,44003,0
2009-06-09,8.74,9.1,8.62,8.88,118713,0
2009-06-10,8.93,8.99,8.79,8.92,73905,0
2009-06-11,9.26,9.66,9.25,9.65,322673,0
2009-06-12,9.62,9.62,9.04,9.17,118357,0
2009-06-15,9.06,9.06,8.32,8.37,138207,0
2009-06-16,8.86,8.86,8.15,8.16,115697,0
2009-06-17,8.16,8.38,8.06,8.31,102449,0
2009-06-18,8.29,8.37,8.15,8.28,83828,0
2009-06-19,8.58,8.6,8.33,8.41,24362,0
2009-06-22,7.97,7.97,7.59,7.61,106750,0
2009-06-23,7.67,8.04,7.67,7.96,55863,0
2009-06-24,8.35,8.62,8.35,8.5,44591,0
2009-06-25,8.64,8.9,8.6,8.9,31234,0
2009-06-26,8.78,8.82,8.47,8.48,16379,0
2009-06-29,8.57,8.71,8.41,8.44,60355,0
2009-06-30,8.31,8.37,7.93,8.16,41996,0
2009-07-01,8.65,8.75,8.35,8.69,18948,0
2009-07-02,8.35,8.5,8.15,8.37,24960,0
2009-07-06,8.05,8.31,7.9,8.11,30422,0
2009-07-07,8.31,8.31,8.08,8.16,21586,0
2009-07-08,8.06,8.06,7.5,7.59,85149,0
2009-07-09,7.98,7.98,7.64,7.98,19931,0
2009-07-10,7.83,7.9,7.69,7.75,7383,0
2009-07-13,7.68,7.7,7.49,7.65,38063,0
2009-07-14,7.74,8.13,7.74,7.93,52657,0
2009-07-15,8.42,8.58,8.38,8.47,20976,0
2009-07-16,8.41,8.74,8.41,8.68,19761,0
2009-07-17,8.99,9.2,8.94,9.06,33281,0
2009-07-20,9.48,9.48,9.1,9.47,113016,0
2009-07-21,9.55,9.59,9.08,9.38,29744,0
2009-07-22,9.32,9.81,9.32,9.75,93084,0
2009-07-23,9.5,10,9.46,9.76,113162,0
2009-07-24,9.88,9.99,9.72,9.88,52888,0
2009-07-27,10,10.3,9.91,9.91,94138,0
2009-07-28,10.03,10.65,9.74,10.05,166862,0
2009-07-29,9.65,9.65,9.41,9.58,108618,0
2009-07-30,9.96,10.29,9.95,10.14,68398,0
2009-07-31,10.27,10.63,10.27,10.61,108100,0
2009-08-03,11.47,11.78,11.29,11.7,205630,0
2009-08-04,11.47,12,11.35,11.79,153217,0
2009-08-05,12.35,12.54,12.12,12.37,160129,0
2009-08-06,12.01,12.01,11.47,11.63,158991,0
2009-08-07,11.97,12.11,11.72,12.02,77050,0
2009-08-10,12.1,12.18,11.48,11.57,69439,0
2009-08-11,11.5,11.53,11.25,11.33,65619,0
2009-08-12,11.22,12,11.16,11.82,158992,0
2009-08-13,12.53,12.84,12.41,12.6,131618,0
2009-08-14,12.26,12.26,11.64,11.78,140406,0
2009-08-17,11.29,11.37,10.73,11.35,151533,0
2009-08-18,11.19,11.44,11.15,11.34,59278,0
2009-08-19,11.02,11.47,10.44,11.38,75723,0
2009-08-20,11.32,11.33,10.93,11.08,60728,0
2009-08-21,11.58,11.98,11.56,11.75,84367,0
2009-08-24,11.94,12.07,11.6,11.72,128288,0
2009-08-25,11.8,11.95,11.45,11.55,28962,0
2009-08-26,11.75,11.75,11.43,11.67,130325,0
2009-08-27,11.68,11.68,11.35,11.61,23855,0
2009-08-28,11.96,12.21,11.89,12.13,73907,0
2009-08-31,12.07,12.07,11.2,11.31,97524,0
2009-09-01,11.4,12.1,11.19,11.31,55756,0
2009-09-02,11.11,11.39,10.87,11.13,84671,0
2009-09-03,11.45,11.92,11.29,11.72,188828,0
2009-09-04,11.69,12.03,11.61,11.75,25750,0
2009-09-08,12.53,12.86,12.35,12.53,98224,0
2009-09-09,12.61,12.65,12.21,12.29,78300,0
2009-09-10,11.95,12.4,11.41,11.71,201628,0
2009-09-11,11.71,12.1,11.4,11.47,24016,0
2009-09-14,11.49,11.49,11,11.25,76692,0
2009-09-15,11.17,11.7,11.17,11.58,103428,0
2009-09-16,11.95,12.49,11.95,12.44,115004,0
2009-09-17,12.46,12.64,12.2,12.2,63297,0
2009-09-18,12.36,12.36,11.64,11.77,57202,0
2009-09-21,11.68,11.9,11.35,11.62,28782,0
2009-09-22,11.77,12.17,11.77,12.07,32795,0
2009-09-23,11.74,11.74,11.47,11.58,81143,0
2009-09-24,11.5,11.5,10.86,10.92,60419,0
2009-09-25,10.93,11.23,10.93,11.1,38299,0
2009-09-28,11,11.22,10.91,11.07,24504,0
2009-09-29,11.13,11.4,11.13,11.34,42623,0
2009-09-30,11.69,12.03,11.51,11.87,36586,0
2009-10-01,12,12,11.27,11.35,47351,0
2009-10-02,10.8,11.12,10.64,10.9,39894,0
2009-10-05,10.8,11.12,10.66,11.12,53944,0
2009-10-06,11.45,11.72,11.37,11.37,23441,0
2009-10-07,11.43,11.82,11.29,11.55,13938,0
2009-10-08,12.46,12.93,12.08,12.8,146343,0
2009-10-09,12.66,12.67,12.34,12.42,56957,0
2009-10-12,12.73,12.96,12.44,12.82,53938,0
2009-10-13,12.12,12.33,12.02,12.24,85443,0
2009-10-14,12.52,12.6,12.2,12.48,24241,0
2009-10-15,12.47,12.75,12.04,12.58,32553,0
2009-10-16,12.59,12.59,12.25,12.47,11410,0
2009-10-19,12.78,13.45,12.71,13.37,93515,0
2009-10-20,13.73,13.73,13.1,13.23,81116,0
2009-10-21,13.55,14.28,13.44,14.23,121257,0
2009-10-22,14.29,14.45,13.95,14.21,58867,0
2009-10-23,14.57,14.94,14.1,14.41,79109,0
2009-10-26,14.93,15.26,14.25,14.47,101274,0
2009-10-27,14.73,14.91,14.3,14.51,48752,0
2009-10-28,14.25,14.32,13.46,13.51,170770,0
2009-10-29,13.55,14.34,13.55,14.28,43766,0
2009-10-30,14.11,14.23,13.33,13.44,171316,0
2009-11-02,13.5,13.78,13.28,13.56,77542,0
2009-11-03,13.49,13.74,13.13,13.65,25610,0
2009-11-04,14.03,14.23,13.84,13.97,44542,0
2009-11-05,13.75,14.03,13.39,13.8,45036,0
2009-11-06,13.8,13.97,13.42,13.61,28783,0
2009-11-09,13.99,14.07,13.52,13.71,52837,0
2009-11-10,13.5,13.81,13.44,13.69,24672,0
2009-11-11,13.91,14,13.58,13.79,28808,0
2009-11-12,13.84,13.9,13.41,13.52,21314,0
2009-11-13,13.61,13.75,13.5,13.74,13864,0
2009-11-16,14.38,14.97,14.1,14.81,102590,0
2009-11-17,14.86,15,14.8,14.98,101750,0
2009-11-18,15.1,15.17,14.78,14.84,70614,0
2009-11-19,14.86,14.86,14.27,14.57,38252,0
2009-11-20,14.54,15.02,14.43,14.9,51244,0
2009-11-23,15.26,15.5,14.9,14.9,63837,0
2009-11-24,14.86,14.95,14.53,14.7,37023,0
2009-11-25,14.95,15.29,14.87,15.27,52251,0
2009-11-27,14.27,15,14.14,14.6,45204,0
2009-11-30,14.8,15.31,14.8,15.3,46390,0
2009-12-01,15.55,16.03,15.51,15.95,84076,0
2009-12-02,16.22,16.64,16.22,16.4,162866,0
2009-12-03,16.39,16.53,16.18,16.22,93567,0
2009-12-04,16.49,16.99,15.87,15.97,62626,0
2009-12-07,15.58,15.95,15.45,15.92,65962,0
2009-12-08,15.71,15.85,15.38,15.48,74107,0
2009-12-09,15.61,16.09,15.31,15.53,37069,0
2009-12-10,15.51,15.84,15.4,15.51,35560,0
2009-12-11,15.8,16.14,15.8,15.98,58850,0
2009-12-14,16.29,16.35,16.1,16.25,136739,0
2009-12-15,15.99,16.18,15.85,16.04,69218,0
2009-12-16,16.52,17,16.52,16.76,96344,0
2009-12-17,16.95,16.95,16.11,16.17,65043,0
2009-12-18,16.51,16.51,16.16,16.4,60050,0
2009-12-21,16.75,16.89,16.53,16.68,56528,0
2009-12-22,16.51,16.6,16.3,16.59,41954,0
2009-12-23,16.89,17.28,16.84,17.2,57810,0
2009-12-24,17.41,17.46,17.23,17.44,112602,0
2009-12-28,18.78,18.78,17.7,17.99,175462,0
2009-12-29,17.9,17.9,17.61,17.69,92045,0
2009-12-30,17.76,17.94,17.6,17.8,84048,0
2009-12-31,17.81,17.9,17.6,17.66,44974,0
2010-01-04,18.13,18.39,17.9,18.16,106775,0
2010-01-05,18.06,18.4,17.91,18.29,140717,0
2010-01-06,18.96,19.79,18.96,19.51,136734,0
2010-01-07,19.24,19.24,18.46,18.5,243363,0
2010-01-08,18.48,18.5,17.75,18.2,164316,0
2010-01-11,18.75,18.95,18.44,18.57,126437,0
2010-01-12,17.78,17.94,17.02,17.11,177888,0
2010-01-13,17.64,18.1,17.43,17.92,80930,0
2010-01-14,18.35,18.58,17.94,18.12,92445,0
2010-01-15,17.83,17.83,17.4,17.48,101235,0
2010-01-19,17.48,18.2,17.48,18.16,81522,0
2010-01-20,17.66,18.15,16.91,17.31,231158,0
2010-01-21,17.23,17.46,16.4,16.73,181474,0
2010-01-22,16.1,16.6,15.63,16.43,163903,0
2010-01-25,16.49,16.72,16.46,16.53,66074,0
2010-01-26,16.12,16.37,15.77,16.18,104194,0
2010-01-27,15.51,15.66,14.75,14.81,222512,0
2010-01-28,14.88,14.98,13.81,14.03,154384,0
2010-01-29,14.03,14.19,13.44,13.48,145660,0
2010-02-01,13.4,13.99,13.35,13.99,84431,0
2010-02-02,14.2,14.23,13.95,14.18,74316,0
2010-02-03,13.77,13.87,13.15,13.37,121636,0
2010-02-04,12.87,13.04,12.39,12.53,177266,0
2010-02-05,12.17,12.27,11.74,12.04,167235,0
2010-02-08,12.26,12.61,12.18,12.47,91448,0
2010-02-09,12.99,13.55,12.87,13.41,85882,0
2010-02-10,13.42,13.42,12.94,13.29,38867,0
2010-02-11,13.43,14.23,13.4,14.23,268072,0
2010-02-12,13.62,14.12,13.38,13.77,134841,0
2010-02-16,14.75,15.33,13.85,15.22,146353,0
2010-02-17,15.32,15.51,14.86,15.16,178162,0
2010-02-18,15.14,15.55,14.99,15.38,177108,0
2010-02-19,15.1,15.84,14.95,15.73,88041,0
2010-02-22,15.72,15.73,15.27,15.35,117024,0
2010-02-23,14.97,15.1,14.5,14.53,345227,0
2010-02-24,14.61,14.75,14.39,14.67,39579,0
2010-02-25,13.98,14.31,13.86,14.22,62055,0
2010-02-26,14.28,14.91,14.2,14.81,47687,0
2010-03-01,15.23,15.31,14.98,15.09,61958,0
2010-03-02,15.16,15.59,15.12,15.49,52267,0
2010-03-03,15.83,16.26,15.7,15.89,62727,0
2010-03-04,15.93,15.96,15.5,15.53,41660,0
2010-03-05,15.92,16.5,15.92,16.24,88998,0
2010-03-08,16.64,16.72,16.08,16.31,95622,0
2010-03-09,16.18,16.49,16.17,16.35,44601,0
2010-03-10,16.45,16.82,16.01,16.25,76582,0
2010-03-11,15.97,16.25,15.87,16.19,23891,0
2010-03-12,16.21,16.44,16.13,16.25,38901,0
2010-03-15,15.76,15.89,15.55,15.69,57422,0
2010-03-16,15.96,16.27,15.96,16.1,36697,0
2010-03-17,16.4,16.65,16.33,16.58,82328,0
2010-03-18,16.43,16.48,16.26,16.39,50070,0
2010-03-19,16.39,16.39,15.91,16.02,54981,0
2010-03-22,15.76,16.07,14.77,16.07,145145,0
2010-03-23,16.07,16.23,15.7,15.83,116629,0
2010-03-24,15.56,15.56,15.2,15.2,43111,0
2010-03-25,15.44,15.71,15.38,15.49,59309,0
2010-03-26,15.86,15.99,15.65,15.72,56735,0
2010-03-29,16.4,16.88,16.39,16.8,108320,0
2010-03-30,17.2,17.28,16.95,17.03,205541,0
2010-03-31,17.27,17.48,17.08,17.16,149006,0
2010-04-01,17.66,17.69,17.41,17.52,47047,0
2010-04-05,17.77,18,17.7,18,106597,0
2010-04-06,17.71,18,17.61,17.85,102928,0
2010-04-07,17.86,17.86,17.44,17.49,77659,0
2010-04-08,17.15,17.59,17.15,17.51,51934,0
2010-04-09,17.79,17.89,17.67,17.86,41039,0
2010-04-12,18.08,18.17,17.7,17.71,93621,0
2010-04-13,17.65,18.05,17.29,18.02,121043,0
2010-04-14,18.18,18.4,18.1,18.38,39860,0
2010-04-15,18.26,18.62,18.26,18.54,35598,0
2010-04-16,18.48,18.6,17.49,17.67,91093,0
2010-04-19,17.03,17.44,17.01,17.32,118160,0
2010-04-20,17.72,17.87,17.49,17.58,78593,0
2010-04-21,17.48,17.61,17.11,17.47,42155,0
2010-04-22,17.15,17.15,16.79,17.04,48248,0
2010-04-23,16.7,17.26,16.64,17.26,61464,0
2010-04-26,17.3,17.33,17.08,17.13,45616,0
2010-04-27,16.63,17.1,15.43,15.55,133473,0
2010-04-28,15.43,15.94,15.27,15.86,127429,0
2010-04-29,15.93,15.93,15.11,15.48,76653,0
2010-04-30,15.54,15.85,15.28,15.72,36300,0
2010-05-03,15.49,15.71,14.85,15.11,85473,0
2010-05-04,14.55,14.66,14.05,14.12,90965,0
2010-05-05,12.81,13.85,12.52,13.54,160650,0
2010-05-06,13.38,13.94,13,13.1,36857,0
2010-05-07,13.13,13.79,12.93,13.5,137624,0
2010-05-10,14.38,14.39,13.94,14.11,118912,0
2010-05-11,13.49,13.66,13.31,13.34,102707,0
2010-05-12,13.64,14.14,13.6,13.74,67651,0
2010-05-13,13.97,14.56,13.88,14.29,57283,0
2010-05-14,13.87,13.87,13.05,13.15,95799,0
2010-05-17,12.74,12.75,11.13,11.61,240839,0
2010-05-18,12.26,12.6,11.87,11.88,138355,0
2010-05-19,11.53,11.76,11.25,11.66,56129,0
2010-05-20,11.29,11.95,10.88,11.6,201215,0
2010-05-21,11.66,12.46,11.66,12.3,56031,0
2010-05-24,12.39,12.78,12.2,12.5,80086,0
2010-05-25,11.76,12.18,11.47,12.15,116415,0
2010-05-26,12.3,12.36,11.82,11.82,61367,0
2010-05-27,12.29,12.84,12.2,12.77,60233,0
2010-05-28,12.76,12.79,12.12,12.28,39749,0
2010-06-01,11.96,12.12,11.62,11.71,43190,0
2010-06-02,11.39,11.7,11.2,11.7,77482,0
2010-06-03,11.38,11.4,10.7,11,47330,0
2010-06-04,10.39,10.39,9.73,9.87,72510,0
2010-06-07,9.7,9.71,9.36,9.55,56867,0
2010-06-08,9.7,10.51,9.7,10.51,98187,0
2010-06-09,10.86,10.98,10.39,10.39,75502,0
2010-06-10,10.54,10.98,10.54,10.8,106044,0
2010-06-11,10.58,10.94,10.58,10.9,29822,0
2010-06-14,11.39,11.55,11.25,11.25,89182,0
2010-06-15,11.45,11.88,11.38,11.88,67043,0
2010-06-16,11.44,11.6,11.27,11.49,42722,0
2010-06-17,11.27,11.27,10.75,10.87,90330,0
2010-06-18,10.8,10.91,10.6,10.66,85416,0
2010-06-21,11.61,11.61,10.82,10.9,76880,0
2010-06-22,11,11.37,10.97,11.02,29960,0
2010-06-23,11.17,11.25,10.89,11.09,40696,0
2010-06-24,11.34,11.68,11.34,11.56,65600,0
2010-06-25,11.56,12.05,11.45,11.96,15852,0
2010-06-28,12,12.18,11.85,11.92,14312,0
2010-06-29,11.37,11.37,10.71,10.76,88541,0
2010-06-30,10.38,11.09,10.38,10.77,19939,0
2010-07-01,10.84,10.84,10.41,10.74,53185,0
2010-07-02,10.81,11.07,10.8,11.07,14150,0
2010-07-06,11.39,11.54,11.23,11.38,19974,0
2010-07-07,11.38,11.63,11.35,11.59,10499,0
2010-07-08,11.75,11.75,11.41,11.65,16839,0
2010-07-09,11.69,11.82,11.66,11.75,21497,0
2010-07-12,11.64,11.64,11.39,11.39,16414,0
2010-07-13,11.38,11.61,11.38,11.5,20084,0
2010-07-14,11.52,11.54,11.23,11.31,12350,0
2010-07-15,11.56,11.56,11.33,11.53,9880,0
2010-07-16,11.21,11.21,10.91,10.94,26092,0
2010-07-19,11.09,11.17,10.98,11.1,12890,0
2010-07-20,11.16,11.54,11.16,11.52,21498,0
2010-07-21,11.99,12.08,11.7,11.72,75307,0
2010-07-22,12.25,12.55,12.22,12.3,55976,0
2010-07-23,12.33,12.4,12.19,12.29,46749,0
2010-07-26,12.4,12.69,12.4,12.69,51864,0
2010-07-27,12.61,12.61,12.27,12.37,32690,0
2010-07-28,12.62,12.88,12.62,12.68,28321,0
2010-07-29,13.03,13.2,12.98,13.02,35802,0
2010-07-30,13.08,13.48,13.08,13.43,38301,0
2010-08-02,13.97,14.49,13.8,14.34,99336,0
2010-08-03,14.21,14.27,13.86,13.99,52767,0
2010-08-04,14.24,14.62,14.24,14.31,35290,0
2010-08-05,14.3,14.3,13.92,13.98,23118,0
2010-08-06,14.01,14.32,13.93,14.27,32770,0
2010-08-09,14.47,14.47,14.15,14.26,30265,0
2010-08-10,13.72,14.24,13.5,13.88,39538,0
2010-08-11,13.53,13.53,13.19,13.25,28720,0
2010-08-12,13.38,13.67,13,13.41,21100,0
2010-08-13,13.41,13.56,13.08,13.21,9741,0
2010-08-16,13.4,13.52,13.33,13.35,24923,0
2010-08-17,13.95,14.09,13.8,13.83,27861,0
2010-08-18,13.6,13.84,13.48,13.82,19847,0
2010-08-19,13.5,13.5,13.25,13.45,19020,0
2010-08-20,13.04,13.05,12.9,13.02,25080,0
2010-08-23,12.99,13.11,12.86,12.9,8533,0
2010-08-24,12.49,12.58,12.42,12.46,43484,0
2010-08-25,12.12,12.5,12.06,12.39,30027,0
2010-08-26,12.91,12.99,12.77,12.87,34512,0
2010-08-27,12.93,13.5,12.87,13.48,32838,0
2010-08-30,13.6,13.66,13.47,13.6,25144,0
2010-08-31,13.57,13.61,13.12,13.25,38977,0
2010-09-01,13.64,14.18,13.64,14.09,85344,0
2010-09-02,14.25,14.49,14.22,14.31,28789,0
2010-09-03,14.55,14.69,14.25,14.39,87075,0
2010-09-07,14.5,14.5,14.17,14.4,28628,0
2010-09-08,14.52,14.82,14.52,14.66,33745,0
2010-09-09,14.36,14.36,13.9,13.9,53746,0
2010-09-10,13.82,14.04,13.71,13.73,15816,0
2010-09-13,14.31,14.43,14.1,14.25,39931,0
2010-09-14,14.16,14.5,14.15,14.2,19902,0
2010-09-15,14.08,14.21,13.95,14.18,7895,0
2010-09-16,14.44,14.44,14.31,14.33,5420,0
2010-09-17,14.64,14.82,14.47,14.48,28893,0
2010-09-20,14.79,14.85,14.56,14.68,18168,0
2010-09-21,14.65,14.65,14.31,14.31,24113,0
2010-09-22,14.66,15.12,14.66,15.12,65918,0
2010-09-23,15.38,15.6,15.25,15.37,94314,0
2010-09-24,15.82,15.98,15.65,15.78,116336,0
2010-09-27,15.59,15.59,15.28,15.28,40336,0
2010-09-28,15.29,15.67,15.29,15.67,28259,0
2010-09-29,15.65,15.9,15.65,15.79,54173,0
2010-09-30,15.77,15.85,15.6,15.72,12594,0
2010-10-01,16.12,16.25,15.95,16.06,41871,0
2010-10-04,16.12,16.12,15.82,15.92,45011,0
2010-10-05,16.43,16.6,16.43,16.6,31136,0
2010-10-06,16.72,16.78,16.57,16.6,26344,0
2010-10-07,16.45,16.45,15.75,15.8,91172,0
2010-10-08,16.59,16.85,16.59,16.76,30003,0
2010-10-11,16.82,16.94,16.74,16.81,31637,0
2010-10-12,16.91,17.2,16.7,17.04,74890,0
2010-10-13,17.14,17.35,17.06,17.21,37964,0
2010-10-14,17.31,17.51,16.81,16.98,80756,0
2010-10-15,17.32,17.32,16.83,17.04,22180,0
2010-10-18,17.14,17.58,16.98,17.54,48650,0
2010-10-19,16.49,16.81,16.19,16.34,109626,0
2010-10-20,16.47,17.17,16.47,17.06,55660,0
2010-10-21,17.48,17.63,16.95,17.03,73844,0
2010-10-22,17.34,17.55,17.34,17.55,22966,0
2010-10-25,18.12,18.12,17.78,17.81,48149,0
2010-10-26,17.81,18.24,17.79,18.23,40689,0
2010-10-27,17.57,18.11,17,17.19,90226,0
2010-10-28,17.37,17.38,17.08,17.2,16001,0
2010-10-29,16.79,16.92,16.66,16.92,34498,0
2010-11-01,17.39,17.53,17.07,17.13,34424,0
2010-11-02,17.46,17.7,17.41,17.64,48893,0
2010-11-03,17.55,17.99,17.01,17.55,80870,0
2010-11-04,18.2,18.45,18,18.41,60409,0
2010-11-05,18.61,18.71,18.26,18.54,44290,0
2010-11-08,18.7,18.7,18.03,18.25,85974,0
2010-11-09,18.88,19.16,18.52,18.67,103575,0
2010-11-10,18.67,18.7,18.12,18.58,25029,0
2010-11-11,18.94,19,18.74,18.89,26893,0
2010-11-12,18.29,18.29,17.07,17.15,94785,0
2010-11-15,17.16,17.21,15.98,17.04,76874,0
2010-11-16,16.15,16.19,14.71,15,123126,0
2010-11-17,14.93,15.47,14.8,14.95,67996,0
2010-11-18,15.43,16.06,15.43,16,87853,0
2010-11-19,15.65,15.85,15.47,15.61,83815,0
2010-11-22,15.37,15.55,15.16,15.53,41342,0
2010-11-23,14.99,15.08,14.76,14.86,74468,0
2010-11-24,15.04,15.27,15,15.2,63835,0
2010-11-26,15.04,15.11,15.01,15.11,9238,0
2010-11-29,15.22,15.22,14.6,15.09,50999,0
2010-11-30,15.17,15.48,15.16,15.19,14798,0
2010-12-01,15.89,16.3,15.87,16.23,98956,0
2010-12-02,16.28,16.74,16.28,16.61,76961,0
2010-12-03,16.36,16.53,16.28,16.53,54458,0
2010-12-06,16.4,16.53,16.32,16.41,39872,0
2010-12-07,17.31,17.39,16.51,16.51,64984,0
2010-12-08,16.87,17.41,16.73,17.27,28387,0
2010-12-09,17.17,17.24,16.7,16.82,46119,0
2010-12-10,16.96,17.13,16.8,16.88,15675,0
2010-12-13,17.32,17.59,17.32,17.56,31109,0
2010-12-14,17.54,17.71,17.37,17.5,33236,0
2010-12-15,16.93,17.25,16.54,16.66,60280,0
2010-12-16,16.61,16.69,16.43,16.65,33335,0
2010-12-17,17.1,17.24,16.93,17.24,49136,0
2010-12-20,17.32,17.55,17.21,17.49,31587,0
2010-12-21,17.87,18.18,17.76,18.17,29859,0
2010-12-22,18.19,18.32,18.15,18.32,25605,0
2010-12-23,17.88,17.98,17.78,17.89,12492,0
2010-12-27,17.87,18.21,17.87,18.16,26900,0
2010-12-28,18.19,18.6,18.19,18.51,23184,0
2010-12-29,18.58,18.65,18.47,18.64,26828,0
2010-12-30,18.57,18.87,18.57,18.78,32887,0
2010-12-31,19.11,19.35,19.1,19.27,19794,0
2011-01-03,19.63,19.75,19.12,19.31,100577,0
2011-01-04,19.75,19.75,18.91,19.16,46888,0
2011-01-05,18.85,19.26,18.5,19.26,57901,0
2011-01-06,19.39,19.39,18.87,19.06,22366,0
2011-01-07,18.83,19.19,18.78,18.81,27107,0
2011-01-10,18.57,18.58,18.3,18.55,34317,0
2011-01-11,18.83,18.94,18.5,18.94,28074,0
2011-01-12,19.22,19.52,19.19,19.52,28668,0
2011-01-13,19.37,19.37,18.85,18.93,30714,0
2011-01-14,19,19.44,19,19.37,18993,0
2011-01-18,19.21,19.56,19,19.1,54087,0
2011-01-19,19.12,19.12,18.29,18.43,66751,0
2011-01-20,18.03,18.03,17.48,17.68,217050,0
2011-01-21,17.9,18.21,17.9,18,26675,0
2011-01-24,17.85,18.08,17.74,17.88,16300,0
2011-01-25,17.34,17.35,16.92,17.19,59573,0
2011-01-26,17.1,17.74,17.09,17.74,29905,0
2011-01-27,17.86,17.99,17.68,17.82,36964,0
2011-01-28,18.26,18.71,18.26,18.49,52562,0
2011-01-31,18.83,19.41,18.83,19.35,52449,0
2011-02-01,19.7,20.19,19.64,20.12,33398,0
2011-02-02,20.12,20.17,19.91,20.03,29020,0
2011-02-03,19.93,20.13,19.81,20.07,34523,0
2011-02-04,20.35,20.55,20.16,20.25,33666,0
2011-02-07,20.5,20.66,20.05,20.08,36938,0
2011-02-08,20.15,20.74,20.06,20.71,100306,0
2011-02-09,20.37,20.37,19.74,19.96,54291,0
2011-02-10,19.64,20.02,19.57,19.98,13975,0
2011-02-11,19.35,20.06,19.3,19.94,30083,0
2011-02-14,20.17,20.52,20.16,20.42,7649,0
2011-02-15,20.55,20.55,19.68,19.74,12410,0
2011-02-16,20.09,20.33,19.78,20.01,15146,0
2011-02-18,20.22,20.65,20.22,20.51,26800,0
2011-02-22,19.72,19.94,19.15,19.19,40834,0
2011-02-23,18.81,19.63,18.12,19.59,47498,0
2011-02-24,19.43,19.72,19.24,19.66,15733,0
2011-02-25,19.89,20.28,19.87,20.23,44890,0
2011-02-28,20.22,20.64,20.22,20.63,15306,0
2011-03-01,20.62,20.74,20.27,20.48,36539,0
2011-03-02,20.41,20.52,19.96,20.47,6290,0
2011-03-03,20.88,20.95,20.56,20.62,5071,0
2011-03-04,20.84,20.84,20.23,20.41,10982,0
2011-03-07,20.13,20.26,19.16,19.58,48013,0
2011-03-08,19.24,19.66,19.05,19.47,9419,0
2011-03-09,19.28,19.35,17.99,18.41,62425,0
2011-03-10,18.11,18.64,18.04,18.39,44677,0
2011-03-11,17.92,18.47,17.87,18.47,50528,0
2011-03-14,18.28,18.65,18.19,18.65,12325,0
2011-03-15,17.56,18.13,17.5,18.1,25835,0
2011-03-16,18.33,18.45,17.56,17.87,26854,0
2011-03-17,18.56,19.13,18.56,18.95,33518,0
2011-03-18,18.98,19.11,18.8,19.09,16359,0
2011-03-21,18.69,18.8,18.5,18.69,23330,0
2011-03-22,18.64,19.05,18.64,19.04,33000,0
2011-03-23,19.8,20.14,19.76,20.09,48354,0
2011-03-24,19.96,20.27,19.8,20.1,25633,0
2011-03-25,19.99,20.16,19.82,19.85,30925,0
2011-03-28,19.44,19.5,19.23,19.25,27417,0
2011-03-29,19.34,19.79,19.34,19.61,8666,0
2011-03-30,19.48,19.87,18.91,19.11,22694,0
2011-03-31,19.28,19.73,18.9,19.34,10883,0
2011-04-01,19.08,19.41,18.75,19.28,29770,0
2011-04-04,19.39,19.62,19.26,19.55,23082,0
2011-04-05,19.43,19.61,19.18,19.21,11028,0
2011-04-06,20.06,20.25,19.65,20.13,33069,0
2011-04-07,20.39,20.65,20.19,20.45,73083,0
2011-04-08,21.01,21.26,20.83,21.2,32223,0
2011-04-11,21.03,21.18,20.62,20.75,34388,0
2011-04-12,20.43,20.49,20.02,20.2,29390,0
2011-04-13,20.16,20.66,19.6,19.6,19253,0
2011-04-14,19.54,19.84,19.43,19.66,8703,0
2011-04-15,19.56,19.84,19.44,19.6,21922,0
2011-04-18,19.41,19.74,18.83,19.23,22740,0
2011-04-19,19.65,19.65,19.23,19.43,4799,0
2011-04-20,19.8,20.04,19.8,19.92,27768,0
2011-04-21,20.09,20.31,20.05,20.16,33630,0
2011-04-25,18.86,21.68,18.86,19.59,35412,0
2011-04-26,19.33,19.59,19.33,19.53,12585,0
2011-04-27,19.1,19.27,18.97,19.2,50017,0
2011-04-28,19.51,19.51,19.11,19.29,11102,0
2011-04-29,19.06,19.06,18.5,18.78,34141,0
2011-05-02,18.65,18.8,18.57,18.61,50616,0
2011-05-03,19.5,19.5,19,19.19,12290,0
2011-05-04,18.94,18.94,18.33,18.44,44193,0
2011-05-05,17.49,17.93,16.92,17.12,71845,0
2011-05-06,17.16,17.57,17.08,17.15,27616,0
2011-05-09,17.43,17.73,17.21,17.73,16501,0
2011-05-10,17.75,17.92,17.43,17.72,30410,0
2011-05-11,17.35,17.35,16.73,16.77,26860,0
2011-05-12,16.89,17.35,16.76,17.22,24135,0
2011-05-13,17.25,17.36,16.84,17.13,17031,0
2011-05-16,16.77,16.87,16.6,16.8,23884,0
2011-05-17,16.5,16.81,16.29,16.8,27463,0
2011-05-18,17,17.49,17,17.33,17823,0
2011-05-19,17.21,17.26,16.69,16.76,4250,0
2011-05-20,16.98,17.2,16.94,16.98,5381,0
2011-05-23,16.34,16.41,16.22,16.26,23685,0
2011-05-24,16.93,17.11,16.78,16.86,14917,0
2011-05-25,17.39,17.69,17.39,17.55,20112,0
2011-05-26,17.76,17.84,17.48,17.81,12209,0
2011-05-27,18.33,18.4,18.12,18.36,27802,0
2011-05-31,18.7,19.12,18.45,18.55,47288,0
2011-06-01,18.28,18.34,17.78,17.88,32281,0
2011-06-02,18.04,18.14,17.5,17.91,24311,0
2011-06-03,17.75,18.23,17.75,18.23,8577,0
2011-06-06,18.5,18.58,18.18,18.19,16276,0
2011-06-07,18.47,18.66,18.46,18.57,7825,0
2011-06-08,18.3,18.44,18.17,18.43,9000,0
2011-06-09,18.15,18.42,18.15,18.35,12300,0
2011-06-10,17.95,17.97,17.67,17.74,19553,0
2011-06-13,17.48,17.51,17.4,17.45,22833,0
2011-06-14,17.93,18.35,17.93,18.31,25209,0
2011-06-15,17.97,18.04,17.59,17.66,15644,0
2011-06-16,17.31,17.56,17.21,17.56,8369,0
2011-06-17,17.56,17.56,17.18,17.24,13255,0
2011-06-20,16.92,17.08,16.81,17,58624,0
2011-06-21,17.47,17.5,17.17,17.36,6950,0
2011-06-22,17.41,17.52,17.41,17.48,1840,0
2011-06-23,17.11,17.33,16.99,17.33,20785,0
2011-06-24,17.34,17.34,17.18,17.33,5283,0
2011-06-27,17.16,17.41,17.16,17.41,8390,0
2011-06-28,17.46,17.55,17.46,17.51,7150,0
2011-06-29,17.86,18.17,17.75,18.09,16146,0
2011-06-30,18.3,18.5,18.3,18.4,8401,0
2011-07-01,18,18.56,18,18.45,16628,0
2011-07-05,18.7,19.1,18.7,19,59835,0
2011-07-06,18.76,18.99,18.76,18.83,14800,0
2011-07-07,19.17,19.5,19.17,19.43,19929,0
2011-07-08,18.87,18.93,18.63,18.85,7075,0
2011-07-11,18.42,18.55,18.15,18.22,6500,0
2011-07-12,18.43,18.63,18.29,18.6,11119,0
2011-07-13,18.65,18.92,18.64,18.85,1850,0
2011-07-14,18.61,18.77,18.55,18.73,6225,0
2011-07-15,18.71,18.78,18.62,18.78,3000,0
2011-07-18,18.74,19.07,18.73,19.07,38200,0
2011-07-19,19.66,19.83,19.63,19.76,56128,0
2011-07-20,19.43,19.52,19.41,19.42,15519,0
2011-07-21,19.26,19.39,19.22,19.31,14923,0
2011-07-22,19.59,19.73,19.53,19.73,2000,0
2011-07-25,19.67,19.82,19.67,19.76,8566,0
2011-07-26,20.22,20.46,20.2,20.4,52148,0
2011-07-27,20.4,20.4,20.17,20.21,7160,0
2011-07-28,20.27,20.37,20.21,20.37,6995,0
2011-07-29,19.91,20.24,19.91,20.24,3283,0
2011-08-01,20.18,20.21,19.53,19.66,22358,0
2011-08-02,19.34,19.52,19.27,19.3,10076,0
2011-08-03,18.76,18.92,18.56,18.69,10597,0
2011-08-04,18.35,18.35,17.76,17.83,43474,0
2011-08-05,17.55,17.66,16.43,16.71,63932,0
2011-08-08,16.36,16.46,15.15,15.21,33775,0
2011-08-09,15.79,16.16,14.89,16.16,21075,0
2011-08-10,15.97,16.14,15.14,15.14,27787,0
2011-08-11,15.96,16.64,15.7,16.44,45731,0
2011-08-12,16.4,16.4,15.85,15.97,9576,0
2011-08-15,15.97,16.05,15.84,16.05,6135,0
2011-08-16,15.86,15.99,15.62,15.82,2187,0
2011-08-17,16.4,16.44,16.24,16.26,6282,0
2011-08-18,15.94,15.95,15.29,15.32,4604,0
2011-08-19,15.74,15.92,15.73,15.75,9743,0
2011-08-22,15.48,15.48,15.26,15.26,3420,0
2011-08-23,15.76,16.04,15.72,16.04,24253,0
2011-08-24,15.87,15.94,15.71,15.71,4290,0
2011-08-25,16.26,16.35,16.12,16.35,16599,0
2011-08-26,16.24,16.52,16.17,16.47,4228,0
2011-08-29,16.61,16.61,16.25,16.38,52013,0
2011-08-30,16.89,17.1,16.81,17.06,26754,0
2011-08-31,17.37,17.49,17.36,17.47,17136,0
2011-09-01,17,17.03,16.85,16.87,10685,0
2011-09-02,16.38,16.68,16.38,16.58,4109,0
2011-09-06,16,16.24,15.95,16.24,7223,0
2011-09-07,16.53,16.72,16.53,16.65,17902,0
2011-09-08,16.55,16.86,16.42,16.72,8375,0
2011-09-09,16.07,16.07,15.8,15.84,7845,0
2011-09-12,15.75,15.99,15.75,15.99,1379,0
2011-09-13,15.94,16.09,15.78,15.78,2167,0
2011-09-14,15.62,15.62,15.26,15.43,9847,0
2011-09-15,15.69,15.69,15.68,15.68,700,0
2011-09-16,15.85,15.91,15.56,15.57,7000,0
2011-09-19,14.73,14.89,14.63,14.77,7500,0
2011-09-20,14.68,14.8,14.19,14.2,16642,0
2011-09-21,14.24,14.43,13.98,14.07,22300,0
2011-09-22,13.02,13.21,12.48,12.57,40017,0
2011-09-23,12.44,12.48,11.54,11.83,15050,0
2011-09-26,11.54,12.14,11.29,11.82,41523,0
2011-09-27,12.5,12.9,12.47,12.48,13276,0
2011-09-28,12.14,12.14,11.2,11.26,8897,0
2011-09-29,11.79,11.93,11.51,11.89,10000,0
2011-09-30,11.46,11.46,10.59,10.79,66286,0
2011-10-03,10.66,11.19,10.45,10.96,8300,0
2011-10-04,10.83,11.12,10.57,11.12,11720,0
2011-10-05,10.57,11.08,10.45,11.08,14564,0
2011-10-06,11.2,11.55,11.2,11.54,16598,0
2011-10-07,11.5,11.77,11.46,11.51,5699,0
2011-10-10,11.75,12.05,11.71,11.93,7639,0
2011-10-11,11.33,11.89,11.31,11.65,20721,0
2011-10-12,12.06,12.29,11.94,11.96,21117,0
2011-10-13,11.73,11.78,11.42,11.68,17579,0
2011-10-14,12,12,11.71,11.96,1180,0
2011-10-17,11.76,11.77,11.33,11.5,7938,0
2011-10-18,11.37,11.71,11.16,11.62,3250,0
2011-10-19,11.3,11.41,10.78,10.85,19005,0
2011-10-20,10.5,10.54,9.87,10.14,31200,0
2011-10-21,10.68,10.98,10.68,10.9,14920,0
2011-10-24,11.87,12.29,11.42,11.8,16981,0
2011-10-25,11.78,11.78,11.55,11.6,20737,0
2011-10-26,12.13,12.24,11.64,11.95,15773,0
2011-10-27,12.63,12.92,12.52,12.77,34438,0
2011-10-28,12.55,12.88,12.55,12.88,15186,0
2011-10-31,12.27,12.7,12.26,12.7,5151,0
2011-11-01,11.49,11.87,11.41,11.75,10681,0
2011-11-02,12.01,12.04,11.79,11.97,1902,0
2011-11-03,11.78,12.24,11.78,12,3202,0
2011-11-04,12.13,12.13,11.95,12.09,1000,0
2011-11-07,11.85,12.03,11.72,12.03,2980,0
2011-11-08,11.86,12.15,11.86,12.05,3012,0
2011-11-09,11.55,11.68,11.33,11.51,6000,0
2011-11-10,11.27,11.37,11.06,11.2,9736,0
2011-11-11,11.65,11.78,11.65,11.78,1750,0
2011-11-14,11.78,11.84,11.72,11.84,1580,0
2011-11-15,11.6,11.7,11.49,11.66,2174,0
2011-11-16,11.39,11.89,11.39,11.65,5400,0
2011-11-17,11.27,11.27,11,11,3423,0
2011-11-18,11.34,11.46,11.34,11.38,5250,0
2011-11-21,11.19,11.31,10.8,10.95,11491,0
2011-11-22,11.19,11.26,10.7,11.04,3850,0
2011-11-23,10.51,10.63,10.5,10.51,5277,0
2011-11-28,11.03,11.05,10.92,10.92,5767,0
2011-11-29,10.8,10.92,10.8,10.92,1950,0
2011-11-30,11.5,12.5,11.5,12.38,51575,0
2011-12-01,12.07,12.28,12.04,12.13,4165,0
2011-12-02,12.35,12.36,12.14,12.32,3775,0
2011-12-05,12.25,12.35,11.82,11.86,3582,0
2011-12-06,11.93,12.1,11.91,12.02,6002,0
2011-12-07,11.94,11.96,11.83,11.92,4500,0
2011-12-08,11.77,11.77,11.41,11.41,8170,0
2011-12-09,11.81,11.81,11.76,11.77,2750,0
2011-12-13,11.19,11.25,10.65,10.65,10629,0
2011-12-14,10.36,10.43,10.01,10.25,29597,0
2011-12-15,10.37,10.37,10.08,10.08,1385,0
2011-12-16,10.52,10.58,10.44,10.56,4300,0
2011-12-19,10.24,10.36,10.1,10.1,5208,0
2011-12-20,10.44,10.7,10.43,10.5,7168,0
2011-12-21,10.5,10.72,10.5,10.54,2290,0
2011-12-22,10.6,10.77,10.6,10.64,6560,0
2011-12-23,10.88,10.89,10.76,10.76,2400,0
2011-12-27,10.64,10.92,10.57,10.71,3110,0
2011-12-28,10.5,10.5,10.12,10.24,13140,0
2011-12-29,10.29,10.29,10.26,10.29,4896,0
2011-12-30,10.5,10.6,10.46,10.47,14834,0
2012-01-03,11.01,11.19,11.01,11.19,2800,0
2012-01-04,11,11,10.88,10.97,12590,0
2012-01-05,10.69,10.79,10.56,10.58,2791,0
2012-01-06,10.68,11.03,10.56,10.88,7554,0
2012-01-09,10.97,11.05,10.97,11.05,4600,0
2012-01-10,11.5,11.57,11.47,11.53,21108,0
2012-01-11,11.54,11.81,11.54,11.81,3500,0
2012-01-12,12,12.27,11.91,12,19247,0
2012-01-13,11.76,11.96,11.57,11.96,4675,0
2012-01-17,12.45,12.59,12.34,12.34,8004,0
2012-01-18,12.57,12.6,12.41,12.5,12115,0
2012-01-19,12.74,12.87,12.74,12.87,3200,0
2012-01-20,12.6,12.66,12.53,12.64,5770,0
2012-01-23,12.9,13.04,12.83,13.03,6780,0
2012-01-24,12.93,13.37,12.87,13.25,8209,0
2012-01-25,13.25,13.63,13.2,13.63,18941,0
2012-01-26,13.8,13.86,13.68,13.85,22210,0
2012-01-27,13.41,13.64,13.41,13.6,15668,0
2012-01-30,13.19,13.35,13.19,13.33,12085,0
2012-01-31,13.55,13.55,12.91,13.08,5135,0
2012-02-01,13.15,13.45,13.09,13.37,6570,0
2012-02-02,13.11,13.14,12.78,12.81,6050,0
2012-02-03,13.29,13.64,13.29,13.5,15107,0
2012-02-06,13.29,13.4,13.27,13.34,7200,0
2012-02-07,13,13.47,13,13.41,2930,0
2012-02-08,13.74,13.77,13.48,13.51,10082,0
2012-02-09,13.87,13.96,13.77,13.83,7333,0
2012-02-10,13.31,13.32,13.14,13.14,20330,0
2012-02-13,13,13.02,12.88,12.9,3941,0
2012-02-14,12.71,12.76,12.71,12.76,2080,0
2012-02-15,13,13,12.48,12.6,40935,0
2012-02-16,12.19,12.58,12.18,12.58,6455,0
2012-02-17,12.27,12.27,11.99,12.13,26992,0
2012-02-21,12.73,13.09,12.73,12.96,9985,0
2012-02-22,12.9,13.29,12.9,13.22,35750,0
2012-02-23,13.15,13.16,13.07,13.12,3400,0
2012-02-24,13.51,13.54,13.33,13.4,4400,0
2012-02-27,13.27,13.61,13.23,13.38,4225,0
2012-02-28,13.69,13.82,13.61,13.77,12108,0
2012-02-29,13.98,14.1,13.29,13.41,35125,0
2012-03-01,13.63,13.89,13.63,13.74,4264,0
2012-03-02,13.72,13.74,13.58,13.66,5400,0
2012-03-05,13.25,13.32,13.1,13.27,27846,0
2012-03-06,12.5,12.62,12.38,12.42,25550,0
2012-03-07,12.16,12.53,12.16,12.5,2520,0
2012-03-08,12.67,12.67,12.55,12.65,7995,0
2012-03-09,13,13.14,12.98,13,14200,0
2012-03-12,12.25,13.01,12.25,12.95,3354,0
2012-03-13,13.3,13.4,13.06,13.26,10750,0
2012-03-14,13.07,13.14,12.84,12.84,21296,0
2012-03-15,13.09,13.28,13.05,13.13,1490,0
2012-03-16,13.31,13.33,12.96,13.26,2689,0
2012-03-19,13.17,13.33,13.17,13.18,4360,0
2012-03-20,12.76,12.88,12.67,12.8,14600,0
2012-03-21,12.6,12.65,12.53,12.6,2300,0
2012-03-22,12.19,12.22,12,12.21,5133,0
2012-03-23,12.38,12.43,12.34,12.34,600,0
2012-03-26,12.4,12.72,12.4,12.57,2970,0
2012-03-27,12.62,12.66,12.38,12.55,9700,0
2012-03-28,12.29,12.29,12.27,12.27,700,0
2012-03-29,12.1,12.2,11.94,12.08,5230,0
2012-03-30,12.12,12.12,12.12,12.12,500,0
2012-04-02,12.3,12.34,12.07,12.34,1400,0
2012-04-03,12.32,12.32,12.14,12.14,1800,0
2012-04-05,11.37,11.89,11.37,11.88,3800,0
2012-04-09,11.7,11.7,11.6,11.6,3405,0
2012-04-10,11.71,11.71,11.44,11.45,1502,0
2012-04-11,11.6,11.6,11.58,11.58,872,0
2012-04-12,12.02,12.04,11.95,12.04,2920,0
2012-04-13,11.73,11.73,11.36,11.4,4840,0
2012-04-16,11.53,11.53,11.35,11.49,22124,0
2012-04-17,11.48,11.61,11.48,11.61,422,0
2012-04-18,11.35,11.39,11.35,11.39,1520,0
2012-04-19,11.59,11.59,11.59,11.59,200,0
2012-04-20,11.03,11.84,11.03,11.76,3100,0
2012-04-23,11.41,11.41,11.36,11.41,1000,0
2012-04-24,11.58,11.58,11.58,11.58,500,0
2012-04-26,12.01,12.01,11.92,11.92,200,0
2012-04-27,12,12.17,12,12.17,3850,0
2012-05-01,12.23,12.3,12.17,12.17,1338,0
2012-05-03,11.07,11.64,11.07,11.59,1900,0
2012-05-07,11.35,11.5,11.34,11.47,3375,0
2012-05-08,11.26,11.26,11.26,11.26,100,0
2012-05-09,11.03,11.15,10.9,11.13,10400,0
2012-05-11,11.15,11.15,11.1,11.1,460,0
2012-05-14,10.73,10.75,10.64,10.65,2778,0
2012-05-15,10.64,10.72,10.52,10.52,2728,0
2012-05-16,10.4,10.48,10.4,10.48,690,0
2012-05-17,10.49,10.49,10.49,10.49,200,0
2012-05-18,10.64,10.76,10.54,10.54,1700,0
2012-05-21,10.61,10.63,10.61,10.61,350,0
2012-05-22,10.68,10.68,10.61,10.61,1188,0
2012-05-23,10.34,10.34,10.09,10.09,4557,0
2012-05-24,10.16,10.16,10.16,10.16,500,0
2012-05-25,10.38,10.38,10.3,10.3,200,0
2012-05-29,10.37,10.42,10.37,10.42,2252,0
2012-05-31,10.28,10.28,10,10,2660,0
2012-06-01,10,10,10,10,4000,0
2012-06-06,9.87,10.18,9.87,10.05,4279,0
2012-06-07,10.2,10.25,10.16,10.16,660,0
2012-06-08,9.74,9.96,9.74,9.78,10506,0
2012-06-12,9.72,9.72,9.72,9.72,100,0
2012-06-13,9.79,9.9,9.79,9.9,700,0
2012-06-14,9.77,9.87,9.76,9.87,7976,0
2012-06-15,9.85,10.05,9.85,10.05,600,0
2012-06-18,9.9,9.9,9.85,9.85,400,0
2012-06-19,9.97,10.12,9.89,10.12,9700,0
2012-06-20,9.88,9.88,9.68,9.68,10433,0
2012-06-21,9.38,9.4,9.18,9.19,7855,0
2012-06-22,9.25,9.25,9.25,9.25,1700,0
2012-06-25,9.12,9.12,9.06,9.06,638,0
2012-06-26,9.06,9.06,9.06,9.06,200,0
2012-06-27,9.24,9.24,9.24,9.24,100,0
2012-06-28,9.3,9.3,9,9.21,5607,0
2012-06-29,9.65,10.26,9.61,10.02,16774,0
2012-07-02,9.92,9.93,9.7,9.72,8700,0
2012-07-03,10.35,10.49,10.35,10.41,3420,0
2012-07-05,10,10.15,10,10.02,3515,0
2012-07-06,9.74,9.74,9.41,9.41,567,0
2012-07-09,9.73,9.73,9.64,9.64,875,0
2012-07-10,9.5,9.5,9.39,9.39,4630,0
2012-07-11,9.61,9.67,9.5,9.55,2300,0
2012-07-12,9.49,9.49,9.39,9.39,1100,0
2012-07-16,9.88,9.88,9.88,9.88,100,0
2012-07-17,10.01,10.01,10.01,10.01,800,0
2012-07-18,9.89,9.95,9.89,9.95,5255,0
2012-07-19,10.1,10.3,10.1,10.3,2725,0
2012-07-20,9.95,9.95,9.75,9.75,500,0
2012-07-23,9.3,9.45,9.3,9.45,2500,0
2012-07-24,9.32,9.32,9.25,9.26,2880,0
2012-07-25,9.28,9.28,9.28,9.28,400,0
2012-07-26,9.45,9.5,9.45,9.5,2507,0
2012-07-27,9.54,9.54,9.54,9.54,100,0
2012-07-30,9.69,9.69,9.69,9.69,1200,0
2012-07-31,9.59,9.59,9.59,9.59,500,0
2012-08-02,9.19,9.19,9.05,9.1,9879,0
2012-08-03,9.31,9.48,9.3,9.48,1850,0
2012-08-07,9.77,9.78,9.57,9.57,5250,0
2012-08-08,9.72,9.72,9.5,9.5,1400,0
2012-08-10,9.45,9.49,9.45,9.49,1300,0
2012-08-13,9.13,9.31,9.13,9.28,2650,0
2012-08-14,9,9.26,9,9.26,1480,0
2012-08-15,9.15,9.15,9.1,9.1,1100,0
2012-08-16,9.09,9.1,9.08,9.1,12430,0
2012-08-17,9.31,9.31,9.21,9.21,3200,0
2012-08-20,9.1,9.1,9.1,9.1,991,0
2012-08-21,9.44,9.55,9.42,9.42,1400,0
2012-08-22,9.54,9.54,9.54,9.54,300,0
2012-08-23,9.55,9.72,9.55,9.72,5450,0
2012-08-24,9.6,10,9.6,9.84,16740,0
2012-08-28,9.77,9.77,9.75,9.75,3600,0
2012-08-29,9.67,9.67,9.65,9.66,410,0
2012-08-30,9.75,9.75,9.41,9.5,2150,0
2012-08-31,9.2,9.57,9.2,9.5,14900,0
2012-09-04,9.75,9.75,9.75,9.75,103,0
2012-09-05,9.89,10.13,9.89,10.01,6600,0
2012-09-06,10.29,10.29,10.08,10.13,2700,0
2012-09-07,10.3,10.96,10.3,10.82,33236,0
2012-09-10,11,11.72,11,11.01,15084,0
2012-09-11,11.02,11.32,10.98,10.98,14014,0
2012-09-12,11.04,11.17,11,11.08,6379,0
2012-09-13,11.27,11.99,10.48,11.66,18855,0
2012-09-14,12.1,12.25,12.1,12.21,7450,0
2012-09-17,12.2,12.2,11.74,11.75,6800,0
2012-09-18,11.85,11.95,11.8,11.95,1895,0
2012-09-19,11.93,12.13,11.84,11.9,7430,0
2012-09-20,11.77,11.86,11.62,11.86,5280,0
2012-09-21,11.98,11.98,11.82,11.82,626,0
2012-09-24,11.52,11.52,10.56,11.49,7800,0
2012-09-25,11.74,11.87,10.56,11.87,5869,0
2012-09-26,11.51,11.51,11.35,11.43,6000,0
2012-09-27,11.14,11.53,11.14,11.53,650,0
2012-10-01,11.58,11.82,11.58,11.77,1850,0
2012-10-02,11.75,11.75,11.75,11.75,100,0
2012-10-04,11.66,11.66,11.52,11.52,3400,0
2012-10-05,11.6,11.6,11.6,11.6,300,0
2012-10-08,11.2,11.2,11.14,11.15,2250,0
2012-10-09,11.21,11.21,11.02,11.02,4570,0
2012-10-10,10.73,10.82,10.63,10.63,1391,0
2012-10-11,10.86,10.87,10.73,10.74,7640,0
2012-10-12,10.51,10.58,10.37,10.37,7210,0
2012-10-15,10.31,10.31,10.19,10.25,4170,0
2012-10-16,10.22,10.25,10.19,10.25,10150,0
2012-10-17,10.39,10.52,10.39,10.39,10600,0
2012-10-18,10.51,10.51,10.51,10.51,100,0
2012-10-19,10.32,10.32,10,10.1,1300,0
2012-10-22,10.04,10.04,9.81,9.81,9388,0
2012-10-23,9.56,9.8,9.51,9.8,6880,0
2012-10-24,9.72,9.73,9.69,9.69,46830,0
2012-10-25,9.67,9.71,9.6,9.64,38750,0
2012-10-26,9.71,9.71,9.49,9.49,31328,0
2012-10-31,9.55,9.59,9.5,9.5,1449,0
2012-11-01,9.74,10,9.71,10,5340,0
2012-11-02,9.82,9.82,9.44,9.68,3961,0
2012-11-05,9.46,9.48,9.46,9.48,1900,0
2012-11-06,9.59,9.59,9.59,9.59,300,0
2012-11-07,9.52,9.57,9.5,9.55,3520,0
2012-11-08,9.55,9.66,9.55,9.66,900,0
2012-11-09,9.41,9.51,9.38,9.51,3339,0
2012-11-12,9.71,9.81,9.71,9.81,2350,0
2012-11-13,9.83,9.89,9.82,9.83,1400,0
2012-11-14,9.75,9.75,9.75,9.75,100,0
2012-11-15,9.85,9.9,9.78,9.88,4880,0
2012-11-16,9.68,9.75,9.56,9.74,28200,0
2012-11-19,9.86,10.05,9.86,9.94,14855,0
2012-11-20,9.94,9.94,9.81,9.81,7400,0
2012-11-21,9.75,9.75,9.63,9.67,7497,0
2012-11-23,9.91,10.06,9.87,10.05,6148,0
2012-11-26,10.04,10.19,10.04,10.12,11010,0
2012-11-27,10.22,10.25,10.13,10.23,10200,0
2012-11-28,10.03,10.21,10.02,10.21,3700,0
2012-11-29,10.51,10.61,10.51,10.59,4850,0
2012-11-30,10.84,10.84,10.71,10.82,9050,0
2012-12-03,10.94,10.99,10.68,10.94,16948,0
2012-12-04,10.82,11,10.76,10.8,3423,0
2012-12-05,10.85,10.85,10.54,10.8,6235,0
2012-12-06,10.55,10.55,10.55,10.55,1000,0
2012-12-07,10.5,10.77,10.5,10.67,1975,0
2012-12-10,10.92,11.24,10.92,11.16,11433,0
2012-12-11,11.02,11.09,10.91,11.09,2341,0
2012-12-12,11.13,11.25,10.99,11.13,12410,0
2012-12-13,10.97,10.97,10.73,10.82,10840,0
2012-12-14,10.92,10.92,10.92,10.92,500,0
2012-12-17,10.79,11.02,10.77,10.99,10537,0
2012-12-18,11.2,11.2,10.76,10.76,8950,0
2012-12-19,10.57,10.83,10.57,10.8,8435,0
2012-12-20,10.48,10.5,10.44,10.48,11091,0
2012-12-21,10.67,10.68,10.61,10.66,6117,0
2012-12-24,10.64,10.64,10.64,10.64,200,0
2012-12-26,10.68,10.79,10.68,10.77,6550,0
2012-12-28,10.45,10.66,10.45,10.54,3146,0
2012-12-31,10.69,10.89,10.62,10.82,32811,0
2013-01-02,10.97,11.55,10.97,11.47,14238,0
2013-01-03,11.3,11.4,10.99,10.99,6565,0
2013-01-04,10.98,10.98,10.68,10.76,4657,0
2013-01-07,10.45,10.57,10.4,10.57,1149,0
2013-01-08,10.5,10.6,10.5,10.6,4000,0
2013-01-09,10.86,10.86,10.52,10.63,10545,0
2013-01-10,10.72,10.84,10.68,10.83,20759,0
2013-01-11,10.75,10.75,10.52,10.65,4250,0
2013-01-14,10.44,10.44,10.4,10.4,6050,0
2013-01-15,10.15,10.38,10.15,10.38,1450,0
2013-01-16,10.17,10.17,10.15,10.15,855,0
2013-01-17,10.29,10.4,10.28,10.28,3249,0
2013-01-18,10.39,10.57,10.39,10.54,10125,0
2013-01-22,10.59,10.88,10.52,10.73,6499,0
2013-01-23,10.75,10.85,10.65,10.77,3271,0
2013-01-24,10.41,10.68,10.41,10.64,1600,0
2013-01-25,10.53,10.53,10.48,10.48,983,0
2013-01-28,10.45,10.49,10.45,10.49,1255,0
2013-01-29,10.6,10.7,10.6,10.68,3515,0
2013-01-30,10.77,11.22,10.77,11.21,12340,0
2013-01-31,11.12,11.12,11.09,11.09,1100,0
2013-02-01,11.26,11.29,11.26,11.29,200,0
2013-02-04,11.32,11.38,11.05,11.2,3250,0
2013-02-05,11.4,11.4,11.2,11.25,18615,0
2013-02-06,11.21,11.21,11.03,11.08,1805,0
2013-02-07,10.96,11.1,10.93,11.1,34446,0
2013-02-08,11.34,11.4,11.32,11.4,22684,0
2013-02-11,11.26,11.26,11.07,11.17,1210,0
2013-02-12,11.25,11.46,11.25,11.34,2501,0
2013-02-13,10.97,11.42,10.97,11.31,4202,0
2013-02-14,11.3,11.33,11.3,11.33,1000,0
2013-02-15,11.2,11.39,11.2,11.34,4755,0
2013-02-19,11.11,11.11,10.81,10.89,900,0
2013-02-20,10.8,10.8,10.62,10.62,14760,0
2013-02-21,10.45,10.5,10.29,10.48,46589,0
2013-02-22,10.27,10.27,10.16,10.16,1100,0
2013-02-25,10.19,10.25,10.19,10.19,1800,0
2013-02-26,10.12,10.37,10.12,10.37,7245,0
2013-02-27,10.37,10.37,10.17,10.22,1600,0
2013-03-01,9.96,9.96,9.57,9.72,15389,0
2013-03-04,9.65,9.79,9.63,9.78,7469,0
2013-03-05,9.96,9.96,9.72,9.8,4148,0
2013-03-06,9.66,9.66,9.49,9.66,6625,0
2013-03-07,9.67,9.68,9.67,9.68,225,0
2013-03-08,9.95,9.95,9.53,9.55,10094,0
2013-03-11,9.5,9.6,9.5,9.51,1220,0
2013-03-12,9.67,9.8,9.67,9.8,1735,0
2013-03-13,9.7,9.77,9.65,9.75,54400,0
2013-03-14,9.85,9.85,9.66,9.67,5598,0
2013-03-15,9.65,9.67,9.51,9.55,2830,0
2013-03-18,9.5,9.5,9.19,9.21,8500,0
2013-03-19,9.41,9.41,9.1,9.15,3852,0
2013-03-20,9.55,9.55,9.26,9.31,6575,0
2013-03-21,9.29,9.29,9.21,9.23,2108,0
2013-03-25,9.15,9.31,9.15,9.31,1400,0
2013-03-27,9.1,9.11,9.07,9.11,2760,0
2013-03-28,9.11,9.24,9.03,9.1,7729,0
2013-04-01,9.94,9.94,9.16,9.16,2800,0
2013-04-02,9.06,9.06,8.88,8.89,3948,0
2013-04-03,8.88,8.9,8.88,8.89,440,0
2013-04-04,8.9,9.09,8.89,9.09,5473,0
2013-04-05,8.93,9.01,8.93,9.01,858,0
2013-04-08,9.09,9.09,8.88,9.07,2399,0
2013-04-09,9.06,9.33,9.06,9.33,2600,0
2013-04-10,9.11,9.12,9.02,9.02,3300,0
2013-04-11,8.89,8.94,8.89,8.9,3500,0
2013-04-12,8.86,8.86,8.7,8.8,3354,0
2013-04-15,8.63,8.67,8.4,8.47,12584,0
2013-04-16,8.61,8.89,8.61,8.84,2796,0
2013-04-17,8.58,8.69,8.38,8.38,2620,0
2013-04-18,8.46,8.69,8.46,8.47,5200,0
2013-04-19,8.43,8.52,8.36,8.38,5477,0
2013-04-22,8.48,8.56,8.28,8.54,3520,0
2013-04-23,8.36,8.4,8.36,8.4,500,0
2013-04-24,8.51,8.68,8.45,8.67,5450,0
2013-04-25,8.96,8.96,8.79,8.79,3230,0
2013-04-26,8.63,8.68,8.46,8.46,3640,0
2013-04-29,8.66,8.77,8.49,8.77,2000,0
2013-04-30,8.66,8.66,8.4,8.4,8925,0
2013-05-01,8.16,8.17,7.92,7.98,19070,0
2013-05-02,8.07,8.2,7.93,7.93,1526,0
2013-05-03,8.45,8.7,8.43,8.69,15581,0
2013-05-06,8.73,8.74,8.67,8.67,4200,0
2013-05-07,8.6,8.65,8.48,8.62,7257,0
2013-05-08,8.89,9,8.89,8.93,14890,0
2013-05-09,8.8,8.81,8.66,8.67,1400,0
2013-05-10,8.69,8.69,8.47,8.66,5297,0
2013-05-13,8.64,8.64,8.57,8.6,3740,0
2013-05-14,8.56,8.56,8.4,8.4,2005,0
2013-05-15,8.3,8.3,8.17,8.21,16513,0
2013-05-16,8.36,8.37,8.3,8.3,1000,0
2013-05-17,8.45,8.45,8.42,8.45,2178,0
2013-05-20,8.48,8.63,8.46,8.62,2520,0
2013-05-21,8.62,8.62,8.47,8.53,6100,0
2013-05-22,8.67,8.73,8.67,8.73,3410,0
2013-05-23,8.46,8.51,8.4,8.51,4063,0
2013-05-24,8.41,8.41,8.41,8.41,2500,0
2013-05-28,8.59,8.59,8.47,8.55,2910,0
2013-05-29,8.6,8.61,8.59,8.61,840,0
2013-05-30,8.66,8.83,8.66,8.83,2100,0
2013-05-31,8.8,8.8,8.73,8.73,1397,0
2013-06-03,8.93,8.93,8.87,8.89,2419,0
2013-06-04,9,9.13,9,9.13,5590,0
2013-06-05,9.23,9.29,9.12,9.12,5950,0
2013-06-06,9.02,9.09,8.98,9.09,800,0
2013-06-10,8.68,8.73,8.56,8.65,9000,0
2013-06-11,8.42,8.42,8.33,8.4,4500,0
2013-06-12,8.39,8.42,8.39,8.42,2900,0
2013-06-13,8.34,8.37,8.19,8.35,7163,0
2013-06-14,8.24,8.34,8.24,8.3,2869,0
2013-06-17,8.24,8.26,8.15,8.26,16249,0
2013-06-18,8.2,8.2,8.08,8.15,6800,0
2013-06-19,8.15,8.15,8.08,8.14,6740,0
2013-06-20,8.13,8.13,7.66,7.66,17705,0
2013-06-21,7.86,7.91,7.84,7.87,2502,0
2013-06-24,7.64,7.65,7.51,7.65,10753,0
2013-06-25,7.81,7.89,7.81,7.86,2800,0
2013-06-26,7.74,7.75,7.66,7.66,2736,0
2013-06-27,7.65,7.76,7.62,7.66,1600,0
2013-06-28,7.7,7.84,7.7,7.77,10285,0
2013-07-01,7.81,8.1,7.81,8,6728,0
2013-07-02,8.13,8.16,8.03,8.03,2400,0
2013-07-03,7.97,8.02,7.97,7.98,800,0
2013-07-05,7.58,7.7,7.57,7.69,6729,0
2013-07-08,7.7,7.94,7.7,7.9,2300,0
2013-07-09,7.79,7.79,7.65,7.79,1600,0
2013-07-10,7.86,7.92,7.86,7.86,4004,0
2013-07-11,8.16,8.2,8.1,8.1,3751,0
2013-07-12,8.1,8.1,8.1,8.1,100,0
2013-07-15,7.96,8.11,7.96,7.96,1840,0
2013-07-16,8.07,8.07,8,8.05,2495,0
2013-07-17,8,8,7.85,7.85,4350,0
2013-07-18,7.85,7.85,7.81,7.81,985,0
2013-07-19,7.9,7.91,7.87,7.91,4000,0
2013-07-22,8.12,8.28,8.09,8.13,31560,0
2013-07-23,8.12,8.22,8.12,8.22,1713,0
2013-07-24,8.25,8.25,8.08,8.16,31219,0
2013-07-25,8,8.11,7.98,8.06,9682,0
2013-07-26,7.85,7.85,7.75,7.79,1631,0
2013-07-29,7.79,7.79,7.65,7.75,1780,0
2013-07-30,7.62,7.63,7.54,7.54,3662,0
2013-07-31,7.75,7.84,7.67,7.84,5800,0
2013-08-01,8,8,7.83,7.83,5562,0
2013-08-02,7.89,7.89,7.88,7.88,300,0
2013-08-05,7.9,7.92,7.9,7.92,800,0
2013-08-06,7.77,7.77,7.77,7.77,2000,0
2013-08-07,7.77,7.81,7.77,7.81,900,0
2013-08-08,8.11,8.21,8.11,8.21,1500,0
2013-08-09,8.54,8.58,8.48,8.52,12500,0
2013-08-12,8.63,8.71,8.56,8.56,9255,0
2013-08-13,8.49,8.57,8.49,8.56,2533,0
2013-08-14,8.62,8.74,8.62,8.74,3400,0
2013-08-15,8.68,8.8,8.66,8.73,1450,0
2013-08-16,9.02,9.08,8.89,9.08,16315,0
2013-08-19,8.95,8.97,8.8,8.97,6355,0
2013-08-20,8.73,8.85,8.73,8.79,10000,0
2013-08-21,8.67,9.2,8.6,9.2,8036,0
2013-08-27,8.8,8.8,8.65,8.7,8420,0
2013-08-28,8.67,8.67,8.48,8.5,5515,0
2013-08-29,8.42,8.42,8.3,8.3,700,0
2013-08-30,8.2,8.2,8.14,8.15,3490,0
2013-09-04,7.99,8.15,7.9,8.12,6751,0
2013-09-06,8.12,8.17,8.07,8.07,15900,0
2013-09-09,8.15,8.15,8.03,8.03,1175,0
2013-09-10,8.1,8.1,7.94,7.94,2150,0
2013-09-11,7.95,8.01,7.94,7.99,4800,0
2013-09-12,7.77,7.9,7.77,7.9,5175,0
2013-09-13,7.89,7.89,7.78,7.8,1000,0
2013-09-16,7.93,7.93,7.77,7.77,3370,0
2013-09-17,7.89,7.96,7.89,7.94,1200,0
2013-09-18,7.9,8.02,7.9,7.97,4200,0
2013-09-19,8.22,8.22,8.19,8.21,1691,0
2013-09-20,8.06,8.06,7.92,7.92,2010,0
2013-09-23,8.15,8.15,8.02,8.04,2752,0
2013-09-24,7.96,7.96,7.96,7.96,2400,0
2013-09-25,8,8,8,8,500,0
2013-09-27,8.23,8.23,8.23,8.23,100,0
2013-09-30,8.25,8.3,8.25,8.3,2300,0
2013-10-01,8.06,8.06,7.97,8,700,0
2013-10-02,8.1,8.1,8.1,8.1,350,0
2013-10-03,8.22,8.22,7.97,7.97,2100,0
2013-10-04,8.19,8.2,8.14,8.2,7800,0
2013-10-07,8.19,8.34,8.16,8.34,6137,0
2013-10-08,8.35,8.35,8.29,8.29,1300,0
2013-10-09,8.07,8.07,8.04,8.05,5400,0
2013-10-11,8.18,8.24,8.18,8.24,800,0
2013-10-15,8.18,8.18,8.18,8.18,400,0
2013-10-16,8.25,8.25,8.25,8.25,400,0
2013-10-17,8.2,8.33,8.2,8.23,1710,0
2013-10-18,8.25,8.35,8.18,8.18,2550,0
2013-10-22,8.37,8.44,8.37,8.44,3407,0
2013-10-23,8.18,8.18,8.08,8.1,1300,0
2013-10-25,8.19,8.38,8.1,8.38,5300,0
2013-10-28,8.24,8.34,8.24,8.32,2100,0
2013-10-29,8.35,8.35,8.35,8.35,700,0
2013-10-31,8.2,8.3,8.2,8.3,4200,0
2013-11-01,8.09,8.09,8.09,8.09,345,0
2013-11-04,7.98,7.98,7.9,7.9,4743,0
2013-11-06,7.88,7.88,7.82,7.82,1700,0
2013-11-08,7.79,7.8,7.75,7.8,7525,0
2013-11-11,7.8,7.89,7.8,7.87,6193,0
2013-11-12,8.57,8.57,7.87,7.87,4700,0
2013-11-13,7.73,8.78,7.64,7.7,5071,0
2013-11-14,7.84,8.06,7.76,8.06,4962,0
2013-11-15,8.1,8.1,8.1,8.1,225,0
2013-11-19,7.92,8.16,7.92,7.96,600,0
2013-11-21,8,8,8,8,100,0
2013-11-22,8.4,8.4,8.09,8.09,4400,0
2013-11-25,7.92,7.92,7.81,7.81,4675,0
2013-11-26,7.97,8.28,7.79,7.79,2125,0
2013-11-27,7.99,7.99,7.99,7.99,800,0
2013-11-29,7.7,7.72,7.7,7.7,6244,0
2013-12-02,7.86,7.91,7.7,7.7,1400,0
2013-12-03,7.95,7.95,7.95,7.95,700,0
2013-12-04,7.81,7.81,7.8,7.8,1454,0
2013-12-06,7.8,7.85,7.7,7.7,5323,0
2013-12-09,7.9,7.94,7.88,7.88,20541,0
2013-12-10,8,8.2,7.97,8.03,28681,0
2013-12-11,8.23,8.23,7.96,7.97,74102,0
2013-12-12,7.92,7.97,7.82,7.82,10211,0
2013-12-16,7.83,7.89,7.83,7.89,410,0
2013-12-17,8,8,8,8,700,0
2013-12-18,7.97,7.97,7.97,7.97,200,0
2013-12-19,7.83,7.83,7.82,7.82,3200,0
2013-12-20,8.01,8.01,7.99,7.99,2408,0
2013-12-23,7.87,8.5,7.87,8.02,18410,0
2013-12-26,8.13,8.29,8.13,8.29,1700,0
2013-12-27,8,8,8,8,895,0
2013-12-30,8.2,8.5,8.2,8.49,3650,0
2013-12-31,8.48,8.48,8.13,8.4,8184,0
2014-01-02,8.35,8.5,8.35,8.45,7403,0
2014-01-03,8.45,8.45,8.11,8.3,3336,0
2014-01-06,8.11,8.28,8,8.28,1582,0
2014-01-07,8.33,8.33,8.26,8.26,480,0
2014-01-08,8.3,8.3,8.3,8.3,100,0
2014-01-09,8.05,8.05,7.9,7.9,1557,0
2014-01-10,7.88,7.98,7.88,7.98,520,0
2014-01-17,8.04,8.12,8.04,8.12,2600,0
2014-01-21,8.42,8.42,8.19,8.19,1380,0
2014-01-22,7.9,7.9,7.9,7.9,2892,0
2014-01-23,7.89,7.89,7.88,7.88,400,0
2014-01-24,7.88,8.3,7.88,8.3,6035,0
2014-01-27,8.22,8.24,8.18,8.24,12700,0
2014-01-28,8.19,8.19,8.19,8.19,800,0
2014-01-29,8.19,8.19,8.19,8.19,510,0
2014-01-31,7.89,7.89,7.88,7.88,816,0
2014-02-03,7.86,7.88,7.76,7.76,6363,0
2014-02-04,7.85,7.85,7.76,7.76,1137,0
2014-02-05,7.71,7.76,7.7,7.71,1760,0
2014-02-06,8.18,8.49,7.98,8.05,29210,0
2014-02-07,7.86,8.43,7.86,8.43,3900,0
2014-02-10,8.3,8.3,8.3,8.3,10035,0
2014-02-11,8.32,8.32,8.32,8.32,200,0
2014-02-12,8.3,8.34,8.3,8.34,1795,0
2014-02-13,8.3,8.39,8.3,8.3,1908,0
2014-02-14,8.3,8.3,8.3,8.3,300,0
2014-02-18,8.59,8.75,8.59,8.74,7606,0
2014-02-19,9,9.28,9,9.05,17523,0
2014-02-20,8.76,9.27,8.76,9.25,1710,0
2014-02-24,8.87,8.87,8.8,8.8,522,0
2014-02-26,8.8,8.8,8.8,8.8,864,0
2014-02-27,8.4,8.4,8.4,8.4,864,0
2014-02-28,7.86,8.4,7.86,8.4,1526,0
2014-03-05,8.15,8.19,8.15,8.19,515,0
2014-03-06,8.3,8.3,8.3,8.3,2050,0
2014-03-07,8.08,8.39,7.99,8.39,848,0
2014-03-10,8.5,8.5,7.98,7.99,1706,0
2014-03-11,8.05,8.05,7.98,7.99,2615,0
2014-03-12,7.99,7.99,7.85,7.9,5250,0
2014-03-13,7.85,7.85,7.73,7.73,4295,0
2014-03-14,7.85,7.85,7.84,7.84,400,0
2014-03-18,7.84,7.84,7.84,7.84,6250,0
2014-03-19,7.71,7.71,7.64,7.67,5802,0
2014-03-20,7.82,7.82,7.82,7.82,200,0
2014-03-24,7.79,7.79,7.76,7.76,540,0
2014-03-26,7.67,7.67,7.09,7.25,26500,0
2014-03-27,7.35,7.53,7.25,7.53,7981,0
2014-03-28,7.63,7.67,7.27,7.27,3475,0
2014-03-31,7.5,7.5,7.36,7.4,957,0
2014-04-01,7.4,7.44,7.34,7.38,1102,0
2014-04-02,7.75,7.75,7.6,7.6,2075,0
2014-04-03,7.76,7.76,7.71,7.73,967,0
2014-04-07,7.78,7.78,7.78,7.78,450,0
2014-04-08,7.75,7.76,7.6,7.69,32450,0
2014-04-09,7.67,7.7,7.6,7.7,675,0
2014-04-10,7.72,7.78,7.71,7.71,4067,0
2014-04-11,7.79,7.79,7.66,7.66,1664,0
2014-04-14,7.84,7.84,7.75,7.81,4527,0
2014-04-15,7.6,7.75,7.6,7.66,1300,0
2014-04-17,7.7,7.8,7.7,7.73,16756,0
2014-04-22,7.85,7.96,7.81,7.88,12500,0
2014-04-23,7.9,7.97,7.7,7.7,7495,0
2014-04-24,7.93,7.99,7.86,7.88,31708,0
2014-04-25,8.05,8.05,7.75,7.78,36180,0
2014-04-28,7.85,7.85,7.72,7.73,1800,0
2014-04-29,7.8,7.8,7.62,7.62,8900,0
2014-05-01,7.42,7.42,7.4,7.4,681,0
2014-05-02,7.6,7.6,7.5,7.56,2550,0
2014-05-05,7.51,7.58,7.49,7.52,6002,0
2014-05-06,7.51,7.57,7.51,7.56,1000,0
2014-05-08,7.48,7.48,7.4,7.41,3280,0
2014-05-09,7.5,7.5,7.41,7.41,620,0
2014-05-14,7.99,7.99,7.8,7.91,787,0
2014-05-15,7.7,7.7,7.7,7.7,1405,0
2014-05-16,7.59,7.69,7.55,7.55,1682,0
2014-05-19,7.82,7.82,7.82,7.82,1300,0
2014-05-20,7.75,7.75,7.75,7.75,4550,0
2014-05-21,7.6,7.6,7.56,7.6,6405,0
2014-05-27,7.87,7.97,7.82,7.82,7903,0
2014-05-29,7.89,7.89,7.89,7.89,1356,0
2014-06-02,7.84,7.85,7.84,7.84,4000,0
2014-06-03,7.9,7.9,7.9,7.9,484,0
2014-06-04,7.66,7.82,7.66,7.72,2610,0
2014-06-05,7.75,7.8,7.75,7.75,1200,0
2014-06-09,7.96,8.12,7.96,8.12,2810,0
2014-06-10,8.14,8.14,8.05,8.05,2903,0
2014-06-11,7.9,7.94,7.76,7.84,16390,0
2014-06-12,7.81,7.81,7.65,7.65,2203,0
2014-06-13,7.77,7.77,7.65,7.65,3852,0
2014-06-16,7.8,7.85,7.8,7.8,971,0
2014-06-17,7.89,7.89,7.81,7.81,506,0
2014-06-18,8,8,7.89,7.89,930,0
2014-06-20,8.14,8.23,8.14,8.2,6795,0
2014-06-23,8.3,8.3,8.2,8.2,2200,0
2014-06-24,8.33,8.33,8.23,8.26,2027,0
2014-06-25,8.17,8.24,8.17,8.24,382,0
2014-06-26,8.3,8.35,8.29,8.29,2444,0
2014-06-27,8.28,8.34,8.28,8.34,343,0
2014-06-30,8.32,8.39,8.32,8.39,1342,0
2014-07-02,8.44,8.72,8.44,8.63,7000,0
2014-07-03,8.77,8.83,8.75,8.79,6900,0
2014-07-07,8.66,8.72,8.61,8.62,6244,0
2014-07-08,8.9,8.9,8.75,8.83,11226,0
2014-07-09,8.86,8.89,8.77,8.77,2129,0
2014-07-11,8.93,8.95,7.79,8.95,3476,0
2014-07-14,8.87,8.87,8.81,8.81,2100,0
2014-07-15,8.89,8.89,8.86,8.86,1300,0
2014-07-16,8.63,9.08,8.63,8.82,6797,0
2014-07-17,9.01,9.01,9.01,9.01,3346,0
2014-07-18,8.75,8.91,8.11,8.81,15714,0
2014-07-21,9,9.13,9,9.07,1845,0
2014-07-22,9.22,9.38,9.22,9.26,41696,0
2014-07-23,9.42,9.42,9.13,9.13,2800,0
2014-07-25,9.39,9.5,9.34,9.35,5280,0
2014-07-28,9.29,9.38,9.27,9.35,10422,0
2014-07-29,9.29,9.29,9.03,9.1,7350,0
2014-07-30,9.18,9.39,9.18,9.39,2596,0
2014-07-31,9.25,9.25,9.12,9.12,3054,0
2014-08-01,9.1,9.1,9.05,9.05,541,0
2014-08-04,9.24,9.48,9.24,9.43,5524,0
2014-08-05,9.16,9.16,9.16,9.16,305,0
2014-08-06,9.16,9.2,9.12,9.12,820,0
2014-08-07,9.1,9.1,9.1,9.1,466,0
2014-08-08,8.88,9.03,8.8,8.85,61648,0
2014-08-11,9.03,9.03,8.97,8.97,807,0
2014-08-13,8.87,8.87,8.78,8.78,5550,0
2014-08-14,8.69,8.69,8.61,8.61,4100,0
2014-08-18,8.85,8.85,8.85,8.85,150,0
2014-08-19,8.89,8.89,8.89,8.89,1000,0
2014-08-20,9.13,9.25,9.13,9.23,2600,0
2014-08-21,9.3,9.3,9.17,9.17,625,0
2014-08-22,9.23,9.33,9.23,9.32,1853,0
2014-08-25,9.3,9.39,9.28,9.39,3888,0
2014-08-26,9.31,9.31,9.31,9.31,525,0
2014-08-27,9.21,9.34,9.21,9.33,5464,0
2014-08-28,9.24,9.24,9.2,9.2,2270,0
2014-08-29,9.33,9.33,9.27,9.27,3501,0
2014-09-02,9.35,9.35,9.33,9.33,1668,0
2014-09-03,9.26,9.27,9.15,9.15,7841,0
2014-09-04,9.4,9.46,9.35,9.46,7168,0
2014-09-05,9.4,9.4,9.34,9.34,1200,0
2014-09-08,9.51,9.56,9.38,9.39,4642,0
2014-09-09,8.91,8.95,8.9,8.95,1390,0
2014-09-11,8.81,8.81,8.74,8.74,6808,0
2014-09-15,8.56,8.56,8.56,8.56,100,0
2014-09-16,8.65,8.78,8.65,8.78,800,0
2014-09-17,8.78,8.78,8.54,8.63,1739,0
2014-09-18,8.6,8.63,8.56,8.63,655,0
2014-09-19,8.57,8.57,8.53,8.53,337,0
2014-09-22,8.37,8.37,8.37,8.37,100,0
2014-09-29,8.37,8.37,8.37,8.37,550,0
2014-10-01,8.25,8.3,8.25,8.25,1412,0
2014-10-02,8.14,8.15,8.05,8.07,6456,0
2014-10-06,8.28,8.35,8.28,8.34,3587,0
2014-10-09,8.43,8.43,8.43,8.43,360,0
2014-10-10,8.5,8.5,8.43,8.43,800,0
2014-10-13,8.42,8.49,8.42,8.49,2601,0
2014-10-15,8.3,8.3,8.16,8.16,1740,0
2014-10-16,8.01,8.01,8.01,8.01,280,0
2014-10-20,8.07,8.13,8.07,8.07,3300,0
2014-10-21,8.18,8.25,8.18,8.25,2537,0
2014-10-22,8.48,8.48,8.32,8.32,2168,0
2014-10-24,8.46,8.48,8.46,8.46,3000,0
2014-10-27,8.31,8.38,8.28,8.38,9794,0
2014-10-28,8.46,8.49,8.46,8.49,883,0
2014-10-29,8.65,8.65,8.65,8.65,1559,0
2014-10-31,8.68,8.68,8.68,8.68,406,0
2014-11-04,8.59,8.59,8.59,8.59,100,0
2014-11-05,8.4,8.48,8.38,8.48,1483,0
2014-11-06,8.55,8.55,8.55,8.55,986,0
2014-11-07,8.56,8.66,8.56,8.66,3350,0
2014-11-11,8.47,8.47,8.47,8.47,112,0
2014-11-12,8.56,8.63,8.53,8.53,3524,0
2014-11-13,8.48,8.49,8.31,8.32,1384,0
2014-11-14,8.44,8.45,8.44,8.45,685,0
2014-11-17,8.43,8.45,8.43,8.45,3750,0
2014-11-19,8.41,8.41,8.38,8.38,1480,0
2014-11-21,8.55,8.55,8.55,8.55,200,0
2014-11-26,8.43,8.44,8.07,8.36,14027,0
2014-11-28,8.07,8.07,8.07,8.07,7874,0
2014-12-01,8.28,8.8,7.83,8.16,6140,0
2014-12-03,7.89,7.89,7.89,7.89,150,0
2014-12-04,8.09,8.09,8.08,8.09,215,0
2014-12-05,8.06,8.07,7.99,7.99,1937,0
2014-12-08,7.92,7.92,7.92,7.92,474,0
2014-12-09,7.96,8.04,7.96,8.03,3980,0
2014-12-11,7.87,7.87,7.85,7.85,539,0
2014-12-12,7.87,8,7.86,7.87,1420,0
2014-12-15,7.74,7.83,7.74,7.74,300,0
2014-12-16,7.54,7.65,7.54,7.64,6762,0
2014-12-17,7.55,7.67,7.47,7.67,2350,0
2014-12-18,7.58,7.62,7.52,7.62,500,0
2014-12-19,7.63,7.75,7.63,7.75,603,0
2014-12-22,7.53,7.53,7.53,7.53,401,0
2014-12-23,7.53,7.53,7.49,7.5,1594,0
2014-12-24,7.49,7.49,7.49,7.49,100,0
2014-12-26,7.49,7.49,7.36,7.36,6025,0
2014-12-29,7.5,7.5,7.35,7.36,6490,0
2014-12-30,7.52,7.53,7.52,7.53,1100,0
2014-12-31,7.48,7.52,7.48,7.52,1331,0
2015-01-02,7.5,7.5,7.5,7.5,1131,0
2015-01-05,7.42,7.43,7.3,7.3,3500,0
2015-01-06,7.22,7.22,7.19,7.19,1520,0
2015-01-07,7.19,7.19,7.03,7.03,5025,0
2015-01-08,7.3,7.3,7.18,7.18,2042,0
2015-01-09,7.19,7.19,7.19,7.19,600,0
2015-01-12,7.08,7.19,7.06,7.06,2550,0
2015-01-13,6.92,6.92,6.8,6.86,4475,0
2015-01-14,6.44,6.48,6.39,6.47,1902,0
2015-01-15,6.47,6.59,6.47,6.59,1427,0
2015-01-16,6.74,6.74,6.74,6.74,300,0
2015-01-20,6.79,6.79,6.79,6.79,1001,0
2015-01-23,6.72,6.74,6.65,6.65,2400,0
2015-01-27,6.65,6.66,6.65,6.65,556,0
2015-01-28,6.65,6.65,6.65,6.65,1500,0
2015-02-02,6.84,6.84,6.84,6.84,800,0
2015-02-03,6.98,6.98,6.98,6.98,124,0
2015-02-09,7.06,7.06,7,7.01,2295,0
2015-02-10,6.72,6.73,6.71,6.71,1000,0
2015-02-17,6.91,7,6.72,6.72,11048,0
2015-02-19,6.68,6.76,6.65,6.76,1919,0
2015-02-20,6.65,6.65,6.65,6.65,575,0
2015-02-23,6.59,6.66,6.53,6.6,11456,0
2015-02-24,6.8,6.8,6.8,6.8,1000,0
2015-02-26,6.87,6.87,6.87,6.87,505,0
2015-02-27,6.72,6.77,6.72,6.77,601,0
2015-03-02,6.87,6.87,6.75,6.76,1900,0
2015-03-03,6.6,6.73,6.6,6.6,600,0
2015-03-04,6.63,6.76,6.63,6.63,300,0
2015-03-05,6.56,6.56,6.56,6.56,100,0
2015-03-06,6.48,6.5,6.44,6.44,1800,0
2015-03-09,6.64,6.65,6.64,6.64,2300,0
2015-03-10,6.64,6.64,6.64,6.64,100,0
2015-03-11,6.4,6.75,6.37,6.37,1100,0
2015-03-12,6.45,6.56,6.45,6.45,600,0
2015-03-13,6.55,6.55,6.55,6.55,1000,0
2015-03-16,6.56,6.61,6.56,6.56,1800,0
2015-03-18,6.45,6.59,6.32,6.59,2800,0
2015-03-19,6.79,6.79,6.6,6.6,1000,0
2015-03-20,6.6,6.6,6.6,6.6,100,0
2015-03-23,6.89,7,6.88,7,3200,0
2015-03-24,6.99,7.03,6.88,7.03,800,0
2015-03-25,7.03,7.03,7.03,7.03,100,0
2015-03-27,6.95,6.95,6.95,6.95,300,0
2015-03-31,6.95,6.95,6.95,6.95,50,0
2015-04-01,6.87,7.05,6.87,6.95,20300,0
2015-04-02,7.01,7.01,6.97,7.01,2000,0
2015-04-06,6.87,6.88,6.87,6.87,2400,0
2015-04-07,6.95,6.95,6.95,6.95,2000,0
2015-04-09,7.07,7.1,7.07,7.1,913,0
2015-04-10,7.16,7.48,7.14,7.18,7400,0
2015-04-13,7.09,7.11,7.09,7.09,3300,0
2015-04-14,7.09,7.09,7.09,7.09,1200,0
2015-04-15,7.08,7.08,7.08,7.08,100,0
2015-04-16,7.39,7.39,7.3,7.39,1827,0
2015-04-17,7.33,7.33,7.33,7.33,200,0
2015-04-20,7.2,7.2,7.2,7.2,159,0
2015-04-21,7.07,7.07,7.07,7.07,850,0
2015-04-23,7.03,7.03,7.03,7.03,100,0
2015-04-24,7.3,7.3,7.03,7.23,3600,0
2015-04-27,7.23,7.23,7.23,7.23,100,0
2015-04-28,7.49,7.55,7.49,7.55,1139,0
2015-04-30,7.55,7.55,7.55,7.55,100,0
2015-05-01,7.87,8.06,7.87,7.99,3200,0
2015-05-04,7.95,8.02,7.95,8,3700,0
2015-05-05,8.12,8.3,8.09,8.28,9700,0
2015-05-06,8.21,8.22,8.03,8.03,5689,0
2015-05-07,7.97,8.01,7.92,7.92,1711,0
2015-05-08,7.88,7.88,7.88,7.88,100,0
2015-05-11,7.81,7.81,7.8,7.8,1100,0
2015-05-12,7.86,7.86,7.86,7.86,3000,0
2015-05-13,7.92,7.95,7.92,7.93,837,0
2015-05-14,7.81,7.81,7.81,7.81,2200,0
2015-05-15,7.65,7.65,7.6,7.61,1682,0
2015-05-18,7.48,7.49,7.48,7.49,3159,0
2015-05-19,7.21,7.33,7.21,7.27,10800,0
2015-05-20,7.21,7.22,7.11,7.11,5620,0
2015-05-21,7.21,7.21,7.2,7.2,2000,0
2015-05-22,7.01,7.08,7.01,7.08,400,0
2015-05-26,7,7,7,7,3000,0
2015-05-27,6.94,7.19,6.92,7.05,6500,0
2015-05-29,6.91,6.91,6.89,6.9,800,0
2015-06-01,6.89,6.92,6.78,6.78,18658,0
2015-06-02,6.88,6.88,6.88,6.88,150,0
2015-06-03,7.14,7.14,6.69,6.79,1900,0
2015-06-04,6.76,6.78,6.76,6.78,1900,0
2015-06-05,6.67,6.67,6.59,6.59,500,0
2015-06-08,6.8,6.91,6.79,6.79,2500,0
2015-06-09,6.79,6.79,6.79,6.79,45,0
2015-06-10,6.8,6.91,6.8,6.91,1800,0
2015-06-11,6.77,6.78,6.66,6.66,1373,0
2015-06-15,6.5,6.55,6.43,6.55,8600,0
2015-06-16,6.35,6.35,6.13,6.35,15100,0
2015-06-17,6.35,6.35,6.35,6.35,900,0
2015-06-18,6.32,6.32,6.32,6.32,100,0
2015-06-19,6.15,6.35,6.15,6.22,52900,0
2015-06-22,6.19,6.2,6.18,6.19,2100,0
2015-06-23,6.31,6.31,6.31,6.31,3104,0
2015-06-24,6.4,6.4,6.31,6.31,9900,0
2015-06-26,6.31,6.31,6.31,6.31,100,0
2015-06-29,6.21,6.21,6.2,6.21,2500,0
2015-06-30,6.07,6.11,6.07,6.08,2100,0
2015-07-01,6.21,6.23,6.18,6.18,15100,0
2015-07-02,6.14,6.24,6.13,6.19,6600,0
2015-07-06,5.9,6.01,5.86,6.01,9300,0
2015-07-07,5.85,5.85,5.6,5.71,500,0
2015-07-08,5.81,5.81,5.81,5.81,1000,0
2015-07-10,5.98,6,5.98,5.98,1400,0
2015-07-13,6.02,6.16,6.02,6.16,500,0
2015-07-14,6.03,6.03,6.03,6.03,925,0
2015-07-17,5.99,5.99,5.99,5.99,1000,0
2015-07-20,5.94,5.94,5.93,5.93,1500,0
2015-07-21,5.82,5.86,5.82,5.86,600,0
2015-07-22,5.71,5.76,5.71,5.71,2800,0
2015-07-23,5.69,5.69,5.47,5.48,3600,0
2015-07-24,5.5,5.57,5.45,5.57,1700,0
2015-07-27,5.33,5.4,5.33,5.33,7300,0
2015-07-28,5.63,5.63,5.63,5.63,500,0
2015-07-29,5.54,5.54,5.54,5.54,100,0
2015-07-30,5.54,5.54,5.54,5.54,100,0
2015-07-31,5.36,5.36,5.36,5.36,1000,0
2015-08-03,5.42,5.42,5.42,5.42,5016,0
2015-08-04,5.42,5.42,5.42,5.42,100,0
2015-08-05,5.3,5.3,5.3,5.3,500,0
2015-08-06,5.21,5.21,5.12,5.12,820,0
2015-08-10,5.28,5.3,5.28,5.3,2800,0
2015-08-11,4.96,5.04,4.96,5.04,842,0
2015-08-12,5.1,5.1,5.1,5.1,1500,0
2015-08-14,5.1,5.1,5.1,5.1,1000,0
2015-08-17,4.98,4.98,4.98,4.98,200,0
2015-08-18,4.89,4.98,4.84,4.84,2500,0
2015-08-19,4.83,4.83,4.83,4.83,5200,0
2015-08-21,4.83,4.83,4.81,4.81,600,0
2015-08-24,4.85,4.85,4.45,4.6,4735,0
2015-08-25,4.7,4.7,4.7,4.7,100,0
2015-08-26,4.55,4.56,4.55,4.56,1600,0
2015-08-27,4.65,4.87,4.65,4.7,36000,0
2015-08-28,5,5.11,5,5.05,8900,0
2015-08-31,4.96,5.09,4.96,5.09,1300,0
2015-09-01,5.05,5.05,4.9,5.01,5500,0
2015-09-02,5.19,5.2,5.02,5.02,1100,0
2015-09-03,5.14,5.17,5.14,5.17,1200,0
2015-09-04,4.98,4.98,4.9,4.9,1400,0
2015-09-08,5.16,5.23,5.16,5.17,2600,0
2015-09-09,5.17,5.17,5.17,5.17,100,0
2015-09-10,5.42,5.42,4.81,4.81,2000,0
2015-09-11,5.16,5.16,5.16,5.16,1000,0
2015-09-14,5.16,5.16,5.16,5.16,100,0
2015-09-16,5.16,5.16,5.16,5.16,100,0
2015-09-17,5.08,5.15,5.08,5.15,4488,0
2015-09-18,4.88,4.88,4.88,4.88,500,0
2015-09-21,4.85,4.85,4.83,4.83,700,0
2015-09-22,4.81,4.81,4.7,4.7,6500,0
2015-09-23,4.9,4.9,4.9,4.9,1000,0
2015-09-24,4.67,4.67,4.67,4.67,300,0
2015-09-25,4.58,4.58,4.56,4.56,200,0
2015-09-28,4.7,4.7,4.43,4.43,1712,0
2015-09-30,4.67,4.67,4.67,4.67,100,0
2015-10-01,4.67,4.67,4.67,4.67,200,0
2015-10-02,4.63,4.63,4.63,4.63,1100,0
2015-10-05,4.75,4.75,4.74,4.74,1001,0
2015-10-08,4.68,4.74,4.68,4.71,4100,0
2015-10-09,5.1,5.17,5.1,5.17,2100,0
2015-10-12,5.25,5.26,5.25,5.25,2001,0
2015-10-19,5.19,5.19,4.96,4.97,1603,0
2015-10-20,4.97,4.97,4.97,4.97,100,0
2015-10-21,4.8,4.8,4.8,4.8,300,0
2015-10-22,4.75,4.75,4.75,4.75,100,0
2015-10-23,4.75,4.75,4.75,4.75,600,0
2015-10-26,4.67,4.67,4.67,4.67,1100,0
2015-10-27,4.78,4.78,4.64,4.64,900,0
2015-10-28,4.63,4.63,4.63,4.63,2000,0
2015-10-29,4.59,4.59,4.56,4.56,6300,0
2015-10-30,4.56,4.56,4.56,4.56,100,0
2015-11-02,4.63,4.63,4.5,4.51,5660,0
2015-11-03,4.55,4.55,4.55,4.55,2109,0
2015-11-04,4.55,4.55,4.55,4.55,2002,0
2015-11-05,4.38,4.38,4.38,4.38,200,0
2015-11-06,4.38,4.38,4.38,4.38,100,0
2015-11-09,4.51,4.51,4.36,4.36,1407,0
2015-11-10,4.29,4.29,4.29,4.29,600,0
2015-11-11,4.37,4.37,4.37,4.37,500,0
2015-11-12,4.37,4.37,4.37,4.37,100,0
2015-11-13,4.16,4.25,4.16,4.25,1200,0
2015-11-16,4.09,4.09,4.09,4.09,1000,0
2015-11-17,4.1,4.11,3.99,3.99,1700,0
2015-11-18,3.94,3.95,3.86,3.94,3400,0
2015-11-19,3.89,3.97,3.89,3.97,10800,0
2015-11-20,3.97,3.97,3.97,3.97,100,0
2015-11-23,3.83,3.83,3.71,3.82,2700,0
2015-11-24,3.98,3.98,3.94,3.94,200,0
2015-11-25,3.94,3.94,3.94,3.94,300,0
2015-11-27,3.84,4.17,3.84,4.09,5800,0
2015-11-30,3.84,3.88,3.84,3.88,400,0
2015-12-01,3.88,3.88,3.88,3.88,6,0
2015-12-03,3.84,3.85,3.84,3.85,6187,0
2015-12-08,3.84,3.84,3.84,3.84,271,0
2015-12-11,4.05,4.05,4.05,4.05,1500,0
2015-12-14,3.99,3.99,3.99,3.99,123,0
2015-12-15,3.99,3.99,3.99,3.99,100,0
2015-12-16,3.99,3.99,3.99,3.99,100,0
2015-12-17,3.84,3.84,3.84,3.84,10400,0
2015-12-21,3.84,3.84,3.84,3.84,100,0
2015-12-24,4,4,4,4,2003,0
2015-12-28,3.94,3.94,3.94,3.94,1001,0
2015-12-29,4.19,4.19,4.13,4.13,2350,0
2015-12-30,4.245,4.245,4.245,4.245,100,0
2015-12-31,4.1001,4.1001,4.1,4.1,283,0
2016-01-04,3.94,3.94,3.94,3.94,409,0
2016-01-07,3.84,3.84,3.8,3.8,31648,0
2016-01-08,3.85,5.05,3.84,4.2,82573,0
2016-01-11,3.84,4.09,3.84,4,21409,0
2016-01-12,3.57,3.95,3.57,3.95,947,0
2016-01-14,3.64,3.64,3.64,3.64,105,0
2016-01-15,3.84,3.84,3.54,3.55,5700,0
2016-01-19,3.95,3.95,3.61,3.61,10100,0
2016-01-20,3.6582,3.6582,3.6582,3.6582,170,0
2016-01-21,3.61,3.61,3.61,3.61,100,0
2016-01-22,3.75,3.75,3.68,3.68,6300,0
2016-01-25,3.76,3.8,3.72,3.77,1700,0
2016-01-26,3.74,3.83,3.74,3.7994,4844,0
2016-01-27,3.94,4,3.94,3.94,5700,0
2016-01-28,4.1,4.1,4.1,4.1,1500,0
2016-01-29,4.02,4.02,4.02,4.02,198,0
2016-02-04,4.2,4.2,4.2,4.2,1001,0
2016-02-05,4.2458,4.2458,4.0037,4.0037,470,0
2016-02-11,3.82,3.82,3.82,3.82,210,0
2016-02-12,4,4.1465,4,4.066,2898,0
2016-02-17,4,4,4,4,1002,0
2016-02-18,4.09,4.09,4.09,4.09,103,0
2016-02-19,4.35,4.35,4.35,4.35,500,0
2016-02-22,4,4.355,4,4.24,6013,0
2016-02-26,4.21,4.21,4.18,4.18,2903,0
2016-02-29,4.38,4.38,4.38,4.38,330,0
2016-03-02,4.5,4.52,4.5,4.52,2100,0
2016-03-03,4.72,4.75,4.72,4.75,1200,0
2016-03-04,5.1,5.15,4.9,5.05,21000,0
2016-03-07,5.55,5.6,5.0011,5.35,16428,0
2016-03-08,5.3,5.3,4.75,4.8025,4830,0
2016-03-09,4.52,5.25,4.5,5.1932,3221,0
2016-03-14,5.18,5.18,4.52,4.6521,950,0
2016-03-15,5.12,5.1799,4.806,4.96,2301,0
2016-03-17,4.53,5.076,4.53,5.076,2456,0
2016-03-18,5.14,5.14,4.83,4.83,1299,0
2016-03-21,5.0311,5.0311,5.03,5.03,2641,0
2016-03-22,4.67,4.913,4.67,4.913,300,0
2016-03-23,5.07,5.079,5.07,5.079,2500,0
2016-03-24,4.54,5.02,4.53,5,2600,0
2016-03-28,4.8468,4.8468,4.8468,4.8468,1500,0
2016-03-30,4.8499,4.8499,4.8499,4.8499,625,0
2016-03-31,4.65,4.65,4.65,4.65,1480,0
2016-04-01,4.8,5,4.75,4.75,1000,0
2016-04-11,4.659,5,4.65,5,1300,0
2016-04-14,5.25,6.41,4.65,4.65,27698,0
2016-04-18,5.5,5.579,4.8,4.8,3630,0
2016-04-20,5.57,5.57,5.1,5.11,947,0
2016-04-21,5,5.48,4.93,5.2583,5825,0
2016-04-22,5.07,5.58,5.07,5.21,20716,0
2016-04-25,5.1701,5.1701,5.17,5.17,900,0
2016-04-26,4.94,4.94,4.94,4.94,100,0
2016-04-29,5.1046,5.1046,4.971,4.971,375,0
2016-05-02,4.83,5.07,4.83,5.07,4268,0
2016-05-10,5.5,5.5,5.44,5.44,1212,0
2016-05-11,5.1,5.1,4.65,4.88,6027,0
2016-05-12,4.8,5.02,4.8,4.91,14600,0
2016-05-13,4.79,4.9,4.79,4.84,5415,0
2016-05-16,4.85,4.91,4.85,4.91,230,0
2016-05-18,4.98,4.98,4.95,4.96,937,0
2016-05-23,4.8,5.19,4.65,4.7392,8073,0
2016-05-25,4.8975,4.8975,4.8975,4.8975,102,0
2016-05-26,4.6501,4.6501,4.65,4.65,1000,0
2016-05-31,5.1,5.1,4.8,4.8,4986,0
2016-06-01,5.25,5.431,5.0039,5.0039,6925,0
2016-06-02,5.3399,5.3399,4.97,4.97,5820,0
2016-06-03,5.4499,5.4499,4.9199,4.95,9103,0
2016-06-06,5.43,5.43,4.96,5.07,10292,0
2016-06-07,4.97,5.23,4.94,5.02,5803,0
2016-06-08,5.45,5.45,5.06,5.22,15435,0
2016-06-09,5.03,5.17,5.03,5.11,11996,0
2016-06-10,4.9599,5.16,4.9599,5.08,13644,0
2016-06-13,5.45,5.45,5.19,5.19,1853,0
2016-06-15,5.12,5.34,5.12,5.2,6582,0
2016-06-17,5.14,5.19,5.14,5.19,2003,0
2016-06-20,5.69,5.69,5.25,5.45,15693,0
2016-06-21,5.07,5.45,5.07,5.38,12162,0
2016-06-22,5.29,5.38,5.26,5.26,3200,0
2016-06-23,5.26,5.39,5.2599,5.3399,8568,0
2016-06-24,5.2,5.2,5.13,5.13,1050,0
2016-06-27,5.31,5.31,5.31,5.31,198,0
2016-06-28,5.34,5.4225,5.34,5.4225,800,0
2016-07-01,5.5,5.5,5.31,5.312,4979,0
2016-07-05,5.69,5.6999,5.595,5.595,10953,0
2016-07-06,5.56,5.69,5.56,5.61,4802,0
2016-07-07,5.7,5.7,5.58,5.7,2636,0
2016-07-08,5.68,5.98,5.58,5.97,12114,0
2016-07-11,6.07,6.07,5.85,5.87,6703,0
2016-07-12,5.86,5.96,5.86,5.9,4601,0
2016-07-13,5.9,6.24,5.9,6.24,14704,0
2016-07-14,7,7.71,6.7,7.6,18329,0
2016-07-15,8.2,8.25,7.7999,7.8,5550,0
2016-07-18,7.7,7.7,5.66,6.19,15983,0
2016-07-19,5.66,6.6,5.66,6.6,4791,0
2016-07-20,6.7034,6.7034,6.6,6.6824,5661,0
2016-07-21,6.15,6.36,5.38,5.3801,40544,0
2016-07-22,5.702,5.702,5.36,5.36,1575,0
2016-07-25,5.35,5.3501,5.35,5.3501,472,0
2016-07-27,5.475,5.81,5.35,5.36,73438,0
2016-07-28,5.44,5.47,5.4001,5.45,7100,0
2016-07-29,5.45,5.53,5.4,5.42,18984,0
2016-08-01,5.8,5.8,5.7,5.7,840,0
2016-08-02,5.5245,5.5245,5.5245,5.5245,100,0
2016-08-04,6.589,6.589,5.81,5.81,2073,0
2016-08-05,5.4,5.9157,5.4,5.9157,2320,0
2016-08-08,6.599,6.6,6.599,6.6,825,0
2016-08-09,6,6,5.655,5.852,2626,0
2016-08-11,5.55,5.55,5.55,5.55,355,0
2016-08-15,5.6,5.6,5.6,5.6,175,0
2016-08-16,5.47,5.5799,5.47,5.5201,1078,0
2016-08-18,5.5999,5.8,5.48,5.48,8130,0
2016-08-19,5.6,5.6,5.48,5.48,960,0
2016-08-22,5.78,5.78,5.78,5.78,500,0
2016-08-24,5.78,5.78,5.53,5.53,6165,0
2016-08-30,5.591,5.6,5.564,5.564,1100,0
2016-08-31,5.9099,5.9099,5.9099,5.9099,602,0
2016-09-02,6,6,6,6,1040,0
2016-09-06,5.72,5.72,5.4801,5.55,1040,0
2016-09-07,5.46,5.46,5.4148,5.4348,730,0
2016-09-08,5.51,5.69,5.4,5.69,1981,0
2016-09-12,6.06,6.06,6.06,6.06,500,0
2016-09-14,5.54,5.54,5.4401,5.4933,1186,0
2016-09-16,6.2,6.24,5.9,6,2435,0
2016-09-19,6.25,6.25,5.65,5.68,30370,0
2016-09-20,5.74,5.74,5.74,5.74,200,0
2016-09-22,5.638,5.638,5.638,5.638,125,0
2016-09-23,5.6,5.64,5.6,5.64,2106,0
2016-09-26,5.63,5.64,5.63,5.64,200,0
2016-09-27,5.53,5.638,5.53,5.63,350,0
2016-09-28,5.7,5.74,5.7,5.7,895,0
2016-09-30,5.5101,5.8372,5.5101,5.62,15614,0
2016-10-06,5.51,5.51,5.51,5.51,1121,0
2016-10-07,5.51,5.51,5.51,5.51,200,0
2016-10-10,5.51,5.51,5.51,5.51,500,0
2016-10-11,5.5,5.8765,5.5,5.8765,200,0
2016-10-12,5.8176,5.8176,5.8176,5.8176,432,0
2016-10-13,5.56,5.56,5.56,5.56,202,0
2016-10-14,5.525,5.896,5.525,5.896,1000,0
2016-10-17,5.54,5.54,5.43,5.51,10402,0
2016-10-18,5.513,5.513,5.51,5.51,5500,0
2016-10-19,5.51,5.5101,5.51,5.51,5856,0
2016-10-21,5.27,5.43,5.27,5.43,2033,0
2016-10-25,5.51,5.51,5.51,5.51,1000,0
2016-10-26,5.53,5.53,5.53,5.53,100,0
2016-10-27,5.54,5.6,5.54,5.555,2549,0
2016-10-28,5.68,5.68,5.68,5.68,501,0
2016-10-31,5.75,5.9217,5.75,5.9217,2300,0
2016-11-02,5.66,5.6883,5.66,5.6783,500,0
2016-11-03,5.98,6.045,5.9,5.9,9000,0
2016-11-04,6,6,5.9899,5.9899,931,0
2016-11-07,6.05,6.05,6.05,6.05,1056,0
2016-11-08,6.14,6.2,6.133,6.2,2424,0
2016-11-10,6.29,7.11,6.29,6.7515,7951,0
2016-11-11,6.37,6.37,6.37,6.37,300,0
2016-11-14,5.81,6.98,5.7101,6.92,16397,0
2016-11-15,7.35,7.5,7.055,7.055,1529,0
2016-11-16,7.288,7.99,6.34,6.5319,5075,0
2016-11-17,6.38,6.52,5.65,6.49,5116,0
2016-11-23,6.84,6.85,6.84,6.85,400,0
2016-11-25,6.87,6.87,6.85,6.85,683,0
2016-11-28,7.776,7.9575,7.1307,7.1307,1705,0
2016-11-29,6,6,5.65,6,1400,0
2016-11-30,6.64,6.96,6.64,6.87,3137,0
2016-12-06,6.99,7.2122,6.99,7.2122,1903,0
2016-12-07,7.8,7.8,7.318,7.318,2215,0
2016-12-08,7.21,7.21,6.85,6.8501,1465,0
2016-12-09,7.15,7.1858,7.15,7.1858,445,0
2016-12-12,7.18,7.18,7.15,7.152,1400,0
2016-12-13,7.15,7.17,7.15,7.15,2380,0
2016-12-15,7.15,7.1648,7.15,7.1648,300,0
2016-12-16,7.07,7.07,7.07,7.07,2963,0
2016-12-19,6.5,6.5,6.4119,6.4119,405,0
2016-12-20,5.65,6.36,5.65,6.36,2322,0
2016-12-21,6.4,6.4,6.4,6.4,101,0
2016-12-22,6.2,6.67,6.2,6.38,28526,0
2016-12-23,6.33,6.8001,6.09,6.3,80590,0
2016-12-28,6.4,6.4,6.4,6.4,449,0
2016-12-29,6.53,6.53,6.3753,6.3753,490,0
2016-12-30,6.35,6.39,6.35,6.39,1252,0
2017-01-03,6.38,6.38,6.32,6.3201,376,0
2017-01-04,6.25,6.85,6.25,6.71,12361,0
2017-01-05,6.5999,6.92,6.55,6.63,44684,0
2017-01-06,6.33,6.88,6.33,6.54,29802,0
2017-01-09,6.5,6.95,6.5,6.83,21852,0
2017-01-10,6.85,7.09,6.76,6.76,27897,0
2017-01-11,7.13,7.13,7.13,7.13,210,0
2017-01-12,7.13,7.49,7.13,7.14,8277,0
2017-01-13,6.321,7.57,6.32,7.43,58396,0
2017-01-17,7.13,7.3,6.98,6.98,18932,0
2017-01-18,6.93,7.46,6.93,7.11,31096,0
2017-01-19,7.14,7.47,7.14,7.26,21287,0
2017-01-20,7.2,7.5428,7.2,7.47,23627,0
2017-01-23,7.23,7.5,7.23,7.3,32190,0
2017-01-24,7.3,7.72,7.29,7.5,17201,0
2017-01-25,7.57,7.5725,7.45,7.45,6056,0
2017-01-26,7.45,7.46,7.3117,7.3117,11526,0
2017-01-30,7.1301,7.5035,7.1301,7.5035,1000,0
2017-01-31,7.38,7.4,7.38,7.4,308,0
2017-02-01,7.42,7.45,7.42,7.45,1109,0
2017-02-02,7.68,7.68,7.4,7.5253,4491,0
2017-02-03,7.4,7.45,7.4,7.4,3778,0
2017-02-06,7.416,7.4299,7.416,7.4299,900,0
2017-02-07,7.1272,7.14,7.1272,7.14,300,0
2017-02-08,7.15,7.5,7.15,7.4,8238,0
2017-02-09,7.45,7.45,7.4275,7.4275,1213,0
2017-02-10,7.45,7.61,7.4201,7.57,6275,0
2017-02-13,7.2318,7.99,7.1472,7.9201,17312,0
2017-02-14,7.6269,7.99,7.322,7.75,6014,0
2017-02-15,8,8,7.9,7.9768,10298,0
2017-02-16,7.7,7.7116,7.65,7.7116,2278,0
2017-02-21,7.7,7.9699,7.7,7.9699,12000,0
2017-02-22,7.6158,7.88,7.6158,7.68,13527,0
2017-02-23,7.49,7.75,7.32,7.35,27559,0
2017-02-24,7.39,7.6,7.385,7.6,5545,0
2017-02-27,7.35,7.71,7.35,7.46,18350,0
2017-02-28,7.44,7.44,7.44,7.44,190,0
2017-03-01,7.7392,7.93,7.7392,7.81,10092,0
2017-03-02,7.81,7.81,7.49,7.56,36106,0
2017-03-03,7.49,7.7176,7.3984,7.3984,4746,0
2017-03-06,7.29,7.34,7.28,7.28,36961,0
2017-03-07,7.3,7.3,7.14,7.14,561,0
2017-03-08,7.16,7.18,7.12,7.12,1200,0
2017-03-09,7.28,7.6899,7.1,7.1,4101,0
2017-03-13,7.5,7.545,7.27,7.27,2203,0
2017-03-14,7.25,7.39,7.25,7.39,350,0
2017-03-15,7.34,7.54,7.34,7.53,1830,0
2017-03-16,7.54,7.69,7.5,7.6,10156,0
2017-03-17,7.65,7.8337,7.65,7.7,6006,0
2017-03-20,7.72,7.7459,7.69,7.69,1300,0
2017-03-21,7.6,7.74,7.44,7.5,38444,0
2017-03-23,7.5,7.57,7.5,7.57,4200,0
2017-03-24,7.96,7.99,7.95,7.99,2639,0
2017-03-28,7.7,7.7,7.4462,7.64,541,0
2017-03-29,7.69,7.7,7.69,7.7,3099,0
2017-03-30,7.81,7.81,7.75,7.76,2322,0
2017-03-31,7.46,7.59,7.45,7.59,6700,0
2017-04-03,7.5,7.5,7.41,7.42,1040,0
2017-04-04,7.49,7.49,7.45,7.45,220,0
2017-04-05,7.64,7.7,7.63,7.69,8858,0
2017-04-06,7.46,7.53,7.41,7.43,34540,0
2017-04-07,7.43,7.5699,7.36,7.5699,2772,0
2017-04-10,7.4,7.4097,7.37,7.4097,1120,0
2017-04-11,7.23,7.23,7.14,7.14,4257,0
2017-04-18,7.32,7.32,7.32,7.32,2002,0
2017-04-20,7,7.11,6.9308,6.9308,1013,0
2017-04-24,6.77,6.77,6.77,6.77,215,0
2017-04-25,7.54,7.54,7.54,7.54,1342,0
2017-04-26,7.13,7.33,7.11,7.13,7200,0
2017-05-02,7.14,7.2756,7.12,7.2756,2055,0
2017-05-05,6.79,6.79,6.79,6.79,507,0
2017-05-08,6.75,6.8099,6.59,6.8099,53620,0
2017-05-09,6.66,6.68,6.65,6.68,2175,0
2017-05-10,6.7,7.05,6.62,6.62,3690,0
2017-05-12,6.6,6.6,6.16,6.16,2870,0
2017-05-15,6.53,6.8899,6.39,6.75,3630,0
2017-05-16,7.08,7.08,6.74,6.74,1559,0
2017-05-17,7.08,7.08,6.3668,6.86,2901,0
2017-05-18,6.18,7.022,6.16,6.62,7074,0
2017-05-19,6.95,7,6.9,7,1795,0
2017-05-22,7,7.12,6.84,7.12,14425,0
2017-05-24,7.35,7.35,7.0918,7.19,941,0
2017-05-25,7.27,7.39,7.25,7.33,1899,0
2017-05-26,7.24,7.24,7.24,7.24,175,0
2017-05-30,7.33,7.3499,7.12,7.1644,5641,0
2017-05-31,7.12,7.12,7.12,7.12,550,0
2017-06-02,7.15,7.15,6.63,6.63,1550,0
2017-06-05,7.15,7.15,6.5296,6.5296,1533,0
2017-06-06,7.1099,7.1099,6.5208,6.5208,2598,0
2017-06-12,7.13,7.13,6.278,6.87,3758,0
2017-06-13,7.12,7.12,6.21,6.77,15947,0
2017-06-15,6.33,6.62,6.33,6.62,3882,0
2017-06-19,6.8,6.8,6.8,6.8,1057,0
2017-06-20,6.58,6.7,6.52,6.64,10100,0
2017-06-21,6.7121,6.7121,6.7121,6.7121,126,0
2017-06-22,6.72,6.72,6.72,6.72,948,0
2017-06-26,6.52,7.05,6.52,6.58,5500,0
2017-06-27,7.04,7.25,6.9801,7.2,19768,0
2017-06-28,7.25,7.25,7.25,7.25,1100,0
2017-06-29,7.82,7.82,6.646,7.22,7758,0
2017-06-30,7.19,7.46,7.19,7.25,2172,0
2017-07-05,7.16,7.16,7.16,7.16,103,0
2017-07-07,7.35,7.35,7.35,7.35,2100,0
2017-07-10,7.38,7.38,7.38,7.38,1637,0
2017-07-11,7.55,7.55,7.55,7.55,660,0
2017-07-12,7.27,7.27,7.27,7.27,215,0
2017-07-13,7.44,7.61,7.4132,7.6,810,0
2017-07-17,7.2,7.2,7.2,7.2,280,0
2017-07-20,7.2,7.2,7.2,7.2,202,0
2017-07-21,7.34,7.3696,7.34,7.3696,602,0
2017-07-24,7.6,7.6,7.47,7.47,10247,0
2017-07-25,7.8625,7.9228,7.78,7.92,1423,0
2017-07-26,7.9399,7.9399,7.58,7.9314,1991,0
2017-07-27,7.94,8,7.91,7.91,2412,0
2017-07-31,8.0001,8.0001,7.7,7.7,3068,0
2017-08-01,7.7,7.7177,7.7,7.7077,2147,0
2017-08-02,7.92,7.93,7.756,7.9166,4053,0
2017-08-03,7.56,7.91,7.56,7.7488,1203,0
2017-08-08,8.25,8.5699,8.25,8.31,5667,0
2017-08-10,8.18,8.5,7.93,8.3,6228,0
2017-08-11,8.61,8.61,8.36,8.42,3336,0
2017-08-14,8.39,8.39,8.25,8.25,3800,0
2017-08-15,9.9,9.9,8.35,8.38,3061,0
2017-08-16,8.71,9.16,8.71,9.16,4319,0
2017-08-17,8.73,9.1099,7.291,8.82,2569,0
2017-08-18,8.58,8.95,8.58,8.95,211,0
2017-08-21,9.32,9.329,8.96,9.1187,11467,0
2017-08-22,9.5,9.5,9.1011,9.2,1202,0
2017-08-23,8.86,9.3399,8.86,9.1969,1459,0
2017-08-24,9.15,9.455,8.97,9.22,1637,0
2017-08-25,9.19,9.3,9.06,9.06,5680,0
2017-08-28,9.05,9.05,9.02,9.0226,600,0
2017-08-29,9.29,9.499,9.24,9.27,11312,0
2017-08-31,9.38,9.4806,9.34,9.4806,2543,0
2017-09-01,9.5,9.63,9.37,9.46,3802,0
2017-09-05,9.8729,9.88,9.17,9.33,4608,0
2017-09-06,9.55,9.61,9.26,9.61,18270,0
2017-09-07,9.6,9.6,9.45,9.5,5455,0
2017-09-08,9.22,9.22,9.04,9.16,7130,0
2017-09-11,9.475,9.475,9.47,9.47,202,0
2017-09-12,9.34,9.34,8.34,9.24,26873,0
2017-09-15,8.79,8.79,8.712,8.712,1006,0
2017-09-18,8.79,8.802,8.79,8.802,230,0
2017-09-19,8.79,9.349,8.79,9.08,21842,0
2017-09-21,9.12,9.12,8.91,8.91,2901,0
2017-09-22,8.9903,8.9903,8.9903,8.9903,250,0
2017-09-25,9.025,9.025,9.025,9.025,101,0
2017-09-26,8.97,9.01,8.94,8.95,638,0
2017-09-28,8.97,9.257,8.97,9.192,7538,0
2017-09-29,8.7,8.76,8.7,8.72,1323,0
2017-10-02,9.28,9.29,9.165,9.25,1857,0
2017-10-03,9.34,9.48,9.1661,9.48,4018,0
2017-10-04,9.45,9.67,9.45,9.5928,3705,0
2017-10-05,9.66,9.8489,9.66,9.8489,541,0
2017-10-06,9.48,9.568,9.48,9.5468,1900,0
2017-10-09,9.54,9.6,9.54,9.565,4369,0
2017-10-10,9.6863,9.77,9.64,9.6718,1400,0
2017-10-11,8.7995,9.79,8.7995,9.5877,4652,0
2017-10-12,9.7,9.85,9.7,9.85,429,0
2017-10-13,9.85,9.9,9.62,9.85,1903,0
2017-10-16,9.73,10.26,9.73,9.8468,7512,0
2017-10-17,9.52,9.56,9.46,9.5288,2853,0
2017-10-18,9.44,9.54,9.44,9.45,1702,0
2017-10-19,9.35,9.57,9.35,9.55,3122,0
2017-10-20,9.73,9.73,9.48,9.48,1172,0
2017-10-23,9.42,9.7799,9.42,9.7513,4237,0
2017-10-24,9.69,9.69,9.69,9.69,1158,0
2017-10-25,9.54,9.9,9.32,9.85,20845,0
2017-10-26,9.8734,9.8734,9.86,9.86,300,0
2017-10-27,9.9,9.9,9.561,9.561,332,0
2017-10-30,9.61,9.61,9.61,9.61,1015,0
2017-10-31,9.691,9.8525,9.691,9.8525,4603,0
2017-11-01,9.95,10,9.85,9.85,7994,0
2017-11-02,9.82,9.93,9.82,9.85,586,0
2017-11-03,9.73,9.9795,9.73,9.9795,1000,0
2017-11-06,9.86,9.86,9.825,9.825,702,0
2017-11-07,9.8,9.8,9.019,9.019,707,0
2017-11-08,9,9,9,9,130,0
2017-11-09,9.5,9.5,9.39,9.4885,535,0
