Date,Open,High,Low,Close,Volume,OpenInt
2008-03-17,40.01,40.15,40,40.15,1600,0
2008-03-18,40.05,43.2,40.03,40.49,42400,0
2008-03-19,40.24,40.78,40.24,40.72,128200,0
2008-03-20,40.3,40.32,40.13,40.23,64700,0
2008-03-24,40.13,40.13,40.04,40.11,24500,0
2008-03-25,40.18,40.22,40.11,40.16,30400,0
2008-03-26,40.2,40.24,40.2,40.24,48400,0
2008-03-27,40.24,40.33,40.24,40.32,56700,0
2008-03-28,40.39,40.39,40.29,40.31,86700,0
2008-03-31,40.2,40.4,40.2,40.39,85500,0
2008-04-01,40.34,41.18,40.25,40.34,64600,0
2008-04-02,40.3,40.34,40.22,40.26,107100,0
2008-04-03,40.3,40.3,40.2,40.22,61200,0
2008-04-04,40.24,40.26,40.19,40.23,77300,0
2008-04-07,40.25,40.31,40.25,40.29,97500,0
2008-04-08,40.28,40.28,40.22,40.25,52500,0
2008-04-09,40.19,40.21,40.13,40.15,48900,0
2008-04-10,40.19,40.22,40.15,40.22,31100,0
2008-04-11,40.14,40.16,40.08,40.15,48600,0
2008-04-14,40.14,40.29,40.13,40.21,191769,0
2008-04-15,40.22,40.27,40.16,40.24,135470,0
2008-04-16,40.17,40.17,40.13,40.15,104987,0
2008-04-17,40.11,40.17,40.08,40.12,145427,0
2008-04-18,40.03,40.05,39.9,39.94,98227,0
2008-04-21,39.8,39.88,39.78,39.88,40540,0
2008-04-22,39.9,39.9,39.77,39.8,123715,0
2008-04-23,39.82,39.82,39.73,39.8,25680,0
2008-04-24,39.71,39.71,39.5,39.5,66616,0
2008-04-25,39.42,39.42,39.31,39.36,32760,0
2008-04-28,39.36,39.44,39.3,39.44,28412,0
2008-04-29,39.54,39.62,39.54,39.62,38106,0
2008-04-30,39.62,39.69,39.61,39.69,23745,0
2008-05-01,39.63,39.66,39.58,39.62,23635,0
2008-05-02,39.5,39.52,39.47,39.52,35077,0
2008-05-05,39.58,39.61,39.53,39.61,21409,0
2008-05-06,39.46,39.55,39.45,39.55,34989,0
2008-05-07,39.29,39.3,39.22,39.24,34497,0
2008-05-08,39.2,39.28,39.15,39.28,13136,0
2008-05-09,39.38,39.46,39.32,39.46,27999,0
2008-05-12,39.33,39.4,39.28,39.4,10232,0
2008-05-13,39.28,39.32,39.23,39.32,16467,0
2008-05-14,39.27,39.34,39.17,39.33,120410,0
2008-05-15,39.2,39.25,39.19,39.22,11535,0
2008-05-16,39.24,39.35,39.23,39.34,80823,0
2008-05-19,39.39,39.45,39.28,39.29,20558,0
2008-05-20,39.44,39.44,39.35,39.41,21670,0
2008-05-21,39.55,39.62,39.55,39.62,26596,0
2008-05-22,39.45,39.58,39.45,39.58,16879,0
2008-05-23,39.78,39.78,39.7,39.78,32243,0
2008-05-27,39.75,39.75,39.6,39.65,25015,0
2008-05-28,39.54,39.55,39.34,39.43,71883,0
2008-05-29,39.43,39.56,39.37,39.37,39169,0
2008-05-30,39.45,39.54,39.45,39.54,7672,0
2008-06-02,39.55,39.64,39.55,39.64,10409,0
2008-06-03,39.7,39.7,39.53,39.53,8916,0
2008-06-04,39.53,39.59,39.33,39.47,20178,0
2008-06-05,39.34,39.52,39.34,39.49,8800,0
2008-06-06,39.55,39.64,39.55,39.6,15746,0
2008-06-09,39.67,39.67,39.53,39.56,24255,0
2008-06-10,39.4,39.42,39.34,39.41,3813,0
2008-06-11,39.69,39.69,39.55,39.62,35455,0
2008-06-12,39.52,39.6,39.44,39.6,50759,0
2008-06-13,39.58,39.66,39.58,39.63,6344,0
2008-06-16,39.61,39.7,39.61,39.66,11909,0
2008-06-17,39.7,39.7,39.69,39.7,3588,0
2008-06-18,39.75,39.79,39.73,39.79,12950,0
2008-06-19,39.81,39.93,39.81,39.91,30858,0
2008-06-20,39.91,40.14,39.91,40.14,13207,0
2008-06-23,40.11,40.11,39.98,40.05,28881,0
2008-06-24,40.1,40.1,40,40.04,10449,0
2008-06-25,40,40,39.34,39.83,35156,0
2008-06-26,40.05,40.05,39.87,39.99,6705,0
2008-06-27,40,40,39.81,39.83,8214,0
2008-06-30,39.8,39.97,39.78,39.91,38169,0
2008-07-01,40.04,40.04,39.94,40.03,6976,0
2008-07-02,40.06,40.06,39.88,39.93,5744,0
2008-07-03,40.09,40.09,39.87,39.88,10087,0
2008-07-07,39.9,40.01,39.77,40.01,27119,0
2008-07-08,40.07,40.15,39.95,40.15,36025,0
2008-07-09,40.04,40.14,40,40.05,5056,0
2008-07-10,40,40.1,40,40.08,12980,0
2008-07-11,40.15,40.15,40.03,40.15,16731,0
2008-07-14,40.2,40.2,40,40.09,30545,0
2008-07-15,40.18,40.23,40.18,40.23,24725,0
2008-07-16,40.27,40.27,40.15,40.19,7624,0
2008-07-17,40.31,40.31,40.14,40.17,8137,0
2008-07-18,40.15,40.19,40.13,40.15,11062,0
2008-07-21,40.11,40.11,40.07,40.07,17997,0
2008-07-22,40.1,40.12,39.87,39.87,20189,0
2008-07-23,39.81,39.86,39.76,39.86,11520,0
2008-07-24,39.91,39.93,39.85,39.88,5873,0
2008-07-25,39.84,40.14,39.84,40.14,24175,0
2008-07-28,39.96,40.05,39.93,39.93,15986,0
2008-07-29,39.85,39.93,39.8,39.86,13582,0
2008-07-30,39.95,39.95,39.8,39.89,14633,0
2008-07-31,39.8,40,39.57,40,82322,0
2008-08-01,39.77,39.84,39.67,39.83,14930,0
2008-08-04,39.65,39.71,39.55,39.55,22573,0
2008-08-05,39.36,39.45,39.29,39.35,23955,0
2008-08-06,39.42,39.59,39.41,39.49,18509,0
2008-08-07,39.42,39.57,39.41,39.43,13050,0
2008-08-08,39.42,39.51,39.32,39.32,11005,0
2008-08-11,39.31,39.32,39.17,39.18,25781,0
2008-08-12,39.2,39.28,39.2,39.2,7498,0
2008-08-13,39.22,39.6,39.22,39.55,5285,0
2008-08-14,39.54,39.64,39.47,39.52,5540,0
2008-08-15,39.4,39.47,39.4,39.42,3165,0
2008-08-18,39.27,39.42,39.27,39.35,17480,0
2008-08-19,39.28,39.42,39.28,39.29,8600,0
2008-08-20,39.49,39.5,39.46,39.46,9618,0
2008-08-21,39.64,39.64,39.49,39.49,1300,0
2008-08-22,39.44,39.58,39.44,39.56,5408,0
2008-08-25,39.42,39.5,39.36,39.5,3585,0
2008-08-26,39.55,39.55,39.32,39.32,1200,0
2008-08-27,39.47,39.69,39.47,39.6,5235,0
2008-08-28,39.67,39.9,39.22,39.53,2700,0
2008-08-29,39.57,39.63,39.57,39.57,2181,0
2008-09-02,39.4,39.59,39.4,39.45,7600,0
2008-09-03,39.47,39.48,39.33,39.37,25904,0
2008-09-04,39.54,39.54,39.41,39.41,3850,0
2008-09-05,39.47,39.49,39.4,39.4,7541,0
2008-09-08,39.3,39.57,39.3,39.43,5650,0
2008-09-09,39.55,39.61,39.51,39.57,19086,0
2008-09-10,39.5,39.62,39.5,39.55,25702,0
2008-09-11,39.51,39.52,39.47,39.47,9975,0
2008-09-12,39.61,39.61,39.2,39.51,5841,0
2008-09-15,39.49,39.56,39.22,39.22,6475,0
2008-09-16,39.2,39.51,36.51,36.92,37321,0
2008-09-17,36.49,39.39,29.37,39.39,478120,0
2008-09-18,37.46,39.35,36.15,39,69080,0
2008-09-19,37.51,39.5,37.51,39.4,69602,0
2008-09-22,39.4,39.65,38.4,39.59,14585,0
2008-09-23,39.74,39.75,39.62,39.62,6488,0
2008-09-24,39.6,39.66,39.47,39.65,12500,0
2008-09-25,39.55,39.6,39.51,39.51,6415,0
2008-09-26,39.29,39.41,39.03,39.16,31473,0
2008-09-29,39.3,39.6,23.4,38.21,35986,0
2008-09-30,38.17,38.2,36.5,37.87,24907,0
2008-10-01,38.5,38.5,37.82,37.95,18482,0
2008-10-02,38.18,38.75,38.18,38.5,7066,0
2008-10-03,38.47,38.71,38.2,38.46,34032,0
2008-10-06,38.09,38.28,37.65,37.69,75944,0
2008-10-07,38.08,38.78,38.07,38.38,78379,0
2008-10-08,38.17,40,38.17,39.75,37100,0
2008-10-09,39.9,39.99,39.23,39.32,3021,0
2008-10-10,38.84,38.96,37.48,37.78,24194,0
2008-10-13,38.2,39.4,38.09,38.7,30098,0
2008-10-14,38.93,39.59,38.93,39.59,10550,0
2008-10-15,39.12,39.41,39.1,39.13,5092,0
2008-10-16,39.05,39.49,39.05,39.49,6406,0
2008-10-17,39.4,39.55,39.22,39.55,4795,0
2008-10-20,39.38,39.84,39.38,39.73,4876,0
2008-10-21,39.42,39.42,39.34,39.36,8225,0
2008-10-22,39.34,39.66,39.34,39.4,3797,0
2008-10-23,39.16,39.5,39.1,39.1,2252,0
2008-10-24,38.91,39.07,37.85,38.61,13957,0
2008-10-27,38.79,38.83,38.44,38.83,14464,0
2008-10-28,39.11,39.11,39.11,39.11,130,0
2008-10-29,39.07,39.07,38.77,38.77,900,0
2008-10-30,38.8,39.1,38.8,39.09,13020,0
2008-10-31,38.84,39.13,38.84,39,6925,0
2008-11-03,38.72,39.5,38.72,39.26,8056,0
2008-11-04,39.35,39.5,39.27,39.27,2297,0
2008-11-05,39.36,39.5,39.23,39.23,3725,0
2008-11-06,39.34,39.34,39.23,39.27,4200,0
2008-11-07,39.23,39.23,39.11,39.11,3750,0
2008-11-10,39.43,39.5,39.42,39.43,103751,0
2008-11-11,39.29,39.32,39.24,39.29,1750,0
2008-11-12,39.37,39.37,39.21,39.21,6545,0
2008-11-13,39.43,39.43,39.33,39.37,3915,0
2008-11-14,39.12,39.32,39.12,39.2,5011,0
2008-11-17,39.22,39.22,39.22,39.22,300,0
2008-11-18,39.27,39.3,39.27,39.3,975,0
2008-11-19,39.26,39.31,39.26,39.3,3100,0
2008-11-20,39.33,39.95,39.28,39.53,37450,0
2008-11-21,39.6,39.99,39.6,39.98,10860,0
2008-11-24,39.99,40.14,39.97,40.14,7580,0
2008-11-25,39.94,39.94,39.89,39.94,2200,0
2008-11-26,40.09,40.09,39.99,40,2936,0
2008-11-28,39.84,39.91,39.32,39.86,6100,0
2008-12-01,39.49,39.49,39.29,39.29,4257,0
2008-12-02,39.2,39.25,39.1,39.1,5354,0
2008-12-03,37.7,38.93,37.7,38.93,20222,0
2008-12-04,39.04,39.2,38.08,39.05,21652,0
2008-12-05,39.54,39.56,38.42,39.27,36526,0
2008-12-08,39.26,39.42,39.17,39.37,10692,0
2008-12-09,39.28,39.34,39.23,39.26,3943,0
2008-12-10,39.34,39.42,39.18,39.28,5021,0
2008-12-11,37.9,39.48,37.8,39.35,25319,0
2008-12-12,39.39,39.48,39.39,39.39,4608,0
2008-12-15,39.33,39.43,39,39.43,4555,0
2008-12-16,39.38,39.41,39.33,39.41,700,0
2008-12-17,39.42,39.53,39.2,39.29,4167,0
2008-12-18,39.26,39.89,39.23,39.37,7710,0
2008-12-19,39.05,39.37,39.05,39.34,5724,0
2008-12-22,39.42,39.47,39.36,39.44,12330,0
2008-12-23,39.3,39.39,39.3,39.3,1300,0
2008-12-24,39.28,39.28,39.25,39.25,2352,0
2008-12-26,39.3,39.33,39.25,39.25,2652,0
2008-12-29,39.3,39.45,39.28,39.36,8505,0
2008-12-30,39.44,39.9,39.34,39.9,4215,0
2008-12-31,39.48,39.48,39.43,39.48,3055,0
2009-01-02,39.54,39.55,39.54,39.55,225,0
2009-01-05,39.59,39.69,39.5,39.59,3390,0
2009-01-06,39.61,39.61,39.37,39.61,4640,0
2009-01-07,39.71,39.71,39.49,39.52,27610,0
2009-01-08,39.45,39.48,39.4,39.41,1250,0
2009-01-09,39.52,39.52,39.43,39.43,650,0
2009-01-12,39.45,39.46,39.44,39.44,2025,0
2009-01-13,39.44,39.44,39.44,39.44,225,0
2009-01-14,39.48,39.54,39.45,39.48,2645,0
2009-01-15,39.48,39.49,39.48,39.48,950,0
2009-01-16,39.46,39.56,39.46,39.56,1175,0
2009-01-20,39.57,39.58,39.57,39.57,1085,0
2009-01-21,39.54,39.54,39.5,39.5,400,0
2009-01-22,39.57,39.69,39.57,39.69,1775,0
2009-01-23,39.44,39.6,39.44,39.6,1980,0
2009-01-26,39.51,39.59,39.5,39.59,565,0
2009-01-27,39.55,39.6,39.55,39.6,1900,0
2009-01-28,39.56,39.6,39.49,39.6,1500,0
2009-01-29,39.55,39.62,39.55,39.62,2500,0
2009-01-30,39.69,39.72,39.68,39.68,1217,0
2009-02-02,39.78,39.99,39.78,39.93,4867,0
2009-02-03,40.58,40.58,40.17,40.22,9142,0
2009-02-04,40.25,40.3,40.23,40.3,14284,0
2009-02-05,40.3,40.39,40.3,40.38,864,0
2009-02-06,40.43,40.43,40.43,40.43,1000,0
2009-02-09,40.55,40.55,40.41,40.43,2772,0
2009-02-10,40.21,40.3,40.21,40.27,2400,0
2009-02-11,40.33,40.33,40.24,40.24,1232,0
2009-02-12,40.3,40.34,40.3,40.33,2105,0
2009-02-13,40.32,40.32,40.3,40.3,1242,0
2009-02-17,40.2,40.2,40.15,40.15,1850,0
2009-02-18,40.2,40.2,40.2,40.2,700,0
2009-02-19,40.3,40.33,40.3,40.33,934,0
2009-02-20,40.27,40.3,40.27,40.3,727,0
2009-02-23,40.31,40.33,40.31,40.33,600,0
2009-02-24,40.33,40.33,40.33,40.33,1300,0
2009-02-25,40.32,40.32,40.32,40.32,503,0
2009-02-26,40.29,40.29,40.29,40.29,1000,0
2009-02-27,40.28,40.44,40.25,40.43,9305,0
2009-03-02,40.49,40.49,40.31,40.31,566,0
2009-03-03,40.25,40.27,40.19,40.27,6338,0
2009-03-05,40.37,40.38,40.29,40.32,1325,0
2009-03-06,40.27,40.49,40.27,40.49,3194,0
2009-03-09,40.26,40.3,40.26,40.3,4142,0
2009-03-11,40.23,40.23,40.23,40.23,110,0
2009-03-12,40.24,40.26,40.24,40.26,2440,0
2009-03-13,40.29,40.42,40.25,40.25,1782,0
2009-03-17,40.31,40.31,40.31,40.31,1530,0
2009-03-18,40.32,40.4,40.31,40.4,975,0
2009-03-19,40.41,40.71,40.41,40.64,2431,0
2009-03-20,40.5,40.5,40.5,40.5,200,0
2009-03-23,40.52,40.52,40.44,40.44,850,0
2009-03-24,40.62,40.62,40.62,40.62,100,0
2009-03-25,40.62,40.75,40.62,40.75,1100,0
2009-03-26,40.73,40.91,40.73,40.91,8978,0
2009-03-27,40.58,42.9,40.58,41.02,28094,0
2009-03-30,41.13,41.13,40.84,41.1,6417,0
2009-03-31,41.12,41.18,41.12,41.18,987,0
2009-04-01,41.21,41.21,40.91,40.98,2871,0
2009-04-02,40.76,40.9,40.75,40.76,1600,0
2009-04-03,40.97,40.98,40.68,40.98,2875,0
2009-04-06,40.74,40.74,40.52,40.66,1325,0
2009-04-07,40.77,40.81,40.7,40.81,2047,0
2009-04-08,40.76,41,40.75,40.75,7300,0
2009-04-09,40.62,40.62,40.58,40.58,2000,0
2009-04-13,40.75,40.75,40.52,40.69,2140,0
2009-04-14,40.64,40.64,40.48,40.48,837,0
2009-04-15,40.48,40.5,40.48,40.48,1800,0
2009-04-16,40.54,40.55,40.48,40.48,2191,0
2009-04-17,40.54,40.54,40.41,40.41,3215,0
2009-04-20,40.46,40.47,40.4,40.47,1603,0
2009-04-21,40.55,40.55,40.55,40.55,100,0
2009-04-22,40.58,40.58,40.5,40.5,600,0
2009-04-23,40.5,40.58,40.44,40.58,1040,0
2009-04-24,40.55,40.68,40.55,40.68,1350,0
2009-04-27,40.62,40.62,40.54,40.6,700,0
2009-04-28,40.61,40.61,40.61,40.61,224,0
2009-04-29,40.69,40.75,40.57,40.65,1911,0
2009-04-30,40.65,40.71,40.6,40.71,1717,0
2009-05-01,40.58,40.58,40.58,40.58,200,0
2009-05-04,40.65,40.65,40.65,40.65,100,0
2009-05-05,39.9,40.68,39.9,40.68,4909,0
2009-05-06,40.67,40.67,40.59,40.59,560,0
2009-05-07,40.61,40.61,40.55,40.55,1000,0
2009-05-08,40.68,40.73,40.65,40.65,2337,0
2009-05-11,40.69,40.69,40.49,40.49,2299,0
2009-05-12,40.55,40.55,40.55,40.55,1111,0
2009-05-13,40.54,40.59,40.51,40.59,947,0
2009-05-14,40.63,40.63,40.5,40.57,2000,0
2009-05-15,40.56,40.56,40.56,40.56,145,0
2009-05-18,40.56,40.65,40.49,40.49,1716,0
2009-05-19,40.63,40.72,40.56,40.56,3585,0
2009-05-20,40.5,40.61,40.47,40.55,4296,0
2009-05-21,40.58,40.75,40.46,40.74,11736,0
2009-05-22,40.67,40.8,40.65,40.66,7917,0
2009-05-26,40.52,40.7,40.52,40.7,4000,0
2009-05-27,40.6,40.66,40.56,40.56,2148,0
2009-05-28,40.6,40.62,40.55,40.62,1075,0
2009-05-29,40.64,40.8,40.64,40.8,5000,0
2009-06-01,41.92,41.92,40.63,40.76,12274,0
2009-06-02,40.74,40.82,40.65,40.76,10847,0
2009-06-03,40.67,40.67,40.59,40.67,1900,0
2009-06-04,40.62,40.78,40.55,40.78,3560,0
2009-06-05,40.56,40.72,40.55,40.56,9784,0
2009-06-08,40.61,40.61,40.29,40.45,16075,0
2009-06-09,40.16,40.62,40.16,40.58,6664,0
2009-06-10,40.58,40.58,40.51,40.56,1200,0
2009-06-11,40.52,40.55,40.5,40.55,2115,0
2009-06-12,40.47,40.51,40.47,40.51,710,0
2009-06-15,40.51,40.51,40.51,40.51,400,0
2009-06-16,40.5,40.5,40.5,40.5,200,0
2009-06-17,40.5,40.5,40.4,40.5,3517,0
2009-06-18,40.45,40.51,40.45,40.51,2674,0
2009-06-19,40.47,40.51,40.37,40.51,1975,0
2009-06-23,40.49,40.52,40.49,40.51,1214,0
2009-06-24,40.45,40.56,40.38,40.56,8020,0
2009-06-26,40.49,40.55,40.49,40.55,1100,0
2009-06-29,40.4,40.54,40.4,40.54,3788,0
2009-06-30,40.57,40.57,40.47,40.47,1701,0
2009-07-01,40.49,40.51,40.43,40.43,1481,0
2009-07-02,40.43,40.49,40.43,40.49,1400,0
2009-07-06,40.49,40.49,40.39,40.39,3324,0
2009-07-07,40.39,40.42,40.39,40.42,2237,0
2009-07-08,40.41,40.41,40.4,40.4,1244,0
2009-07-09,40.46,40.46,40.41,40.41,495,0
2009-07-10,40.38,40.6,40.38,40.43,2013,0
2009-07-13,40.38,40.4,40.38,40.39,1636,0
2009-07-14,40.46,40.46,40.41,40.41,400,0
2009-07-16,40.38,40.45,40.38,40.4,2601,0
2009-07-17,40.41,40.41,40.4,40.4,400,0
2009-07-20,40.41,40.42,40.41,40.42,1252,0
2009-07-21,40.44,40.44,40.39,40.39,2523,0
2009-07-22,40.4,40.47,40.4,40.47,1650,0
2009-07-23,40.36,40.47,40.36,40.4,2716,0
2009-07-24,40.42,40.71,40.42,40.71,4891,0
2009-07-27,40.37,40.77,40.37,40.77,4883,0
2009-07-28,40.5,40.52,40.45,40.52,1300,0
2009-07-29,40.42,40.43,40.42,40.43,650,0
2009-07-30,40.49,40.62,40.49,40.62,6401,0
2009-07-31,40.54,40.54,40.48,40.48,200,0
2009-08-03,40.17,40.45,40.17,40.42,2622,0
2009-08-04,40.4,40.41,40.4,40.41,1700,0
2009-08-05,40.34,40.51,40.34,40.51,2924,0
2009-08-06,40.47,40.6,40.36,40.58,2878,0
2009-08-07,40.5,40.51,40.34,40.35,2012,0
2009-08-10,40.32,40.35,40.32,40.35,2528,0
2009-08-11,40.43,40.45,40.43,40.45,1050,0
2009-08-12,40.38,40.38,40.31,40.32,1904,0
2009-08-13,40.32,40.43,40.32,40.43,225,0
2009-08-14,40.41,40.41,40.33,40.4,1491,0
2009-08-17,40.26,40.31,40.26,40.26,4300,0
2009-08-18,40.35,40.35,40.33,40.35,950,0
2009-08-19,40.26,40.43,40.25,40.43,2880,0
2009-08-20,40.45,40.46,40.29,40.46,1544,0
2009-08-24,40.45,40.56,40.31,40.35,6577,0
2009-08-25,40.38,40.38,40.38,40.38,700,0
2009-08-26,40.38,40.5,40.38,40.5,798,0
2009-08-27,40.33,40.45,40.28,40.45,2200,0
2009-08-28,40.27,40.44,40.27,40.44,900,0
2009-08-31,40.28,40.53,40.28,40.45,1600,0
2009-09-01,40.34,40.37,40.28,40.29,798,0
2009-09-02,40.09,40.37,40.09,40.32,870,0
2009-09-03,40.44,40.44,40.38,40.44,1000,0
2009-09-04,40.45,40.45,40.39,40.45,2651,0
2009-09-08,40.48,40.48,40.21,40.41,4273,0
2009-09-09,40.47,40.57,40.45,40.57,3091,0
2009-09-10,40.72,40.72,40.3,40.34,12918,0
2009-09-11,40.35,40.39,40.29,40.3,9663,0
2009-09-14,40.3,40.39,40.08,40.27,13189,0
2009-09-15,40.31,40.32,40.3,40.31,4985,0
2009-09-16,40.33,40.4,40.24,40.34,10599,0
2009-09-17,40.43,40.43,40.29,40.31,4200,0
2009-09-18,40.29,40.29,40.29,40.29,200,0
2009-09-21,40.44,40.54,40.41,40.54,2900,0
2009-09-22,40.37,40.4,40.31,40.32,2487,0
2009-09-23,40.43,40.49,40.33,40.36,7137,0
2009-09-24,40.47,40.47,40.38,40.39,1799,0
2009-09-25,40.46,40.46,40.34,40.44,929,0
2009-09-28,40.43,40.43,40.43,40.43,200,0
2009-09-29,40.27,40.27,40.27,40.27,801,0
2009-09-30,40.44,40.44,40.41,40.42,955,0
2009-10-01,40.35,40.4,40.34,40.39,1687,0
2009-10-02,40.3,40.4,40.29,40.4,3774,0
2009-10-05,40.4,40.44,40.3,40.44,2134,0
2009-10-06,40.48,40.48,40.32,40.32,5078,0
2009-10-07,40.46,40.48,40.44,40.44,3406,0
2009-10-08,40.48,40.51,40.4,40.46,1200,0
2009-10-09,40.34,40.44,40.33,40.36,1025,0
2009-10-12,40.32,40.45,40.32,40.45,1722,0
2009-10-13,40.44,40.57,40.33,40.41,11954,0
2009-10-14,40.43,40.43,40.36,40.37,1928,0
2009-10-15,40.42,40.56,40.35,40.35,10467,0
2009-10-16,40.33,40.4,40.33,40.4,7155,0
2009-10-19,40.54,40.64,40.4,40.48,22695,0
2009-10-20,40.45,40.58,40.4,40.47,8211,0
2009-10-21,40.42,40.42,40.39,40.4,1187,0
2009-10-22,40.35,40.56,40.35,40.43,12931,0
2009-10-23,40.52,40.52,40.39,40.42,13341,0
2009-10-26,40.43,40.44,40.35,40.37,4202,0
2009-10-27,40.36,40.5,40.36,40.36,34606,0
2009-10-28,40.35,40.38,40.35,40.35,1070,0
2009-10-29,40.37,40.39,40.32,40.38,4131,0
2009-10-30,40.39,40.39,40.32,40.37,5000,0
2009-11-02,40.37,40.39,40.26,40.27,10120,0
2009-11-03,40.33,40.4,40.33,40.4,4336,0
2009-11-04,40.35,40.49,40.35,40.4,4722,0
2009-11-05,40.41,40.46,40.36,40.41,5797,0
2009-11-06,40.43,40.45,40.34,40.38,14354,0
2009-11-09,40.4,40.49,40.35,40.35,10126,0
2009-11-10,40.35,40.44,40.33,40.43,11457,0
2009-11-11,40.41,41.18,40.4,41.18,33438,0
2009-11-12,40.58,40.63,40.4,40.42,54959,0
2009-11-13,40.47,40.48,40.43,40.47,9975,0
2009-11-16,40.55,40.55,40.43,40.46,19496,0
2009-11-17,40.47,40.5,40.42,40.44,18545,0
2009-11-18,40.44,40.44,40.41,40.44,4855,0
2009-11-19,40.42,40.42,40.35,40.41,6288,0
2009-11-20,40.35,40.4,40.3,40.34,11870,0
2009-11-23,40.41,40.41,40.33,40.4,4935,0
2009-11-24,40.39,40.42,40.38,40.42,4992,0
2009-11-25,40.4,40.43,40.39,40.43,1595,0
2009-11-27,40.43,40.44,40.32,40.42,10390,0
2009-11-30,40.38,40.38,40.24,40.31,48869,0
2009-12-01,40.35,40.35,40.3,40.32,4105,0
2009-12-02,40.32,40.32,40.21,40.25,1890,0
2009-12-03,40.25,40.36,40.24,40.34,16488,0
2009-12-04,40.35,40.35,40.26,40.26,1544,0
2009-12-07,40.24,40.25,40.23,40.23,1113,0
2009-12-08,40.3,40.3,40.21,40.24,2854,0
2009-12-09,40.28,40.28,40.22,40.28,2000,0
2009-12-10,40.28,40.28,40.2,40.28,801,0
2009-12-11,40.18,40.28,40.18,40.25,1023,0
2009-12-14,40.19,40.2,40.19,40.19,1105,0
2009-12-15,40.15,40.25,40.15,40.25,1791,0
2009-12-16,40.17,40.24,40.16,40.24,735,0
2009-12-17,40.15,40.38,40.15,40.26,13858,0
2009-12-18,40.15,40.2,40.15,40.2,1500,0
2009-12-21,40.26,40.26,40.17,40.18,2720,0
2009-12-22,40.25,40.25,40.19,40.2,2350,0
2009-12-23,40.25,40.25,40.19,40.25,4076,0
2009-12-24,40.26,40.26,40.18,40.25,2486,0
2009-12-28,40.25,40.25,40.15,40.18,4900,0
2009-12-29,40.15,40.17,40.13,40.13,1500,0
2009-12-30,40.17,40.2,40.15,40.2,850,0
2009-12-31,40.17,40.26,40.17,40.22,2620,0
2010-01-04,40.25,41.19,40.17,40.25,3326,0
2010-01-05,40.16,40.18,40.16,40.17,4170,0
2010-01-06,40.24,40.24,40.16,40.22,7175,0
2010-01-07,40.27,40.27,40.23,40.25,4480,0
2010-01-08,40.25,40.31,40.22,40.31,3448,0
2010-01-11,40.32,40.32,40.23,40.31,2837,0
2010-01-12,40.23,40.32,40.22,40.23,4480,0
2010-01-13,40.3,40.3,40.27,40.3,3340,0
2010-01-14,40.26,40.3,40.26,40.27,935,0
2010-01-15,40.26,40.34,40.26,40.33,9105,0
2010-01-19,40.3,40.34,40.13,40.32,20726,0
2010-01-20,40.3,40.33,40.05,40.3,28650,0
2010-01-21,40.34,40.34,40.2,40.22,2700,0
2010-01-22,40.24,40.28,40.21,40.21,4420,0
2010-01-25,40.22,40.33,40.22,40.24,7775,0
2010-01-26,40.24,40.33,40.24,40.3,7110,0
2010-01-27,40.24,40.32,40.06,40.27,34812,0
2010-01-28,40.3,40.3,40.3,40.3,950,0
2010-01-29,40.36,40.46,40.36,40.46,1807,0
2010-02-01,40.3,40.42,40.3,40.41,14805,0
2010-02-02,40.36,40.36,40.34,40.34,400,0
2010-02-03,40.3,40.3,40.3,40.3,1200,0
2010-02-04,40.3,40.44,40.25,40.29,6325,0
2010-02-05,40.26,40.37,40.2,40.27,7839,0
2010-02-08,40.22,40.27,40.22,40.23,1500,0
2010-02-09,40.28,40.32,40.2,40.3,3522,0
2010-02-10,40.21,40.21,40.21,40.21,200,0
2010-02-11,40.28,40.28,40.15,40.15,9367,0
2010-02-12,40.17,40.25,40.17,40.25,1375,0
2010-02-16,40.25,40.29,40.24,40.29,6550,0
2010-02-17,40.27,40.31,40.24,40.3,8187,0
2010-02-18,40.29,40.39,40.25,40.3,8253,0
2010-02-19,40.22,40.3,40.22,40.3,2765,0
2010-02-22,40.3,40.32,40.25,40.32,3853,0
2010-02-23,40.21,40.31,40.21,40.28,1350,0
2010-02-24,40.21,40.32,40.21,40.3,1725,0
2010-02-25,40.2,40.2,40.2,40.2,1000,0
2010-02-26,40.21,40.32,40.21,40.27,2750,0
2010-03-01,40.23,40.31,40.23,40.31,950,0
2010-03-02,40.19,40.31,40.19,40.29,10500,0
2010-03-03,40.28,40.28,40.22,40.22,7265,0
2010-03-04,40.29,40.29,40.21,40.23,3248,0
2010-03-05,40.26,40.29,40.23,40.23,8434,0
2010-03-08,40.29,40.29,40.2,40.26,8526,0
2010-03-09,40.27,40.27,40.2,40.2,4900,0
2010-03-10,40.25,40.29,40.22,40.23,6276,0
2010-03-11,40.27,40.27,40.21,40.24,2782,0
2010-03-12,40.27,40.38,40.25,40.34,26775,0
2010-03-15,39.83,40.25,39.83,40.23,4750,0
2010-03-16,40.19,40.24,40.19,40.22,5254,0
2010-03-17,40.2,40.27,40.2,40.26,8318,0
2010-03-18,40.21,40.21,40.2,40.21,1600,0
2010-03-19,40.22,40.22,40.17,40.21,10986,0
2010-03-22,40.15,42.39,40.15,42.19,96201,0
2010-03-23,41.23,41.23,40.2,40.23,16795,0
2010-03-24,40.43,40.43,40.15,40.27,10207,0
2010-03-25,40.27,40.27,40.17,40.22,5914,0
2010-03-26,40.29,41.09,40.21,40.33,11300,0
2010-03-29,40.17,40.35,40.17,40.35,3283,0
2010-03-30,40.39,40.39,40.28,40.29,3550,0
2010-03-31,40.31,40.62,40.26,40.32,10551,0
2010-04-01,40.35,40.49,40.3,40.41,16075,0
2010-04-05,40.45,40.84,40.33,40.78,44185,0
2010-04-06,40.37,40.66,40.37,40.65,17237,0
2010-04-07,40.59,40.67,40.5,40.62,23147,0
2010-04-08,40.79,41.23,40.61,40.82,46293,0
2010-04-09,40.85,40.85,40.65,40.7,40551,0
2010-04-12,40.65,40.65,40.49,40.5,22707,0
2010-04-13,40.5,40.53,40.35,40.44,14110,0
2010-04-14,40.44,40.5,40.28,40.29,14796,0
2010-04-15,40.04,40.75,40.04,40.41,20630,0
2010-04-16,40.45,40.45,40.27,40.42,2135,0
2010-04-19,40.4,40.4,40.26,40.31,11065,0
2010-04-20,40.37,40.37,40.27,40.34,6886,0
2010-04-21,40.34,40.34,40.2,40.27,10498,0
2010-04-22,40.33,40.46,40.25,40.37,5989,0
2010-04-23,40.36,40.43,40.32,40.33,2300,0
2010-04-26,40.38,40.38,40.23,40.26,25028,0
2010-04-27,40.2,40.3,40.2,40.2,5855,0
2010-04-28,40.21,40.26,40.2,40.21,7431,0
2010-04-29,40.22,40.33,40.2,40.25,6750,0
2010-04-30,40.23,40.24,40.15,40.24,17621,0
2010-05-03,40.33,40.33,40.13,40.14,19937,0
2010-05-04,40.13,40.18,40.07,40.16,10453,0
2010-05-05,40.1,40.14,40,40.07,5228,0
2010-05-06,40.01,40.05,39.9,39.9,11912,0
2010-05-07,39.9,39.95,39.35,39.88,17760,0
2010-05-10,39.75,40.75,39.75,39.87,5827,0
2010-05-11,39.75,40,39.75,39.95,8336,0
2010-05-12,39.87,39.99,39.86,39.88,9093,0
2010-05-13,40.03,40.03,39.95,39.97,3573,0
2010-05-14,39.76,39.95,39.76,39.93,4244,0
2010-05-17,39.84,39.92,39.78,39.82,6649,0
2010-05-18,39.85,39.93,39.72,39.84,4832,0
2010-05-19,39.79,39.86,39.74,39.75,9442,0
2010-05-20,39.59,39.77,39.3,39.77,12320,0
2010-05-21,39.78,39.83,39.74,39.79,5460,0
2010-05-24,40.01,40.01,39.8,39.8,1825,0
2010-05-25,39.52,39.82,39.52,39.57,3490,0
2010-05-26,39.57,39.74,39.57,39.64,11795,0
2010-05-27,39.61,39.84,39.61,39.7,3575,0
2010-06-01,39.88,39.88,39.64,39.65,1676,0
2010-06-02,39.89,39.89,39.59,39.73,3911,0
2010-06-03,39.57,39.6,39.57,39.6,1075,0
2010-06-04,39.55,39.88,39.55,39.7,11045,0
2010-06-07,39.7,39.7,39.55,39.56,3563,0
2010-06-08,39.55,39.7,39.54,39.7,2082,0
2010-06-09,39.7,39.72,39.52,39.52,11290,0
2010-06-10,39.51,39.79,39.51,39.74,1650,0
2010-06-11,39.63,39.63,39.61,39.62,414,0
2010-06-14,39.51,39.77,39.51,39.74,9303,0
2010-06-15,39.7,39.7,39.6,39.6,6877,0
2010-06-16,39.73,39.77,39.54,39.77,700,0
2010-06-17,39.81,39.81,39.58,39.58,2268,0
2010-06-18,39.57,39.81,39.57,39.69,7653,0
2010-06-21,40.24,40.69,40.1,40.12,17133,0
2010-06-22,40,40,39.86,39.9,4115,0
2010-06-23,39.94,39.94,39.7,39.7,10350,0
2010-06-24,39.71,40.01,39.71,39.97,4797,0
2010-06-25,40,40,39.93,39.98,700,0
2010-06-28,39.93,39.95,39.84,39.95,2970,0
2010-06-29,39.96,39.96,39.53,39.95,2020,0
2010-06-30,39.98,40.07,39.94,39.94,1903,0
2010-07-01,39.93,40,39.93,39.95,797,0
2010-07-02,40,40.04,39.95,39.95,4353,0
2010-07-06,40,40.08,39.96,40,2770,0
2010-07-07,40.16,40.16,40.04,40.05,5200,0
2010-07-08,39.94,40.3,39.94,40.12,3384,0
2010-07-09,39.99,40.3,39.99,40.03,840,0
2010-07-12,40.09,40.15,40.08,40.15,3512,0
2010-07-13,40.14,40.15,40.08,40.15,3295,0
2010-07-14,40.13,40.14,40.11,40.11,1095,0
2010-07-15,40.09,40.12,40.08,40.09,3683,0
2010-07-16,40.1,40.12,40,40,5577,0
2010-07-19,40,40.03,39.9,39.92,1300,0
2010-07-20,40.07,40.07,39.9,39.9,224,0
2010-07-21,39.93,39.93,39.92,39.92,1244,0
2010-07-22,39.91,40.03,39.91,40.03,1552,0
2010-07-26,39.89,40,39.89,39.97,2646,0
2010-07-27,39.92,40.08,39.92,40.08,3218,0
2010-07-28,40.07,40.07,39.98,39.98,1725,0
2010-07-29,40.08,40.08,39.97,39.97,1025,0
2010-07-30,39.97,40.05,39.87,39.87,4353,0
2010-08-02,40.08,40.08,39.92,39.92,3850,0
2010-08-03,40.08,40.08,39.92,40.04,2870,0
2010-08-04,40.05,40.05,39.91,39.91,350,0
2010-08-05,40.03,40.11,40.03,40.11,1160,0
2010-08-06,39.98,40.16,39.82,39.98,4274,0
2010-08-09,40,40,40,40,900,0
2010-08-10,39.93,39.93,39.93,39.93,400,0
2010-08-11,39.96,39.98,39.95,39.95,2050,0
2010-08-12,39.94,39.94,39.75,39.89,4218,0
2010-08-13,39.78,39.81,39.77,39.8,1200,0
2010-08-16,39.74,39.76,39.69,39.69,4747,0
2010-08-17,39.27,39.9,39.27,39.9,5932,0
2010-08-18,39.82,39.92,39.82,39.85,525,0
2010-08-19,39.83,39.83,39.82,39.82,450,0
2010-08-20,39.82,39.82,39.81,39.82,725,0
2010-08-23,39.8,39.8,39.79,39.79,350,0
2010-08-24,39.74,39.8,39.67,39.79,2835,0
2010-08-25,39.76,39.81,39.75,39.8,7076,0
2010-08-26,39.75,39.75,39.75,39.75,550,0
2010-08-27,39.74,39.81,39.74,39.77,4005,0
2010-08-30,39.91,39.91,39.79,39.79,1462,0
2010-08-31,39.7,39.7,39.66,39.66,650,0
2010-09-01,39.69,39.7,39.69,39.69,900,0
2010-09-02,39.69,39.75,39.69,39.75,2800,0
2010-09-03,39.74,39.79,39.73,39.78,4288,0
2010-09-07,39.76,39.82,39.75,39.82,3700,0
2010-09-08,39.83,39.87,39.67,39.82,14622,0
2010-09-09,39.88,39.93,39.87,39.87,2340,0
2010-09-10,39.95,40.09,39.9,40.09,6377,0
2010-09-13,40.07,40.14,39.94,40.14,4835,0
2010-09-14,40.1,40.23,40.07,40.21,2666,0
2010-09-15,40.07,40.14,40.07,40.14,11268,0
2010-09-16,40.21,40.34,40.21,40.27,2170,0
2010-09-17,40.34,40.41,40.2,40.37,1705,0
2010-09-20,40.37,40.37,39.66,40.35,6700,0
2010-09-21,40.3,40.47,40.3,40.39,15593,0
2010-09-22,40.42,40.49,40.37,40.49,2100,0
2010-09-23,40.5,40.5,40.41,40.41,900,0
2010-09-24,40.45,40.48,40.35,40.45,4128,0
2010-09-27,40.37,40.45,40.37,40.45,8100,0
2010-09-28,40.37,40.47,40.37,40.38,2448,0
2010-09-29,40.74,40.74,40.41,40.41,5532,0
2010-09-30,40.48,40.51,40.48,40.51,350,0
2010-10-01,40.4,40.55,40.4,40.49,4908,0
2010-10-04,40.27,40.47,40.27,40.38,822,0
2010-10-05,40.53,40.53,40.38,40.38,1425,0
2010-10-06,40.46,40.74,40.45,40.74,13261,0
2010-10-07,40.57,40.57,40.5,40.5,4600,0
2010-10-08,40.56,40.61,40.41,40.59,5923,0
2010-10-11,40.43,40.71,40.43,40.68,8160,0
2010-10-12,40.5,40.55,40.48,40.48,3592,0
2010-10-13,40.48,40.62,40.48,40.62,3412,0
2010-10-14,40.74,40.78,40.67,40.76,6887,0
2010-10-15,40.81,40.81,40.65,40.72,4127,0
2010-10-18,40.71,40.74,40.68,40.74,700,0
2010-10-19,40.53,40.57,40.43,40.57,5170,0
2010-10-20,40.65,40.69,40.46,40.6,10247,0
2010-10-21,40.69,40.69,40.54,40.58,3900,0
2010-10-22,40.5,40.5,40.42,40.42,6140,0
2010-10-25,40.6,40.6,40.38,40.38,19330,0
2010-10-26,40.3,40.39,40.25,40.25,1895,0
2010-10-27,40.12,40.22,40.04,40.05,5336,0
2010-10-28,40.14,40.33,40.14,40.25,10062,0
2010-10-29,40.38,40.39,40.32,40.32,4691,0
2010-11-01,40.21,40.41,40.21,40.37,4179,0
2010-11-02,40.26,40.43,40.26,40.42,4264,0
2010-11-03,40.47,40.49,40.36,40.49,2030,0
2010-11-04,40.5,40.56,40.5,40.5,14531,0
2010-11-05,40.34,40.45,40.34,40.4,3603,0
2010-11-08,40.29,40.32,40.22,40.25,3695,0
2010-11-09,40.38,40.4,40.3,40.35,11008,0
2010-11-10,40.5,40.5,40.36,40.43,6612,0
2010-11-11,40.45,40.45,40.43,40.44,6251,0
2010-11-12,40.3,40.39,40.25,40.36,10961,0
2010-11-15,40.23,40.32,40.23,40.27,3775,0
2010-11-16,40.2,40.23,40.08,40.22,4759,0
2010-11-17,40.19,40.27,40.06,40.27,2600,0
2010-11-18,40.38,40.38,40.22,40.3,2505,0
2010-11-19,40.18,40.33,40.18,40.22,3106,0
2010-11-22,40.33,40.36,40.16,40.18,2670,0
2010-11-23,40.03,40.06,39.98,40,21109,0
2010-11-24,40.19,40.19,40.05,40.15,2121,0
2010-11-26,40.1,40.1,40.1,40.1,400,0
2010-11-29,40.04,40.06,39.9,40.05,5424,0
2010-11-30,40.09,40.09,39.89,40,3298,0
2010-12-01,40.04,40.16,40.03,40.06,15200,0
2010-12-02,40.06,40.15,40.06,40.15,1110,0
2010-12-03,40.1,40.15,40.04,40.15,6899,0
2010-12-06,40.13,40.13,40.1,40.1,2500,0
2010-12-07,40.13,40.2,40.12,40.12,2520,0
2010-12-08,40.12,40.2,40,40.2,3453,0
2010-12-09,40.03,40.23,40.01,40.23,4906,0
2010-12-10,40.04,40.1,40.04,40.07,55168,0
2010-12-13,40.08,40.25,40.07,40.07,4700,0
2010-12-14,40.06,40.24,40.06,40.18,7098,0
2010-12-15,40.1,40.19,40.06,40.07,6369,0
2010-12-16,40.15,40.15,40,40,1508,0
2010-12-17,40.02,40.03,40.02,40.03,1180,0
2010-12-20,40.23,40.47,39.99,40.05,131898,0
2010-12-21,40.2,40.31,40.18,40.28,57447,0
2010-12-22,40.27,40.43,40.24,40.29,39508,0
2010-12-23,40.28,40.31,40.23,40.23,19657,0
2010-12-27,40.35,40.41,40.25,40.32,32760,0
2010-12-28,40.26,40.48,40.26,40.48,83625,0
2010-12-29,40.6,40.6,40.35,40.35,41443,0
2010-12-30,40.36,40.45,40.36,40.4,19208,0
2010-12-31,40.54,40.59,40.53,40.57,18173,0
2011-01-03,40.61,40.67,40.6,40.64,35559,0
2011-01-04,40.6,40.6,40.53,40.57,26748,0
2011-01-05,40.39,40.65,40.34,40.47,165279,0
2011-01-06,40.53,40.58,40.39,40.44,347735,0
2011-01-07,40.42,40.55,40.32,40.36,84971,0
2011-01-10,40.3,40.37,40.3,40.37,105417,0
2011-01-11,40.46,40.61,40.46,40.52,256190,0
2011-01-12,40.78,40.78,40.55,40.57,192587,0
2011-01-13,40.63,40.63,40.52,40.56,109584,0
2011-01-14,40.51,40.52,40.39,40.44,115081,0
2011-01-18,40.47,40.57,40.42,40.45,135127,0
2011-01-19,40.43,40.43,40.3,40.3,39034,0
2011-01-20,40.38,40.38,40.26,40.28,28195,0
2011-01-21,40.46,40.46,40.3,40.32,44910,0
2011-01-24,40.4,40.44,40.34,40.37,134793,0
2011-01-25,40.38,40.4,40.32,40.34,40608,0
2011-01-26,40.36,40.39,40.34,40.39,45764,0
2011-01-27,40.42,40.51,40.35,40.36,37820,0
2011-01-28,40.32,40.33,40.22,40.26,44854,0
2011-01-31,40.21,40.21,40.15,40.21,73493,0
2011-02-01,40.27,40.36,40.21,40.34,33485,0
2011-02-02,40.34,40.43,40.2,40.28,57844,0
2011-02-03,40.3,40.37,40.26,40.33,61335,0
2011-02-04,40.28,40.31,40.19,40.22,19174,0
2011-02-07,40.11,40.25,40.11,40.21,14193,0
2011-02-08,40.27,40.31,40.27,40.29,10262,0
2011-02-09,40.21,40.34,40.21,40.33,26758,0
2011-02-10,40.23,40.31,40.23,40.25,18151,0
2011-02-11,40.19,40.22,40.16,40.16,25780,0
2011-02-14,40.13,40.2,40.12,40.16,23494,0
2011-02-15,40.27,40.27,40.22,40.23,15198,0
2011-02-16,40.28,40.35,40.28,40.29,27717,0
2011-02-18,40.36,40.38,40.29,40.3,16409,0
2011-02-22,40.32,40.35,40.25,40.28,22641,0
2011-02-23,40.24,40.32,40.22,40.27,18283,0
2011-02-24,40.22,40.29,40.21,40.22,13634,0
2011-02-25,40.3,40.35,40.23,40.32,29620,0
2011-02-28,40.38,40.41,40.32,40.39,36464,0
2011-03-01,40.37,40.39,40.33,40.38,30337,0
2011-03-02,40.36,40.36,40.25,40.31,9059,0
2011-03-03,40.32,40.35,40.27,40.33,15505,0
2011-03-04,40.29,40.38,40.28,40.38,39773,0
2011-03-07,40.4,40.4,40.25,40.39,37138,0
2011-03-08,40.32,40.34,40.25,40.28,12243,0
2011-03-09,40.29,40.3,40.27,40.3,19447,0
2011-03-10,40.25,40.26,40.21,40.23,59743,0
2011-03-11,40.22,40.28,40.22,40.25,23654,0
2011-03-14,40.3,40.3,40.24,40.27,15468,0
2011-03-15,40.21,40.23,40.15,40.15,13146,0
2011-03-16,40.18,40.27,40.18,40.18,23599,0
2011-03-17,40.11,40.21,40.11,40.19,28756,0
2011-03-18,40.25,40.3,40.23,40.29,25791,0
2011-03-21,40.31,40.36,40.26,40.31,13217,0
2011-03-22,40.35,40.35,40.24,40.29,33535,0
2011-03-23,40.29,40.33,40.25,40.26,2968,0
2011-03-24,40.29,40.29,40.21,40.24,12649,0
2011-03-25,40.29,40.33,40.27,40.3,23280,0
2011-03-28,40.23,40.25,40.17,40.17,41443,0
2011-03-29,40.18,40.26,40.17,40.25,6176,0
2011-03-30,40.25,40.28,40.2,40.21,15485,0
2011-03-31,40.26,40.26,40.2,40.21,9927,0
2011-04-01,40.18,40.3,40.18,40.3,10712,0
2011-04-04,40.31,40.31,40.23,40.25,10033,0
2011-04-05,40.3,40.3,40.25,40.28,4259,0
2011-04-06,40.32,40.39,40.26,40.32,18461,0
2011-04-07,40.22,40.27,40.15,40.23,31700,0
2011-04-08,40.24,40.41,40.23,40.38,36896,0
2011-04-11,40.28,40.34,40.26,40.3,20462,0
2011-04-12,40.25,40.28,40.13,40.13,34719,0
2011-04-13,40.23,40.29,40.23,40.29,12243,0
2011-04-14,40.23,40.31,40.23,40.29,15466,0
2011-04-15,40.23,40.28,40.22,40.28,12418,0
2011-04-18,40.2,40.28,40.2,40.28,29608,0
2011-04-19,40.31,40.39,40.27,40.39,56999,0
2011-04-20,40.42,40.5,40.39,40.48,48441,0
2011-04-21,40.5,40.65,40.5,40.65,65354,0
2011-04-25,40.55,40.65,40.53,40.58,24738,0
2011-04-26,40.53,40.59,40.43,40.49,16826,0
2011-04-27,40.48,40.57,40.48,40.5,29702,0
2011-04-28,40.49,40.57,40.45,40.5,8627,0
2011-04-29,40.51,40.74,40.43,40.67,51663,0
2011-05-02,40.55,40.74,40.49,40.64,27401,0
2011-05-03,40.52,40.58,40.43,40.43,16298,0
2011-05-04,40.55,40.55,40.47,40.49,12879,0
2011-05-05,40.51,40.53,40.39,40.39,22268,0
2011-05-06,40.37,40.49,40.36,40.37,9092,0
2011-05-09,40.4,40.48,40.4,40.42,15675,0
2011-05-10,40.41,40.47,40.38,40.38,8641,0
2011-05-11,40.38,40.42,40.3,40.31,28496,0
2011-05-12,40.31,40.31,40.25,40.25,11229,0
2011-05-13,40.25,40.31,40.22,40.23,19736,0
2011-05-16,40.3,40.3,40.13,40.13,13167,0
2011-05-17,40.15,40.25,40.11,40.2,23879,0
2011-05-18,40.23,40.29,40.19,40.25,18160,0
2011-05-19,40.26,40.34,40.17,40.26,8090,0
2011-05-20,40.29,40.4,40.24,40.4,30404,0
2011-05-23,40.15,40.17,40.11,40.11,26216,0
2011-05-24,40.12,40.2,40.12,40.16,32764,0
2011-05-25,40.15,40.21,40.12,40.12,30650,0
2011-05-26,40.22,40.28,40.22,40.25,7054,0
2011-05-27,40.24,40.27,40.21,40.25,19830,0
2011-05-31,40.25,40.34,40.25,40.28,9636,0
2011-06-01,40.28,40.29,40.22,40.28,12284,0
2011-06-02,40.24,40.32,40.21,40.28,13615,0
2011-06-03,40.31,40.34,40.24,40.28,9308,0
2011-06-06,40.25,40.33,40.24,40.25,23629,0
2011-06-07,40.22,40.3,40.22,40.25,14960,0
2011-06-08,40.25,40.32,40.24,40.25,6249,0
2011-06-09,40.32,40.32,40.24,40.3,16699,0
2011-06-10,40.3,40.32,40.22,40.24,23625,0
2011-06-13,40.22,40.25,40.17,40.17,8103,0
2011-06-14,40.22,40.27,40.22,40.26,15685,0
2011-06-15,40.31,40.31,40.2,40.24,5712,0
2011-06-16,40.17,40.24,40.17,40.19,10600,0
2011-06-17,40.22,40.4,40.22,40.36,41674,0
2011-06-20,40.38,40.38,40.24,40.27,14621,0
2011-06-21,40.25,40.37,40.25,40.34,14633,0
2011-06-22,40.33,40.35,40.26,40.34,17998,0
2011-06-23,40.22,40.4,40.21,40.29,24032,0
2011-06-24,40.25,40.31,40.25,40.29,3637,0
2011-06-27,40.22,40.27,40.16,40.2,8917,0
2011-06-28,40.2,40.28,40.2,40.25,7389,0
2011-06-29,40.25,40.34,40.25,40.31,7019,0
2011-06-30,40.25,40.3,40.22,40.27,19106,0
2011-07-01,40.26,40.29,40.24,40.27,10687,0
2011-07-05,40.25,40.28,40.21,40.27,13865,0
2011-07-06,40.22,40.27,40.15,40.25,25784,0
2011-07-07,40.28,40.28,40.2,40.24,27097,0
2011-07-08,40.2,40.28,40.2,40.25,7500,0
2011-07-11,40.19,40.25,40.14,40.19,15238,0
2011-07-12,40.12,40.17,40.09,40.12,19480,0
2011-07-13,40.15,40.23,40.15,40.2,11158,0
2011-07-14,40.21,40.3,40.21,40.23,8923,0
2011-07-15,40.2,40.27,40.16,40.17,11959,0
2011-07-18,40.23,40.23,40.08,40.16,18264,0
2011-07-19,40.13,40.22,40.13,40.19,42380,0
2011-07-20,40.22,40.33,40.22,40.27,13175,0
2011-07-21,40.27,40.34,40.27,40.33,4325,0
2011-07-22,40.3,40.38,40.3,40.33,10459,0
2011-07-25,40.42,40.42,40.31,40.34,6380,0
2011-07-26,40.36,40.4,40.34,40.37,7345,0
2011-07-27,40.36,40.37,40.33,40.34,7153,0
2011-07-28,40.29,40.37,40.29,40.33,4964,0
2011-07-29,40.32,40.4,40.32,40.36,24733,0
2011-08-01,40.4,40.48,40.39,40.41,18128,0
2011-08-02,40.38,40.44,40.37,40.4,11383,0
2011-08-03,40.32,40.41,40.32,40.35,29508,0
2011-08-04,40.42,40.43,40.32,40.38,16652,0
2011-08-05,40.37,40.38,40.25,40.3,16203,0
2011-08-08,40.38,40.48,40.37,40.47,42693,0
2011-08-09,40.44,40.44,40.35,40.36,15720,0
2011-08-10,40.46,40.55,40.45,40.53,34044,0
2011-08-11,40.7,40.9,40.69,40.77,35673,0
2011-08-12,40.75,40.79,40.7,40.74,9530,0
2011-08-15,40.67,40.79,40.67,40.72,6439,0
2011-08-16,40.76,40.8,40.73,40.76,17527,0
2011-08-17,40.77,40.8,40.7,40.72,13790,0
2011-08-18,40.68,40.7,40.59,40.69,17838,0
2011-08-19,40.58,40.72,40.58,40.61,11845,0
2011-08-22,40.65,40.77,40.65,40.73,16024,0
2011-08-23,40.74,40.74,40.58,40.67,12730,0
2011-08-24,40.65,40.71,40.65,40.68,4441,0
2011-08-25,40.69,40.72,40.61,40.66,2800,0
2011-08-26,40.62,40.71,40.62,40.71,2000,0
2011-08-29,40.89,40.89,40.65,40.79,18242,0
2011-08-30,40.75,40.79,40.73,40.77,13242,0
2011-08-31,40.78,40.8,40.72,40.78,6634,0
2011-09-01,40.8,40.8,40.71,40.73,2945,0
2011-09-02,40.7,40.7,40.7,40.7,559,0
2011-09-06,40.61,40.69,40.53,40.64,49454,0
2011-09-07,40.61,40.69,40.61,40.65,4189,0
2011-09-08,40.61,40.7,40.61,40.7,1468,0
2011-09-09,40.74,40.75,40.65,40.67,5160,0
2011-09-12,40.62,40.71,40.53,40.7,7031,0
2011-09-13,40.53,40.53,40.49,40.49,7202,0
2011-09-14,40.53,40.58,40.49,40.49,2278,0
2011-09-15,40.55,40.69,40.52,40.63,5176,0
2011-09-16,40.67,40.75,40.6,40.67,4415,0
2011-09-19,40.66,40.66,40.49,40.57,5060,0
2011-09-20,40.51,40.67,40.51,40.6,6514,0
2011-09-21,40.56,40.68,40.56,40.64,4399,0
2011-09-22,40.41,40.41,40.23,40.37,47419,0
2011-09-23,40.35,40.55,40.35,40.5,29116,0
2011-09-26,40.3,40.6,40.26,40.6,35252,0
2011-09-27,40.58,40.71,40.58,40.66,59585,0
2011-09-28,40.58,40.7,40.55,40.68,56925,0
2011-09-29,40.75,40.8,40.33,40.36,5596,0
2011-09-30,40.46,40.62,40.46,40.58,16295,0
2011-10-03,40.5,40.6,40.5,40.59,17251,0
2011-10-04,40.31,40.57,40.31,40.53,39360,0
2011-10-05,40.56,40.71,40.55,40.58,8185,0
2011-10-06,40.6,40.67,40.58,40.59,3518,0
2011-10-07,40.48,40.62,40.46,40.55,4433,0
2011-10-10,40.81,40.81,40.7,40.79,20798,0
2011-10-11,40.54,40.71,40.52,40.61,10162,0
2011-10-12,40.53,40.83,40.53,40.7,4000,0
2011-10-13,40.55,40.56,40.43,40.56,3275,0
2011-10-14,40.49,40.61,40.21,40.46,22942,0
2011-10-17,40.6,40.74,40.56,40.66,26495,0
2011-10-18,40.45,40.65,40.43,40.46,3209,0
2011-10-19,40.52,40.53,40.45,40.53,9801,0
2011-10-20,40.55,40.57,40.49,40.53,3303,0
2011-10-21,40.52,40.53,40.45,40.53,5012,0
2011-10-24,40.5,40.6,40.45,40.47,15848,0
2011-10-25,40.64,40.69,40.58,40.65,7864,0
2011-10-26,40.6,40.69,40.5,40.65,21071,0
2011-10-27,40.69,40.75,40.59,40.67,8400,0
2011-10-28,40.68,40.83,40.59,40.83,13730,0
2011-10-31,40.74,40.81,40.66,40.73,7332,0
2011-11-01,40.63,40.74,40.63,40.71,4621,0
2011-11-02,40.75,40.84,40.74,40.79,7332,0
2011-11-03,40.69,40.85,40.68,40.73,2302,0
2011-11-04,40.84,40.85,40.83,40.83,2756,0
2011-11-07,40.8,40.85,40.73,40.82,5027,0
2011-11-08,40.86,40.95,40.84,40.95,21540,0
2011-11-09,40.96,41.04,40.87,41.04,5428,0
2011-11-10,40.87,41,40.77,40.89,1025,0
2011-11-11,40.88,40.89,40.83,40.89,1175,0
2011-11-14,40.87,40.89,40.73,40.88,36706,0
2011-11-15,40.74,40.86,40.73,40.75,55650,0
2011-11-16,40.83,40.95,40.75,40.75,6110,0
2011-11-17,40.72,40.82,40.71,40.82,12744,0
2011-11-18,40.79,40.79,40.73,40.75,550,0
2011-11-21,40.9,40.9,40.69,40.72,4358,0
2011-11-22,40.73,40.73,40.45,40.67,35810,0
2011-11-23,40.5,40.76,40.5,40.76,23320,0
2011-11-25,40.6,40.69,40.55,40.65,4775,0
2011-11-28,40.54,40.6,40.51,40.56,26758,0
2011-11-29,40.56,40.68,40.56,40.68,8343,0
2011-11-30,40.79,40.8,40.61,40.61,11057,0
2011-12-01,40.75,40.76,40.68,40.76,5936,0
2011-12-02,40.87,40.92,40.78,40.81,5493,0
2011-12-05,40.72,40.82,40.72,40.8,3326,0
2011-12-06,40.77,40.77,40.66,40.66,852,0
2011-12-07,40.8,40.8,40.59,40.75,4590,0
2011-12-08,40.68,40.7,40.63,40.67,11225,0
2011-12-09,40.57,40.66,40.57,40.65,10793,0
2011-12-12,40.56,40.65,40.51,40.65,9900,0
2011-12-13,40.55,40.55,40.5,40.5,6110,0
2011-12-14,40.5,40.58,40.5,40.51,12266,0
2011-12-15,40.57,40.65,40.49,40.65,36416,0
2011-12-16,40.65,40.65,40.46,40.52,5285,0
2011-12-19,40.78,40.94,40.57,40.57,18494,0
2011-12-20,40.77,40.91,40.6,40.79,7550,0
2011-12-21,40.8,40.9,40.7,40.9,20977,0
2011-12-22,40.7,40.9,40.63,40.64,3378,0
2011-12-23,40.83,40.87,40.76,40.87,2950,0
2011-12-27,40.86,40.94,40.78,40.91,4928,0
2011-12-28,40.79,40.89,40.79,40.89,4950,0
2011-12-29,40.82,40.94,40.82,40.94,5350,0
2011-12-30,40.94,40.95,40.91,40.95,3195,0
2012-01-03,41,41.07,40.89,41.05,6400,0
2012-01-04,40.91,41.08,40.89,41.04,2600,0
2012-01-05,41.07,41.07,40.95,41.01,7038,0
2012-01-06,40.93,41.07,40.88,41.01,7542,0
2012-01-09,40.9,41.15,40.89,41.15,22041,0
2012-01-10,41.14,41.2,40.92,40.92,6202,0
2012-01-11,40.89,40.99,40.79,40.93,6340,0
2012-01-12,40.83,40.94,40.77,40.92,6995,0
2012-01-13,40.95,40.95,40.74,40.84,7847,0
2012-01-17,40.91,41.02,40.89,41,8829,0
2012-01-18,41.2,41.2,41.01,41.03,6292,0
2012-01-19,41.1,41.17,40.95,41.17,9075,0
2012-01-20,41.09,41.16,41.09,41.12,3541,0
2012-01-23,41.13,41.17,41.01,41.13,17282,0
2012-01-24,41.15,41.2,41.06,41.19,4380,0
2012-01-25,41.2,41.2,41.05,41.11,7597,0
2012-01-26,41.17,41.2,41.05,41.05,7993,0
2012-01-27,41.15,41.15,41.04,41.07,7035,0
2012-01-30,41.11,41.14,41.03,41.14,6891,0
2012-01-31,41.2,41.2,41.08,41.16,1512,0
2012-02-01,41.23,41.28,41.03,41.19,8100,0
2012-02-02,41.11,41.22,41.06,41.06,3106,0
2012-02-03,41.2,41.29,41.03,41.21,6739,0
2012-02-06,41.24,41.34,41.07,41.2,5041,0
2012-02-07,41.34,41.43,41.07,41.07,4475,0
2012-02-08,41.17,42.04,41.17,41.34,3040,0
2012-02-09,41.48,41.84,41.1,41.2,2755,0
2012-02-10,41.11,41.15,41.1,41.1,1040,0
2012-02-13,41.11,41.45,41.11,41.15,1150,0
2012-02-14,41.03,41.46,41.03,41.1,3455,0
2012-02-15,41.25,41.26,41.1,41.25,5502,0
2012-02-16,41.09,41.22,41.05,41.06,9640,0
2012-02-17,41.13,41.19,41.06,41.06,1125,0
2012-02-21,41.25,41.3,41.15,41.24,9133,0
2012-02-22,41.37,41.37,41.12,41.22,5296,0
2012-02-23,41.47,41.47,41.09,41.1,2062,0
2012-02-24,41.1,41.34,41.09,41.14,3791,0
2012-02-27,41.21,41.74,41.1,41.11,5810,0
2012-02-28,41.1,41.22,41.04,41.06,32064,0
2012-02-29,41.06,41.25,41.06,41.17,1635,0
2012-03-01,41.17,41.17,41.04,41.14,4950,0
2012-03-02,41.1,41.12,41.04,41.11,1175,0
2012-03-05,41.05,41.08,41.02,41.02,5319,0
2012-03-06,41.02,41.06,40.9,40.9,9265,0
2012-03-07,40.88,41,40.88,40.95,3202,0
2012-03-08,40.95,40.97,40.92,40.97,27151,0
2012-03-09,40.98,41.01,40.91,41.01,3540,0
2012-03-12,40.94,40.94,40.79,40.83,1925,0
2012-03-13,40.88,40.88,40.72,40.76,12740,0
2012-03-14,40.73,40.89,40.67,40.7,12505,0
2012-03-15,40.71,40.9,40.67,40.9,4031,0
2012-03-16,40.85,40.86,40.67,40.86,7240,0
2012-03-19,40.77,41.08,40.67,40.89,23739,0
2012-03-20,40.88,40.89,40.73,40.81,16522,0
2012-03-21,40.79,40.89,40.79,40.82,820,0
2012-03-22,40.85,40.9,40.79,40.89,2655,0
2012-03-23,40.93,41.01,40.93,40.93,6675,0
2012-03-26,40.95,41,40.93,41,6600,0
2012-03-27,40.93,41.02,40.91,40.97,4167,0
2012-03-28,41.01,41.01,40.85,40.96,5003,0
2012-03-29,40.91,41,40.89,40.98,5246,0
2012-03-30,41.01,41.01,40.89,41,15710,0
2012-04-02,41.01,41.73,41,41.09,5510,0
2012-04-03,40.98,41.15,40.89,41.07,7597,0
2012-04-04,41.07,41.11,40.84,40.85,4375,0
2012-04-05,41.25,41.25,40.85,40.9,1450,0
2012-04-09,41.2,41.26,41.05,41.11,6873,0
2012-04-10,41.13,41.15,40.92,40.98,8683,0
2012-04-11,40.86,41.04,40.86,40.95,2816,0
2012-04-12,41.1,41.1,40.95,41,5470,0
2012-04-13,40.87,41.13,40.86,41.06,700,0
2012-04-16,41.02,41.05,40.96,41.03,1425,0
2012-04-17,41,41.14,41,41,1175,0
2012-04-18,40.98,41,40.98,41,600,0
2012-04-19,41,41.38,40.98,40.98,1319,0
2012-04-20,41.19,41.19,41,41.07,2900,0
2012-04-23,41.21,41.21,40.94,41.15,13621,0
2012-04-24,41.14,41.25,41.1,41.13,3670,0
2012-04-25,41.15,41.39,41.05,41.18,3656,0
2012-04-26,41.06,41.08,41,41.02,11987,0
2012-04-27,41,41.27,40.98,41.05,4645,0
2012-04-30,41.12,41.34,41.09,41.23,5010,0
2012-05-01,41.25,41.25,41.08,41.12,6555,0
2012-05-02,41,41.29,41,41.12,998,0
2012-05-03,41.05,41.11,40.83,41,12028,0
2012-05-04,40.94,40.94,40.83,40.9,1627,0
2012-05-07,40.85,41,40.8,40.92,6973,0
2012-05-08,40.9,41,40.9,40.95,26613,0
2012-05-09,40.93,40.98,40.8,40.84,2750,0
2012-05-10,40.87,41,40.86,40.95,23445,0
2012-05-11,40.83,41,40.83,40.99,3050,0
2012-05-14,40.85,40.92,40.85,40.89,2400,0
2012-05-15,40.89,40.89,40.81,40.81,3297,0
2012-05-16,40.75,40.86,40.7,40.82,26004,0
2012-05-17,40.72,40.83,40.72,40.8,3414,0
2012-05-18,40.72,40.85,40.7,40.79,6231,0
2012-05-21,40.9,41.04,40.8,40.85,17724,0
2012-05-22,41,41.1,40.82,40.89,5894,0
2012-05-23,40.92,40.96,40.8,40.81,26825,0
2012-05-24,40.9,40.99,40.83,40.85,20827,0
2012-05-25,40.85,40.93,40.75,40.93,8486,0
2012-05-29,40.82,40.9,40.73,40.84,5802,0
2012-05-30,40.86,40.86,40.73,40.74,4150,0
2012-05-31,40.71,40.76,40.55,40.56,7550,0
2012-06-01,40.76,40.76,40.55,40.6,6270,0
2012-06-04,40.69,40.69,40.6,40.67,5746,0
2012-06-05,40.67,40.79,40.67,40.75,42480,0
2012-06-06,40.8,40.89,40.63,40.73,58425,0
2012-06-07,40.89,40.89,40.61,40.61,24066,0
2012-06-08,40.76,40.76,40.57,40.75,27687,0
2012-06-11,40.93,40.95,40.62,40.75,27665,0
2012-06-12,40.79,40.88,40.63,40.63,6650,0
2012-06-13,40.63,40.76,40.6,40.63,26700,0
2012-06-14,40.59,40.77,40.59,40.62,21242,0
2012-06-15,40.75,40.99,40.65,40.99,22476,0
2012-06-18,41,41.12,40.81,41.08,77189,0
2012-06-19,41.1,41.12,40.66,41.06,30657,0
2012-06-20,40.9,41.03,40.85,40.87,7355,0
2012-06-21,40.93,40.98,40.76,40.88,10358,0
2012-06-22,41.12,41.12,40.84,40.89,37670,0
2012-06-25,40.84,40.92,40.61,40.73,18789,0
2012-06-26,40.74,40.87,40.7,40.82,34967,0
2012-06-27,40.84,40.92,40.8,40.82,20328,0
2012-06-28,40.77,40.94,40.77,40.91,7635,0
2012-06-29,41.1,41.1,40.77,40.87,17887,0
2012-07-02,40.96,40.96,40.83,40.83,11532,0
2012-07-03,40.95,40.96,40.78,40.78,2610,0
2012-07-05,40.77,40.89,40.75,40.81,31717,0
2012-07-06,40.85,40.91,40.73,40.79,13041,0
2012-07-09,40.7,40.78,40.69,40.74,28578,0
2012-07-10,40.67,40.85,40.66,40.83,30637,0
2012-07-11,40.71,40.95,40.71,40.93,38341,0
2012-07-12,40.88,41,40.85,40.93,9200,0
2012-07-13,40.93,40.94,40.8,40.87,16112,0
2012-07-16,40.8,40.98,40.8,40.91,5600,0
2012-07-17,40.85,40.98,40.82,40.95,21308,0
2012-07-18,40.84,41.11,40.81,41.09,53638,0
2012-07-19,41,41.24,40.92,41,4786,0
2012-07-20,41.05,41.17,41,41.17,2076,0
2012-07-23,41,41.4,41,41.3,12311,0
2012-07-24,41.27,41.38,41.08,41.27,13835,0
2012-07-25,41.4,41.4,41.12,41.14,29757,0
2012-07-26,41.24,41.27,40.86,41.02,22284,0
2012-07-27,40.98,41.23,40.85,40.88,7115,0
2012-07-30,40.84,40.94,40.7,40.92,59177,0
2012-07-31,40.94,41.07,40.85,40.98,10136,0
2012-08-01,40.94,41.05,40.8,40.94,28016,0
2012-08-02,40.8,40.98,40.15,40.45,42241,0
2012-08-03,40.83,40.9,40.7,40.82,11401,0
2012-08-06,40.91,40.91,40.61,40.63,2975,0
2012-08-07,40.67,40.87,40.62,40.83,5724,0
2012-08-08,40.91,40.91,40.75,40.89,14250,0
2012-08-09,40.96,41.01,40.68,40.83,2870,0
2012-08-10,40.81,40.81,40.7,40.7,6150,0
2012-08-13,40.72,40.9,40.7,40.82,10415,0
2012-08-14,40.75,40.98,40.75,40.94,23255,0
2012-08-15,40.9,40.95,40.81,40.88,25050,0
2012-08-16,40.85,40.97,40.85,40.88,28731,0
2012-08-17,40.85,41.04,40.85,40.93,2231,0
2012-08-20,40.98,41,40.76,40.92,11333,0
2012-08-21,40.84,40.94,40.82,40.89,11259,0
2012-08-22,40.87,41.05,40.84,40.95,4182,0
2012-08-23,40.88,41.05,40.85,41.05,17125,0
2012-08-24,40.89,41.05,40.89,41.02,1085,0
2012-08-27,41.03,41.04,40.9,40.93,3300,0
2012-08-28,40.85,40.95,40.85,40.85,12266,0
2012-08-29,40.9,40.93,40.82,40.86,15670,0
2012-08-30,40.83,40.93,40.83,40.85,18121,0
2012-08-31,40.83,40.96,40.83,40.88,4780,0
2012-09-04,40.82,40.95,40.79,40.93,17929,0
2012-09-05,40.95,40.95,40.86,40.9,5043,0
2012-09-06,40.77,41,40.77,40.95,4350,0
2012-09-07,41,41.06,40.89,41.02,12686,0
2012-09-10,41.03,41.05,40.88,40.95,14338,0
2012-09-11,40.9,41.02,40.89,40.91,11340,0
2012-09-12,40.89,41.04,40.89,41,33573,0
2012-09-13,40.93,41.05,40.78,41.05,7305,0
2012-09-14,41,41.07,41,41.07,13943,0
2012-09-17,41.03,41.07,40.76,41.05,13900,0
2012-09-18,41.05,41.05,41,41.03,2550,0
2012-09-19,41,41.03,40.97,41.03,1984,0
2012-09-20,41.05,41.14,41.05,41.13,14886,0
2012-09-21,41.05,41.11,41.01,41.11,3389,0
2012-09-24,41.01,41.18,41.01,41.11,12778,0
2012-09-25,41.1,41.19,41,41.15,33230,0
2012-09-26,41.18,41.18,41.07,41.13,30615,0
2012-09-27,41.02,41.26,41.02,41.17,35416,0
2012-09-28,41.18,41.32,41.18,41.27,1871,0
2012-10-01,41.07,41.38,41.07,41.27,3194,0
2012-10-02,41.27,41.37,41.27,41.32,3560,0
2012-10-03,41.26,41.36,41.26,41.33,13360,0
2012-10-04,41.22,41.35,40.92,41.35,9710,0
2012-10-05,41.35,41.4,41.32,41.4,2800,0
2012-10-08,41.29,41.35,41.17,41.22,3738,0
2012-10-09,41.28,41.36,41.28,41.32,1242,0
2012-10-10,41.19,41.27,41.05,41.24,27945,0
2012-10-11,41.31,41.42,41.31,41.36,1000,0
2012-10-12,41.17,41.33,41.17,41.27,9550,0
2012-10-15,41.33,41.33,41.22,41.3,10000,0
2012-10-16,41.18,41.31,41.12,41.15,3750,0
2012-10-17,41.16,41.36,41,41.02,24857,0
2012-10-18,41.1,41.23,41.1,41.23,10300,0
2012-10-19,41.18,41.19,41.04,41.14,4685,0
2012-10-22,41.16,41.23,41.13,41.15,8522,0
2012-10-23,41.13,41.23,41.12,41.2,22025,0
2012-10-24,41.22,41.32,41.05,41.25,4445,0
2012-10-25,41.28,41.3,41.13,41.25,20080,0
2012-10-26,41.26,41.36,41.2,41.35,25940,0
2012-10-31,41.34,41.35,41.14,41.35,6543,0
2012-11-01,41.2,41.4,41.2,41.34,740,0
2012-11-02,41.43,41.45,41.25,41.34,12751,0
2012-11-05,41.34,41.44,41.26,41.38,7013,0
2012-11-06,41.29,41.34,41.28,41.29,3790,0
2012-11-07,41.38,41.39,41.36,41.36,948,0
2012-11-08,41.36,41.36,41.25,41.33,4998,0
2012-11-09,41.25,41.43,41.25,41.43,15955,0
2012-11-12,41.43,41.6,41.4,41.58,15272,0
2012-11-13,41.45,41.66,41.38,41.47,13798,0
2012-11-14,41.48,41.68,41.48,41.52,5150,0
2012-11-15,41.48,41.75,41.15,41.42,33004,0
2012-11-16,41.5,41.55,41.34,41.34,6800,0
2012-11-19,41.38,41.54,41.34,41.35,10375,0
2012-11-20,41.44,41.59,41.38,41.4,4400,0
2012-11-21,41.45,41.45,41.45,41.45,7850,0
2012-11-23,41.41,41.52,41.26,41.27,1750,0
2012-11-26,41.5,41.59,41.46,41.5,12298,0
2012-11-27,41.56,41.69,41.5,41.6,38684,0
2012-11-28,41.65,41.65,41.38,41.5,2750,0
2012-11-29,41.5,41.55,41.4,41.4,1350,0
2012-11-30,41.34,41.65,41.34,41.62,7765,0
2012-12-03,41.43,41.56,41.43,41.53,8284,0
2012-12-04,41.5,41.52,41.5,41.52,200,0
2012-12-05,41.65,41.65,41.5,41.53,7460,0
2012-12-06,41.62,41.62,41.51,41.51,2122,0
2012-12-07,41.62,41.62,41.15,41.5,12700,0
2012-12-10,41.49,41.6,41.49,41.6,3164,0
2012-12-11,41.58,41.59,41.53,41.57,7300,0
2012-12-12,41.55,41.61,41.55,41.6,8394,0
2012-12-13,41.65,41.65,41.54,41.65,5217,0
2012-12-14,41.7,41.73,41.6,41.71,20446,0
2012-12-17,41.55,41.69,41.55,41.65,15558,0
2012-12-18,41.75,41.75,41.6,41.7,16503,0
2012-12-19,41.71,41.8,41.65,41.8,1800,0
2012-12-20,41.76,41.91,41.53,41.72,3961,0
2012-12-21,41.59,41.91,41.53,41.91,650,0
2012-12-24,42.25,42.4,41.85,42.35,4785,0
2012-12-26,42.43,42.54,41.5,42.54,40184,0
2012-12-27,42.05,42.1,41.9,41.9,6960,0
2012-12-28,41.95,42.1,41.82,41.82,3020,0
2012-12-31,41.82,41.9,41.62,41.62,2561,0
2013-01-02,41.57,41.6,41.42,41.42,15588,0
2013-01-03,41.42,41.65,41.42,41.59,4900,0
2013-01-04,41.6,41.63,41.45,41.56,5825,0
2013-01-07,41.52,41.64,41.51,41.63,4378,0
2013-01-08,41.6,41.74,41.6,41.62,4050,0
2013-01-09,41.68,41.76,41.68,41.76,1743,0
2013-01-10,41.61,41.72,41.43,41.53,15075,0
2013-01-11,41.73,41.83,41.56,41.59,10980,0
2013-01-14,41.75,41.79,41.49,41.72,110940,0
2013-01-15,41.56,41.64,41.56,41.64,2556,0
2013-01-16,41.61,41.61,41.5,41.54,10409,0
2013-01-17,41.6,41.62,41.48,41.49,18025,0
2013-01-18,41.49,41.55,41.48,41.52,7000,0
2013-01-22,41.54,41.59,41.51,41.54,20645,0
2013-01-23,41.59,41.59,41.53,41.55,6497,0
2013-01-24,41.58,41.58,41.5,41.5,4833,0
2013-01-25,41.51,41.51,41.29,41.34,18067,0
2013-01-28,41.25,41.36,41.21,41.3,15138,0
2013-01-29,41.29,41.37,41.29,41.34,4469,0
2013-01-30,41.36,41.41,41.31,41.32,6213,0
2013-01-31,41.36,41.37,41.31,41.37,3067,0
2013-02-01,41.32,41.36,41.25,41.32,4388,0
2013-02-04,41.26,41.27,41.24,41.25,5646,0
2013-02-05,41.19,41.31,41.18,41.3,9854,0
2013-02-06,41.24,41.3,41.21,41.22,2600,0
2013-02-07,41.26,41.36,41.26,41.34,5291,0
2013-02-08,41.36,41.41,41.34,41.39,2354,0
2013-02-11,41.34,41.4,41.32,41.4,2228,0
2013-02-12,41.37,41.37,41.3,41.31,3354,0
2013-02-13,41.36,41.42,41.26,41.42,12500,0
2013-02-14,41.36,41.44,41.36,41.37,4100,0
2013-02-15,41.4,41.44,41.37,41.38,2273,0
2013-02-19,41.37,41.45,41.32,41.33,5954,0
2013-02-20,41.43,41.43,41.38,41.41,8280,0
2013-02-21,41.36,41.38,41.28,41.33,4425,0
2013-02-22,41.32,41.37,41.32,41.33,2925,0
2013-02-25,41.38,41.41,41.32,41.34,6960,0
2013-02-26,41.44,41.46,41.33,41.43,5584,0
2013-02-27,41.39,41.49,41.39,41.45,2150,0
2013-02-28,41.42,41.49,41.3,41.43,1590,0
2013-03-01,41.42,41.53,41.42,41.53,7344,0
2013-03-04,41.47,41.5,41.43,41.47,6350,0
2013-03-05,41.64,41.64,41.47,41.47,6898,0
2013-03-06,41.5,41.59,41.5,41.58,8952,0
2013-03-07,41.56,41.61,41.53,41.59,1800,0
2013-03-08,41.5,41.65,41.5,41.58,11232,0
2013-03-11,41.58,41.59,41.5,41.52,4750,0
2013-03-12,41.54,41.6,41.53,41.53,6560,0
2013-03-13,41.39,41.6,41.39,41.54,4400,0
2013-03-14,41.57,41.57,41.54,41.57,2891,0
2013-03-15,41.66,41.74,41.57,41.6,6925,0
2013-03-18,41.64,41.65,41.55,41.55,2400,0
2013-03-19,41.55,41.63,41.55,41.6,3304,0
2013-03-20,41.71,41.71,41.58,41.62,7040,0
2013-03-21,41.59,41.68,41.59,41.67,4990,0
2013-03-22,41.55,41.73,41.52,41.73,5093,0
2013-03-25,41.7,41.71,41.6,41.71,5100,0
2013-03-26,41.66,41.79,41.56,41.79,950,0
2013-03-27,41.74,41.84,41.7,41.71,6381,0
2013-03-28,41.84,41.84,41.57,41.74,7501,0
2013-04-01,41.8,41.8,41.6,41.72,1826,0
2013-04-02,41.85,41.85,41.69,41.75,5250,0
2013-04-03,41.75,41.78,41.64,41.65,32832,0
2013-04-04,41.66,41.98,41.66,41.89,18773,0
2013-04-05,41.82,41.85,41.82,41.83,300,0
2013-04-08,41.92,41.92,41.74,41.74,2474,0
2013-04-09,41.82,41.82,41.82,41.82,300,0
2013-04-10,41.77,41.88,41.75,41.83,2989,0
2013-04-11,41.68,41.68,41.57,41.59,20774,0
2013-04-12,41.53,41.56,41.5,41.51,3549,0
2013-04-15,41.55,41.6,41.35,41.4,21760,0
2013-04-16,41.36,41.69,41.27,41.5,3647,0
2013-04-17,41.59,41.59,41.5,41.5,9511,0
2013-04-18,41.6,41.6,41.27,41.43,4994,0
2013-04-19,41.42,41.61,41.42,41.52,675,0
2013-04-22,41.74,41.74,41.57,41.71,2190,0
2013-04-23,41.74,41.74,41.74,41.74,100,0
2013-04-24,41.83,41.83,41.53,41.69,3175,0
2013-04-25,41.7,41.71,41.58,41.59,2749,0
2013-04-26,41.64,41.71,41.54,41.67,8953,0
2013-04-29,41.67,41.67,41.67,41.67,100,0
2013-04-30,41.8,41.8,41.72,41.72,370,0
2013-05-01,41.72,41.76,41.56,41.73,800,0
2013-05-03,41.8,41.86,41.75,41.76,21281,0
2013-05-06,41.77,41.84,41.7,41.7,7335,0
2013-05-07,41.71,41.85,41.69,41.8,10610,0
2013-05-08,41.89,41.97,41.89,41.94,8264,0
2013-05-09,41.89,42.07,41.89,41.99,10745,0
2013-05-10,41.58,41.91,41.58,41.8,2900,0
2013-05-13,41.75,41.86,41.73,41.83,1615,0
2013-05-14,42.05,42.05,41.81,41.94,19700,0
2013-05-15,41.74,41.89,41.74,41.8,2977,0
2013-05-16,41.63,41.84,41.63,41.82,900,0
2013-05-17,41.84,42,41.83,41.89,14241,0
2013-05-20,41.9,42.01,41.89,42.01,3603,0
2013-05-21,41.95,42.09,41.95,41.99,9387,0
2013-05-22,41.85,42.07,41.85,42.07,1200,0
2013-05-23,41.77,42,41.77,41.94,9807,0
2013-05-24,42.07,42.09,41.93,42.09,2600,0
2013-05-28,42.09,42.29,42.03,42.03,8522,0
2013-05-29,42.04,42.08,41.92,41.94,5513,0
2013-05-30,42.05,42.2,41.93,41.93,2494,0
2013-05-31,41.91,41.99,41.91,41.99,1129,0
2013-06-03,42.05,42.11,41.97,42,2644,0
2013-06-04,42.15,42.31,41.96,41.96,16346,0
2013-06-05,41.91,42.23,41.91,42.01,1917,0
2013-06-06,42.06,42.15,41.91,42.05,9715,0
2013-06-07,42.27,42.27,41.93,42.02,4514,0
2013-06-10,41.9,42.2,41.9,42.12,6123,0
2013-06-11,41.98,42.12,41.95,42,5460,0
2013-06-12,42.03,42.34,41.94,42.09,4127,0
2013-06-13,42.08,42.08,42.01,42.01,700,0
2013-06-14,42.34,42.34,42.02,42.02,2010,0
2013-06-17,42.05,42.16,42.05,42.13,7670,0
2013-06-18,41.68,42.02,41.68,41.92,18472,0
2013-06-19,42,42.1,42,42.05,2850,0
2013-06-20,41.86,42.1,41.86,41.87,5500,0
2013-06-21,41.8,41.98,41.62,41.9,11900,0
2013-06-24,42.05,42.15,41.71,42.09,9907,0
2013-06-25,42.03,42.06,42.01,42.04,2844,0
2013-06-26,42,42.02,41.88,41.9,8350,0
2013-06-27,41.9,42.04,41.9,42.02,1050,0
2013-06-28,42.15,42.25,42.14,42.14,695,0
2013-07-01,41.9,42.14,41.62,41.7,8215,0
2013-07-02,42.25,42.25,41.62,41.95,10170,0
2013-07-03,41.63,41.91,41.63,41.91,1100,0
2013-07-05,41.97,41.97,41.64,41.68,5025,0
2013-07-08,41.63,41.97,41.63,41.83,11852,0
2013-07-09,42,42.16,41.83,41.88,4020,0
2013-07-10,41.7,42.23,41.7,42.07,5829,0
2013-07-11,41.76,42,41.76,41.92,8450,0
2013-07-12,41.73,41.85,41.73,41.74,1500,0
2013-07-15,41.75,41.81,41.74,41.81,900,0
2013-07-16,41.88,41.95,41.67,41.82,4700,0
2013-07-17,41.73,42.12,41.73,41.93,11928,0
2013-07-18,42,42.23,41.77,41.82,2244,0
2013-07-19,41.68,42,41.67,41.71,11129,0
2013-07-22,42.12,42.24,42.04,42.19,8123,0
2013-07-23,42.01,42.09,41.95,42.03,5138,0
2013-07-24,41.85,42.04,41.85,42.04,6273,0
2013-07-25,41.85,42.09,41.85,41.99,8018,0
2013-07-26,41.86,42.06,41.85,42.06,1140,0
2013-07-29,41.89,42.19,41.85,42,26165,0
2013-07-30,41.8,41.99,41.75,41.75,2053,0
2013-07-31,41.87,42.12,41.75,42.12,4502,0
2013-08-01,42.15,42.15,41.8,41.85,500,0
2013-08-02,42.07,42.07,41.86,42,3300,0
2013-08-05,42.1,42.17,42.05,42.05,3567,0
2013-08-06,41.79,42.04,41.79,41.86,1298,0
2013-08-07,41.85,42.01,41.81,41.85,5647,0
2013-08-08,42.05,42.1,42,42.1,2171,0
2013-08-09,41.84,42.32,41.84,42.18,7396,0
2013-08-12,41.9,42.05,41.81,41.95,1595,0
2013-08-13,42.11,42.2,41.92,41.95,3600,0
2013-08-14,42,42.31,42,42.3,1600,0
2013-08-15,42.05,42.05,41.83,41.98,550,0
2013-08-16,42.22,42.54,41.91,42.54,5660,0
2013-08-19,42.75,46.23,42.55,42.58,10184,0
2013-08-20,42.4,42.47,42.32,42.34,1595,0
2013-08-21,42.23,42.4,42.2,42.25,13335,0
2013-08-22,42.26,42.41,42.18,42.33,9617,0
2013-08-23,42.5,42.68,42.26,42.27,6577,0
2013-08-26,42.74,42.74,42.4,42.48,16600,0
2013-08-27,42.68,42.68,42.46,42.5,3165,0
2013-08-28,42.45,42.48,42.43,42.45,650,0
2013-08-29,42.45,42.45,42.45,42.45,200,0
2013-08-30,42.16,42.53,42,42.37,7466,0
2013-09-03,42.78,44.9,42.42,42.47,34128,0
2013-09-04,42.18,43.12,42.03,42.48,9482,0
2013-09-05,42.88,43.49,42.41,42.54,10722,0
2013-09-06,42.69,43.6,42.42,42.86,6952,0
2013-09-09,42.66,42.72,42.66,42.72,859,0
2013-09-10,43.95,44.77,42.46,42.51,3648,0
2013-09-11,42.8,42.82,42.64,42.79,6632,0
2013-09-12,42.57,42.57,42.51,42.51,350,0
2013-09-13,42.64,43.15,42.63,42.93,2999,0
2013-09-16,42.82,42.82,42.61,42.62,1180,0
2013-09-17,42.63,43.98,42.63,43.15,5941,0
2013-09-18,42.89,43.02,42.66,43.02,1100,0
2013-09-19,42.68,42.68,42.63,42.63,700,0
2013-09-20,42.68,42.86,42.68,42.75,810,0
2013-09-23,42.94,43.42,42.67,42.89,6404,0
2013-09-24,43.21,43.21,42.72,42.83,11352,0
2013-09-25,42.82,43.49,42.82,42.84,2540,0
2013-09-27,42.69,42.81,42.62,42.8,3539,0
2013-09-30,42.7,42.79,42.58,42.58,4908,0
2013-10-01,42.63,42.63,42.63,42.63,600,0
2013-10-02,42.57,42.95,42.57,42.76,5722,0
2013-10-03,42.98,42.98,42.62,42.9,2400,0
2013-10-04,42.91,42.91,42.69,42.78,2440,0
2013-10-08,42.5,42.72,42.5,42.68,2475,0
2013-10-09,42.75,42.75,42.63,42.7,6148,0
2013-10-10,42.52,42.7,42.52,42.7,1100,0
2013-10-11,42.75,42.75,42.7,42.72,527,0
2013-10-14,42.84,42.84,42.66,42.66,1580,0
2013-10-15,42.84,42.84,42.63,42.68,3010,0
2013-10-16,42.78,42.78,42.62,42.74,3499,0
2013-10-17,42.7,42.73,42.62,42.68,3327,0
2013-10-18,42.8,42.8,42.65,42.65,2635,0
2013-10-21,42.65,42.76,42.65,42.73,2500,0
2013-10-22,42.76,42.83,42.66,42.66,5830,0
2013-10-23,42.89,42.9,42.7,42.87,7531,0
2013-10-24,42.68,42.75,42.66,42.75,500,0
2013-10-25,42.7,42.99,42.7,42.73,5250,0
2013-10-28,42.85,42.94,42.76,42.88,1000,0
2013-10-29,42.7,42.83,42.7,42.82,613,0
2013-10-30,42.86,42.95,42.7,42.77,3193,0
2013-10-31,43,43,42.71,42.81,1500,0
2013-11-01,42.77,42.77,42.67,42.7,1367,0
2013-11-04,42.47,42.6,42.06,42.41,35741,0
2013-11-05,42.46,42.59,42.3,42.45,10577,0
2013-11-06,42.41,42.46,42.22,42.22,2554,0
2013-11-07,42.45,42.45,42.26,42.35,1790,0
2013-11-08,42.35,42.49,42.3,42.46,2790,0
2013-11-11,42.47,42.64,42.44,42.44,1852,0
2013-11-12,42.43,42.5,42.43,42.5,2164,0
2013-11-13,42.5,42.53,42.37,42.37,5581,0
2013-11-14,42.41,42.64,42.37,42.42,2475,0
2013-11-15,42.58,42.58,42.37,42.39,4046,0
2013-11-18,42.39,42.39,42.39,42.39,951,0
2013-11-19,42.52,42.56,42.5,42.54,1550,0
2013-11-20,42.45,42.62,42.4,42.62,6232,0
2013-11-21,42.49,42.65,42.39,42.39,1206,0
2013-11-22,42.43,42.6,42.39,42.6,600,0
2013-11-25,42.65,42.65,42.4,42.54,5857,0
2013-11-26,42.54,42.55,42.54,42.55,1100,0
2013-11-27,42.58,42.58,42.39,42.45,2212,0
2013-12-02,42.57,42.64,42.37,42.4,2865,0
2013-12-03,42.44,42.62,42.43,42.44,884,0
2013-12-04,42.51,42.65,42.51,42.51,5000,0
2013-12-05,42.52,42.64,42.52,42.56,2099,0
2013-12-06,42.53,42.53,42.47,42.47,4575,0
2013-12-09,42.44,42.65,42.44,42.65,3576,0
2013-12-10,42.57,42.62,42.57,42.57,867,0
2013-12-11,42.52,42.65,42.51,42.52,5156,0
2013-12-12,42.65,42.73,42.45,42.51,6790,0
2013-12-13,42.64,42.7,42.64,42.7,4851,0
2013-12-16,42.87,42.87,42.63,42.76,7876,0
2013-12-17,42.61,42.7,42.61,42.7,4626,0
2013-12-18,42.75,42.81,42.66,42.66,1604,0
2013-12-19,42.6,42.89,42.6,42.67,2885,0
2013-12-20,42.6,42.75,42.6,42.75,4944,0
2013-12-23,43,43,42.79,42.9,15096,0
2013-12-24,42.9,42.91,42.7,42.7,981,0
2013-12-26,42.91,42.93,42.81,42.83,4217,0
2013-12-27,42.97,42.97,42.7,42.91,1056,0
2013-12-30,43,43.05,42.85,43.05,2915,0
2013-12-31,43.05,43.46,43.05,43.05,3446,0
2014-01-02,44,45,43.3,43.46,1497,0
2014-01-03,43.23,43.23,43,43,3668,0
2014-01-06,43.02,43.34,43,43.29,1996,0
2014-01-07,42.98,43.81,42.98,43.62,5540,0
2014-01-08,43.18,43.18,42.75,42.8,12720,0
2014-01-09,42.85,42.96,42.76,42.81,4561,0
2014-01-10,43.2,43.2,42.76,42.86,2980,0
2014-01-13,42.89,43.09,42.82,43.09,1308,0
2014-01-14,43.19,43.19,42.8,42.8,3489,0
2014-01-16,42.76,42.76,42.6,42.65,4179,0
2014-01-21,42.7,42.79,42.55,42.79,7720,0
2014-01-22,42.86,42.86,42.57,42.65,4870,0
2014-01-23,42.55,42.75,42.55,42.75,1226,0
2014-01-24,42.55,42.6,42.5,42.55,4095,0
2014-01-27,42.51,42.75,41.8,42.74,25751,0
2014-01-28,41.77,42.55,41.77,42.45,4677,0
2014-01-29,42.57,42.57,42.36,42.5,3874,0
2014-01-30,42.38,42.83,42.34,42.37,3052,0
2014-01-31,42.43,42.45,42.36,42.4,4153,0
2014-02-03,42.37,42.68,42.32,42.48,2633,0
2014-02-04,42.36,42.8,42.36,42.48,1435,0
2014-02-05,42.33,42.56,42.15,42.29,59632,0
2014-02-06,42.52,42.71,42.52,42.6,1106,0
2014-02-07,42.57,42.6,42.41,42.6,1800,0
2014-02-10,42.44,42.44,42.4,42.4,2665,0
2014-02-11,42.53,42.67,42.41,42.67,1932,0
2014-02-12,42.4,42.67,42.4,42.67,1068,0
2014-02-13,42.4,42.67,42.4,42.53,3394,0
2014-02-14,42.41,42.65,42.35,42.35,2142,0
2014-02-18,42.69,42.69,42.05,42.34,3105,0
2014-02-19,42.63,42.63,42.31,42.4,1681,0
2014-02-20,42.7,42.7,42.49,42.63,6476,0
2014-02-21,42.69,42.69,42.55,42.69,733,0
2014-02-24,42.7,42.7,42.5,42.5,5581,0
2014-02-25,42.69,42.69,42.32,42.5,600,0
2014-02-26,42.31,42.32,42.08,42.29,12760,0
2014-02-27,42.26,42.3,42.1,42.3,4488,0
2014-02-28,42.08,42.25,42.04,42.24,29650,0
2014-03-03,42.11,42.25,42.07,42.2,3859,0
2014-03-04,42.4,42.4,42.05,42.14,1006,0
2014-03-05,42.29,42.29,42.04,42.08,1062,0
2014-03-06,42.18,42.36,42.18,42.36,1807,0
2014-03-07,42.36,42.36,42.2,42.21,1699,0
2014-03-10,42.1,42.35,42.1,42.35,6155,0
2014-03-12,42.02,42.1,42.01,42.04,5010,0
2014-03-13,42.04,42.33,41.97,42.33,13002,0
2014-03-14,42.5,42.5,41.9,42.2,2724,0
2014-03-17,42.1,42.2,41.9,41.95,39676,0
2014-03-18,41.9,41.99,41.65,41.95,26055,0
2014-03-19,41.51,41.9,41.04,41.65,21735,0
2014-03-20,41.65,41.7,41.42,41.45,9662,0
2014-03-21,41.47,41.75,41.47,41.6,1611,0
2014-03-24,41.74,41.9,41.54,41.74,7535,0
2014-03-25,41.75,41.9,41.7,41.77,9362,0
2014-03-26,41.51,41.99,41.51,41.7,2000,0
2014-03-27,41.38,41.38,41.38,41.38,674,0
2014-03-28,41.9,41.9,41.5,41.7,3627,0
2014-03-31,41.44,41.96,41.38,41.39,2765,0
2014-04-01,41.8,41.9,41.35,41.9,3921,0
2014-04-02,41.64,41.97,41.54,41.87,3266,0
2014-04-03,41.9,41.9,41.47,41.9,770,0
2014-04-04,41.6,41.8,41.45,41.7,11221,0
2014-04-07,41.12,41.7,41.12,41.48,3040,0
2014-04-08,41.75,41.75,41.64,41.7,3263,0
2014-04-09,41.91,41.99,41.65,41.71,1205,0
2014-04-10,41.44,41.9,41.44,41.71,2250,0
2014-04-11,41.83,42.15,41.81,42.15,9939,0
2014-04-14,42.13,42.13,41.78,41.89,3253,0
2014-04-15,41.76,42.16,41.76,42.16,1770,0
2014-04-16,41.6,41.69,41.58,41.69,1125,0
2014-04-17,41.69,42.35,41.69,42.24,3102,0
2014-04-21,42.32,42.35,42.11,42.3,7372,0
2014-04-22,42.15,42.29,42.15,42.15,11802,0
2014-04-23,42.29,42.3,42.15,42.15,75375,0
2014-04-24,42.23,42.34,42.16,42.16,175251,0
2014-04-25,42.22,42.24,42.16,42.17,13263,0
2014-04-28,42.17,42.31,42.1,42.27,72136,0
2014-04-29,42.2,42.3,41.5,42.21,101477,0
2014-04-30,42.18,42.31,41.92,41.92,27182,0
2014-05-01,42.06,42.28,41.9,42.2,39446,0
2014-05-02,42.13,42.18,42.13,42.18,957,0
2014-05-05,41.81,42.15,41.81,41.94,6969,0
2014-05-06,42.11,42.32,42.1,42.25,69957,0
2014-05-07,42.22,42.22,42,42,13178,0
2014-05-08,41.91,42.19,41.91,42.1,24209,0
2014-05-09,42,42.16,41.99,42.16,2301,0
2014-05-12,41.93,41.93,41.93,41.93,330,0
2014-05-13,41.99,42.1,41.91,41.94,7246,0
2014-05-14,42.05,42.05,41.95,41.95,1570,0
2014-05-15,41.85,41.91,41.85,41.88,1990,0
2014-05-16,41.88,42.16,41.84,42.12,6970,0
2014-05-19,41.86,42.07,41.55,41.78,2389,0
2014-05-20,41.73,42.19,41.73,41.93,2346,0
2014-05-21,42.14,42.14,41.56,42.06,2152,0
2014-05-22,41.84,41.88,41.84,41.88,2095,0
2014-05-23,41.76,41.79,41.76,41.79,4050,0
2014-05-27,41.76,41.95,41.69,41.95,3841,0
2014-05-28,41.81,41.97,41.68,41.97,4175,0
2014-05-29,41.97,42.06,41.72,42.06,2849,0
2014-05-30,41.79,42.2,41.77,41.77,3853,0
2014-06-02,41.76,41.86,41.69,41.86,2726,0
2014-06-03,41.73,41.9,41.71,41.76,2373,0
2014-06-04,41.95,41.95,41.74,41.74,797,0
2014-06-05,41.7,41.85,41.63,41.75,4230,0
2014-06-06,41.9,41.95,41.83,41.83,2975,0
2014-06-09,41.9,42.12,41.65,41.95,7124,0
2014-06-10,41.84,42.14,41.84,42.07,842,0
2014-06-12,42.01,42.09,42.01,42.09,1251,0
2014-06-13,42.01,42.1,42.01,42.03,1625,0
2014-06-16,42.16,42.16,41.75,42.16,612,0
2014-06-17,42.15,42.15,42.15,42.15,258,0
2014-06-18,42,42,42,42,220,0
2014-06-19,41.82,41.95,41.8,41.81,1217,0
2014-06-20,41.83,42.01,41.78,41.78,3217,0
2014-06-23,41.67,41.82,41.67,41.72,961,0
2014-06-24,42.1,42.1,42.1,42.1,207,0
2014-06-25,42,42.04,41.7,42,2520,0
2014-06-26,41.71,42.04,41.71,42.04,9486,0
2014-06-27,41.9,41.9,41.86,41.86,282,0
2014-06-30,41.85,41.92,41.85,41.92,449,0
2014-07-01,41.93,42.05,41.83,41.83,948,0
2014-07-02,41.73,42.02,41.73,42.02,1500,0
2014-07-03,41.94,42.02,41.94,41.97,712,0
2014-07-07,41.75,41.85,41.75,41.85,879,0
2014-07-08,41.85,42.2,41.85,41.91,3392,0
2014-07-09,41.9,42,41.82,41.86,1310,0
2014-07-10,42.28,42.29,42.2,42.21,11969,0
2014-07-11,42.21,42.36,42.21,42.36,548,0
2014-07-14,42.2,42.3,42.2,42.3,765,0
2014-07-15,42.32,42.4,42.17,42.37,4201,0
2014-07-16,42.24,42.67,42.21,42.29,1505,0
2014-07-17,41.89,42.36,41.89,42.24,1997,0
2014-07-18,42.02,42.21,42.02,42.21,1905,0
2014-07-21,42.08,42.38,42.08,42.22,1435,0
2014-07-22,42.25,42.25,42.2,42.2,1093,0
2014-07-23,42.32,42.5,42.27,42.5,3166,0
2014-07-24,42.42,42.42,42.31,42.32,1028,0
2014-07-25,42.25,42.49,42.25,42.45,4300,0
2014-07-28,42.49,42.49,42.25,42.3,7608,0
2014-07-29,42.29,42.42,42.28,42.37,1410,0
2014-07-30,42.37,42.37,42.37,42.37,1025,0
2014-07-31,42.03,42.36,42.03,42.31,2910,0
2014-08-01,42.33,42.42,42.24,42.33,2985,0
2014-08-04,42.36,42.51,42.36,42.41,3040,0
2014-08-05,42.4,42.41,42.35,42.41,1602,0
2014-08-06,42.58,42.65,42.34,42.55,5435,0
2014-08-07,42.39,42.5,42.33,42.5,2862,0
2014-08-08,42.6,42.6,42.55,42.55,351,0
2014-08-11,42.32,42.6,42.32,42.51,1480,0
2014-08-12,42.31,42.42,42.31,42.42,443,0
2014-08-14,42.48,42.48,42.4,42.43,1020,0
2014-08-18,42.65,42.85,42.65,42.85,829,0
2014-08-19,42.46,42.75,42.46,42.67,2515,0
2014-08-20,42.47,42.6,42.47,42.6,374,0
2014-08-21,42.6,42.6,42.42,42.42,1730,0
2014-08-22,42.52,42.52,42.48,42.48,669,0
2014-08-25,42.32,42.66,42.32,42.66,1300,0
2014-08-26,42.66,42.66,42.38,42.38,812,0
2014-08-27,42.55,42.81,42.4,42.45,5067,0
2014-08-28,42.37,42.7,42.37,42.42,2490,0
2014-08-29,42.01,42.7,42.01,42.7,2840,0
2014-09-02,42.44,42.76,42.42,42.44,4134,0
2014-09-03,42.8,42.8,42.58,42.58,288,0
2014-09-05,42.26,42.52,42.26,42.52,640,0
2014-09-08,42.57,42.7,42.57,42.65,3769,0
2014-09-09,42.53,42.8,42.53,42.64,1961,0
2014-09-10,42.75,42.8,42.75,42.8,692,0
2014-09-11,42.25,42.8,42.25,42.8,1614,0
2014-09-12,42.8,42.8,42.54,42.63,3200,0
2014-09-15,42.45,42.56,42.45,42.55,8045,0
2014-09-16,42.51,42.65,42.49,42.49,4390,0
2014-09-17,42.62,42.85,42.53,42.85,802,0
2014-09-18,42.49,42.83,42.49,42.83,1136,0
2014-09-19,42.41,42.6,42.33,42.6,1471,0
2014-09-22,42.56,43,42.48,42.48,4808,0
2014-09-23,43,43,42.55,42.6,807,0
2014-09-24,42.53,43,42.52,43,1651,0
2014-09-25,42.62,42.8,42.56,42.8,3838,0
2014-09-26,42.6,42.91,42.5,42.8,6457,0
2014-09-29,42.8,42.8,42.55,42.8,1410,0
2014-09-30,42.53,42.53,42.48,42.48,525,0
2014-10-01,41.66,43,41.6,42.6,5567,0
2014-10-02,42.2,42.9,42.2,42.77,7950,0
2014-10-03,42.78,42.85,42.7,42.7,3028,0
2014-10-06,42.65,42.8,42.56,42.6,4243,0
2014-10-07,42.64,42.9,42.59,42.9,2200,0
2014-10-08,42.52,42.55,42.52,42.53,770,0
2014-10-09,42.75,42.75,42.57,42.66,4407,0
2014-10-13,42.44,42.65,42.44,42.65,850,0
2014-10-14,42.65,42.91,42.62,42.91,1420,0
2014-10-15,42.06,42.99,41.78,42.57,2300,0
2014-10-16,42.05,42.64,42.05,42.64,1720,0
2014-10-17,42.5,42.5,42.41,42.41,831,0
2014-10-20,42.51,42.86,42.51,42.52,650,0
2014-10-21,42.65,42.65,42.65,42.65,175,0
2014-10-22,42.52,42.65,42.52,42.65,2000,0
2014-10-23,42.79,42.8,42.78,42.8,1100,0
2014-10-24,42.7,42.99,42.65,42.65,897,0
2014-10-27,42.64,42.77,42.64,42.67,2806,0
2014-10-29,42.77,42.77,42.64,42.67,1562,0
2014-10-30,42.47,42.62,42.47,42.47,540,0
2014-10-31,42.57,42.57,42.57,42.57,120,0
2014-11-03,42.67,42.75,42.67,42.75,1015,0
2014-11-05,42.66,42.8,42.66,42.8,511,0
2014-11-06,42.85,42.85,42.42,42.85,2075,0
2014-11-07,42.85,42.98,42.5,42.98,2998,0
2014-11-10,42.76,42.76,42.75,42.75,1832,0
2014-11-11,42.48,42.7,42.44,42.65,2400,0
2014-11-12,42.4,42.98,42.4,42.79,1513,0
2014-11-14,42.79,42.79,42.64,42.64,690,0
2014-11-17,42.75,42.75,42.7,42.7,1100,0
2014-11-18,42.5,42.8,42.5,42.8,240,0
2014-11-19,42.8,42.8,42.41,42.76,1500,0
2014-11-20,42.65,42.98,42.65,42.7,1216,0
2014-11-21,42.7,42.85,42.7,42.85,2846,0
2014-11-24,42.85,42.85,42.75,42.8,2075,0
2014-11-25,42.85,42.85,42.51,42.63,1850,0
2014-11-26,42.8,42.8,42.64,42.64,1600,0
2014-11-28,42.79,42.8,42.64,42.64,810,0
2014-12-01,42.6,42.65,42.52,42.65,930,0
2014-12-02,42.75,42.85,42.55,42.75,2429,0
2014-12-03,42.67,42.92,42.49,42.6,6471,0
2014-12-04,42.95,42.95,42.59,42.59,675,0
2014-12-05,42.52,42.52,42.52,42.52,210,0
2014-12-08,42.42,42.44,42.4,42.44,702,0
2014-12-09,42.43,42.5,42.15,42.15,2170,0
2014-12-10,42.37,42.48,42.29,42.29,1749,0
2014-12-11,42.44,42.53,42.38,42.42,8050,0
2014-12-12,42.23,42.23,42.23,42.23,101,0
2014-12-15,42.4,42.7,42.4,42.45,1169,0
2014-12-16,42.26,42.6,42.26,42.39,630,0
2014-12-17,42.08,42.08,42.08,42.08,125,0
2014-12-18,37.7,42.31,32.98,41.99,110267,0
2014-12-19,41.39,42,41.39,42,2017,0
2014-12-22,41.86,42.2,41.86,42,6070,0
2014-12-23,41.91,42.5,41.85,42,20253,0
2014-12-24,41.86,42.7,41.86,41.99,12294,0
2014-12-26,42,42.77,41.6,42.34,14923,0
2014-12-29,41.79,42.38,41.79,41.86,15323,0
2014-12-30,42,42.36,41.79,41.9,13104,0
2014-12-31,42.16,42.59,42.01,42.02,17016,0
2015-01-02,42.12,42.5,41.83,42.2,22179,0
2015-01-05,41.95,42.62,41.95,42.01,7929,0
2015-01-06,41.97,42.2,41.97,42.15,8025,0
2015-01-07,42.04,42.29,42.04,42.21,3296,0
2015-01-08,42.12,42.2,42.1,42.1,998,0
2015-01-09,42.59,42.59,42.59,42.59,291,0
2015-01-12,42.39,42.39,42.3,42.3,1550,0
2015-01-13,42,42.67,42,42.4,9377,0
2015-01-14,42.74,42.88,42.39,42.88,40398,0
2015-01-15,42.78,42.98,42.75,42.98,1639,0
2015-01-16,42.63,42.7,42.63,42.68,1916,0
2015-01-20,42.76,42.98,42.68,42.68,25933,0
2015-01-21,42.75,43.4,42.7,42.7,30258,0
2015-01-22,42.8,43.5,42.37,43.25,75734,0
2015-01-23,43.04,43.22,42.45,42.72,61705,0
2015-01-26,42.45,42.45,42.45,42.45,1102,0
2015-01-27,42.63,43.2,42.62,42.71,47839,0
2015-01-28,42.66,43,42.65,42.75,1800,0
2015-01-29,43,43,42.6,42.63,1076,0
2015-01-30,42.59,42.98,42.45,42.85,46037,0
2015-02-02,42.79,42.79,42.35,42.36,36134,0
2015-02-03,42.61,42.97,42.51,42.64,6191,0
2015-02-04,42.3,43,41.85,42.8,43794,0
2015-02-05,42.38,42.93,42.38,42.86,2084,0
2015-02-06,42.54,42.64,42.52,42.61,1310,0
2015-02-09,42.33,42.79,42.33,42.5,1858,0
2015-02-10,42.78,43.45,42.7,42.87,46412,0
2015-02-11,43.14,43.14,42.46,42.46,915,0
2015-02-12,43.27,43.27,42.72,42.72,13933,0
2015-02-13,42.61,42.81,42.48,42.61,8855,0
2015-02-17,42.2,42.9,42.15,42.3,56457,0
2015-02-18,42.34,42.48,42.34,42.4,1285,0
2015-02-19,42.44,42.83,42.26,42.63,5199,0
2015-02-20,42.36,42.36,42.36,42.36,438,0
2015-02-23,42.35,42.5,42.31,42.5,8627,0
2015-02-24,42.8,42.8,42.41,42.49,5805,0
2015-02-25,42.24,42.77,42.24,42.51,2202,0
2015-02-26,42.36,42.52,42.36,42.38,472,0
2015-02-27,42.21,42.46,42.2,42.2,1952,0
2015-03-02,42.23,42.64,42.14,42.32,4700,0
2015-03-03,42.68,42.84,42.67,42.79,21200,0
2015-03-04,42.56,42.68,42.19,42.42,3000,0
2015-03-05,42.4,42.46,42.27,42.46,1200,0
2015-03-06,42.28,42.28,42.24,42.25,600,0
2015-03-09,42.27,42.35,41.83,42.27,1400,0
2015-03-10,42.32,42.35,42.32,42.35,400,0
2015-03-11,42.28,42.28,42.28,42.28,600,0
2015-03-12,42.25,42.32,42.25,42.32,300,0
2015-03-13,42.78,42.78,42.68,42.68,400,0
2015-03-16,42.65,42.65,42.27,42.3,300,0
2015-03-17,42.38,42.48,42.38,42.46,3000,0
2015-03-18,42.58,42.65,41.99,42.46,30000,0
2015-03-19,42.56,42.72,42.56,42.6,6900,0
2015-03-20,42.96,42.98,42.96,42.97,900,0
2015-03-23,42.59,42.68,42.59,42.68,1700,0
2015-03-24,42.57,42.87,42.57,42.87,300,0
2015-03-25,42.83,42.83,42.83,42.83,200,0
2015-03-26,42.54,42.71,42.54,42.71,600,0
2015-03-27,42.55,42.7,42.55,42.7,1100,0
2015-03-30,42.8,42.8,42.64,42.64,1000,0
2015-03-31,42.9,42.9,42.9,42.9,400,0
2015-04-01,42.65,42.74,42.65,42.74,3100,0
2015-04-02,42.92,42.92,42.67,42.79,1100,0
2015-04-06,43.03,43.03,43.03,43.03,300,0
2015-04-07,42.87,42.87,42.87,42.87,181,0
2015-04-08,42.68,42.91,42.58,42.66,4900,0
2015-04-09,43.06,43.25,43.06,43.2,9497,0
2015-04-10,43.2,43.2,43.2,43.2,100,0
2015-04-13,43.03,43.03,43.03,43.03,200,0
2015-04-14,43.16,43.25,43.15,43.2,1200,0
2015-04-15,43.5,43.5,43.28,43.31,1182,0
2015-04-16,43.19,43.49,43.19,43.48,464,0
2015-04-17,43.24,43.24,43.22,43.22,3300,0
2015-04-20,43.04,43.13,42.94,43.13,653,0
2015-04-21,43.16,43.32,43.06,43.27,1800,0
2015-04-22,43.1,43.39,43.1,43.24,3932,0
2015-04-23,43.26,43.43,43.15,43.4,900,0
2015-04-24,43.33,43.33,43.33,43.33,113,0
2015-04-27,43.5,43.5,43.1,43.16,1400,0
2015-04-28,43.54,43.65,43.37,43.41,9720,0
2015-04-29,43.26,43.4,43.2,43.4,600,0
2015-04-30,43.62,43.62,43.16,43.2,1300,0
2015-05-01,43.63,43.63,43.13,43.13,400,0
2015-05-04,43.35,43.61,43.11,43.4,1600,0
2015-05-05,43.4,43.81,43.4,43.51,800,0
2015-05-06,43.51,43.51,43.51,43.51,128,0
2015-05-07,43.54,43.63,43.54,43.56,1488,0
2015-05-08,43.3,43.48,43.3,43.4,800,0
2015-05-11,43.4,43.4,43.34,43.37,1300,0
2015-05-12,43.7,43.73,43.49,43.49,1202,0
2015-05-13,43.5,43.5,43.45,43.45,339,0
2015-05-14,43.63,43.63,43.55,43.63,400,0
2015-05-15,43.46,43.55,43.3,43.3,1290,0
2015-05-18,43.55,43.55,43.26,43.33,4614,0
2015-05-19,43.33,43.4,43.33,43.38,1117,0
2015-05-20,43.44,43.47,43.43,43.45,867,0
2015-05-21,43.5,43.5,43.21,43.21,800,0
2015-05-22,43.44,43.45,43.44,43.45,800,0
2015-05-26,43.41,43.48,43.36,43.36,2503,0
2015-05-27,43.36,43.36,43.36,43.36,100,0
2015-05-28,43.08,43.08,43.08,43.08,800,0
2015-05-29,43.49,43.49,43,43.44,500,0
2015-06-01,43.44,43.44,43.44,43.44,99,0
2015-06-02,43.49,43.5,43.05,43.48,2145,0
2015-06-03,43.48,43.48,43.48,43.48,100,0
2015-06-04,43.48,43.48,43.48,43.48,100,0
2015-06-05,43,43,43,43,100,0
2015-06-08,43,43,43,43,200,0
2015-06-09,43.01,43.35,43,43.35,1353,0
2015-06-10,43.35,43.35,43.29,43.29,250,0
2015-06-11,43.01,43.01,43.01,43.01,120,0
2015-06-12,43.35,43.48,43.3,43.34,4100,0
2015-06-15,43.24,43.24,43.03,43.03,200,0
2015-06-16,42.97,42.97,42.97,42.97,400,0
2015-06-17,43.1,43.1,43.1,43.1,300,0
2015-06-18,43.14,43.35,43.14,43.35,300,0
2015-06-19,43.09,43.09,43.09,43.09,500,0
2015-06-22,43.45,43.47,43.43,43.43,1500,0
2015-06-23,43.44,43.44,43.04,43.04,702,0
2015-06-24,43.4,43.44,43.08,43.44,500,0
2015-06-25,43.32,43.37,43.07,43.07,800,0
2015-06-26,43.45,43.45,43.01,43.44,900,0
2015-06-29,43.5,43.5,43.31,43.5,1600,0
2015-06-30,43.75,43.76,43.46,43.46,5245,0
2015-07-01,43.43,43.43,43.04,43.05,700,0
2015-07-02,43.2,43.8,43.04,43.27,2300,0
2015-07-06,43.49,43.8,43.23,43.79,8800,0
2015-07-07,43.31,43.6,43.25,43.44,2100,0
2015-07-08,43.36,43.4,43.29,43.29,700,0
2015-07-09,43.34,43.66,43.21,43.3,5000,0
2015-07-10,43.24,43.38,43.24,43.38,1000,0
2015-07-13,43.38,43.7,43.37,43.37,2300,0
2015-07-14,43.37,43.37,43.37,43.37,227,0
2015-07-15,43.3,43.7,43.3,43.7,667,0
2015-07-16,43.7,43.7,43.7,43.7,100,0
2015-07-17,43.62,43.62,43.49,43.5,600,0
2015-07-20,43.4,43.81,43.4,43.56,1900,0
2015-07-21,43.46,43.81,43.46,43.71,800,0
2015-07-22,43.58,43.58,43.58,43.58,500,0
2015-07-23,43.4,43.81,43.4,43.4,500,0
2015-07-24,43.4,43.4,43.4,43.4,200,0
2015-07-27,43.24,43.5,43.15,43.2,5400,0
2015-07-28,43.09,43.39,43.09,43.39,2800,0
2015-07-29,43.24,43.29,42.03,43.17,2500,0
2015-07-30,43.09,43.44,43.09,43.44,500,0
2015-07-31,43.06,43.17,43.06,43.17,900,0
2015-08-03,43.25,43.43,43.2,43.28,1202,0
2015-08-04,43.45,43.5,43.28,43.5,3500,0
2015-08-05,43.29,43.49,43.29,43.46,1300,0
2015-08-06,43.31,43.63,43.29,43.63,2245,0
2015-08-07,43.46,43.68,43.42,43.66,2700,0
2015-08-10,43.65,43.73,42.02,43.1,10000,0
2015-08-11,42.14,42.14,41.02,41.54,19352,0
2015-08-12,39.45,42.25,38.07,42.25,25100,0
2015-08-13,40.9,41.99,40.85,41.47,10300,0
2015-08-14,40.88,41.25,40.88,41.25,11900,0
2015-08-17,40.96,41.32,40.23,41.27,14200,0
2015-08-18,41.1,41.4,40.8,41.3,27400,0
2015-08-19,41.19,41.36,41.03,41.16,19900,0
2015-08-20,40.85,41.25,40.66,41.2,13800,0
2015-08-21,41.2,41.46,40.59,41.46,10800,0
2015-08-24,31.41,41,31.41,40.38,34133,0
2015-08-25,40.5,41,39.92,41,21500,0
2015-08-26,41.21,41.49,39.82,41.49,21800,0
2015-08-27,41.25,41.29,40.19,41.1,3000,0
2015-08-28,41.02,41.38,39.94,41.38,2500,0
2015-08-31,41.5,41.69,41.23,41.6,13300,0
2015-09-01,41.48,42.17,41.45,42,3500,0
2015-09-02,42.17,42.27,40.91,41.55,2100,0
2015-09-03,41.05,41.82,40.91,41.82,2400,0
2015-09-04,41.82,41.82,41.82,41.82,100,0
2015-09-08,41.35,42.04,40.87,42.04,20800,0
2015-09-09,42.09,42.09,41.4,41.6,2000,0
2015-09-10,41.59,42,41.08,41.54,3164,0
2015-09-11,41.63,41.63,41.07,41.07,4500,0
2015-09-14,41.11,41.12,41.11,41.12,800,0
2015-09-15,41.5,41.58,41.18,41.58,1300,0
2015-09-16,41.12,41.58,41.12,41.58,1500,0
2015-09-17,41.61,41.79,41.2,41.78,3506,0
2015-09-18,41.8,41.86,41.8,41.81,800,0
2015-09-21,41.81,41.81,41.81,41.81,100,0
2015-09-22,41.6,41.97,41.08,41.12,5000,0
2015-09-23,41.07,41.12,41.07,41.12,227,0
2015-09-24,41.54,41.54,41.12,41.12,1139,0
2015-09-25,41.15,41.15,41.15,41.15,400,0
2015-09-28,41.66,41.91,41.23,41.82,17444,0
2015-09-29,41.76,41.88,41.25,41.25,2300,0
2015-09-30,41.7,41.78,41.6,41.64,700,0
2015-10-01,41.64,41.64,41.64,41.64,100,0
2015-10-02,41.62,41.8,41.62,41.8,200,0
2015-10-05,41.8,42,41.65,41.96,4243,0
2015-10-06,41.4,41.8,41.4,41.8,600,0
2015-10-07,42.5,42.5,42.5,42.5,732,0
2015-10-08,42,42.5,41.9,42.5,800,0
2015-10-09,41.98,42.5,41.98,42.5,400,0
2015-10-12,42.5,42.5,42,42.2,2351,0
2015-10-13,42.05,42.05,42.05,42.05,500,0
2015-10-14,42.2,42.81,42,42.21,1000,0
2015-10-15,42.03,42.19,42.01,42.19,2600,0
2015-10-19,42.49,42.49,42.31,42.31,578,0
2015-10-20,42.44,42.44,42.44,42.44,2200,0
2015-10-21,42.1,42.1,42.1,42.1,100,0
2015-10-22,42.1,42.1,42.1,42.1,100,0
2015-10-23,41.88,42.02,41.87,42.02,700,0
2015-10-26,42.02,42.02,42.02,42.02,200,0
2015-10-27,42.05,42.06,42.05,42.06,400,0
2015-10-28,42.03,42.15,42.03,42.15,200,0
2015-10-29,41.73,41.73,41.73,41.73,500,0
2015-11-02,42.74,42.74,42.1,42.1,592,0
2015-11-03,42.09,42.25,42.09,42.17,527,0
2015-11-04,42.11,42.11,42.11,42.11,541,0
2015-11-06,41.48,41.48,41.48,41.48,100,0
2015-11-09,41.91,42.69,41.91,42.67,3400,0
2015-11-10,42.75,42.75,41.39,41.39,1200,0
2015-11-11,41.39,41.39,41.39,41.39,100,0
2015-11-12,41.93,42.12,41.93,42.12,200,0
2015-11-13,41.44,41.44,41.44,41.44,1100,0
2015-11-16,41.44,41.44,41.44,41.44,100,0
2015-11-17,41.69,42.66,41.69,41.69,900,0
2015-11-18,41.46,42.23,41.46,42.23,700,0
2015-11-19,41.75,41.92,41.75,41.92,1400,0
2015-11-20,41.95,41.95,41.95,41.95,100,0
2015-11-23,41.66,41.78,41.66,41.67,700,0
2015-11-24,41.41,41.41,41.41,41.41,100,0
2015-11-25,41.62,42.05,41.62,42.05,600,0
2015-11-27,42.03,42.03,42.03,42.03,100,0
2015-11-30,42.05,42.05,41.78,41.78,1300,0
2015-12-01,41.78,41.78,41.78,41.78,51,0
2015-12-02,41.78,41.78,41.78,41.78,377,0
2015-12-03,41.81,41.81,41.81,41.81,191,0
2015-12-04,42.51,42.51,42.51,42.51,400,0
2015-12-07,41.7,41.87,41.7,41.87,400,0
2015-12-08,41.99,42,41.58,42,1391,0
2015-12-09,42,42,42,42,200,0
2015-12-11,41.39,41.52,41.39,41.52,1100,0
2015-12-14,41.43,41.43,41.36,41.36,900,0
2015-12-15,41.34,41.36,41.34,41.36,300,0
2015-12-16,41.36,41.36,41.36,41.36,100,0
2015-12-17,41.31,41.4,40.87,41,1400,0
2015-12-18,41.1,41.1,41.05,41.1,3400,0
2015-12-21,40.98,41.2,40.97,41.2,1700,0
2015-12-22,41.2,41.2,41.2,41.2,30,0
2015-12-23,40.57,41.4,40.57,41.4,600,0
2015-12-24,40.984,40.984,40.984,40.984,607,0
2015-12-28,40.9,41.05,40.59,40.75,4276,0
2015-12-29,40.65,41.15,40.65,41.06,3606,0
2015-12-30,40.83,41.25,40.83,41.25,612,0
2015-12-31,41.15,41.29,41,41.22,775,0
2016-01-04,40.09,41.18,39.89,40.26,2771,0
2016-01-05,40.8,41.25,40.38,41.16,12401,0
2016-01-06,40.232,40.232,40.232,40.232,600,0
2016-01-07,40.3237,40.3348,39.97,40.3348,1542,0
2016-01-08,39.91,40.2569,39.91,39.9207,1030,0
2016-01-11,40.63,41.69,40.021,40.75,4510,0
2016-01-12,40.1671,40.62,40.12,40.12,753,0
2016-01-13,40.7,41.15,40.635,40.7,1026,0
2016-01-14,40.55,40.9,39.89,40.86,4201,0
2016-01-15,40.48,40.75,40.46,40.53,2620,0
2016-01-19,39.92,40.88,39.92,40.74,7100,0
2016-01-20,40.6,40.85,40.05,40.72,1733,0
2016-01-21,40.71,40.71,40.11,40.11,1752,0
2016-01-22,40.95,40.95,40.1382,40.1382,3841,0
2016-01-25,40.26,40.4121,40.26,40.4121,255,0
2016-01-26,40.41,40.5,40.41,40.5,1100,0
2016-01-27,40.91,41.2,40.7727,40.8,8109,0
2016-01-28,40.93,41.235,40.7911,41.235,2611,0
2016-01-29,41.02,41.04,41.02,41.04,502,0
2016-02-01,41,41.11,40.707,40.707,1917,0
2016-02-02,40.53,41.1574,40.53,41.1574,1350,0
2016-02-03,40.84,41.2,40.5401,40.68,1884,0
2016-02-04,40.845,42.19,40.845,40.86,2293,0
2016-02-05,41.5,41.5,40.965,41.29,5205,0
2016-02-08,41.05,42.06,41.05,42.06,1953,0
2016-02-09,41.55,41.55,41.27,41.27,2482,0
2016-02-10,41.12,41.5455,41.1,41.153,4676,0
2016-02-11,41.51,41.5877,41.16,41.251,3141,0
2016-02-12,41.5,41.55,41.1701,41.1701,695,0
2016-02-16,41.28,41.7,41.28,41.6,1415,0
2016-02-17,42.07,42.34,41.215,42.29,3406,0
2016-02-19,41.23,41.23,41.23,41.23,100,0
2016-02-22,41.2601,41.56,41.2601,41.56,396,0
2016-02-23,41.1701,41.6,41.1701,41.6,395,0
2016-02-24,41.6,41.6,41.5,41.5,223,0
2016-02-25,41.55,41.71,41.53,41.71,2075,0
2016-02-26,41.251,41.4,41.251,41.4,431,0
2016-02-29,41.49,41.49,41.37,41.4678,662,0
2016-03-01,41.61,41.72,41.27,41.72,2423,0
2016-03-02,41.5,41.8,40.86,41.72,6837,0
2016-03-03,41.95,42.06,41.119,41.119,9160,0
2016-03-04,41.76,42.05,41.19,41.94,7039,0
2016-03-07,41.9,42.01,41.28,41.85,2555,0
2016-03-08,41.86,41.98,41.86,41.9,1760,0
2016-03-09,41.86,42.51,41.86,42.51,1032,0
2016-03-14,42.6,42.6,42.6,42.6,615,0
2016-03-15,41.25,41.2994,41.25,41.2994,500,0
2016-03-16,42.6,42.6,41.95,42.05,1200,0
2016-03-17,42,42.14,42,42.14,823,0
2016-03-18,42.4,42.4,41.9007,42.37,2122,0
2016-03-21,42.06,42.25,41.9,42.24,3169,0
2016-03-22,42.1,42.41,41.99,42.38,5443,0
2016-03-23,42,42.488,42,42,12612,0
2016-03-24,42,42,42,42,286,0
2016-03-28,41.52,41.7,41.52,41.7,200,0
2016-03-30,41.785,41.862,41.782,41.862,2277,0
2016-04-01,42.36,42.47,42.27,42.3101,2425,0
2016-04-04,42.56,42.56,42.39,42.39,1244,0
2016-04-05,42.6,42.6,42.14,42.4,4834,0
2016-04-06,42.1999,42.55,42.1999,42.5,5050,0
2016-04-07,42.2,42.59,42.2,42.3,3783,0
2016-04-08,42.59,42.59,42.01,42.01,1053,0
2016-04-11,42.15,42.599,42.15,42.43,2723,0
2016-04-12,42.5,42.6,42.5,42.6,1387,0
2016-04-13,42.2749,42.49,42.2749,42.49,233,0
2016-04-15,42.367,42.5,42.2,42.3,513,0
2016-04-18,42.44,42.44,41.7703,42.34,4040,0
2016-04-19,42.3,42.44,42.3,42.44,2985,0
2016-04-20,42.35,42.44,41.8473,41.9094,6700,0
2016-04-21,42.25,42.3,42.25,42.29,300,0
2016-04-22,42.12,42.55,42.12,42.3,3530,0
2016-04-25,42.42,42.43,42.3,42.43,541,0
2016-04-26,42.44,42.44,41.506,41.506,616,0
2016-04-27,42.1,43,42.1,43,2741,0
2016-04-28,42.92,42.92,41.798,42.21,5000,0
2016-04-29,42.14,42.7001,41.8999,42,2335,0
2016-05-02,42.17,42.45,42.17,42.37,960,0
2016-05-03,42.2799,42.4,42.2799,42.36,2000,0
2016-05-04,42.2289,42.85,42.2289,42.85,1200,0
2016-05-05,42.93,42.93,42.1134,42.9,708,0
2016-05-06,42.35,42.9,42.15,42.5,1900,0
2016-05-09,42.4389,42.4389,42.3489,42.35,1601,0
2016-05-10,42.68,42.7,41.32,42.7,1707,0
2016-05-11,42.15,42.15,41.89,42.15,1117,0
2016-05-12,42.3789,42.3792,42.2,42.2,2410,0
2016-05-13,42.2989,42.3,42.2,42.2,1255,0
2016-05-16,41.375,41.375,41.375,41.375,200,0
2016-05-17,42.6999,42.6999,42.6999,42.6999,750,0
2016-05-19,42.6499,42.6499,42.6499,42.6499,475,0
2016-05-24,41.82,41.82,41.0389,41.26,654,0
2016-05-26,41.86,41.86,41.5218,41.5218,300,0
2016-06-01,41.1,41.1504,41.01,41.01,4507,0
2016-06-02,41.7,41.7,41.7,41.7,300,0
2016-06-03,41.73,41.73,41.36,41.36,370,0
2016-06-06,41.35,41.9,41.0147,41.8292,2001,0
2016-06-07,41.89,42,41.305,41.78,5636,0
2016-06-08,41.8,41.9501,41.8,41.93,7184,0
2016-06-09,41.73,41.9311,41.73,41.9311,4835,0
2016-06-13,41.4,41.9201,41.4,41.74,3301,0
2016-06-14,41.9,42.68,41.85,42.49,2554,0
2016-06-17,41.6,41.87,41.6,41.87,1202,0
2016-06-20,41.75,41.8,40.5891,41.76,2726,0
2016-06-21,41.2904,41.2904,41.2904,41.2904,200,0
2016-06-22,41.67,42.5,41.67,42.5,953,0
2016-06-23,41.85,41.93,41.81,41.91,2185,0
2016-06-24,41.74,41.75,41.74,41.7489,656,0
2016-06-27,39.92,39.92,39.92,39.92,214,0
2016-06-28,41.75,42.2,41.4501,42.19,1238,0
2016-06-29,41.9151,42.0011,41.9151,42.0011,606,0
2016-06-30,42.17,42.17,41.84,41.85,500,0
2016-07-01,41.67,41.95,41.67,41.95,1528,0
2016-07-05,41.3949,41.3949,41.34,41.3401,716,0
2016-07-08,41.6083,41.615,41.6083,41.615,300,0
2016-07-11,41.5275,41.55,41.3851,41.41,1262,0
2016-07-12,41.5596,41.5596,41.5596,41.5596,101,0
2016-07-13,41.25,41.4,41.25,41.4,370,0
2016-07-14,41.27,41.3161,41.24,41.24,1565,0
2016-07-15,40.4056,41.644,40.4056,41.25,1552,0
2016-07-18,41.212,41.212,41.212,41.212,455,0
2016-07-19,41.5,41.5,41.22,41.4,910,0
2016-07-20,41.53,41.54,41.51,41.51,1277,0
2016-07-22,41.41,41.5,41.41,41.5,460,0
2016-07-25,41.38,41.7,41.38,41.7,1556,0
2016-07-26,41.4,41.415,41.4,41.415,404,0
2016-07-28,41.3,41.7,41.3,41.68,2049,0
2016-07-29,41.7,41.72,41.7,41.72,320,0
2016-08-02,41.65,41.65,41.65,41.65,200,0
2016-08-03,41.81,42.27,41.81,42.27,1232,0
2016-08-05,41.42,41.42,41.42,41.42,305,0
2016-08-10,41.56,42.5,41.55,41.55,8987,0
2016-08-11,41.35,41.5791,41.35,41.5791,440,0
2016-08-15,41.33,41.6605,41.33,41.5,620,0
2016-08-16,41.31,42.416,41.31,41.62,2650,0
2016-08-17,41.4,41.4,41.4,41.4,100,0
2016-08-18,41.251,41.251,41.251,41.251,120,0
2016-08-19,41.8,41.83,41.6206,41.74,1976,0
2016-08-22,41.85,41.85,41.497,41.58,2203,0
2016-08-23,41.69,41.7611,41.65,41.65,927,0
2016-08-24,41.4,41.55,41.4,41.49,700,0
2016-08-26,41.05,41.2916,41.05,41.05,2400,0
2016-08-29,41.29,41.29,41.29,41.29,356,0
2016-08-30,41.22,41.36,40.9901,41.35,4193,0
2016-08-31,41.45,41.45,41.4,41.4,200,0
2016-09-06,40.5801,41.33,40.5801,41.33,1108,0
2016-09-08,41.137,41.137,41.137,41.137,100,0
2016-09-09,41.3,41.3,41.3,41.3,300,0
2016-09-15,41.1,41.3618,41.1,41.3618,210,0
2016-09-19,41.05,41.25,41.05,41.25,200,0
2016-09-22,41.25,41.25,41.25,41.25,200,0
2016-09-27,40.92,41.1475,40.92,40.92,1200,0
2016-09-29,40.91,41.16,40.91,41.16,760,0
2016-09-30,41.2,41.5,41.16,41.47,3588,0
2016-10-03,41.91,41.95,41.91,41.95,329,0
2016-10-05,40.85,41.1375,40.85,41.1375,420,0
2016-10-10,41.0885,41.0885,41.08,41.08,502,0
2016-10-12,40.9999,41,40.997,40.9992,2000,0
2016-10-13,40.785,40.785,40.785,40.785,125,0
2016-10-14,40.64,40.64,40.64,40.64,100,0
2016-10-18,40.62,40.7888,40.62,40.7888,500,0
2016-10-19,40.8,40.8,40.8,40.8,107,0
2016-10-24,40.4907,40.4907,40.4907,40.4907,125,0
2016-10-25,40.44,40.44,40.44,40.44,200,0
2016-10-26,40.628,40.628,40.628,40.628,100,0
2016-10-28,40.58,40.58,40.58,40.58,100,0
2016-10-31,40.55,41.0647,40.54,41.0647,727,0
2016-11-02,40.66,41.0295,40.66,41.0295,200,0
2016-11-07,40.54,40.54,40.54,40.54,198,0
2016-11-08,40.55,40.55,40.55,40.55,100,0
2016-11-14,40.52,40.5201,40.52,40.52,514,0
2016-11-15,40.52,40.52,40.52,40.52,135,0
2016-11-16,40.52,40.52,40.52,40.52,100,0
2016-11-17,40.52,40.5606,40.52,40.5606,200,0
2016-11-25,40.52,40.52,40.52,40.52,295,0
2016-11-30,41.1903,41.1903,40.65,40.65,865,0
2016-12-01,40.6,40.6,40.6,40.6,300,0
2016-12-02,39.59,39.59,39.541,39.541,313,0
2016-12-05,40.79,40.9024,40.57,40.78,4578,0
2016-12-06,40,40.06,40,40.06,480,0
2016-12-07,40.11,40.11,40.11,40.11,264,0
2016-12-08,39.91,40,39.91,40,206,0
2016-12-09,39.804,39.804,39.69,39.69,270,0
2016-12-13,39.82,40.828,39.82,40.828,787,0
2016-12-15,39.26,39.26,39.26,39.26,150,0
2016-12-16,39.63,39.63,39.63,39.63,250,0
2016-12-20,39.59,39.9857,39.59,39.9857,400,0
2016-12-27,38.33,39.23,38.05,39,1829,0
2016-12-28,38.3587,39.304,38.3587,38.61,2375,0
2016-12-29,38.5,39.38,38.5,39.28,1150,0
2016-12-30,38.6,39.05,38.6,39.05,1201,0
2017-01-03,38.71,39,38.71,39,1520,0
2017-01-04,39.85,39.8699,39.83,39.8699,2459,0
2017-01-06,38.71,38.71,38.71,38.71,100,0
2017-01-09,40.0693,40.0693,40.0693,40.0693,157,0
2017-01-10,39.93,40.142,39.93,40,615,0
2017-01-12,40.04,40.25,40.02,40.22,1284,0
2017-01-17,40.23,40.23,40.23,40.23,216,0
2017-01-18,40.3485,40.3485,40.12,40.3462,320,0
2017-01-19,40.13,40.13,40.13,40.13,100,0
2017-01-20,40.16,40.16,40.16,40.16,201,0
2017-01-23,40.3,40.3,40.3,40.3,108,0
2017-01-26,40.21,40.6,40.21,40.6,251,0
2017-01-27,40.3,40.46,40.25,40.46,2067,0
2017-01-30,40.34,40.5,40.34,40.5,700,0
2017-01-31,40.25,40.52,40.21,40.52,2100,0
2017-02-03,40.52,40.52,40.52,40.52,1108,0
2017-02-06,40.28,40.3,40.26,40.26,1009,0
2017-02-07,40.18,40.18,40.18,40.18,1251,0
2017-02-08,39.91,40.458,39.88,39.9698,2825,0
2017-02-09,40.65,40.65,40.64,40.64,320,0
2017-02-14,40.37,40.64,40.37,40.64,540,0
2017-02-15,40.64,40.64,40.64,40.64,0,0
2017-02-16,40.48,41.5,40.48,41.5,300,0
2017-02-22,41.1853,41.1853,40.46,40.46,1750,0
2017-03-02,40.51,40.6315,40.51,40.6315,500,0
2017-03-03,40.62,40.62,40.62,40.62,106,0
2017-03-07,40.42,41.408,40.4,40.74,22472,0
2017-03-08,40.6,40.71,40.44,40.6,2600,0
2017-03-09,40.25,40.8,40.06,40.15,3403,0
2017-03-10,40.6,41,39.96,40.67,19309,0
2017-03-13,40.58,41.07,40.449,40.71,13205,0
2017-03-14,40.499,40.71,40.499,40.67,4101,0
2017-03-15,40.67,41.08,40.669,41,7002,0
2017-03-16,40.84,41.11,40.84,40.97,1751,0
2017-03-17,40.89,40.95,40.89,40.95,1100,0
2017-03-20,40.71,40.71,40.71,40.71,239,0
2017-03-21,40.8,41.01,40.68,40.7,3801,0
2017-03-22,40.67,41.03,40.67,40.8112,5670,0
2017-03-23,40.8499,40.98,40.6309,40.6309,3463,0
2017-03-24,40.86,40.96,40.86,40.96,1884,0
2017-03-27,40.58,40.92,40.58,40.9,1462,0
2017-03-28,40,41.1481,39.16,40.88,23036,0
2017-03-29,40.93,40.93,40.84,40.84,3294,0
2017-03-30,40.84,40.84,40.7989,40.8,1601,0
2017-03-31,40.799,40.94,40.799,40.92,4401,0
2017-04-03,40.99,41.0318,40.81,40.84,3649,0
2017-04-05,40.6309,41.07,40.6309,41.07,901,0
2017-04-10,40.61,41.5001,40.57,40.82,30819,0
2017-04-11,40.829,40.951,40.829,40.88,4000,0
2017-04-12,40.819,40.941,40.819,40.8399,14576,0
2017-04-13,40.6475,41.09,40.6475,41.02,7353,0
2017-04-17,40.959,41.32,40.959,41.23,11598,0
2017-04-18,40.99,41.09,40.885,40.885,1770,0
2017-04-19,40.9899,41.43,40.9899,41.33,16205,0
2017-04-21,42.14,42.14,42.14,42.14,405,0
2017-04-24,41.8,41.8,38.72,41.4,953,0
2017-04-25,41.5,41.5,41.19,41.24,5602,0
2017-04-26,41.4403,41.4403,41.4403,41.4403,101,0
2017-04-27,41.02,41.25,41.02,41.24,3008,0
2017-04-28,40.7411,40.7411,40.7411,40.7411,175,0
2017-05-01,40.99,41,40.74,40.89,2080,0
2017-05-03,41.2,41.251,41.079,41.2,4599,0
2017-05-04,41.1,41.181,41.099,41.13,3201,0
2017-05-05,41.12,41.2,40.99,41.01,2452,0
2017-05-08,41.05,41.081,40.91,40.98,2700,0
2017-05-09,40.68,41.0863,40.68,41.0863,201,0
2017-05-11,40.99,41,40.99,41,306,0
2017-05-15,40.9,41.1501,40.66,40.66,6884,0
2017-05-16,40.89,40.89,40.89,40.89,350,0
2017-05-18,40.24,40.8,40,40.75,2900,0
2017-05-19,41.18,41.18,41.13,41.15,1104,0
2017-05-22,41.8,41.8,41.8,41.8,100,0
2017-05-23,40.93,40.93,40.93,40.93,105,0
2017-05-26,41.2,41.351,41.2,41.351,1273,0
2017-06-05,41.47,41.47,41.47,41.47,428,0
2017-06-07,41.59,41.6001,41.59,41.6001,700,0
2017-06-08,41.7435,41.7435,41.7435,41.7435,102,0
2017-06-09,41.56,41.56,41.56,41.56,615,0
2017-06-12,41.5923,41.6546,41.5923,41.6546,200,0
2017-06-14,41.7492,41.7492,41.7492,41.7492,600,0
2017-06-19,41.49,41.6311,41.49,41.6311,755,0
2017-06-20,41.3401,41.341,41.3401,41.341,200,0
2017-06-21,41.3,41.7,41.3,41.7,1138,0
2017-06-22,41.432,41.4363,41.43,41.4363,562,0
2017-06-23,41.4525,41.4525,41.4525,41.4525,116,0
2017-06-26,41.5723,41.5723,41.5723,41.5723,165,0
2017-06-27,41.54,41.54,38.9497,40.72,3170,0
2017-06-28,41.5,42.22,41.5,41.74,9443,0
2017-07-06,41.74,42.16,41.2932,42.16,733,0
2017-07-10,42.556,42.556,42.556,42.556,499,0
2017-07-11,41.83,41.83,41.83,41.83,220,0
2017-07-12,41.86,41.86,41.515,41.515,1148,0
2017-07-13,41.5658,42.03,41.5658,42.03,723,0
2017-07-18,42.7,42.8581,42.55,42.6,1200,0
2017-07-19,42.2,42.4925,42.2,42.4925,930,0
2017-07-20,42.46,42.4925,42.46,42.4925,500,0
2017-07-21,42.093,42.093,42.093,42.093,200,0
2017-07-24,42,42.07,41.9735,42.03,1268,0
2017-07-25,41.8388,42.3,41.53,42.3,2502,0
2017-07-26,42.256,42.256,42.2028,42.2028,310,0
2017-07-27,42.2,42.8477,42.11,42.11,1780,0
2017-07-28,43.4326,43.4326,41.936,42.44,2625,0
2017-07-31,42.5,42.5064,42.12,42.12,1450,0
2017-08-01,42.0999,42.1,42.0972,42.1,1724,0
2017-08-02,42.4501,42.5619,42.0564,42.15,2600,0
2017-08-03,43.43,43.43,41.9447,42.1562,3600,0
2017-08-04,43,43,42.7,42.7,1004,0
2017-08-07,42.6,42.63,42.3143,42.3143,1330,0
2017-08-08,42.7,43.3,42.2,42.2,2803,0
2017-08-09,42.25,42.25,42.25,42.25,1000,0
2017-08-10,42.0999,42.3,42.093,42.3,2202,0
2017-08-11,42.7,42.7,42.5001,42.5001,2721,0
2017-08-14,41.9,42.5795,41.2,42.1,907,0
2017-08-15,42.1,42.55,42.1,42.55,1007,0
2017-08-17,42.2491,42.7,40.1274,42.59,6040,0
2017-08-21,42.9,44.178,42.85,43.059,2975,0
2017-08-22,42.7883,42.7883,42.6,42.6,727,0
2017-08-25,42.78,43.4464,42.7048,43,3921,0
2017-08-28,43.25,43.3431,43.047,43.1268,6200,0
2017-08-29,43.197,43.4,43.197,43.3,2600,0
2017-08-30,43.31,43.35,43.31,43.35,300,0
2017-08-31,43.3,43.35,43.105,43.35,1100,0
2017-09-01,43.25,43.5,43.25,43.5,528,0
2017-09-05,43.5,46.9,43,43.1872,1159,0
2017-09-06,44.1942,44.202,43.2,43.2,3772,0
2017-09-07,44.18,44.2063,43.4271,43.8992,6448,0
2017-09-08,45.51,45.51,43.82,43.93,3247,0
2017-09-11,44.01,44.0301,44,44,900,0
2017-09-12,44.0501,44.0501,43.6722,43.7,2830,0
2017-09-13,43.96,43.96,43.63,43.63,1749,0
2017-09-14,44.79,45.02,44.79,45.02,780,0
2017-09-15,44.1,44.2,44.1,44.2,380,0
2017-09-19,43.5601,45.319,43.12,45.319,1826,0
2017-09-20,44.82,44.82,44.82,44.82,266,0
2017-09-22,43.25,43.25,43.25,43.25,300,0
2017-09-26,43.5,43.5,43.2,43.2,800,0
2017-09-27,42.77,43.02,42.77,43,420,0
2017-10-04,42.7501,42.8781,42.7501,42.8781,200,0
2017-10-09,42.56,42.56,42.56,42.56,200,0
2017-10-10,43.07,43.07,43.07,43.07,130,0
2017-10-11,42.52,42.52,41.11,41.23,476,0
2017-10-13,42.88,42.88,41.6684,41.6684,300,0
2017-10-16,43.44,43.44,42.3897,42.891,450,0
2017-10-18,43.48,43.7,43.4501,43.4501,4872,0
2017-10-30,41.317,43.946,41.317,43.371,627,0
2017-10-31,42.71,45,41.64,43.3,2367,0
2017-11-01,45.42,45.42,42.36,43.17,927,0
2017-11-06,42.1251,43.3718,42.1251,43.3718,315,0
2017-11-09,41.32,42.28,41.32,42.28,445,0
