Date,Open,High,Low,Close,Volume,OpenInt
2011-06-17,14.92,14.92,14.92,14.92,2153,0
2011-06-23,14.837,14.837,14.837,14.837,169,0
2011-06-27,15.045,15.045,15.045,15.045,1344,0
2011-07-05,15.581,15.581,15.581,15.581,1259,0
2011-07-12,14.719,14.719,14.719,14.719,336,0
2011-07-14,14.778,14.778,14.778,14.778,471,0
2011-07-20,14.475,14.475,14.475,14.475,1682,0
2011-07-21,14.457,14.457,14.457,14.457,336,0
2011-07-22,14.457,14.457,13.903,14.278,3699,0
2011-07-25,14.457,14.457,14.457,14.457,336,0
2011-07-26,14.354,14.457,14.354,14.457,336,0
2011-07-27,14.457,14.558,14.244,14.244,1682,0
2011-07-28,14.457,14.457,14.457,14.457,169,0
2011-07-29,14.219,14.219,14.219,14.219,169,0
2011-08-01,14.367,14.493,14.367,14.493,1008,0
2011-08-03,13.981,13.981,13.683,13.683,336,0
2011-08-04,13.243,13.243,13.243,13.243,169,0
2011-08-08,12.345,12.345,12.345,12.345,169,0
2011-08-09,12.41,18.568,12.41,12.493,506,0
2011-08-10,12.493,12.493,12.345,12.345,336,0
2011-08-11,13.089,13.089,13.089,13.089,169,0
2011-08-15,13.356,13.356,13.356,13.356,169,0
2011-08-24,12.785,12.785,12.785,12.785,169,0
2011-08-29,13.089,13.261,13.089,13.261,421,0
2011-09-01,13.897,13.897,13.897,13.897,336,0
2011-09-21,13.749,13.749,13.749,13.749,446,0
2011-09-22,12.916,12.916,12.916,12.916,169,0
2011-10-13,13.272,13.272,13.272,13.272,169,0
2011-10-19,13.065,13.065,13.065,13.065,839,0
2011-10-21,13.296,13.296,12.875,12.875,839,0
2011-10-25,13.202,13.351,13.202,13.351,336,0
2011-10-31,13.879,13.879,13.879,13.879,179,0
2011-11-01,14.522,14.564,13.683,14.188,18490,0
2011-11-08,14.165,14.481,13.95,14.349,26893,0
2011-11-22,13.981,13.981,13.915,13.915,506,0
2011-11-23,13.909,13.909,13.879,13.879,672,0
2011-11-25,13.267,13.279,13.267,13.279,1008,0
2011-11-28,14.647,14.647,13.529,13.601,10421,0
2011-11-29,13.559,13.821,13.504,13.802,7734,0
2011-11-30,14.897,14.927,14.177,14.177,1682,0
2011-12-01,13.963,14.011,13.956,13.956,1682,0
2011-12-08,13.891,13.891,13.891,13.891,169,0
2012-01-04,13.773,13.773,13.761,13.761,506,0
2012-01-05,13.659,13.659,13.659,13.659,336,0
2012-01-11,13.839,13.839,13.833,13.833,397,0
2012-01-13,13.583,14.433,13.57,13.653,1227,0
2012-01-17,14.046,14.046,14.046,14.046,228,0
2012-01-18,14.29,14.29,14.29,14.29,169,0
2012-01-19,14.319,14.319,14.319,14.319,336,0
2012-01-23,14.379,14.379,14.379,14.379,336,0
2012-01-26,14.534,14.534,14.349,14.349,790,0
2012-02-07,14.409,14.409,14.409,14.409,336,0
2012-02-28,14.635,14.635,14.635,14.635,506,0
2012-02-29,14.962,14.962,14.478,14.478,755,0
2012-03-01,14.7,14.7,14.457,14.457,5782,0
2012-03-08,14.392,14.51,14.349,14.438,9580,0
2012-03-09,14.326,14.438,14.29,14.344,10757,0
2012-03-12,14.302,14.302,14.147,14.206,7563,0
2012-03-13,14.392,14.623,14.361,14.582,3362,0
2012-03-14,14.713,14.737,14.541,14.541,4035,0
2012-03-15,14.653,14.707,14.623,14.666,3024,0
2012-03-16,14.575,14.676,14.575,14.575,2690,0
2012-03-19,14.546,14.676,14.546,14.582,4537,0
2012-03-20,14.361,14.421,14.319,14.373,6387,0
2012-03-21,14.469,14.481,14.354,14.409,3699,0
2012-03-22,14.255,14.285,14.206,14.206,5716,0
2012-03-26,14.361,14.403,14.349,14.361,5044,0
2012-03-27,14.469,14.469,14.379,14.426,6387,0
2012-03-28,14.122,14.122,13.998,13.998,6725,0
2012-03-29,13.909,13.915,13.891,13.915,1512,0
2012-03-30,14.049,14.049,13.959,13.983,6052,0
2012-04-02,14.194,14.237,14.171,14.219,1344,0
2012-04-03,14.255,14.255,14.213,14.213,672,0
2012-04-05,13.826,13.879,13.767,13.802,3362,0
2012-04-10,13.487,13.487,13.237,13.237,1008,0
2012-04-26,13.291,13.69,13.291,13.356,4152,0
2012-04-27,13.493,13.493,13.493,13.493,169,0
2012-05-02,13.606,13.915,13.606,13.821,14236,0
2012-05-03,13.796,14.117,13.796,13.974,4959,0
2012-05-04,13.849,13.873,13.451,13.451,3462,0
2012-05-07,13.583,13.653,13.583,13.629,7354,0
2012-05-08,13.677,13.677,13.237,13.302,7395,0
2012-05-09,13.183,13.202,12.998,13.011,2690,0
2012-05-10,13.356,13.463,13.314,13.463,6725,0
2012-05-11,13.296,13.296,13.017,13.017,2690,0
2012-05-14,12.671,12.921,12.625,12.863,5210,0
2012-05-15,12.863,13.047,12.696,12.875,6795,0
2012-05-16,13.177,13.177,12.659,12.773,47907,0
2012-05-17,12.56,12.56,12.272,12.272,2690,0
2012-05-18,12.322,12.322,12.322,12.322,336,0
2012-05-21,12.493,12.493,12.493,12.493,336,0
2012-05-22,12.683,12.696,12.522,12.522,1682,0
2012-05-23,12.369,12.583,12.369,12.553,3528,0
2012-05-24,12.184,12.184,12.155,12.155,1142,0
2012-05-25,11.964,12.244,11.964,12.244,2538,0
2012-05-29,12.207,12.22,12.207,12.214,2858,0
2012-05-30,11.975,11.982,11.975,11.982,1344,0
2012-06-01,12.066,12.1,12.066,12.1,1344,0
2012-06-04,12.19,12.201,12.124,12.137,4035,0
2012-06-06,12.267,12.267,12.267,12.267,839,0
2012-06-07,12.467,12.467,12.183,12.467,839,0
2012-06-12,12.279,12.339,12.279,12.332,6387,0
2012-06-13,12.393,12.546,12.356,12.374,38997,0
2012-06-14,12.374,12.487,12.374,12.481,17819,0
2012-06-15,12.436,12.508,12.419,12.454,28574,0
2012-06-18,12.356,12.522,12.356,12.481,28911,0
2012-06-19,12.72,13.113,12.72,13.065,53956,0
2012-06-20,13.576,13.576,12.725,12.892,33787,0
2012-06-21,12.806,12.835,11.959,12.443,21127,0
2012-06-22,12.443,12.558,12.333,12.479,47785,0
2012-06-25,12.244,12.551,12.081,12.183,10762,0
2012-06-26,11.536,12.237,11.536,12.206,16390,0
2012-06-27,12.142,12.213,12.056,12.068,21027,0
2012-06-28,12.02,12.081,11.922,12.002,28972,0
2012-06-29,12.799,12.799,12.558,12.636,23297,0
2012-07-02,12.389,12.448,12.389,12.436,3809,0
2012-07-09,12.436,12.454,12.412,12.419,5132,0
2012-07-10,12.467,12.49,11.912,11.99,25413,0
2012-07-11,11.996,12.128,11.996,12.074,4637,0
2012-07-12,11.959,11.959,11.941,11.941,992,0
2012-07-17,12.177,13.271,12.085,12.304,37915,0
2012-07-18,12.225,12.406,12.225,12.327,7452,0
2012-07-19,12.383,12.406,12.231,12.351,11589,0
2012-07-20,12.279,12.383,12.219,12.31,37915,0
2012-07-23,11.826,12.025,11.808,11.929,32286,0
2012-07-24,11.959,11.996,11.941,11.947,9437,0
2012-07-26,12.128,12.142,12.044,12.081,7285,0
2012-07-27,12.436,12.891,12.401,12.891,38244,0
2012-07-30,12.727,12.817,12.721,12.787,12252,0
2012-08-01,12.624,12.835,12.588,12.835,2813,0
2012-08-02,12.351,12.351,12.351,12.351,23673,0
2012-08-03,12.925,12.925,12.799,12.799,1325,0
2012-08-06,12.811,12.811,12.811,12.811,331,0
2012-08-10,12.925,12.986,12.925,12.986,331,0
2012-08-16,12.997,13.108,12.997,13.071,4966,0
2012-08-17,13.126,13.131,13.029,13.076,10366,0
2012-08-20,13.083,13.083,12.895,12.944,6507,0
2012-08-21,13.161,13.167,13.047,13.052,8443,0
2012-08-22,12.9,13.004,12.823,12.842,20165,0
2012-08-23,12.721,12.721,12.709,12.709,992,0
2012-08-24,12.842,12.842,12.806,12.806,1325,0
2012-08-27,12.721,12.721,12.709,12.709,992,0
2012-08-31,12.54,12.546,12.37,12.383,8774,0
2012-09-07,12.769,12.769,12.769,12.769,992,0
2012-09-17,12.986,12.986,12.986,12.986,331,0
2012-09-20,13.108,13.108,13.108,13.108,497,0
2012-09-21,13.058,13.136,13.058,13.058,3476,0
2012-09-27,12.666,12.666,12.666,12.666,465,0
2012-09-28,12.721,12.721,12.618,12.618,1160,0
2012-10-01,12.817,12.817,12.817,12.817,331,0
2012-10-08,12.745,12.793,12.745,12.793,331,0
2012-10-09,12.75,12.763,12.75,12.763,1987,0
2012-10-11,12.793,12.842,12.793,12.817,1325,0
2012-10-12,12.745,12.745,12.745,12.745,827,0
2012-10-15,12.853,12.853,12.853,12.853,827,0
2012-10-18,12.847,12.847,12.835,12.835,1160,0
2012-10-24,12.472,12.472,12.472,12.472,331,0
2012-10-25,12.546,12.546,12.546,12.546,260,0
2012-11-15,12.142,12.142,12.135,12.135,1656,0
2012-11-26,12.37,12.401,12.37,12.389,2318,0
2012-12-03,12.612,12.612,12.612,12.612,827,0
2012-12-10,12.727,12.727,12.564,12.569,1325,0
2012-12-12,12.406,12.763,12.406,12.75,1904,0
2012-12-18,12.986,13.052,12.684,13.047,17954,0
2012-12-19,13.179,13.232,13.101,13.219,9643,0
2012-12-20,13.069,13.153,12.971,13.153,20812,0
2012-12-21,12.795,13.179,12.795,13.089,23875,0
2012-12-24,13.167,13.31,13.101,13.153,18977,0
2012-12-26,13.159,13.159,13.159,13.159,1531,0
2012-12-27,13.232,13.232,13.109,13.14,8724,0
2012-12-28,13.101,13.167,13.036,13.133,41780,0
2012-12-31,13.101,13.239,13.023,13.146,31371,0
2013-01-02,13.513,13.559,13.415,13.494,46054,0
2013-01-03,13.539,13.69,13.48,13.585,100701,0
2013-01-04,13.539,13.69,13.494,13.637,100763,0
2013-01-07,13.552,13.552,13.48,13.499,9948,0
2013-01-08,13.291,13.318,13.199,13.291,41013,0
2013-01-09,13.473,13.629,13.364,13.467,91059,0
2013-01-10,13.448,13.67,13.421,13.611,108351,0
2013-01-11,13.421,13.585,13.408,13.428,97638,0
2013-01-14,13.545,13.623,13.428,13.539,27700,0
2013-01-15,13.507,13.629,13.337,13.448,55613,0
2013-01-16,13.382,13.442,13.271,13.421,52034,0
2013-01-17,13.593,13.593,13.467,13.507,60141,0
2013-01-18,13.467,13.533,13.364,13.507,17138,0
2013-01-23,13.499,13.611,13.388,13.611,18212,0
2013-01-24,13.618,13.735,13.52,13.67,60543,0
2013-01-25,13.649,13.657,13.428,13.428,67797,0
2013-01-28,13.395,13.401,13.395,13.401,918,0
2013-01-29,13.258,13.258,13.206,13.206,1684,0
2013-01-30,13.167,13.167,13.055,13.055,3061,0
2013-02-04,13.044,13.089,13.044,13.089,307,0
2013-02-06,13.089,13.232,12.834,13.232,5662,0
2013-02-07,13.297,13.297,13.036,13.075,5111,0
2013-02-08,12.931,12.938,12.931,12.938,491,0
2013-02-12,13.016,13.016,13.003,13.003,926,0
2013-02-14,12.977,13.055,12.977,13.036,1094,0
2013-02-19,13.109,13.109,13.109,13.109,153,0
2013-02-21,12.826,12.826,12.552,12.741,4058,0
2013-02-22,12.886,12.886,12.657,12.709,12701,0
2013-02-25,12.795,12.795,12.781,12.781,766,0
2013-02-26,12.761,12.761,12.716,12.741,1838,0
2013-02-28,12.755,12.755,12.755,12.755,153,0
2013-03-08,12.945,13.089,12.931,13.044,4897,0
2013-03-18,12.853,12.853,12.853,12.853,307,0
2013-03-19,12.592,12.696,12.56,12.696,2754,0
2013-03-20,12.769,12.769,12.769,12.769,307,0
2013-03-21,12.663,12.663,12.578,12.578,460,0
2013-03-25,12.494,12.494,12.494,12.494,208,0
2013-03-27,12.769,12.769,12.657,12.675,2602,0
2013-04-02,12.421,12.605,12.421,12.605,613,0
2013-04-04,12.37,12.421,12.344,12.421,2622,0
2013-04-05,12.311,12.311,12.311,12.311,1531,0
2013-04-15,11.801,12.344,11.801,12.167,1684,0
2013-04-19,12.297,12.297,12.297,12.297,307,0
2013-04-25,12.67,12.729,12.67,12.729,6122,0
2013-04-26,12.52,12.755,12.39,12.39,7500,0
2013-04-29,12.729,12.729,12.729,12.729,460,0
2013-04-30,12.518,12.518,12.518,12.518,153,0
2013-05-02,12.788,12.826,12.774,12.774,1454,0
2013-05-03,12.898,13.159,12.722,13.055,21611,0
2013-05-07,13.069,13.199,13.036,13.146,46608,0
2013-05-08,13.133,13.186,12.924,12.938,44229,0
2013-05-09,13.016,13.101,13.016,13.089,2310,0
2013-05-10,13.115,13.239,13.075,13.075,23033,0
2013-05-13,12.977,13.062,12.971,13.01,13592,0
2013-05-14,12.938,12.971,12.807,12.924,16987,0
2013-05-15,12.971,13.159,12.904,13.01,24161,0
2013-05-16,13.01,13.128,12.938,12.95,11478,0
2013-05-17,12.958,13.146,12.938,13.146,5380,0
2013-05-20,13.133,13.133,13.003,13.133,1071,0
2013-05-21,13.265,13.33,13.115,13.173,10280,0
2013-05-22,13.219,13.258,13.023,13.101,5816,0
2013-05-23,12.88,13.01,12.88,13.01,613,0
2013-05-24,12.918,13.01,12.898,12.965,1678,0
2013-05-28,13.055,13.055,12.904,12.931,3673,0
2013-05-29,12.777,12.811,12.699,12.714,4285,0
2013-05-30,12.683,12.945,12.683,12.814,16374,0
2013-05-31,12.56,12.707,12.285,12.342,29326,0
2013-06-03,12.363,12.722,12.324,12.578,74300,0
2013-06-04,12.595,12.644,12.37,12.446,85968,0
2013-06-05,12.307,12.363,12.124,12.18,92060,0
2013-06-06,12.146,12.335,12.062,12.25,52198,0
2013-06-07,12.192,12.192,11.938,12.016,74530,0
2013-06-10,12.016,12.251,11.938,12.076,43999,0
2013-06-11,11.773,11.886,11.773,11.886,23262,0
2013-06-12,11.768,11.774,11.579,11.579,4744,0
2013-06-13,11.697,11.88,11.697,11.801,47901,0
2013-06-14,11.843,11.85,11.759,11.766,17161,0
2013-06-18,11.69,11.738,11.69,11.717,2502,0
2013-06-19,11.742,11.755,11.409,11.409,2879,0
2013-06-20,11.174,11.323,11.168,11.298,2296,0
2013-06-21,11.339,11.339,11.274,11.281,918,0
2013-06-24,11.107,11.107,10.952,10.96,3519,0
2013-06-25,10.981,11.079,10.974,11.079,2771,0
2013-06-27,11.164,11.373,11.156,11.303,18739,0
2013-06-28,11.198,11.373,11.198,11.373,4846,0
2013-07-01,11.296,11.296,11.296,11.296,712,0
2013-07-05,10.735,11.184,10.7,11.184,11402,0
2013-07-08,10.897,10.947,10.897,10.947,838,0
2013-07-09,11.023,11.023,11.015,11.015,2853,0
2013-07-10,10.981,10.981,10.91,10.91,1059,0
2013-07-11,11.135,11.135,11.135,11.135,144,0
2013-07-12,11.149,11.149,11.135,11.149,1385,0
2013-07-15,11.234,11.281,11.234,11.281,570,0
2013-07-16,11.318,11.38,11.289,11.324,7202,0
2013-07-17,11.424,11.451,11.409,11.444,5312,0
2013-07-22,11.507,11.507,11.507,11.507,284,0
2013-07-23,11.738,11.738,11.669,11.711,1995,0
2013-07-24,11.704,11.723,11.704,11.717,2994,0
2013-07-25,11.64,11.823,11.64,11.823,7838,0
2013-07-26,11.697,11.697,11.654,11.654,1283,0
2013-07-29,11.682,11.723,11.682,11.697,4561,0
2013-07-31,11.499,11.555,11.493,11.541,6699,0
2013-08-05,11.648,11.654,11.648,11.648,1839,0
2013-08-07,11.324,11.346,11.324,11.346,999,0
2013-08-08,11.444,11.444,11.444,11.444,427,0
2013-08-09,11.752,11.752,11.752,11.752,1283,0
2013-08-12,11.872,11.914,11.857,11.857,712,0
2013-08-15,11.723,11.843,11.682,11.843,926,0
2013-08-19,11.802,11.9,11.802,11.9,13682,0
2013-08-20,11.795,11.802,11.682,11.682,12684,0
2013-08-21,11.69,11.69,11.69,11.69,1711,0
2013-08-23,11.802,11.802,11.78,11.802,10975,0
2013-08-26,11.935,11.935,11.85,11.85,8070,0
2013-08-27,11.669,11.669,11.451,11.465,3394,0
2013-08-28,11.507,11.69,11.458,11.485,1997,0
2013-08-29,11.507,11.626,11.507,11.548,4151,0
2013-08-30,11.57,12.664,11.521,11.843,8133,0
2013-09-03,11.816,11.816,11.816,11.816,5274,0
2013-09-04,11.507,11.676,11.507,11.626,97913,0
2013-09-05,11.787,11.879,11.787,11.879,628,0
2013-09-06,11.984,11.984,11.984,11.984,7412,0
2013-09-09,12.237,12.265,12.23,12.265,113262,0
2013-09-10,12.433,12.433,12.278,12.278,7334,0
2013-09-13,12.194,12.453,12.194,12.327,119749,0
2013-09-16,12.293,12.293,12.293,12.293,427,0
2013-09-19,12.909,12.909,12.42,12.475,1853,0
2013-09-20,12.44,12.44,12.44,12.44,584,0
2013-09-23,12.363,12.363,12.363,12.363,153,0
2013-09-24,12.446,12.446,12.446,12.446,658,0
2013-09-26,12.538,12.637,12.532,12.56,18244,0
2013-09-27,12.356,12.356,12.356,12.356,113570,0
2013-09-30,12.278,12.278,12.278,12.278,427,0
2013-10-01,12.201,12.307,12.187,12.299,5559,0
2013-10-04,12.222,12.222,12.222,12.222,427,0
2013-10-09,12.23,12.23,12.222,12.222,722,0
2013-10-10,12.293,12.293,12.293,12.293,570,0
2013-10-11,12.335,12.446,12.335,12.384,3848,0
2013-10-14,12.446,12.446,12.446,12.446,438,0
2013-10-16,12.609,12.609,12.609,12.609,427,0
2013-10-17,12.546,12.609,12.546,12.58,2923,0
2013-10-18,12.678,12.678,12.573,12.573,1853,0
2013-10-21,12.748,12.748,12.678,12.678,746,0
2013-10-24,12.56,12.56,12.482,12.524,48245,0
2013-10-28,12.63,12.63,12.63,12.63,249,0
2013-10-29,12.699,12.784,12.65,12.784,3243,0
2013-10-30,12.77,12.784,12.77,12.784,7269,0
2013-10-31,12.784,12.938,12.721,12.763,3990,0
2013-11-01,12.763,12.763,12.763,12.763,437,0
2013-11-04,12.847,12.869,12.847,12.869,712,0
2013-11-05,12.657,12.657,12.657,12.657,144,0
2013-11-06,12.862,12.96,12.734,12.902,49636,0
2013-11-07,12.798,12.876,12.755,12.792,11081,0
2013-11-08,12.644,12.671,12.644,12.657,675,0
2013-11-11,12.777,12.825,12.734,12.798,5169,0
2013-11-12,12.84,12.84,12.595,12.595,9415,0
2013-11-13,12.609,12.77,12.546,12.77,7126,0
2013-11-14,12.973,13.03,12.862,12.923,8863,0
2013-11-15,13.071,13.148,12.994,13.044,24638,0
2013-11-18,13.176,13.176,12.891,12.891,1425,0
2013-11-20,12.854,12.854,12.854,12.854,144,0
2013-11-21,12.734,12.734,12.588,12.588,1425,0
2013-11-22,12.532,12.532,12.482,12.482,2407,0
2013-11-25,12.42,12.42,12.314,12.314,1950,0
2013-11-26,12.293,12.293,11.977,12.194,6912,0
2013-11-27,12.278,12.285,12.278,12.285,1626,0
2013-12-02,12.293,12.293,12.069,12.069,4631,0
2013-12-03,12.103,12.132,11.914,11.942,7698,0
2013-12-04,12.011,12.011,11.977,11.977,496,0
2013-12-10,12.011,12.011,11.997,11.997,722,0
2013-12-11,11.787,11.787,11.353,11.626,20608,0
2013-12-13,11.731,11.731,11.731,11.731,511,0
2013-12-16,11.879,11.948,11.837,11.85,13398,0
2013-12-18,12.069,12.069,12.069,12.069,182,0
2013-12-19,11.935,11.942,11.857,11.857,4621,0
2013-12-20,11.82,11.827,11.796,11.796,2025,0
2013-12-23,12.039,12.102,12,12.063,3873,0
2013-12-24,12.063,12.063,12.063,12.063,402,0
2013-12-26,11.952,11.952,11.952,11.952,268,0
2013-12-27,11.969,12.072,11.969,12.072,2394,0
2013-12-30,12.173,12.173,12.173,12.173,192,0
2013-12-31,12.134,12.236,12.134,12.236,511,0
2014-01-02,12.236,12.236,11.946,11.946,1527,0
2014-01-03,11.898,11.898,11.898,11.898,339,0
2014-01-06,11.796,11.796,11.796,11.796,418,0
2014-01-08,11.796,12.086,11.764,11.796,4529,0
2014-01-09,11.694,11.796,11.402,11.466,12623,0
2014-01-10,11.497,11.56,11.48,11.56,1717,0
2014-01-13,11.411,11.411,11.363,11.363,3496,0
2014-01-14,11.513,11.513,11.458,11.497,4226,0
2014-01-16,11.946,11.946,11.568,11.568,16627,0
2014-01-17,11.513,11.513,11.198,11.214,64155,0
2014-01-21,11.174,11.23,11.135,11.183,16735,0
2014-01-22,11.191,11.292,11.191,11.292,3366,0
2014-01-23,11.253,11.253,11.253,11.253,677,0
2014-01-24,11.253,11.253,10.86,10.86,15701,0
2014-01-27,10.734,10.86,10.734,10.828,6623,0
2014-01-29,10.899,10.899,10.899,10.899,218,0
2014-01-30,11.025,11.025,10.672,10.844,3749,0
2014-01-31,10.812,10.812,10.804,10.804,1789,0
2014-02-03,10.868,10.868,10.537,10.537,6755,0
2014-02-04,10.774,10.994,10.703,10.781,25855,0
2014-02-05,10.679,10.679,10.639,10.639,2269,0
2014-02-06,10.86,10.947,10.86,10.931,969,0
2014-02-07,10.931,10.939,10.931,10.939,931,0
2014-02-10,10.852,10.852,10.852,10.852,361,0
2014-02-11,11.072,11.104,11.009,11.104,2080,0
2014-02-12,11.009,11.009,11.009,11.009,1908,0
2014-02-13,10.796,10.812,10.631,10.655,19030,0
2014-02-14,10.86,10.86,10.86,10.86,677,0
2014-02-18,11.009,11.048,10.812,10.812,5563,0
2014-02-19,10.774,10.804,10.537,10.584,8107,0
2014-02-20,10.608,10.631,10.608,10.631,1148,0
2014-02-21,10.789,10.789,10.672,10.75,2072,0
2014-02-24,10.812,10.828,10.765,10.828,5284,0
2014-02-25,11.04,11.04,10.655,10.655,2545,0
2014-02-26,10.42,10.608,10.403,10.42,53280,0
2014-02-27,10.687,10.687,10.687,10.687,555,0
2014-02-28,10.679,10.679,10.608,10.608,2503,0
2014-03-03,10.396,10.396,10.356,10.38,1952,0
2014-03-04,10.608,11.064,10.42,10.672,11585,0
2014-03-05,10.695,10.695,10.569,10.608,1421,0
2014-03-07,10.625,10.663,10.529,10.608,10171,0
2014-03-10,10.576,10.576,10.341,10.396,6699,0
2014-03-11,10.459,10.459,10.459,10.459,383,0
2014-03-13,10.514,10.529,10.459,10.459,15428,0
2014-03-14,10.616,10.616,10.332,10.356,2418,0
2014-03-17,10.332,10.365,10.332,10.365,5347,0
2014-03-18,10.349,10.506,10.349,10.506,5977,0
2014-03-19,10.537,10.648,10.523,10.569,3383,0
2014-03-20,10.569,10.789,10.569,10.789,4020,0
2014-03-21,10.774,10.852,10.774,10.852,637,0
2014-03-24,10.883,10.907,10.852,10.883,3077,0
2014-03-25,11.04,11.04,10.868,10.868,4356,0
2014-03-26,11.025,11.088,10.883,10.883,9411,0
2014-03-27,11.245,11.269,11.245,11.269,2040,0
2014-03-28,11.275,11.363,11.275,11.308,1219,0
2014-03-31,11.411,11.411,11.387,11.387,2096,0
2014-04-01,11.402,11.402,11.323,11.402,1839,0
2014-04-02,11.606,11.709,11.606,11.671,2787,0
2014-04-03,12.079,12.079,11.551,11.639,9367,0
2014-04-04,11.779,11.929,11.678,11.678,8694,0
2014-04-07,11.803,11.803,11.803,11.803,128,0
2014-04-08,11.929,11.952,11.701,11.701,5385,0
2014-04-09,11.544,11.598,11.544,11.592,5163,0
2014-04-10,11.647,11.787,11.647,11.787,22165,0
2014-04-11,11.756,11.756,11.575,11.748,15851,0
2014-04-14,11.717,11.787,11.717,11.756,19731,0
2014-04-15,11.473,11.741,11.387,11.527,7052,0
2014-04-16,11.647,11.647,11.606,11.639,1899,0
2014-04-21,11.922,11.922,11.796,11.796,636,0
2014-04-22,11.898,11.898,11.756,11.756,4361,0
2014-04-23,11.796,11.796,11.694,11.694,1344,0
2014-04-28,11.639,11.724,11.598,11.685,4780,0
2014-04-29,11.89,11.906,11.748,11.787,6507,0
2014-04-30,11.732,11.732,11.732,11.732,642,0
2014-05-01,11.724,11.732,11.724,11.732,7637,0
2014-05-02,11.748,11.969,11.748,11.969,5808,0
2014-05-05,11.976,11.984,11.914,11.929,6040,0
2014-05-06,11.952,12.031,11.952,12.015,62469,0
2014-05-07,12.086,12.251,12.079,12.251,105968,0
2014-05-08,12.039,12.188,12.039,12.055,2847,0
2014-05-09,12,12.126,11.992,12.015,5182,0
2014-05-12,12.212,12.212,12.158,12.212,4927,0
2014-05-13,12.142,12.181,12.11,12.181,3196,0
2014-05-14,12.228,12.228,12.181,12.181,1108,0
2014-05-15,12.15,12.158,12.072,12.079,3586,0
2014-05-16,12.15,12.15,12.134,12.134,872,0
2014-05-19,12.134,12.134,12.047,12.055,4026,0
2014-05-20,12.047,12.055,11.803,11.803,2113,0
2014-05-21,11.858,11.874,11.796,11.796,3435,0
2014-05-22,11.858,11.858,11.796,11.796,9130,0
2014-05-23,11.811,11.906,11.811,11.906,2993,0
2014-05-27,11.882,11.89,11.685,11.685,4485,0
2014-05-28,11.724,11.835,11.724,11.835,1357,0
2014-05-29,11.663,11.796,11.647,11.654,8171,0
2014-05-30,11.654,11.756,11.489,11.536,6852,0
2014-06-02,11.466,11.504,11.466,11.489,6523,0
2014-06-03,11.568,11.592,11.568,11.592,896,0
2014-06-04,11.551,11.551,11.551,11.551,1192,0
2014-06-05,11.56,11.56,11.449,11.449,4669,0
2014-06-06,11.663,11.82,11.654,11.803,6141,0
2014-06-09,11.748,11.906,11.639,11.843,124524,0
2014-06-10,11.914,12.015,11.867,12.015,4833,0
2014-06-11,11.796,12.259,11.796,11.992,93263,0
2014-06-12,12.118,12.118,11.922,11.969,31534,0
2014-06-13,11.992,12.15,11.992,12.11,6378,0
2014-06-16,12.086,12.086,12,12.023,2709,0
2014-06-17,12.015,12.047,11.984,12.047,7163,0
2014-06-18,12.039,12.188,11.969,12.188,1303,0
2014-06-19,12.188,12.188,12.072,12.11,3513,0
2014-06-20,12.15,12.15,12.072,12.118,2125,0
2014-06-23,12.079,12.079,11.929,11.929,11225,0
2014-06-24,11.976,12.118,11.929,11.929,4838,0
2014-06-25,11.952,11.952,11.796,11.82,2957,0
2014-06-26,11.796,11.827,11.796,11.82,5335,0
2014-06-27,11.764,11.764,11.694,11.694,2228,0
2014-06-30,11.717,11.717,11.568,11.647,3089,0
2014-07-02,11.63,11.63,11.56,11.575,1653,0
2014-07-03,11.701,11.701,11.654,11.685,5440,0
2014-07-07,11.732,11.835,11.701,11.835,12501,0
2014-07-08,11.678,11.772,11.647,11.732,7081,0
2014-07-09,11.827,11.906,11.827,11.874,5575,0
2014-07-10,11.811,11.874,11.811,11.874,1720,0
2014-07-11,11.835,11.937,11.835,11.922,6121,0
2014-07-14,11.969,12.188,11.969,12.15,23629,0
2014-07-15,12.15,12.158,12.094,12.15,1329,0
2014-07-16,12.181,12.181,12.158,12.158,1535,0
2014-07-17,12.047,12.063,12.047,12.063,3238,0
2014-07-18,12.086,12.456,12.086,12.424,16161,0
2014-07-21,12.346,12.456,12.346,12.456,1621,0
2014-07-22,12.535,12.597,12.535,12.551,3495,0
2014-07-23,12.424,12.48,12.424,12.432,1784,0
2014-07-24,12.59,12.59,12.573,12.59,3552,0
2014-07-25,12.582,12.597,12.519,12.573,4413,0
2014-07-28,12.582,12.582,12.495,12.535,2270,0
2014-07-29,12.559,12.559,12.37,12.44,6005,0
2014-07-30,12.346,12.378,12.346,12.37,2037,0
2014-07-31,11.992,12.181,11.992,12.118,2383,0
2014-08-01,12.165,12.165,12.015,12.015,844,0
2014-08-04,12.188,12.251,12.055,12.251,7217,0
2014-08-05,12.33,12.33,12.22,12.22,639,0
2014-08-06,12.196,12.267,12.142,12.204,3295,0
2014-08-07,12.299,12.299,12.299,12.299,203,0
2014-08-08,12.031,12.118,11.992,12.063,2904,0
2014-08-11,12.181,12.204,12.039,12.204,657,0
2014-08-12,12.118,12.181,12.11,12.181,1317,0
2014-08-13,12.039,12.055,12.007,12.055,2450,0
2014-08-14,12.079,12.079,11.992,11.992,2128,0
2014-08-15,12.236,12.236,12.142,12.142,1728,0
2014-08-18,12.102,12.394,12.102,12.394,7432,0
2014-08-19,12.409,12.511,12.409,12.511,1020,0
2014-08-20,12.597,12.653,12.597,12.63,3423,0
2014-08-21,12.63,12.63,12.63,12.63,367,0
2014-08-22,12.487,12.487,12.471,12.48,1741,0
2014-08-25,12.638,12.778,12.567,12.723,54393,0
2014-08-26,12.746,12.866,12.746,12.866,1137,0
2014-08-27,12.968,13.118,12.968,13.118,3307,0
2014-08-28,13.094,13.094,12.873,12.92,3638,0
2014-08-29,12.927,13.094,12.927,13.077,7903,0
2014-09-02,13.077,13.196,13.015,13.196,3961,0
2014-09-03,13.164,13.196,13.062,13.062,5367,0
2014-09-04,13.196,13.211,12.912,12.982,3373,0
2014-09-05,12.936,12.998,12.927,12.998,5085,0
2014-09-08,12.998,13.039,12.708,12.708,1631,0
2014-09-09,12.63,12.692,12.471,12.503,25053,0
2014-09-10,12.386,12.386,12.33,12.33,1172,0
2014-09-11,12.448,12.503,12.378,12.503,13652,0
2014-09-12,12.315,12.386,12.126,12.134,17186,0
2014-09-15,12.212,12.394,12.196,12.338,4817,0
2014-09-16,12.503,12.818,12.503,12.699,15325,0
2014-09-17,12.787,12.802,12.708,12.708,3611,0
2014-09-18,12.535,12.535,12.535,12.535,210,0
2014-09-19,12.456,12.456,12.456,12.456,310,0
2014-09-22,12.134,12.15,11.984,11.984,3935,0
2014-09-23,12.047,12.158,12.007,12.158,1608,0
2014-09-24,12.063,12.204,11.976,12.188,2039,0
2014-09-25,12.118,12.158,12.094,12.118,222827,0
2014-09-26,12.086,12.267,12.086,12.267,14297,0
2014-09-29,11.82,11.898,11.796,11.874,8428,0
2014-09-30,11.623,11.724,11.536,11.724,14709,0
2014-10-01,11.551,11.551,11.402,11.402,6172,0
2014-10-02,11.513,11.575,11.378,11.575,489630,0
2014-10-03,11.489,11.717,11.489,11.678,948,0
2014-10-06,12.33,12.346,12.212,12.212,9369,0
2014-10-07,12.503,12.503,12.323,12.323,16171,0
2014-10-08,12.22,12.315,12.11,12.315,22698,0
2014-10-09,12.464,12.503,12.291,12.338,12341,0
2014-10-10,12.079,12.086,12.055,12.055,1747,0
2014-10-13,12.204,12.543,12.204,12.543,1149,0
2014-10-14,12.315,12.519,12.315,12.519,16659,0
2014-10-15,12.015,12.134,11.592,12.023,28893,0
2014-10-16,11.82,11.82,11.598,11.606,85507,0
2014-10-17,11.796,12,11.796,11.796,10196,0
2014-10-20,11.458,11.748,11.458,11.606,6421,0
2014-10-21,11.112,11.299,11.112,11.253,12293,0
2014-10-22,11.151,11.323,11.151,11.151,9183,0
2014-10-23,11.048,11.048,10.844,10.844,5088,0
2014-10-24,10.962,11.275,10.962,11.096,11727,0
2014-10-27,10.655,10.828,10.631,10.781,23419,0
2014-10-28,11.009,11.143,10.947,11.072,30973,0
2014-10-29,11.088,11.088,10.844,10.844,3994,0
2014-10-30,11.143,11.143,10.844,10.844,51,0
2014-10-31,11.206,11.56,11.206,11.544,7886,0
2014-11-03,11.411,11.527,11.316,11.316,779,0
2014-11-04,11.323,11.52,11.316,11.426,3127,0
2014-11-05,11.419,11.466,11.34,11.402,249987,0
2014-11-06,11.167,11.167,11.088,11.088,9454,0
2014-11-07,11.206,11.323,11.206,11.23,9194,0
2014-11-10,11.323,11.323,11.206,11.206,5912,0
2014-11-12,11.316,11.316,11.143,11.174,4719,0
2014-11-13,11.04,11.159,10.986,10.986,9426,0
2014-11-14,10.915,10.915,10.875,10.875,1235,0
2014-11-17,10.875,10.875,10.789,10.82,2545,0
2014-11-18,10.868,11.032,10.86,11.025,2551,0
2014-11-19,11.183,11.275,11.08,11.275,5213,0
2014-11-20,11.442,11.442,11.183,11.332,3001,0
2014-11-21,11.426,11.874,11.426,11.835,125596,0
2014-11-24,11.756,11.756,11.598,11.598,8267,0
2014-11-25,11.756,11.874,11.606,11.606,7109,0
2014-11-26,11.671,11.671,11.575,11.575,3690,0
2014-11-28,11.575,11.575,11.536,11.536,1629,0
2014-12-01,11.048,11.048,10.947,10.954,8282,0
2014-12-02,10.931,10.986,10.828,10.836,21562,0
2014-12-03,10.947,10.986,10.899,10.899,2759,0
2014-12-04,10.852,10.852,10.734,10.734,17564,0
2014-12-05,10.812,10.891,10.796,10.891,2877,0
2014-12-08,10.695,10.695,10.49,10.49,3862,0
2014-12-09,10.499,10.537,10.403,10.514,7365,0
2014-12-10,10.356,10.373,10.294,10.301,3478,0
2014-12-11,10.341,10.411,10.341,10.411,763,0
2014-12-12,10.121,10.224,10.065,10.065,2092,0
2014-12-15,9.829,10.05,9.759,9.807,8572,0
2014-12-16,9.775,9.964,9.775,9.821,5358,0
2014-12-17,10.121,10.247,10.05,10.247,2081,0
2014-12-18,10.317,10.317,10.128,10.137,11860,0
2014-12-19,10.392,10.401,10.207,10.36,41004,0
2014-12-22,10.295,10.45,10.239,10.434,6353,0
2014-12-23,10.571,10.571,10.554,10.554,1352,0
2014-12-24,10.563,10.563,10.442,10.507,2919,0
2014-12-26,10.531,10.653,10.458,10.458,4966,0
2014-12-29,10.474,10.571,10.474,10.571,2023,0
2014-12-30,10.507,10.507,10.458,10.458,1626,0
2014-12-31,10.344,10.434,10.344,10.434,28146,0
2015-01-02,10.247,10.425,10.133,10.157,3069,0
2015-01-05,10.02,10.02,10.011,10.011,763,0
2015-01-06,9.905,9.995,9.89,9.987,332126,0
2015-01-07,10.239,10.319,10.157,10.198,5690,0
2015-01-08,10.311,10.401,10.311,10.311,13671,0
2015-01-09,10.272,10.28,10.092,10.157,11169,0
2015-01-12,10.125,10.125,10.028,10.117,1478,0
2015-01-13,9.913,10.157,9.913,10.053,5091,0
2015-01-14,10.06,10.06,10.02,10.02,433,0
2015-01-15,10.044,10.044,9.987,9.987,1123,0
2015-01-16,10.207,10.215,10.157,10.157,8113,0
2015-01-20,10.036,10.036,9.93,9.955,1828,0
2015-01-21,10.149,10.311,10.133,10.28,13260,0
2015-01-22,10.385,10.385,10.304,10.319,8180,0
2015-01-23,10.1,10.1,10.044,10.044,1277,0
2015-01-27,9.905,9.913,9.801,9.89,5906,0
2015-01-28,9.905,9.946,9.848,9.848,2878,0
2015-01-29,9.865,9.865,9.865,9.865,218,0
2015-01-30,9.743,9.824,9.743,9.801,5207,0
2015-02-03,10.109,10.117,10.036,10.117,22996,0
2015-02-04,10.036,10.272,10.028,10.263,9996,0
2015-02-05,10.182,10.263,10.182,10.263,1208,0
2015-02-06,10.092,10.092,10.092,10.092,310,0
2015-02-09,10.149,10.207,10.149,10.165,1629,0
2015-02-11,9.93,9.987,9.922,9.987,1109,0
2015-02-12,10.149,10.157,10.149,10.157,865,0
2015-02-13,10.295,10.409,10.295,10.369,8166,0
2015-02-17,10.401,10.401,10.401,10.401,246,0
2015-02-18,10.596,10.596,10.466,10.547,1115,0
2015-02-19,10.507,10.596,10.507,10.515,2506,0
2015-02-20,10.417,10.531,10.417,10.442,3659,0
2015-02-25,10.474,10.547,10.466,10.474,2421,0
2015-02-27,10.587,10.587,10.474,10.482,4014,0
2015-03-02,10.49,10.49,10.392,10.401,1724,0
2015-03-03,10.377,10.482,10.377,10.425,3326,0
2015-03-04,10.425,10.425,10.425,10.425,124,0
2015-03-05,10.28,10.28,10.28,10.28,124,0
2015-03-06,10.19,10.198,10.165,10.174,4311,0
2015-03-09,10.165,10.165,10.02,10.067,5543,0
2015-03-10,9.987,10.06,9.881,9.881,10715,0
2015-03-11,9.963,9.971,9.913,9.913,10838,0
2015-03-12,10.067,10.109,10.02,10.028,5543,0
2015-03-13,9.873,9.963,9.824,9.922,15765,0
2015-03-16,10.011,10.028,9.979,10.028,5665,0
2015-03-17,10.028,10.084,10.02,10.084,4311,0
2015-03-18,10.19,10.458,10.19,10.458,6035,0
2015-03-19,10.425,10.425,10.304,10.319,256299,0
2015-03-20,10.482,10.587,10.45,10.587,15026,0
2015-03-23,10.554,10.554,10.45,10.45,17982,0
2015-03-24,10.474,10.531,10.327,10.344,9113,0
2015-03-25,10.531,10.531,10.458,10.523,1356,0
2015-03-26,10.288,10.288,10.288,10.288,246,0
2015-03-27,10.263,10.263,10.157,10.223,2587,0
2015-03-30,10.344,10.36,10.344,10.36,985,0
2015-03-31,10.392,10.392,10.392,10.392,318,0
2015-04-01,10.45,10.612,10.45,10.554,11824,0
2015-04-02,10.694,10.783,10.686,10.774,5543,0
2015-04-06,10.88,10.929,10.806,10.88,2095,0
2015-04-07,10.798,10.856,10.798,10.848,4777,0
2015-04-08,10.969,10.969,10.913,10.913,27588,0
2015-04-09,10.88,10.929,10.856,10.904,8198,0
2015-04-10,10.961,11.018,10.937,10.937,3448,0
2015-04-13,11.01,11.083,10.961,10.969,26973,0
2015-04-14,10.953,10.994,10.913,10.913,17611,0
2015-04-15,11.091,11.123,11.058,11.066,1658,0
2015-04-16,11.066,11.066,11.033,11.042,989,0
2015-04-17,10.88,10.978,10.88,10.896,1602,0
2015-04-20,10.913,10.913,10.831,10.856,2782,0
2015-04-21,10.929,10.929,10.766,10.766,4387,0
2015-04-22,10.921,11.042,10.921,11.042,10600,0
2015-04-23,10.969,11.27,10.969,11.221,7635,0
2015-04-24,11.221,11.221,11.221,11.221,124,0
2015-04-27,11.513,11.554,11.245,11.253,10961,0
2015-04-28,11.189,11.285,11.189,11.27,2341,0
2015-04-30,11.31,11.31,11.31,11.31,3080,0
2015-05-01,11.285,11.285,11.253,11.285,2341,0
2015-05-04,11.554,11.587,11.408,11.587,5911,0
2015-05-05,11.579,11.66,11.521,11.66,215039,0
2015-05-06,11.627,11.627,11.457,11.457,4930,0
2015-05-07,11.433,11.48,11.4,11.433,7104,0
2015-05-08,11.457,11.537,11.416,11.513,7389,0
2015-05-11,11.513,11.545,11.448,11.448,8991,0
2015-05-12,11.465,11.465,11.44,11.44,1079,0
2015-05-13,11.31,11.351,11.285,11.351,3941,0
2015-05-14,11.359,11.408,11.359,11.367,1848,0
2015-05-15,11.383,11.465,11.367,11.416,4909,0
2015-05-18,11.433,11.433,11.27,11.27,1044,0
2015-05-19,11.075,11.108,11.01,11.066,5050,0
2015-05-20,11.033,11.033,11.001,11.026,2463,0
2015-05-21,10.946,10.986,10.888,10.904,41505,0
2015-05-22,10.839,10.904,10.79,10.904,8128,0
2015-05-26,10.937,10.937,10.669,10.669,30717,0
2015-05-27,10.734,10.831,10.709,10.831,11947,0
2015-05-28,10.831,10.831,10.831,10.831,99,0
2015-05-29,10.661,10.726,10.653,10.653,1848,0
2015-06-01,10.644,10.644,10.644,10.644,782,0
2015-06-02,10.734,10.774,10.726,10.774,57572,0
2015-06-03,10.783,10.783,10.653,10.694,44215,0
2015-06-04,10.554,10.612,10.547,10.571,7143,0
2015-06-05,10.571,10.571,10.571,10.571,124,0
2015-06-08,10.474,10.547,10.45,10.547,4558,0
2015-06-09,10.482,10.547,10.458,10.458,5916,0
2015-06-10,10.783,10.783,10.774,10.774,246,0
2015-06-11,10.839,10.871,10.839,10.839,3892,0
2015-06-12,10.726,10.726,10.726,10.726,124,0
2015-06-15,10.596,10.596,10.596,10.596,124,0
2015-06-16,10.596,10.596,10.596,10.596,124,0
2015-06-17,10.677,10.677,10.677,10.677,124,0
2015-06-18,10.734,10.766,10.734,10.766,370,0
2015-06-19,10.677,10.742,10.677,10.742,1724,0
2015-06-22,10.774,10.79,10.686,10.79,25125,0
2015-06-23,10.766,10.815,10.742,10.742,16451,0
2015-06-24,10.8,10.8,10.673,10.693,3761,0
2015-06-25,10.653,10.673,10.535,10.594,7624,0
2015-06-26,10.732,10.8,10.732,10.79,3660,0
2015-06-29,10.79,10.79,10.368,10.457,21043,0
2015-06-30,10.594,10.614,10.496,10.545,3614,0
2015-07-01,10.614,10.614,10.486,10.535,6608,0
2015-07-02,10.545,10.584,10.486,10.526,5083,0
2015-07-06,10.378,10.378,10.328,10.338,123619,0
2015-07-07,10.328,10.486,10.25,10.486,4676,0
2015-07-08,10.338,10.338,10.26,10.26,2033,0
2015-07-09,10.318,10.318,10.299,10.299,407,0
2015-07-10,10.368,10.496,10.368,10.417,3558,0
2015-07-13,10.437,10.457,10.417,10.457,813,0
2015-07-14,10.476,10.624,10.417,10.624,17783,0
2015-07-15,10.614,10.614,10.506,10.545,1114,0
2015-07-16,10.574,10.574,10.486,10.486,508,0
2015-07-17,10.486,10.486,10.348,10.348,4473,0
2015-07-20,10.417,10.417,10.24,10.24,1119,0
2015-07-21,10.181,10.29,10.181,10.191,2847,0
2015-07-22,10.181,10.181,10.082,10.082,1423,0
2015-07-23,10.122,10.161,9.886,9.886,2339,0
2015-07-24,9.836,9.836,9.689,9.768,3456,0
2015-07-27,9.818,9.818,9.699,9.699,915,0
2015-07-28,9.896,9.905,9.788,9.866,2440,0
2015-07-29,9.866,9.866,9.866,9.866,101,0
2015-07-30,9.994,10.044,9.826,9.826,3050,0
2015-07-31,10.014,10.044,9.925,10.024,1728,0
2015-08-03,10.072,10.072,9.915,9.955,4524,0
2015-08-04,10.004,10.004,9.748,9.896,11996,0
2015-08-05,10.062,10.072,9.905,9.905,46154,0
2015-08-06,9.866,9.905,9.826,9.856,3521,0
2015-08-07,9.808,9.808,9.689,9.689,813,0
2015-08-10,9.709,9.748,9.62,9.748,4676,0
2015-08-11,9.739,9.739,9.572,9.572,3128,0
2015-08-12,9.522,9.522,9.4827,9.502,3355,0
2015-08-13,9.4629,9.4629,9.3839,9.3839,1423,0
2015-08-14,9.3744,9.3938,9.3252,9.3645,3863,0
2015-08-17,9.3839,9.3839,9.3252,9.3645,1119,0
2015-08-18,9.3153,9.3938,9.2367,9.3938,14131,0
2015-08-19,9.2564,9.2564,9.0399,9.0891,4067,0
2015-08-20,8.8826,9.0596,8.8826,9.0497,3152,0
2015-08-21,9.0399,9.0596,8.9514,8.9514,2033,0
2015-08-24,8.5973,8.8039,8.2726,8.6366,4561,0
2015-08-25,8.8531,8.9416,8.8334,8.8334,6507,0
2015-08-26,8.8924,9.0203,8.8924,9.0203,3152,0
2015-08-27,9.0793,9.3548,9.0793,9.3548,2541,0
2015-08-28,9.217,9.3548,9.217,9.2858,10064,0
2015-08-31,9.1088,9.158,9.1088,9.158,2541,0
2015-09-01,9.0596,9.0891,9.0497,9.0596,31616,0
2015-09-02,9.158,9.158,8.8628,9.0006,5490,0
2015-09-03,9.1678,9.2465,9.0399,9.2465,2440,0
2015-09-04,9.0891,9.1383,9.0695,9.0989,1220,0
2015-09-08,9.1973,9.1973,9.1383,9.1383,1119,0
2015-09-09,9.2465,9.2465,9.0695,9.1481,2948,0
2015-09-10,9.0006,9.1088,9.0006,9.1088,1264,0
2015-09-11,8.9809,8.9809,8.9514,8.9514,203,0
2015-09-14,9.1285,9.1285,8.9514,9.0891,3761,0
2015-09-15,9.2268,9.3153,9.0399,9.0399,1728,0
2015-09-16,9.0793,9.4333,9.0793,9.4333,2745,0
2015-09-17,9.217,9.2858,9.217,9.2858,1134,0
2015-09-18,9.453,9.453,9.1973,9.1973,1321,0
2015-09-21,9.2465,9.2465,9.1285,9.1285,1830,0
2015-09-22,8.9514,8.9514,8.8531,8.9514,16266,0
2015-09-23,9.0006,9.0006,8.9809,9.0006,508,0
2015-09-24,8.8531,8.8628,8.6858,8.8628,1404,0
2015-09-25,8.7251,8.8727,8.6268,8.8727,25618,0
2015-09-28,8.9023,8.9023,8.5776,8.5874,72838,0
2015-09-29,8.7055,8.7743,8.5776,8.7646,16164,0
2015-09-30,8.7842,8.7842,8.7842,8.7842,508,0
2015-10-01,8.7547,8.794,8.735,8.7646,35988,0
2015-10-02,8.7154,9.0793,8.7154,9.0695,33141,0
2015-10-05,9.0399,9.276,9.0399,9.2465,23225,0
2015-10-06,9.1285,9.335,9.0793,9.1776,34361,0
2015-10-07,9.4333,9.562,9.3548,9.3548,5998,0
2015-10-08,9.3449,9.552,9.3449,9.502,1321,0
2015-10-09,9.729,9.729,9.532,9.562,7218,0
2015-10-12,9.739,9.739,9.4333,9.4333,2327,0
2015-10-13,9.2858,9.2858,9.2661,9.2661,610,0
2015-10-14,9.1875,9.2072,9.0006,9.0891,3355,0
2015-10-15,9.0301,9.0695,8.9711,9.0695,2236,0
2015-10-16,9.0989,9.3056,8.9809,9.3056,3558,0
2015-10-19,9.276,9.276,9.0989,9.2465,3761,0
2015-10-20,9.2564,9.2564,9.0497,9.1471,762,0
2015-10-21,9.1973,9.1973,9.0006,9.1383,3152,0
2015-10-22,9.1285,9.1285,9.1285,9.1285,101,0
2015-10-23,9.1285,9.1285,9.1285,9.1285,305,0
2015-10-26,9.4629,9.4629,9.0596,9.0596,10674,0
2015-10-27,9.2072,9.2072,9.1383,9.1383,407,0
2015-10-28,9.1481,9.1776,8.8334,8.8334,10878,0
2015-10-29,8.9711,8.9711,8.8039,8.8727,5490,0
2015-10-30,8.8039,8.8039,8.794,8.794,407,0
2015-11-02,8.8039,8.8235,8.7547,8.7646,2283,0
2015-11-03,9.0301,9.0399,8.9514,9.0399,610,0
2015-11-04,9.4234,9.4234,9.0399,9.0399,1576,0
2015-11-05,9.1383,9.3449,9.1383,9.3449,508,0
2015-11-06,9.0596,9.0596,9.0596,9.0596,610,0
2015-11-09,9.0497,9.0497,8.8628,8.8628,3062,0
2015-11-10,8.8235,8.8235,8.7547,8.7547,407,0
2015-11-11,8.8727,9.0301,8.8727,9.0301,915,0
2015-11-12,9.0497,9.0497,8.9711,8.9711,3152,0
2015-11-13,8.9711,8.9711,8.9711,8.9711,101,0
2015-11-16,8.9711,8.9711,8.9711,8.9711,101,0
2015-11-17,9.0006,9.0989,8.9023,9.0793,2236,0
2015-11-18,9.1973,9.1973,9.0793,9.1678,3050,0
2015-11-19,9.1973,9.1973,9.1973,9.1973,203,0
2015-11-20,9.1973,9.1973,9.1973,9.1973,101,0
2015-11-23,9.2465,9.2465,9.217,9.217,1627,0
2015-11-24,9.0793,9.0891,9.0301,9.0301,62521,0
2015-11-25,9.0006,9.0006,8.8531,8.8531,3152,0
2015-11-27,8.8727,8.8727,8.8039,8.8039,1525,0
2015-11-30,8.5383,8.6563,8.4498,8.5383,5287,0
2015-12-01,8.5973,8.5973,8.4891,8.4891,3423,0
2015-12-02,8.4595,8.5579,8.3907,8.5087,5870,0
2015-12-03,8.8924,8.9416,8.7154,8.7154,3516,0
2015-12-04,8.7448,8.7448,8.5383,8.5383,2745,0
2015-12-07,8.6563,8.6563,8.5087,8.5874,2948,0
2015-12-08,8.5285,8.6071,8.371,8.6071,9793,0
2015-12-09,8.676,8.676,8.6563,8.6563,8946,0
2015-12-10,8.5186,8.735,8.4989,8.617,2339,0
2015-12-11,8.6071,8.6071,8.6071,8.6071,1321,0
2015-12-14,8.6268,8.6268,8.4301,8.5087,15413,0
2015-12-15,8.5481,8.5481,8.3809,8.4595,11792,0
2015-12-16,8.3022,8.5481,8.3022,8.4989,7726,0
2015-12-17,8.5579,8.7547,8.5579,8.735,1423,0
2015-12-18,8.2726,8.3022,8.2726,8.2825,2236,0
2015-12-21,8.5383,8.5383,8.0562,8.0562,7523,0
2015-12-22,8.0956,8.2629,8.0464,8.2629,1920,0
2015-12-23,8.1153,8.3612,8.1153,8.3612,1119,0
2015-12-24,8.4006,8.4006,8.3906,8.3906,1233,0
2015-12-28,8.1252,8.1962,8.1252,8.1841,4745,0
2015-12-29,8.194,8.2383,8.194,8.194,2933,0
2015-12-30,8.0956,8.0981,8.0366,8.0981,3820,0
2015-12-31,7.9185,8.0546,7.8989,7.9088,16597,0
2016-01-04,7.8693,7.9481,7.8693,7.9284,5363,0
2016-01-05,7.8891,7.9677,7.8792,7.8891,2182,0
2016-01-06,7.9028,7.9382,7.7415,7.7415,6258,0
2016-01-07,7.466,7.7218,7.466,7.6243,665,0
2016-01-08,7.6529,7.6529,7.5743,7.5743,1492,0
2016-01-11,7.5998,7.5998,7.4759,7.4759,2149,0
2016-01-12,7.5384,7.5384,7.3775,7.3775,3252,0
2016-01-13,7.4477,7.4477,7.289,7.3039,2599,0
2016-01-14,7.2988,7.3382,7.2202,7.3382,2387,0
2016-01-15,7.0431,7.2299,7.0431,7.171,3965,0
2016-01-19,7.1808,7.1808,7.0627,7.1119,1932,0
2016-01-20,6.925,7.0343,6.9054,7.0333,1209,0
2016-01-21,6.9447,7.0815,6.9447,7.0431,704,0
2016-01-22,7.3677,7.3677,7.1218,7.1906,13078,0
2016-01-25,7.1906,7.1906,7.1906,7.1906,337,0
2016-01-26,7.3185,7.3185,7.0333,7.0333,12322,0
2016-01-28,7.2982,7.3106,7.2982,7.3106,237,0
2016-01-29,7.408,7.412,7.408,7.412,203,0
2016-02-01,7.6333,7.643,7.5251,7.643,625,0
2016-02-02,7.5546,7.5546,7.2772,7.2772,1769,0
2016-02-03,7.3382,7.3424,7.3382,7.3382,815,0
2016-02-04,7.6038,7.712,7.6038,7.712,3903,0
2016-02-05,7.6038,7.6288,7.6038,7.6038,1031,0
2016-02-08,7.4374,7.4374,7.4374,7.4374,101,0
2016-02-09,7.3087,7.3579,7.3087,7.3579,224,0
2016-02-10,7.4759,7.4759,7.4759,7.4759,412,0
2016-02-11,7.409,7.409,7.409,7.409,106,0
2016-02-16,7.7316,7.7316,7.4858,7.4858,2394,0
2016-02-17,7.8006,7.8006,7.8006,7.8006,105,0
2016-02-18,7.8363,7.8363,7.8363,7.8363,340,0
2016-02-19,7.771,7.771,7.771,7.771,1125,0
2016-02-22,7.9038,8.0317,7.8989,7.8989,451,0
2016-02-24,7.7465,7.7465,7.6333,7.6333,431,0
2016-02-25,7.5743,7.8692,7.5743,7.6933,1710,0
2016-02-26,7.7513,7.8299,7.7415,7.8299,1469,0
2016-03-01,8.3415,8.3415,7.5842,8.0185,3202,0
2016-03-03,8.3612,8.6858,8.3612,8.6793,3320,0
2016-03-04,9.1088,9.1757,9.0104,9.1757,3162,0
2016-03-07,8.9612,9.2563,8.9612,9.1481,2052,0
2016-03-08,9.0596,9.1678,9.0114,9.1476,19672,0
2016-03-10,8.9308,9.1088,8.9308,9.1088,345,0
2016-03-11,9.1973,9.2022,9.1285,9.1285,1189,0
2016-03-14,9.1285,9.217,9.0399,9.1383,9455,0
2016-03-15,8.676,8.735,8.5874,8.735,1121,0
2016-03-16,8.5874,8.8039,8.5874,8.8039,1668,0
2016-03-17,9.0892,9.502,9.0892,9.4649,3517,0
2016-03-18,9.4748,9.4925,9.4234,9.4925,2152,0
2016-03-21,9.3449,9.532,9.3449,9.532,697,0
2016-03-23,9.4432,9.4432,9.2194,9.3152,5469,0
2016-03-24,9.0989,9.1088,9.0318,9.1088,731,0
2016-03-28,9.3682,9.454,9.3682,9.454,627,0
2016-03-29,9.59,9.59,9.581,9.581,4647,0
2016-03-30,9.59,9.77,9.59,9.59,5389,0
2016-03-31,9.571,9.571,9.2661,9.3744,11608,0
2016-04-01,9.3839,9.4629,9.217,9.4619,8040,0
2016-04-04,9.4234,9.4234,9.2465,9.2465,3248,0
2016-04-05,9.1088,9.294,9.1088,9.294,7574,0
2016-04-06,9.1579,9.1579,9.0596,9.0596,1683,0
2016-04-07,9.0611,9.0834,9.0611,9.0834,308,0
2016-04-08,9.4925,9.4925,9.158,9.2967,9438,0
2016-04-11,9.562,9.562,9.3252,9.3449,4452,0
2016-04-12,9.561,9.605,9.3839,9.595,1223,0
2016-04-13,10.062,10.062,9.808,9.918,7509,0
2016-04-14,9.836,9.836,9.733,9.733,2426,0
2016-04-15,9.898,9.907,9.803,9.907,2681,0
2016-04-18,9.846,9.886,9.748,9.798,4429,0
2016-04-19,9.886,10.033,9.836,9.934,5853,0
2016-04-20,9.935,9.935,9.909,9.915,6944,0
2016-04-21,9.915,9.915,9.915,9.915,828,0
2016-04-25,9.975,9.975,9.4925,9.719,11262,0
2016-04-26,9.846,9.846,9.704,9.808,2183,0
2016-04-27,10.054,10.054,9.836,9.905,8200,0
2016-04-28,9.994,10.062,9.994,9.994,4275,0
2016-04-29,10.012,10.012,9.768,9.768,1153,0
2016-05-02,9.974,9.975,9.815,9.886,8476,0
2016-05-03,9.798,9.798,9.666,9.748,3735,0
2016-05-04,9.665,9.768,9.581,9.581,22427,0
2016-05-05,9.758,9.797,9.529,9.529,8978,0
2016-05-06,9.561,9.561,9.561,9.561,1071,0
2016-05-09,9.3938,9.4432,9.3938,9.4214,6660,0
2016-05-10,9.64,9.729,9.6,9.685,18478,0
2016-05-11,9.984,9.984,9.782,9.886,2325,0
2016-05-12,9.856,9.896,9.739,9.876,11155,0
2016-05-13,9.714,9.714,9.547,9.547,2088,0
2016-05-16,9.659,9.659,9.562,9.604,10202,0
2016-05-17,9.63,9.63,9.3512,9.3512,3700,0
2016-05-18,9.453,9.512,9.335,9.3938,8854,0
2016-05-19,9.3055,9.3055,9.1146,9.2034,2120,0
2016-05-20,9.217,9.2564,9.2072,9.2564,610,0
2016-05-23,9.158,9.2249,8.9023,9.1776,8407,0
2016-05-24,9.3449,9.3449,9.172,9.172,592,0
2016-05-25,9.276,9.2957,9.276,9.2957,214,0
2016-05-26,9.0989,9.1187,9.0989,9.1187,377,0
2016-05-27,9.1544,9.1972,9.1298,9.1806,7823,0
2016-05-31,9.1875,9.3449,9.0891,9.1088,11703,0
2016-06-01,9.1187,9.1639,9.0497,9.1639,3485,0
2016-06-02,9.1973,9.2464,9.04,9.2464,3376,0
2016-06-03,9.3252,9.4135,9.2435,9.4135,3178,0
2016-06-06,9.4135,9.4135,9.2839,9.2839,4215,0
2016-06-07,9.3252,9.3744,9.2761,9.3179,3325,0
2016-06-08,9.532,9.532,9.348,9.348,4283,0
2016-06-09,9.581,9.581,9.3744,9.3744,4495,0
2016-06-10,9.276,9.2957,9.1481,9.1481,1567,0
2016-06-13,9.1382,9.1382,9.0798,9.1187,966,0
2016-06-14,9.1165,9.1165,9.1165,9.1165,112,0
2016-06-15,8.9081,9.0981,8.9081,8.9907,2615,0
2016-06-16,8.9514,8.9711,8.9121,8.9711,4615,0
2016-06-17,9.158,9.158,9.0006,9.0301,1922,0
2016-06-20,9.1088,9.2966,9.1088,9.2565,3966,0
2016-06-21,9.3056,9.3056,9.1316,9.3056,1666,0
2016-06-22,9.2072,9.3987,9.2072,9.2465,2946,0
2016-06-23,9.4234,9.4708,9.3645,9.4135,7943,0
2016-06-24,8.8727,9.2179,8.8628,9.1454,2503,0
2016-06-27,9.1481,9.1481,8.8531,8.8531,2009,0
2016-06-28,9.1481,9.2179,9.0301,9.1265,19313,0
2016-06-29,9.2662,9.3918,9.2662,9.3645,2441,0
2016-06-30,9.3287,9.3644,9.2957,9.2957,3050,0
2016-07-01,9.453,9.512,9.453,9.502,3334,0
2016-07-05,9.659,9.699,9.537,9.62,30953,0
2016-07-06,9.512,9.61,9.4728,9.4827,10535,0
2016-07-07,9.739,9.757,9.581,9.64,1382,0
2016-07-08,9.699,9.699,9.699,9.699,1753,0
2016-07-11,9.826,10.035,9.798,9.915,3575,0
2016-07-12,10.211,10.211,9.965,10.102,6321,0
2016-07-13,10.082,10.082,9.984,9.984,739,0
2016-07-14,10.107,10.132,10.107,10.132,1636,0
2016-07-15,10.122,10.132,10.122,10.132,1613,0
2016-07-18,9.955,10.337,9.955,10.308,4729,0
2016-07-19,10.348,10.348,10.318,10.318,761,0
2016-07-21,10.417,10.417,10.187,10.358,753,0
2016-07-22,10.237,10.358,10.237,10.358,5674,0
2016-07-25,10.221,10.338,10.157,10.338,4390,0
2016-07-26,10.161,10.378,10.161,10.26,5744,0
2016-07-27,10.378,10.417,10.247,10.301,6384,0
2016-07-28,10.133,10.298,10.133,10.151,1655,0
2016-07-29,10.27,10.417,10.161,10.407,16774,0
2016-08-01,10.535,10.545,10.28,10.422,15213,0
2016-08-02,10.535,10.535,10.171,10.211,7097,0
2016-08-03,10.378,10.378,10.221,10.328,2287,0
2016-08-04,10.378,10.407,10.378,10.407,889,0
2016-08-05,10.594,10.594,10.427,10.476,7690,0
2016-08-08,10.328,10.643,10.328,10.594,5792,0
2016-08-09,10.722,10.722,10.506,10.606,2358,0
2016-08-10,10.703,10.703,10.328,10.328,1390,0
2016-08-11,10.437,10.624,10.437,10.624,2555,0
2016-08-12,10.574,10.712,10.554,10.564,3988,0
2016-08-15,10.81,10.82,10.683,10.82,7813,0
2016-08-16,10.899,10.899,10.584,10.752,4098,0
2016-08-17,10.564,10.86,10.564,10.695,1861,0
2016-08-18,10.784,10.919,10.771,10.919,4164,0
2016-08-19,10.83,10.83,10.633,10.781,1889,0
2016-08-22,10.673,10.673,10.516,10.526,5252,0
2016-08-23,10.526,10.624,10.526,10.526,2145,0
2016-08-24,10.336,10.417,10.328,10.417,936,0
2016-08-25,10.496,10.545,10.331,10.437,3935,0
2016-08-26,10.457,10.471,10.457,10.471,388,0
2016-08-30,10.437,10.437,10.437,10.437,199,0
2016-08-31,10.427,10.427,10.427,10.427,165,0
2016-09-01,10.463,10.463,10.463,10.463,474,0
2016-09-02,10.486,10.771,10.486,10.771,1283,0
2016-09-06,10.486,10.732,10.486,10.732,3435,0
2016-09-07,10.535,10.751,10.535,10.663,5518,0
2016-09-08,10.8,10.8,10.771,10.771,585,0
2016-09-09,10.567,10.567,10.567,10.567,749,0
2016-09-12,10.476,10.481,10.39,10.39,785,0
2016-09-13,10.245,10.245,10.226,10.226,370,0
2016-09-14,10.289,10.299,10.161,10.24,1890,0
2016-09-15,10.396,10.396,10.328,10.328,1809,0
2016-09-16,10.246,10.246,10.246,10.246,101,0
2016-09-19,10.191,10.403,10.191,10.403,828,0
2016-09-20,10.26,10.308,10.142,10.308,625,0
2016-09-21,10.196,10.328,10.196,10.328,1607,0
2016-09-22,10.702,10.702,10.702,10.702,2052,0
2016-09-23,10.537,10.537,10.537,10.537,224,0
2016-09-26,10.142,10.535,10.142,10.436,992,0
2016-09-27,10.348,10.515,10.348,10.515,3558,0
2016-09-28,10.545,10.604,10.42,10.427,1829,0
2016-09-29,10.477,10.477,10.476,10.476,2366,0
2016-09-30,10.211,10.407,10.211,10.407,433,0
2016-10-03,10.092,10.654,10.092,10.545,8195,0
2016-10-04,10.508,10.508,10.506,10.508,517,0
2016-10-05,10.762,10.762,10.593,10.722,1378,0
2016-10-06,10.762,10.8,10.722,10.781,2094,0
2016-10-07,10.771,10.845,10.771,10.83,3348,0
2016-10-10,10.919,10.919,10.919,10.919,632,0
2016-10-12,10.87,10.909,10.683,10.752,7689,0
2016-10-13,10.815,10.815,10.815,10.815,101,0
2016-10-17,11.086,11.086,10.978,11.056,4899,0
2016-10-18,11.125,11.324,11.096,11.324,1026,0
2016-10-19,11.391,11.391,11.155,11.155,9707,0
2016-10-20,11.192,11.28,11.192,11.236,1002,0
2016-10-21,11.29,11.323,11.29,11.323,757,0
2016-10-24,11.282,11.371,11.282,11.345,5275,0
2016-10-25,11.195,11.234,11.195,11.234,1089,0
2016-10-26,11.046,11.273,11.046,11.246,1507,0
2016-10-27,11.38,11.38,11.38,11.38,526,0
2016-10-28,11.36,11.36,11.234,11.234,345,0
2016-10-31,11.381,11.381,11.356,11.356,341,0
2016-11-01,11.111,11.111,11.111,11.111,187,0
2016-11-02,10.998,11.007,10.958,11.002,2478,0
2016-11-03,10.988,10.988,10.929,10.958,13358,0
2016-11-04,10.82,10.929,10.82,10.929,1901,0
2016-11-07,11.145,11.234,11.145,11.234,5990,0
2016-11-08,11.292,11.292,11.194,11.204,5287,0
2016-11-09,10.732,11.234,10.732,11.095,6917,0
2016-11-10,10.699,10.867,10.683,10.867,1486,0
2016-11-11,10.329,10.516,10.329,10.481,14404,0
2016-11-14,10.614,10.614,10.396,10.471,1901,0
2016-11-15,10.466,10.633,10.447,10.562,3671,0
2016-11-16,10.614,10.72,10.57,10.72,8010,0
2016-11-17,10.83,10.83,10.476,10.476,4440,0
2016-11-18,10.476,10.481,10.387,10.398,6877,0
2016-11-21,10.496,10.712,10.496,10.712,8404,0
2016-11-22,10.742,10.79,10.742,10.777,838,0
2016-11-23,10.447,10.771,10.447,10.755,9097,0
2016-11-25,10.752,10.752,10.62,10.693,2849,0
2016-11-28,10.665,10.804,10.665,10.722,3128,0
2016-11-29,10.84,10.84,10.576,10.576,1027,0
2016-11-30,10.791,10.805,10.678,10.742,7675,0
2016-12-01,10.502,10.502,10.486,10.486,287,0
2016-12-02,10.466,10.466,10.348,10.427,2858,0
2016-12-05,10.397,10.397,10.306,10.393,3909,0
2016-12-06,10.506,10.516,10.328,10.516,1116,0
2016-12-07,10.511,10.564,10.417,10.516,6040,0
2016-12-08,10.397,10.554,10.397,10.437,4135,0
2016-12-09,10.506,10.506,10.415,10.415,3305,0
2016-12-12,10.142,10.26,10.132,10.181,2482,0
2016-12-13,10.283,10.289,10.161,10.25,5243,0
2016-12-14,10.211,10.211,9.955,9.984,6905,0
2016-12-15,9.984,10.034,9.896,10.034,8035,0
2016-12-16,10.151,10.181,10.004,10.054,10295,0
2016-12-19,9.915,9.975,9.758,9.798,11983,0
2016-12-20,9.975,9.975,9.808,9.846,2036,0
2016-12-21,9.838,9.867,9.819,9.853,1036,0
2016-12-22,9.68,9.779,9.68,9.749,1423,0
2016-12-23,9.888,9.947,9.888,9.947,917,0
2016-12-27,9.898,9.996,9.898,9.986,1109,0
2016-12-28,10.075,10.224,10.056,10.209,4399,0
2016-12-29,10.224,10.303,10.224,10.303,579,0
2016-12-30,10.198,10.198,10.154,10.154,3478,0
2017-01-03,10.51,10.538,10.456,10.538,1979,0
2017-01-04,10.698,10.698,10.461,10.534,3204,0
2017-01-05,10.665,10.665,10.579,10.579,202,0
2017-01-06,10.401,10.54,10.401,10.47,4189,0
2017-01-09,10.579,10.598,10.579,10.598,1258,0
2017-01-10,10.599,10.707,10.599,10.629,2291,0
2017-01-11,10.619,10.819,10.609,10.819,2157,0
2017-01-12,10.816,10.866,10.816,10.866,2327,0
2017-01-13,10.899,10.899,10.899,10.899,710,0
2017-01-17,10.974,11.004,10.866,11.004,8453,0
2017-01-18,11.024,11.024,10.964,10.964,2857,0
2017-01-19,10.905,10.905,10.777,10.777,2647,0
2017-01-20,11.024,11.024,10.945,10.964,7789,0
2017-01-23,10.866,11.231,10.866,11.231,1635,0
2017-01-24,11.241,11.243,11.241,11.243,1068,0
2017-01-25,11.201,11.347,11.192,11.33,14110,0
2017-01-26,11.31,11.31,11.261,11.261,978,0
2017-01-27,11.3,11.3,11.251,11.261,1054,0
2017-01-30,11.122,11.122,10.926,10.926,1739,0
2017-01-31,10.917,11.024,10.917,11.024,1176,0
2017-02-01,11.004,11.004,10.936,10.964,1667,0
2017-02-02,10.938,10.954,10.906,10.954,1379,0
2017-02-03,10.961,10.97,10.886,10.97,790,0
2017-02-06,10.983,10.983,10.856,10.87,4782,0
2017-02-07,10.877,10.921,10.862,10.862,820,0
2017-02-08,10.767,10.964,10.767,10.883,942,0
2017-02-09,11.063,11.063,10.983,11.053,1052,0
2017-02-10,10.964,11.21,10.964,11.192,2234,0
2017-02-13,11.379,11.379,11.259,11.349,2116,0
2017-02-14,11.226,11.339,11.226,11.29,902,0
2017-02-15,11.438,11.527,11.419,11.495,8008,0
2017-02-16,11.508,11.508,11.429,11.448,4182,0
2017-02-17,11.409,11.419,11.374,11.402,3027,0
2017-02-21,11.705,11.705,11.567,11.626,6218,0
2017-02-23,11.654,11.654,11.458,11.458,817,0
2017-02-24,11.359,11.359,11.257,11.271,4940,0
2017-02-27,11.201,11.3,11.201,11.3,1774,0
2017-02-28,11.488,11.488,11.063,11.063,3522,0
2017-03-01,11.281,11.281,11.237,11.251,901,0
2017-03-02,11.035,11.035,11.035,11.035,506,0
2017-03-03,10.984,11.253,10.984,11.183,2516,0
2017-03-06,11.132,11.132,11.132,11.132,245,0
2017-03-08,10.905,10.907,10.826,10.826,2262,0
2017-03-09,10.884,10.884,10.757,10.787,1214,0
2017-03-10,11.043,11.043,10.806,10.806,369,0
2017-03-13,10.787,10.964,10.787,10.945,1483,0
2017-03-14,10.846,10.974,10.846,10.863,1439,0
2017-03-15,10.807,10.984,10.807,10.984,1123,0
2017-03-16,10.998,10.998,10.945,10.945,4265,0
2017-03-17,10.974,10.974,10.721,10.767,5005,0
2017-03-20,10.619,10.619,10.619,10.619,166,0
2017-03-21,10.553,10.553,10.553,10.553,927,0
2017-03-22,10.51,10.628,10.51,10.579,3434,0
2017-03-23,10.597,10.648,10.597,10.648,489,0
2017-03-24,10.714,10.717,10.714,10.717,405,0
2017-03-27,10.688,10.708,10.682,10.684,1679,0
2017-03-28,10.774,10.806,10.774,10.775,2647,0
2017-03-29,10.795,10.905,10.795,10.905,3466,0
2017-04-03,10.895,10.895,10.87,10.87,1287,0
2017-04-04,10.905,10.915,10.905,10.915,4428,0
2017-04-05,10.925,11.014,10.836,10.836,5063,0
2017-04-06,10.727,10.747,10.727,10.747,355,0
2017-04-07,10.75,10.75,10.75,10.75,413,0
2017-04-10,10.708,10.708,10.638,10.638,1208,0
2017-04-11,10.604,10.816,10.604,10.757,2940,0
2017-04-13,10.599,10.619,10.569,10.569,1089,0
2017-04-17,10.54,10.716,10.54,10.716,3126,0
2017-04-18,10.668,10.668,10.648,10.648,753,0
2017-04-19,10.658,10.67,10.549,10.549,1277,0
2017-04-20,10.49,10.622,10.49,10.549,6074,0
2017-04-21,10.551,10.551,10.5,10.5,4089,0
2017-04-24,10.648,10.648,10.648,10.648,142,0
2017-04-25,10.638,10.737,10.638,10.737,2532,0
2017-04-27,10.737,10.787,10.68,10.787,6992,0
2017-04-28,10.806,10.836,10.806,10.836,3227,0
2017-05-01,10.698,10.992,10.698,10.836,1962,0
2017-05-02,11.014,11.083,11.014,11.063,1741,0
2017-05-03,10.875,11.031,10.875,10.989,35992,0
2017-05-04,10.915,10.915,10.756,10.756,2465,0
2017-05-05,10.868,10.868,10.797,10.797,630,0
2017-05-08,10.777,10.886,10.777,10.842,11115,0
2017-05-09,11.063,11.063,11.004,11.004,775,0
2017-05-10,11.152,11.162,11.152,11.162,658,0
2017-05-11,11.221,11.221,11.221,11.221,158,0
2017-05-12,11.261,11.359,11.261,11.293,5228,0
2017-05-15,11.359,11.369,11.359,11.369,618,0
2017-05-16,11.389,11.389,11.34,11.389,3367,0
2017-05-17,11.31,11.31,11.31,11.31,418,0
2017-05-18,10.332,10.441,9.2258,10.312,9662,0
2017-05-19,10.53,10.53,10.362,10.362,12433,0
2017-05-22,10.342,10.342,10.174,10.224,12564,0
2017-05-23,10.332,10.386,10.332,10.386,964,0
2017-05-24,10.521,10.521,10.521,10.521,109,0
2017-05-25,10.47,10.47,10.459,10.459,1031,0
2017-05-26,10.589,10.619,10.589,10.619,2248,0
2017-05-30,10.597,10.597,10.597,10.597,304,0
2017-05-31,10.589,10.589,10.441,10.441,2835,0
2017-06-01,10.46,10.46,10.293,10.293,1665,0
2017-06-02,10.343,10.343,10.322,10.322,354,0
2017-06-05,10.322,10.322,10.273,10.316,967,0
2017-06-06,10.461,10.461,10.31,10.391,1932,0
2017-06-07,10.49,10.49,10.391,10.401,962,0
2017-06-08,10.322,10.362,10.322,10.362,788,0
2017-06-09,10.224,10.303,10.125,10.214,619,0
2017-06-12,10.204,10.204,10.105,10.144,1612,0
2017-06-13,10.194,10.194,10.125,10.135,937,0
2017-06-14,10.266,10.266,10.228,10.228,438,0
2017-06-15,10.075,10.135,10.046,10.135,10747,0
2017-06-16,10.082,10.104,10.057,10.057,839,0
2017-06-20,10.075,10.075,10.016,10.016,1111,0
2017-06-21,10.08,10.08,10.03,10.03,3457,0
2017-06-26,10.22,10.26,10.2176,10.26,1570,0
2017-06-27,10.29,10.29,10.15,10.15,1170,0
2017-06-28,10.1416,10.22,10.1356,10.22,1192,0
2017-06-29,10.21,10.213,10.21,10.2108,607,0
2017-06-30,10.3226,10.33,10.3,10.325,2301,0
2017-07-05,10.34,10.35,10.25,10.33,4014,0
2017-07-06,10.27,10.27,10.24,10.24,351,0
2017-07-07,10.21,10.22,10.1753,10.22,656,0
2017-07-10,10.3,10.3,10.3,10.3,701,0
2017-07-11,10.3,10.3,10.3,10.3,160,0
2017-07-12,10.5,10.59,10.5,10.59,2435,0
2017-07-13,10.61,10.67,10.61,10.67,4834,0
2017-07-14,10.7064,10.73,10.69,10.72,1193,0
2017-07-17,10.67,10.75,10.67,10.69,1171,0
2017-07-20,10.65,10.65,10.58,10.58,1276,0
2017-07-21,10.58,10.58,10.58,10.58,200,0
2017-07-24,10.59,10.59,10.59,10.59,301,0
2017-07-25,10.64,10.71,10.64,10.69,1105,0
2017-07-27,10.66,10.66,10.64,10.64,274,0
2017-07-28,10.66,10.66,10.66,10.66,200,0
2017-07-31,10.75,10.75,10.73,10.73,273,0
2017-08-01,10.84,10.84,10.84,10.84,200,0
2017-08-02,10.854,10.9,10.85,10.9,3246,0
2017-08-03,10.85,10.87,10.815,10.87,882,0
2017-08-04,10.835,10.88,10.835,10.88,500,0
2017-08-07,10.87,11.03,10.87,11.03,1471,0
2017-08-08,10.9753,11.07,10.9753,11.04,3365,0
2017-08-09,10.97,10.97,10.97,10.97,0,0
2017-08-10,10.85,10.85,10.85,10.85,1441,0
2017-08-11,10.93,10.94,10.9258,10.9258,321,0
2017-08-14,11.07,11.07,11.06,11.07,716,0
2017-08-15,11.2,11.2,11.125,11.125,1252,0
2017-08-16,11.1147,11.1147,11.1147,11.1147,112,0
2017-08-21,11.1,11.1568,11.1,11.1568,262,0
2017-08-22,11.25,11.31,11.25,11.31,400,0
2017-08-23,11.337,11.35,11.321,11.35,415,0
2017-08-24,11.43,11.5,11.418,11.4664,812,0
2017-08-25,11.4377,11.4377,11.4377,11.4377,969,0
2017-08-31,11.39,11.4286,11.39,11.3995,386,0
2017-09-01,11.52,11.55,11.52,11.55,554,0
2017-09-05,11.61,11.61,11.61,11.61,173,0
2017-09-06,11.69,11.7866,11.69,11.7866,327,0
2017-09-07,11.88,11.88,11.88,11.88,485,0
2017-09-08,11.77,11.77,11.77,11.77,1200,0
2017-09-11,11.81,12.03,11.81,11.95,2119,0
2017-09-13,12.01,12.0662,12.01,12.0662,898,0
2017-09-14,11.99,12,11.99,12,458,0
2017-09-15,12.1916,12.1916,12.19,12.19,942,0
2017-09-18,12.2764,12.2764,12.15,12.2033,2882,0
2017-09-19,12.031,12.031,12.031,12.031,592,0
2017-09-20,12.0701,12.0701,12.0701,12.0701,484,0
2017-09-21,12.17,12.1731,12.17,12.1731,1434,0
2017-09-25,11.9668,11.9668,11.9668,11.9668,500,0
2017-09-26,11.98,11.9814,11.9776,11.9776,656,0
2017-09-27,11.92,11.92,11.9,11.9,775,0
2017-09-28,11.78,11.8299,11.77,11.8299,1671,0
2017-10-03,12.1463,12.235,12.1463,12.235,630,0
2017-10-04,12.26,12.26,12.2236,12.2236,378,0
2017-10-05,12.4,12.4,12.3865,12.3865,765,0
2017-10-06,12.08,12.08,12.08,12.08,101,0
2017-10-09,12.08,12.08,12.08,12.08,242,0
2017-10-10,12.2656,12.29,12.219,12.29,1600,0
2017-10-11,12.24,12.24,12.24,12.24,815,0
2017-10-12,12.25,12.34,12.22,12.22,8700,0
2017-10-18,12.2,12.2,12.1,12.2,16481,0
2017-10-19,12.1,12.15,12.1,12.15,711,0
2017-10-20,12.26,12.26,12.16,12.19,1753,0
2017-10-23,12.25,12.25,12.02,12.02,5900,0
2017-10-24,12.1,12.1227,12.05,12.1227,2442,0
2017-10-25,12.04,12.2098,12.04,12.2098,450,0
2017-10-26,12.195,12.195,12.1755,12.1799,312,0
2017-10-27,12.1512,12.1512,12.1512,12.1512,100,0
2017-10-30,12.05,12.06,11.94,11.94,12912,0
2017-10-31,11.86,11.9552,11.86,11.88,1187,0
2017-11-01,12.01,12.01,11.79,11.79,5306,0
2017-11-02,11.76,11.76,11.76,11.76,100,0
2017-11-03,11.765,11.765,11.765,11.765,601,0
2017-11-07,11.63,11.63,11.511,11.56,6487,0
2017-11-08,11.55,11.82,11.54,11.82,1200,0
2017-11-09,11.69,11.72,11.6142,11.62,3700,0
2017-11-10,11.4982,11.4982,11.46,11.46,2215,0
