Date,Open,High,Low,Close,Volume,OpenInt
2014-12-17,22.024,22.024,22.024,22.024,5519,0
2014-12-18,22.632,22.795,22.632,22.795,1721,0
2014-12-19,22.677,22.776,22.677,22.776,1276,0
2014-12-22,22.776,22.785,22.776,22.776,332,0
2014-12-26,23.166,23.166,23.166,23.166,199,0
2014-12-29,22.83,22.975,22.83,22.975,524,0
2014-12-30,22.812,22.812,22.776,22.776,994,0
2014-12-31,22.83,22.83,22.594,22.594,4359,0
2015-01-07,22.178,22.178,22.178,22.178,1102,0
2015-01-08,22.74,22.74,22.74,22.74,111,0
2015-01-09,22.531,22.531,22.531,22.531,111,0
2015-01-13,22.849,22.876,22.613,22.613,2319,0
2015-01-16,23.392,23.392,23.375,23.392,913,0
2015-01-20,23.629,23.709,23.545,23.672,2467,0
2015-01-21,23.691,23.773,23.691,23.773,10588,0
2015-01-22,23.89,24.353,23.845,24.344,8493,0
2015-01-23,24.424,24.433,24.361,24.371,4861,0
2015-01-26,24.587,24.661,24.498,24.651,2374,0
2015-01-27,24.507,24.507,24.353,24.415,4213,0
2015-01-28,24.408,24.453,24.107,24.107,4455,0
2015-01-29,24.408,24.56,24.398,24.56,4397,0
2015-01-30,24.443,24.479,24.27,24.27,2356,0
2015-02-02,24.27,24.517,24.27,24.371,1511,0
2015-02-03,24.806,24.823,24.761,24.823,3588,0
2015-02-04,24.733,24.751,24.543,24.543,3041,0
2015-02-06,24.778,24.778,24.551,24.551,9455,0
2015-02-10,24.733,24.733,24.679,24.679,1143,0
2015-02-11,24.661,24.706,24.579,24.661,982,0
2015-02-12,25.096,25.096,25.078,25.096,1120,0
2015-02-13,25.185,25.185,25.114,25.169,8784,0
2015-02-17,25.087,25.222,24.941,25.169,2687,0
2015-02-18,25.367,25.367,25.241,25.313,7789,0
2015-02-19,25.431,25.431,25.322,25.376,6166,0
2015-02-20,25.367,25.666,25.367,25.657,1778,0
2015-02-23,25.612,25.666,25.594,25.648,13324,0
2015-02-24,25.711,25.847,25.711,25.847,2032,0
2015-02-25,25.766,25.829,25.721,25.775,30176,0
2015-02-26,25.956,25.965,25.956,25.965,974,0
2015-02-27,26.128,26.128,26.119,26.128,4233,0
2015-03-02,26.165,26.165,26.038,26.119,7837,0
2015-03-03,26.047,26.047,25.793,25.902,3422,0
2015-03-04,25.819,26.065,25.819,26.01,3422,0
2015-03-05,26.229,26.299,26.201,26.255,9603,0
2015-03-06,26.347,26.4,26.21,26.21,131459,0
2015-03-09,26.229,26.337,26.229,26.319,11811,0
2015-03-10,26.047,26.155,25.992,26.102,7396,0
2015-03-11,26.426,26.636,26.373,26.537,21303,0
2015-03-12,26.562,26.636,26.537,26.609,19648,0
2015-03-13,26.518,26.762,26.518,26.762,2648,0
2015-03-16,26.935,27.007,26.79,27.007,6734,0
2015-03-17,26.726,26.808,26.599,26.771,35432,0
2015-03-18,26.644,26.771,26.572,26.617,69317,0
2015-03-19,26.636,26.673,26.617,26.654,4415,0
2015-03-20,26.944,26.991,26.944,26.991,7726,0
2015-03-23,26.862,26.897,26.808,26.835,30023,0
2015-03-24,27.024,27.052,26.981,26.981,5740,0
2015-03-25,26.962,26.962,26.7,26.744,29029,0
2015-03-26,26.383,26.654,26.337,26.654,14570,0
2015-03-27,26.706,26.753,26.7,26.753,1102,0
2015-03-30,27.043,27.098,26.991,27.07,12142,0
2015-03-31,26.835,26.935,26.771,26.771,11811,0
2015-04-01,27.016,27.024,26.889,27.024,19426,0
2015-04-02,26.991,27.07,26.991,27.07,15784,0
2015-04-06,26.944,27.28,26.944,27.225,12473,0
2015-04-07,27.398,27.451,27.271,27.306,19894,0
2015-04-08,27.342,27.378,27.261,27.378,118435,0
2015-04-09,27.515,27.668,27.515,27.668,14295,0
2015-04-10,27.814,27.841,27.714,27.841,13246,0
2015-04-13,27.913,27.94,27.722,27.722,26822,0
2015-04-14,27.632,27.732,27.605,27.705,9934,0
2015-04-15,27.831,27.85,27.732,27.732,12473,0
2015-04-16,27.569,27.578,27.378,27.424,24052,0
2015-04-17,27.016,27.07,26.771,26.835,20420,0
2015-04-20,27.161,27.161,26.981,27.088,10180,0
2015-04-21,27.315,27.324,27.271,27.306,3951,0
2015-04-22,27.261,27.315,27.116,27.315,8961,0
2015-04-23,27.024,27.187,26.981,27.179,4856,0
2015-04-24,27.108,27.225,27.061,27.215,6734,0
2015-04-27,27.578,27.595,27.496,27.496,2870,0
2015-04-28,27.261,27.28,27.052,27.17,9160,0
2015-04-29,26.826,26.845,26.319,26.527,13798,0
2015-04-30,26.546,26.546,26.255,26.282,11479,0
2015-05-01,26.355,26.599,26.355,26.599,9382,0
2015-05-04,26.735,26.762,26.716,26.716,883,0
2015-05-05,26.537,26.537,26.083,26.083,1876,0
2015-05-06,26.065,26.11,25.93,25.965,4641,0
2015-05-07,26.092,26.182,26.047,26.119,7722,0
2015-05-08,26.599,26.835,26.554,26.835,4415,0
2015-05-11,26.644,26.644,26.644,26.644,111,0
2015-05-12,26.445,26.5,26.4,26.5,8527,0
2015-05-13,26.49,26.49,26.309,26.309,1767,0
2015-05-14,26.581,26.744,26.581,26.735,2429,0
2015-05-15,26.589,26.663,26.537,26.663,3718,0
2015-05-18,26.599,26.8,26.599,26.8,7489,0
2015-05-19,27.179,27.215,27.161,27.215,5187,0
2015-05-20,27.333,27.333,27.297,27.306,1767,0
2015-05-21,27.261,27.37,27.261,27.36,7285,0
2015-05-22,27.333,27.342,27.271,27.342,6292,0
2015-05-26,26.981,26.981,26.853,26.926,6643,0
2015-05-27,27.215,27.324,27.215,27.324,2759,0
2015-05-28,27.225,27.225,27.17,27.207,3715,0
2015-05-29,26.716,26.753,26.716,26.753,1213,0
2015-06-01,26.771,26.771,26.636,26.636,35211,0
2015-06-02,26.537,26.554,26.527,26.527,1483,0
2015-06-03,26.627,26.673,26.5,26.627,77596,0
2015-06-04,26.49,26.49,26.165,26.273,35211,0
2015-06-05,26.119,26.165,26.029,26.146,6844,0
2015-06-08,25.819,25.819,25.622,25.685,6401,0
2015-06-09,25.693,25.748,25.63,25.666,7701,0
2015-06-10,26.21,26.273,25.847,26.273,4893,0
2015-06-11,26.581,26.617,26.327,26.409,5874,0
2015-06-12,25.946,26.092,25.902,26.092,1987,0
2015-06-15,25.622,25.639,25.548,25.557,43158,0
2015-06-16,25.666,25.793,25.657,25.739,774,0
2015-06-17,25.594,25.622,25.313,25.331,8279,0
2015-06-18,25.376,26.102,25.358,26.029,13466,0
2015-06-19,25.685,25.729,25.657,25.729,4636,0
2015-06-22,26.383,26.644,26.383,26.627,2208,0
2015-06-23,26.953,26.971,26.953,26.971,584,0
2015-06-24,26.741,26.779,26.6,26.629,19434,0
2015-06-25,26.619,26.741,26.619,26.647,3292,0
2015-06-26,26.978,26.978,26.836,26.921,6053,0
2015-06-29,26.308,26.308,25.678,25.678,12744,0
2015-06-30,25.659,25.688,25.555,25.688,4286,0
2015-07-01,26.298,26.298,25.95,25.988,44074,0
2015-07-02,25.847,25.847,25.715,25.724,5628,0
2015-07-06,25.245,25.291,24.859,24.981,44498,0
2015-07-07,24.736,25.141,24.671,25.121,91227,0
2015-07-08,25.065,25.065,24.821,24.821,10090,0
2015-07-09,25.413,25.413,25.413,25.413,4566,0
2015-07-10,26.298,26.412,26.168,26.412,2868,0
2015-07-13,26.619,26.639,26.61,26.619,4248,0
2015-07-14,26.732,26.799,26.732,26.76,12905,0
2015-07-15,26.836,26.882,26.836,26.882,760,0
2015-07-16,27.25,27.297,27.222,27.26,38233,0
2015-07-17,27.26,27.287,27.174,27.193,35577,0
2015-07-20,27.429,27.448,27.382,27.392,53844,0
2015-07-21,27.25,27.26,27.061,27.1,13912,0
2015-07-22,27.09,27.09,26.988,27.043,15400,0
2015-07-23,27.052,27.1,26.911,26.911,5417,0
2015-07-24,26.769,26.769,26.647,26.657,743,0
2015-07-27,26.327,26.327,26.12,26.12,15400,0
2015-07-28,26.487,26.6,26.337,26.562,24426,0
2015-07-29,26.517,26.779,26.507,26.779,5734,0
2015-07-30,26.686,26.732,26.507,26.722,20496,0
2015-07-31,26.647,26.808,26.581,26.799,2124,0
2015-08-03,26.93,26.988,26.93,26.988,1746,0
2015-08-04,27.005,27.033,26.995,27.005,3504,0
2015-08-05,27.287,27.382,27.25,27.26,20922,0
2015-08-06,27.382,27.382,27.174,27.25,3241,0
2015-08-07,27.156,27.156,27.061,27.1,4037,0
2015-08-10,27.203,27.307,27.203,27.307,4037,0
2015-08-11,26.911,26.93,26.864,26.873,9846,0
2015-08-12,26.102,26.308,26.073,26.308,2124,0
2015-08-13,26.356,26.365,26.196,26.225,87829,0
2015-08-14,26.176,26.298,26.129,26.298,1699,0
2015-08-17,25.979,26.243,25.96,26.225,19754,0
2015-08-18,26.262,26.262,26.148,26.148,4037,0
2015-08-19,25.837,25.884,25.762,25.762,6160,0
2015-08-20,25.386,25.405,24.925,24.991,14019,0
2015-08-21,24.699,24.849,24.087,24.087,13168,0
2015-08-24,22.58,23.653,22.053,22.9,96304,0
2015-08-25,24.077,24.19,23.748,23.758,67225,0
2015-08-26,23.786,24.171,23.748,24.171,6372,0
2015-08-27,24.745,24.783,24.491,24.716,47473,0
2015-08-28,24.576,24.689,24.482,24.689,6584,0
2015-08-31,24.594,24.651,24.463,24.538,36321,0
2015-09-01,24.105,24.105,23.758,23.813,44711,0
2015-09-02,24.331,24.331,24.001,24.229,27294,0
2015-09-03,24.548,24.679,24.379,24.434,83899,0
2015-09-04,23.973,24.04,23.795,23.973,15187,0
2015-09-08,24.491,24.491,24.293,24.407,56818,0
2015-09-09,24.905,24.925,24.302,24.302,35577,0
2015-09-10,24.379,24.482,24.284,24.415,13557,0
2015-09-11,24.142,24.2,24.097,24.162,4672,0
2015-09-14,24.04,24.068,23.946,24.011,34091,0
2015-09-15,24.077,24.331,23.973,24.312,102697,0
2015-09-16,24.415,24.529,24.415,24.529,60216,0
2015-09-17,24.491,24.991,24.482,24.529,61066,0
2015-09-18,23.813,24.04,23.813,23.888,79120,0
2015-09-21,24.114,24.152,23.917,24.077,36003,0
2015-09-22,23.521,23.53,23.343,23.512,20922,0
2015-09-23,23.512,23.512,23.305,23.305,4780,0
2015-09-24,22.946,23.201,22.843,23.155,20242,0
2015-09-25,23.587,23.587,23.277,23.286,6053,0
2015-09-28,23.088,23.088,22.863,22.863,13455,0
2015-09-29,22.995,22.995,22.929,22.929,10090,0
2015-09-30,23.53,23.53,23.324,23.446,3718,0
2015-10-01,23.549,23.549,23.155,23.417,14762,0
2015-10-02,23.238,23.719,23.079,23.719,264123,0
2015-10-05,24.142,24.322,24.105,24.322,12724,0
2015-10-06,24.379,24.379,24.284,24.284,27825,0
2015-10-07,24.576,24.643,24.389,24.538,3823,0
2015-10-08,24.424,24.716,24.397,24.708,31649,0
2015-10-09,24.594,24.594,24.566,24.566,2549,0
2015-10-12,24.454,24.529,24.454,24.52,37420,0
2015-10-13,24.2,24.407,24.2,24.246,14444,0
2015-10-14,24.265,24.36,24.133,24.18,31330,0
2015-10-15,24.454,24.643,24.424,24.643,45773,0
2015-10-16,24.594,24.661,24.557,24.661,84748,0
2015-10-19,24.689,24.708,24.614,24.708,36427,0
2015-10-20,24.557,24.623,24.538,24.604,5036,0
2015-10-21,24.773,24.803,24.585,24.604,27825,0
2015-10-22,25.037,25.32,25.037,25.291,1699,0
2015-10-23,25.668,25.724,25.659,25.705,2549,0
2015-10-26,25.584,25.631,25.546,25.612,5842,0
2015-10-27,25.413,25.479,25.32,25.376,9771,0
2015-10-28,25.462,25.754,25.433,25.724,28036,0
2015-10-29,25.555,25.602,25.405,25.593,34196,0
2015-10-30,25.527,25.678,25.518,25.622,22091,0
2015-11-02,25.79,25.884,25.782,25.884,13975,0
2015-11-03,25.715,25.923,25.715,25.856,4461,0
2015-11-04,26.007,26.007,25.724,25.828,134882,0
2015-11-05,25.95,26.186,25.837,25.856,119370,0
2015-11-06,26.054,26.092,25.933,26.073,24320,0
2015-11-09,25.933,25.933,25.602,25.622,17561,0
2015-11-10,25.649,25.772,25.64,25.744,97387,0
2015-11-11,25.884,25.923,25.772,25.772,16568,0
2015-11-12,25.527,25.536,25.291,25.291,10196,0
2015-11-13,25.245,25.357,25.065,25.178,28462,0
2015-11-16,25.254,25.555,25.254,25.555,64465,0
2015-11-17,25.819,25.904,25.631,25.668,22195,0
2015-11-18,25.828,25.894,25.782,25.894,19541,0
2015-11-19,25.95,26.026,25.914,25.914,29099,0
2015-11-20,25.997,26.007,25.95,25.96,31542,0
2015-11-23,25.933,25.95,25.744,25.819,55331,0
2015-11-24,25.518,25.678,25.489,25.64,15292,0
2015-11-25,25.97,25.97,25.856,25.894,60641,0
2015-11-27,26.233,26.233,26.225,26.225,212,0
2015-11-30,26.365,26.365,26.243,26.243,9134,0
2015-12-01,26.298,26.318,26.148,26.233,31528,0
2015-12-02,26.186,26.225,25.847,25.884,10988,0
2015-12-03,25.734,25.819,24.953,24.981,14117,0
2015-12-04,25.085,25.536,25.085,25.527,16249,0
2015-12-07,25.64,25.64,25.396,25.423,60004,0
2015-12-08,24.915,25.037,24.915,24.999,8133,0
2015-12-09,24.821,24.981,24.511,24.671,484596,0
2015-12-10,24.868,24.896,24.708,24.708,95475,0
2015-12-11,24.341,24.341,24.114,24.162,97175,0
2015-12-14,24.2,24.219,23.821,24.209,275614,0
2015-12-15,24.52,24.671,24.52,24.585,138699,0
2015-12-16,24.805,25.145,24.644,25.089,110192,0
2015-12-17,25.296,25.296,25.051,25.051,271785,0
2015-12-18,24.747,24.851,24.585,24.595,143861,0
2015-12-21,24.805,24.805,24.406,24.557,38526,0
2015-12-22,24.406,24.652,24.406,24.614,109922,0
2015-12-23,24.908,25.125,24.908,25.116,148401,0
2015-12-24,25.031,25.069,25.002,25.051,12881,0
2015-12-28,24.861,24.918,24.823,24.861,66447,0
2015-12-29,25.125,25.239,25.108,25.231,28674,0
2015-12-30,25.145,25.145,25.005,25.031,112847,0
2015-12-31,24.965,24.965,24.747,24.785,35800,0
2016-01-04,24.396,24.482,24.14,24.482,54046,0
2016-01-05,24.321,24.406,24.273,24.406,14258,0
2016-01-06,23.933,24.046,23.794,23.914,36138,0
2016-01-07,23.392,23.714,23.146,23.203,228766,0
2016-01-08,23.407,23.407,23.098,23.098,42117,0
2016-01-11,23.382,23.41,23.08,23.354,18167,0
2016-01-12,23.686,23.686,23.451,23.652,31838,0
2016-01-13,23.724,23.753,23.024,23.108,202536,0
2016-01-14,23.126,23.42,22.938,23.336,359238,0
2016-01-15,22.397,22.502,22.236,22.426,25833,0
2016-01-19,22.796,22.796,22.407,22.587,20583,0
2016-01-20,22.255,22.255,21.648,22.132,22552,0
2016-01-21,22.322,22.59,22.245,22.442,11297,0
2016-01-22,23.098,23.24,23.052,23.24,87670,0
2016-01-25,23.013,23.089,22.817,22.823,23625,0
2016-01-26,23.052,23.307,23.042,23.304,230209,0
2016-01-27,23.117,23.346,22.881,23.013,61444,0
2016-01-28,23.136,23.146,22.822,22.938,19389,0
2016-01-29,23.08,23.469,23.08,23.469,25891,0
2016-02-01,23.203,23.382,23.089,23.346,11386,0
2016-02-02,22.929,22.929,22.61,22.662,28075,0
2016-02-03,22.71,22.71,22.236,22.616,37387,0
2016-02-04,22.274,22.549,22.218,22.455,44802,0
2016-02-05,22.511,22.511,22.113,22.161,47212,0
2016-02-08,21.583,21.583,21.232,21.393,124693,0
2016-02-09,20.815,21.102,20.815,21.033,38490,0
2016-02-10,21.393,21.602,21.109,21.157,121354,0
2016-02-11,20.806,20.901,20.569,20.749,56145,0
2016-02-12,20.91,21.119,20.834,21.119,38253,0
2016-02-16,21.745,21.795,21.602,21.782,8322,0
2016-02-17,22.161,22.388,22.132,22.351,28420,0
2016-02-18,22.521,22.521,22.227,22.265,42645,0
2016-02-19,22.052,22.161,21.974,22.122,13770,0
2016-02-22,22.604,22.604,22.539,22.539,55096,0
2016-02-23,22.529,22.54,22.189,22.189,31180,0
2016-02-24,21.81,21.951,21.744,21.923,2426,0
2016-02-25,22.245,22.322,22.161,22.322,9306,0
2016-02-26,22.606,22.635,22.475,22.492,10892,0
2016-02-29,22.587,22.662,22.473,22.512,11861,0
2016-03-01,22.89,23.203,22.89,23.156,21775,0
2016-03-02,23.07,23.213,23.07,23.203,11410,0
2016-03-03,23.146,23.307,23.098,23.307,107222,0
2016-03-04,23.316,23.397,23.283,23.297,21459,0
2016-03-07,23.16,23.245,23.117,23.233,9679,0
2016-03-08,23.126,23.17,22.965,23.032,34980,0
2016-03-09,23.154,23.154,23.09,23.13,3459,0
2016-03-10,23.459,23.572,22.549,22.805,197866,0
2016-03-11,23.459,23.63,23.392,23.63,13869,0
2016-03-14,23.704,23.77,23.686,23.714,53227,0
2016-03-15,23.553,23.586,23.459,23.582,20956,0
2016-03-16,23.525,23.586,23.364,23.543,26004,0
2016-03-17,23.302,23.506,23.302,23.469,3197,0
2016-03-18,23.563,23.676,23.543,23.591,19751,0
2016-03-21,23.516,23.598,23.497,23.572,30081,0
2016-03-22,23.336,23.6,23.336,23.543,38704,0
2016-03-23,23.639,23.639,23.42,23.42,23859,0
2016-03-24,23.146,23.222,23.098,23.193,33901,0
2016-03-28,23.259,23.314,22.397,23.184,26137,0
2016-03-29,23.184,23.346,23.184,23.336,56005,0
2016-03-30,23.676,23.714,23.604,23.62,49787,0
2016-03-31,23.43,23.43,23.297,23.354,22919,0
2016-04-01,22.842,23.098,22.833,23.098,11575,0
2016-04-04,23.09,23.126,23.003,23.023,3387,0
2016-04-05,22.681,22.681,22.539,22.539,2129,0
2016-04-06,22.681,22.823,22.681,22.823,5578,0
2016-04-07,22.669,22.669,22.38,22.397,5537,0
2016-04-08,22.89,22.919,22.753,22.796,12987,0
2016-04-11,23.013,23.061,22.89,22.929,14975,0
2016-04-12,22.995,23.107,22.995,23.08,3770,0
2016-04-13,23.582,23.676,23.566,23.648,12526,0
2016-04-14,23.781,23.781,23.724,23.769,4409,0
2016-04-15,23.724,23.724,23.666,23.676,1149,0
2016-04-18,23.686,23.827,23.686,23.79,185954,0
2016-04-19,24.084,24.121,24.018,24.117,20884,0
2016-04-20,24.198,24.34,24.16,24.254,16773,0
2016-04-21,24.112,24.198,24.084,24.121,26825,0
2016-04-22,24.227,24.244,24.15,24.235,13544,0
2016-04-25,24.094,24.094,23.97,24.046,29922,0
2016-04-26,24.075,24.112,24.027,24.094,11851,0
2016-04-27,24.207,24.243,24.131,24.227,6199,0
2016-04-28,23.98,24.217,23.942,23.97,14072,0
2016-04-29,23.847,23.847,23.66,23.704,4656,0
2016-05-02,23.771,23.771,23.666,23.743,9081,0
2016-05-03,23.425,23.425,23.307,23.316,27158,0
2016-05-04,23.175,23.222,23.089,23.108,9407,0
2016-05-05,23.156,23.24,23.156,23.165,11056,0
2016-05-06,23.213,23.314,23.117,23.288,11401,0
2016-05-09,23.374,23.374,23.307,23.331,1784,0
2016-05-10,23.44,23.563,23.44,23.563,3797,0
2016-05-11,23.336,23.336,23.25,23.25,2495,0
2016-05-12,23.292,23.351,23.213,23.297,2051,0
2016-05-13,23.309,23.354,23.156,23.156,3414,0
2016-05-16,23.175,23.44,23.175,23.402,4373,0
2016-05-17,23.279,23.307,23.136,23.156,24622,0
2016-05-18,23.184,23.439,23.184,23.346,14663,0
2016-05-19,23.213,23.297,23.193,23.259,19576,0
2016-05-20,23.43,23.506,23.42,23.477,191798,0
2016-05-23,23.44,23.44,23.382,23.382,5751,0
2016-05-24,23.743,23.96,23.743,23.933,14218,0
2016-05-25,24.112,24.198,24.112,24.14,24033,0
2016-05-26,24.309,24.309,24.249,24.254,6491,0
2016-05-27,24.321,24.35,24.301,24.35,5876,0
2016-05-31,24.284,24.306,24.188,24.251,6347,0
2016-06-01,24.065,24.17,24.065,24.14,14007,0
2016-06-02,24.17,24.247,24.17,24.227,6061,0
2016-06-03,23.97,23.97,23.847,23.904,10927,0
2016-06-06,23.933,24.031,23.856,23.923,513509,0
2016-06-07,24.178,24.244,24.148,24.148,8011,0
2016-06-08,24.067,24.125,24.067,24.112,9938,0
2016-06-09,23.914,23.96,23.847,23.951,51983,0
2016-06-10,23.354,23.363,23.156,23.213,28101,0
2016-06-13,22.929,22.932,22.672,22.71,24327,0
2016-06-14,22.568,22.568,22.397,22.521,32884,0
2016-06-15,22.652,22.652,22.502,22.539,35504,0
2016-06-16,22.284,22.684,22.265,22.681,24827,0
2016-06-17,22.739,22.921,22.672,22.919,24588,0
2016-06-20,23.459,23.487,23.346,23.346,178408,0
2016-06-21,23.576,23.793,23.546,23.683,22667,0
2016-06-22,23.732,23.811,23.612,23.625,23045,0
2016-06-23,23.986,24.259,23.859,24.211,16256,0
2016-06-24,22.326,22.667,22.053,22.118,93915,0
2016-06-27,21.896,21.896,21.495,21.75,36669,0
2016-06-28,22.228,22.267,22.071,22.247,47417,0
2016-06-29,22.55,22.619,22.502,22.55,88207,0
2016-06-30,22.657,23.084,22.629,22.99,15926,0
2016-07-01,23.016,23.021,22.97,22.977,97566,0
2016-07-05,22.439,22.443,22.287,22.326,17353,0
2016-07-06,22.023,22.209,21.935,22.199,7725,0
2016-07-07,22.257,22.346,22.059,22.133,44909,0
2016-07-08,22.657,22.657,22.589,22.657,18901,0
2016-07-11,23.039,23.087,23.029,23.047,23171,0
2016-07-12,23.371,23.4,23.332,23.332,7562,0
2016-07-13,23.419,23.42,23.302,23.342,8326,0
2016-07-14,23.586,23.621,23.536,23.556,311649,0
2016-07-15,23.556,23.556,23.469,23.488,106134,0
2016-07-18,23.527,23.625,23.508,23.527,9153,0
2016-07-19,23.419,23.478,23.383,23.419,6133,0
2016-07-20,23.753,23.771,23.683,23.703,18208,0
2016-07-21,23.771,23.771,23.608,23.608,5157,0
2016-07-22,23.742,23.771,23.712,23.742,41393,0
2016-07-25,23.82,23.829,23.722,23.732,4393,0
2016-07-26,23.869,23.869,23.771,23.859,150743,0
2016-07-27,24.025,24.055,23.947,23.967,9495,0
2016-07-28,23.947,23.967,23.947,23.967,1895,0
2016-07-29,23.947,24.045,23.879,24.015,13713,0
2016-08-01,23.869,23.901,23.771,23.771,3785,0
2016-08-02,23.556,23.556,23.361,23.432,7633,0
2016-08-03,23.41,23.518,23.41,23.515,13725,0
2016-08-04,23.586,23.635,23.586,23.625,4541,0
2016-08-05,23.955,23.955,23.898,23.918,17788,0
2016-08-08,24.015,24.025,23.996,24.005,4981,0
2016-08-09,24.201,24.329,24.201,24.289,3738,0
2016-08-10,24.318,24.318,24.273,24.294,2367,0
2016-08-11,24.435,24.523,24.425,24.517,11030,0
2016-08-12,24.514,24.524,24.465,24.484,15417,0
2016-08-15,24.533,24.565,24.533,24.542,5241,0
2016-08-16,24.348,24.415,24.318,24.318,5611,0
2016-08-17,24.122,24.239,24.074,24.238,20568,0
2016-08-18,24.152,24.211,24.152,24.201,17930,0
2016-08-19,23.966,24.09,23.966,24.074,34147,0
2016-08-22,23.976,24.071,23.976,24.071,14939,0
2016-08-23,24.269,24.289,24.211,24.211,2315,0
2016-08-24,24.338,24.338,24.231,24.269,61402,0
2016-08-25,24.132,24.181,24.115,24.122,6146,0
2016-08-26,24.221,24.348,24.032,24.173,11038,0
2016-08-29,24.191,24.318,24.191,24.318,10987,0
2016-08-30,24.435,24.465,24.407,24.422,15891,0
2016-08-31,24.484,24.484,24.259,24.348,6405,0
2016-09-01,24.542,24.542,24.269,24.415,13111,0
2016-09-02,24.641,24.807,24.623,24.787,26358,0
2016-09-06,24.878,24.878,24.728,24.748,7347,0
2016-09-07,24.855,24.887,24.825,24.865,12771,0
2016-09-08,24.689,24.835,24.67,24.827,15408,0
2016-09-09,24.67,24.67,24.338,24.338,43961,0
2016-09-12,24.084,24.494,24.084,24.484,20515,0
2016-09-13,24.259,24.259,24.005,24.128,13260,0
2016-09-14,23.986,24.045,23.918,23.928,211270,0
2016-09-15,23.938,24.162,23.938,24.162,8875,0
2016-09-16,23.879,23.923,23.811,23.849,7178,0
2016-09-19,24.122,24.122,24.023,24.023,6066,0
2016-09-20,24.162,24.162,24.094,24.122,1520,0
2016-09-21,24.249,24.406,24.162,24.406,53349,0
2016-09-22,24.679,24.738,24.67,24.689,90363,0
2016-09-23,24.572,24.606,24.552,24.552,2221,0
2016-09-26,24.223,24.23,24.162,24.181,15241,0
2016-09-27,24.072,24.249,24.072,24.216,2425,0
2016-09-28,24.352,24.504,24.352,24.504,2144,0
2016-09-29,24.348,24.348,24.025,24.146,7251,0
2016-09-30,24.249,24.475,24.211,24.445,48122,0
2016-10-03,24.298,24.403,24.298,24.389,3110,0
2016-10-04,24.562,24.66,24.37,24.37,2711,0
2016-10-05,24.572,24.591,24.562,24.58,13802,0
2016-10-06,24.533,24.641,24.499,24.631,49565,0
2016-10-07,24.377,24.377,24.318,24.328,10561,0
2016-10-10,24.569,24.579,24.552,24.579,1840,0
2016-10-11,24.484,24.484,24.391,24.445,7442,0
2016-10-12,24.4,24.445,24.38,24.415,12485,0
2016-10-13,24.103,24.269,24.103,24.259,4006,0
2016-10-14,24.582,24.582,24.465,24.494,3846,0
2016-10-17,24.387,24.415,24.387,24.396,2865,0
2016-10-18,24.709,24.728,24.65,24.718,2805,0
2016-10-19,24.777,24.803,24.777,24.803,1608,0
2016-10-20,24.904,24.904,24.865,24.897,16605,0
2016-10-21,24.825,24.914,24.825,24.912,5583,0
2016-10-24,25.06,25.06,24.974,25.011,3409,0
2016-10-25,24.953,24.963,24.916,24.953,25910,0
2016-10-26,24.738,24.862,24.738,24.797,9999,0
2016-10-27,24.89,24.904,24.835,24.835,5740,0
2016-10-28,24.835,24.879,24.699,24.748,24129,0
2016-10-31,24.777,24.777,24.677,24.748,9579,0
2016-11-01,24.67,24.67,24.357,24.406,12701,0
2016-11-02,24.24,24.24,24.059,24.132,6632,0
2016-11-03,24.172,24.181,24.005,24.015,19536,0
2016-11-04,23.811,23.946,23.771,23.771,59503,0
2016-11-07,24.231,24.338,24.231,24.318,69065,0
2016-11-08,24.328,24.513,24.328,24.494,4632,0
2016-11-09,24.259,24.708,24.259,24.638,92295,0
2016-11-10,24.641,24.641,24.365,24.524,60260,0
2016-11-11,24.348,24.396,24.308,24.389,5763,0
2016-11-14,24.415,24.445,24.338,24.445,27906,0
2016-11-15,24.455,24.562,24.435,24.562,10975,0
2016-11-16,24.289,24.435,24.289,24.377,9250,0
2016-11-17,24.396,24.527,24.396,24.523,3024,0
2016-11-18,24.445,24.445,24.367,24.398,2374,0
2016-11-21,24.396,24.516,24.396,24.514,5095,0
2016-11-22,24.601,24.66,24.577,24.66,4503,0
2016-11-23,24.455,24.562,24.455,24.534,19676,0
2016-11-25,24.569,24.641,24.569,24.641,1329,0
2016-11-28,24.494,24.494,24.318,24.318,24492,0
2016-11-29,24.406,24.552,24.38,24.523,30973,0
2016-11-30,24.562,24.673,24.562,24.631,9979,0
2016-12-01,24.452,24.505,24.367,24.377,10109,0
2016-12-02,24.359,24.367,24.298,24.338,25053,0
2016-12-05,24.582,24.65,24.575,24.65,7837,0
2016-12-06,24.807,25.128,24.807,25.1,45771,0
2016-12-07,25.203,25.535,25.203,25.5,10938,0
2016-12-08,25.5,25.697,25.5,25.617,14052,0
2016-12-09,25.686,25.821,25.686,25.786,6284,0
2016-12-12,25.686,25.686,25.642,25.666,2259,0
2016-12-13,25.949,25.997,25.918,25.969,9810,0
2016-12-14,25.871,25.969,25.734,25.734,24256,0
2016-12-15,25.923,26.076,25.923,26.047,11024,0
2016-12-16,26.076,26.134,26.027,26.037,6493,0
2016-12-19,26.144,26.144,26.096,26.096,2886,0
2016-12-20,26.242,26.277,26.217,26.242,45080,0
2016-12-21,26.243,26.332,26.214,26.322,172787,0
2016-12-22,26.263,26.292,26.214,26.243,43342,0
2016-12-23,26.302,26.345,26.292,26.322,80173,0
2016-12-27,26.342,26.41,26.342,26.351,41435,0
2016-12-28,26.312,26.322,26.274,26.283,41030,0
2016-12-29,26.345,26.345,26.291,26.306,16100,0
2016-12-30,26.411,26.426,26.342,26.361,11059,0
2017-01-03,26.696,26.814,26.659,26.774,22996,0
2017-01-04,26.637,26.764,26.628,26.755,21193,0
2017-01-05,26.764,26.764,26.668,26.755,17814,0
2017-01-06,26.696,26.823,26.696,26.823,8066,0
2017-01-09,26.604,26.671,26.604,26.643,7452,0
2017-01-10,26.666,26.676,26.617,26.617,8250,0
2017-01-11,26.617,26.799,26.617,26.725,10827,0
2017-01-12,26.636,26.676,26.509,26.676,17285,0
2017-01-13,26.765,26.804,26.715,26.755,15066,0
2017-01-17,26.578,26.604,26.548,26.578,7087,0
2017-01-18,26.547,26.62,26.547,26.62,5181,0
2017-01-19,26.705,26.705,26.528,26.587,16931,0
2017-01-20,26.715,26.715,26.617,26.62,12547,0
2017-01-23,26.46,26.607,26.46,26.587,18829,0
2017-01-24,26.578,26.764,26.578,26.745,14766,0
2017-01-25,26.991,26.991,26.932,26.941,23780,0
2017-01-26,26.932,26.951,26.873,26.912,13864,0
2017-01-27,26.822,26.853,26.822,26.853,4523,0
2017-01-30,26.556,26.587,26.53,26.56,6105,0
2017-01-31,26.495,26.495,26.276,26.391,21535,0
2017-02-01,26.537,26.552,26.465,26.499,9793,0
2017-02-02,26.558,26.597,26.509,26.587,17246,0
2017-02-03,26.656,26.705,26.642,26.666,24452,0
2017-02-06,26.43,26.44,26.283,26.292,75904,0
2017-02-07,26.371,26.401,26.361,26.401,3580,0
2017-02-08,26.322,26.479,26.263,26.469,8176,0
2017-02-09,26.648,26.725,26.646,26.666,14771,0
2017-02-10,26.666,26.724,26.646,26.686,2589,0
2017-02-13,26.971,26.981,26.912,26.941,11491,0
2017-02-14,26.951,27.059,26.932,27.03,12897,0
2017-02-15,27.088,27.092,27.03,27.069,6020,0
2017-02-16,27.01,27.03,26.932,26.951,86918,0
2017-02-17,26.841,27.03,26.841,27.03,2926,0
2017-02-21,27.158,27.236,27.148,27.217,13389,0
2017-02-22,27.079,27.117,27.03,27.117,5533,0
2017-02-23,27.146,27.146,27.059,27.079,20780,0
2017-02-24,26.666,26.902,26.666,26.902,13453,0
2017-02-27,26.929,26.947,26.923,26.947,745,0
2017-02-28,26.908,26.971,26.893,26.941,6639,0
2017-03-01,27.378,27.512,27.378,27.453,2946,0
2017-03-02,27.43,27.463,27.374,27.413,11539,0
2017-03-03,27.451,27.566,27.445,27.531,50577,0
2017-03-06,27.413,27.467,27.353,27.46,42481,0
2017-03-07,27.345,27.423,27.345,27.384,9062,0
2017-03-08,27.453,27.453,27.345,27.357,30822,0
2017-03-09,27.531,27.581,27.453,27.541,13879,0
2017-03-10,27.708,27.708,27.6,27.629,4325,0
2017-03-13,27.679,27.728,27.638,27.728,15767,0
2017-03-14,27.604,27.604,27.56,27.6,2205,0
2017-03-15,27.644,27.738,27.61,27.738,4693,0
2017-03-16,27.866,27.915,27.838,27.909,15901,0
2017-03-17,27.916,28.013,27.895,27.954,9580,0
2017-03-20,27.895,27.944,27.875,27.875,19632,0
2017-03-21,28.092,28.102,27.669,27.669,3193,0
2017-03-22,27.669,27.767,27.626,27.767,20137,0
2017-03-23,27.918,27.93,27.884,27.912,4545,0
2017-03-24,27.936,27.974,27.856,27.934,2227,0
2017-03-27,27.83,27.954,27.826,27.915,10641,0
2017-03-28,27.993,28.2,27.964,28.154,10177,0
2017-03-29,28.161,28.195,28.131,28.141,12657,0
2017-03-30,28.259,28.269,28.227,28.249,14384,0
2017-03-31,28.298,28.485,28.298,28.456,28159,0
2017-04-03,28.406,28.406,28.2,28.387,91296,0
2017-04-04,28.308,28.426,28.308,28.426,4766,0
2017-04-05,28.427,28.436,28.229,28.269,9207,0
2017-04-06,28.413,28.446,28.394,28.401,11058,0
2017-04-07,28.415,28.554,28.415,28.534,19928,0
2017-04-10,28.436,28.495,28.406,28.436,15570,0
2017-04-11,28.43,28.465,28.229,28.465,46199,0
2017-04-12,28.347,28.377,28.311,28.347,7665,0
2017-04-13,28.288,28.288,28.17,28.22,14479,0
2017-04-17,28.111,28.338,28.111,28.338,22065,0
2017-04-18,28.003,28.033,27.88,27.964,14188,0
2017-04-19,28.106,28.106,27.974,27.982,10304,0
2017-04-20,28.21,28.318,28.19,28.279,44131,0
2017-04-21,28.21,28.279,28.21,28.245,24894,0
2017-04-24,29.114,29.272,29.114,29.242,57704,0
2017-04-25,29.311,29.37,29.298,29.341,16630,0
2017-04-26,29.311,29.36,29.22,29.22,11975,0
2017-04-27,29.291,29.291,29.233,29.262,19168,0
2017-04-28,29.263,29.282,29.224,29.236,17805,0
2017-05-01,28.977,29.434,28.977,29.38,13959,0
2017-05-02,29.439,29.537,29.435,29.537,27883,0
2017-05-03,29.478,29.537,29.454,29.537,16564,0
2017-05-04,29.793,29.911,29.763,29.911,66268,0
2017-05-05,30.088,30.383,30.064,30.363,17175,0
2017-05-08,30.078,30.117,30.009,30.068,51816,0
2017-05-09,30.147,30.176,30.056,30.114,7268,0
2017-05-10,30.127,30.137,30.029,30.068,199332,0
2017-05-11,29.98,29.99,29.842,29.989,19090,0
2017-05-12,29.97,30.088,29.94,30.078,45319,0
2017-05-15,30.058,30.216,30.039,30.216,22765,0
2017-05-16,30.245,30.245,30.166,30.245,26570,0
2017-05-17,29.96,29.96,29.527,29.556,18350,0
2017-05-18,29.449,29.675,29.419,29.636,11993,0
2017-05-19,29.783,29.813,29.783,29.803,2690,0
2017-05-22,29.773,29.855,29.773,29.832,13710,0
2017-05-23,29.97,29.985,29.891,29.98,5120,0
2017-05-24,29.881,29.96,29.881,29.931,4259,0
2017-05-25,29.96,29.999,29.881,29.966,7341,0
2017-05-26,29.813,29.921,29.813,29.901,8802,0
2017-05-30,29.773,29.835,29.773,29.813,12535,0
2017-05-31,30.009,30.009,29.793,29.852,8204,0
2017-06-01,29.954,30.098,29.94,30.098,4245,0
2017-06-02,30.206,30.211,30.107,30.157,14500,0
2017-06-05,30.07,30.07,30.047,30.057,1486,0
2017-06-06,29.862,29.911,29.803,29.813,13935,0
2017-06-07,29.906,29.914,29.842,29.891,18276,0
2017-06-08,29.931,30.019,29.911,30.019,20333,0
2017-06-09,30.078,30.137,29.969,30.039,19705,0
2017-06-12,29.841,29.841,29.714,29.754,7889,0
2017-06-13,29.983,30.04,29.983,30.009,3653,0
2017-06-14,30.117,30.117,29.902,29.969,9048,0
2017-06-15,29.603,29.754,29.586,29.754,6369,0
2017-06-16,29.891,29.97,29.826,29.931,9454,0
2017-06-19,30.245,30.275,30.178,30.265,8272,0
2017-06-20,30.139,30.147,29.966,30.009,5796,0
2017-06-21,29.96,30.0099,29.92,29.92,4550,0
2017-06-22,29.9,29.95,29.88,29.91,6388,0
2017-06-23,29.77,29.8802,29.7462,29.83,9714,0
2017-06-26,30.12,30.14,29.95,30,16620,0
2017-06-27,29.78,29.8,29.6037,29.62,16222,0
2017-06-28,29.73,29.8,29.66,29.78,9867,0
2017-06-29,29.35,29.39,29.1115,29.19,122839,0
2017-06-30,29.25,29.2995,29.02,29.18,339113,0
2017-07-03,29.41,29.4386,29.35,29.38,6315,0
2017-07-05,29.37,29.4171,29.32,29.4,146552,0
2017-07-06,29.12,29.2624,29.12,29.15,32728,0
2017-07-07,29.19,29.33,29.15,29.27,62683,0
2017-07-10,29.33,29.41,29.33,29.391,35558,0
2017-07-11,29.3499,29.3852,29.26,29.36,19774,0
2017-07-12,29.67,29.7268,29.6511,29.7268,3676,0
2017-07-13,29.73,29.8399,29.73,29.8,127755,0
2017-07-14,29.75,29.83,29.75,29.83,1162,0
2017-07-17,29.82,29.82,29.75,29.76,28858,0
2017-07-18,29.4598,29.57,29.4598,29.57,31758,0
2017-07-19,29.58,29.7378,29.58,29.7378,2257,0
2017-07-20,29.78,29.8,29.6288,29.65,5460,0
2017-07-21,29.32,29.32,29.22,29.31,11517,0
2017-07-24,29.21,29.315,29.21,29.3132,9553,0
2017-07-25,29.51,29.51,29.37,29.4022,29542,0
2017-07-26,29.53,29.6,29.46,29.46,31901,0
2017-07-27,29.5684,29.5684,29.4121,29.5097,3994,0
2017-07-28,29.3,29.3334,29.2428,29.327,3120,0
2017-07-31,29.37,29.37,29.1905,29.2148,1219,0
2017-08-01,29.45,29.47,29.4399,29.44,2611,0
2017-08-02,29.46,29.46,29.3062,29.3196,8528,0
2017-08-03,29.4,29.44,29.3801,29.405,41469,0
2017-08-04,29.61,29.74,29.61,29.733,5345,0
2017-08-07,29.7092,29.71,29.69,29.7069,4697,0
2017-08-08,29.75,29.84,29.75,29.794,11101,0
2017-08-09,29.4573,29.5256,29.41,29.5256,12087,0
2017-08-10,29.33,29.33,29.0817,29.0817,4689,0
2017-08-11,28.98,29.0038,28.93,28.9435,10098,0
2017-08-14,29.29,29.38,29.29,29.3256,11566,0
2017-08-15,29.49,29.49,29.39,29.439,4423,0
2017-08-16,29.64,29.65,29.49,29.4901,10355,0
2017-08-17,29.55,29.56,29.27,29.27,7644,0
2017-08-18,29.25,29.322,29.25,29.2988,1340,0
2017-08-21,29.14,29.19,29.13,29.13,18800,0
2017-08-22,29.3788,29.43,29.3788,29.43,5390,0
2017-08-23,29.29,29.32,29.29,29.3101,4999,0
2017-08-24,29.42,29.42,29.3,29.32,3968,0
2017-08-25,29.373,29.373,29.2688,29.304,1567,0
2017-08-28,29.19,29.21,29.0889,29.12,55789,0
2017-08-29,28.7,28.94,28.7,28.92,42268,0
2017-08-30,28.96,29.08,28.96,29.067,31175,0
2017-08-31,29.201,29.24,29.1577,29.23,23174,0
2017-09-01,29.42,29.42,29.3575,29.38,7704,0
2017-09-05,29.3,29.3,29.04,29.059,18075,0
2017-09-06,29.3,29.43,29.295,29.3996,22298,0
2017-09-07,29.4491,29.4491,29.33,29.42,10979,0
2017-09-08,29.39,29.3962,29.36,29.368,15713,0
2017-09-11,29.71,29.855,29.7,29.84,6710,0
2017-09-12,29.9699,29.9699,29.8771,29.9059,4015,0
2017-09-13,29.89,29.96,29.89,29.96,1103,0
2017-09-14,29.9,29.9724,29.9,29.96,3317,0
2017-09-15,29.86,29.915,29.86,29.915,8219,0
2017-09-18,30,30.01,29.98,29.9932,2221,0
2017-09-19,30.01,30.03,30,30.0232,3843,0
2017-09-20,29.98,30.21,29.98,30.21,146690,0
2017-09-21,30.0934,30.135,30.08,30.08,2700,0
2017-09-22,30.12,30.14,30.12,30.14,502,0
2017-09-25,30.1152,30.1152,30.026,30.042,9048,0
2017-09-26,30.1,30.1,30.0554,30.06,1448,0
2017-09-27,30.21,30.2928,30.21,30.2928,2713,0
2017-09-28,30.2999,30.33,30.2932,30.32,8288,0
2017-09-29,30.39,30.54,30.39,30.54,14282,0
2017-10-02,30.55,30.6232,30.55,30.6227,1235,0
2017-10-03,30.59,30.6804,30.59,30.6804,4099,0
2017-10-04,30.53,30.57,30.52,30.53,246993,0
2017-10-05,30.6666,30.71,30.6666,30.6801,5284,0
2017-10-06,30.604,30.604,30.575,30.5941,1715,0
2017-10-09,30.6122,30.6122,30.58,30.58,1015,0
2017-10-10,30.57,30.7004,30.5417,30.7004,5229,0
2017-10-11,30.62,30.6957,30.62,30.69,9043,0
2017-10-12,30.691,30.7343,30.69,30.69,2910,0
2017-10-13,30.65,30.75,30.65,30.73,1978,0
2017-10-16,30.76,30.76,30.6901,30.725,3481,0
2017-10-17,30.78,30.7868,30.7276,30.749,2287,0
2017-10-18,30.83,30.85,30.82,30.84,8097,0
2017-10-19,30.58,30.68,30.58,30.6794,11208,0
2017-10-20,30.72,30.75,30.72,30.73,3383,0
2017-10-23,30.83,30.83,30.6734,30.6734,2618,0
2017-10-24,30.7501,30.79,30.7501,30.7832,5998,0
2017-10-25,30.71,30.71,30.6,30.64,4769,0
2017-10-26,30.8864,31.04,30.86,31.0338,5252,0
2017-10-27,31.039,31.08,31.039,31.0663,2053,0
2017-10-30,31.15,31.18,31.12,31.12,11237,0
2017-10-31,31.26,31.33,31.26,31.28,2696,0
2017-11-01,31.501,31.501,31.447,31.46,1452,0
2017-11-02,31.31,31.4339,31.29,31.4339,2471,0
2017-11-03,31.37,31.4188,31.34,31.3999,710,0
2017-11-06,31.34,31.4,31.34,31.4,1954,0
2017-11-07,31.32,31.34,31.21,31.21,807,0
2017-11-08,31.13,31.2482,31.12,31.2,12177,0
2017-11-09,30.9,30.9,30.68,30.82,26688,0
2017-11-10,30.76,30.77,30.69,30.75,2830,0
