Date,Open,High,Low,Close,Volume,OpenInt
2008-10-15,25.56,25.56,25.031,25.031,447,0
2008-10-16,23.905,23.905,23.383,23.878,16351,0
2008-10-17,23.94,24.548,23.887,24.38,8758,0
2008-10-20,24.594,25.077,24.523,25.077,9076,0
2008-10-21,25.015,25.085,24.575,24.683,2121,0
2008-10-22,23.089,23.215,22.049,22.049,1666,0
2008-10-23,22.399,22.399,21.501,21.501,1228,0
2008-10-24,20.705,20.849,20.705,20.849,336,0
2008-10-27,19.971,20.256,19.711,20.026,1006,0
2008-10-28,20.475,20.475,20.475,20.475,5581,0
2008-10-29,21.772,22.722,21.772,22.722,578,0
2008-10-31,24.012,24.012,24.012,24.012,893,0
2008-11-04,26.053,26.053,26.053,26.053,110,0
2008-11-05,30.739,30.739,25.534,25.534,3292,0
2008-11-06,25.085,25.085,23.133,23.133,1449,0
2008-11-07,23.491,24.354,23.491,24.262,2541,0
2008-11-10,28.625,28.625,24.389,24.389,2166,0
2008-11-11,23.733,23.733,23.509,23.509,336,0
2008-11-12,23.348,23.348,21.906,21.906,3582,0
2008-11-13,21.556,23.045,20.604,23.045,6585,0
2008-11-14,23.41,23.464,23.41,23.464,224,0
2008-11-17,22.828,22.846,22.828,22.846,290,0
2008-11-18,21.941,21.941,21.826,21.853,613,0
2008-11-19,21.35,21.35,21.35,21.35,110,0
2008-11-20,20.56,20.56,19.694,19.694,3125,0
2008-11-21,16.809,20.553,16.809,20.303,2099,0
2008-11-24,21.941,22.741,21.941,22.741,6585,0
2008-11-25,22.929,23.313,22.765,23.107,893,0
2008-11-26,23.6,23.931,23.6,23.931,1675,0
2008-11-28,24.575,24.854,24.575,24.747,1730,0
2008-12-01,23.509,23.582,22.981,23.143,2350,0
2008-12-02,23.34,23.967,23.34,23.967,18304,0
2008-12-03,24.073,25.077,23.572,24.04,42525,0
2008-12-04,24.557,24.557,23.661,23.661,1006,0
2008-12-05,23.215,23.322,22.963,22.963,1923,0
2008-12-08,25.677,26.483,25.633,26.483,21124,0
2008-12-09,29.083,29.083,25.534,25.686,4876,0
2008-12-10,26.745,26.959,26.349,26.887,8120,0
2008-12-11,26.814,27.298,26.385,26.385,6971,0
2008-12-12,26.216,26.402,25.903,26.314,4994,0
2008-12-15,26.994,27.165,26.161,26.419,3046,0
2008-12-16,27.085,27.892,27.021,27.892,13160,0
2008-12-17,32.909,32.909,28.133,28.365,8751,0
2008-12-18,28.501,28.501,27.399,27.399,61873,0
2008-12-19,32.326,32.326,26.61,26.994,25965,0
2008-12-22,26.52,27.461,26.244,26.244,10574,0
2008-12-23,26.263,26.502,25.992,26.179,6319,0
2008-12-24,25.982,26.053,25.956,26.028,1699,0
2008-12-26,26.932,27.442,26.806,26.842,4476,0
2008-12-29,27.13,27.201,26.663,26.823,9221,0
2008-12-30,27.148,27.526,27.148,27.526,10494,0
2008-12-31,31.295,31.295,27.399,28.356,36622,0
2009-01-02,27.952,28.501,27.934,28.501,11813,0
2009-01-05,28.4,29.181,28.318,28.921,20505,0
2009-01-06,32.881,32.881,28.652,29.234,20115,0
2009-01-07,28.769,28.841,28.223,28.258,24643,0
2009-01-08,27.73,28.634,27.39,28.634,54737,0
2009-01-09,28.563,28.563,28.069,28.178,10833,0
2009-01-12,27.998,27.998,26.708,26.842,7783,0
2009-01-13,26.109,26.582,25.964,26.244,3959,0
2009-01-14,26.019,26.019,25.085,25.23,40407,0
2009-01-15,25.095,25.569,24.396,25.517,47920,0
2009-01-16,25.769,26.109,25.267,25.831,33864,0
2009-01-20,25.365,25.365,24.28,24.28,10142,0
2009-01-21,24.335,24.798,23.733,24.798,15849,0
2009-01-22,24.548,24.548,23.948,24.29,14172,0
2009-01-23,23.661,24.29,23.278,24.18,11497,0
2009-01-26,24.354,24.693,24.298,24.514,59936,0
2009-01-27,25.176,25.348,24.711,25.249,7699,0
2009-01-28,25.964,25.964,25.132,25.865,18584,0
2009-01-29,25.56,25.569,24.996,25.077,7586,0
2009-01-30,25.417,25.56,24.594,24.683,7194,0
2009-02-02,23.957,24.254,23.725,24.198,30253,0
2009-02-03,24.354,24.389,24.28,24.389,2481,0
2009-02-04,25.005,25.329,24.63,24.915,7005,0
2009-02-05,24.575,25.275,24.162,24.791,10424,0
2009-02-06,25.4,26.053,25.4,25.911,8417,0
2009-02-09,25.911,26.438,25.911,26.146,7540,0
2009-02-10,26.028,26.156,25.158,25.338,9726,0
2009-02-11,25.4,25.624,25.085,25.32,17787,0
2009-02-12,25.085,25.085,24.363,24.648,7908,0
2009-02-13,25.176,25.258,24.952,25.122,9124,0
2009-02-17,24.188,24.326,22.741,23.59,6610,0
2009-02-18,23.376,23.767,23.162,23.491,6083,0
2009-02-19,23.878,23.905,23.133,23.133,5613,0
2009-02-20,22.891,22.919,21.96,22.919,10124,0
2009-02-23,23.268,23.268,21.099,22.075,8292,0
2009-02-24,22.039,22.219,21.656,22.191,10478,0
2009-02-25,24.371,24.371,21.458,21.727,2689,0
2009-02-26,21.985,21.995,21.727,21.727,3358,0
2009-02-27,21.519,21.782,20.632,21.117,19831,0
2009-03-02,20.622,20.91,19.56,20.383,11603,0
2009-03-03,20.465,20.596,19.36,20.212,27725,0
2009-03-04,21.216,21.753,20.339,21.306,4470,0
2009-03-05,20.596,21.073,19.718,20.75,8500,0
2009-03-06,20.947,20.947,19.944,20.587,11854,0
2009-03-09,20.535,20.965,20.499,20.543,1562,0
2009-03-10,21.485,22.301,21.485,22.291,11483,0
2009-03-11,22.944,22.944,22.272,22.559,35714,0
2009-03-12,22.427,23.34,22.238,23.34,23761,0
2009-03-13,23.348,23.869,23.071,23.572,20908,0
2009-03-16,23.582,23.957,23.454,23.472,7159,0
2009-03-17,23.125,23.948,23.115,23.905,13504,0
2009-03-18,23.922,24.363,23.383,24.271,3023,0
2009-03-19,24.89,24.933,24.594,24.666,5639,0
2009-03-20,24.495,24.495,23.635,23.777,3176,0
2009-03-23,24.64,24.978,24.621,24.978,16414,0
2009-03-24,24.854,25.085,24.766,24.766,15727,0
2009-03-25,24.782,25.499,24.594,24.729,20507,0
2009-03-26,25.409,25.822,25.409,25.652,14063,0
2009-03-27,25.542,25.542,24.817,25.031,21615,0
2009-03-30,24.371,24.371,23.526,23.869,18334,0
2009-03-31,24.153,24.675,23.905,24.46,25121,0
2009-04-01,24.1,24.952,24.09,24.943,18617,0
2009-04-02,25.974,26.753,25.974,26.69,66766,0
2009-04-03,26.156,26.537,26.128,26.438,2679,0
2009-04-06,27.362,27.362,26.128,26.253,4228,0
2009-04-07,25.865,25.982,25.517,25.517,3315,0
2009-04-08,25.606,25.865,25.435,25.47,27379,0
2009-04-09,26.6,26.771,26.358,26.565,5537,0
2009-04-13,27.998,27.998,26.072,26.072,5852,0
2009-04-14,27.048,27.048,26.565,26.796,2811,0
2009-04-15,26.6,27.056,26.537,27.038,10897,0
2009-04-16,27.325,27.587,27.085,27.55,13645,0
2009-04-17,27.721,27.979,27.508,27.508,13368,0
2009-04-20,27.094,27.094,26.109,26.128,6314,0
2009-04-21,26.137,26.708,25.606,26.708,6457,0
2009-04-22,26.456,27.508,26.456,27.012,8081,0
2009-04-23,27.508,27.508,26.753,27.173,2922,0
2009-04-24,27.508,28.169,27.508,28.151,6887,0
2009-04-27,28.67,29.621,27.381,27.577,9766,0
2009-04-28,27.265,27.381,27.075,27.085,7695,0
2009-04-29,27.925,28.251,27.74,27.917,11269,0
2009-04-30,27.783,28.662,27.783,27.943,67423,0
2009-05-01,28.258,28.563,28.087,28.301,3773,0
2009-05-04,28.581,29.868,28.581,29.868,7055,0
2009-05-05,29.941,30.221,29.583,29.941,4480,0
2009-05-06,30.49,30.49,29.629,30.086,49829,0
2009-05-07,30.096,30.193,29.119,29.458,13027,0
2009-05-08,30.327,30.821,30.104,30.73,7553,0
2009-05-11,30.883,30.883,29.145,29.8,6794,0
2009-05-12,30.013,30.013,29.674,29.886,6570,0
2009-05-13,29.565,29.565,28.4,28.428,14060,0
2009-05-14,28.428,29.978,28.428,29.424,3847,0
2009-05-15,29.691,29.877,29.361,29.361,978,0
2009-05-18,29.754,33.08,29.754,30.552,74886,0
2009-05-19,31.037,31.276,30.399,31.089,28764,0
2009-05-20,31.359,31.761,31.001,31.071,8660,0
2009-05-21,32.128,32.128,30.282,30.327,7602,0
2009-05-22,31.592,31.592,30.794,30.804,3163,0
2009-05-26,32.128,32.128,30.911,31.413,2811,0
2009-05-27,31.574,31.995,31.168,31.385,11416,0
2009-05-28,31.177,31.662,30.892,31.662,4902,0
2009-05-29,32.935,32.935,31.448,31.824,4054,0
2009-06-01,31.85,33.49,31.85,33.331,57273,0
2009-06-02,33.849,33.849,33.148,33.526,30794,0
2009-06-03,33.643,34.97,31.609,31.885,24069,0
2009-06-04,32.227,32.435,32.003,32.426,20619,0
2009-06-05,33.14,33.148,31.913,32.237,48811,0
2009-06-08,32.237,32.237,29.986,31.168,69146,0
2009-06-09,31.903,32.308,31.815,32.165,8803,0
2009-06-10,32.628,32.728,31.841,32.289,7511,0
2009-06-11,32.246,32.935,32.246,32.755,44700,0
2009-06-12,32.692,32.692,32.254,32.521,7966,0
2009-06-15,31.841,31.922,31.304,31.359,17475,0
2009-06-16,32.192,32.192,30.847,31.098,22504,0
2009-06-17,30.598,30.686,30.282,30.686,10266,0
2009-06-18,30.399,30.712,30.15,30.635,15649,0
2009-06-19,33.148,33.148,30.282,30.838,3045,0
2009-06-22,30.114,30.114,29.02,29.172,24502,0
2009-06-23,28.741,29.565,28.455,29.54,14493,0
2009-06-24,29.968,30.372,29.895,29.95,12729,0
2009-06-25,29.396,30.552,29.396,30.552,3930,0
2009-06-26,30.453,30.866,30.453,30.73,4898,0
2009-06-29,30.883,31.186,30.883,31.186,7146,0
2009-06-30,31.286,31.286,30.543,30.812,14776,0
2009-07-01,30.712,31.359,30.712,31.125,13344,0
2009-07-02,30.598,30.598,29.737,29.791,37385,0
2009-07-06,29.191,29.406,28.896,29.27,12929,0
2009-07-07,29.565,29.565,28.491,28.491,4650,0
2009-07-08,28.652,28.705,27.793,28.025,85776,0
2009-07-09,28.374,28.832,28.374,28.696,27636,0
2009-07-10,28.169,28.283,27.793,28.274,30358,0
2009-07-13,27.998,28.527,27.96,28.527,7958,0
2009-07-14,28.869,29.028,28.76,28.974,4496,0
2009-07-15,30.068,30.068,29.602,29.996,5399,0
2009-07-16,30.086,30.265,29.941,30.265,4130,0
2009-07-17,30.327,30.508,30.06,30.353,4537,0
2009-07-20,30.785,31.168,30.775,31.168,7061,0
2009-07-21,31.359,31.574,31.071,31.195,8997,0
2009-07-22,31.528,31.77,31.465,31.582,2334,0
2009-07-23,31.798,32.344,31.69,32.299,17810,0
2009-07-24,31.761,32.702,31.186,32.702,92337,0
2009-07-27,31.958,32.702,31.958,32.603,5295,0
2009-07-28,32.478,32.478,32.083,32.271,3857,0
2009-07-29,32.521,32.521,31.582,31.582,8173,0
2009-07-30,32.04,32.674,32.04,32.531,6661,0
2009-07-31,32.666,33.104,32.657,33.104,6150,0
2009-08-03,34.047,34.047,33.571,33.777,11330,0
2009-08-04,33.652,33.858,33.589,33.822,5108,0
2009-08-05,33.93,34.047,33.545,34.047,6421,0
2009-08-06,34.047,34.047,33.589,33.597,4016,0
2009-08-07,33.796,34.125,33.707,34.099,6378,0
2009-08-10,34,34,33.597,33.735,6251,0
2009-08-11,33.554,33.554,33.357,33.437,3408,0
2009-08-12,33.616,34.125,33.616,34.054,4262,0
2009-08-13,34.422,34.494,33.974,34.333,10458,0
2009-08-14,34.512,34.512,34.082,34.18,1594,0
2009-08-17,32.99,33.052,32.728,33.052,137885,0
2009-08-18,33.526,34.028,32.619,33.814,5100,0
2009-08-19,33.832,34.072,32.772,34,9117,0
2009-08-20,34.305,34.486,34.305,34.412,2477,0
2009-08-21,34.798,35.238,34.789,35.231,6494,0
2009-08-24,35.471,35.848,35.471,35.487,6292,0
2009-08-25,35.874,35.874,35.532,35.542,15023,0
2009-08-26,35.273,35.282,34.979,35.282,2774,0
2009-08-27,35.086,35.38,34.486,35.347,19259,0
2009-08-28,35.64,35.64,35.006,35.184,1176,0
2009-08-31,34.798,34.798,34.412,34.53,5499,0
2009-09-01,34.717,34.717,33.589,33.689,5181,0
2009-09-02,33.508,33.735,33.508,33.652,2385,0
2009-09-03,33.867,34.054,33.76,33.911,13519,0
2009-09-04,34.082,34.592,34.009,34.575,5302,0
2009-09-08,35.254,35.417,35.184,35.417,15584,0
2009-09-09,35.839,35.973,35.408,35.792,17268,0
2009-09-10,35.747,36.314,35.747,36.314,11317,0
2009-09-11,36.555,36.68,36.214,36.358,20160,0
2009-09-14,36.34,36.34,36.016,36.34,3401,0
2009-09-15,36.232,36.509,36.016,36.44,12850,0
2009-09-16,37.246,37.246,36.643,37.038,10175,0
2009-09-17,37.019,37.307,36.742,36.887,10947,0
2009-09-18,37.568,37.568,36.769,36.914,9000,0
2009-09-21,36.733,36.733,35.998,36.259,6896,0
2009-09-22,36.914,36.914,36.545,36.619,8685,0
2009-09-23,36.779,37.01,36.376,36.376,8873,0
2009-09-24,36.992,36.992,35.505,35.729,7392,0
2009-09-25,35.398,35.684,35.212,35.417,13343,0
2009-09-28,35.212,36.033,35.212,35.865,8020,0
2009-09-29,35.865,35.988,35.703,35.83,2657,0
2009-09-30,36.367,36.367,35.202,35.612,7781,0
2009-10-01,35.202,35.202,34.584,34.584,4783,0
2009-10-02,34,34.53,33.849,34.108,13651,0
2009-10-05,33.901,34.693,33.901,34.693,2185,0
2009-10-06,35.301,35.621,35.301,35.55,4044,0
2009-10-07,35.902,35.902,35.273,35.523,11439,0
2009-10-08,36.188,36.232,35.937,36.141,5705,0
2009-10-09,35.604,36.232,35.604,36.114,3821,0
2009-10-12,36.619,36.625,36.197,36.384,6712,0
2009-10-13,36.545,36.545,36.07,36.15,3339,0
2009-10-14,37.254,37.254,36.698,36.825,1277,0
2009-10-15,36.698,37.272,36.698,37.182,5257,0
2009-10-16,37.093,37.093,36.393,36.733,3397,0
2009-10-19,36.957,37.246,36.878,37.246,5621,0
2009-10-20,37.637,37.637,36.689,37,4814,0
2009-10-21,37.21,37.227,36.625,36.625,6462,0
2009-10-22,36.966,37.128,36.458,37.083,11039,0
2009-10-23,37.019,37.055,36.509,36.625,2943,0
2009-10-26,36.625,36.643,35.444,35.453,6755,0
2009-10-27,35.462,35.621,35.032,35.032,19797,0
2009-10-28,35.023,35.023,33.643,33.643,10208,0
2009-10-29,34.108,34.979,34.108,34.742,29783,0
2009-10-30,34.512,34.609,33.41,33.643,11613,0
2009-11-02,33.597,34.189,33.382,33.698,6342,0
2009-11-03,32.683,33.643,32.674,33.526,23076,0
2009-11-04,33.751,34.412,33.751,33.911,3230,0
2009-11-05,34.602,34.853,34.404,34.761,11262,0
2009-11-06,34.789,35.146,34.674,34.951,3790,0
2009-11-09,36.042,36.042,35.612,35.928,5381,0
2009-11-10,35.856,35.856,35.56,35.747,2165,0
2009-11-11,36.448,36.448,35.766,35.766,3940,0
2009-11-12,34.798,35.542,34.798,35.426,2456,0
2009-11-13,35.049,35.596,35.049,35.347,12546,0
2009-11-16,36.033,36.44,36.016,36.287,4900,0
2009-11-17,35.839,35.928,35.202,35.65,46981,0
2009-11-18,35.703,35.703,35.347,35.505,10402,0
2009-11-19,35.014,35.014,34.323,34.575,7341,0
2009-11-20,33.625,34.368,33.625,34.368,9736,0
2009-11-23,35.408,35.408,34.844,34.87,4622,0
2009-11-24,34.35,34.701,34.35,34.627,2419,0
2009-11-25,34.708,35.086,34.708,35.086,1893,0
2009-11-27,33.571,33.725,33.266,33.571,12758,0
2009-11-30,33.849,33.849,33.221,33.419,2764,0
2009-12-01,34.154,34.547,34.154,34.53,2573,0
2009-12-02,34.522,34.717,34.494,34.584,11327,0
2009-12-03,34.584,34.708,34.26,34.26,24441,0
2009-12-04,34.646,34.725,34.037,34.288,22784,0
2009-12-07,34.217,34.387,34.144,34.242,4024,0
2009-12-08,34.422,34.422,33.516,33.625,2720,0
2009-12-09,33.589,33.625,33.071,33.571,17702,0
2009-12-10,33.41,33.616,31.699,33.347,17725,0
2009-12-11,33.735,33.751,33.428,33.698,9454,0
2009-12-14,33.956,34.144,33.751,34.144,10006,0
2009-12-15,33.814,34.116,33.77,33.805,6723,0
2009-12-16,34.323,34.387,34.072,34.108,5507,0
2009-12-17,33.858,33.858,33.689,33.796,2602,0
2009-12-18,33.707,33.735,33.545,33.689,2208,0
2009-12-21,33.911,33.947,33.597,33.883,26927,0
2009-12-22,34.234,34.234,33.892,34.135,9421,0
2009-12-23,34.252,34.556,34.198,34.44,9677,0
2009-12-24,34.618,34.733,34.609,34.618,2891,0
2009-12-28,34.86,34.86,34.664,34.827,11014,0
2009-12-29,35.621,35.621,34.637,34.77,13233,0
2009-12-30,34.979,34.979,34.35,34.44,9350,0
2009-12-31,34.879,34.926,34.494,34.618,13926,0
2010-01-04,35.067,37.675,35.067,35.319,21667,0
2010-01-05,35.523,35.722,35.514,35.684,30411,0
2010-01-06,35.659,36.33,35.659,36.277,6853,0
2010-01-07,36.214,36.421,35.956,36.421,7859,0
2010-01-08,36.698,36.982,36.643,36.982,3402,0
2010-01-11,37.317,37.317,36.974,37.154,14630,0
2010-01-12,36.966,37.154,36.241,36.421,14885,0
2010-01-13,36.33,36.769,36.33,36.75,7758,0
2010-01-14,36.717,36.957,36.717,36.914,4960,0
2010-01-15,36.412,36.582,36.25,36.33,4186,0
2010-01-19,36.421,36.708,36.421,36.708,11180,0
2010-01-20,36.241,36.241,35.337,35.444,32468,0
2010-01-21,35.487,35.542,34.575,34.798,19900,0
2010-01-22,34.798,34.907,34.189,34.198,4359,0
2010-01-25,34.761,34.761,34.44,34.602,9185,0
2010-01-26,34.674,35.049,34.225,34.305,44459,0
2010-01-27,34.26,34.26,33.526,33.947,17353,0
2010-01-28,34.234,34.234,33.284,33.707,5395,0
2010-01-29,34.009,34.064,33.148,33.313,7077,0
2010-02-01,33.841,34.064,33.707,33.99,4239,0
2010-02-02,34.064,34.592,34.064,34.592,32533,0
2010-02-03,34.77,34.808,34.234,34.412,3105,0
2010-02-04,33.901,33.901,32.809,32.98,9132,0
2010-02-05,32.647,32.647,31.546,32.326,26018,0
2010-02-08,32.271,32.435,31.913,32.201,2502,0
2010-02-09,32.674,33.104,32.469,32.963,10954,0
2010-02-10,33.131,33.131,32.666,32.827,4898,0
2010-02-11,32.745,33.176,32.719,33.166,1966,0
2010-02-12,32.863,32.863,32.174,32.8,9016,0
2010-02-16,32.98,33.589,32.98,33.589,2566,0
2010-02-17,33.777,33.777,33.579,33.725,1104,0
2010-02-18,33.77,34.125,33.77,34.009,3589,0
2010-02-19,33.777,34.009,33.554,34.009,4023,0
2010-02-22,33.966,34.125,33.814,34.009,10187,0
2010-02-23,33.814,33.814,33.331,33.331,49217,0
2010-02-24,33.472,33.607,33.366,33.454,3192,0
2010-02-25,33.14,33.41,32.692,33.391,20097,0
2010-02-26,33.104,33.303,32.909,33.303,18013,0
2010-03-01,33.735,33.76,33.347,33.607,6628,0
2010-03-02,33.93,34.009,33.858,33.93,4029,0
2010-03-03,34.135,34.476,34.099,34.314,4857,0
2010-03-04,34.207,34.207,33.956,34.125,2053,0
2010-03-05,34.618,34.97,34.422,34.907,9605,0
2010-03-08,34.961,34.961,34.609,34.742,5464,0
2010-03-09,34.565,34.817,34.469,34.539,19865,0
2010-03-10,34.752,35.105,34.646,34.701,10484,0
2010-03-11,34.844,35.059,34.798,34.979,3576,0
2010-03-12,35.631,35.631,35.337,35.532,11264,0
2010-03-15,35.389,35.389,34.934,35.184,5758,0
2010-03-16,35.426,35.839,35.319,35.839,18858,0
2010-03-17,35.988,36.15,35.956,35.982,2779,0
2010-03-18,35.668,35.982,35.568,35.631,12048,0
2010-03-19,35.532,35.578,35.112,35.347,5849,0
2010-03-22,34.897,35.398,34.897,35.389,4551,0
2010-03-23,35.523,35.956,35.38,35.956,9601,0
2010-03-24,35.596,35.604,35.301,35.435,10818,0
2010-03-25,35.568,35.892,35.273,35.319,27790,0
2010-03-26,35.604,35.956,35.568,35.568,6758,0
2010-03-29,36.006,36.178,35.91,36.141,12824,0
2010-03-30,36.268,36.277,35.998,36.114,3418,0
2010-03-31,36.34,36.34,34.951,36.08,6933,0
2010-04-01,36.25,36.717,36.25,36.671,10604,0
2010-04-05,36.788,37.191,36.733,37.01,8094,0
2010-04-06,36.966,37.191,36.949,37.028,4030,0
2010-04-07,37.154,37.154,36.671,36.843,13760,0
2010-04-08,36.698,36.949,36.376,36.742,5923,0
2010-04-09,37.128,37.549,37.128,37.521,7570,0
2010-04-12,37.531,37.675,37.343,37.568,27230,0
2010-04-13,37.263,37.495,37.172,37.459,22959,0
2010-04-14,37.783,37.989,37.647,37.818,6948,0
2010-04-15,37.764,37.881,37.593,37.881,7411,0
2010-04-16,37.521,37.521,36.779,37.182,8828,0
2010-04-19,36.024,36.797,36.024,36.501,10498,0
2010-04-20,37.172,37.334,37.038,37.334,6850,0
2010-04-21,36.992,37.386,36.992,37.36,31425,0
2010-04-22,36.861,37.36,36.634,37.36,11557,0
2010-04-23,37.637,37.637,37.326,37.603,7180,0
2010-04-26,37.783,37.89,37.459,37.585,13157,0
2010-04-27,37.334,37.351,36.349,36.393,3851,0
2010-04-28,36.555,36.563,35.839,36.08,13552,0
2010-04-29,36.634,36.931,36.634,36.878,65720,0
2010-04-30,36.914,36.914,36.367,36.403,8129,0
2010-05-03,36.661,36.661,36.314,36.501,2845,0
2010-05-04,35.783,35.783,34.655,34.87,7609,0
2010-05-05,34.018,34.412,33.026,33.777,13239,0
2010-05-06,33.901,33.901,20.714,31.806,17714,0
2010-05-07,32.628,32.845,31.359,31.745,21792,0
2010-05-10,32.638,34.279,32.638,33.956,13085,0
2010-05-11,33.554,34.162,33.447,33.589,6602,0
2010-05-12,34.305,34.87,34.162,34.733,20368,0
2010-05-13,34.701,34.701,34.217,34.217,4736,0
2010-05-14,33.554,33.849,32.918,33.4,8494,0
2010-05-17,32.891,33.007,32.246,32.944,3267,0
2010-05-18,33.498,33.498,32.209,32.209,3210,0
2010-05-19,32.174,32.335,31.699,32.174,7170,0
2010-05-20,31.286,31.34,30.453,30.508,19922,0
2010-05-21,30.317,31.404,30.212,31.295,93504,0
2010-05-24,30.804,31.071,30.635,30.635,10524,0
2010-05-25,29.389,30.389,28.715,30.299,104875,0
2010-05-26,30.955,31.108,30.372,30.372,12712,0
2010-05-27,30.785,31.832,30.785,31.699,4556,0
2010-05-28,31.546,31.876,31.349,31.752,5690,0
2010-06-01,31.492,31.492,30.757,30.812,4418,0
2010-06-02,31.037,31.448,30.677,31.448,10462,0
2010-06-03,31.413,31.779,31.376,31.519,6947,0
2010-06-04,30.983,30.983,30.16,30.16,3418,0
2010-06-07,30.407,30.407,29.371,29.371,1892,0
2010-06-08,29.754,29.817,29.476,29.817,2839,0
2010-06-09,30.248,30.686,29.941,29.941,3690,0
2010-06-10,30.964,31.195,30.938,31.195,6732,0
2010-06-11,31.231,31.509,31.159,31.177,3507,0
2010-06-14,32.165,32.398,32.021,32.093,975,0
2010-06-15,32.389,32.702,32.326,32.628,729,0
2010-06-16,32.502,32.972,32.335,32.719,119912,0
2010-06-17,32.881,32.99,32.417,32.502,17947,0
2010-06-18,32.791,32.827,32.459,32.55,9141,0
2010-06-21,33.563,33.571,32.702,32.8,5622,0
2010-06-22,32.435,32.657,31.885,32.136,20992,0
2010-06-23,32.155,32.201,31.671,32.201,8156,0
2010-06-24,31.6,31.6,31.071,31.071,3922,0
2010-06-25,31.231,31.555,30.983,31.546,3322,0
2010-06-28,31.841,31.841,31.267,31.267,1522,0
2010-06-29,30.598,30.598,29.996,30.086,1994,0
2010-06-30,29.81,30.055,29.367,29.367,22543,0
2010-07-01,29.629,29.629,29.191,29.557,18952,0
2010-07-02,29.8,29.817,29.467,29.467,10952,0
2010-07-06,30.363,30.757,29.557,30.23,6027,0
2010-07-07,30.49,30.866,30.49,30.866,2290,0
2010-07-08,31.546,31.546,31.001,31.376,4353,0
2010-07-09,31.168,31.645,31.168,31.592,8684,0
2010-07-12,31.6,31.708,31.465,31.538,2284,0
2010-07-13,31.85,32.121,31.717,32.077,3797,0
2010-07-14,31.824,32.121,31.824,31.95,857,0
2010-07-15,31.761,31.976,31.699,31.815,2743,0
2010-07-16,31.43,31.43,30.938,30.938,1336,0
2010-07-19,31.027,31.223,30.847,31.061,1761,0
2010-07-20,30.508,31.359,30.508,31.359,1114,0
2010-07-21,31.726,31.761,31.177,31.177,2023,0
2010-07-22,31.798,32.435,31.798,32.254,3477,0
2010-07-23,32.502,32.764,32.335,32.638,3858,0
2010-07-26,33.007,33.257,32.918,33.061,3066,0
2010-07-27,33.41,33.454,33.221,33.313,2005,0
2010-07-28,32.772,32.963,32.745,32.755,4741,0
2010-07-29,33.275,33.275,32.647,32.745,1515,0
2010-07-30,32.935,32.935,32.619,32.619,707,0
2010-08-02,33.322,33.892,33.294,33.814,5990,0
2010-08-03,33.67,33.947,33.67,33.947,1704,0
2010-08-04,33.571,33.99,33.571,33.717,14320,0
2010-08-05,33.937,34.116,33.751,34.108,2946,0
2010-08-06,34.037,34.144,33.625,34.108,6912,0
2010-08-09,34.305,34.44,34.064,34.44,4791,0
2010-08-10,33.554,34.225,33.463,33.717,5411,0
2010-08-11,32.531,32.809,32.112,32.121,8870,0
2010-08-12,31.832,32.263,31.788,32.201,2398,0
2010-08-13,32.201,32.201,32.201,32.201,488,0
2010-08-16,31.832,32.299,31.832,32.067,3189,0
2010-08-17,32.854,33.131,32.845,32.845,1268,0
2010-08-18,32.881,33.176,32.854,32.881,2052,0
2010-08-19,33.374,33.374,32.335,32.389,2278,0
2010-08-20,32.003,32.003,31.662,31.77,1454,0
2010-08-23,32.003,32.003,31.671,31.671,1579,0
2010-08-24,30.983,31.053,30.794,30.964,1198,0
2010-08-25,30.946,30.946,30.606,30.902,2294,0
2010-08-26,31.152,31.413,30.911,30.919,4208,0
2010-08-27,31.367,31.806,31.231,31.806,1838,0
2010-08-30,31.752,31.752,31.465,31.465,2138,0
2010-08-31,31.359,31.752,31.295,31.295,5066,0
2010-09-01,32.435,32.595,32.435,32.595,1032,0
2010-09-02,32.926,32.944,32.683,32.863,8892,0
2010-09-03,33.148,33.49,33.088,33.113,3233,0
2010-09-07,33.275,33.275,32.791,33.007,792,0
2010-09-08,33.007,33.275,32.909,33.016,4599,0
2010-09-09,33.303,33.526,33.303,33.331,529,0
2010-09-10,33.516,33.516,33.437,33.437,586,0
2010-09-13,33.77,34.037,33.76,33.867,6835,0
2010-09-14,33.735,34.135,33.735,34.009,2765,0
2010-09-15,33.689,34.135,33.689,34.009,12364,0
2010-09-16,33.874,34.082,33.76,33.911,3317,0
2010-09-17,34.144,34.144,33.901,33.966,5659,0
2010-09-20,34.018,34.459,33.974,34.459,3539,0
2010-09-21,34.627,34.979,34.387,34.693,9927,0
2010-09-22,34.834,34.834,34.459,34.547,9299,0
2010-09-23,34.162,34.486,34.162,34.242,3638,0
2010-09-24,34.77,34.97,34.77,34.926,2958,0
2010-09-27,34.97,35.38,34.87,34.961,3993,0
2010-09-28,35.453,35.453,34.951,35.329,3130,0
2010-09-29,35.453,35.676,35.38,35.523,9057,0
2010-09-30,35.523,35.612,35.139,35.347,4552,0
2010-10-01,35.631,35.713,35.532,35.631,3208,0
2010-10-04,35.694,35.839,35.38,35.38,4842,0
2010-10-05,35.848,36.412,35.83,36.358,6827,0
2010-10-06,36.941,36.957,36.563,36.834,10448,0
2010-10-07,37.045,37.423,36.861,36.861,2769,0
2010-10-08,37.317,37.521,37.045,37.404,5123,0
2010-10-11,37.289,37.521,37.254,37.254,2703,0
2010-10-12,37.01,37.298,37.01,37.298,3143,0
2010-10-13,37.8,37.8,37.451,37.764,17734,0
2010-10-14,38.041,38.041,37.485,37.54,5780,0
2010-10-15,37.827,37.827,37.54,37.692,2701,0
2010-10-18,37.307,37.692,37.307,37.576,3586,0
2010-10-19,36.922,37.182,36.458,36.458,4761,0
2010-10-20,37.21,37.513,36.982,37.343,32233,0
2010-10-21,37.433,37.809,37.307,37.451,9010,0
2010-10-22,37.845,37.845,37.476,37.476,8442,0
2010-10-25,37.62,38.095,37.62,37.827,12572,0
2010-10-26,37.719,37.728,37.513,37.513,1451,0
2010-10-27,37.137,37.182,37.137,37.163,399,0
2010-10-28,37.074,37.172,36.914,37.119,3898,0
2010-10-29,37.064,37.064,36.939,37.027,4534,0
2010-11-01,37.045,37.386,36.905,36.905,5674,0
2010-11-02,37.423,37.585,37.423,37.531,6221,0
2010-11-03,37.281,37.451,37.01,37.433,4294,0
2010-11-04,37.874,38.284,37.874,38.231,5130,0
2010-11-05,38.364,38.479,38.294,38.294,2608,0
2010-11-08,38.095,38.479,38.095,38.445,5552,0
2010-11-09,38.571,38.651,37.89,37.943,11713,0
2010-11-10,38.445,38.498,37.917,38.498,7125,0
2010-11-11,37.961,38.356,37.961,38.239,6340,0
2010-11-12,38.176,38.231,37.576,37.62,4974,0
2010-11-15,38.024,38.051,37.585,37.818,3742,0
2010-11-16,37.246,37.246,36.592,36.592,8605,0
2010-11-17,36.878,36.878,36.742,36.742,2653,0
2010-11-18,37.874,37.936,37.874,37.917,2824,0
2010-11-19,37.89,37.926,37.637,37.926,2841,0
2010-11-22,37.683,37.683,37.307,37.683,2564,0
2010-11-23,37.064,37.064,36.825,36.878,896,0
2010-11-24,37.298,37.351,37.182,37.343,2386,0
2010-11-26,36.6,37.019,36.6,36.76,8468,0
2010-11-29,36.314,36.536,36.25,36.536,3702,0
2010-11-30,36.159,36.393,35.848,36.393,3949,0
2010-12-01,37.21,37.298,37.01,37.298,1806,0
2010-12-02,37.791,38.041,37.791,38.041,3495,0
2010-12-03,38.588,38.633,38.445,38.633,3076,0
2010-12-06,38.383,38.822,38.383,38.813,3722,0
2010-12-07,39.072,39.394,38.847,38.856,3114,0
2010-12-08,39.17,39.17,38.875,39.082,4498,0
2010-12-09,39.267,39.267,38.972,39.189,2272,0
2010-12-10,39.127,39.565,39.127,39.476,12607,0
2010-12-13,39.689,39.924,39.581,39.581,10536,0
2010-12-14,39.512,39.852,39.43,39.54,2480,0
2010-12-15,39.305,39.376,38.928,38.928,5448,0
2010-12-16,38.982,39.54,38.982,39.403,17901,0
2010-12-17,39.43,39.521,39.314,39.385,24598,0
2010-12-20,39.26,39.449,39.26,39.423,980,0
2010-12-21,39.581,39.609,39.457,39.476,3711,0
2010-12-22,39.36,39.681,39.36,39.663,6556,0
2010-12-23,39.654,39.654,39.403,39.6,3906,0
2010-12-27,39.277,39.277,39.242,39.242,632,0
2010-12-28,39.549,39.549,39.333,39.439,2093,0
2010-12-29,39.858,40.028,39.841,39.967,1777,0
2010-12-30,39.95,40.076,39.722,39.912,1585,0
2010-12-31,40.11,40.163,40.054,40.054,2472,0
2011-01-03,40.12,40.64,40.12,40.3,12700,0
2011-01-04,40.425,40.523,39.717,40.012,7081,0
2011-01-05,39.636,39.906,39.636,39.717,3659,0
2011-01-06,39.681,39.763,39.423,39.549,6937,0
2011-01-07,39.413,39.581,39.162,39.333,4505,0
2011-01-10,39.17,39.36,38.918,39.36,5850,0
2011-01-11,39.889,40.028,39.844,39.844,3812,0
2011-01-12,40.559,40.827,40.443,40.703,5822,0
2011-01-13,40.827,41.088,40.827,40.871,5650,0
2011-01-14,40.97,41.347,40.935,41.231,8156,0
2011-01-18,41.526,41.643,41.526,41.606,2841,0
2011-01-19,41.829,41.829,41.429,41.572,6985,0
2011-01-20,41.41,41.41,40.741,41.269,7230,0
2011-01-21,41.821,41.821,41.303,41.366,9626,0
2011-01-24,41.563,42.029,41.116,41.839,10694,0
2011-01-25,41.203,41.483,41.196,41.483,1002,0
2011-01-26,41.821,42.209,41.821,42.209,2259,0
2011-01-27,42.029,42.181,41.975,42.111,9039,0
2011-01-28,41.839,42.137,40.952,41.125,2948,0
2011-01-31,41.095,41.723,41.095,41.631,3856,0
2011-02-01,42.262,42.658,42.199,42.594,1549,0
2011-02-02,42.368,42.378,42.029,42.199,3055,0
2011-02-03,42.011,42.011,41.457,41.904,4831,0
2011-02-04,42.111,42.111,41.829,42.064,5596,0
2011-02-07,42.351,42.557,42.297,42.297,5240,0
2011-02-08,42.046,42.54,42.046,42.54,1988,0
2011-02-09,42.476,42.548,42.111,42.422,5161,0
2011-02-10,41.804,42.181,41.58,42.173,5224,0
2011-02-11,42.111,42.494,42.002,42.494,4506,0
2011-02-14,42.415,42.64,42.415,42.513,6829,0
2011-02-15,42.585,42.602,42.368,42.415,12011,0
2011-02-16,42.432,42.799,42.406,42.72,6582,0
2011-02-18,42.871,43.023,42.666,42.861,34568,0
2011-02-22,42.12,42.128,41.071,41.135,5320,0
2011-02-23,41.125,41.259,40.623,41.071,9044,0
2011-02-24,41.213,41.231,40.686,41.178,2318,0
2011-02-25,41.679,41.762,41.572,41.752,2201,0
2011-02-28,42.379,42.379,41.943,42.125,35796,0
2011-03-01,42.439,42.439,41.509,41.535,8927,0
2011-03-02,41.975,42.181,41.804,42.011,18167,0
2011-03-03,42.503,42.96,42.476,42.96,33827,0
2011-03-04,42.916,42.952,42.422,42.54,17102,0
2011-03-07,42.748,42.773,41.877,42.234,8371,0
2011-03-08,41.966,42.557,41.966,42.513,6025,0
2011-03-09,42.494,42.494,42.191,42.36,6027,0
2011-03-10,41.661,41.661,41.259,41.259,3189,0
2011-03-11,40.819,41.661,40.819,41.643,5072,0
2011-03-14,41.509,41.643,41.088,41.643,21096,0
2011-03-15,39.413,41.213,39.413,41.062,22766,0
2011-03-16,40.794,40.802,39.234,39.808,28068,0
2011-03-17,41.009,41.199,40.73,41.009,23043,0
2011-03-18,41.813,41.94,41.634,41.813,79032,0
2011-03-21,42.522,43.112,42.522,43.077,75517,0
2011-03-22,43.077,43.22,42.764,42.952,34289,0
2011-03-23,42.825,43.104,42.484,42.96,67424,0
2011-03-24,43.274,43.974,43.148,43.903,98653,0
2011-03-25,43.462,43.894,43.462,43.508,74854,0
2011-03-28,43.623,43.65,43.237,43.282,20086,0
2011-03-29,43.077,43.552,43.005,43.552,18308,0
2011-03-30,43.766,44.206,43.669,44.054,73049,0
2011-03-31,43.847,44.093,43.746,43.93,34701,0
2011-04-01,44.206,44.403,44.028,44.162,27649,0
2011-04-04,45.389,45.389,44.18,44.27,19593,0
2011-04-05,43.776,44.233,43.569,44.171,116072,0
2011-04-06,44.491,44.491,44.144,44.339,27041,0
2011-04-07,44.098,44.116,43.669,43.856,57047,0
2011-04-08,44.377,44.377,43.766,43.955,10619,0
2011-04-11,43.785,43.838,43.308,43.4,35307,0
2011-04-12,43.535,43.535,42.773,42.916,30871,0
2011-04-13,43.41,43.41,42.835,42.96,22412,0
2011-04-14,42.72,43.042,42.575,43.033,7421,0
2011-04-15,42.861,43.14,42.754,43.086,7939,0
2011-04-18,42.128,42.128,41.465,41.829,17466,0
2011-04-19,42.12,42.432,42.064,42.432,16207,0
2011-04-20,43.228,43.326,43.167,43.264,9330,0
2011-04-21,43.578,43.641,43.453,43.481,13743,0
2011-04-25,43.453,43.552,43.374,43.544,11672,0
2011-04-26,43.559,43.803,43.559,43.65,5729,0
2011-04-27,43.544,43.946,43.39,43.946,7706,0
2011-04-28,44.01,44.306,44.01,44.279,14420,0
2011-04-29,44.231,44.584,44.167,44.584,10567,0
2011-05-02,44.501,44.798,44.349,44.349,15299,0
2011-05-03,44.233,44.233,43.803,44.028,8890,0
2011-05-04,43.884,43.981,43.005,43.112,8019,0
2011-05-05,42.484,42.764,42.128,42.406,26354,0
2011-05-06,43.051,43.184,42.165,42.397,6077,0
2011-05-09,42.209,42.748,42.209,42.72,4922,0
2011-05-10,42.817,43.374,42.808,43.364,10558,0
2011-05-11,43.14,43.14,42.406,42.602,14693,0
2011-05-12,42.378,42.702,42.056,42.548,8859,0
2011-05-13,42.101,42.137,41.33,41.474,18387,0
2011-05-16,41.554,42.002,41.457,41.526,20635,0
2011-05-17,41.213,41.41,40.935,41.285,38368,0
2011-05-18,41.213,41.787,41.213,41.643,36600,0
2011-05-19,41.921,41.921,41.439,41.839,40671,0
2011-05-20,41.724,41.752,41.213,41.535,12714,0
2011-05-23,40.549,40.549,40.021,40.273,37477,0
2011-05-24,40.777,40.777,40.255,40.398,59443,0
2011-05-25,40.028,40.768,39.952,40.667,30591,0
2011-05-26,40.667,40.944,40.567,40.925,2114,0
2011-05-27,41.173,41.464,41.173,41.291,4004,0
2011-05-31,41.952,42.025,41.735,42.025,3914,0
2011-06-01,42.056,42.056,40.925,40.961,15942,0
2011-06-02,41.269,41.615,41.044,41.5,5463,0
2011-06-03,40.802,41.375,40.802,41.125,5496,0
2011-06-06,40.819,40.819,40.449,40.54,2024,0
2011-06-07,41,41.183,40.872,40.872,5003,0
2011-06-08,40.473,40.639,40.228,40.228,7455,0
2011-06-09,40.274,40.872,40.228,40.702,3869,0
2011-06-10,40.446,40.446,39.551,39.667,7368,0
2011-06-13,39.826,39.952,39.423,39.726,7898,0
2011-06-14,40.129,40.675,40.129,40.592,6631,0
2011-06-15,39.832,39.868,38.996,39.16,19479,0
2011-06-16,39.006,39.214,38.652,38.996,7354,0
2011-06-17,39.259,39.259,38.913,38.941,7643,0
2011-06-20,38.542,38.895,38.542,38.887,4050,0
2011-06-21,39.667,39.903,39.603,39.878,7976,0
2011-06-22,39.685,39.921,39.468,39.487,19142,0
2011-06-23,38.551,38.761,38.542,38.733,6117,0
2011-06-24,38.913,38.95,38.596,38.596,8290,0
2011-06-27,38.542,38.922,38.461,38.815,24385,0
2011-06-28,38.796,39.25,38.796,39.25,25136,0
2011-06-29,39.912,40.011,39.722,39.941,18804,0
2011-06-30,40.365,40.938,40.365,40.938,6111,0
2011-07-01,41.101,41.327,40.536,41.327,8979,0
2011-07-05,41,41,40.693,40.693,1104,0
2011-07-06,40.428,40.574,40.322,40.546,1766,0
2011-07-07,40.972,41.246,40.963,41.236,7882,0
2011-07-08,40.502,40.555,40.219,40.555,1727,0
2011-07-11,39.514,39.593,38.967,39.006,10984,0
2011-07-12,38.815,39.116,38.815,38.913,4983,0
2011-07-13,39.276,39.868,39.276,39.295,11548,0
2011-07-14,39.168,39.168,38.842,38.958,2997,0
2011-07-15,39.023,39.023,38.796,38.996,2634,0
2011-07-18,38.542,38.542,38.107,38.253,3550,0
2011-07-19,38.895,39.168,38.878,39.133,1521,0
2011-07-20,39.369,39.441,39.341,39.431,4175,0
2011-07-21,40.175,40.322,40.02,40.248,3239,0
2011-07-22,40.284,40.601,40.257,40.536,3661,0
2011-07-25,40.093,40.385,39.959,40.329,5515,0
2011-07-26,39.95,40.21,39.896,40.165,3149,0
2011-07-27,39.804,39.804,38.95,38.958,6459,0
2011-07-28,39.087,39.087,38.596,38.596,3863,0
2011-07-29,38.335,38.825,38.253,38.688,3764,0
2011-08-01,39.205,39.205,37.827,38.098,9042,0
2011-08-02,37.455,37.746,36.774,36.774,13350,0
2011-08-03,36.849,36.947,36.085,36.839,136275,0
2011-08-04,35.367,35.714,33.864,33.898,18108,0
2011-08-05,34.624,34.768,33.076,34.098,32722,0
2011-08-08,32.619,32.948,31.078,31.078,43947,0
2011-08-09,32.369,33.118,31.823,33.1,28631,0
2011-08-10,32.212,32.548,31.588,31.588,174015,0
2011-08-11,32.204,33.837,31.986,33.527,206814,0
2011-08-12,34.007,34.134,33.646,33.88,75159,0
2011-08-15,34.526,34.98,34.526,34.98,15812,0
2011-08-16,34.472,34.723,34.218,34.361,18818,0
2011-08-17,35.051,35.141,34.425,34.723,22116,0
2011-08-18,33.021,33.076,32.457,32.683,19584,0
2011-08-19,32.095,32.848,32.095,32.131,3948,0
2011-08-22,32.557,32.637,31.912,32.294,8685,0
2011-08-23,32.078,33.057,32.023,33.057,3713,0
2011-08-24,32.938,33.4,32.938,33.356,2049,0
2011-08-25,33.201,33.245,32.674,32.738,3272,0
2011-08-26,33.192,33.455,33.192,33.273,631,0
2011-08-29,34.226,34.499,34.053,34.463,9554,0
2011-08-30,34.561,34.807,34.535,34.807,773,0
2011-08-31,35.487,35.505,35.041,35.344,1821,0
2011-09-01,34.917,35.133,34.561,34.624,6546,0
2011-09-02,33.983,34.102,33.647,33.665,2626,0
2011-09-06,32.241,32.567,32.221,32.449,3033,0
2011-09-07,33.356,33.88,33.1,33.88,4988,0
2011-09-08,33.683,34.026,33.4,33.4,7634,0
2011-09-09,32.719,32.719,31.986,32.086,3842,0
2011-09-12,31.696,31.922,31.078,31.742,2483,0
2011-09-13,31.903,32.294,31.867,32.086,2917,0
2011-09-14,32.05,32.874,31.859,32.874,7251,0
2011-09-15,33.128,33.473,33.128,33.374,3943,0
2011-09-16,33.473,33.473,33.153,33.311,3173,0
2011-09-19,32.258,32.738,32.231,32.738,2046,0
2011-09-20,32.711,32.765,32.267,32.267,2699,0
2011-09-21,32.139,32.241,31.315,31.315,17853,0
2011-09-22,30.307,30.481,29.673,30.009,5929,0
2011-09-23,30.018,30.381,30.018,30.045,1432,0
2011-09-26,30.027,30.353,29.864,30.353,2706,0
2011-09-27,31.55,31.867,31.297,31.324,3395,0
2011-09-28,31.624,31.894,31.069,31.069,12588,0
2011-09-29,31.968,31.996,31.287,31.388,10855,0
2011-09-30,30.837,30.866,30.556,30.664,10367,0
2011-10-03,30.353,30.817,29.638,29.673,19383,0
2011-10-04,29.274,30.199,28.821,30.199,13453,0
2011-10-05,30.407,30.825,30.407,30.706,777,0
2011-10-06,31.651,31.859,31.651,31.668,855,0
2011-10-07,31.859,31.958,31.451,31.859,2536,0
2011-10-10,32.913,33.092,32.756,32.975,14146,0
2011-10-11,32.938,33.136,32.938,33.136,838,0
2011-10-12,33.664,34.108,33.664,33.935,1175,0
2011-10-13,33.464,33.537,33.264,33.5,1709,0
2011-10-14,34.134,34.271,33.944,34.253,4440,0
2011-10-17,33.772,33.772,33.085,33.331,3141,0
2011-10-18,33.057,33.954,33.057,33.954,2674,0
2011-10-19,33.646,33.656,33.011,33.182,5078,0
2011-10-20,33.076,33.136,32.921,33.067,7411,0
2011-10-21,33.935,34.036,33.646,34.036,17896,0
2011-10-24,34.543,35.069,34.407,34.971,2787,0
2011-10-25,34.671,34.816,34.671,34.69,550,0
2011-10-26,34.988,35.179,34.598,35.079,3837,0
2011-10-27,36.202,36.99,35.859,36.99,4132,0
2011-10-28,36.295,36.295,36.266,36.266,800,0
2011-10-31,35.142,35.199,34.778,34.778,1077,0
2011-11-01,33.085,33.537,33.085,33.437,1757,0
2011-11-02,33.646,34.154,33.646,33.854,1427,0
2011-11-03,34.345,35.033,34.125,35.033,2914,0
2011-11-04,34.222,34.504,34.184,34.394,3851,0
2011-11-07,34.535,34.74,34.026,34.74,2256,0
2011-11-08,34.235,34.926,34.235,34.907,2273,0
2011-11-09,33.565,33.565,33.021,33.03,3130,0
2011-11-10,32.811,33.092,32.793,33.092,792,0
2011-11-11,33.729,34.125,33.729,34.108,1953,0
2011-11-14,33.264,33.455,33.264,33.455,1535,0
2011-11-15,33.001,33.437,32.975,33.437,1189,0
2011-11-16,33.182,33.391,33.153,33.391,861,0
2011-11-17,32.866,32.866,32.359,32.395,2819,0
2011-11-18,32.637,32.656,32.432,32.432,664,0
2011-11-21,31.632,31.632,31.151,31.542,10880,0
2011-11-22,31.287,31.434,31.132,31.132,3738,0
2011-11-23,30.525,30.564,30.435,30.472,3659,0
2011-11-25,30.288,30.362,30.237,30.237,30875,0
2011-11-28,31.36,31.578,31.278,31.315,2853,0
2011-11-29,31.514,31.715,31.388,31.569,9613,0
2011-11-30,33.075,33.144,33.009,33.144,945,0
2011-12-01,33.011,33.128,32.903,32.993,2692,0
2011-12-02,33.428,33.428,33.201,33.201,2853,0
2011-12-05,33.908,33.927,33.509,33.556,11629,0
2011-12-06,33.419,33.703,33.365,33.703,4672,0
2011-12-07,33.21,33.356,32.999,33.272,1904,0
2011-12-08,33.09,33.09,32.505,32.514,7542,0
2011-12-09,33.045,33.134,33.045,33.134,1384,0
2011-12-12,32.177,32.231,32.078,32.231,2008,0
2011-12-13,32.231,32.476,31.523,31.523,10285,0
2011-12-14,30.871,31,30.825,31,1498,0
2011-12-15,31.24,31.259,31,31.007,2963,0
2011-12-16,31.541,31.55,31.122,31.221,2746,0
2011-12-19,31.333,31.333,30.59,30.59,1858,0
2011-12-20,31.932,32.196,31.932,32.196,1019,0
2011-12-21,31.895,32.044,31.796,32.044,1277,0
2011-12-22,32.044,32.606,32.044,32.606,2115,0
2011-12-23,32.881,32.881,32.762,32.798,374,0
2011-12-27,32.817,32.854,32.78,32.78,9198,0
2011-12-28,32.207,32.534,32.107,32.107,2342,0
2011-12-29,32.452,32.633,32.452,32.633,3453,0
2011-12-30,32.79,32.902,32.79,32.845,2318,0
2012-01-03,33.811,34.01,33.811,34.01,7423,0
2012-01-04,33.491,33.731,33.381,33.731,5672,0
2012-01-05,33.338,33.338,32.964,33.254,3904,0
2012-01-06,33.254,33.254,32.945,33.074,4001,0
2012-01-09,33.134,33.134,33.018,33.083,6169,0
2012-01-10,33.766,33.93,33.748,33.882,8374,0
2012-01-11,33.83,34.01,33.83,34.01,2192,0
2012-01-12,34.175,34.567,34.175,34.567,329,0
2012-01-13,34.084,34.248,34.02,34.202,4239,0
2012-01-17,35.06,35.187,34.924,34.924,3974,0
2012-01-18,35.206,35.597,35.206,35.579,9826,0
2012-01-19,35.788,36.2,35.788,36.107,4257,0
2012-01-20,35.954,35.981,35.935,35.981,1935,0
2012-01-23,36.272,36.4,36.134,36.254,3798,0
2012-01-24,35.57,35.997,35.57,35.853,5890,0
2012-01-25,36.033,36.682,35.918,36.627,68035,0
2012-01-26,37.093,37.093,36.508,36.516,215681,0
2012-01-27,36.555,36.929,36.555,36.902,7208,0
2012-01-30,36.024,36.301,36.024,36.217,5331,0
2012-01-31,36.317,36.565,36.298,36.437,1198,0
2012-02-01,37.41,37.648,37.41,37.42,8158,0
2012-02-02,37.694,37.841,37.584,37.703,4536,0
2012-02-03,38.387,38.486,38.324,38.486,3805,0
2012-02-06,38.131,38.305,38.131,38.305,9695,0
2012-02-07,37.841,38.333,37.841,38.187,4537,0
2012-02-08,38.342,38.342,38.241,38.342,1009,0
2012-02-09,38.369,38.468,38.287,38.423,3901,0
2012-02-10,37.539,37.75,37.466,37.53,1299,0
2012-02-13,37.813,37.822,37.548,37.776,5400,0
2012-02-14,37.43,37.502,37.11,37.183,13223,0
2012-02-15,37.374,37.457,37.239,37.284,8519,0
2012-02-16,37.266,37.612,37.138,37.612,2827,0
2012-02-17,38.012,38.113,37.94,38.003,1958,0
2012-02-21,38.351,38.514,38.159,38.514,769,0
2012-02-22,38.169,38.432,38.159,38.241,1784,0
2012-02-23,37.841,38.468,37.841,38.468,1388,0
2012-02-24,39.034,39.126,38.943,38.943,590,0
2012-02-27,38.751,38.806,38.605,38.715,15420,0
2012-02-28,38.777,38.834,38.698,38.797,2217,0
2012-02-29,38.424,38.534,38.249,38.388,7430,0
2012-03-01,38.66,38.678,38.56,38.66,1221,0
2012-03-02,38.519,38.519,38.301,38.339,6807,0
2012-03-05,38.169,38.169,38.05,38.169,2651,0
2012-03-06,37.133,37.133,36.567,36.614,4315,0
2012-03-07,37.032,37.452,37.032,37.334,2330,0
2012-03-08,38.283,38.374,38.236,38.246,1044,0
2012-03-09,38.273,38.273,38.155,38.174,1046,0
2012-03-12,37.923,38.095,37.923,38.067,2311,0
2012-03-13,38.022,38.532,38.012,38.532,4358,0
2012-03-14,38.67,38.67,38.14,38.187,3180,0
2012-03-15,38.67,38.715,38.505,38.505,787,0
2012-03-16,38.91,38.91,38.621,38.621,1745,0
2012-03-19,38.605,38.959,38.605,38.914,2166,0
2012-03-20,38.287,38.287,38.103,38.131,3463,0
2012-03-21,37.762,38.017,37.726,37.936,3076,0
2012-03-22,37.271,37.405,37.271,37.334,1765,0
2012-03-23,37.334,37.689,37.334,37.643,963,0
2012-03-26,38.035,38.311,38.035,38.292,1950,0
2012-03-27,38.263,38.263,38.145,38.145,720,0
2012-03-28,37.652,37.662,37.271,37.351,4405,0
2012-03-29,37.105,37.178,37.013,37.059,2091,0
2012-03-30,37.368,37.527,37.195,37.527,1298,0
2012-04-02,37.178,37.772,37.178,37.745,2951,0
2012-04-03,37.369,37.434,37.178,37.178,1129,0
2012-04-04,36.184,36.285,36.127,36.276,2045,0
2012-04-05,35.911,36.211,35.911,36.127,562,0
2012-04-09,35.691,35.8,35.582,35.7,3958,0
2012-04-10,35.356,35.536,34.707,34.707,1984,0
2012-04-11,35.554,35.617,35.409,35.564,530,0
2012-04-12,35.782,36.358,35.782,36.276,3060,0
2012-04-13,35.921,35.921,35.526,35.526,1292,0
2012-04-16,35.582,35.848,35.337,35.508,4086,0
2012-04-17,36.45,36.658,36.45,36.503,1398,0
2012-04-18,35.829,35.874,35.764,35.764,6202,0
2012-04-19,35.544,35.554,35.281,35.328,2697,0
2012-04-20,35.591,35.865,35.591,35.672,1404,0
2012-04-23,34.497,34.759,34.497,34.689,2160,0
2012-04-24,34.908,35.228,34.908,35.062,1377,0
2012-04-25,35.72,35.764,35.655,35.764,1977,0
2012-04-26,35.745,35.829,35.655,35.829,1307,0
2012-04-27,35.984,36.295,35.948,36.127,3164,0
2012-04-30,35.956,35.956,35.778,35.9,3494,0
2012-05-01,35.902,36.596,35.902,36.46,3953,0
2012-05-02,35.608,35.865,35.608,35.865,2301,0
2012-05-03,35.536,35.536,35.318,35.399,1543,0
2012-05-04,34.935,34.935,34.478,34.497,2819,0
2012-05-07,34.68,34.74,34.623,34.689,1768,0
2012-05-08,33.874,33.921,33.858,33.892,1996,0
2012-05-09,33.63,33.749,33.302,33.749,3951,0
2012-05-10,33.939,34.103,33.93,33.93,1551,0
2012-05-11,33.704,33.939,33.704,33.848,2292,0
2012-05-14,33.028,33.118,33.028,33.036,5173,0
2012-05-15,32.662,32.946,32.47,32.515,3981,0
2012-05-16,32.269,32.269,31.978,32.024,5023,0
2012-05-17,31.704,32.071,31.414,31.414,26007,0
2012-05-18,31.376,31.385,31.083,31.156,11694,0
2012-05-21,31.423,32.252,31.423,32.252,2259,0
2012-05-22,32.662,32.771,32.408,32.418,42580,0
2012-05-23,31.933,31.959,31.312,31.959,5895,0
2012-05-24,31.987,31.987,31.704,31.704,1426,0
2012-05-25,31.823,31.942,31.823,31.832,1128,0
2012-05-29,32.224,32.524,32.107,32.316,3386,0
2012-05-30,31.512,31.512,31.367,31.376,3320,0
2012-05-31,31.206,31.44,30.921,31.393,3806,0
2012-06-01,30.655,30.655,30.455,30.518,4768,0
2012-06-04,30.574,30.639,30.09,30.307,10411,0
2012-06-05,30.431,30.617,30.431,30.532,3528,0
2012-06-06,31.097,31.864,31.097,31.864,2352,0
2012-06-07,32.032,32.161,31.995,32.151,1294,0
2012-06-08,31.625,31.939,31.625,31.763,4324,0
2012-06-11,31.997,31.997,31.796,31.814,1476,0
2012-06-12,31.404,31.686,31.404,31.54,7470,0
2012-06-13,31.358,31.522,31.358,31.522,1310,0
2012-06-14,31.395,31.577,31.395,31.577,2099,0
2012-06-15,31.819,31.957,31.819,31.957,473,0
2012-06-18,31.768,32.015,31.768,31.978,6018,0
2012-06-19,32.515,32.599,32.515,32.553,2119,0
2012-06-20,32.445,32.689,32.445,32.524,1372,0
2012-06-21,32.216,32.216,31.484,31.484,7996,0
2012-06-22,31.763,31.763,31.652,31.726,1896,0
2012-06-25,31.006,31.006,31.006,31.006,472,0
2012-06-26,31.042,31.375,31.033,31.375,3009,0
2012-06-27,31.642,31.891,31.559,31.828,5804,0
2012-06-28,31.522,31.929,31.522,31.929,2606,0
2012-06-29,33.168,33.329,33.149,33.329,481,0
2012-07-02,33.484,33.614,33.484,33.502,595,0
2012-07-03,34.01,34.01,34.01,34.01,176,0
2012-07-05,33.623,33.623,33.448,33.448,1026,0
2012-07-06,32.985,32.985,32.808,32.837,3136,0
2012-07-09,32.799,32.938,32.799,32.938,815,0
2012-07-10,33.031,33.149,32.587,32.65,7585,0
2012-07-11,32.761,32.837,32.761,32.837,432,0
2012-07-13,32.67,32.975,32.67,32.958,3894,0
2012-07-16,32.837,33.031,32.808,32.883,1838,0
2012-07-17,32.902,33.168,32.883,33.094,1288,0
2012-07-18,33.049,33.29,33.049,33.28,1480,0
2012-07-19,33.28,33.319,33.28,33.28,709,0
2012-07-20,32.54,32.54,32.466,32.466,590,0
2012-07-23,31.718,31.718,31.605,31.634,1564,0
2012-07-24,31.746,31.746,31.023,31.023,1311,0
2012-07-25,31.44,31.532,31.291,31.467,1438,0
2012-07-26,32.375,32.587,32.262,32.55,13516,0
2012-07-27,32.827,33.448,32.827,33.261,226525,0
2012-07-30,33.799,33.799,33.52,33.53,2392,0
2012-07-31,33.41,33.631,33.41,33.448,7300,0
2012-08-01,33.28,33.52,32.53,33.271,3256,0
2012-08-02,32.52,32.52,32.393,32.422,19801,0
2012-08-03,33.817,33.817,33.568,33.568,1542,0
2012-08-06,33.928,34.381,33.928,34.215,2605,0
2012-08-07,34.306,34.669,34.306,34.547,3573,0
2012-08-08,34.427,34.612,34.427,34.511,1176,0
2012-08-09,34.649,34.649,34.493,34.556,52818,0
2012-08-10,34.447,34.566,34.353,34.566,65965,0
2012-08-13,34.326,34.53,34.187,34.336,416565,0
2012-08-14,34.326,34.427,34.28,34.28,3502,0
2012-08-16,34.466,34.956,34.437,34.947,1676,0
2012-08-17,35.105,35.233,35.105,35.233,1298,0
2012-08-20,34.938,35.047,34.938,35.02,811,0
2012-08-21,35.25,35.528,35.168,35.186,2971,0
2012-08-22,34.731,34.965,34.706,34.947,1457,0
2012-08-23,34.817,34.947,34.74,34.844,17607,0
2012-08-24,34.594,34.817,34.594,34.722,3939,0
2012-08-27,34.91,34.91,34.698,34.698,1547,0
2012-08-29,34.381,34.381,34.28,34.28,1210,0
2012-08-30,33.753,33.753,33.753,33.753,215,0
2012-08-31,34.316,34.316,34.13,34.16,671,0
2012-09-04,33.698,33.899,33.698,33.899,2980,0
2012-09-05,33.89,33.89,33.799,33.864,6023,0
2012-09-06,34.296,34.759,34.296,34.759,710,0
2012-09-07,35.14,35.379,35.122,35.317,3329,0
2012-09-10,35.345,35.483,35.345,35.418,2478,0
2012-09-11,35.74,35.74,35.74,35.74,107,0
2012-09-12,36.176,36.269,36.138,36.138,1416,0
2012-09-13,36.456,36.695,36.213,36.695,432,0
2012-09-14,37.862,37.862,37.49,37.49,1809,0
2012-09-17,37.397,37.536,37.286,37.315,2919,0
2012-09-18,37.12,37.12,36.989,37.044,1570,0
2012-09-19,37.185,37.222,37.027,37.222,3599,0
2012-09-20,36.787,36.909,36.723,36.909,15392,0
2012-09-21,37.165,37.165,37.007,37.101,540,0
2012-09-24,36.666,36.74,36.603,36.732,678,0
2012-09-25,36.758,36.758,36.352,36.352,12951,0
2012-09-26,35.956,36.111,35.956,35.956,389,0
2012-09-27,36.241,36.565,36.241,36.482,4863,0
2012-09-28,36.196,36.196,35.927,36.036,5026,0
2012-10-01,36.371,36.371,36.308,36.308,379,0
2012-10-02,36.279,36.279,36.269,36.269,325,0
2012-10-03,36.25,36.25,36.232,36.241,1622,0
2012-10-04,36.732,36.787,36.732,36.768,16159,0
2012-10-05,37.269,37.269,36.844,36.844,1347,0
2012-10-08,36.492,36.5,36.399,36.456,2452,0
2012-10-09,36.333,36.333,36.101,36.101,654,0
2012-10-10,35.964,35.964,35.649,35.74,2541,0
2012-10-11,36.008,36.008,35.99,35.999,376,0
2012-10-12,36.196,36.196,36.111,36.111,647,0
2012-10-15,36.223,36.223,36.223,36.223,215,0
2012-10-16,36.647,36.723,36.427,36.723,647,0
2012-10-17,37.148,37.157,37.138,37.157,1352,0
2012-10-19,36.695,36.695,36.603,36.613,1467,0
2012-10-22,36.508,36.584,36.399,36.584,2081,0
2012-10-23,35.659,35.806,35.593,35.806,785,0
2012-10-24,36.008,36.008,35.796,35.936,3477,0
2012-10-25,36.036,36.093,36.036,36.045,769,0
2012-10-26,35.853,35.9,35.806,35.881,1821,0
2012-10-31,36.399,36.565,36.128,36.166,2894,0
2012-11-01,36.546,36.62,36.508,36.62,2377,0
2012-11-02,36.232,36.389,36.075,36.186,3944,0
2012-11-05,36.055,36.055,36.055,36.055,107,0
2012-11-06,36.473,36.666,36.473,36.536,1458,0
2012-11-07,35.787,35.863,35.61,35.787,3644,0
2012-11-08,35.769,35.769,35.225,35.279,2262,0
2012-11-09,34.993,35.336,34.993,35.336,900,0
2012-11-12,35.186,35.186,34.956,35.095,756,0
2012-11-13,34.621,34.788,34.621,34.63,615,0
2012-11-14,34.706,34.722,34.362,34.466,5487,0
2012-11-15,34.649,34.75,34.539,34.64,2999,0
2012-11-16,34.547,34.722,34.4,34.722,1730,0
2012-11-19,35.289,35.289,35.289,35.289,826,0
2012-11-20,35.086,35.379,35.086,35.289,1730,0
2012-11-21,35.399,35.399,35.399,35.399,215,0
2012-11-23,36.026,36.026,36.026,36.026,368,0
2012-11-26,35.731,35.974,35.731,35.927,1300,0
2012-11-27,35.918,36.008,35.778,35.787,2356,0
2012-11-28,35.769,35.778,35.676,35.778,1404,0
2012-11-29,36.083,36.196,35.999,36.196,2022,0
2012-11-30,36.232,36.26,36.232,36.26,415,0
2012-12-03,36.88,36.88,36.473,36.575,12088,0
2012-12-04,36.62,36.676,36.613,36.676,540,0
2012-12-05,36.778,36.778,36.778,36.778,420,0
2012-12-06,36.835,36.862,36.835,36.835,479,0
2012-12-10,37.25,37.269,37.12,37.25,1197,0
2012-12-11,37.712,37.712,37.712,37.712,134,0
2012-12-12,37.833,37.926,37.702,37.702,666,0
2012-12-13,37.684,37.694,37.444,37.582,2989,0
2012-12-14,37.786,37.917,37.786,37.823,2392,0
2012-12-17,37.944,38.118,37.944,38.118,351,0
2012-12-18,38.609,38.895,38.564,38.895,3833,0
2012-12-19,39.341,39.405,39.221,39.221,4410,0
2012-12-20,39.294,39.461,39.294,39.461,1510,0
2012-12-21,38.923,39.045,38.913,38.913,1606,0
2012-12-24,38.878,38.969,38.878,38.969,1352,0
2012-12-26,38.959,39.156,38.933,39.045,12165,0
2012-12-27,39.008,39.156,38.823,39.156,3912,0
2012-12-28,38.675,38.758,38.619,38.684,4301,0
2012-12-31,38.875,39.121,38.875,39.121,1095,0
2013-01-02,40.099,40.146,39.97,40.146,7288,0
2013-01-03,40.032,40.062,39.823,39.823,6159,0
2013-01-04,39.842,39.943,39.842,39.943,313,0
2013-01-07,39.924,39.924,39.924,39.924,540,0
2013-01-08,39.654,39.664,39.654,39.664,432,0
2013-01-09,40.042,40.173,40.023,40.089,1946,0
2013-01-10,40.477,40.711,40.477,40.701,3168,0
2013-01-11,40.368,40.497,40.33,40.477,3061,0
2013-01-14,40.552,40.552,40.396,40.396,704,0
2013-01-17,40.257,40.524,40.257,40.524,4145,0
2013-01-18,40.247,40.368,40.209,40.368,757,0
2013-01-22,40.247,40.423,40.247,40.423,303,0
2013-01-23,40.183,40.294,40.183,40.209,558,0
2013-01-24,40.413,40.413,40.413,40.413,540,0
2013-01-25,40.627,40.627,40.532,40.532,5995,0
2013-01-28,40.684,40.684,40.637,40.684,1029,0
2013-01-29,40.599,40.731,40.599,40.618,2387,0
2013-01-30,40.589,40.589,40.579,40.579,1900,0
2013-01-31,40.33,40.33,40.237,40.237,832,0
2013-02-01,40.599,40.692,40.589,40.692,1527,0
2013-02-04,39.627,39.627,39.294,39.369,1677,0
2013-02-05,39.581,39.581,39.581,39.581,228,0
2013-02-06,39.415,39.636,39.415,39.636,3620,0
2013-02-07,39.878,39.878,39.599,39.627,460,0
2013-02-11,39.888,39.905,39.776,39.776,3026,0
2013-02-12,39.924,40.126,39.924,40.08,4300,0
2013-02-13,40.358,40.378,40.358,40.378,1622,0
2013-02-14,40.294,40.294,40.209,40.247,540,0
2013-02-15,39.897,39.897,39.897,39.897,215,0
2013-02-19,40.274,40.458,40.274,40.458,994,0
2013-02-20,40.267,40.339,40.108,40.108,4600,0
2013-02-21,39.572,39.572,39.471,39.508,2268,0
2013-02-22,40.006,40.032,39.962,39.979,10193,0
2013-02-25,39.701,39.701,38.933,39.008,3724,0
2013-02-26,39.211,39.332,39.11,39.332,2595,0
2013-02-27,39.758,40.201,39.546,40.201,6494,0
2013-02-28,40.171,40.171,40.077,40.077,1601,0
2013-03-01,39.461,39.461,39.461,39.461,370,0
2013-03-04,39.129,39.129,39.129,39.129,560,0
2013-03-05,39.804,39.869,39.433,39.842,3079,0
2013-03-06,39.924,39.924,39.758,39.768,3951,0
2013-03-07,39.832,39.832,39.814,39.814,447,0
2013-03-08,39.794,40.006,39.794,40.006,748,0
2013-03-11,39.85,39.85,39.85,39.85,198,0
2013-03-12,39.905,39.905,39.748,39.748,1019,0
2013-03-13,39.758,39.794,39.758,39.794,3891,0
2013-03-14,39.943,40.071,39.943,40.071,393,0
2013-03-15,39.979,40.006,39.953,40.006,864,0
2013-03-18,39.786,39.786,39.786,39.786,218,0
2013-03-19,39.645,39.71,39.238,39.238,934,0
2013-03-20,39.786,39.97,39.786,39.97,648,0
2013-03-21,39.71,39.72,39.563,39.645,3106,0
2013-03-22,39.636,39.645,39.589,39.599,2459,0
2013-03-25,39.617,39.617,39.294,39.48,1284,0
2013-03-26,39.369,39.452,39.369,39.452,757,0
2013-03-27,39.165,39.313,39.165,39.313,1366,0
2013-03-28,39.645,39.645,39.645,39.645,127,0
2013-04-01,39.48,39.489,39.045,39.045,8390,0
2013-04-02,39.332,39.489,39.332,39.489,1511,0
2013-04-03,38.684,38.684,38.453,38.498,2454,0
2013-04-04,38.655,38.655,38.554,38.655,625,0
2013-04-05,37.871,38.453,37.871,38.453,7291,0
2013-04-08,38.461,38.748,38.461,38.748,432,0
2013-04-09,38.959,39.192,38.951,39.091,3334,0
2013-04-10,39.452,39.768,39.452,39.645,1131,0
2013-04-11,39.776,39.842,39.776,39.842,647,0
2013-04-12,39.452,39.452,39.231,39.231,1730,0
2013-04-15,38.629,38.629,38.406,38.424,864,0
2013-04-16,38.352,38.609,38.315,38.591,1988,0
2013-04-17,38.027,38.027,37.499,37.499,15178,0
2013-04-18,37.862,37.862,37.862,37.862,107,0
2013-04-19,37.768,37.936,37.768,37.936,3082,0
2013-04-22,37.917,38.118,37.917,38.118,1245,0
2013-04-23,38.858,38.858,38.823,38.823,1025,0
2013-04-24,39.016,39.184,38.858,39.184,13292,0
2013-04-25,39.211,39.71,39.211,39.471,17876,0
2013-04-26,39.572,39.572,39.433,39.433,291,0
2013-04-29,39.508,39.526,39.405,39.405,2568,0
2013-04-30,39.544,39.544,39.457,39.477,3826,0
2013-05-01,39.555,39.555,39.221,39.221,1116,0
2013-05-02,39.035,39.518,39.035,39.461,6901,0
2013-05-03,40.153,40.153,40.146,40.146,875,0
2013-05-06,40.163,40.163,40.163,40.163,260,0
2013-05-07,40.323,40.423,40.323,40.423,405,0
2013-05-08,40.931,40.931,40.931,40.931,125,0
2013-05-09,40.839,40.931,40.795,40.804,1318,0
2013-05-10,40.396,40.654,40.396,40.654,1348,0
2013-05-14,40.637,41.016,40.637,41.016,521,0
2013-05-15,40.848,40.856,40.839,40.839,432,0
2013-05-16,40.684,40.684,40.654,40.654,540,0
2013-05-17,41.173,41.219,41.173,41.219,432,0
2013-05-20,41.662,42.052,41.662,42.052,1622,0
2013-05-21,41.932,41.987,41.932,41.987,1298,0
2013-05-22,42.098,42.2,41.625,41.625,540,0
2013-05-23,40.413,41.016,40.413,41.016,325,0
2013-05-24,40.768,40.768,40.599,40.664,11241,0
2013-05-28,41.191,41.284,40.839,40.958,21328,0
2013-05-29,40.738,40.738,40.681,40.681,1255,0
2013-05-30,40.94,41.147,40.931,41.147,9866,0
2013-05-31,40.619,40.762,40.571,40.571,2268,0
2013-06-03,40.487,40.748,40.349,40.748,1298,0
2013-06-04,40.451,40.451,40.191,40.191,464,0
2013-06-05,39.597,39.597,39.597,39.597,159,0
2013-06-06,39.457,39.739,39.457,39.702,1354,0
2013-06-07,40.247,40.247,40.143,40.2,800,0
2013-06-11,40.274,40.274,39.891,39.891,2614,0
2013-06-12,39.859,39.859,39.71,39.71,900,0
2013-06-13,39.878,40.209,39.878,40.209,486,0
2013-06-14,40.003,40.003,39.908,39.975,1522,0
2013-06-17,40.94,40.94,40.458,40.497,2100,0
2013-06-19,40.894,40.923,40.894,40.923,449,0
2013-06-20,39.401,39.401,39.278,39.278,1601,0
2013-06-21,39.298,39.298,39.034,39.185,1504,0
2013-06-24,38.273,38.526,38.273,38.526,230,0
2013-06-25,39.121,39.121,39.121,39.121,181,0
2013-06-27,39.505,39.524,39.505,39.524,212,0
2013-07-01,39.891,40.011,39.845,40.011,1146,0
2013-07-02,39.975,39.975,39.759,39.759,851,0
2013-07-03,39.411,39.597,39.411,39.597,532,0
2013-07-05,39.607,39.607,39.607,39.607,259,0
2013-07-09,40.191,40.461,40.191,40.461,1518,0
2013-07-10,40.434,40.584,40.434,40.547,940,0
2013-07-11,41.599,41.911,41.599,41.911,426,0
2013-07-12,41.694,41.694,41.694,41.694,320,0
2013-07-15,41.702,41.957,41.702,41.957,2702,0
2013-07-17,41.78,41.823,41.78,41.823,212,0
2013-07-18,41.78,41.996,41.78,41.996,615,0
2013-07-19,42.127,42.175,42.127,42.175,321,0
2013-07-22,42.287,42.287,42.277,42.277,426,0
2013-07-23,42.663,42.672,42.559,42.617,971,0
2013-07-24,42.343,42.361,42.343,42.361,212,0
2013-07-25,41.892,42.137,41.892,42.07,595,0
2013-07-26,41.742,41.752,41.742,41.752,746,0
2013-07-29,41.376,41.412,41.273,41.273,780,0
2013-07-30,41.507,41.507,41.507,41.507,105,0
2013-07-31,41.517,41.517,41.488,41.488,212,0
2013-08-01,42.314,42.314,42.22,42.22,510,0
2013-08-02,42.474,42.474,42.455,42.455,851,0
2013-08-05,42.607,42.607,42.607,42.607,105,0
2013-08-06,42.023,42.033,42.023,42.033,504,0
2013-08-07,41.702,41.78,41.702,41.78,1541,0
2013-08-08,41.911,42.119,41.902,42.119,2235,0
2013-08-12,42.37,42.37,42.37,42.37,167,0
2013-08-13,42.73,42.73,42.73,42.73,241,0
2013-08-14,42.701,42.701,42.627,42.627,233,0
2013-08-15,42.119,42.532,42.119,42.532,1453,0
2013-08-16,42.784,42.907,42.766,42.831,1334,0
2013-08-19,42.522,42.522,42.522,42.522,532,0
2013-08-20,42.203,42.445,42.203,42.445,376,0
2013-08-21,42.146,42.146,42.146,42.146,105,0
2013-08-22,42.682,42.682,42.598,42.598,798,0
2013-08-23,42.831,42.831,42.627,42.749,4043,0
2013-08-26,42.794,42.794,42.636,42.636,612,0
2013-08-28,41.712,41.863,41.618,41.732,1706,0
2013-08-29,41.517,41.517,41.517,41.517,105,0
2013-08-30,40.969,40.969,40.969,40.969,252,0
2013-09-03,42.032,42.032,41.862,41.862,246,0
2013-09-04,42.136,42.136,42.099,42.136,746,0
2013-09-05,42.145,42.183,42.145,42.155,2767,0
2013-09-06,42.069,42.343,42.069,42.343,773,0
2013-09-09,43.282,43.282,43.282,43.282,105,0
2013-09-10,44.181,44.461,44.181,44.349,1246,0
2013-09-11,44.195,44.252,43.988,44.252,1109,0
2013-09-12,44.402,44.402,44.393,44.393,532,0
2013-09-13,44.633,44.633,44.331,44.331,694,0
2013-09-16,44.767,44.956,44.767,44.814,887,0
2013-09-18,44.624,45.586,44.538,45.586,3276,0
2013-09-20,45.633,45.633,45.367,45.481,3019,0
2013-09-23,45.142,45.142,45.084,45.084,290,0
2013-09-24,45.226,45.274,45.216,45.216,1422,0
2013-09-25,45.094,45.094,45.094,45.094,110,0
2013-09-26,45.301,45.301,45.301,45.301,212,0
2013-09-27,45.132,45.196,45.084,45.084,1342,0
2013-09-30,44.906,45.216,44.886,45.216,1038,0
2013-10-01,45.367,45.547,45.367,45.547,212,0
2013-10-02,45.196,45.349,45.169,45.349,5747,0
2013-10-03,45.142,45.142,44.793,44.793,2441,0
2013-10-07,44.584,44.584,44.548,44.548,650,0
2013-10-09,44.407,44.407,44.407,44.407,105,0
2013-10-10,45.301,45.386,45.301,45.386,556,0
2013-10-11,45.876,45.905,45.782,45.801,1753,0
2013-10-14,45.651,45.915,45.651,45.915,212,0
2013-10-15,46.055,46.055,45.837,45.981,435,0
2013-10-16,46.018,46.3,46.018,46.3,772,0
2013-10-17,46.423,46.723,46.423,46.65,1806,0
2013-10-18,47.083,47.195,47.083,47.157,1817,0
2013-10-21,47.176,47.253,47.176,47.253,319,0
2013-10-22,47.732,47.807,47.732,47.807,319,0
2013-10-23,47.572,47.572,47.262,47.299,2458,0
2013-10-25,47.223,47.375,47.223,47.327,449,0
2013-10-28,47.318,47.318,47.318,47.318,105,0
2013-10-29,47.384,47.469,47.384,47.469,478,0
2013-10-31,47.404,47.45,47.404,47.45,212,0
2013-11-01,47.109,47.243,47.109,47.243,561,0
2013-11-04,47.499,47.499,47.499,47.499,434,0
2013-11-05,47.186,47.186,47.186,47.186,105,0
2013-11-06,47.544,47.544,47.479,47.534,140753,0
2013-11-07,46.658,46.658,46.432,46.432,654,0
2013-11-08,46.469,47.091,46.469,47.091,1140,0
2013-11-11,47.138,47.138,47.138,47.138,127,0
2013-11-12,46.64,46.64,46.64,46.64,582,0
2013-11-13,46.244,46.713,46.244,46.713,2626,0
2013-11-14,46.961,46.961,46.913,46.913,2353,0
2013-11-15,47.213,47.213,46.98,47.083,1948,0
2013-11-18,47.318,47.335,47.308,47.308,1124,0
2013-11-19,46.885,46.885,46.829,46.829,329,0
2013-11-20,46.658,46.752,46.395,46.395,2817,0
2013-11-21,46.404,46.723,46.404,46.723,8759,0
2013-11-22,46.46,46.46,46.46,46.46,179,0
2013-11-25,46.366,46.527,46.252,46.271,3300,0
2013-11-26,46.517,46.527,46.497,46.527,1773,0
2013-11-27,47.018,47.018,47.018,47.018,212,0
2013-11-29,47.138,47.138,47.065,47.065,774,0
2013-12-02,46.694,46.694,46.694,46.694,120,0
2013-12-03,46.018,46.205,46.018,46.205,1050,0
2013-12-04,45.792,46.009,45.763,45.763,2236,0
2013-12-05,45.679,45.679,45.651,45.651,251,0
2013-12-06,46.291,46.291,46.291,46.291,146,0
2013-12-09,46.404,46.404,46.187,46.187,2717,0
2013-12-10,46.469,46.469,46.469,46.469,310,0
2013-12-11,46.168,46.168,46.168,46.168,413,0
2013-12-12,45.643,45.643,45.643,45.643,530,0
2013-12-13,45.519,45.519,45.509,45.509,515,0
2013-12-16,45.811,45.811,45.772,45.772,319,0
2013-12-17,45.471,45.471,45.471,45.471,147,0
2013-12-18,46.268,46.544,46.268,46.449,1842,0
2013-12-19,46.297,46.363,46.174,46.288,2337,0
2013-12-20,46.505,46.657,46.505,46.657,2570,0
2013-12-23,46.998,47.075,46.856,46.922,3147,0
2013-12-24,47.046,47.205,47.046,47.205,2183,0
2013-12-26,47.405,47.688,47.405,47.688,633,0
2013-12-27,48.246,48.246,47.999,48.094,618,0
2013-12-30,48.426,48.426,48.226,48.255,776,0
2013-12-31,48.341,48.681,48.341,48.681,860,0
2014-01-02,47.754,47.821,47.63,47.63,749,0
2014-01-03,47.328,47.688,47.328,47.63,1520,0
2014-01-06,47.659,47.659,47.584,47.584,346,0
2014-01-07,47.764,47.764,47.764,47.764,478,0
2014-01-08,48.102,48.102,47.887,47.887,1296,0
2014-01-10,48.369,48.369,48.369,48.369,166,0
2014-01-13,48.567,48.699,48.464,48.464,1681,0
2014-01-14,48.473,48.594,48.473,48.594,342,0
2014-01-15,49.088,49.221,48.956,49.221,68904,0
2014-01-16,48.834,48.834,48.834,48.834,435,0
2014-01-17,48.909,49.145,48.89,49.021,4017,0
2014-01-21,48.502,48.834,48.502,48.834,1750,0
2014-01-22,48.805,48.937,48.613,48.89,1400,0
2014-01-23,48.483,48.483,48.341,48.369,1294,0
2014-01-24,47.442,47.442,47.442,47.442,392,0
2014-01-28,47.434,47.688,47.434,47.659,1391,0
2014-01-29,47.509,47.65,46.942,47.65,1428,0
2014-01-30,47.337,47.527,47.328,47.527,2097,0
2014-01-31,46.712,46.922,46.712,46.828,3812,0
2014-02-03,45.776,45.786,45.738,45.738,1395,0
2014-02-04,45.493,45.493,45.436,45.436,437,0
2014-02-05,45.91,45.928,45.786,45.928,1434,0
2014-02-06,46.664,46.664,46.619,46.619,385,0
2014-02-07,46.876,47.148,46.876,47.1,3473,0
2014-02-10,47.109,47.109,47.109,47.109,224,0
2014-02-11,47.337,47.337,47.337,47.337,2507,0
2014-02-12,47.337,47.481,47.337,47.481,1073,0
2014-02-13,47.283,47.452,47.283,47.405,2431,0
2014-02-14,47.536,47.688,47.536,47.669,3572,0
2014-02-18,47.915,47.915,47.915,47.915,206,0
2014-02-19,48.132,48.132,48.122,48.122,435,0
2014-02-20,47.848,47.848,47.848,47.848,325,0
2014-02-21,48.102,48.246,48.102,48.246,2661,0
2014-02-24,48.406,48.709,48.406,48.604,1102,0
2014-02-25,48.567,48.719,48.558,48.719,3929,0
2014-02-27,48.815,48.994,48.748,48.994,909,0
2014-02-28,49.078,49.304,49.078,49.078,3447,0
2014-03-03,47.924,47.933,47.924,47.933,852,0
2014-03-04,48.577,48.824,48.577,48.805,2758,0
2014-03-05,48.748,48.748,48.748,48.748,496,0
2014-03-06,49.211,49.211,49.211,49.211,266,0
2014-03-07,49.201,49.361,49.201,49.361,840,0
2014-03-10,49.73,49.73,49.73,49.73,314,0
2014-03-12,48.719,48.975,48.719,48.815,1285,0
2014-03-13,48.728,48.89,48.199,48.226,958,0
2014-03-14,47.943,48.029,47.906,47.906,4538,0
2014-03-17,48.473,48.594,48.426,48.426,1444,0
2014-03-18,48.927,49.164,48.927,49.164,3292,0
2014-03-19,48.738,48.834,48.548,48.548,541,0
2014-03-20,48.35,48.35,48.35,48.35,144,0
2014-03-24,48.436,48.436,48.436,48.436,437,0
2014-03-25,48.272,48.272,48.272,48.272,179,0
2014-03-26,48.584,49.019,48.414,48.414,1269,0
2014-03-27,48.5,48.566,48.5,48.566,1024,0
2014-03-28,49.056,49.056,49.056,49.056,210,0
2014-04-02,49.938,50.128,49.663,50.004,2540,0
2014-04-03,49.994,49.994,49.985,49.985,1336,0
2014-04-07,49.815,49.815,49.455,49.455,1157,0
2014-04-08,49.303,49.303,49.256,49.256,428,0
2014-04-09,49.445,49.445,49.445,49.445,314,0
2014-04-10,49.027,49.237,48.898,48.898,1196,0
2014-04-11,48.669,48.688,48.602,48.602,2028,0
2014-04-14,48.28,48.367,48.28,48.367,515,0
2014-04-15,48.28,48.28,47.884,47.884,671,0
2014-04-16,49.086,49.114,49.086,49.104,628,0
2014-04-17,49.415,49.493,49.285,49.285,1586,0
2014-04-22,49.758,49.891,49.758,49.825,853,0
2014-04-23,49.758,49.758,49.559,49.559,589,0
2014-04-24,49.521,49.805,49.521,49.805,260,0
2014-04-25,49.341,49.389,49.341,49.389,1481,0
2014-04-28,49.758,49.758,49.047,49.162,1599,0
2014-04-29,49.407,49.616,49.407,49.616,397,0
2014-04-30,49.415,49.415,49.415,49.415,553,0
2014-05-01,49.549,49.882,49.549,49.758,1463,0
2014-05-02,50.393,50.393,49.947,49.947,402,0
2014-05-05,49.815,50.013,49.815,49.815,633,0
2014-05-06,49.663,49.663,49.654,49.654,992,0
2014-05-08,49.512,49.559,49.512,49.559,4783,0
2014-05-09,49.152,49.152,49.152,49.152,107,0
2014-05-12,49.825,49.825,49.635,49.729,8852,0
2014-05-14,49.172,49.172,49.172,49.172,400,0
2014-05-15,48.224,48.377,48.224,48.377,715,0
2014-05-16,48.434,48.575,48.434,48.434,380,0
2014-05-19,48.481,48.481,48.481,48.481,473,0
2014-05-20,48.149,48.149,47.713,47.79,1252,0
2014-05-21,48.404,48.404,48.357,48.357,588,0
2014-05-22,48.746,48.813,48.746,48.813,652,0
2014-05-23,48.85,48.879,48.765,48.765,873,0
2014-05-27,49.341,49.341,49.303,49.303,627,0
2014-05-29,49.693,49.862,49.693,49.862,917,0
2014-05-30,50.137,50.137,50.137,50.137,225,0
2014-06-02,50.211,50.211,50.211,50.211,202,0
2014-06-03,50.307,50.307,50.307,50.307,269,0
2014-06-04,50.297,50.364,50.297,50.364,4931,0
2014-06-05,50.412,50.412,50.412,50.412,122,0
2014-06-06,50.865,51.491,50.865,51.254,1162,0
2014-06-09,51.584,51.584,51.565,51.565,549,0
2014-06-10,51.565,51.565,51.565,51.565,203,0
2014-06-13,50.665,50.732,50.665,50.732,357,0
2014-06-16,50.479,50.713,50.479,50.693,3544,0
2014-06-17,50.471,50.703,50.471,50.665,2346,0
2014-06-19,50.912,50.912,50.723,50.723,382,0
2014-06-20,51.111,51.111,51.063,51.063,1970,0
2014-06-23,50.875,50.875,50.525,50.636,2004,0
2014-06-24,50.235,50.38,50.235,50.38,313,0
2014-06-25,49.884,49.884,49.884,49.884,130,0
2014-06-26,50.254,50.254,50.141,50.141,413,0
2014-06-27,50.197,50.197,50.197,50.197,484,0
2014-07-02,50.361,50.683,50.16,50.608,4713,0
2014-07-07,50.084,50.084,49.93,49.93,3649,0
2014-07-09,49.205,49.205,49.06,49.176,1259,0
2014-07-10,48.385,48.891,48.375,48.689,1324,0
2014-07-11,48.862,48.909,48.824,48.901,3456,0
2014-07-14,49.242,49.501,49.242,49.501,1266,0
2014-07-15,49.167,49.234,49.138,49.167,8922,0
2014-07-16,49.645,49.645,49.567,49.567,1387,0
2014-07-18,49.309,49.713,49.299,49.713,592,0
2014-07-21,49.548,49.567,49.356,49.548,848,0
2014-07-22,50.15,50.283,50.15,50.273,4369,0
2014-07-23,50.468,50.56,50.468,50.56,1670,0
2014-07-24,50.468,50.468,50.429,50.429,482,0
2014-07-25,50.579,50.579,50.468,50.468,1890,0
2014-07-28,50.293,50.419,50.293,50.38,5866,0
2014-07-30,50.312,50.312,49.94,49.94,1056,0
2014-07-31,49.481,49.481,48.852,48.881,13174,0
2014-08-01,48.611,48.679,48.422,48.48,3257,0
2014-08-04,48.689,48.785,48.49,48.776,2602,0
2014-08-05,48.25,48.25,47.935,47.935,4493,0
2014-08-06,47.82,47.82,47.82,47.82,149,0
2014-08-07,47.801,47.801,47.401,47.401,577,0
2014-08-08,47.218,47.391,47.218,47.391,926,0
2014-08-11,48.021,48.47,48.021,48.345,94361,0
2014-08-13,48.355,48.355,48.355,48.355,266,0
2014-08-15,48.708,48.708,48.708,48.708,522,0
2014-08-19,49.366,49.473,49.299,49.309,10381,0
2014-08-20,49.004,49.004,48.947,48.947,1334,0
2014-08-22,48.881,48.881,48.785,48.785,440,0
2014-08-25,49.023,49.205,49.023,49.195,789,0
2014-08-26,49.654,49.892,49.645,49.892,8156,0
2014-08-27,50.094,50.094,49.777,49.777,364,0
2014-08-29,49.577,49.577,49.577,49.577,299,0
2014-09-02,49.356,49.356,49.356,49.356,424,0
2014-09-03,49.722,49.826,49.722,49.749,671,0
2014-09-04,49.605,49.654,49.386,49.386,1168,0
2014-09-05,49.186,49.453,49.186,49.453,3373,0
2014-09-08,49.356,49.356,49.356,49.356,178,0
2014-09-09,48.815,48.881,48.815,48.815,571,0
2014-09-11,48.317,48.47,48.317,48.355,1487,0
2014-09-12,48.25,48.317,48.24,48.24,888,0
2014-09-15,47.667,47.714,47.61,47.714,1421,0
2014-09-16,47.458,47.963,47.458,47.877,1667,0
2014-09-17,47.858,47.858,47.858,47.858,142,0
2014-09-18,47.763,47.81,47.763,47.81,2666,0
2014-09-22,47.62,47.62,47.401,47.401,789,0
2014-09-29,46.057,46.449,46.057,46.449,2153,0
2014-09-30,46.247,46.305,46.247,46.295,1922,0
2014-10-01,45.232,45.232,45.232,45.232,359,0
2014-10-02,44.868,44.868,44.171,44.6,2672,0
2014-10-03,44.744,44.984,44.744,44.984,2224,0
2014-10-07,44.381,44.42,44.227,44.227,3296,0
2014-10-08,43.728,44.312,43.632,44.312,3091,0
2014-10-09,43.623,43.883,42.724,42.724,23557,0
2014-10-10,42.32,42.6,42.32,42.6,1515,0
2014-10-13,42.091,42.244,41.831,41.831,7007,0
2014-10-14,41.793,41.821,41.793,41.821,312,0
2014-10-15,41.488,41.488,41.096,41.096,806,0
2014-10-16,40.817,41.737,40.817,41.565,13377,0
2014-10-17,42.425,42.513,42.207,42.503,5118,0
2014-10-21,42.772,42.924,42.772,42.924,4594,0
2014-10-22,43.424,43.747,43.384,43.747,10877,0
2014-10-23,43.548,43.834,43.53,43.834,1828,0
2014-10-24,43.68,43.68,43.672,43.68,1670,0
2014-10-27,43.53,43.53,43.298,43.298,2400,0
2014-10-29,44.18,44.41,43.987,43.987,2464,0
2014-10-30,43.737,43.805,43.737,43.805,826,0
2014-11-03,44.504,44.897,44.504,44.897,216,0
2014-11-05,44.027,44.171,43.997,44.171,1030,0
2014-11-06,44.102,44.102,44.063,44.073,5325,0
2014-11-07,43.814,43.814,43.699,43.699,611,0
2014-11-10,44.083,44.217,44.083,44.208,2821,0
2014-11-11,43.997,44.171,43.987,44.171,3212,0
2014-11-12,43.623,43.623,43.623,43.623,333,0
2014-11-13,43.335,43.595,43.144,43.144,852,0
2014-11-14,42.953,43.116,42.953,43.116,1354,0
2014-11-17,42.619,42.658,42.619,42.658,979,0
2014-11-18,43.097,43.325,43.097,43.174,758,0
2014-11-19,43.078,43.126,43.078,43.126,868,0
2014-11-20,43.001,43.106,43.001,43.02,4395,0
2014-11-21,43.834,43.834,43.471,43.471,627,0
2014-11-24,43.52,43.718,43.52,43.672,1174,0
2014-11-25,43.787,43.787,43.787,43.787,429,0
2014-11-28,43.144,43.144,42.934,42.934,451,0
2014-12-02,42.658,42.658,42.658,42.658,327,0
2014-12-03,43.03,43.03,43.03,43.03,119,0
2014-12-04,42.658,42.867,42.658,42.867,424,0
2014-12-05,42.705,42.705,42.705,42.705,264,0
2014-12-10,42.034,42.034,41.784,41.784,690,0
2014-12-11,42.111,42.197,41.9,41.919,2832,0
2014-12-12,41.498,41.841,41.498,41.498,595,0
2014-12-15,41.65,41.65,41.2,41.2,512,0
2014-12-16,41.21,41.343,41.21,41.316,389,0
2014-12-17,41.793,41.813,41.793,41.813,27396,0
2014-12-18,42.838,43.001,42.81,43.001,1208,0
2014-12-19,42.924,43.307,42.924,43.307,377,0
2014-12-23,43.554,43.554,43.391,43.468,1184,0
2014-12-24,43.448,43.448,43.448,43.448,704,0
2014-12-30,43.478,43.592,43.43,43.592,780,0
2014-12-31,43.352,43.438,43.352,43.372,520,0
2015-01-02,43.197,43.332,43.197,43.332,513,0
2015-01-05,42.219,42.219,42.219,42.219,187,0
2015-01-06,41.614,41.72,41.614,41.72,472,0
2015-01-07,41.834,41.874,41.824,41.874,1343,0
2015-01-08,42.538,42.538,42.412,42.459,3090,0
2015-01-09,42.115,42.115,41.999,42.047,757,0
2015-01-12,41.48,41.48,41.48,41.48,524,0
2015-01-13,42.008,42.008,42.008,42.008,409,0
2015-01-14,41.136,41.136,41.136,41.136,105,0
2015-01-15,41.76,41.893,41.528,41.528,2005,0
2015-01-16,41.462,41.643,41.462,41.643,2144,0
2015-01-20,41.769,41.769,41.567,41.567,564,0
2015-01-21,41.701,41.76,41.682,41.76,4903,0
2015-01-23,41.824,41.824,41.824,41.824,306,0
2015-01-26,42.362,42.412,42.354,42.412,10694,0
2015-01-27,41.96,41.96,41.96,41.96,113,0
2015-01-28,41.75,41.75,41.212,41.212,1716,0
2015-01-29,41.174,41.385,41.174,41.385,1108,0
2015-02-02,40.99,41.212,40.8,41.193,1478,0
2015-02-04,42.354,42.518,42.354,42.518,724,0
2015-02-06,42.498,42.498,42.134,42.362,829,0
2015-02-09,42.115,42.305,41.989,42.296,562,0
2015-02-10,42.43,42.624,42.43,42.624,769,0
2015-02-11,42.267,42.267,42.267,42.267,133,0
2015-02-18,44.485,44.513,44.305,44.513,530,0
2015-02-19,44.409,44.409,44.36,44.399,718,0
2015-02-20,44.704,44.85,44.678,44.85,834,0
2015-02-23,44.571,44.571,44.485,44.513,761,0
2015-02-24,44.659,44.878,44.659,44.878,362,0
2015-02-25,44.927,45.253,44.927,45.167,1398,0
2015-02-26,45.329,45.329,45.263,45.263,616,0
2015-02-27,44.63,44.63,44.63,44.63,339,0
2015-03-02,44.63,44.63,44.63,44.63,104,0
2015-03-03,44.419,44.513,44.419,44.513,312,0
2015-03-06,44.513,44.513,44.513,44.513,104,0
2015-03-09,43.554,43.554,43.554,43.554,312,0
2015-03-10,43.064,43.064,43.064,43.064,520,0
2015-03-11,43.064,43.064,43.064,43.064,104,0
2015-03-12,43.236,43.236,43.236,43.236,208,0
2015-03-13,43.236,43.236,43.236,43.236,104,0
2015-03-16,43.236,43.236,43.236,43.236,104,0
2015-03-17,43.15,43.15,43.15,43.15,312,0
2015-03-18,43.15,43.15,43.15,43.15,104,0
2015-03-19,43.66,43.66,43.62,43.62,937,0
2015-03-20,44.141,44.419,44.121,44.312,834,0
2015-03-23,44.312,44.312,44.312,44.312,104,0
2015-03-24,44.312,44.312,44.312,44.312,104,0
2015-03-25,44.312,44.312,44.312,44.312,104,0
2015-03-26,44.312,44.312,44.312,44.312,104,0
2015-03-27,44.312,44.312,44.312,44.312,104,0
2015-03-31,44.312,44.312,44.312,44.312,132,0
2015-04-06,46.202,46.212,46.166,46.185,3542,0
2015-04-07,46.347,46.347,46.175,46.175,683,0
2015-04-08,46.798,46.798,46.76,46.798,312,0
2015-04-09,46.702,47.069,46.702,47.069,3447,0
2015-04-10,46.876,46.982,46.721,46.972,6355,0
2015-04-13,47.21,47.21,47.04,47.04,937,0
2015-04-14,47.528,47.547,47.528,47.547,2605,0
2015-04-15,48.028,48.028,48.028,48.028,587,0
2015-04-16,48.028,48.028,48.028,48.028,2,0
2015-04-17,47.653,47.74,47.643,47.74,5730,0
2015-04-20,47.844,47.844,47.769,47.769,432,0
2015-04-21,47.528,47.653,47.376,47.471,753,0
2015-04-22,47.566,47.566,47.566,47.566,158,0
2015-04-23,47.662,47.662,47.662,47.662,208,0
2015-04-24,47.893,48.133,47.893,48.133,338,0
2015-04-27,48.641,48.641,48.641,48.641,208,0
2015-04-28,48.622,48.622,48.622,48.622,265,0
2015-04-29,48.296,48.296,48.161,48.161,834,0
2015-05-01,48.161,48.161,48.161,48.161,104,0
2015-05-04,48.008,48.056,47.969,48.037,2292,0
2015-05-06,48.037,48.037,48.037,48.037,14,0
2015-05-07,48.037,48.037,48.037,48.037,104,0
2015-05-08,47.614,47.614,47.557,47.576,1146,0
2015-05-12,46.972,47.162,46.972,47.124,1529,0
2015-05-14,47.124,47.124,47.124,47.124,104,0
2015-05-15,48.364,48.364,48.364,48.364,835,0
2015-05-18,48.364,48.364,48.364,48.364,17,0
2015-05-19,48.278,48.278,48.278,48.278,110,0
2015-05-20,48.536,48.536,48.536,48.536,838,0
2015-05-21,48.67,48.67,48.67,48.67,104,0
2015-05-26,48.238,48.238,47.614,47.653,4810,0
2015-05-27,47.806,47.998,47.806,47.998,417,0
2015-05-28,47.998,47.998,47.998,47.998,6,0
2015-05-29,47.547,47.547,47.461,47.461,208,0
2015-06-01,47.461,47.461,47.461,47.461,5,0
2015-06-02,48.028,48.143,48.028,48.143,627,0
2015-06-04,48.153,48.153,48.153,48.153,208,0
2015-06-05,48.153,48.153,48.153,48.153,104,0
2015-06-08,47.604,47.604,47.604,47.604,104,0
2015-06-09,47.269,47.269,47.269,47.269,154,0
2015-06-10,47.931,47.931,47.931,47.931,104,0
2015-06-11,47.931,47.931,47.931,47.931,91,0
2015-06-12,47.806,47.806,47.806,47.806,208,0
2015-06-15,47.114,47.114,47.114,47.114,104,0
2015-06-16,47.143,47.385,47.143,47.366,2082,0
2015-06-17,47.202,47.346,47.202,47.346,312,0
2015-06-18,47.346,47.759,47.346,47.395,937,0
2015-06-19,47.73,47.73,47.672,47.711,834,0
2015-06-22,47.711,47.711,47.711,47.711,104,0
2015-06-23,48.479,48.479,48.479,48.479,232,0
2015-06-26,47.636,47.714,47.597,47.714,516,0
2015-06-29,47.172,47.172,46.525,46.603,1550,0
2015-06-30,46.603,46.603,46.603,46.603,62,0
2015-07-01,46.603,46.603,46.603,46.603,103,0
2015-07-02,46.603,46.603,46.603,46.603,103,0
2015-07-06,46.603,46.603,46.603,46.603,103,0
2015-07-08,44.803,44.803,44.473,44.473,3308,0
2015-07-09,45.102,45.102,45.102,45.102,620,0
2015-07-10,46.099,46.109,45.616,46.109,4652,0
2015-07-13,46.109,46.109,46.109,46.109,103,0
2015-07-14,46.825,46.825,46.825,46.825,401,0
2015-07-15,46.825,46.825,46.825,46.825,3,0
2015-07-16,46.825,46.825,46.825,46.825,103,0
2015-07-17,46.244,46.244,46.244,46.244,310,0
2015-07-20,46.244,46.244,46.244,46.244,103,0
2015-07-21,46.447,46.447,46.447,46.447,414,0
2015-07-22,45.963,45.963,45.963,45.963,103,0
2015-07-23,45.664,45.664,45.664,45.664,206,0
2015-07-24,45.664,45.664,45.664,45.664,103,0
2015-07-27,44.629,44.658,44.629,44.658,516,0
2015-07-28,45.334,45.334,45.334,45.334,206,0
2015-07-30,45.47,45.47,45.461,45.461,516,0
2015-07-31,45.847,45.847,45.847,45.847,310,0
2015-08-05,45.983,45.983,45.499,45.499,3617,0
2015-08-06,45.353,45.403,45.315,45.403,1198,0
2015-08-07,45.626,45.626,45.519,45.558,1345,0
2015-08-11,46.021,46.021,45.895,45.895,2274,0
2015-08-12,46.002,46.002,45.646,45.664,3514,0
2015-08-13,46.437,46.65,46.399,46.427,3617,0
2015-08-14,46.427,46.427,46.427,46.427,103,0
2015-08-17,46.051,46.079,45.905,45.905,1242,0
2015-08-18,45.935,45.935,45.935,45.935,206,0
2015-08-19,45.935,45.935,45.935,45.935,206,0
2015-08-20,44.831,44.851,44.328,44.328,2792,0
2015-08-21,44.252,44.252,43.603,43.612,110911,0
2015-08-24,41.648,42.617,41.358,41.426,3088,0
2015-08-25,42.627,42.771,42.016,42.016,19433,0
2015-08-26,43.042,43.119,42.393,43.071,5685,0
2015-08-27,44.242,44.521,44.087,44.463,27083,0
2015-08-28,44.793,44.793,44.793,44.793,310,0
2015-08-31,44.396,44.987,44.396,44.879,2998,0
2015-09-01,43.689,43.796,43.689,43.796,1758,0
2015-09-02,43.536,43.845,43.536,43.845,414,0
2015-09-03,44.194,44.194,44.057,44.077,1447,0
2015-09-04,44.077,44.077,44.077,44.077,103,0
2015-09-08,43.805,43.805,43.805,43.805,103,0
2015-09-09,44.377,44.377,44.203,44.203,1345,0
2015-09-14,43.999,44.155,43.999,44.155,1963,0
2015-09-15,44.175,44.242,44.175,44.242,4858,0
2015-09-16,44.57,44.724,44.56,44.589,2894,0
2015-09-17,44.589,44.589,44.589,44.589,69,0
2015-09-18,44.281,44.281,44.165,44.165,8062,0
2015-09-21,44.184,44.194,44.184,44.194,516,0
2015-09-22,43.283,43.283,43.283,43.283,310,0
2015-09-23,43.282,43.282,43.282,43.282,88,0
2015-09-24,42.576,42.672,42.576,42.672,375,0
2015-09-25,43.166,43.166,43.002,43.002,1549,0
2015-09-28,42.102,42.102,42.014,42.024,1838,0
2015-09-29,42.014,42.265,41.975,41.975,2996,0
2015-09-30,42.17,42.17,42.17,42.17,310,0
2015-10-01,43.002,43.002,42.361,42.556,1962,0
2015-10-02,42.518,42.518,42.508,42.518,1446,0
2015-10-05,44.251,44.261,44.241,44.251,5302,0
2015-10-06,44.482,44.541,44.482,44.541,310,0
2015-10-07,45.198,45.208,44.909,45.093,2794,0
2015-10-08,45.169,45.636,45.093,45.636,5268,0
2015-10-09,46.4,46.4,46.12,46.341,56504,0
2015-10-12,46.235,46.351,46.168,46.264,36884,0
2015-10-13,46.331,46.331,45.886,45.895,2686,0
2015-10-14,45.973,45.973,45.973,45.973,103,0
2015-10-15,46.254,46.254,46.245,46.245,310,0
2015-10-16,45.684,45.731,45.684,45.731,2479,0
2015-10-19,45.432,45.432,45.432,45.432,142,0
2015-10-20,45.577,45.577,45.509,45.509,1033,0
2015-10-21,45.694,45.694,45.694,45.694,103,0
2015-10-22,45.432,45.432,45.432,45.432,206,0
2015-10-23,45.48,45.48,45.47,45.47,3719,0
2015-10-26,45.48,45.48,45.324,45.324,724,0
2015-10-27,44.472,44.812,44.405,44.405,4131,0
2015-10-28,45.073,45.606,44.851,44.851,1652,0
2015-10-29,44.947,44.996,44.947,44.996,16011,0
2015-10-30,45.403,45.403,45.403,45.403,206,0
2015-11-02,45.558,45.789,45.373,45.75,2729,0
2015-11-03,45.646,46.003,45.646,46.003,650,0
2015-11-04,45.296,45.315,45.218,45.237,5975,0
2015-11-05,45.025,45.198,45.025,45.035,1757,0
2015-11-06,44.492,44.686,44.492,44.551,1549,0
2015-11-09,44.512,44.541,44.336,44.541,11600,0
2015-11-10,44.763,44.763,44.502,44.56,1033,0
2015-11-11,44.899,44.967,44.87,44.967,8988,0
2015-11-12,44.502,44.502,43.97,44.008,2686,0
2015-11-13,43.795,43.795,43.766,43.766,620,0
2015-11-16,43.727,44.356,43.727,44.28,2686,0
2015-11-17,44.512,44.512,44.317,44.317,2479,0
2015-11-18,44.336,44.589,44.336,44.589,1343,0
2015-11-19,44.831,44.831,44.763,44.763,724,0
2015-11-20,44.763,44.763,44.763,44.763,929,0
2015-11-23,44.482,44.482,44.482,44.482,1549,0
2015-11-24,44.531,44.957,44.531,44.929,5785,0
2015-11-25,44.783,44.783,44.783,44.783,310,0
2015-11-27,44.734,44.734,44.734,44.734,310,0
2015-11-30,44.744,44.744,44.744,44.744,55058,0
2015-12-01,45.083,45.179,44.977,45.179,2350,0
2015-12-02,45.015,45.111,44.929,45.111,1951,0
2015-12-03,44.658,44.658,44.629,44.629,359,0
2015-12-04,44.629,44.629,44.629,44.629,103,0
2015-12-07,44.125,44.125,43.97,44.018,620,0
2015-12-08,43.233,43.399,43.233,43.399,209,0
2015-12-09,43.272,43.272,43.272,43.272,103,0
2015-12-10,43.224,43.224,43.224,43.224,1136,0
2015-12-11,42.807,42.807,42.807,42.807,1652,0
2015-12-14,42.807,42.807,42.807,42.807,1,0
2015-12-15,42.807,42.807,42.807,42.807,103,0
2015-12-16,42.807,42.807,42.807,42.807,103,0
2015-12-17,43.002,43.002,43.002,43.002,206,0
2015-12-18,42.692,42.692,42.635,42.682,826,0
2015-12-21,42.498,42.498,42.498,42.498,103,0
2015-12-22,42.788,42.788,42.788,42.788,245,0
2015-12-23,43.524,43.524,43.524,43.524,103,0
2015-12-24,43.552,43.552,43.552,43.552,114,0
2015-12-28,43.028,43.028,43.028,43.028,528,0
2015-12-29,43.442,43.601,43.442,43.506,1687,0
2015-12-30,43.426,43.426,43.417,43.417,444,0
2015-12-31,43.024,43.024,42.921,42.921,314,0
2016-01-04,42.204,42.252,42.097,42.097,6088,0
2016-01-05,41.985,42.004,41.985,42.004,545,0
2016-01-06,41.34,41.34,41.283,41.283,6057,0
2016-01-08,40.127,40.127,40.051,40.093,1428,0
2016-01-11,39.71,39.769,39.661,39.679,9737,0
2016-01-12,39.517,39.517,39.516,39.516,312,0
2016-01-13,40.572,40.572,39.283,39.332,1215,0
2016-01-14,39.564,39.564,39.564,39.564,103,0
2016-01-15,38.624,38.648,38.624,38.648,515,0
2016-01-19,39.312,39.312,38.419,38.419,515,0
2016-01-20,37.091,37.276,36.829,37.276,3778,0
2016-01-21,37.362,37.605,37.362,37.605,1870,0
2016-01-22,38.682,38.885,38.682,38.885,746,0
2016-01-25,38.643,38.653,38.643,38.653,428,0
2016-01-26,38.672,38.999,38.663,38.947,8932,0
2016-01-27,39.147,39.147,39.099,39.099,6645,0
2016-01-29,40.265,40.652,40.265,40.652,3936,0
2016-02-01,40.759,40.759,40.759,40.759,114,0
2016-02-04,40.292,40.33,40.282,40.312,859,0
2016-02-05,40.059,40.059,39.773,39.941,2159,0
2016-02-08,38.634,38.643,38.535,38.594,2032,0
2016-02-09,38.575,38.575,38.575,38.575,103,0
2016-02-10,38.837,39.03,38.808,38.808,950,0
2016-02-11,37.818,37.818,37.818,37.818,104,0
2016-02-16,38.828,39.172,38.828,39.172,747,0
2016-02-17,40.34,40.34,40.224,40.312,798,0
2016-02-18,40.341,40.437,40.341,40.437,1580,0
2016-02-22,39.933,40.384,39.933,40.273,633,0
2016-02-23,39.837,39.837,39.837,39.837,206,0
2016-02-24,39.226,39.226,39.226,39.226,167,0
2016-02-25,40.422,40.651,40.417,40.651,961,0
2016-02-26,41.01,41.01,41,41,290,0
2016-02-29,41.015,41.02,41,41,488,0
2016-03-01,41.874,41.908,41.874,41.908,622,0
2016-03-02,41.854,41.854,41.854,41.854,104,0
2016-03-04,42.156,42.834,42.156,42.834,434,0
2016-03-07,43.634,43.634,43.634,43.634,338,0
2016-03-10,42.785,42.785,42.785,42.785,103,0
2016-03-11,43.994,43.994,43.949,43.984,927,0
2016-03-14,43.726,43.948,43.726,43.948,824,0
2016-03-18,45.094,45.094,45.037,45.037,519,0
2016-03-21,44.842,44.996,44.842,44.996,519,0
2016-03-22,45.337,45.337,45.337,45.337,414,0
2016-03-24,44.472,44.513,44.472,44.513,402,0
2016-03-29,44.939,45.148,44.939,45.056,2576,0
2016-03-30,45.662,45.662,45.396,45.533,862,0
2016-04-01,44.615,44.615,44.615,44.615,413,0
2016-04-05,43.495,43.495,43.495,43.495,350,0
2016-04-06,43.949,43.949,43.892,43.892,415,0
2016-04-08,44.405,44.436,44.405,44.436,227,0
2016-04-12,45.249,45.289,45.19,45.289,1789,0
2016-04-13,45.793,45.793,45.793,45.793,273,0
2016-04-14,45.561,45.561,45.561,45.561,268,0
2016-04-15,45.648,45.648,45.648,45.648,111,0
2016-04-19,46.89,46.89,46.89,46.89,295,0
2016-04-21,46.724,46.724,46.724,46.724,207,0
2016-04-22,46.55,46.55,46.433,46.433,474,0
2016-04-25,45.996,45.996,45.977,45.977,350,0
2016-04-27,46.773,46.773,46.773,46.773,153,0
2016-04-28,47.199,47.199,46.949,46.949,2508,0
2016-04-29,46.675,46.675,46.222,46.414,2799,0
2016-05-03,45.957,46.287,45.939,46.287,727,0
2016-05-04,45.599,45.599,45.599,45.599,333,0
2016-05-05,45.807,45.808,45.807,45.808,258,0
2016-05-09,45.454,45.454,45.454,45.454,153,0
2016-05-10,46.036,46.046,46.036,46.046,19286,0
2016-05-11,46.298,46.298,46.268,46.288,1495,0
2016-05-12,46.482,46.482,45.929,45.929,714,0
2016-05-16,45.619,45.997,45.619,45.997,653,0
2016-05-17,46.084,46.182,45.909,45.909,753,0
2016-05-18,45.851,46.026,45.483,45.483,6388,0
2016-05-19,45.047,45.047,45.047,45.047,216,0
2016-05-20,45.492,45.589,45.435,45.589,710,0
2016-05-23,45.589,45.589,45.444,45.444,647,0
2016-05-24,45.724,45.872,45.724,45.872,575,0
2016-05-25,46.298,46.424,46.298,46.424,1150,0
2016-05-26,46.812,46.812,46.531,46.579,1152,0
2016-05-27,46.579,46.579,46.462,46.509,1446,0
2016-06-01,46.317,46.317,46.162,46.268,1684,0
2016-06-02,46.259,46.298,46.23,46.298,747,0
2016-06-03,46.424,46.521,46.424,46.521,2992,0
2016-06-06,46.608,46.802,46.608,46.802,735,0
2016-06-07,46.958,47.055,46.939,47.055,6065,0
2016-06-08,47.447,47.471,47.18,47.18,2061,0
2016-06-09,46.792,46.792,46.792,46.792,104,0
2016-06-10,45.813,45.813,45.783,45.783,249,0
2016-06-14,44.415,44.415,44.415,44.415,314,0
2016-06-15,44.6,44.61,44.6,44.606,2061,0
2016-06-16,43.485,43.485,43.397,43.455,5412,0
2016-06-17,44.309,44.722,44.309,44.722,416,0
2016-06-21,45.798,45.798,45.798,45.798,293,0
2016-06-22,45.879,45.879,45.879,45.879,105,0
2016-06-24,44.014,44.014,43.452,43.452,1318,0
2016-06-27,42.396,42.396,41.766,41.766,1399,0
2016-06-28,42.625,42.928,42.624,42.928,1521,0
2016-06-29,43.868,43.868,43.868,43.868,203,0
2016-06-30,44.388,44.408,44.388,44.408,1280,0
2016-07-01,44.787,44.787,44.787,44.787,158,0
2016-07-05,43.974,43.974,43.718,43.718,507,0
2016-07-06,43.289,43.678,43.289,43.678,508,0
2016-07-11,45.7,45.749,45.675,45.675,6614,0
2016-07-12,46.075,46.154,46.075,46.154,2433,0
2016-07-15,46.347,46.347,46.076,46.076,404,0
2016-07-19,46.006,46.006,46.006,46.006,268,0
2016-07-20,46.042,46.175,46.042,46.175,905,0
2016-07-21,46.351,46.351,46.213,46.222,14135,0
2016-07-22,45.858,45.966,45.858,45.954,5043,0
2016-07-26,46.324,46.324,46.324,46.324,212,0
2016-07-27,46.899,46.899,46.899,46.899,203,0
2016-07-28,46.696,46.696,46.687,46.687,397,0
2016-08-01,46.399,46.399,46.399,46.399,247,0
2016-08-02,46.371,46.371,46.046,46.194,3052,0
2016-08-16,47.58,47.58,47.58,47.58,145,0
2016-08-17,47.119,47.119,47.119,47.119,113,0
2016-08-22,47.427,47.47,47.427,47.47,216,0
2016-08-23,47.968,48.072,47.968,48.072,206,0
2016-08-24,47.732,47.798,47.732,47.798,406,0
2016-08-25,47.633,47.633,47.347,47.347,442,0
2016-09-01,46.593,46.593,46.593,46.593,364,0
2016-09-07,47.978,47.978,47.978,47.978,120,0
2016-09-08,47.94,47.94,47.94,47.94,151,0
2016-09-09,47.298,47.298,47.298,47.298,103,0
2016-09-13,45.947,45.947,45.947,45.947,240,0
2016-09-16,45.848,45.848,45.848,45.848,203,0
2016-09-19,46.277,46.277,46.203,46.203,1275,0
2016-09-20,46.322,46.322,46.322,46.322,233,0
2016-09-28,47.928,47.928,47.928,47.928,297,0
2016-09-30,47.642,47.928,47.642,47.908,2635,0
2016-10-03,47.613,47.613,47.606,47.606,572,0
2016-10-05,47.838,47.878,47.838,47.878,3236,0
2016-10-10,47.712,47.712,47.712,47.712,203,0
2016-10-12,46.841,46.841,46.841,46.841,175,0
2016-10-13,46.841,46.946,46.841,46.946,283,0
2016-10-14,47.157,47.246,47.147,47.246,1380,0
2016-10-19,47.507,47.507,47.507,47.507,125,0
2016-10-21,47.007,47.247,47.007,47.247,469,0
2016-10-24,47.721,47.771,47.553,47.553,1568,0
2016-10-25,47.642,47.642,47.397,47.408,2572,0
2016-10-26,47.347,47.351,47.173,47.217,1858,0
2016-10-27,47.197,47.197,46.767,46.82,2160,0
2016-10-28,47.034,47.144,46.943,47.144,1597,0
2016-10-31,47.055,47.055,47.055,47.055,197,0
2016-11-01,47.059,47.059,47.059,47.059,176,0
2016-11-03,46.829,46.831,46.829,46.831,551,0
2016-11-04,46.327,46.327,46.327,46.327,151,0
2016-11-08,46.446,46.722,46.446,46.722,405,0
2016-11-09,47.216,48.047,47.184,47.853,18425,0
2016-11-10,48.254,48.551,47.799,48.307,16430,0
2016-11-11,48.096,48.096,47.814,47.842,3235,0
2016-11-14,48.057,48.284,47.493,48.284,48781,0
2016-11-15,47.938,48.561,47.938,48.561,5229,0
2016-11-16,48.126,48.126,47.894,47.958,3169,0
2016-11-17,48.028,48.028,47.911,48.027,736,0
2016-11-18,47.898,47.898,47.646,47.68,2377,0
2016-11-21,48.106,48.211,48.007,48.186,23405,0
2016-11-22,48.571,48.571,48.209,48.472,7639,0
2016-11-23,48.304,48.541,48.156,48.531,1857,0
2016-11-25,48.324,48.353,48.092,48.353,1525,0
2016-11-28,48.423,48.433,48.269,48.281,1520,0
2016-11-29,48.204,48.559,48.204,48.559,347,0
2016-11-30,48.569,48.609,48.569,48.589,719,0
2016-12-01,48.917,48.917,48.836,48.836,732,0
2016-12-02,48.753,48.753,48.753,48.753,105,0
2016-12-06,49.124,49.47,49.063,49.47,9573,0
2016-12-07,49.665,49.811,49.665,49.811,1028,0
2016-12-08,49.913,49.923,49.623,49.923,1209,0
2016-12-09,49.786,49.786,49.786,49.786,328,0
2016-12-12,49.718,50.026,49.648,49.701,1504,0
2016-12-13,50.02,50.125,50.02,50.125,273,0
2016-12-14,49.786,49.949,49.762,49.914,1219,0
2016-12-15,49.118,49.118,49.118,49.118,308,0
2016-12-16,49.43,49.43,49.203,49.26,4230,0
2016-12-19,49.16,49.16,48.911,48.986,2156,0
2016-12-20,49.232,49.232,49.232,49.232,475,0
2016-12-22,49.1,49.17,48.93,49.071,3439,0
2016-12-23,49.1,49.1,48.992,49.066,2257,0
2016-12-27,49.051,49.051,48.891,48.891,794,0
2016-12-28,48.872,48.872,48.704,48.763,3291,0
2016-12-29,48.927,48.927,48.704,48.704,594,0
2016-12-30,48.981,48.981,48.733,48.733,3396,0
2017-01-03,49.019,49.019,49.019,49.019,319,0
2017-01-04,49.278,49.388,49.278,49.388,1280,0
2017-01-05,49.912,49.922,49.829,49.829,786,0
2017-01-06,49.798,49.868,49.508,49.658,1060,0
2017-01-09,49.784,49.784,49.431,49.431,1335,0
2017-01-11,49.912,49.912,49.774,49.784,911,0
2017-01-12,50.031,50.031,50.031,50.031,202,0
2017-01-13,50.031,50.031,50.031,50.031,531,0
2017-01-17,49.779,49.888,49.754,49.754,1245,0
2017-01-18,49.484,49.583,49.474,49.583,899,0
2017-01-19,49.397,49.397,49.307,49.307,691,0
2017-01-20,49.536,49.72,49.486,49.612,8195,0
2017-01-23,49.725,49.725,49.526,49.526,596,0
2017-01-24,50.714,50.714,50.48,50.48,1339,0
2017-01-25,50.645,51.289,50.645,51.104,4296,0
2017-01-26,51.052,51.389,50.851,51.112,2135,0
2017-01-27,50.696,50.696,50.389,50.655,2270,0
2017-01-30,50.507,50.507,49.705,49.937,1814,0
2017-01-31,50.101,50.101,49.892,50.087,1328,0
2017-02-01,50.507,50.507,50.145,50.15,15127,0
2017-02-02,50.25,50.25,50.25,50.25,460,0
2017-02-03,50.869,50.869,50.869,50.869,202,0
2017-02-06,50.438,50.438,50.157,50.159,979,0
2017-02-07,50.103,50.103,50.103,50.103,298,0
2017-02-08,50.359,50.359,49.854,50.201,862,0
2017-02-09,50.318,50.685,50.259,50.507,2139,0
2017-02-10,50.507,50.507,50.507,50.507,308,0
2017-02-13,51.022,51.438,51.022,51.339,2706,0
2017-02-14,51.25,51.372,51.165,51.372,1502,0
2017-02-15,51.367,51.696,51.367,51.68,596,0
2017-02-16,51.185,51.507,51.132,51.435,1412,0
2017-02-17,50.934,50.967,50.726,50.911,3549,0
2017-02-21,50.963,51.349,50.963,51.319,763,0
2017-02-23,50.766,50.883,50.423,50.423,484,0
2017-02-24,50.16,50.388,50.113,50.388,2128,0
2017-02-27,50.289,50.606,50.289,50.494,1300,0
2017-02-28,50.615,50.625,50.527,50.527,1960,0
2017-03-01,51.435,51.468,51.435,51.468,1450,0
2017-03-02,51.016,51.016,50.805,50.805,308,0
2017-03-03,50.913,51.022,50.913,51.002,3737,0
2017-03-06,50.833,51.062,50.833,51.062,1593,0
2017-03-07,51.072,51.072,50.85,50.85,364,0
2017-03-10,51.191,51.241,51.191,51.241,1260,0
2017-03-13,51.329,51.706,51.319,51.577,2055,0
2017-03-14,50.982,50.982,50.982,50.982,312,0
2017-03-15,51.053,51.053,51.053,51.053,180,0
2017-03-16,51.871,51.871,51.726,51.731,2431,0
2017-03-17,51.726,51.726,51.696,51.708,810,0
2017-03-20,51.708,51.708,51.708,51.708,0,0
2017-03-21,51.706,51.711,51.507,51.507,2146,0
2017-03-22,51.408,51.418,51.28,51.315,4071,0
2017-03-23,51.666,51.806,51.666,51.798,780,0
2017-03-24,51.537,51.537,51.446,51.446,406,0
2017-03-27,51.232,51.243,51.231,51.231,3943,0
2017-03-28,51.905,51.905,51.699,51.701,606,0
2017-03-29,51.458,51.636,51.418,51.636,596,0
2017-03-30,51.517,51.765,51.517,51.765,636,0
2017-03-31,51.378,51.801,51.378,51.801,682,0
2017-04-03,51.835,52.022,51.798,51.798,639,0
2017-04-04,51.699,51.699,51.448,51.526,932,0
2017-04-05,51.865,52.062,51.775,51.775,1726,0
2017-04-06,51.768,51.768,51.768,51.768,111,0
2017-04-11,52.082,52.082,52.082,52.082,328,0
2017-04-12,52.002,52.002,51.867,51.904,540,0
2017-04-13,51.656,51.656,51.641,51.641,487,0
2017-04-17,51.684,51.684,51.684,51.684,404,0
2017-04-18,51.613,51.805,51.613,51.805,2081,0
2017-04-20,52.31,52.316,52.191,52.316,2098,0
2017-04-24,53.023,53.324,53.023,53.324,695,0
2017-04-25,53.489,53.712,53.489,53.633,973,0
2017-04-26,53.409,53.641,53.409,53.641,663,0
2017-04-27,53.371,53.371,53.291,53.291,315,0
2017-04-28,53.528,53.528,53.528,53.528,281,0
2017-05-01,53.677,53.727,53.445,53.445,355,0
2017-05-03,53.252,53.315,53.252,53.315,477,0
2017-05-04,53.401,53.445,53.401,53.445,530,0
2017-05-08,53.533,53.533,53.533,53.533,469,0
2017-05-10,53.302,53.41,53.302,53.41,233,0
2017-05-12,52.984,53.149,52.984,53,752,0
2017-05-15,53.281,53.571,53.281,53.409,1422,0
2017-05-16,53.435,53.435,53.435,53.435,139,0
2017-05-17,52.737,53.132,52.696,52.696,1617,0
2017-05-18,52.628,52.628,52.628,52.628,411,0
2017-05-19,53.38,53.499,53.172,53.489,1912,0
2017-05-22,53.499,53.499,53.499,53.499,258,0
2017-05-23,53.509,53.509,53.509,53.509,257,0
2017-05-24,53.162,53.162,52.944,52.953,639,0
2017-05-25,53.115,53.115,53.115,53.115,212,0
2017-05-26,52.884,52.997,52.775,52.84,2188,0
2017-05-30,52.815,52.915,52.815,52.915,406,0
2017-05-31,52.785,52.804,52.746,52.755,515,0
2017-06-01,52.944,53.307,52.924,53.218,2714,0
2017-06-02,53.277,53.489,53.277,53.489,516,0
2017-06-05,53.419,53.419,53.281,53.281,1191,0
2017-06-06,53.191,53.191,53.191,53.191,122,0
2017-06-07,53.013,53.013,52.818,52.818,466,0
2017-06-08,52.866,52.866,52.866,52.866,215,0
2017-06-12,53.192,53.192,53.192,53.192,299,0
2017-06-13,53.568,53.877,53.568,53.877,782,0
2017-06-14,54.162,54.162,53.894,53.894,2058,0
2017-06-15,53.212,53.212,53.063,53.143,4229,0
2017-06-16,53.033,53.033,53.033,53.033,383,0
2017-06-20,53.74,53.74,53.434,53.434,214,0
2017-06-22,53.443,53.713,53.443,53.653,2168,0
2017-06-23,53.653,53.653,53.653,53.653,0,0
2017-06-26,54.153,54.23,54.153,54.23,276,0
2017-06-29,54.112,54.112,53.801,53.801,1152,0
2017-06-30,54.043,54.176,54.038,54.176,920,0
2017-07-05,53.959,53.959,53.959,53.959,417,0
2017-07-06,53.884,53.884,53.884,53.884,339,0
2017-07-07,53.633,53.673,53.633,53.673,481,0
2017-07-10,53.923,53.983,53.803,53.833,3905,0
2017-07-11,53.993,53.993,53.693,53.858,7221,0
2017-07-12,54.312,54.353,54.312,54.353,318,0
2017-07-13,54.622,54.696,54.532,54.696,5414,0
2017-07-14,54.961,54.961,54.961,54.961,109,0
2017-07-17,54.974,54.974,54.974,54.974,178,0
2017-07-18,54.841,54.841,54.841,54.841,125,0
2017-07-19,55.131,55.591,55.131,55.591,822,0
2017-07-20,55.63,55.63,55.52,55.52,215,0
2017-07-21,54.931,54.931,54.731,54.791,1532,0
2017-07-24,54.586,54.762,54.532,54.744,1094,0
2017-07-25,54.827,54.827,54.827,54.827,169,0
2017-07-26,54.945,55.011,54.945,54.961,500,0
2017-07-27,54.981,54.981,54.971,54.971,200,0
2017-07-31,54.891,54.893,54.811,54.841,2965,0
2017-08-02,55.221,55.221,55.154,55.154,820,0
2017-08-03,55.202,55.202,54.971,54.971,627,0
2017-08-07,55.291,55.291,55.291,55.291,237,0
2017-08-08,55.311,55.421,55.311,55.421,385,0
2017-08-09,55.031,55.148,54.851,54.851,649,0
2017-08-10,54.021,54.021,53.748,53.748,250,0
2017-08-15,53.883,53.883,53.514,53.514,746,0
2017-08-18,52.954,53.174,52.954,53.054,1077,0
2017-08-21,52.965,52.974,52.896,52.896,3227,0
2017-08-24,53.458,53.458,53.458,53.458,288,0
2017-08-31,54.891,54.891,54.891,54.891,203,0
2017-09-01,55.043,55.043,55.043,55.043,365,0
2017-09-05,54.572,54.572,54.537,54.537,513,0
2017-09-06,54.811,55.063,54.811,55.063,1402,0
2017-09-07,55.301,55.301,55.185,55.185,1673,0
2017-09-08,55.376,55.376,55.291,55.291,299,0
2017-09-11,55.55,55.59,55.441,55.553,3615,0
2017-09-12,55.75,55.75,55.515,55.515,659,0
2017-09-13,55.261,55.596,55.261,55.596,18942,0
2017-09-14,55.291,55.744,55.291,55.744,1133,0
2017-09-15,55.411,55.411,55.315,55.315,1554,0
2017-09-18,55.49,55.774,55.49,55.77,1163,0
2017-09-19,55.822,55.822,55.822,55.822,101,0
2017-09-21,55.8926,56.1807,55.884,56.1807,7111,0
2017-09-22,56.1089,56.36,56.1089,56.36,430,0
2017-09-25,56.128,56.144,55.792,56.144,932,0
2017-09-26,56.4066,56.4066,56.4066,56.4066,119,0
2017-09-27,56.32,56.32,56.32,56.32,530,0
2017-09-28,56.5684,56.941,56.5684,56.923,3254,0
2017-09-29,56.81,56.83,56.78,56.79,1063,0
2017-10-02,56.62,57.0455,56.62,57.0455,395,0
2017-10-03,56.89,57.1,56.89,57.1,1559,0
2017-10-04,56.79,56.79,56.535,56.7501,1515,0
2017-10-05,56.805,56.9299,56.8,56.8,745,0
2017-10-06,56.39,56.709,56.39,56.4036,733,0
2017-10-09,56.6225,56.6225,56.4875,56.4875,569,0
2017-10-10,56.96,56.96,56.96,56.96,548,0
2017-10-11,57.06,57.09,57.06,57.09,711,0
2017-10-12,56.89,57.0964,56.89,57.0964,669,0
2017-10-13,57.38,57.516,57.38,57.516,400,0
2017-10-16,57.561,57.561,57.42,57.42,2601,0
2017-10-17,57.555,57.555,57.555,57.555,255,0
2017-10-19,57.13,57.2346,57.13,57.2346,786,0
2017-10-20,57.3089,57.5,57.3089,57.491,3502,0
2017-10-24,57.4356,57.4356,57.2653,57.2653,419,0
2017-10-25,57.3,57.3,56.97,56.99,2071,0
2017-10-26,57.44,57.906,57.43,57.515,8006,0
2017-10-27,57.39,58.02,57.39,57.8722,8493,0
2017-10-30,57.9443,57.9443,57.785,57.85,600,0
2017-10-31,57.99,58.08,57.99,58.05,2251,0
2017-11-01,58.406,58.472,58.22,58.259,1130,0
2017-11-02,58.4,58.48,58.36,58.4135,2194,0
2017-11-03,58.63,58.76,58.59,58.7497,3979,0
2017-11-06,59,59.53,59,59.53,3778,0
2017-11-07,59.6,59.68,59.27,59.27,5155,0
2017-11-08,59.07,59.18,58.96,59.18,1600,0
2017-11-09,58.89,58.9974,58.682,58.9799,886,0
2017-11-10,58.4,58.49,58.36,58.45,4879,0
