Date,Open,High,Low,Close,Volume,OpenInt
2014-10-15,48.068,48.213,48.04,48.126,33855,0
2014-10-16,48.086,48.165,48.02,48.04,7871,0
2014-10-17,47.983,48.02,47.9,47.908,34490,0
2014-10-20,47.946,48.077,47.9,47.973,2510,0
2014-10-21,47.973,48.059,47.908,47.993,4654,0
2014-10-22,47.946,47.973,47.89,47.937,3242,0
2014-10-23,47.928,47.928,47.89,47.9,3406,0
2014-10-24,47.89,47.9,47.841,47.9,1890,0
2014-10-27,47.928,47.983,47.928,47.928,61849,0
2014-10-28,47.973,47.983,47.88,47.955,6458,0
2014-10-29,47.964,47.964,47.841,47.87,7769,0
2014-10-30,47.861,47.89,47.834,47.87,3543,0
2014-10-31,47.834,47.834,47.796,47.796,2670,0
2014-11-03,47.824,47.824,47.75,47.815,3528,0
2014-11-04,47.778,47.815,47.75,47.786,4565,0
2014-11-05,47.815,47.815,47.75,47.815,3226,0
2014-11-06,47.796,47.815,47.796,47.796,3424,0
2014-11-07,47.778,47.806,47.712,47.76,1313,0
2014-11-10,47.76,47.861,47.75,47.75,3690,0
2014-11-11,47.796,47.796,47.73,47.786,6850,0
2014-11-12,47.77,47.796,47.712,47.796,2016,0
2014-11-13,47.796,47.796,47.796,47.796,241,0
2014-11-14,47.806,47.806,47.76,47.76,432,0
2014-11-17,47.786,47.796,47.721,47.796,2021,0
2014-11-18,47.77,47.77,47.721,47.77,3770,0
2014-11-19,47.73,47.778,47.73,47.73,3961,0
2014-11-20,47.721,47.75,47.721,47.75,1152,0
2014-11-21,47.824,47.824,47.73,47.796,3138,0
2014-11-24,47.834,47.87,47.786,47.87,5184,0
2014-11-25,47.861,47.861,47.815,47.815,4574,0
2014-11-26,47.895,47.895,47.846,47.875,23415,0
2014-11-28,47.875,47.96,47.875,47.885,1780,0
2014-12-01,48.131,48.131,47.905,47.913,8480,0
2014-12-02,47.905,47.933,47.846,47.866,11893,0
2014-12-03,47.885,47.885,47.885,47.885,2614,0
2014-12-04,47.697,47.819,47.697,47.745,8260,0
2014-12-05,47.846,47.846,47.735,47.811,3015,0
2014-12-08,47.735,47.811,47.668,47.697,16563,0
2014-12-09,47.755,47.765,47.688,47.735,4636,0
2014-12-10,47.745,47.755,47.688,47.755,2363,0
2014-12-11,47.765,47.811,47.678,47.774,4533,0
2014-12-12,47.707,47.745,47.707,47.735,8917,0
2014-12-15,47.735,47.735,47.678,47.678,361,0
2014-12-16,47.707,47.726,47.707,47.707,483,0
2014-12-17,47.717,47.717,47.688,47.688,1260,0
2014-12-18,47.668,47.668,47.583,47.613,5743,0
2014-12-19,47.668,47.668,47.583,47.623,2374,0
2014-12-22,47.65,47.668,47.65,47.66,2729,0
2014-12-23,47.613,47.65,47.613,47.633,2963,0
2014-12-24,47.923,47.923,47.603,47.66,2125,0
2014-12-26,47.633,47.668,47.633,47.668,6054,0
2014-12-29,47.733,47.763,47.648,47.724,10477,0
2014-12-30,47.781,47.789,47.658,47.781,7610,0
2014-12-31,47.799,47.809,47.772,47.799,4850,0
2015-01-02,47.705,47.827,47.666,47.809,4672,0
2015-01-05,47.921,47.921,47.772,47.817,6354,0
2015-01-06,47.873,47.948,47.733,47.921,7465,0
2015-01-07,47.809,48.179,47.799,47.931,6984,0
2015-01-08,47.986,47.996,47.827,47.921,2600,0
2015-01-09,47.94,47.976,47.94,47.976,378,0
2015-01-12,48.044,48.062,47.967,48.062,7108,0
2015-01-13,48.044,48.09,48.044,48.08,4540,0
2015-01-14,48.12,48.13,48.1,48.11,1649,0
2015-01-15,48.208,48.208,48.034,48.179,7632,0
2015-01-16,48.11,48.218,48.1,48.13,4818,0
2015-01-20,48.11,48.16,48.11,48.11,5693,0
2015-01-21,48.13,48.13,48.024,48.024,2647,0
2015-01-22,48.072,48.1,48.072,48.1,1460,0
2015-01-23,48.11,48.208,47.967,48.1,4087,0
2015-01-26,48.14,48.169,48.034,48.034,2508,0
2015-01-27,48.11,48.198,48.062,48.179,2112,0
2015-01-28,48.184,48.271,48.184,48.271,1807,0
2015-01-29,48.224,48.224,48.04,48.05,7657,0
2015-01-30,48.311,48.311,48.05,48.281,1030,0
2015-02-02,48.271,48.408,48.271,48.408,724,0
2015-02-03,48.271,48.369,48.04,48.253,2842,0
2015-02-04,48.253,48.253,48.04,48.194,10280,0
2015-02-05,48.253,48.253,48.077,48.233,3900,0
2015-02-06,48.146,48.146,48.059,48.077,2380,0
2015-02-09,48.106,48.106,48.04,48.059,2217,0
2015-02-10,48.077,48.077,48.002,48.077,24441,0
2015-02-11,47.889,48.077,47.889,48.068,6569,0
2015-02-12,48.096,48.156,47.917,48.002,255990,0
2015-02-13,48.03,48.03,47.945,47.982,15376,0
2015-02-17,47.963,48.04,47.936,47.954,10477,0
2015-02-18,48.02,48.106,48.02,48.106,5481,0
2015-02-19,48.194,48.408,48.068,48.068,9596,0
2015-02-20,48.02,48.068,48.011,48.03,4663,0
2015-02-23,48.106,48.116,47.908,48.116,17681,0
2015-02-24,48.136,48.224,47.945,48.224,10069,0
2015-02-25,48.055,48.228,48.045,48.17,7500,0
2015-02-26,47.949,48.131,47.949,48.091,10178,0
2015-02-27,48.063,48.081,47.949,47.977,3772,0
2015-03-02,48.081,48.081,47.949,47.959,2298,0
2015-03-03,48.015,48.055,47.932,48.035,1672547,0
2015-03-04,48.035,48.035,47.977,48.006,220291,0
2015-03-05,47.959,48.063,47.932,47.977,32079,0
2015-03-06,47.977,47.977,47.949,47.977,16616,0
2015-03-09,47.977,47.997,47.968,47.997,43577,0
2015-03-10,48.025,48.121,47.987,48.111,26960,0
2015-03-11,48.035,48.035,47.894,48.035,20691,0
2015-03-12,48.101,48.16,47.977,48.081,29155,0
2015-03-13,48.081,48.091,48.045,48.081,29259,0
2015-03-16,48.006,48.141,48.006,48.121,14733,0
2015-03-17,48.121,48.121,48.035,48.081,22155,0
2015-03-18,48.141,48.219,47.987,48.111,76284,0
2015-03-19,48.151,48.16,48.072,48.091,23618,0
2015-03-20,48.111,48.121,47.61,47.941,295215,0
2015-03-23,48.131,48.151,48.045,48.063,15048,0
2015-03-24,48.16,48.17,48.055,48.081,17349,0
2015-03-25,48.141,48.228,48.045,48.081,14524,0
2015-03-26,48.072,48.209,48.015,48.17,51579,0
2015-03-27,48.342,48.342,48.153,48.225,13328,0
2015-03-30,48.264,48.264,48.196,48.225,13051,0
2015-03-31,48.225,48.342,48.206,48.293,21820,0
2015-04-01,48.371,48.45,48.352,48.42,21404,0
2015-04-02,48.44,48.46,48.273,48.44,9817,0
2015-04-06,48.497,48.534,48.41,48.478,29651,0
2015-04-07,48.46,48.506,48.332,48.506,14080,0
2015-04-08,48.371,48.666,48.273,48.293,1900152,0
2015-04-09,48.42,48.44,48.255,48.283,8942,0
2015-04-10,48.41,48.41,48.273,48.352,13469,0
2015-04-13,48.469,48.469,48.148,48.273,5115,0
2015-04-14,48.332,48.361,48.313,48.332,4176,0
2015-04-15,48.516,48.525,48.41,48.41,3333,0
2015-04-16,48.44,48.602,48.44,48.534,3336,0
2015-04-17,48.583,48.602,48.544,48.553,8561,0
2015-04-20,48.647,48.656,48.525,48.553,68106,0
2015-04-21,48.621,48.629,48.525,48.583,21700,0
2015-04-22,48.583,48.629,48.497,48.573,11527,0
2015-04-23,48.573,48.602,48.44,48.563,11901,0
2015-04-24,48.656,48.656,48.563,48.593,36123,0
2015-04-27,48.611,48.714,48.602,48.666,188737,0
2015-04-28,48.657,48.657,48.41,48.584,12640,0
2015-04-29,48.535,48.545,48.46,48.535,7187,0
2015-04-30,48.44,48.545,48.371,48.526,22602,0
2015-05-01,48.45,48.517,48.4,48.46,10411,0
2015-05-04,48.507,48.507,48.42,48.45,24374,0
2015-05-05,48.4,48.469,48.303,48.39,15626,0
2015-05-06,48.64,48.64,48.273,48.361,9284,0
2015-05-07,48.352,48.371,48.323,48.371,1696,0
2015-05-08,48.43,48.498,48.41,48.479,3956,0
2015-05-11,48.43,48.45,48.352,48.371,10001,0
2015-05-12,48.361,48.4,48.332,48.4,7663,0
2015-05-13,48.479,48.517,48.43,48.44,17601,0
2015-05-14,48.46,48.545,48.352,48.517,30830,0
2015-05-15,48.535,48.584,48.361,48.584,46778,0
2015-05-18,48.517,48.517,48.507,48.507,1685,0
2015-05-19,48.706,48.706,48.42,48.44,55620,0
2015-05-20,48.313,48.498,48.313,48.479,14061,0
2015-05-21,48.469,48.517,48.371,48.517,15308,0
2015-05-22,48.46,48.469,48.255,48.45,15831,0
2015-05-26,48.42,48.479,48.42,48.479,9696,0
2015-05-27,48.467,48.505,48.379,48.505,12264,0
2015-05-28,48.496,48.515,48.408,48.448,11654,0
2015-05-29,48.477,48.524,48.477,48.524,729,0
2015-06-01,48.505,48.515,48.34,48.477,8740,0
2015-06-02,48.408,48.408,48.136,48.233,98549,0
2015-06-03,48.156,48.291,48.126,48.126,127262,0
2015-06-04,48.271,48.301,48.136,48.243,15503,0
2015-06-05,48.214,48.224,48.068,48.184,18939,0
2015-06-08,48.253,48.253,48.116,48.184,2392,0
2015-06-09,48.156,48.204,48.058,48.086,53659,0
2015-06-10,48.077,48.184,48.068,48.106,5172,0
2015-06-11,48.136,48.204,48.058,48.194,4289,0
2015-06-12,48.146,48.194,48.146,48.165,4059,0
2015-06-15,48.214,48.253,48.175,48.194,4059,0
2015-06-16,48.126,48.214,48.126,48.165,833,0
2015-06-17,48.35,48.35,48.086,48.321,34339,0
2015-06-18,48.291,48.36,48.194,48.36,2160415,0
2015-06-19,48.389,48.398,48.262,48.398,37875,0
2015-06-22,48.204,48.369,48.204,48.321,28510,0
2015-06-23,48.281,48.321,48.175,48.301,27016,0
2015-06-24,48.194,48.281,48.146,48.194,31840,0
2015-06-25,48.233,48.301,48.146,48.243,20600,0
2015-06-26,48.192,48.251,48.084,48.251,9988,0
2015-06-29,48.251,48.358,48.192,48.358,7700,0
2015-06-30,48.202,48.387,48.202,48.367,10101,0
2015-07-01,48.134,48.289,48.124,48.134,22884,0
2015-07-02,48.329,48.387,48.192,48.338,18411,0
2015-07-06,48.456,48.456,48.279,48.279,23820,0
2015-07-07,48.523,48.523,48.329,48.494,11338,0
2015-07-08,48.503,48.503,48.348,48.494,12897,0
2015-07-09,48.299,48.465,48.289,48.446,11962,0
2015-07-10,48.377,48.377,48.192,48.192,4576,0
2015-07-13,47.999,48.319,47.999,48.299,15812,0
2015-07-14,48.348,48.387,48.299,48.309,13464,0
2015-07-15,48.329,48.387,48.183,48.251,40230,0
2015-07-16,48.319,48.541,48.183,48.348,28500,0
2015-07-17,48.396,48.396,48.173,48.173,10716,0
2015-07-20,48.241,48.289,48.124,48.269,13003,0
2015-07-21,48.279,48.338,48.094,48.309,22470,0
2015-07-22,48.261,48.329,48.261,48.299,32766,0
2015-07-23,48.261,48.319,48.192,48.231,16437,0
2015-07-24,48.329,48.338,48.173,48.173,12379,0
2015-07-27,48.446,48.446,48.134,48.202,2218203,0
2015-07-28,48.173,48.338,48.163,48.192,47119,0
2015-07-29,48.238,48.306,48.228,48.306,16582,0
2015-07-30,48.189,48.276,48.111,48.209,2592,0
2015-07-31,48.316,48.414,48.306,48.404,5702,0
2015-08-03,48.454,48.473,48.356,48.385,4516,0
2015-08-04,48.286,48.385,48.209,48.306,7876,0
2015-08-05,48.258,48.316,48.199,48.258,8602,0
2015-08-06,48.286,48.316,48.258,48.258,2365,0
2015-08-07,48.286,48.286,48.238,48.266,1452,0
2015-08-10,48.627,48.627,48.238,48.238,5283,0
2015-08-11,48.492,48.501,48.276,48.276,6739,0
2015-08-12,48.444,48.578,48.209,48.375,247622,0
2015-08-13,48.375,48.464,48.375,48.464,625,0
2015-08-14,48.238,48.326,48.238,48.306,3108,0
2015-08-17,48.346,48.356,48.238,48.248,19488,0
2015-08-18,48.276,48.306,48.121,48.16,16482,0
2015-08-19,48.286,48.424,48.17,48.424,6946,0
2015-08-20,48.568,48.568,48.296,48.296,6223,0
2015-08-21,48.444,48.473,48.286,48.286,4353,0
2015-08-24,48.473,48.588,48.043,48.286,15473,0
2015-08-25,48.765,48.765,48.209,48.238,11607,0
2015-08-26,48.286,48.454,48.209,48.444,7876,0
2015-08-27,48.45,48.554,48.176,48.302,9521,0
2015-08-28,48.668,48.668,48.166,48.44,6002,0
2015-08-31,48.554,48.554,48.332,48.41,4659,0
2015-09-01,48.43,48.44,48.215,48.215,2073,0
2015-09-02,48.381,48.469,48.215,48.45,6317,0
2015-09-03,48.603,48.603,48.254,48.4,9839,0
2015-09-04,48.39,48.498,48.342,48.352,6623,0
2015-09-08,48.649,48.649,48.322,48.43,5592,0
2015-09-09,48.332,48.469,48.234,48.263,6108,0
2015-09-10,48.535,48.535,48.254,48.469,11811,0
2015-09-11,48.507,48.507,48.263,48.4,8282,0
2015-09-14,48.381,48.498,48.282,48.282,11075,0
2015-09-15,48.41,48.44,48.254,48.352,4969,0
2015-09-16,48.39,48.43,48.215,48.224,5072,0
2015-09-17,48.479,48.517,48.215,48.517,8694,0
2015-09-18,48.479,48.968,48.224,48.254,270694,0
2015-09-21,48.292,48.371,48.254,48.263,34678,0
2015-09-22,48.469,48.545,48.254,48.545,65421,0
2015-09-23,48.507,48.517,48.4,48.45,1653,0
2015-09-24,48.43,48.507,48.43,48.507,6657,0
2015-09-25,48.479,48.584,48.302,48.535,244298,0
2015-09-28,48.522,48.846,48.464,48.559,186141,0
2015-09-29,48.703,48.703,48.531,48.579,141732,0
2015-09-30,48.673,48.673,48.54,48.598,89737,0
2015-10-01,48.747,48.747,48.512,48.569,130776,0
2015-10-02,48.747,48.747,48.618,48.703,71954,0
2015-10-05,48.895,48.905,48.628,48.653,49887,0
2015-10-06,48.644,48.683,48.636,48.653,26878,0
2015-10-07,48.757,48.757,48.608,48.618,46626,0
2015-10-08,48.738,48.747,48.559,48.636,38148,0
2015-10-09,48.721,48.721,48.628,48.673,17987,0
2015-10-12,48.703,48.826,48.628,48.653,20416,0
2015-10-13,48.747,48.757,48.628,48.636,25950,0
2015-10-14,48.796,48.806,48.636,48.806,11476,0
2015-10-15,48.776,48.935,48.703,48.876,50345,0
2015-10-16,48.876,49.063,48.747,48.876,30393,0
2015-10-19,49.004,49.034,48.653,48.653,180191,0
2015-10-20,48.776,48.925,48.559,48.644,65837,0
2015-10-21,48.711,48.796,48.589,48.653,51176,0
2015-10-22,48.73,48.816,48.589,48.644,17161,0
2015-10-23,48.786,48.915,48.644,48.747,534894,0
2015-10-26,48.747,48.786,48.653,48.776,8580,0
2015-10-27,48.786,48.886,48.653,48.816,14784,0
2015-10-28,48.857,48.926,48.654,48.777,5807,0
2015-10-29,48.645,48.703,48.619,48.628,21693,0
2015-10-30,48.787,48.807,48.551,48.674,10950,0
2015-11-02,48.694,48.731,48.551,48.628,18108,0
2015-11-03,48.674,48.694,48.59,48.619,10640,0
2015-11-04,48.599,48.694,48.57,48.599,15625,0
2015-11-05,48.57,48.645,48.551,48.645,4031,0
2015-11-06,48.628,48.628,48.416,48.475,40287,0
2015-11-09,48.475,48.503,48.377,48.465,1466102,0
2015-11-10,48.494,48.599,48.387,48.58,21175,0
2015-11-11,48.406,48.619,48.358,48.56,28613,0
2015-11-12,48.446,48.532,48.406,48.523,13843,0
2015-11-13,48.396,48.58,48.348,48.523,31816,0
2015-11-16,48.628,48.739,48.446,48.446,19004,0
2015-11-17,48.426,48.619,48.426,48.59,11777,0
2015-11-18,48.674,48.694,48.503,48.684,27375,0
2015-11-19,48.503,48.57,48.503,48.551,17766,0
2015-11-20,48.609,48.645,48.503,48.541,13016,0
2015-11-23,48.57,48.59,48.436,48.436,19728,0
2015-11-24,48.599,48.599,48.456,48.465,12292,0
2015-11-25,48.457,50.836,48.457,48.524,157708,0
2015-11-27,48.476,48.476,48.417,48.417,8050,0
2015-11-30,48.704,48.704,48.427,48.552,38083,0
2015-12-01,48.704,48.713,48.561,48.646,22373,0
2015-12-02,48.749,48.749,48.524,48.571,35414,0
2015-12-03,48.427,48.524,48.417,48.447,17862,0
2015-12-04,48.368,48.591,48.359,48.552,17030,0
2015-12-07,48.552,48.552,48.417,48.466,15275,0
2015-12-08,48.495,48.61,48.486,48.561,22776,0
2015-12-09,48.675,48.675,48.457,48.655,26530,0
2015-12-10,48.655,48.655,48.476,48.552,43142,0
2015-12-11,48.552,48.552,48.447,48.457,18063,0
2015-12-14,48.457,48.591,48.339,48.349,43124,0
2015-12-15,48.532,48.532,48.279,48.339,18785,0
2015-12-16,48.532,48.532,48.299,48.349,11868,0
2015-12-17,48.437,48.437,48.251,48.289,71013,0
2015-12-18,48.407,48.407,48.152,48.162,18165,0
2015-12-21,48.486,48.486,48.279,48.279,12179,0
2015-12-22,48.261,48.319,48.201,48.279,18420,0
2015-12-23,48.191,48.524,48.082,48.162,36124,0
2015-12-24,48.152,48.224,48.142,48.142,10112,0
2015-12-28,48.152,48.378,48.132,48.132,16847,0
2015-12-29,48.393,48.393,48.138,48.178,19918,0
2015-12-30,48.275,48.285,48.138,48.158,17319,0
2015-12-31,48.295,48.335,48.108,48.207,29650,0
2016-01-04,48.178,48.227,48.088,48.217,27179,0
2016-01-05,48.158,48.237,48.128,48.158,27417,0
2016-01-06,48.305,48.305,48.019,48.079,279701,0
2016-01-07,48.257,48.364,46.988,48.237,92152,0
2016-01-08,48.138,48.261,48.128,48.197,23180,0
2016-01-11,48.315,48.325,48.148,48.266,23758,0
2016-01-12,48.295,48.315,48.152,48.197,20942,0
2016-01-13,48.266,48.384,48.178,48.201,29647,0
2016-01-14,48.364,48.374,48.231,48.275,16219,0
2016-01-15,48.72,48.72,48.305,48.369,36595,0
2016-01-19,48.549,48.558,48.148,48.148,125340,0
2016-01-20,48.463,48.501,48.305,48.384,87864,0
2016-01-21,48.325,48.573,48.315,48.443,32927,0
2016-01-22,48.521,48.521,48.207,48.325,36920,0
2016-01-25,48.197,48.539,48.168,48.511,2313475,0
2016-01-26,48.635,48.72,48.374,48.501,49793,0
2016-01-27,48.394,48.619,48.394,48.54,34119,0
2016-01-28,48.644,48.644,48.444,48.6,16401,0
2016-01-29,48.738,48.738,48.54,48.589,19681,0
2016-02-01,48.693,48.747,48.559,48.559,34293,0
2016-02-02,48.711,48.738,48.55,48.703,695575,0
2016-02-03,48.703,48.721,48.598,48.66,24488,0
2016-02-04,48.636,48.766,48.636,48.653,27922,0
2016-02-05,48.711,48.711,48.559,48.644,16400,0
2016-02-08,48.683,48.738,48.55,48.703,59804,0
2016-02-09,48.636,48.757,48.575,48.663,43227,0
2016-02-10,48.573,48.721,48.573,48.644,36729,0
2016-02-11,48.806,49.016,48.618,48.618,100518,0
2016-02-12,48.653,48.689,48.55,48.569,33194,0
2016-02-16,48.54,48.796,48.54,48.644,64814,0
2016-02-17,48.693,48.711,48.55,48.569,28652,0
2016-02-18,48.636,48.711,48.559,48.628,21630,0
2016-02-19,48.589,48.71,48.589,48.663,22738,0
2016-02-22,48.693,48.711,48.644,48.676,35748,0
2016-02-23,48.856,48.856,48.618,48.636,41993,0
2016-02-24,48.77,48.786,48.683,48.703,22679,0
2016-02-25,48.861,48.861,48.678,48.707,10991,0
2016-02-26,48.707,48.801,48.668,48.716,26883,0
2016-02-29,48.831,48.831,48.623,48.716,49131,0
2016-03-01,48.734,48.806,48.478,48.507,3604051,0
2016-03-02,48.554,48.554,48.439,48.51,14505,0
2016-03-03,48.641,48.641,48.449,48.584,20815,0
2016-03-04,48.698,48.698,48.485,48.574,21154,0
2016-03-07,48.526,48.545,48.389,48.449,856149,0
2016-03-08,48.594,48.623,48.564,48.564,16528,0
2016-03-09,48.584,48.613,48.497,48.564,15402,0
2016-03-10,48.524,48.631,48.483,48.535,56323,0
2016-03-11,48.649,48.658,48.498,48.649,13604,0
2016-03-14,48.613,48.623,48.507,48.613,29900,0
2016-03-15,48.678,48.678,48.594,48.631,35234,0
2016-03-16,48.603,48.781,48.539,48.781,9047,0
2016-03-17,48.871,48.979,48.841,48.9,48029,0
2016-03-18,48.999,49.039,48.811,48.841,223820,0
2016-03-21,48.861,48.881,48.841,48.881,16512,0
2016-03-22,48.821,48.91,48.821,48.861,11086,0
2016-03-23,48.811,48.979,48.811,48.9,8826,0
2016-03-24,48.91,48.979,48.871,48.969,32318,0
2016-03-28,48.831,49.039,48.831,49.009,46170,0
2016-03-29,49.068,49.165,48.978,49.165,54412,0
2016-03-30,49.175,49.195,49.115,49.165,35218,0
2016-03-31,49.292,49.292,49.043,49.165,11993,0
2016-04-01,49.129,49.263,49.106,49.205,9944,0
2016-04-04,49.263,49.282,49.165,49.272,33747,0
2016-04-05,49.322,49.322,49.229,49.322,18429,0
2016-04-06,49.35,49.35,49.263,49.312,3512771,0
2016-04-07,49.342,49.342,49.235,49.312,32162,0
2016-04-08,49.37,49.399,49.287,49.312,54383,0
2016-04-11,49.419,49.419,49.312,49.312,41380,0
2016-04-12,49.466,49.466,49.197,49.35,32289,0
2016-04-13,49.312,49.378,49.245,49.312,48922,0
2016-04-14,49.35,49.35,49.225,49.282,44794,0
2016-04-15,49.263,49.302,49.215,49.263,34350,0
2016-04-18,49.245,49.332,49.235,49.312,26118,0
2016-04-19,49.312,49.312,49.272,49.292,23382,0
2016-04-20,49.312,49.312,49.215,49.272,23380,0
2016-04-21,49.235,49.235,49.165,49.19,33768,0
2016-04-22,49.165,49.235,49.165,49.165,40384,0
2016-04-25,49.145,49.195,49.125,49.125,46891,0
2016-04-26,49.175,49.2,49.086,49.106,29934,0
2016-04-27,49.157,49.247,49.127,49.137,47944,0
2016-04-28,49.219,49.265,49.137,49.207,19925,0
2016-04-29,49.334,49.334,49.227,49.247,51263,0
2016-05-02,49.314,49.314,49.256,49.256,22214,0
2016-05-03,49.314,49.344,49.294,49.294,20858,0
2016-05-04,49.319,49.381,49.284,49.314,17494,0
2016-05-05,49.362,49.431,49.314,49.362,62781,0
2016-05-06,49.477,49.477,49.344,49.441,18938,0
2016-05-09,49.468,49.485,49.362,49.392,22435,0
2016-05-10,49.334,49.477,49.334,49.411,13003,0
2016-05-11,49.421,49.421,49.344,49.348,3397941,0
2016-05-12,49.324,49.401,49.314,49.324,22713,0
2016-05-13,49.468,49.468,49.324,49.372,12790,0
2016-05-16,49.352,49.411,49.227,49.401,22398,0
2016-05-17,49.441,49.441,48.96,49.298,19357,0
2016-05-18,49.256,49.294,49.162,49.187,6913,0
2016-05-19,49.157,49.217,49.157,49.213,11810,0
2016-05-20,49.227,49.227,49.197,49.215,3861,0
2016-05-23,49.265,49.265,49.13,49.187,49770,0
2016-05-24,49.088,49.256,49.088,49.256,25983,0
2016-05-25,49.167,49.256,49.157,49.208,12067,0
2016-05-26,49.211,49.278,49.206,49.236,6505,0
2016-05-27,49.255,49.255,49.206,49.255,11745,0
2016-05-31,49.255,49.255,49.097,49.226,10617,0
2016-06-01,49.226,49.283,49.206,49.226,16328,0
2016-06-02,49.272,49.323,49.226,49.323,8234,0
2016-06-03,49.468,49.486,49.399,49.469,10071,0
2016-06-06,49.534,49.534,49.42,49.506,8622,0
2016-06-07,49.496,49.525,49.458,49.506,22216,0
2016-06-08,49.458,49.525,49.458,49.506,13319,0
2016-06-09,49.525,49.534,49.496,49.525,9980,0
2016-06-10,49.544,49.553,49.489,49.506,12834,0
2016-06-13,49.622,49.622,49.506,49.593,10107,0
2016-06-14,49.544,49.583,49.496,49.534,18805,0
2016-06-15,49.603,50.817,49.593,49.622,40382,0
2016-06-16,49.731,49.78,49.613,49.702,13579,0
2016-06-17,49.642,49.654,49.603,49.632,23280,0
2016-06-20,49.731,49.731,49.55,49.613,18304,0
2016-06-21,49.553,49.848,49.496,49.565,9206,0
2016-06-22,49.515,49.652,49.41,49.652,21990,0
2016-06-23,49.7,49.7,49.628,49.63,2644,0
2016-06-24,49.593,49.906,49.593,49.656,9133,0
2016-06-27,49.828,49.828,49.544,49.808,7085,0
2016-06-28,49.797,49.969,49.769,49.813,17271,0
2016-06-29,49.807,49.868,49.779,49.779,13747,0
2016-06-30,49.817,49.867,49.699,49.837,8617,0
2016-07-01,49.897,49.937,49.711,49.887,30996,0
2016-07-05,49.947,49.957,49.907,49.917,11551,0
2016-07-06,49.967,51.412,49.817,49.887,20821,0
2016-07-07,50.024,50.024,49.837,49.947,27607,0
2016-07-08,49.857,49.995,49.857,49.957,10305,0
2016-07-11,49.907,49.957,49.857,49.907,52706,0
2016-07-12,49.857,49.857,49.764,49.79,22244,0
2016-07-13,49.681,49.976,49.671,49.847,23266,0
2016-07-14,49.857,49.877,49.832,49.847,50300,0
2016-07-15,49.841,49.907,49.807,49.817,20796,0
2016-07-18,49.759,49.967,49.759,49.844,21191,0
2016-07-19,49.887,49.897,49.797,49.867,23389,0
2016-07-20,49.857,49.887,49.807,49.877,11559,0
2016-07-21,49.917,49.917,49.84,49.877,20723,0
2016-07-22,49.937,49.937,49.837,49.897,15301,0
2016-07-25,49.927,49.97,49.837,49.837,21674,0
2016-07-26,50.024,50.024,49.837,49.847,11600,0
2016-07-27,50.046,50.046,49.889,49.969,16520,0
2016-07-28,49.997,49.997,49.921,49.978,21508,0
2016-07-29,50.056,50.074,49.91,50.026,19153,0
2016-08-01,50.074,50.074,49.958,49.985,19479,0
2016-08-02,49.988,49.988,49.919,49.939,16707,0
2016-08-03,49.919,50.017,49.919,49.978,16026,0
2016-08-04,50.046,50.084,50.008,50.056,13550,0
2016-08-05,50.046,50.046,49.939,49.948,22933,0
2016-08-08,49.909,49.919,49.831,49.919,27576,0
2016-08-09,49.978,49.978,49.829,49.849,14451,0
2016-08-10,49.869,50.007,49.869,49.899,20565,0
2016-08-11,50.036,50.036,49.919,49.929,10576,0
2016-08-12,50.026,50.036,49.92,50.036,8568,0
2016-08-15,50.036,50.036,49.929,50.017,10300,0
2016-08-16,49.929,49.978,49.829,49.919,24229,0
2016-08-17,49.959,49.971,49.875,49.909,11792,0
2016-08-18,50.007,50.066,49.929,50.041,9094,0
2016-08-19,50.007,50.007,49.879,49.978,27485,0
2016-08-22,50.007,50.026,49.959,49.959,51005,0
2016-08-23,50.026,50.056,49.929,50.007,7990,0
2016-08-24,50.036,50.036,49.975,50.004,14961,0
2016-08-25,49.939,50.017,49.939,49.988,20604,0
2016-08-26,49.987,49.987,49.869,49.879,6811,0
2016-08-29,49.94,49.979,49.88,49.979,67580,0
2016-08-30,49.89,49.979,49.86,49.88,42293,0
2016-08-31,49.91,49.97,49.86,49.96,14904,0
2016-09-01,49.91,49.979,49.9,49.94,26741,0
2016-09-02,49.89,50.008,49.89,49.974,6148,0
2016-09-06,49.96,50.057,49.942,50.027,21048,0
2016-09-07,49.989,50.027,49.987,50.008,13461,0
2016-09-08,49.993,50.018,49.96,49.979,5994,0
2016-09-09,49.88,49.97,49.83,49.89,21840,0
2016-09-12,49.94,49.94,49.83,49.888,6685,0
2016-09-13,49.94,49.94,49.84,49.84,4305,0
2016-09-14,49.88,49.979,49.84,49.84,10977,0
2016-09-15,49.83,49.96,49.83,49.922,2926,0
2016-09-16,49.908,49.94,49.858,49.874,4569,0
2016-09-19,49.93,49.96,49.9,49.9,15002,0
2016-09-20,49.9,49.93,49.791,49.82,31363,0
2016-09-21,49.83,49.92,49.81,49.84,19144,0
2016-09-22,49.84,49.92,49.84,49.879,20029,0
2016-09-23,49.89,49.913,49.85,49.91,12815,0
2016-09-26,49.95,49.998,49.88,49.96,8405,0
2016-09-27,49.96,49.965,49.935,49.95,4391,0
2016-09-28,49.967,50.029,49.933,49.963,13773,0
2016-09-29,49.942,50.01,49.912,49.937,27282,0
2016-09-30,49.981,50.01,49.917,49.981,12683,0
2016-10-03,49.991,49.991,49.852,49.852,16025,0
2016-10-04,49.962,49.962,49.842,49.922,14910,0
2016-10-05,49.912,49.912,49.774,49.774,17381,0
2016-10-06,49.862,49.872,49.764,49.764,10684,0
2016-10-07,49.793,49.832,49.77,49.779,5230,0
2016-10-10,49.764,49.854,49.745,49.761,18855,0
2016-10-11,49.715,49.786,49.715,49.751,7477,0
2016-10-12,49.725,49.862,49.725,49.745,20083,0
2016-10-13,49.872,49.892,49.774,49.882,29388,0
2016-10-14,49.822,49.882,49.795,49.882,12565,0
2016-10-17,49.912,49.912,49.857,49.892,4871,0
2016-10-18,49.822,49.942,49.822,49.852,32837,0
2016-10-19,49.832,49.952,49.832,49.872,14959,0
2016-10-20,49.952,50,49.877,49.981,30435,0
2016-10-21,49.971,49.971,49.852,49.932,27544,0
2016-10-24,49.942,49.991,49.836,49.882,13880,0
2016-10-25,49.902,49.952,49.804,49.942,10299,0
2016-10-26,49.912,49.932,49.842,49.932,25053,0
2016-10-27,49.865,49.925,49.767,49.786,26698,0
2016-10-28,49.865,49.915,49.795,49.795,9622,0
2016-10-31,49.777,49.925,49.777,49.915,24829,0
2016-11-01,49.905,49.905,49.795,49.795,10803,0
2016-11-02,49.777,49.875,49.777,49.815,4537,0
2016-11-03,49.757,49.955,49.757,49.845,41160,0
2016-11-04,49.805,49.965,49.805,49.895,11986,0
2016-11-07,49.795,49.969,49.777,49.955,2711557,0
2016-11-08,49.805,49.876,49.786,49.786,27091,0
2016-11-09,49.757,49.835,49.61,49.63,26388,0
2016-11-10,49.6,49.728,49.54,49.54,24711,0
2016-11-11,49.54,49.649,49.501,49.51,37427,0
2016-11-14,49.412,49.456,49.353,49.409,51012,0
2016-11-15,49.325,49.509,49.325,49.363,56838,0
2016-11-16,49.353,49.471,49.335,49.405,21063,0
2016-11-17,49.462,49.462,49.315,49.335,42605,0
2016-11-18,49.315,49.428,49.241,49.316,32484,0
2016-11-21,49.256,49.412,49.238,49.275,34628,0
2016-11-22,49.345,49.378,49.266,49.266,70235,0
2016-11-23,49.218,49.278,49.208,49.238,18664,0
2016-11-25,49.158,49.259,49.158,49.178,17953,0
2016-11-28,49.272,49.291,49.186,49.204,17338,0
2016-11-29,49.281,49.311,49.184,49.262,16369,0
2016-11-30,49.164,49.29,49.164,49.214,22077,0
2016-12-01,49.164,49.253,49.124,49.144,34198,0
2016-12-02,49.114,49.262,49.114,49.204,52509,0
2016-12-05,49.154,49.262,49.134,49.174,55683,0
2016-12-06,49.174,49.262,49.174,49.244,23360,0
2016-12-07,49.262,49.368,49.224,49.253,43106,0
2016-12-08,49.234,49.301,49.224,49.234,112315,0
2016-12-09,49.214,49.273,49.144,49.174,289105,0
2016-12-12,49.134,49.204,49.085,49.184,87235,0
2016-12-13,49.134,49.214,49.134,49.204,37239,0
2016-12-14,49.164,49.232,48.967,49.105,41166,0
2016-12-15,48.947,49.077,48.878,49.067,321171,0
2016-12-16,48.927,49.067,48.927,49.067,34999,0
2016-12-19,49.067,49.155,48.987,49.067,35196,0
2016-12-20,48.967,49.154,48.967,49.144,30719,0
2016-12-21,48.997,49.194,48.987,49.105,35148,0
2016-12-22,49.085,49.194,49.085,49.105,36333,0
2016-12-23,49.057,49.214,49.047,49.214,16207,0
2016-12-27,49.037,49.184,49.037,49.095,44210,0
2016-12-28,49.071,49.178,49.021,49.168,87198,0
2016-12-29,49.128,49.256,49.128,49.168,20653,0
2016-12-30,49.168,49.275,49.158,49.237,20145,0
2017-01-03,49.148,49.266,49.128,49.238,35565,0
2017-01-04,49.188,49.27,49.188,49.256,47799,0
2017-01-05,49.275,49.443,49.268,49.403,22352,0
2017-01-06,49.315,49.367,49.228,49.256,52973,0
2017-01-09,49.248,49.396,49.248,49.355,31129,0
2017-01-10,49.295,49.442,49.295,49.353,20146,0
2017-01-11,49.335,49.472,49.324,49.374,19673,0
2017-01-12,49.412,49.452,49.373,49.373,18474,0
2017-01-13,49.373,49.452,49.335,49.335,18547,0
2017-01-17,49.551,49.551,49.325,49.353,158173,0
2017-01-18,49.452,49.462,49.295,49.315,189849,0
2017-01-19,49.363,49.363,49.275,49.325,1646185,0
2017-01-20,49.373,49.393,49.266,49.335,16316,0
2017-01-23,49.393,49.538,49.305,49.462,24409,0
2017-01-24,49.492,49.541,49.335,49.335,15162,0
2017-01-25,49.432,49.472,49.238,49.275,53975,0
2017-01-26,49.422,49.442,49.295,49.364,46759,0
2017-01-27,49.508,49.508,49.369,49.468,20762,0
2017-01-30,49.331,49.448,49.302,49.408,22896,0
2017-01-31,49.403,49.478,49.389,49.418,29977,0
2017-02-01,49.458,49.458,49.301,49.359,33139,0
2017-02-02,49.458,49.458,49.331,49.389,25834,0
2017-02-03,49.498,49.555,49.384,49.458,46238,0
2017-02-06,49.478,49.577,49.478,49.527,74345,0
2017-02-07,49.607,49.607,49.508,49.508,49927,0
2017-02-08,49.508,49.605,49.508,49.547,28052,0
2017-02-09,49.627,49.627,49.508,49.508,28665,0
2017-02-10,49.438,49.557,49.438,49.498,15375,0
2017-02-13,49.557,49.557,49.488,49.508,50407,0
2017-02-14,49.508,49.597,49.428,49.468,53881,0
2017-02-15,49.448,49.542,49.398,49.418,16457,0
2017-02-16,49.547,49.547,49.48,49.498,39858,0
2017-02-17,49.627,49.627,49.517,49.537,16860,0
2017-02-21,49.607,49.617,49.537,49.597,37862,0
2017-02-22,49.637,49.637,49.527,49.567,16583,0
2017-02-23,49.617,49.647,49.617,49.637,7797,0
2017-02-24,49.712,49.84,49.678,49.772,24973,0
2017-02-27,49.8,49.8,49.652,49.712,1252990,0
2017-02-28,49.652,49.761,49.632,49.632,10112,0
2017-03-01,49.522,49.662,49.522,49.552,22730,0
2017-03-02,49.612,49.612,49.503,49.522,18446,0
2017-03-03,49.512,49.622,49.512,49.602,8963,0
2017-03-06,49.622,49.682,49.532,49.542,17910,0
2017-03-07,49.522,49.619,49.522,49.562,8525,0
2017-03-08,49.503,49.572,49.438,49.453,18088,0
2017-03-09,49.403,49.538,49.403,49.443,21507,0
2017-03-10,49.423,49.532,49.403,49.463,17105,0
2017-03-13,49.413,49.517,49.403,49.403,61822,0
2017-03-14,49.493,49.493,49.384,49.394,15334,0
2017-03-15,49.493,49.56,49.406,49.522,9782,0
2017-03-16,49.632,49.636,49.562,49.572,10757,0
2017-03-17,49.652,49.662,49.572,49.612,11168,0
2017-03-20,49.572,49.653,49.532,49.582,12813,0
2017-03-21,49.582,49.731,49.582,49.622,12752,0
2017-03-22,49.652,49.795,49.652,49.652,17780,0
2017-03-23,49.772,49.772,49.642,49.712,10079,0
2017-03-24,49.782,49.782,49.622,49.672,16870,0
2017-03-27,49.81,49.81,49.707,49.707,13399,0
2017-03-28,49.722,49.83,49.705,49.742,7916,0
2017-03-29,49.704,49.748,49.664,49.664,25057,0
2017-03-30,49.724,49.744,49.669,49.744,8720,0
2017-03-31,49.783,49.822,49.694,49.694,23000,0
2017-04-03,49.822,49.851,49.734,49.754,34059,0
2017-04-04,49.764,49.842,49.754,49.754,11787,0
2017-04-05,49.832,49.838,49.744,49.793,29250,0
2017-04-06,49.802,49.852,49.774,49.827,40443,0
2017-04-07,49.892,49.892,49.704,49.704,45622,0
2017-04-10,49.842,49.842,49.704,49.704,29182,0
2017-04-11,49.764,49.832,49.764,49.793,17990,0
2017-04-12,49.822,49.872,49.802,49.842,14896,0
2017-04-13,49.902,49.951,49.892,49.911,15757,0
2017-04-17,49.902,49.917,49.902,49.902,7196,0
2017-04-18,49.912,49.961,49.912,49.942,5247,0
2017-04-19,49.94,49.967,49.94,49.959,13300,0
2017-04-20,49.952,49.952,49.902,49.927,9890,0
2017-04-21,49.981,49.981,49.926,49.942,45157,0
2017-04-24,49.912,49.922,49.862,49.92,12289,0
2017-04-25,49.872,49.89,49.822,49.822,8439,0
2017-04-26,49.882,49.882,49.822,49.872,6963,0
2017-04-27,49.872,49.942,49.872,49.912,11172,0
2017-04-28,49.912,49.917,49.87,49.917,4045,0
2017-05-01,49.981,50,49.892,49.904,17463,0
2017-05-02,49.892,49.971,49.892,49.942,7226,0
2017-05-03,49.942,49.942,49.873,49.873,4265,0
2017-05-04,49.862,49.912,49.862,49.912,16759,0
2017-05-05,49.852,49.912,49.852,49.902,14909,0
2017-05-08,49.862,49.895,49.852,49.852,8614,0
2017-05-09,49.812,49.882,49.812,49.842,11917,0
2017-05-10,49.932,49.932,49.874,49.877,3600,0
2017-05-11,49.892,49.922,49.863,49.893,10918,0
2017-05-12,49.892,49.975,49.892,49.975,5314,0
2017-05-15,49.942,49.977,49.942,49.977,2114,0
2017-05-16,50.01,50.01,49.972,49.981,7328,0
2017-05-17,50.02,50.098,50.02,50.069,4418,0
2017-05-18,50.06,50.077,50.03,50.03,3964,0
2017-05-19,50.088,50.088,50.05,50.05,12540,0
2017-05-22,50.138,50.138,50.05,50.05,6253,0
2017-05-23,50.248,50.248,50.05,50.06,9830,0
2017-05-24,49.981,50.118,49.981,50.078,7992,0
2017-05-25,50.138,50.138,50.069,50.128,5541,0
2017-05-26,50.17,50.17,50.052,50.078,8066,0
2017-05-30,50.14,50.14,50.08,50.12,9927,0
2017-05-31,50.07,50.127,50.07,50.123,2978,0
2017-06-01,50.062,50.14,50.062,50.099,4113,0
2017-06-02,50.08,50.19,50.08,50.12,9799,0
2017-06-05,50.09,50.17,50.09,50.14,7728,0
2017-06-06,50.19,50.199,50.13,50.196,40026,0
2017-06-07,50.17,50.17,50.12,50.136,3649,0
2017-06-08,50.11,50.15,50.062,50.135,13830,0
2017-06-09,50.098,50.11,50.08,50.08,5295,0
2017-06-12,50.07,50.17,50.062,50.113,18190,0
2017-06-13,50.12,50.15,50.11,50.11,18721,0
2017-06-14,50.19,50.198,50.14,50.18,17804,0
2017-06-15,50.123,50.145,50.099,50.135,2886,0
2017-06-16,50.16,50.21,50.1,50.1,3759,0
2017-06-19,50.16,50.18,50.114,50.16,9831,0
2017-06-20,50.21,50.21,50.11,50.21,25561,0
2017-06-21,50.19,50.21,50.111,50.2,8469,0
2017-06-22,50.19,50.221,50.186,50.2,4706,0
2017-06-23,50.23,50.24,50.171,50.217,27289,0
2017-06-26,50.24,50.25,50.205,50.24,6919,0
2017-06-27,50.23,50.23,50.15,50.15,14334,0
2017-06-28,50.15,50.285,50.15,50.257,3425,0
2017-06-29,50.19,50.21,50.14,50.159,5005,0
2017-06-30,50.14,50.17,50.14,50.15,6076,0
2017-07-03,50.18,50.18,50.08,50.14,7168,0
2017-07-05,50.042,50.15,50.042,50.052,11630,0
2017-07-06,50.07,50.15,50.053,50.144,5635,0
2017-07-07,50.17,50.17,50.053,50.108,20359,0
2017-07-10,50.19,50.21,50.17,50.21,13680,0
2017-07-11,50.21,50.24,50.141,50.24,9361,0
2017-07-12,50.289,50.29,50.22,50.29,9036,0
2017-07-13,50.27,50.28,50.24,50.27,15108,0
2017-07-14,50.34,50.34,50.251,50.3,8551,0
2017-07-17,50.24,50.32,50.24,50.32,7667,0
2017-07-18,50.27,50.35,50.27,50.28,16555,0
2017-07-19,50.36,50.36,50.28,50.338,15561,0
2017-07-20,50.34,50.36,50.309,50.34,18271,0
2017-07-21,50.34,50.38,50.311,50.38,14100,0
2017-07-24,50.36,50.38,50.301,50.33,18610,0
2017-07-25,50.35,50.36,50.319,50.34,16152,0
2017-07-26,50.35,50.388,50.29,50.351,6034,0
2017-07-27,50.34,50.369,50.28,50.29,3534,0
2017-07-28,50.34,50.36,50.321,50.321,2325,0
2017-07-31,50.42,50.42,50.3,50.39,6652,0
2017-08-01,50.36,50.439,50.36,50.378,5177,0
2017-08-02,50.43,50.437,50.33,50.33,19594,0
2017-08-03,50.39,50.44,50.39,50.41,5906,0
2017-08-04,50.365,50.377,50.355,50.365,5116,0
2017-08-07,50.34,50.4,50.3,50.37,9166,0
2017-08-08,50.36,50.39,50.35,50.35,7122,0
2017-08-09,50.39,50.42,50.384,50.386,6602,0
2017-08-10,50.36,50.384,50.3,50.355,13445,0
2017-08-11,50.34,50.42,50.335,50.396,14164,0
2017-08-14,50.38,50.399,50.33,50.33,9220,0
2017-08-15,50.33,50.339,50.29,50.29,12091,0
2017-08-16,50.329,50.345,50.295,50.32,2406,0
2017-08-17,50.36,50.42,50.32,50.42,10367,0
2017-08-18,50.37,50.433,50.34,50.43,13915,0
2017-08-21,50.46,50.46,50.395,50.417,8487,0
2017-08-22,50.375,50.41,50.34,50.387,11148,0
2017-08-23,50.34,50.452,50.34,50.38,7953,0
2017-08-24,50.41,50.45,50.35,50.35,7787,0
2017-08-25,50.36,50.45,50.36,50.45,4817,0
2017-08-28,50.44,50.44,50.38,50.429,5968,0
2017-08-29,50.44,50.5,50.41,50.489,5522,0
2017-08-30,50.493,50.497,50.46,50.497,3105,0
2017-08-31,50.43,50.509,50.43,50.48,3938,0
2017-09-01,50.4,50.49,50.4,50.471,4390,0
2017-09-05,50.45,50.563,50.45,50.49,10165,0
2017-09-06,50.55,50.589,50.47,50.47,8875,0
2017-09-07,50.5,50.605,50.5,50.605,1882,0
2017-09-08,50.57,50.6,50.52,50.521,4105,0
2017-09-11,50.46,50.51,50.46,50.495,10108,0
2017-09-12,50.43,50.5,50.43,50.49,14077,0
2017-09-13,50.5,50.5,50.428,50.451,5891,0
2017-09-14,50.43,50.45,50.41,50.41,3988,0
2017-09-15,50.41,50.44,50.41,50.43,4953,0
2017-09-18,50.43,50.43,50.41,50.43,7704,0
2017-09-19,50.44,50.46,50.43,50.434,12900,0
2017-09-20,50.44,50.45,50.326,50.338,3975,0
2017-09-21,50.34,50.4,50.33,50.36,4968,0
2017-09-22,50.42,50.42,50.34,50.4,5569,0
2017-09-25,50.42,50.48,50.371,50.475,9916,0
2017-09-26,50.386,50.452,50.386,50.43,3629,0
2017-09-27,50.42,50.42,50.35,50.39,9660,0
2017-09-28,50.35,50.43,50.35,50.36,2794,0
2017-09-29,50.38,50.45,50.351,50.403,12230,0
2017-10-02,50.35,50.43,50.34,50.37,13290,0
2017-10-03,50.42,50.45,50.36,50.366,13351,0
2017-10-04,50.45,50.46,50.38,50.45,10715,0
2017-10-05,50.48,50.48,50.37,50.419,6057,0
2017-10-06,50.3,50.41,50.3,50.369,4355,0
2017-10-09,50.29,50.41,50.29,50.34,13137,0
2017-10-10,50.38,50.38,50.358,50.38,2569,0
2017-10-11,50.38,50.43,50.37,50.397,8434,0
2017-10-12,50.43,50.462,50.39,50.46,6440,0
2017-10-13,50.446,50.48,50.421,50.421,6968,0
2017-10-16,50.58,50.58,50.38,50.49,18811,0
2017-10-17,50.441,50.466,50.33,50.39,55573,0
2017-10-18,50.38,50.38,50.32,50.34,7690,0
2017-10-19,50.419,50.419,50.34,50.37,2114,0
2017-10-20,50.3,50.41,50.3,50.4,7096,0
2017-10-23,50.4,50.42,50.311,50.34,4969,0
2017-10-24,50.354,50.396,50.301,50.37,4047,0
2017-10-25,50.35,50.372,50.26,50.33,4960,0
2017-10-26,50.38,50.38,50.291,50.33,5108,0
2017-10-27,50.39,50.4199,50.341,50.341,8035,0
2017-10-30,50.31,50.45,50.31,50.31,11563,0
2017-10-31,50.32,50.428,50.32,50.4,6654,0
2017-11-01,50.37,50.419,50.31,50.35,21494,0
2017-11-02,50.31,50.405,50.31,50.31,77269,0
2017-11-03,50.31,50.41,50.31,50.38,17944,0
2017-11-06,50.33,50.43,50.33,50.39,16998,0
2017-11-07,50.38,50.39,50.35,50.39,25601,0
2017-11-08,50.41,50.41,50.3,50.34,16789,0
2017-11-09,50.3,50.3357,50.3,50.33,7038,0
2017-11-10,50.3,50.305,50.235,50.2648,4960,0
