Date,Open,High,Low,Close,Volume,OpenInt
2011-06-23,20.743,20.743,20.743,20.743,243,0
2011-06-24,20.796,20.796,20.787,20.787,6716,0
2011-06-28,20.725,20.725,20.725,20.725,130,0
2011-07-01,20.796,20.834,20.796,20.825,762194,0
2011-07-05,20.811,20.819,20.811,20.819,3156,0
2011-07-06,20.79,20.79,20.745,20.745,26975,0
2011-07-07,20.717,20.717,20.717,20.717,1282,0
2011-07-11,20.805,20.805,20.762,20.787,3960,0
2011-07-12,20.733,20.733,20.733,20.733,2984,0
2011-07-15,20.796,20.796,20.768,20.796,1427,0
2011-07-19,20.79,20.807,20.781,20.807,5986,0
2011-07-20,20.883,20.891,20.819,20.891,12140,0
2011-07-21,20.917,20.917,20.874,20.917,4542,0
2011-07-25,20.866,20.874,20.825,20.874,572,0
2011-07-27,20.819,20.819,20.819,20.819,1236,0
2011-08-01,21.016,21.016,21.016,21.016,845,0
2011-08-04,20.969,20.969,20.969,20.969,243,0
2011-08-05,20.834,20.917,20.834,20.917,2162,0
2011-08-08,20.618,20.661,20.503,20.503,2637,0
2011-08-09,20.634,20.634,20.634,20.634,3481,0
2011-08-11,20.819,20.819,20.819,20.819,479,0
2011-08-12,20.911,20.911,20.911,20.911,1443,0
2011-08-15,20.924,20.924,20.924,20.924,479,0
2011-08-16,21.016,21.016,21.016,21.016,845,0
2011-08-17,21.016,21.016,21.016,21.016,15259,0
2011-08-19,20.977,21.063,20.977,21.063,6972,0
2011-08-23,20.957,20.957,20.842,20.842,3887,0
2011-08-25,20.821,20.821,20.821,20.821,167,0
2011-08-26,20.937,20.937,20.937,20.937,104,0
2011-08-29,20.954,20.954,20.894,20.894,1290,0
2011-08-30,21.026,21.026,21.026,21.026,1807,0
2011-08-31,21.089,21.089,20.984,20.984,3030,0
2011-09-01,20.985,20.985,20.985,20.985,794,0
2011-09-06,20.964,20.964,20.964,20.964,2189,0
2011-09-08,21.082,21.082,21.082,21.082,119,0
2011-09-09,20.94,20.94,20.931,20.931,2212,0
2011-09-13,20.821,20.821,20.821,20.821,3089,0
2011-09-16,20.996,20.996,20.871,20.871,13811,0
2011-09-19,20.977,20.977,20.977,20.977,1141,0
2011-09-20,20.937,21.003,20.937,20.937,7378,0
2011-09-22,20.903,20.903,20.903,20.903,374,0
2011-09-23,20.889,20.948,20.88,20.889,2500,0
2011-09-28,20.712,20.712,20.712,20.712,1501,0
2011-09-29,20.773,20.773,20.773,20.773,275,0
2011-10-03,20.596,20.69,20.596,20.673,5938,0
2011-10-04,20.521,20.564,20.498,20.564,6974,0
2011-10-05,20.638,20.647,20.638,20.647,22353,0
2011-10-10,20.664,20.747,20.664,20.747,2678,0
2011-10-11,20.765,20.765,20.765,20.765,569,0
2011-10-12,20.84,20.84,20.84,20.84,1857,0
2011-10-13,20.847,20.896,20.765,20.863,7418,0
2011-10-14,20.81,20.81,20.81,20.81,104,0
2011-10-18,20.931,20.931,20.931,20.931,130,0
2011-10-19,20.94,20.94,20.94,20.94,104,0
2011-10-20,20.921,20.964,20.921,20.964,489,0
2011-10-21,21.03,21.1,20.914,20.922,8469,0
2011-10-26,21.148,21.148,21.148,21.148,1220,0
2011-10-27,21.25,21.25,21.25,21.25,593,0
2011-10-28,21.289,21.289,21.289,21.289,1404,0
2011-11-04,21.197,21.197,21.197,21.197,418,0
2011-11-07,21.567,21.567,21.331,21.339,6582,0
2011-11-08,21.2,21.2,21.2,21.2,417,0
2011-11-09,21.193,21.193,21.193,21.193,428,0
2011-11-10,21.136,21.136,21.095,21.095,295,0
2011-11-14,21.166,21.166,21.141,21.141,1334,0
2011-11-15,21.116,21.116,21.116,21.116,1311,0
2011-11-16,21.075,21.075,21.075,21.075,1124,0
2011-11-21,20.774,20.774,20.774,20.774,467,0
2011-11-22,21.284,21.284,20.88,20.914,964,0
2011-11-23,20.825,20.825,20.825,20.825,1076,0
2011-12-01,20.722,20.899,20.707,20.899,1782,0
2011-12-02,20.942,21.252,20.942,20.942,239,0
2011-12-06,20.865,20.865,20.865,20.865,509,0
2011-12-13,21.051,21.051,21.051,21.051,1249,0
2011-12-19,21.059,21.059,21.059,21.059,314,0
2011-12-27,21.035,21.035,21.019,21.019,10346,0
2011-12-28,21.035,21.121,21.035,21.121,699,0
2011-12-29,21.146,21.178,21.138,21.153,9013,0
2012-01-03,21.238,21.238,21.238,21.238,431,0
2012-01-05,21.178,21.178,21.178,21.178,473,0
2012-01-06,21.792,21.792,21.171,21.171,5579,0
2012-01-09,21.146,21.146,21.146,21.146,589,0
2012-01-10,21.146,21.206,21.146,21.206,1738,0
2012-01-17,21.491,21.491,21.321,21.365,2978,0
2012-01-18,21.23,21.23,21.23,21.23,550,0
2012-01-19,21.391,21.49,21.364,21.364,589,0
2012-01-20,21.206,21.206,21.206,21.206,587,0
2012-01-24,21.355,21.355,21.187,21.355,547,0
2012-01-25,21.28,21.28,21.272,21.272,502,0
2012-01-27,21.534,21.534,21.534,21.534,104,0
2012-01-30,21.69,21.69,21.576,21.576,3141,0
2012-01-31,21.502,21.606,21.484,21.606,8666,0
2012-02-01,21.659,21.743,21.659,21.743,20457,0
2012-02-02,21.682,21.682,21.682,21.682,2860,0
2012-02-03,21.583,21.583,21.583,21.583,104,0
2012-02-06,21.699,21.699,21.699,21.699,134,0
2012-02-07,21.578,21.578,21.578,21.578,735,0
2012-02-10,21.66,21.66,21.652,21.652,588,0
2012-02-16,21.627,21.627,21.576,21.576,4872,0
2012-02-21,21.576,21.576,21.576,21.576,425,0
2012-02-22,21.719,21.729,21.719,21.729,776,0
2012-02-23,21.7,21.7,21.7,21.7,4422,0
2012-02-27,21.84,21.84,21.84,21.84,368,0
2012-02-29,21.962,21.962,21.748,21.748,2659,0
2012-03-05,21.692,21.794,21.692,21.794,4649,0
2012-03-07,21.739,21.739,21.732,21.732,1396,0
2012-03-08,21.773,21.773,21.773,21.773,20821,0
2012-03-09,21.647,21.647,21.647,21.647,365,0
2012-03-12,21.745,21.745,21.745,21.745,1185,0
2012-03-13,21.779,21.788,21.729,21.788,1542,0
2012-03-14,21.628,21.636,21.628,21.636,3306,0
2012-03-15,21.585,21.585,21.585,21.585,419,0
2012-03-16,21.462,21.494,21.462,21.494,343,0
2012-03-19,21.61,21.61,21.474,21.56,2964,0
2012-03-20,21.474,21.585,21.474,21.585,5517,0
2012-03-21,21.593,21.593,21.5,21.5,4698,0
2012-03-22,21.527,21.628,21.518,21.593,6633,0
2012-03-26,21.678,21.704,21.587,21.704,6279,0
2012-03-27,21.704,21.732,21.613,21.632,12285,0
2012-03-28,21.605,21.605,21.605,21.605,553,0
2012-03-29,21.596,21.596,21.596,21.596,857,0
2012-03-30,21.752,21.761,21.752,21.761,6890,0
2012-04-02,21.748,21.748,21.723,21.748,2300,0
2012-04-04,21.64,21.64,21.64,21.64,535,0
2012-04-09,21.713,21.713,21.713,21.713,2349,0
2012-04-10,21.687,21.687,21.687,21.687,1363,0
2012-04-17,21.81,21.81,21.81,21.81,2061,0
2012-04-18,21.826,21.891,21.695,21.891,2627,0
2012-04-23,21.894,21.894,21.894,21.894,470,0
2012-04-24,21.937,21.946,21.759,21.819,34522,0
2012-04-25,21.894,21.894,21.854,21.854,236,0
2012-04-26,21.902,21.902,21.785,21.785,391,0
2012-04-27,21.716,21.81,21.716,21.81,1294,0
2012-04-30,21.98,22.256,21.748,21.748,11767,0
2012-05-01,21.767,21.919,21.767,21.877,4838,0
2012-05-02,21.988,21.988,21.838,21.928,1081,0
2012-05-03,21.838,21.838,21.838,21.838,469,0
2012-05-07,21.919,21.979,21.861,21.955,75831,0
2012-05-08,21.955,21.988,21.955,21.988,17573,0
2012-05-09,22.006,22.006,21.828,21.894,26700,0
2012-05-10,21.838,21.902,21.697,21.697,24954,0
2012-05-11,21.854,21.877,21.792,21.792,37620,0
2012-05-14,21.801,21.861,21.785,21.792,41489,0
2012-05-15,21.726,21.819,21.69,21.706,20269,0
2012-05-16,21.75,21.75,21.68,21.706,41774,0
2012-05-17,21.672,21.672,21.574,21.607,6486,0
2012-05-18,21.624,21.689,21.522,21.689,3182,0
2012-05-21,21.538,21.581,21.538,21.581,17691,0
2012-05-22,21.657,21.657,21.487,21.607,22882,0
2012-05-23,21.625,21.625,21.531,21.538,22530,0
2012-05-24,21.573,21.606,21.547,21.606,2352,0
2012-05-25,21.598,21.639,21.564,21.573,29660,0
2012-05-29,21.573,21.649,21.573,21.581,1531,0
2012-05-30,21.486,21.657,21.486,21.598,6401,0
2012-06-01,21.615,21.615,21.478,21.478,7556,0
2012-06-04,21.639,21.639,21.495,21.495,1658,0
2012-06-05,21.638,21.638,21.493,21.511,6827,0
2012-06-08,21.571,21.571,21.571,21.571,516,0
2012-06-11,21.634,21.634,21.634,21.634,104,0
2012-06-12,21.634,21.689,21.564,21.689,30304,0
2012-06-13,21.697,21.733,21.589,21.733,11299,0
2012-06-14,21.767,21.801,21.581,21.75,10610,0
2012-06-18,21.697,21.819,21.689,21.689,11136,0
2012-06-19,21.75,21.854,21.75,21.838,186678,0
2012-06-20,21.854,21.854,21.854,21.854,827,0
2012-06-21,21.739,21.748,21.739,21.748,1064,0
2012-06-22,21.695,21.826,21.695,21.826,3373,0
2012-06-25,21.798,21.817,21.798,21.817,583,0
2012-06-26,21.695,21.695,21.695,21.695,140,0
2012-06-28,21.713,21.713,21.713,21.713,344,0
2012-06-29,21.922,21.932,21.922,21.922,20248,0
2012-07-02,22.261,22.269,22.252,22.269,13860,0
2012-07-03,22.131,22.131,21.86,21.901,2842,0
2012-07-05,21.971,21.971,21.971,21.971,2568,0
2012-07-09,22.086,22.086,22.029,22.029,9752,0
2012-07-10,21.853,22.112,21.836,22.112,26118,0
2012-07-12,22.102,22.102,21.971,22.102,5210,0
2012-07-13,22.014,22.014,21.971,21.971,3130,0
2012-07-16,21.901,22.068,21.901,22.068,1995,0
2012-07-17,22.139,22.139,22.004,22.004,4036,0
2012-07-19,22.166,22.166,22.166,22.166,1091,0
2012-07-23,22.14,22.217,22.14,22.217,10735,0
2012-07-24,22.203,22.203,22.203,22.203,1161,0
2012-07-25,22.14,22.14,22.14,22.14,529,0
2012-07-26,22.262,22.262,22.262,22.262,749,0
2012-07-30,22.078,22.078,22.078,22.078,231,0
2012-08-01,22.354,22.354,22.354,22.354,6541,0
2012-08-02,22.139,22.175,22.112,22.121,7324,0
2012-08-03,22.14,22.14,22.087,22.087,15868,0
2012-08-06,22.157,22.21,22.157,22.21,444,0
2012-08-07,22.28,22.28,22.28,22.28,466,0
2012-08-08,22.176,22.176,22.166,22.166,1017,0
2012-08-09,22.113,22.14,22.113,22.14,2220,0
2012-08-10,22.165,22.165,22.121,22.13,8679,0
2012-08-13,22.271,22.412,22.271,22.412,3754,0
2012-08-14,22.201,22.201,22.201,22.201,373,0
2012-08-17,22.139,22.139,22.139,22.139,13133,0
2012-08-21,22.068,22.068,22.068,22.068,104,0
2012-08-22,22.244,22.262,22.244,22.262,2920,0
2012-08-23,22.209,22.209,22.209,22.209,104,0
2012-08-24,22.327,22.327,22.217,22.217,823,0
2012-08-27,22.455,22.455,22.455,22.455,579,0
2012-08-28,22.244,22.244,22.244,22.244,1923,0
2012-08-30,22.354,22.354,22.344,22.344,3683,0
2012-09-04,22.338,22.338,22.338,22.338,195,0
2012-09-07,22.57,22.57,22.504,22.504,701,0
2012-09-10,22.5,22.5,22.483,22.483,1166,0
2012-09-11,22.388,22.388,22.388,22.388,1384,0
2012-09-13,22.523,22.54,22.523,22.54,369,0
2012-09-14,22.535,22.535,22.432,22.535,5483,0
2012-09-18,22.441,22.441,22.441,22.441,1333,0
2012-09-21,22.477,22.606,22.477,22.606,1918,0
2012-09-27,22.621,22.621,22.464,22.621,6636,0
2012-09-28,22.643,22.643,22.625,22.625,15342,0
2012-10-01,22.649,22.649,22.649,22.649,1692,0
2012-10-02,22.655,22.664,22.655,22.664,1146,0
2012-10-08,22.689,22.689,22.689,22.689,2471,0
2012-10-09,22.649,22.649,22.649,22.649,334,0
2012-10-10,22.649,22.673,22.649,22.673,871,0
2012-10-11,22.59,22.59,22.59,22.59,326,0
2012-10-12,22.628,22.628,22.628,22.628,4789,0
2012-10-15,22.743,22.743,22.743,22.743,464,0
2012-10-16,22.784,22.784,22.658,22.658,1220,0
2012-10-17,22.667,22.673,21.595,22.667,28551,0
2012-10-18,22.631,22.631,22.631,22.631,139,0
2012-10-19,22.766,22.766,22.766,22.766,341,0
2012-10-22,22.88,22.88,22.743,22.743,746,0
2012-10-23,22.722,22.722,22.722,22.722,484,0
2012-10-24,22.703,22.711,22.602,22.602,1612,0
2012-10-25,22.685,22.685,22.611,22.611,2138,0
2012-10-26,22.602,22.695,22.602,22.695,1541,0
2012-10-31,22.809,22.844,22.768,22.844,570,0
2012-11-01,22.758,22.807,22.646,22.758,14158,0
2012-11-06,22.621,22.621,22.621,22.621,1218,0
2012-11-07,22.696,22.704,22.696,22.704,4951,0
2012-11-08,22.704,22.704,22.704,22.704,2793,0
2012-11-09,22.679,22.704,22.656,22.704,1857,0
2012-11-14,22.655,22.655,22.548,22.548,699,0
2012-11-15,22.595,22.595,22.595,22.595,2663,0
2012-11-20,22.671,22.671,22.557,22.557,3299,0
2012-11-21,22.628,22.628,22.548,22.548,428,0
2012-11-23,22.638,22.704,22.629,22.679,2094,0
2012-11-30,22.727,22.833,22.727,22.814,10948,0
2012-12-03,22.722,22.852,22.704,22.852,11608,0
2012-12-06,22.79,22.818,22.79,22.818,462,0
2012-12-07,22.774,22.852,22.759,22.818,4888,0
2012-12-10,22.949,22.949,22.879,22.879,698,0
2012-12-11,22.827,22.827,22.827,22.827,205,0
2012-12-12,22.731,22.741,22.731,22.741,5422,0
2012-12-14,22.835,22.835,22.731,22.767,861,0
2012-12-18,22.808,22.808,22.808,22.808,2656,0
2012-12-19,22.712,22.741,22.712,22.741,236,0
2012-12-20,22.741,22.741,22.741,22.741,576,0
2012-12-21,22.852,22.852,22.852,22.852,3665,0
2012-12-26,22.799,22.799,22.79,22.79,3246,0
2012-12-27,22.712,22.759,22.712,22.731,925,0
2012-12-28,22.852,22.852,22.852,22.852,128,0
2012-12-31,22.806,22.806,22.806,22.806,359,0
2013-01-02,22.862,22.914,22.704,22.852,1313,0
2013-01-03,22.862,22.862,22.862,22.862,543,0
2013-01-04,22.87,22.87,22.638,22.827,14016,0
2013-01-09,23.115,23.115,22.866,22.954,2111,0
2013-01-10,23.003,23.003,22.755,22.755,1378,0
2013-01-11,22.621,22.827,22.621,22.799,10235,0
2013-01-15,22.774,22.774,22.774,22.774,952,0
2013-01-16,22.827,22.862,22.827,22.862,399,0
2013-01-17,22.835,22.835,22.767,22.835,2113,0
2013-01-18,22.875,22.875,22.875,22.875,105,0
2013-01-22,22.818,22.896,22.818,22.896,2075,0
2013-01-25,22.813,22.823,22.813,22.823,3599,0
2013-01-28,22.778,22.787,22.683,22.691,20860,0
2013-01-30,22.726,22.736,22.726,22.736,3280,0
2013-02-01,22.809,22.809,22.672,22.75,573,0
2013-02-04,22.625,22.625,22.625,22.625,870,0
2013-02-05,22.713,22.713,22.612,22.612,458,0
2013-02-06,22.621,22.621,22.621,22.621,546,0
2013-02-07,22.783,22.783,22.722,22.722,423,0
2013-02-08,22.713,22.722,22.621,22.621,11956,0
2013-02-11,22.625,22.625,22.625,22.625,526,0
2013-02-13,22.701,22.701,22.701,22.701,383,0
2013-02-14,22.696,22.705,22.696,22.705,1160,0
2013-02-15,22.768,22.768,22.647,22.647,1738,0
2013-02-19,22.722,22.722,22.696,22.696,393,0
2013-02-25,22.713,22.713,22.713,22.713,477,0
2013-03-01,22.771,22.771,22.727,22.727,2200,0
2013-03-04,22.791,22.791,22.791,22.791,277,0
2013-03-05,22.701,22.805,22.701,22.796,7090,0
2013-03-06,22.771,22.771,22.661,22.661,13828,0
2013-03-07,22.633,22.633,22.633,22.633,1301,0
2013-03-11,22.687,22.687,22.672,22.672,357,0
2013-03-14,22.672,22.672,22.595,22.595,5692,0
2013-03-15,22.633,22.633,22.633,22.633,1897,0
2013-03-20,22.764,22.764,22.718,22.718,3654,0
2013-03-21,22.764,22.764,22.643,22.643,15909,0
2013-03-26,22.625,22.625,22.625,22.625,697,0
2013-03-27,22.625,22.718,22.625,22.718,630,0
2013-03-28,22.796,22.796,22.796,22.796,5294,0
2013-04-02,22.812,22.812,22.812,22.812,933,0
2013-04-03,22.701,22.833,22.701,22.833,4330,0
2013-04-05,23.003,23.003,23.003,23.003,423,0
2013-04-10,23.01,23.186,23.003,23.003,533,0
2013-04-11,22.948,23.03,22.948,23.03,1119,0
2013-04-22,22.928,22.928,22.928,22.928,584,0
2013-04-23,22.936,22.936,22.936,22.936,1898,0
2013-04-25,23.116,23.116,23.116,23.116,1007,0
2013-04-26,23.141,23.141,23.141,23.141,4665,0
2013-04-30,23.196,23.196,23.196,23.196,104,0
2013-05-01,23.258,23.258,23.125,23.177,1978,0
2013-05-02,23.551,23.551,23.14,23.273,7015,0
2013-05-03,23.266,23.266,23.114,23.114,717,0
2013-05-06,23.224,23.224,23.088,23.088,5802,0
2013-05-09,23.114,23.205,23.096,23.096,7604,0
2013-05-10,23.07,23.086,22.985,23.017,7644,0
2013-05-13,23.036,23.036,23.036,23.036,989,0
2013-05-15,22.928,22.928,22.874,22.919,2319,0
2013-05-16,22.97,23.045,22.901,22.901,6768,0
2013-05-17,22.961,22.985,22.872,22.985,8406,0
2013-05-20,22.911,22.978,22.839,22.874,3165,0
2013-05-21,22.911,22.919,22.866,22.891,2073,0
2013-05-22,22.874,22.97,22.874,22.928,2844,0
2013-05-23,22.829,22.829,22.791,22.791,458,0
2013-05-24,22.784,22.8,22.742,22.742,1720,0
2013-05-28,22.761,22.761,22.761,22.761,141,0
2013-05-30,22.672,22.672,22.567,22.647,11297,0
2013-05-31,22.544,22.544,22.544,22.544,556,0
2013-06-03,22.514,22.514,22.514,22.514,276,0
2013-06-04,22.413,22.413,22.398,22.398,1424,0
2013-06-06,22.381,22.381,22.381,22.381,1150,0
2013-06-07,22.287,22.345,22.287,22.345,895,0
2013-06-12,22.095,22.247,22.095,22.211,6224,0
2013-06-14,22.303,22.303,22.303,22.303,549,0
2013-06-17,22.453,22.453,22.453,22.453,6481,0
2013-06-18,22.287,22.389,22.287,22.303,1037,0
2013-06-19,22.354,22.354,22.354,22.354,419,0
2013-06-21,21.623,21.735,21.623,21.735,4998,0
2013-06-24,21.37,21.389,21.37,21.389,643,0
2013-06-25,21.623,21.649,21.623,21.649,301,0
2013-06-26,21.788,21.788,21.788,21.788,2836,0
2013-06-27,22.033,22.033,21.9,21.9,807,0
2013-06-28,21.955,21.955,21.955,21.955,305,0
2013-07-01,21.945,21.945,21.833,21.833,1132,0
2013-07-02,21.881,21.881,21.881,21.881,1060,0
2013-07-05,21.587,21.727,21.579,21.727,2049,0
2013-07-08,21.761,21.761,21.761,21.761,8948,0
2013-07-10,21.814,21.814,21.814,21.814,1949,0
2013-07-11,21.814,21.884,21.814,21.884,952,0
2013-07-12,21.871,21.871,21.871,21.871,3429,0
2013-07-15,21.892,21.892,21.892,21.892,20509,0
2013-07-17,22.013,22.088,22.013,22.088,5592,0
2013-07-18,22.152,22.152,22.152,22.152,713,0
2013-07-19,22.03,22.069,22.03,22.069,12914,0
2013-07-24,22.117,22.117,22.117,22.117,6721,0
2013-07-26,21.994,22.014,21.994,22.014,5977,0
2013-07-29,21.994,22.105,21.994,22.105,1271,0
2013-07-31,21.906,21.906,21.906,21.906,352,0
2013-08-01,21.888,21.888,21.888,21.888,456,0
2013-08-05,22.045,22.045,22.03,22.03,1397,0
2013-08-07,22.022,22.022,22.022,22.022,2520,0
2013-08-08,22.014,22.014,22.014,22.014,134,0
2013-08-09,21.977,21.977,21.977,21.977,248,0
2013-08-12,22.03,22.03,22.03,22.03,1048,0
2013-08-13,21.96,21.96,21.856,21.856,3375,0
2013-08-16,21.685,21.713,21.685,21.694,564,0
2013-08-22,21.694,21.694,21.318,21.441,23138,0
2013-08-26,21.713,21.739,21.703,21.703,3859,0
2013-08-27,21.758,21.758,21.748,21.758,8620,0
2013-08-28,21.774,21.774,21.723,21.758,956,0
2013-08-29,21.784,21.784,21.784,21.784,1597,0
2013-08-30,21.742,21.742,21.742,21.742,1912,0
2013-09-03,21.713,21.713,21.618,21.644,589,0
2013-09-04,21.703,21.723,21.601,21.723,52221,0
2013-09-05,21.677,21.677,21.583,21.609,2397,0
2013-09-06,21.652,21.668,21.592,21.668,3427,0
2013-09-09,21.739,21.739,21.668,21.685,13813,0
2013-09-10,21.748,21.748,21.618,21.652,14313,0
2013-09-11,21.713,21.758,21.66,21.758,42221,0
2013-09-12,21.784,21.784,21.713,21.713,10355,0
2013-09-13,21.774,21.774,21.703,21.703,8448,0
2013-09-16,21.985,21.985,21.792,21.839,92131,0
2013-09-17,21.933,21.933,21.829,21.861,10158,0
2013-09-18,21.933,22.06,21.829,22.06,2624,0
2013-09-19,22.187,22.187,22.06,22.06,1496,0
2013-09-20,22.013,22.013,22.013,22.013,555,0
2013-09-23,22.03,22.03,22.03,22.03,388,0
2013-09-24,22.174,22.174,22.174,22.174,233,0
2013-09-25,22.091,22.091,22.091,22.091,231,0
2013-09-26,22.091,22.154,22.073,22.083,9327,0
2013-09-27,22.174,22.174,22.174,22.174,104,0
2013-09-30,22.184,22.184,22.184,22.184,143,0
2013-10-01,22.184,22.184,22.184,22.184,104,0
2013-10-07,22.154,22.154,22.118,22.118,1783,0
2013-10-10,22.064,22.128,22.056,22.064,4451,0
2013-10-14,21.997,22.184,21.997,22.041,5234,0
2013-10-15,22.174,22.174,22.174,22.174,448,0
2013-10-16,22.064,22.118,22.034,22.118,7807,0
2013-10-17,22.184,22.348,22.184,22.254,7822,0
2013-10-18,22.402,22.453,22.33,22.33,5479,0
2013-10-21,22.289,22.289,22.289,22.289,698,0
2013-10-22,22.508,22.508,22.366,22.366,233,0
2013-10-23,22.558,22.568,22.558,22.568,15390,0
2013-10-25,22.399,22.399,22.399,22.399,971,0
2013-10-28,22.487,22.555,22.469,22.545,6923,0
2013-10-29,22.469,22.506,22.469,22.506,1483,0
2013-10-30,22.575,22.575,22.506,22.506,18031,0
2013-11-01,22.506,22.506,22.506,22.506,104,0
2013-11-06,22.363,22.422,22.363,22.422,2372,0
2013-11-07,22.432,22.537,22.422,22.422,1050,0
2013-11-08,22.312,22.312,22.222,22.268,3922,0
2013-11-11,22.302,22.302,22.187,22.287,4034,0
2013-11-13,22.302,22.312,22.25,22.292,19980,0
2013-11-18,22.371,22.422,22.371,22.422,790,0
2013-11-19,22.422,22.422,22.381,22.381,2016,0
2013-11-20,22.381,22.381,22.287,22.292,2631,0
2013-11-21,22.197,22.32,22.197,22.32,911,0
2013-11-22,22.368,22.405,22.265,22.378,12427,0
2013-11-25,22.412,22.412,22.36,22.387,16419,0
2013-11-27,22.405,22.465,22.405,22.465,2404,0
2013-11-29,22.419,22.419,22.341,22.387,1245,0
2013-12-02,22.412,22.412,22.228,22.228,7242,0
2013-12-03,22.36,22.36,22.29,22.325,9286,0
2013-12-04,22.318,22.318,22.228,22.247,26382,0
2013-12-05,22.299,22.299,22.228,22.274,789,0
2013-12-06,22.309,22.325,22.238,22.274,8775,0
2013-12-09,22.447,22.447,22.274,22.351,56399,0
2013-12-10,22.396,22.405,22.265,22.299,97942,0
2013-12-11,22.387,22.387,22.238,22.238,24911,0
2013-12-12,22.341,22.341,22.193,22.193,60831,0
2013-12-13,22.325,22.341,22.228,22.238,46992,0
2013-12-16,22.396,22.396,22.228,22.238,27623,0
2013-12-17,22.299,22.368,22.29,22.299,19555,0
2013-12-18,22.193,22.368,22.193,22.247,25026,0
2013-12-19,22.351,22.351,22.247,22.247,30462,0
2013-12-20,22.29,22.36,22.283,22.36,21153,0
2013-12-23,22.378,22.378,22.332,22.378,7285,0
2013-12-24,22.411,22.418,22.289,22.324,11730,0
2013-12-26,22.396,22.396,22.289,22.289,9453,0
2013-12-27,22.386,22.386,22.254,22.289,5891,0
2013-12-30,22.404,22.404,22.297,22.297,10129,0
2013-12-31,22.404,22.404,22.331,22.331,537,0
2014-01-02,22.386,22.386,22.386,22.386,248,0
2014-01-06,22.324,22.331,22.324,22.331,1396,0
2014-01-07,22.35,22.359,22.35,22.359,270,0
2014-01-09,22.418,22.428,22.386,22.386,3784,0
2014-01-13,22.572,22.572,22.526,22.544,13215,0
2014-01-14,22.485,22.562,22.485,22.518,17373,0
2014-01-15,22.552,22.552,22.485,22.518,17509,0
2014-01-16,22.511,22.591,22.511,22.552,10437,0
2014-01-17,22.599,22.599,22.526,22.572,26023,0
2014-01-21,22.572,22.635,22.572,22.572,21310,0
2014-01-22,22.635,22.635,22.552,22.552,16653,0
2014-01-23,22.654,22.654,22.544,22.608,13729,0
2014-01-24,22.627,22.627,22.552,22.591,8100,0
2014-01-27,22.604,22.64,22.451,22.451,1559,0
2014-01-28,22.514,22.604,22.514,22.514,2288,0
2014-01-29,22.613,22.622,22.53,22.567,4947,0
2014-02-03,22.649,22.675,22.649,22.659,2096,0
2014-02-04,22.668,22.675,22.668,22.675,3278,0
2014-02-05,22.649,22.649,22.649,22.649,805,0
2014-02-06,22.557,22.668,22.557,22.668,38195,0
2014-02-07,22.668,22.675,22.659,22.675,4427,0
2014-02-11,22.727,22.727,22.727,22.727,2304,0
2014-02-13,22.756,22.765,22.756,22.765,731,0
2014-02-18,22.817,22.835,22.817,22.835,2303,0
2014-02-19,22.788,22.807,22.781,22.807,2650,0
2014-02-25,22.912,22.912,22.912,22.912,748,0
2014-03-03,22.999,22.999,22.999,22.999,298,0
2014-03-05,22.99,22.999,22.99,22.999,3635,0
2014-03-07,22.866,22.866,22.866,22.866,1728,0
2014-03-10,22.866,22.866,22.866,22.866,174,0
2014-03-11,22.922,22.922,22.922,22.922,3393,0
2014-03-12,23.086,23.086,22.893,22.893,1809,0
2014-03-13,22.983,22.983,22.983,22.983,934,0
2014-03-14,22.948,22.948,22.948,22.948,788,0
2014-03-18,23.006,23.014,22.974,23.014,2113,0
2014-03-19,22.974,22.974,22.939,22.939,9069,0
2014-03-21,22.99,22.99,22.893,22.99,2142,0
2014-03-26,23.038,23.038,23.038,23.038,893,0
2014-03-28,23.082,23.082,23.054,23.064,1881,0
2014-03-31,23.054,23.073,23.047,23.073,2466,0
2014-04-02,22.994,22.994,22.994,22.994,6572,0
2014-04-03,23.02,23.02,22.986,22.986,1007,0
2014-04-04,23.011,23.11,23.011,23.064,821,0
2014-04-09,23.138,23.138,23.138,23.138,1039,0
2014-04-10,23.231,23.239,23.138,23.183,162233,0
2014-04-11,23.239,23.239,23.138,23.138,252261,0
2014-04-14,23.223,23.223,23.129,23.203,39090,0
2014-04-15,23.223,23.223,23.129,23.138,40174,0
2014-04-16,23.129,23.223,23.12,23.156,44453,0
2014-04-17,23.138,23.213,23.138,23.156,31433,0
2014-04-21,23.183,23.223,23.146,23.165,39682,0
2014-04-22,23.173,23.193,23.156,23.165,3444,0
2014-04-23,23.183,23.239,23.173,23.183,10391,0
2014-04-24,23.226,23.252,23.197,23.226,4300,0
2014-04-25,23.261,23.278,23.261,23.27,3323,0
2014-04-28,23.278,23.278,23.207,23.234,2698,0
2014-04-29,23.435,23.435,23.261,23.261,1921,0
2014-04-30,23.286,23.324,23.234,23.261,1469,0
2014-05-01,23.334,23.375,23.334,23.375,15778,0
2014-05-02,23.348,23.348,23.348,23.348,349,0
2014-05-05,23.383,23.401,23.383,23.401,946,0
2014-05-07,23.408,23.435,23.401,23.418,6131,0
2014-05-08,23.463,23.472,23.463,23.472,719,0
2014-05-09,23.445,23.445,23.366,23.426,2537,0
2014-05-13,23.401,23.472,23.401,23.472,322,0
2014-05-16,23.528,23.572,23.49,23.572,3099,0
2014-05-19,23.463,23.463,23.463,23.463,726,0
2014-05-21,23.528,23.536,23.445,23.528,7444,0
2014-05-23,23.559,23.559,23.524,23.559,3048,0
2014-05-27,23.578,23.578,23.524,23.551,9418,0
2014-05-29,23.699,23.699,23.653,23.69,1774,0
2014-05-30,23.586,23.586,23.586,23.586,1113,0
2014-06-02,23.624,23.624,23.624,23.624,4427,0
2014-06-03,23.615,23.653,23.486,23.486,11566,0
2014-06-04,23.551,23.615,23.46,23.46,11219,0
2014-06-05,23.496,23.559,23.496,23.504,3127,0
2014-06-09,23.31,23.633,23.31,23.606,26139,0
2014-06-13,23.791,23.791,23.791,23.791,414,0
2014-06-18,23.596,23.624,23.578,23.606,4117,0
2014-06-19,23.663,23.663,23.551,23.568,8915,0
2014-06-20,23.615,23.673,23.606,23.633,6369,0
2014-06-23,23.606,23.69,23.606,23.663,2964,0
2014-06-24,23.731,23.731,23.731,23.731,205,0
2014-06-25,23.697,23.772,23.688,23.714,42083,0
2014-06-26,23.714,23.79,23.706,23.79,11248,0
2014-06-27,23.749,23.772,23.749,23.749,1554,0
2014-06-30,23.731,23.781,23.731,23.772,4182,0
2014-07-01,23.825,23.869,23.731,23.825,66942,0
2014-07-02,23.799,23.843,23.781,23.781,13754,0
2014-07-07,23.688,23.721,23.688,23.697,7594,0
2014-07-08,23.749,23.763,23.731,23.731,119911,0
2014-07-09,23.749,23.808,23.749,23.772,2313,0
2014-07-10,23.79,23.799,23.74,23.74,17607,0
2014-07-11,23.763,23.79,23.757,23.79,10993,0
2014-07-14,23.816,23.816,23.772,23.781,29941,0
2014-07-15,23.816,23.816,23.721,23.721,602,0
2014-07-16,23.68,23.79,23.68,23.79,119338,0
2014-07-17,23.781,23.781,23.731,23.731,10207,0
2014-07-18,23.757,23.757,23.757,23.757,665,0
2014-07-21,23.79,23.79,23.74,23.74,4105,0
2014-07-22,23.74,23.757,23.74,23.757,4620,0
2014-07-23,23.816,23.816,23.79,23.799,3281,0
2014-07-24,23.74,23.79,23.74,23.79,9223,0
2014-07-28,24.055,24.055,23.789,23.815,2653,0
2014-07-29,23.824,23.832,23.807,23.815,4182,0
2014-07-30,23.696,23.729,23.63,23.63,9356,0
2014-07-31,23.563,23.659,23.563,23.591,3504,0
2014-08-01,23.546,23.63,23.546,23.63,2304,0
2014-08-04,23.563,23.582,23.563,23.582,951,0
2014-08-05,23.601,23.61,23.591,23.61,1065,0
2014-08-06,23.62,23.62,23.62,23.62,1425,0
2014-08-07,23.63,23.63,23.62,23.62,4139,0
2014-08-11,23.63,23.942,23.61,23.686,4501,0
2014-08-13,23.63,23.704,23.63,23.686,1312,0
2014-08-14,23.762,23.771,23.762,23.771,5334,0
2014-08-15,23.824,23.824,23.824,23.824,426,0
2014-08-18,23.762,23.762,23.762,23.762,1354,0
2014-08-19,23.815,23.815,23.798,23.798,16769,0
2014-08-20,23.798,23.807,23.798,23.807,2737,0
2014-08-21,23.842,23.86,23.842,23.86,347,0
2014-08-22,23.807,23.807,23.798,23.807,3714,0
2014-08-25,24.383,24.383,23.828,23.893,2819,0
2014-08-26,23.856,23.913,23.856,23.913,3907,0
2014-08-28,23.939,23.978,23.93,23.978,1990,0
2014-09-02,23.921,23.921,23.856,23.856,572,0
2014-09-03,23.837,23.903,23.837,23.903,1166,0
2014-09-04,23.865,23.865,23.819,23.819,7137,0
2014-09-08,23.715,23.819,23.715,23.766,3247,0
2014-09-09,23.715,23.715,23.7,23.7,2644,0
2014-09-10,23.682,23.682,23.682,23.682,124,0
2014-09-11,23.674,23.674,23.674,23.674,306,0
2014-09-12,23.596,23.596,23.586,23.586,492,0
2014-09-15,23.541,23.7,23.541,23.559,1608,0
2014-09-16,23.586,23.586,23.578,23.578,934,0
2014-09-17,23.596,23.596,23.559,23.559,375,0
2014-09-19,23.568,23.568,23.568,23.568,415,0
2014-09-22,23.568,23.568,23.514,23.514,12214,0
2014-09-25,23.499,23.536,23.499,23.536,15399,0
2014-09-29,23.425,23.489,23.425,23.489,3211,0
2014-09-30,23.471,23.471,23.471,23.471,104,0
2014-10-01,23.518,23.518,23.462,23.508,18755,0
2014-10-02,23.508,23.508,23.434,23.444,13812,0
2014-10-03,23.489,23.508,23.444,23.453,19513,0
2014-10-09,23.704,23.704,23.545,23.545,20653,0
2014-10-14,23.462,23.462,23.453,23.453,1194,0
2014-10-15,23.489,23.582,23.489,23.489,2491,0
2014-10-16,23.453,23.462,23.453,23.462,438,0
2014-10-21,23.573,23.573,23.563,23.563,762,0
2014-10-22,23.591,23.591,23.528,23.554,951,0
2014-10-24,23.563,23.563,23.536,23.563,3202,0
2014-10-27,23.567,23.595,23.493,23.502,2414,0
2014-10-28,23.585,23.595,23.54,23.595,1099,0
2014-10-29,23.502,23.54,23.438,23.54,4006,0
2014-10-30,23.577,23.585,23.475,23.493,19542,0
2014-10-31,23.325,23.585,23.325,23.567,4185,0
2014-11-03,24.061,24.061,23.448,23.502,7798,0
2014-11-04,23.549,23.549,23.522,23.522,1678,0
2014-11-05,23.512,23.512,23.475,23.502,5703,0
2014-11-06,23.484,23.493,23.465,23.465,3002,0
2014-11-10,23.438,23.438,23.438,23.438,537,0
2014-11-11,23.438,23.438,23.394,23.438,15183,0
2014-11-12,23.502,23.512,23.493,23.502,3200,0
2014-11-14,23.448,23.465,23.448,23.465,1718,0
2014-11-17,23.411,23.411,23.411,23.411,443,0
2014-11-19,23.277,23.277,23.269,23.277,371,0
2014-11-20,23.484,23.493,23.429,23.429,6598,0
2014-11-21,23.56,23.56,23.56,23.56,1172,0
2014-11-24,23.494,23.56,23.485,23.485,2971,0
2014-11-26,23.597,23.597,23.587,23.587,3639,0
2014-11-28,23.655,23.655,23.655,23.655,480,0
2014-12-01,23.635,23.821,23.569,23.578,9663,0
2014-12-02,23.523,23.754,23.503,23.513,31346,0
2014-12-08,23.395,23.449,23.395,23.449,2456,0
2014-12-09,23.439,23.485,23.439,23.449,4083,0
2014-12-10,23.439,23.439,23.368,23.422,7480,0
2014-12-11,23.804,23.804,23.378,23.378,2260,0
2014-12-12,23.335,23.335,23.316,23.335,670,0
2014-12-15,23.316,23.316,23.316,23.316,260,0
2014-12-16,23.242,23.597,23.186,23.261,3694,0
2014-12-17,23.287,23.683,23.261,23.645,4243,0
2014-12-18,24.884,25.484,23.297,23.395,11870,0
2014-12-19,23.368,23.466,23.368,23.466,512,0
2014-12-22,23.403,23.43,23.403,23.43,337,0
2014-12-23,23.385,23.403,23.378,23.403,1226,0
2014-12-24,23.413,23.422,23.35,23.413,1281,0
2014-12-26,23.306,23.306,23.261,23.306,956,0
2014-12-29,23.467,23.608,23.44,23.608,972,0
2014-12-30,23.524,23.524,23.413,23.413,7301,0
2014-12-31,23.486,23.495,23.486,23.486,679,0
2015-01-02,23.514,23.514,23.368,23.422,15611,0
2015-01-05,23.413,23.524,23.413,23.524,6384,0
2015-01-06,23.422,23.422,23.422,23.422,167,0
2015-01-07,23.504,23.541,23.486,23.541,7992,0
2015-01-08,23.561,23.57,23.561,23.57,3824,0
2015-01-09,23.589,23.589,23.589,23.589,559,0
2015-01-12,23.599,23.599,23.599,23.599,405,0
2015-01-13,23.599,23.599,23.524,23.524,2204,0
2015-01-15,23.579,23.684,23.579,23.599,3291,0
2015-01-16,23.618,23.618,23.551,23.561,677,0
2015-01-20,23.579,23.657,23.579,23.608,3904,0
2015-01-21,23.637,23.647,23.637,23.647,1343,0
2015-01-23,23.599,23.702,23.599,23.637,5241,0
2015-01-26,23.623,23.623,23.623,23.623,1062,0
2015-01-27,23.689,23.689,23.689,23.689,145,0
2015-01-28,23.652,23.689,23.652,23.68,2718,0
2015-02-02,23.766,23.766,23.742,23.766,1412,0
2015-02-03,23.742,23.751,23.714,23.742,1362,0
2015-02-09,23.594,23.594,23.594,23.594,229,0
2015-02-11,23.632,23.632,23.632,23.632,4949,0
2015-02-13,23.604,23.642,23.604,23.642,790,0
2015-02-17,23.632,23.632,23.537,23.594,1407,0
2015-02-18,23.519,23.519,23.519,23.519,317,0
2015-02-19,23.623,23.623,23.499,23.613,2206,0
2015-02-20,23.623,23.623,23.623,23.623,403,0
2015-02-23,23.551,23.551,23.551,23.551,155,0
2015-02-25,23.676,23.676,23.667,23.676,4872,0
2015-02-26,23.711,23.711,23.711,23.711,1713,0
2015-03-02,23.647,23.676,23.618,23.647,5429,0
2015-03-03,23.579,23.579,23.551,23.551,1086,0
2015-03-04,23.524,23.524,23.524,23.524,102,0
2015-03-05,23.514,23.608,23.514,23.608,2170,0
2015-03-06,23.485,23.485,23.342,23.342,1194,0
2015-03-09,23.458,23.458,23.458,23.458,1086,0
2015-03-10,23.449,23.449,23.449,23.449,5754,0
2015-03-11,23.384,23.476,23.384,23.466,11724,0
2015-03-12,23.466,23.466,23.466,23.466,102,0
2015-03-13,23.384,23.43,23.304,23.348,12810,0
2015-03-16,23.403,23.403,23.276,23.403,653,0
2015-03-17,23.466,23.466,23.466,23.466,332,0
2015-03-18,23.504,23.702,23.504,23.702,4234,0
2015-03-19,23.608,23.608,23.608,23.608,2061,0
2015-03-20,23.608,23.608,23.608,23.608,102,0
2015-03-23,23.608,23.608,23.608,23.608,102,0
2015-03-24,23.746,23.78,23.711,23.771,4561,0
2015-03-25,23.778,23.778,23.753,23.753,1844,0
2015-03-26,23.567,23.664,23.567,23.577,2819,0
2015-03-27,23.682,23.691,23.682,23.691,217,0
2015-03-30,23.709,23.709,23.7,23.7,866,0
2015-03-31,23.716,23.716,23.716,23.716,1834,0
2015-04-01,23.769,23.769,23.691,23.691,4118,0
2015-04-02,23.691,23.691,23.691,23.691,102,0
2015-04-06,23.725,23.743,23.716,23.716,4008,0
2015-04-07,23.787,23.796,23.725,23.725,2550,0
2015-04-08,23.753,23.831,23.753,23.823,29359,0
2015-04-09,23.805,23.814,23.769,23.805,6184,0
2015-04-10,23.805,23.805,23.805,23.805,102,0
2015-04-14,23.859,23.859,23.831,23.831,7040,0
2015-04-15,23.85,23.878,23.805,23.805,19878,0
2015-04-16,23.878,23.898,23.869,23.869,18949,0
2015-04-17,23.975,23.975,23.778,23.778,2819,0
2015-04-20,23.769,23.796,23.769,23.796,1660,0
2015-04-21,23.769,23.831,23.769,23.823,2856,0
2015-04-22,23.823,23.823,23.753,23.769,2933,0
2015-04-23,23.743,23.841,23.743,23.769,1622,0
2015-04-24,23.817,23.872,23.817,23.862,3199,0
2015-04-27,23.817,23.872,23.781,23.872,8650,0
2015-04-28,23.826,23.844,23.826,23.844,5081,0
2015-04-29,23.694,23.763,23.694,23.763,864,0
2015-04-30,23.684,23.728,23.607,23.728,10054,0
2015-05-01,23.588,23.676,23.588,23.666,2380,0
2015-05-04,23.598,23.598,23.523,23.588,1948,0
2015-05-05,23.484,23.56,23.475,23.541,9730,0
2015-05-06,23.541,23.541,23.541,23.541,46,0
2015-05-07,23.513,23.541,23.448,23.541,4830,0
2015-05-11,23.569,23.569,23.569,23.569,330,0
2015-05-12,23.448,23.523,23.429,23.438,21522,0
2015-05-13,23.523,23.523,23.523,23.523,4323,0
2015-05-14,23.503,23.578,23.503,23.569,8000,0
2015-05-15,23.578,23.578,23.578,23.578,160,0
2015-05-18,23.578,23.578,23.503,23.569,2516,0
2015-05-19,23.569,23.569,23.569,23.569,102,0
2015-05-20,23.503,23.578,23.503,23.513,1407,0
2015-05-21,23.569,23.578,23.569,23.578,1728,0
2015-05-22,23.279,23.279,23.279,23.279,102,0
2015-05-26,23.48,23.48,23.48,23.48,398,0
2015-05-27,23.47,23.48,23.47,23.47,17583,0
2015-05-28,23.583,23.583,23.583,23.583,1396,0
2015-05-29,23.583,23.583,23.583,23.583,102,0
2015-06-01,23.583,23.583,23.583,23.583,129,0
2015-06-02,23.47,23.488,23.47,23.488,3685,0
2015-06-04,23.488,23.488,23.488,23.488,102,0
2015-06-05,23.233,23.327,23.233,23.327,329,0
2015-06-08,23.327,23.327,23.327,23.327,102,0
2015-06-09,23.184,23.307,23.184,23.252,3965,0
2015-06-10,23.204,23.261,23.184,23.194,3248,0
2015-06-11,23.214,23.343,23.204,23.343,1730,0
2015-06-12,23.252,23.361,23.252,23.252,2263,0
2015-06-15,23.174,23.307,23.174,23.224,3776,0
2015-06-17,23.37,23.631,23.224,23.224,2803,0
2015-06-18,23.27,23.27,23.27,23.27,862,0
2015-06-19,23.37,23.388,23.336,23.361,10576,0
2015-06-23,23.352,23.352,23.352,23.352,862,0
2015-06-24,23.335,23.343,23.335,23.343,3013,0
2015-06-25,23.232,23.232,23.232,23.232,1077,0
2015-06-26,23.241,23.241,23.128,23.145,1832,0
2015-06-29,23.223,23.223,23.043,23.164,533,0
2015-06-30,23.269,23.269,23.164,23.164,1656,0
2015-07-01,23.118,23.155,22.689,23.089,109448,0
2015-07-02,23.136,23.241,23.118,23.241,8180,0
2015-07-06,23.145,23.145,23.145,23.145,102,0
2015-07-07,23.223,23.287,23.223,23.287,1184,0
2015-07-08,23.297,23.297,23.297,23.297,648,0
2015-07-09,23.128,23.241,23.128,23.241,1184,0
2015-07-10,23.08,23.08,23.08,23.08,217,0
2015-07-13,23.08,23.08,23.08,23.08,102,0
2015-07-14,23.203,23.232,23.108,23.108,4857,0
2015-07-15,23.128,23.145,23.128,23.145,1065,0
2015-07-16,23.108,23.278,23.108,23.278,5702,0
2015-07-17,23.269,23.269,23.183,23.183,8180,0
2015-07-21,23.278,23.287,23.155,23.155,1939,0
2015-07-22,23.173,23.173,23.173,23.173,429,0
2015-07-23,23.136,23.26,23.136,23.213,3229,0
2015-07-24,23.147,23.157,23.147,23.157,3222,0
2015-07-27,23.157,23.157,23.157,23.157,102,0
2015-07-28,23.157,23.195,23.157,23.195,217,0
2015-07-29,23.165,23.253,23.138,23.253,2791,0
2015-07-30,23.175,23.298,23.165,23.298,8373,0
2015-07-31,23.372,23.372,23.354,23.354,2681,0
2015-08-03,23.28,23.337,23.253,23.337,5512,0
2015-08-04,23.381,23.381,23.381,23.381,102,0
2015-08-05,23.225,23.225,23.225,23.225,102,0
2015-08-07,23.175,23.205,23.175,23.175,2364,0
2015-08-10,23.165,23.165,23.165,23.165,217,0
2015-08-11,23.328,23.328,23.328,23.328,3200,0
2015-08-12,23.234,23.234,23.205,23.205,3651,0
2015-08-13,22.945,23.195,22.945,23.165,12451,0
2015-08-14,23.138,23.157,23.138,23.157,6760,0
2015-08-17,23.225,23.328,23.225,23.328,217,0
2015-08-18,23.262,23.262,23.262,23.262,217,0
2015-08-19,23.225,23.289,23.225,23.27,751,0
2015-08-21,23.157,23.157,23.157,23.157,327,0
2015-08-24,23.017,23.017,23.017,23.017,714,0
2015-08-25,22.976,22.976,22.92,22.921,1686,0
2015-08-26,22.958,22.958,22.958,22.958,326,0
2015-08-27,23.02,23.114,23.012,23.03,18422,0
2015-08-28,23.2,23.2,23.067,23.067,8678,0
2015-08-31,23.086,23.22,23.086,23.086,749,0
2015-09-01,23.039,23.039,23.039,23.039,645,0
2015-09-02,23.057,23.17,23.039,23.039,3429,0
2015-09-03,23.19,23.19,23.19,23.19,1929,0
2015-09-04,23.19,23.19,23.19,23.19,645,0
2015-09-08,21.491,23.114,21.491,23.086,25709,0
2015-09-09,23.095,23.2,23.095,23.2,1823,0
2015-09-10,23.104,23.104,23.104,23.104,5359,0
2015-09-11,23.142,23.142,23.142,23.142,102,0
2015-09-14,23.152,23.152,23.124,23.124,217,0
2015-09-15,23.057,23.133,23.057,23.067,4392,0
2015-09-18,23.057,23.303,23.057,23.19,3750,0
2015-09-22,23.23,23.23,23.23,23.23,2034,0
2015-09-23,23.077,23.077,23.077,23.077,326,0
2015-09-24,23.08,23.08,23.071,23.071,4403,0
2015-09-28,22.97,22.97,22.97,22.97,2485,0
2015-09-29,23.043,23.043,23.043,23.043,102,0
2015-09-30,23.071,23.099,23.061,23.099,4701,0
2015-10-01,23.099,23.099,22.997,23.006,10257,0
2015-10-02,22.876,23.08,22.876,23.08,1280,0
2015-10-05,23.08,23.08,23.08,23.08,52,0
2015-10-06,23.156,23.261,23.137,23.156,4062,0
2015-10-07,23.297,23.327,23.242,23.242,747,0
2015-10-08,23.204,23.224,23.194,23.224,11325,0
2015-10-12,23.317,23.327,23.317,23.327,429,0
2015-10-13,23.381,23.4,23.27,23.27,7587,0
2015-10-15,23.344,23.344,23.344,23.344,102,0
2015-10-16,23.354,23.354,23.354,23.354,325,0
2015-10-20,23.4,23.4,23.4,23.4,718,0
2015-10-21,23.501,23.501,23.372,23.372,5878,0
2015-10-22,23.363,23.491,23.363,23.491,3740,0
2015-10-23,23.354,23.354,23.344,23.344,1391,0
2015-10-26,23.387,23.415,23.387,23.415,529,0
2015-10-28,23.488,23.488,23.324,23.324,852,0
2015-10-29,23.304,23.314,23.304,23.314,425,0
2015-10-30,23.304,23.304,23.285,23.285,5328,0
2015-11-02,23.304,23.324,23.304,23.324,464,0
2015-11-03,23.432,23.432,23.432,23.432,1067,0
2015-11-04,23.248,23.248,23.248,23.248,626,0
2015-11-05,23.369,23.387,23.369,23.387,852,0
2015-11-06,23.238,23.238,23.104,23.104,5328,0
2015-11-09,23.057,23.2,23.057,23.2,3090,0
2015-11-10,23.2,23.2,23.2,23.2,102,0
2015-11-11,23.067,23.067,23.057,23.057,642,0
2015-11-12,23.22,23.22,23.22,23.22,216,0
2015-11-13,23.17,23.17,23.077,23.077,22706,0
2015-11-16,23.057,23.057,23.057,23.057,1598,0
2015-11-17,23.19,23.19,23.086,23.086,852,0
2015-11-18,23.114,23.114,23.104,23.114,1598,0
2015-11-19,23.266,23.266,23.266,23.266,2024,0
2015-11-20,23.142,23.142,23.133,23.133,3414,0
2015-11-23,23.253,23.253,23.253,23.253,850,0
2015-11-24,23.253,23.253,23.243,23.253,3655,0
2015-11-25,23.262,23.262,23.262,23.262,1700,0
2015-11-27,23.262,23.262,23.262,23.262,102,0
2015-11-30,23.138,23.138,23.138,23.138,2020,0
2015-12-01,23.253,23.253,23.225,23.234,942,0
2015-12-02,23.205,23.339,23.205,23.225,2503,0
2015-12-03,23.225,23.225,23.225,23.225,333,0
2015-12-04,23.27,23.27,23.128,23.128,743,0
2015-12-07,23.243,23.262,23.243,23.262,1809,0
2015-12-08,23.262,23.262,23.262,23.262,10,0
2015-12-09,23.225,23.225,23.225,23.225,102,0
2015-12-10,23.215,23.215,23.062,23.062,12869,0
2015-12-11,23.044,23.044,22.998,22.998,1492,0
2015-12-15,22.943,22.943,22.886,22.886,8721,0
2015-12-16,22.914,22.914,22.914,22.914,528,0
2015-12-17,23.062,23.062,22.97,22.97,12017,0
2015-12-21,22.97,22.97,22.97,22.97,102,0
2015-12-23,22.962,23.09,22.962,23.09,5636,0
2015-12-24,23.118,23.118,23.118,23.118,1375,0
2015-12-29,23.08,23.128,23.077,23.089,6592,0
2015-12-30,23.089,23.137,23.089,23.137,4575,0
2015-12-31,23.108,23.147,23.108,23.147,2603,0
2016-01-04,23.047,23.052,23.02,23.052,1091,0
2016-01-05,23.108,23.147,23.056,23.147,9262,0
2016-01-11,23.376,23.376,22.997,22.997,415,0
2016-01-13,22.978,22.978,22.941,22.941,6488,0
2016-01-14,22.815,22.95,22.815,22.941,3349,0
2016-01-15,22.796,22.878,22.796,22.878,1558,0
2016-01-19,22.969,22.969,22.834,22.834,3064,0
2016-01-20,22.834,22.874,22.834,22.874,592,0
2016-01-21,22.797,22.797,22.797,22.797,606,0
2016-01-22,22.911,22.921,22.911,22.921,331,0
2016-01-27,22.876,22.876,22.875,22.876,477,0
2016-01-28,22.945,22.945,22.893,22.903,18064,0
2016-01-29,23.044,23.044,22.951,22.951,7829,0
2016-02-01,22.942,22.975,22.933,22.942,10655,0
2016-02-02,22.933,22.933,22.933,22.933,166,0
2016-02-03,22.966,23.1,22.961,23.1,7491,0
2016-02-04,23.1,23.1,23.012,23.012,3906,0
2016-02-05,22.951,22.951,22.951,22.951,795,0
2016-02-08,23.109,23.109,22.893,22.893,272,0
2016-02-09,22.903,22.914,22.856,22.856,3415,0
2016-02-10,22.855,22.903,22.855,22.885,1589,0
2016-02-11,22.845,22.85,22.845,22.85,1268,0
2016-02-12,22.797,22.816,22.779,22.816,13848,0
2016-02-16,22.818,22.818,22.797,22.816,1727,0
2016-02-19,22.965,22.965,22.866,22.866,300,0
2016-02-22,22.975,22.989,22.97,22.979,3931,0
2016-02-23,22.97,23.017,22.97,22.994,12638,0
2016-02-24,22.769,23.017,22.726,23.017,5954,0
2016-02-25,23.047,23.073,23.047,23.063,3301,0
2016-02-26,23.045,23.155,23.045,23.155,2977,0
2016-02-29,23.11,23.11,23.091,23.091,4296,0
2016-03-02,23.105,23.105,23.101,23.101,16738,0
2016-03-03,23.182,23.254,23.182,23.187,14260,0
2016-03-04,23.234,23.234,23.227,23.227,16714,0
2016-03-07,23.255,23.272,23.245,23.245,36561,0
2016-03-08,23.322,23.386,23.292,23.292,4742,0
2016-03-09,23.302,23.341,23.264,23.292,22338,0
2016-03-10,23.341,23.432,23.302,23.332,53239,0
2016-03-11,23.432,23.432,23.423,23.423,215,0
2016-03-14,23.419,23.419,23.414,23.414,4197,0
2016-03-15,23.368,23.451,23.368,23.378,16308,0
2016-03-16,23.423,23.497,23.359,23.48,8488,0
2016-03-17,23.595,23.644,23.595,23.605,10704,0
2016-03-18,23.711,23.73,23.644,23.664,11272,0
2016-03-21,23.677,23.677,23.625,23.625,3478,0
2016-03-22,23.615,23.625,23.605,23.606,1277,0
2016-03-23,23.583,23.636,23.583,23.605,910,0
2016-03-24,23.554,23.554,23.544,23.544,1927,0
2016-03-29,23.662,23.729,23.662,23.719,18628,0
2016-03-30,23.709,23.784,23.709,23.729,710,0
2016-03-31,23.758,23.792,23.738,23.738,8037,0
2016-04-01,23.789,23.828,23.789,23.828,3095,0
2016-04-04,23.775,23.775,23.775,23.775,1259,0
2016-04-06,23.766,23.774,23.759,23.774,5373,0
2016-04-07,23.775,23.775,23.757,23.757,1326,0
2016-04-08,23.857,23.867,23.792,23.792,1393,0
2016-04-11,23.884,23.885,23.884,23.885,1680,0
2016-04-12,23.877,23.877,23.802,23.811,2475,0
2016-04-14,23.907,23.925,23.907,23.925,2086,0
2016-04-15,23.905,23.905,23.904,23.904,412,0
2016-04-19,23.984,23.985,23.984,23.985,2685,0
2016-04-20,24.078,24.078,24.003,24.003,1243,0
2016-04-22,23.989,23.989,23.989,23.989,3147,0
2016-04-25,23.969,23.969,23.9,23.9,3664,0
2016-04-26,23.915,23.968,23.9,23.963,3105,0
2016-04-27,23.998,23.998,23.939,23.979,1058,0
2016-04-28,24.103,24.103,24.103,24.103,101,0
2016-04-29,24.075,24.123,24.075,24.123,792,0
2016-05-02,24.007,24.084,24.007,24.084,3778,0
2016-05-03,24.084,24.084,24.084,24.084,329,0
2016-05-04,24.093,24.093,24.093,24.093,498,0
2016-05-05,24.252,24.252,24.252,24.252,118,0
2016-05-09,24.093,24.093,24.093,24.093,101,0
2016-05-11,24.093,24.115,24.093,24.115,971,0
2016-05-13,24.074,24.074,24.074,24.074,1013,0
2016-05-16,24.141,24.141,24.141,24.141,849,0
2016-05-17,24.119,24.119,24.119,24.119,674,0
2016-05-19,24.017,24.017,24.017,24.017,703,0
2016-05-23,24.035,24.035,24.035,24.035,313,0
2016-05-24,23.995,23.995,23.995,23.995,3891,0
2016-05-25,24.014,24.014,24.014,24.014,189,0
2016-05-26,24.102,24.102,24.102,24.102,244,0
2016-05-27,24.037,24.138,24.032,24.138,14962,0
2016-05-31,24.148,24.157,24.059,24.059,2651,0
2016-06-01,24.12,24.12,24.12,24.12,24793,0
2016-06-02,24.152,24.268,24.128,24.148,2000,0
2016-06-03,24.275,24.297,24.23,24.23,1326,0
2016-06-06,24.327,24.327,24.26,24.277,1775,0
2016-06-07,24.357,24.461,24.357,24.46,5873,0
2016-06-08,24.491,24.491,24.491,24.491,211,0
2016-06-09,24.287,24.461,24.287,24.332,1377,0
2016-06-10,24.357,24.357,24.357,24.357,297,0
2016-06-14,24.185,24.375,24.184,24.227,5328,0
2016-06-15,24.23,24.23,24.23,24.23,1207,0
2016-06-16,24.185,24.185,24.185,24.185,211,0
2016-06-17,24.236,24.385,24.236,24.24,5001,0
2016-06-20,24.23,24.297,24.23,24.287,4062,0
2016-06-24,24.421,24.423,24.421,24.423,499,0
2016-06-27,24.149,24.396,24.139,24.396,2607,0
2016-06-29,24.386,24.424,24.386,24.424,2292,0
2016-07-01,24.649,24.649,24.649,24.649,361,0
2016-07-05,24.618,24.618,24.618,24.618,198,0
2016-07-06,24.536,24.536,24.536,24.536,256,0
2016-07-07,24.741,24.741,24.56,24.56,4458,0
2016-07-08,24.699,24.699,24.646,24.646,675,0
2016-07-12,24.817,24.847,24.817,24.847,2410,0
2016-07-13,24.68,24.68,24.68,24.68,126,0
2016-07-14,24.435,24.818,24.435,24.818,2363,0
2016-07-15,24.646,24.646,24.646,24.646,156,0
2016-07-20,24.855,24.855,24.855,24.855,202,0
2016-07-27,24.703,24.703,24.703,24.703,419,0
2016-07-29,24.898,24.898,24.865,24.865,451,0
2016-08-01,24.77,24.77,24.77,24.77,211,0
2016-08-02,24.781,24.781,24.781,24.781,212,0
2016-08-03,24.709,24.772,24.697,24.772,767,0
2016-08-04,24.776,24.781,24.763,24.763,2716,0
2016-08-05,24.769,24.823,24.769,24.823,248,0
2016-08-08,24.774,24.774,24.774,24.774,193,0
2016-08-12,25.049,25.059,24.978,25.059,3880,0
2016-08-15,25.053,25.053,24.918,24.918,1542,0
2016-08-16,24.908,25.02,24.908,24.908,4003,0
2016-08-17,24.84,25.075,24.84,25.075,1267,0
2016-08-18,25.147,25.147,24.993,25.003,8867,0
2016-08-19,24.983,25.03,24.974,24.993,1665,0
2016-08-22,25.147,25.147,24.993,25.022,1764,0
2016-08-23,24.964,25.196,24.964,25.196,8247,0
2016-08-24,25.059,25.069,25.03,25.059,1145,0
2016-08-25,25.186,25.186,24.955,24.964,5234,0
2016-08-26,24.993,25.099,24.917,25.099,8139,0
2016-08-29,25.142,25.142,25.142,25.142,641,0
2016-08-30,25.152,25.152,25.152,25.152,114,0
2016-08-31,24.955,24.983,24.955,24.983,592,0
2016-09-01,24.855,24.855,24.855,24.855,101,0
2016-09-02,25.205,25.205,24.978,24.993,4955,0
2016-09-06,25.167,25.245,25.101,25.101,419,0
2016-09-08,25.205,25.225,25.196,25.225,16547,0
2016-09-09,25.022,25.022,24.881,24.881,608,0
2016-09-12,24.859,25.013,24.8,25.013,24514,0
2016-09-13,24.88,24.88,24.88,24.88,241,0
2016-09-14,24.927,24.927,24.927,24.927,153,0
2016-09-15,24.907,24.917,24.907,24.917,1497,0
2016-09-16,24.907,24.907,24.724,24.724,485,0
2016-09-21,24.974,24.974,24.834,24.834,1779,0
2016-09-22,25.119,25.119,25.119,25.119,956,0
2016-09-23,24.964,24.964,24.964,24.964,101,0
2016-09-26,25.075,25.075,25.075,25.075,212,0
2016-09-27,24.971,25.015,24.971,25.015,1160,0
2016-09-28,25.094,25.094,25.094,25.094,101,0
2016-09-29,25.095,25.095,25.09,25.09,558,0
2016-10-03,24.912,25.153,24.912,25.051,645,0
2016-10-04,24.911,24.911,24.911,24.911,210,0
2016-10-10,24.825,24.834,24.815,24.815,12178,0
2016-10-11,24.843,24.854,24.812,24.854,2796,0
2016-10-12,24.767,24.922,24.709,24.922,6331,0
2016-10-13,24.738,24.775,24.728,24.728,7153,0
2016-10-17,24.709,24.852,24.709,24.852,372,0
2016-10-19,24.923,24.923,24.923,24.923,262,0
2016-10-25,24.868,24.898,24.868,24.898,362,0
2016-10-27,24.704,24.704,24.704,24.704,176,0
2016-10-28,24.847,24.875,24.847,24.875,1799,0
2016-11-01,24.86,24.86,24.822,24.822,8097,0
2016-11-02,24.758,24.758,24.583,24.583,2901,0
2016-11-03,24.588,24.598,24.583,24.593,22912,0
2016-11-07,24.633,24.633,24.633,24.633,161,0
2016-11-09,24.673,24.673,24.673,24.673,127,0
2016-11-11,24.364,24.364,24.103,24.103,16990,0
2016-11-14,24.148,24.148,24.025,24.025,362,0
2016-11-15,23.958,23.958,23.958,23.958,208,0
2016-11-21,24.214,24.214,24.214,24.214,111,0
2016-11-22,24.373,24.381,24.369,24.371,4349,0
2016-11-28,24.265,24.265,24.265,24.265,237,0
2016-11-29,24.377,24.377,24.299,24.299,1410,0
2016-11-30,24.299,24.319,24.135,24.135,2542,0
2016-12-01,24.028,24.066,24.028,24.053,2471,0
2016-12-05,24.309,24.309,24.309,24.309,2725,0
2016-12-07,24.309,24.425,24.282,24.425,3900,0
2016-12-08,24.289,24.289,24.289,24.289,1437,0
2016-12-09,24.299,24.309,24.299,24.309,207,0
2016-12-12,24.273,24.273,24.273,24.273,562,0
2016-12-14,24.309,24.445,24.309,24.445,3588,0
2016-12-21,24.334,24.398,24.251,24.261,9971,0
2016-12-27,24.29,24.306,24.29,24.306,906,0
2016-12-28,24.435,24.435,24.327,24.327,1872,0
2016-12-29,24.556,24.556,24.508,24.508,3611,0
2016-12-30,24.584,24.584,24.584,24.584,134,0
2017-01-03,24.556,24.556,24.531,24.531,530,0
2017-01-04,24.504,24.504,24.504,24.504,380,0
2017-01-05,24.614,24.614,24.614,24.614,120,0
2017-01-06,24.751,24.751,24.751,24.751,316,0
2017-01-10,24.69,24.816,24.546,24.546,2305,0
2017-01-12,24.708,24.708,24.708,24.708,152,0
2017-01-18,24.742,24.742,24.742,24.742,573,0
2017-01-20,24.694,24.694,24.694,24.694,885,0
2017-01-23,24.798,24.798,24.798,24.798,562,0
2017-01-24,24.7,24.7,24.632,24.639,1350,0
2017-01-25,24.589,24.689,24.57,24.657,5544,0
2017-01-26,24.663,24.663,24.663,24.663,616,0
2017-01-27,24.599,24.824,24.599,24.824,3129,0
2017-01-30,24.737,24.737,24.737,24.737,518,0
2017-01-31,24.719,24.814,24.719,24.814,1485,0
2017-02-01,24.668,24.668,24.632,24.632,884,0
2017-02-03,24.737,24.923,24.737,24.913,6084,0
2017-02-06,24.874,24.874,24.777,24.841,1797,0
2017-02-07,24.962,24.962,24.858,24.858,1281,0
2017-02-09,24.849,24.849,24.849,24.849,509,0
2017-02-10,24.903,24.923,24.903,24.913,1802,0
2017-02-13,24.923,24.972,24.804,24.972,2869,0
2017-02-14,24.766,24.794,24.739,24.739,1242,0
2017-02-15,24.775,24.943,24.728,24.943,76579,0
2017-02-16,24.923,24.972,24.756,24.804,64155,0
2017-02-17,24.99,24.99,24.795,24.804,5319,0
2017-02-21,25.02,25.038,25.02,25.029,2763,0
2017-02-22,25.008,25.008,25.008,25.008,334,0
2017-02-23,25.01,25.01,25.01,25.01,776,0
2017-02-24,25.02,25.02,25.02,25.02,155,0
2017-02-27,25.14,25.14,25.076,25.076,1520,0
2017-03-01,24.943,24.943,24.943,24.943,510,0
2017-03-06,24.927,24.927,24.927,24.927,408,0
2017-03-08,24.853,24.853,24.695,24.765,1679,0
2017-03-09,24.668,24.726,24.668,24.668,5253,0
2017-03-13,24.551,24.551,24.551,24.551,211,0
2017-03-14,24.678,24.678,24.678,24.678,104,0
2017-03-15,24.739,24.739,24.668,24.668,1768,0
2017-03-16,24.736,24.874,24.736,24.874,225,0
2017-03-20,24.874,24.874,24.874,24.874,0,0
2017-03-21,24.879,24.879,24.706,24.726,2527,0
2017-03-22,24.814,24.898,24.78,24.898,2544,0
2017-03-23,24.798,24.798,24.726,24.726,422,0
2017-03-24,24.712,24.924,24.712,24.924,407,0
2017-03-27,24.855,24.924,24.8,24.8,528,0
2017-03-28,24.895,25.002,24.894,25.002,2676,0
2017-03-30,24.985,24.985,24.985,24.985,122,0
2017-04-03,24.935,25.101,24.935,25.101,1343,0
2017-04-04,25.158,25.158,25.138,25.158,2123,0
2017-04-06,25.02,25.152,25.02,25.052,1809,0
2017-04-10,25.086,25.086,25.086,25.086,182,0
2017-04-11,25.075,25.075,25.075,25.075,206,0
2017-04-12,25.188,25.238,25.178,25.238,2695,0
2017-04-18,25.102,25.307,25.102,25.155,1709,0
2017-04-20,25.317,25.317,25.317,25.317,295,0
2017-04-21,25.26,25.26,25.188,25.188,973,0
2017-04-25,25.319,25.319,25.287,25.287,291,0
2017-04-27,25.244,25.366,25.211,25.26,2587,0
2017-04-28,25.365,25.365,25.365,25.365,144,0
2017-05-01,24.914,25.288,24.914,25.139,3927,0
2017-05-02,25.28,25.28,25.154,25.268,536,0
2017-05-03,25.11,25.366,25.11,25.334,3891,0
2017-05-04,25.318,25.346,25.184,25.184,4216,0
2017-05-08,25.26,25.26,25.26,25.26,401,0
2017-05-09,25.295,25.328,25.261,25.261,4868,0
2017-05-10,25.346,25.346,25.304,25.318,3643,0
2017-05-11,25.169,25.328,25.11,25.139,8015,0
2017-05-12,25.356,25.356,25.356,25.356,847,0
2017-05-15,25.346,25.346,25.338,25.338,1409,0
2017-05-17,25.288,25.288,25.288,25.288,208,0
2017-05-18,25.426,25.426,25.426,25.426,1220,0
2017-05-19,25.513,25.513,25.437,25.437,458,0
2017-05-22,25.362,25.363,25.362,25.363,1226,0
2017-05-24,25.439,25.439,25.439,25.439,155,0
2017-05-25,25.598,25.598,25.578,25.588,2797,0
2017-05-26,26.75,26.75,25.516,25.516,828,0
2017-05-30,25.513,25.513,25.513,25.513,391,0
2017-05-31,25.504,25.599,25.504,25.599,589,0
2017-06-01,25.647,25.667,25.647,25.667,4958,0
2017-06-02,25.538,25.538,25.538,25.538,613,0
2017-06-06,25.676,25.686,25.674,25.686,428,0
2017-06-07,25.735,25.735,25.588,25.706,3269,0
2017-06-08,25.677,25.677,25.49,25.613,4390,0
2017-06-12,25.459,25.459,25.459,25.459,1827,0
2017-06-13,25.61,25.61,25.61,25.61,172,0
2017-06-14,25.568,25.588,25.528,25.548,2193,0
2017-06-15,25.725,25.725,25.498,25.716,2147,0
2017-06-16,25.716,25.716,25.579,25.579,1438,0
2017-06-19,25.592,25.592,25.592,25.592,392,0
2017-06-20,25.558,25.558,25.558,25.558,100,0
2017-06-21,25.774,25.774,25.696,25.696,361,0
2017-06-22,25.548,25.713,25.548,25.713,7846,0
2017-06-23,25.746,25.774,25.746,25.774,3793,0
2017-06-26,25.707,25.794,25.682,25.682,1596,0
2017-06-27,25.771,25.771,25.737,25.742,2938,0
2017-06-28,25.671,25.75,25.671,25.75,2358,0
2017-06-29,25.677,25.677,25.501,25.574,550,0
2017-06-30,25.692,25.692,25.667,25.682,3206,0
2017-07-03,25.61,25.61,25.61,25.61,114,0
2017-07-05,25.663,25.682,25.663,25.682,879,0
2017-07-10,25.634,25.653,25.634,25.643,8701,0
2017-07-12,25.742,25.742,25.742,25.742,229,0
2017-07-13,25.861,25.861,25.751,25.751,208,0
2017-07-17,25.759,25.801,25.759,25.791,2745,0
2017-07-18,25.851,25.851,25.841,25.841,946,0
2017-07-19,25.777,25.861,25.665,25.665,825,0
2017-07-20,25.751,25.751,25.751,25.751,117,0
2017-07-24,25.93,25.93,25.874,25.91,1276,0
2017-07-26,25.852,25.852,25.774,25.823,1180,0
2017-07-27,25.92,25.92,25.92,25.92,176,0
2017-07-28,25.92,25.92,25.92,25.92,103,0
2017-07-31,25.92,25.92,25.769,25.769,1463,0
2017-08-01,26.091,26.091,25.795,25.799,5833,0
2017-08-02,25.96,25.96,25.94,25.94,904,0
2017-08-03,25.94,25.94,25.771,25.771,1605,0
2017-08-07,25.841,25.841,25.841,25.841,250,0
2017-08-08,25.938,25.938,25.938,25.938,233,0
2017-08-09,25.891,25.91,25.74,25.74,2446,0
2017-08-10,25.781,25.781,25.781,25.781,1008,0
2017-08-11,25.801,25.841,25.801,25.841,2763,0
2017-08-14,25.829,25.829,25.829,25.829,460,0
2017-08-15,25.792,25.792,25.792,25.792,361,0
2017-08-16,25.861,25.89,25.851,25.88,1238,0
2017-08-17,25.851,25.851,25.797,25.797,414,0
2017-08-21,25.9,25.9,25.876,25.876,1422,0
2017-08-22,25.757,25.821,25.691,25.821,11238,0
2017-08-24,25.781,25.85,25.781,25.82,2632,0
2017-08-28,25.94,25.97,25.94,25.97,904,0
2017-08-29,25.974,25.974,25.916,25.916,442,0
2017-08-30,25.967,26.009,25.967,26.009,1668,0
2017-08-31,25.926,25.926,25.926,25.926,1509,0
2017-09-01,25.88,26.019,25.88,25.966,11732,0
2017-09-05,25.9,25.9,25.9,25.9,166,0
2017-09-06,25.947,25.947,25.947,25.947,189,0
2017-09-07,25.923,25.923,25.923,25.923,657,0
2017-09-12,26.027,26.027,26.027,26.027,271,0
2017-09-13,26.037,26.037,25.861,25.98,1417,0
2017-09-15,26.064,26.089,26.064,26.089,1035,0
2017-09-18,26.094,26.094,25.913,25.913,373,0
2017-09-19,26.021,26.079,25.92,26.079,1486,0
2017-09-20,26.089,26.089,25.861,25.861,4368,0
2017-09-21,26.067,26.067,26.031,26.038,4689,0
2017-09-22,25.901,26.089,25.901,26.088,706,0
2017-09-25,26.059,26.069,26.029,26.049,3582,0
2017-09-26,25.968,26.059,25.968,26.008,647,0
2017-09-27,26.019,26.029,25.897,26.029,1988,0
2017-09-28,25.916,25.989,25.916,25.989,1082,0
2017-09-29,26.064,26.069,26.059,26.059,2292,0
2017-10-03,25.912,26.089,25.912,26.012,721,0
2017-10-04,25.942,26.109,25.942,26.109,770,0
2017-10-05,26.089,26.094,26.059,26.089,3238,0
2017-10-06,25.926,26.044,25.859,25.859,3049,0
2017-10-09,26.074,26.074,26.074,26.074,331,0
2017-10-10,25.92,26.099,25.92,26.099,496,0
2017-10-11,25.97,26.051,25.97,26.051,466,0
2017-10-12,26.124,26.129,26.095,26.129,1088,0
2017-10-13,26.079,26.159,26.079,26.159,1898,0
2017-10-16,26.438,26.438,26.079,26.149,1211,0
2017-10-17,26.019,26.019,25.995,25.995,838,0
2017-10-18,26.169,26.169,26.134,26.159,1144,0
2017-10-19,26.159,26.159,26.159,26.159,152,0
2017-10-23,26.159,26.159,26.159,26.159,256,0
2017-10-24,26.109,26.109,26.109,26.109,743,0
2017-10-25,26.029,26.039,25.902,25.902,3399,0
2017-10-26,25.83,25.83,25.83,25.83,201,0
2017-10-27,26.0529,26.0529,26.0529,26.0529,670,0
2017-10-30,25.93,26.057,25.93,26.057,280,0
2017-10-31,25.95,26.145,25.95,26.0729,1965,0
2017-11-01,26.14,26.15,26.028,26.028,1446,0
2017-11-02,26.155,26.1899,26.155,26.16,993,0
2017-11-03,25.98,26.1799,25.98,26.0747,4892,0
2017-11-06,26.1396,26.21,26.0747,26.2,9708,0
2017-11-07,26.169,26.169,26.0048,26.0048,649,0
2017-11-08,26.18,26.18,26.17,26.17,1003,0
2017-11-09,26.0754,26.1,26.0754,26.1,2052,0
2017-11-10,26.06,26.06,26.05,26.05,802,0
