Date,Open,High,Low,Close,Volume,OpenInt
2011-05-03,19.554,19.554,19.554,19.554,402,0
2011-05-05,19.316,19.316,19.316,19.316,257,0
2011-05-09,19.392,19.497,19.392,19.497,724,0
2011-05-10,19.783,19.783,19.763,19.763,508,0
2011-05-11,19.583,19.583,19.583,19.583,916,0
2011-05-12,19.665,19.665,19.656,19.665,18069,0
2011-05-17,19.146,19.146,19.146,19.146,11239,0
2011-05-18,19.172,19.325,19.172,19.325,990,0
2011-05-20,19.316,19.412,19.306,19.306,819,0
2011-05-24,18.886,18.886,18.886,18.886,206,0
2011-05-25,18.963,18.963,18.963,18.963,679,0
2011-05-27,19.269,19.269,19.269,19.269,473,0
2011-05-31,19.479,19.479,19.479,19.479,2626,0
2011-06-07,18.612,18.612,18.612,18.612,289,0
2011-06-09,18.477,18.477,18.477,18.477,358,0
2011-06-16,18.421,18.421,18.277,18.277,1792,0
2011-06-17,18.574,18.574,18.335,18.335,1850,0
2011-06-23,18.554,18.763,18.534,18.763,1611,0
2011-06-29,19.127,19.127,19.088,19.127,289,0
2011-06-30,19.322,19.322,19.322,19.322,263,0
2011-07-01,19.574,19.591,19.574,19.591,2406,0
2011-07-06,19.743,19.743,19.743,19.743,263,0
2011-07-07,19.993,20.021,19.993,20.012,724,0
2011-07-08,19.763,19.763,19.763,19.763,208,0
2011-07-11,19.583,19.583,19.583,19.583,1051,0
2011-07-13,19.695,19.695,19.591,19.591,315,0
2011-07-14,19.363,19.363,19.363,19.363,101,0
2011-07-15,19.422,19.422,19.422,19.422,943,0
2011-07-18,19.107,19.117,19.107,19.107,206,0
2011-07-20,19.479,19.479,19.479,19.479,315,0
2011-07-22,19.801,19.801,19.801,19.801,1046,0
2011-07-25,19.705,19.705,19.705,19.705,206,0
2011-07-26,19.497,19.497,19.497,19.497,123,0
2011-07-29,18.726,18.726,18.726,18.726,440,0
2011-08-01,18.858,18.858,18.699,18.782,423,0
2011-08-02,18.448,18.448,18.448,18.448,101,0
2011-08-03,18.086,18.086,18.042,18.042,523,0
2011-08-04,18.032,18.032,17.984,17.984,874,0
2011-08-08,16.317,16.395,15.946,15.955,2435,0
2011-08-09,16.213,16.498,16.031,16.47,7490,0
2011-08-10,16.395,16.47,16.041,16.041,7453,0
2011-08-11,16.792,16.792,16.792,16.792,779,0
2011-08-15,16.973,16.973,16.973,16.973,258,0
2011-08-17,16.719,16.728,16.719,16.728,1002,0
2011-08-25,16.498,16.498,16.498,16.498,168,0
2011-08-26,16.479,16.479,16.479,16.479,305,0
2011-08-30,17.469,17.469,17.401,17.401,2578,0
2011-08-31,17.633,17.633,17.347,17.491,1738,0
2011-09-01,17.687,17.687,17.021,17.108,4860,0
2011-09-07,16.67,16.85,16.67,16.85,3265,0
2011-09-08,16.993,16.993,16.993,16.993,143,0
2011-09-09,16.223,16.223,16.223,16.223,1051,0
2011-09-14,16.709,17.098,16.709,17.07,3150,0
2011-09-16,17.128,17.128,17.128,17.128,1055,0
2011-09-21,16.433,16.433,16.173,16.173,3451,0
2011-09-22,15.517,15.517,15.317,15.421,21663,0
2011-09-23,15.594,15.594,15.594,15.594,523,0
2011-09-28,15.965,15.975,15.927,15.975,4199,0
2011-09-29,16.041,16.213,16.041,16.071,3729,0
2011-10-04,15.27,15.946,14.947,15.936,28170,0
2011-10-05,16.061,16.061,16.061,16.061,3598,0
2011-10-06,16.116,16.289,16.116,16.231,8719,0
2011-10-10,16.47,16.543,16.47,16.543,3570,0
2011-10-12,17.193,17.231,17.193,17.231,1106,0
2011-10-14,17.249,17.249,17.249,17.249,289,0
2011-10-17,17.146,17.146,16.85,16.85,1660,0
2011-10-19,17.297,17.297,16.918,16.983,98321,0
2011-10-24,18.032,18.096,18.032,18.096,1445,0
2011-10-25,17.974,17.974,17.697,17.697,873,0
2011-10-26,17.64,17.64,17.64,17.64,891,0
2011-10-27,18.544,18.886,18.355,18.886,8242,0
2011-10-28,18.972,18.982,18.877,18.877,6722,0
2011-10-31,18.637,18.637,18.405,18.415,9592,0
2011-11-01,17.24,17.268,17.24,17.268,735,0
2011-11-02,17.994,18.042,17.822,17.832,110317,0
2011-11-03,18.165,18.458,17.812,18.458,27914,0
2011-11-04,18.309,18.309,18.309,18.309,344,0
2011-11-08,18.534,18.754,18.126,18.681,36031,0
2011-11-09,18.145,18.145,17.687,17.687,13350,0
2011-11-10,17.822,17.994,17.744,17.869,6755,0
2011-11-11,18.448,18.448,18.448,18.448,2417,0
2011-11-16,18.042,18.051,18.022,18.022,3570,0
2011-11-18,17.773,17.773,17.773,17.773,523,0
2011-11-21,17.24,17.278,17.24,17.268,3381,0
2011-11-28,16.783,16.973,16.783,16.973,11017,0
2011-11-29,16.963,16.963,16.963,16.963,429,0
2011-11-30,17.987,17.987,17.737,17.987,2566,0
2011-12-02,18.259,18.259,18.184,18.194,8323,0
2011-12-05,18.525,18.525,18.525,18.525,118,0
2011-12-06,18.281,18.424,18.281,18.424,1155,0
2011-12-07,18.254,18.378,18.244,18.3,2467,0
2011-12-08,18.129,18.129,17.872,17.881,1571,0
2011-12-09,18.405,18.415,18.405,18.415,2544,0
2011-12-12,18.155,18.155,17.954,17.964,7303,0
2011-12-13,18.277,18.345,18.051,18.116,7155,0
2011-12-14,17.42,17.499,17.42,17.489,3692,0
2011-12-15,17.773,17.773,17.773,17.773,224,0
2011-12-19,18.003,18.003,18.003,18.003,336,0
2011-12-20,18.296,18.296,18.296,18.296,311,0
2011-12-21,18.349,18.359,18.349,18.359,265,0
2011-12-22,18.607,18.864,18.607,18.864,733,0
2011-12-23,18.825,18.825,18.825,18.825,837,0
2011-12-27,18.911,18.959,18.911,18.959,606,0
2011-12-28,18.704,18.712,18.443,18.443,92060,0
2012-01-03,19.055,19.055,18.911,18.911,944,0
2012-01-04,18.685,18.892,18.685,18.816,1082,0
2012-01-05,18.988,18.988,18.94,18.94,1696,0
2012-01-09,18.998,19.015,18.998,19.015,2620,0
2012-01-11,19.226,19.246,19.226,19.246,923,0
2012-01-12,19.513,19.513,19.513,19.513,629,0
2012-01-13,19.35,19.35,19.331,19.331,1177,0
2012-01-17,19.437,19.523,19.428,19.467,1496,0
2012-01-18,19.541,19.751,19.504,19.751,4242,0
2012-01-20,20.067,20.076,20.028,20.076,4704,0
2012-01-23,20.239,20.239,20.047,20.131,1374,0
2012-01-24,20.19,20.313,20.19,20.313,651,0
2012-01-25,20.19,20.19,20.19,20.19,733,0
2012-01-26,20.4,20.485,20.352,20.38,5990,0
2012-01-27,20.505,20.505,20.505,20.505,1671,0
2012-01-30,20.477,20.477,20.293,20.362,4256,0
2012-01-31,20.433,20.433,20.278,20.296,18602,0
2012-02-01,20.515,20.732,20.515,20.724,2025,0
2012-02-02,20.915,21.002,20.819,20.963,4279,0
2012-02-03,21.269,21.479,21.23,21.45,14185,0
2012-02-06,21.299,21.365,21.239,21.269,2225,0
2012-02-08,21.23,21.23,21.172,21.172,500,0
2012-02-09,21.172,21.239,21.115,21.239,7816,0
2012-02-10,21.012,21.012,20.869,20.869,2348,0
2012-02-13,21.086,21.181,21.086,21.181,1258,0
2012-02-14,20.944,21.022,20.801,20.869,11331,0
2012-02-15,21.002,21.041,20.716,20.716,2885,0
2012-02-16,20.906,21.086,20.906,21.086,871,0
2012-02-17,21.319,21.319,21.269,21.269,4356,0
2012-02-21,21.23,21.289,21.051,21.051,5045,0
2012-02-22,21.143,21.143,21.061,21.061,1415,0
2012-02-23,20.677,20.897,20.677,20.897,34938,0
2012-02-27,20.944,20.954,20.869,20.869,2412,0
2012-02-28,20.849,20.963,20.839,20.839,7245,0
2012-02-29,20.539,20.835,20.539,20.539,9860,0
2012-03-01,20.592,20.639,20.439,20.439,1476,0
2012-03-02,20.38,20.459,19.981,19.981,2804,0
2012-03-05,19.962,20.011,19.953,20.011,1108,0
2012-03-06,19.731,19.731,19.598,19.598,1784,0
2012-03-07,19.589,19.663,19.589,19.663,2164,0
2012-03-08,19.79,19.79,19.79,19.79,3668,0
2012-03-09,20.362,20.362,20.293,20.293,1049,0
2012-03-12,20.229,20.371,20.209,20.209,2724,0
2012-03-13,20.38,20.38,20.38,20.38,101,0
2012-03-14,20.771,20.771,20.573,20.573,1310,0
2012-03-15,20.563,20.612,20.477,20.612,1991,0
2012-03-16,20.801,20.801,20.706,20.742,3289,0
2012-03-19,20.934,21.076,20.934,21.076,2515,0
2012-03-20,20.791,20.849,20.686,20.849,5382,0
2012-03-21,20.732,20.751,20.732,20.751,452,0
2012-03-22,20.42,20.42,20.42,20.42,629,0
2012-03-23,20.371,20.706,20.352,20.706,2492,0
2012-03-26,21.096,21.096,21.096,21.096,262,0
2012-03-27,21.259,21.259,20.982,20.982,11732,0
2012-03-29,20.573,20.791,20.573,20.791,2785,0
2012-03-30,20.815,20.815,20.815,20.815,522,0
2012-04-02,20.677,20.973,20.677,20.963,807,0
2012-04-03,20.973,20.982,20.791,20.791,1330,0
2012-04-04,20.41,20.41,20.333,20.343,2701,0
2012-04-05,20.39,20.4,20.293,20.293,2960,0
2012-04-09,19.944,19.944,19.944,19.944,146,0
2012-04-10,19.857,19.857,19.447,19.447,652,0
2012-04-11,19.636,19.636,19.636,19.636,837,0
2012-04-12,20.114,20.114,20.114,20.114,286,0
2012-04-13,19.721,19.721,19.721,19.721,160,0
2012-04-17,20.229,20.229,20.229,20.229,522,0
2012-04-19,19.924,19.924,19.627,19.636,1084,0
2012-04-20,19.896,19.896,19.751,19.751,695,0
2012-04-23,19.285,19.331,19.285,19.331,513,0
2012-04-24,19.607,19.607,19.477,19.504,1534,0
2012-04-27,19.944,20.141,19.896,20.122,4635,0
2012-04-30,19.982,19.982,19.982,19.982,930,0
2012-05-01,20.219,20.219,20.141,20.141,3124,0
2012-05-02,19.636,19.79,19.636,19.78,35652,0
2012-05-03,19.636,19.636,19.419,19.437,5975,0
2012-05-04,19.045,19.151,19.045,19.151,2329,0
2012-05-07,19.187,19.197,19.187,19.197,1049,0
2012-05-08,18.998,19.035,18.998,19.035,1123,0
2012-05-09,19.094,19.094,18.969,18.969,3146,0
2012-05-10,19.113,19.151,19.113,19.151,1044,0
2012-05-11,19.197,19.197,19.025,19.025,1041,0
2012-05-14,18.797,18.864,18.767,18.864,2559,0
2012-05-15,18.949,18.949,18.949,18.949,143,0
2012-05-18,18.453,18.453,18.3,18.3,1257,0
2012-05-21,18.472,18.472,18.472,18.472,611,0
2012-05-22,18.646,18.646,18.646,18.646,579,0
2012-05-23,18.129,18.129,18.129,18.129,314,0
2012-05-24,18.188,18.188,18.188,18.188,637,0
2012-05-29,18.463,18.685,18.434,18.685,2482,0
2012-05-30,18.378,18.378,18.359,18.359,1205,0
2012-06-01,17.881,17.881,17.776,17.776,414,0
2012-06-04,17.863,17.863,17.651,17.651,1790,0
2012-06-05,17.786,17.853,17.786,17.853,348,0
2012-06-06,18.303,18.303,18.303,18.303,251,0
2012-06-07,18.371,18.381,18.352,18.352,573,0
2012-06-11,18.368,18.395,18.349,18.395,1676,0
2012-06-12,18.054,18.215,18.054,18.215,1451,0
2012-06-13,17.928,17.928,17.918,17.918,1535,0
2012-06-14,18.188,18.188,18.159,18.159,2098,0
2012-06-15,18.238,18.485,18.238,18.485,5562,0
2012-06-18,18.386,18.424,18.386,18.424,1928,0
2012-06-19,18.578,18.892,18.539,18.864,8096,0
2012-06-20,18.797,18.797,18.676,18.704,16551,0
2012-06-21,18.572,18.572,18.247,18.247,1930,0
2012-06-22,18.332,18.475,18.332,18.475,71876,0
2012-06-25,18.283,18.283,18.228,18.256,34942,0
2012-06-26,18.218,18.293,18.102,18.293,4262,0
2012-06-27,18.572,18.572,18.524,18.524,1937,0
2012-06-28,18.362,18.362,18.362,18.362,4714,0
2012-06-29,19.091,19.311,19.091,19.263,4926,0
2012-07-02,19.157,19.397,19.157,19.397,331,0
2012-07-05,19.682,19.8,19.682,19.771,1515,0
2012-07-06,19.55,19.55,19.512,19.53,1606,0
2012-07-09,19.417,19.417,19.417,19.417,388,0
2012-07-10,19.597,19.597,19.1,19.12,7726,0
2012-07-11,19.176,19.194,19.11,19.11,6759,0
2012-07-12,18.87,18.87,18.87,18.87,152,0
2012-07-13,19.148,19.387,19.148,19.387,420,0
2012-07-16,19.349,19.349,19.263,19.263,1354,0
2012-07-18,19.476,19.476,19.476,19.476,101,0
2012-07-19,19.58,19.58,19.387,19.485,1310,0
2012-07-20,19.223,19.223,19.223,19.223,953,0
2012-07-23,18.792,18.812,18.792,18.812,783,0
2012-07-24,18.352,18.352,18.266,18.266,1102,0
2012-07-26,18.572,18.572,18.494,18.494,523,0
2012-07-27,19.11,19.213,19.1,19.213,1297,0
2012-07-30,19.148,19.203,19.003,19.11,3128,0
2012-08-01,18.85,18.936,18.85,18.936,648,0
2012-08-02,18.475,18.475,18.475,18.475,364,0
2012-08-03,19.233,19.253,19.148,19.148,1187,0
2012-08-06,19.476,19.476,19.349,19.368,1010,0
2012-08-07,19.522,19.654,19.522,19.56,4577,0
2012-08-08,19.283,19.654,19.283,19.607,5863,0
2012-08-09,19.682,19.8,19.682,19.761,866,0
2012-08-10,19.597,19.654,19.597,19.654,1695,0
2012-08-13,19.427,19.427,19.427,19.427,112,0
2012-08-15,19.476,19.712,19.476,19.682,2680,0
2012-08-16,19.751,19.963,19.751,19.963,841,0
2012-08-17,20.059,20.152,20.059,20.078,8544,0
2012-08-20,20.152,20.152,20.124,20.124,3106,0
2012-08-21,20.232,20.232,20.232,20.232,195,0
2012-08-22,20.021,20.021,20.021,20.021,480,0
2012-08-23,19.838,19.915,19.8,19.848,818,0
2012-08-24,19.636,19.858,19.636,19.828,1726,0
2012-08-28,19.982,19.982,19.963,19.963,345,0
2012-08-29,20.078,20.133,20.078,20.133,396,0
2012-08-30,19.887,19.887,19.887,19.887,101,0
2012-08-31,19.955,19.955,19.838,19.897,2098,0
2012-09-04,20.414,20.414,19.761,20.133,787,0
2012-09-05,20.133,20.133,20.078,20.078,2395,0
2012-09-07,20.805,20.805,20.805,20.805,3337,0
2012-09-10,20.786,20.796,20.756,20.756,1483,0
2012-09-12,20.93,20.93,20.855,20.855,571,0
2012-09-13,21.345,21.391,21.237,21.237,1715,0
2012-09-14,21.459,21.602,21.459,21.602,528,0
2012-09-17,21.382,21.382,21.287,21.287,936,0
2012-09-18,21.237,21.297,21.237,21.297,880,0
2012-09-19,21.287,21.287,21.287,21.287,233,0
2012-09-20,21.13,21.16,21.073,21.13,1558,0
2012-09-21,21.247,21.247,21.17,21.188,3895,0
2012-09-24,21.208,21.237,21.15,21.15,2912,0
2012-09-25,21.12,21.188,20.989,20.999,10717,0
2012-09-26,20.701,20.805,20.634,20.737,3740,0
2012-09-27,20.969,20.969,20.884,20.884,34856,0
2012-09-28,20.89,20.89,20.89,20.89,383,0
2012-10-01,20.911,21.112,20.911,20.969,4786,0
2012-10-02,20.894,20.894,20.825,20.845,4338,0
2012-10-03,20.747,20.747,20.72,20.72,276,0
2012-10-09,20.596,20.596,20.489,20.489,7091,0
2012-10-10,20.336,20.374,20.336,20.345,986,0
2012-10-11,20.616,20.616,20.461,20.509,7727,0
2012-10-12,20.26,20.26,20.26,20.26,402,0
2012-10-16,20.499,20.548,20.499,20.548,761,0
2012-10-17,20.634,20.634,20.634,20.634,782,0
2012-10-19,20.143,20.162,20.143,20.143,3655,0
2012-10-22,20.143,20.192,20.143,20.172,1044,0
2012-10-23,19.848,20.088,19.848,20.049,9614,0
2012-10-24,20.596,20.596,19.992,20.021,5116,0
2012-10-25,20.182,20.182,19.972,20.021,2260,0
2012-10-31,20.049,20.143,20.012,20.143,3493,0
2012-11-01,20.222,20.423,20.222,20.404,2760,0
2012-11-02,20.212,20.212,20.212,20.212,520,0
2012-11-05,20.296,20.336,20.296,20.336,411,0
2012-11-06,20.644,20.644,20.644,20.644,13872,0
2012-11-07,20.069,20.107,20.039,20.107,2474,0
2012-11-09,19.751,19.751,19.672,19.751,1061,0
2012-11-12,19.702,19.731,19.654,19.731,771,0
2012-11-13,19.781,19.791,19.781,19.791,565,0
2012-11-14,19.253,19.253,19.253,19.253,942,0
2012-11-15,19.358,19.358,19.14,19.14,2088,0
2012-11-16,19.022,19.233,19.022,19.233,1563,0
2012-11-20,19.662,19.682,19.588,19.682,1473,0
2012-11-23,19.935,19.935,19.935,19.935,181,0
2012-11-26,20.021,20.078,20.021,20.078,829,0
2012-11-27,20.26,20.26,20.242,20.242,3403,0
2012-11-28,19.963,20.278,19.963,20.278,1221,0
2012-11-29,20.509,20.625,20.509,20.568,2238,0
2012-12-03,20.558,20.606,20.558,20.596,720195,0
2012-12-04,20.519,20.634,20.48,20.634,38617,0
2012-12-05,20.587,20.711,20.558,20.606,4070,0
2012-12-06,20.634,20.701,20.539,20.654,9950,0
2012-12-07,20.673,20.673,20.539,20.596,6587,0
2012-12-10,20.691,20.776,20.681,20.747,6109,0
2012-12-11,20.989,21.047,20.884,20.93,33868,0
2012-12-12,21.009,21.14,20.776,20.835,5494,0
2012-12-13,20.835,20.865,20.681,20.681,2103,0
2012-12-14,20.691,20.805,20.691,20.691,4593,0
2012-12-17,20.884,20.989,20.865,20.969,3551,0
2012-12-18,21.307,21.429,21.307,21.429,6372,0
2012-12-19,21.411,21.592,21.373,21.468,7961,0
2012-12-20,21.514,21.611,21.439,21.572,6337,0
2012-12-21,21.247,21.345,21.179,21.345,10900,0
2012-12-24,21.327,21.363,21.257,21.327,3739,0
2012-12-26,21.257,21.257,21.15,21.17,2330,0
2012-12-27,20.969,21.15,20.875,21.13,4800,0
2012-12-28,20.999,21.13,20.989,21.019,14090,0
2012-12-31,21.034,21.455,21.034,21.455,10082,0
2013-01-02,22.093,22.093,21.898,22.044,55027,0
2013-01-03,22.074,22.261,22.034,22.034,8879,0
2013-01-04,22.243,22.348,22.243,22.348,7872,0
2013-01-07,22.179,22.187,22.054,22.103,8882,0
2013-01-08,22.054,22.064,21.986,22.005,3704,0
2013-01-09,22.093,22.131,22.015,22.093,11932,0
2013-01-10,22.131,22.14,22.044,22.113,3311,0
2013-01-11,22.123,22.15,22.044,22.131,12309,0
2013-01-14,22.113,22.113,22.054,22.064,782,0
2013-01-15,22.113,22.224,22.064,22.224,14418,0
2013-01-16,22.15,22.187,22.064,22.123,9752,0
2013-01-17,22.27,22.388,22.27,22.319,5495,0
2013-01-18,22.309,22.378,22.289,22.329,28422,0
2013-01-22,22.408,22.61,22.408,22.61,4477,0
2013-01-23,22.61,22.61,22.534,22.544,5111,0
2013-01-24,22.694,22.762,22.563,22.684,7597,0
2013-01-25,22.743,22.743,22.62,22.62,5656,0
2013-01-28,22.62,22.733,22.62,22.733,2779,0
2013-01-29,22.656,22.743,22.61,22.665,13855,0
2013-01-30,22.628,22.628,22.378,22.388,12802,0
2013-01-31,22.541,22.57,22.415,22.531,7458,0
2013-02-01,22.675,22.811,22.675,22.762,799066,0
2013-02-04,22.581,22.675,22.398,22.456,12344,0
2013-02-05,22.554,22.61,22.534,22.544,19871,0
2013-02-06,22.476,22.694,22.476,22.694,1307,0
2013-02-07,22.524,22.743,22.524,22.733,2294,0
2013-02-08,22.82,22.964,22.714,22.954,4541,0
2013-02-11,22.954,22.954,22.857,22.867,2603,0
2013-02-12,22.867,23.059,22.857,23.04,1633,0
2013-02-13,23.032,23.145,23.012,23.059,10666,0
2013-02-14,23.117,23.232,23.117,23.232,694,0
2013-02-15,23.212,23.242,23.194,23.194,855,0
2013-02-19,23.375,23.501,23.375,23.424,8098,0
2013-02-20,23.443,23.443,23.232,23.242,6478,0
2013-02-21,22.964,22.964,22.935,22.944,14708,0
2013-02-22,22.974,23.04,22.974,23.04,2700,0
2013-02-25,23.012,23.012,22.628,22.628,1330,0
2013-02-26,22.504,22.656,22.504,22.638,3482,0
2013-02-27,22.772,22.964,22.772,22.935,1696,0
2013-02-28,22.973,23.002,22.953,22.953,2023,0
2013-03-01,22.672,22.903,22.644,22.873,4872,0
2013-03-04,22.743,22.743,22.743,22.743,101,0
2013-03-05,23.095,23.095,23.095,23.095,122,0
2013-03-07,23.162,23.162,23.162,23.162,167,0
2013-03-08,23.422,23.478,23.422,23.468,5672,0
2013-03-11,23.404,23.461,23.358,23.443,1247,0
2013-03-12,23.385,23.414,23.292,23.394,2776,0
2013-03-13,23.547,23.547,23.538,23.538,2401,0
2013-03-14,23.712,23.856,23.712,23.856,2797,0
2013-03-15,23.912,24.025,23.844,23.967,6481,0
2013-03-18,23.818,23.885,23.779,23.875,7501,0
2013-03-19,23.834,23.844,23.786,23.786,5968,0
2013-03-20,23.893,23.903,23.806,23.864,5192,0
2013-03-21,23.74,23.806,23.651,23.651,37084,0
2013-03-25,23.74,23.825,23.651,23.825,525,0
2013-03-26,23.681,23.691,23.631,23.691,1579,0
2013-03-27,23.488,23.651,23.488,23.651,637,0
2013-04-01,23.25,23.383,23.25,23.383,1224,0
2013-04-02,23.498,23.498,23.412,23.422,1483,0
2013-04-03,23.076,23.086,23.037,23.037,920,0
2013-04-05,22.78,23.076,22.78,23.066,15075,0
2013-04-08,23.172,23.172,23.172,23.172,261,0
2013-04-09,23.26,23.298,23.201,23.201,911,0
2013-04-10,23.498,23.498,23.498,23.498,162,0
2013-04-11,23.806,23.806,23.806,23.806,152,0
2013-04-12,23.563,23.563,23.478,23.478,1354,0
2013-04-15,23.422,23.422,22.635,22.635,7706,0
2013-04-16,22.78,22.913,22.78,22.913,7292,0
2013-04-17,22.501,22.501,22.355,22.355,678,0
2013-04-18,22.608,22.627,22.454,22.454,9817,0
2013-04-19,22.731,22.731,22.731,22.731,470,0
2013-04-22,22.78,22.78,22.551,22.711,16966,0
2013-04-23,22.98,23.142,22.893,23.057,2926,0
2013-04-24,23.346,23.44,23.26,23.422,7476,0
2013-04-25,23.74,23.816,23.671,23.71,5426,0
2013-04-26,23.612,23.612,23.326,23.458,1369,0
2013-04-29,23.573,23.651,23.573,23.602,459,0
2013-04-30,23.614,23.702,23.529,23.702,2762,0
2013-05-01,23.346,23.346,23.133,23.133,10299,0
2013-05-02,23.45,23.478,23.45,23.458,2255,0
2013-05-03,24.121,24.121,23.987,23.996,6598,0
2013-05-06,23.987,24.083,23.977,24.073,44900,0
2013-05-07,24.15,24.343,24.15,24.343,7025,0
2013-05-08,24.333,24.402,24.333,24.363,3253,0
2013-05-09,24.524,24.533,24.506,24.533,1236,0
2013-05-10,24.957,24.957,24.553,24.667,1355,0
2013-05-13,24.601,24.601,24.601,24.601,101,0
2013-05-14,24.927,24.927,24.927,24.927,450,0
2013-05-15,24.996,25.137,24.872,25.137,5800,0
2013-05-16,25.157,25.157,24.937,24.937,2245,0
2013-05-17,25.282,25.311,25.197,25.291,4883,0
2013-05-20,25.206,25.532,25.206,25.532,4180,0
2013-05-21,25.504,25.561,25.486,25.561,2959,0
2013-05-22,25.683,25.683,25.033,25.033,7746,0
2013-05-23,24.947,25.197,24.947,25.167,5645,0
2013-05-24,25.108,25.253,25.043,25.253,2373,0
2013-05-28,25.839,25.839,25.571,25.608,1058,0
2013-05-29,25.556,25.68,25.277,25.471,5283,0
2013-05-30,25.589,25.693,25.589,25.693,1390,0
2013-05-31,25.599,25.629,25.368,25.368,4461,0
2013-06-03,25.32,25.809,25.32,25.809,653441,0
2013-06-04,25.794,25.814,25.392,25.509,211088,0
2013-06-05,25.451,25.499,25.248,25.248,8670,0
2013-06-06,25.268,25.441,25.122,25.441,18265,0
2013-06-07,25.556,25.727,25.519,25.663,48568,0
2013-06-10,25.76,25.866,25.579,25.866,27756,0
2013-06-11,25.519,25.698,25.411,25.547,31287,0
2013-06-12,25.731,25.741,25.291,25.32,18147,0
2013-06-13,25.359,25.77,25.329,25.741,15107,0
2013-06-14,25.688,25.698,25.363,25.461,11797,0
2013-06-17,25.703,25.721,25.426,25.589,23042,0
2013-06-18,25.672,25.922,25.603,25.872,12716,0
2013-06-19,25.892,25.892,25.537,25.537,3155,0
2013-06-20,25.122,25.122,24.788,24.876,27103,0
2013-06-21,24.856,25,24.614,24.961,8757,0
2013-06-24,24.719,24.808,24.443,24.671,19088,0
2013-06-25,24.758,24.903,24.71,24.903,5770,0
2013-06-26,24.798,24.951,24.788,24.951,5835,0
2013-06-27,25.008,25.239,25.008,25.201,3140,0
2013-06-28,25.171,25.306,25.171,25.258,14574,0
2013-07-01,25.431,25.633,25.431,25.499,81343,0
2013-07-02,25.566,25.623,25.324,25.49,7033,0
2013-07-03,25.441,25.519,25.363,25.461,22933,0
2013-07-05,25.584,25.794,25.584,25.794,9605,0
2013-07-08,25.997,26.094,25.968,26.094,5631,0
2013-07-09,26.171,26.324,26.016,26.286,13098,0
2013-07-10,26.389,26.458,26.238,26.419,22002,0
2013-07-11,26.728,26.728,26.228,26.699,34304,0
2013-07-12,26.689,26.841,26.66,26.832,24741,0
2013-07-15,26.871,27.025,26.871,26.967,31192,0
2013-07-16,26.881,26.996,26.841,26.871,11527,0
2013-07-17,26.93,27.034,26.871,26.92,9741,0
2013-07-18,27.216,27.372,27.189,27.189,25405,0
2013-07-19,27.235,27.254,27.129,27.169,11801,0
2013-07-22,27.353,27.466,27.273,27.392,17287,0
2013-07-23,27.421,27.43,27.283,27.353,64750,0
2013-07-24,27.476,27.476,27.083,27.179,13647,0
2013-07-25,27.129,27.363,27.074,27.363,12630,0
2013-07-26,27.207,27.235,26.967,27.139,20619,0
2013-07-29,27.074,27.159,26.747,26.92,30025,0
2013-07-30,27.11,27.11,26.795,26.93,8242,0
2013-07-31,26.986,27.11,26.881,26.881,11066,0
2013-08-01,27.074,27.313,27.074,27.216,31007,0
2013-08-02,27.179,27.235,27.11,27.225,12751,0
2013-08-05,27.179,27.264,27.119,27.207,27876,0
2013-08-06,27.303,27.303,26.948,27.034,11337,0
2013-08-07,26.93,27.044,26.93,27.006,6274,0
2013-08-08,27.159,27.159,26.986,27.11,7598,0
2013-08-09,26.986,27.074,26.841,26.93,7791,0
2013-08-12,26.939,27.015,26.939,26.957,4254,0
2013-08-13,26.871,27.064,26.871,27.025,13086,0
2013-08-14,27.015,27.015,26.881,26.93,4011,0
2013-08-15,26.575,26.699,26.458,26.495,20291,0
2013-08-16,26.486,26.515,26.344,26.428,7438,0
2013-08-19,26.296,26.362,26.114,26.114,5772,0
2013-08-20,26.199,26.575,26.199,26.505,10410,0
2013-08-21,26.467,26.476,26.18,26.344,11113,0
2013-08-22,26.419,26.699,26.419,26.66,8620,0
2013-08-23,26.67,26.719,26.555,26.719,11432,0
2013-08-26,26.719,26.767,26.545,26.622,8017,0
2013-08-27,26.324,26.362,25.96,25.968,9085,0
2013-08-28,25.932,26.152,25.932,26.016,14842,0
2013-08-29,25.922,26.353,25.922,26.296,30077,0
2013-08-30,26.064,26.074,25.804,25.922,5524,0
2013-09-03,26.445,26.445,25.859,25.974,11535,0
2013-09-04,26.1,26.186,26.09,26.1,9939,0
2013-09-05,26.263,26.283,26.139,26.283,4944,0
2013-09-06,26.013,26.331,25.908,26.225,24718,0
2013-09-09,26.381,26.584,26.371,26.545,174174,0
2013-09-10,26.793,26.81,26.638,26.735,17993,0
2013-09-11,26.871,27.006,26.757,26.976,43056,0
2013-09-12,26.93,26.93,26.738,26.804,19284,0
2013-09-13,26.849,26.898,26.783,26.793,10877,0
2013-09-16,27.189,27.189,26.804,26.901,14293,0
2013-09-17,26.802,27.117,26.802,27.052,23211,0
2013-09-18,27.204,27.522,27.013,27.455,10124,0
2013-09-19,27.551,27.551,27.331,27.464,19698,0
2013-09-20,27.522,27.561,27.428,27.532,20851,0
2013-09-23,27.331,27.561,27.331,27.513,4862,0
2013-09-24,27.541,27.762,27.418,27.618,13025,0
2013-09-25,27.637,27.82,27.503,27.551,5810,0
2013-09-26,27.484,27.647,27.464,27.647,12398,0
2013-09-27,27.57,27.618,27.484,27.561,10729,0
2013-09-30,27.301,27.657,27.214,27.647,22495,0
2013-10-01,27.705,27.907,27.685,27.82,40981,0
2013-10-02,27.58,27.781,27.58,27.676,48242,0
2013-10-03,27.503,27.657,27.194,27.351,7442,0
2013-10-04,27.446,27.58,27.37,27.57,4312,0
2013-10-07,27.271,27.37,27.271,27.281,22696,0
2013-10-08,27.321,27.321,26.888,26.908,40116,0
2013-10-09,27.082,27.194,26.879,26.918,9644,0
2013-10-10,27.37,27.608,27.37,27.551,11512,0
2013-10-11,27.618,28.07,27.589,28.051,87121,0
2013-10-14,27.954,28.196,27.936,28.12,10389,0
2013-10-15,28.139,28.157,27.945,27.983,14148,0
2013-10-16,28.215,28.293,28.166,28.283,10584,0
2013-10-17,28.206,28.522,28.176,28.503,144633,0
2013-10-18,28.637,28.842,28.637,28.822,17394,0
2013-10-21,28.842,28.955,28.764,28.792,23711,0
2013-10-22,28.955,29.029,28.877,28.984,29123,0
2013-10-23,28.877,28.936,28.792,28.896,8591,0
2013-10-24,28.886,29.069,28.832,29.01,10462,0
2013-10-25,29.098,29.118,28.926,28.975,112054,0
2013-10-28,29.705,29.705,28.955,29.069,17617,0
2013-10-29,29.339,29.339,29.079,29.234,8674,0
2013-10-30,29.359,29.359,28.896,29.039,7726,0
2013-10-31,29.01,29.01,28.687,28.85,8009,0
2013-11-01,28.706,28.706,28.405,28.598,13412,0
2013-11-04,28.687,28.975,28.687,28.965,9161,0
2013-11-05,28.802,29.019,28.764,28.975,54842,0
2013-11-06,29.157,29.157,28.782,28.782,106496,0
2013-11-07,28.955,28.955,28.454,28.454,24885,0
2013-11-08,28.627,29.079,28.627,28.955,55954,0
2013-11-11,28.926,29.079,28.926,29.039,13423,0
2013-11-12,28.984,29.069,28.868,29.069,14679,0
2013-11-13,28.842,29.244,28.842,29.177,7710,0
2013-11-14,29.282,29.321,29.089,29.291,18652,0
2013-11-15,29.254,29.396,29.118,29.321,16341,0
2013-11-18,29.339,29.512,29.206,29.291,10924,0
2013-11-19,29.272,29.483,29.039,29.186,8037,0
2013-11-20,29.282,29.444,29.108,29.234,37816,0
2013-11-21,29.359,29.676,29.339,29.58,6729,0
2013-11-22,29.723,29.839,29.571,29.742,11559,0
2013-11-25,29.715,29.906,29.705,29.705,11316,0
2013-11-26,29.896,30.071,29.819,30.003,25433,0
2013-11-27,29.906,30.263,29.906,30.253,18657,0
2013-11-29,30.356,30.446,30.273,30.273,6311,0
2013-12-02,30.146,30.146,29.761,29.886,18270,0
2013-12-03,29.945,29.945,29.695,29.839,14442,0
2013-12-04,29.974,29.974,29.561,29.829,9734,0
2013-12-05,29.761,29.791,29.609,29.742,7135,0
2013-12-06,30.022,30.099,29.916,29.916,18311,0
2013-12-09,30.366,30.366,29.715,29.867,28810,0
2013-12-10,29.705,29.876,29.473,29.629,13907,0
2013-12-11,29.657,29.657,29.157,29.186,12208,0
2013-12-12,29.311,29.416,29.196,29.282,8150,0
2013-12-13,29.387,29.522,29.196,29.369,19194,0
2013-12-16,28.832,29.771,28.832,29.742,4245,0
2013-12-17,29.531,29.685,29.493,29.58,11831,0
2013-12-18,29.624,30.047,29.506,29.806,7968,0
2013-12-19,29.94,29.94,29.644,29.786,11327,0
2013-12-20,29.815,30.353,29.786,30.353,18324,0
2013-12-23,30.605,30.613,30.443,30.528,14426,0
2013-12-24,30.799,30.886,30.75,30.769,23244,0
2013-12-26,30.914,30.962,30.741,30.76,8853,0
2013-12-27,30.731,30.769,30.641,30.701,12802,0
2013-12-30,30.75,30.848,30.641,30.681,23188,0
2013-12-31,30.75,30.848,30.701,30.76,38295,0
2014-01-02,30.681,30.681,30.269,30.353,9333,0
2014-01-03,30.306,30.536,30.306,30.519,187585,0
2014-01-06,30.519,30.519,30.201,30.201,34788,0
2014-01-07,30.288,30.528,29.815,30.433,13692,0
2014-01-08,30.296,30.296,30.087,30.133,34720,0
2014-01-09,30.363,30.363,29.978,30.115,41136,0
2014-01-10,30.152,30.239,30.067,30.239,22699,0
2014-01-13,30.249,30.249,29.776,29.776,26779,0
2014-01-14,30.037,30.288,30.037,30.259,27518,0
2014-01-15,30.315,30.472,30.259,30.403,9489,0
2014-01-16,30.462,30.462,30.288,30.423,10514,0
2014-01-17,30.259,30.393,30.211,30.23,12683,0
2014-01-21,30.511,30.519,30.353,30.492,14756,0
2014-01-22,30.546,30.721,30.502,30.661,29946,0
2014-01-23,30.482,30.519,30.306,30.519,30043,0
2014-01-24,30.221,30.221,29.71,29.786,26971,0
2014-01-27,29.796,29.863,29.315,29.595,17082,0
2014-01-28,29.68,29.71,29.556,29.671,85333,0
2014-01-29,29.604,29.662,29.267,29.41,11810,0
2014-01-30,29.556,29.825,29.536,29.662,16523,0
2014-01-31,30.087,30.087,29.053,29.43,29138,0
2014-02-03,29.381,29.381,28.544,28.611,15968,0
2014-02-04,28.844,28.844,28.64,28.757,33447,0
2014-02-05,28.63,28.649,28.285,28.621,31059,0
2014-02-06,28.679,28.996,28.679,28.899,9895,0
2014-02-07,29.161,29.161,28.825,28.939,29354,0
2014-02-10,29.092,29.092,28.815,29.043,49365,0
2014-02-11,29.102,29.381,29.083,29.305,52089,0
2014-02-12,29.41,29.536,29.315,29.381,33457,0
2014-02-13,29.258,29.911,29.258,29.882,31982,0
2014-02-14,29.766,29.97,29.7,29.93,10385,0
2014-02-18,30.067,30.201,29.911,30.171,17657,0
2014-02-19,30.105,30.269,29.902,29.902,31321,0
2014-02-20,29.96,30.211,29.95,30.201,11047,0
2014-02-21,30.239,30.344,30.239,30.269,14609,0
2014-02-24,30.393,30.586,30.393,30.482,6388,0
2014-02-25,30.452,30.586,30.393,30.413,8460,0
2014-02-26,30.443,30.819,30.363,30.711,24105,0
2014-02-27,30.511,30.809,30.443,30.779,9716,0
2014-02-28,30.789,31.076,30.789,30.867,16361,0
2014-03-03,30.838,30.838,30.482,30.711,6574,0
2014-03-04,31.184,31.569,31.105,31.404,18045,0
2014-03-05,31.366,31.366,31.243,31.271,9532,0
2014-03-06,31.29,31.481,31.271,31.413,10129,0
2014-03-07,31.55,31.55,31.366,31.366,5262,0
2014-03-10,31.433,31.452,31.251,31.3,14123,0
2014-03-11,31.356,31.452,30.962,31.019,13078,0
2014-03-12,31.009,31.145,30.876,31.057,5338,0
2014-03-13,31.243,31.243,30.701,30.721,11843,0
2014-03-14,30.701,30.971,30.701,30.867,6851,0
2014-03-17,30.999,31.213,30.981,31.095,10609,0
2014-03-18,31.009,31.49,31.009,31.49,6635,0
2014-03-19,31.53,31.53,31.184,31.223,9390,0
2014-03-20,31.328,31.443,31.261,31.395,184501,0
2014-03-21,31.318,31.676,31.318,31.433,70602,0
2014-03-24,31.433,31.569,31.076,31.346,15600,0
2014-03-25,31.52,31.52,31.223,31.338,21834,0
2014-03-26,31.261,31.385,30.808,30.808,28709,0
2014-03-27,30.875,30.98,30.575,30.74,18816,0
2014-03-28,30.97,31.184,30.788,30.875,11806,0
2014-03-31,31.251,31.5,31.104,31.472,6468,0
2014-04-01,31.589,31.732,31.462,31.723,64171,0
2014-04-02,31.76,31.925,31.627,31.925,11372,0
2014-04-03,31.696,31.896,31.627,31.77,8566,0
2014-04-04,31.955,31.955,31.094,31.154,10040,0
2014-04-07,30.913,31.028,30.67,30.828,53105,0
2014-04-08,30.895,31.233,30.818,31.094,30738,0
2014-04-09,31.251,31.28,30.951,31.271,8619,0
2014-04-10,31.338,31.338,30.575,30.605,11091,0
2014-04-11,30.48,30.509,30.199,30.323,13487,0
2014-04-14,30.401,30.575,30.209,30.286,8885,0
2014-04-15,29.879,30.518,29.879,30.431,45774,0
2014-04-16,30.565,30.605,30.431,30.535,10851,0
2014-04-17,30.509,30.895,30.5,30.808,35317,0
2014-04-21,30.875,30.941,30.769,30.837,16751,0
2014-04-22,31.037,31.251,30.895,31.193,32829,0
2014-04-23,31.154,31.261,31.028,31.094,17349,0
2014-04-24,31.046,31.134,30.788,30.998,28893,0
2014-04-25,30.923,31.395,30.48,30.612,19105,0
2014-04-28,31.124,31.124,30.065,30.421,31412,0
2014-04-29,30.612,30.612,30.361,30.361,15834,0
2014-04-30,30.371,30.518,30.065,30.509,124431,0
2014-05-01,30.189,30.575,30.179,30.304,23112,0
2014-05-02,30.391,30.749,30.361,30.509,11129,0
2014-05-05,30.277,30.411,30.169,30.323,14519,0
2014-05-06,30.247,30.295,29.909,29.958,18790,0
2014-05-07,29.292,30.094,29.292,30.094,16833,0
2014-05-08,30.113,30.411,29.822,29.889,13873,0
2014-05-09,29.716,30.209,29.716,30.199,17876,0
2014-05-12,30.391,31.046,30.391,30.99,257305,0
2014-05-13,30.998,31.008,30.66,30.66,14357,0
2014-05-14,30.575,30.575,29.996,30.025,18226,0
2014-05-15,29.87,29.87,29.465,29.793,18758,0
2014-05-16,29.87,29.928,29.621,29.928,10576,0
2014-05-19,30.015,30.257,30.015,30.169,8501,0
2014-05-20,30.006,30.006,29.602,29.744,9158,0
2014-05-21,29.86,30.025,29.678,29.86,11157,0
2014-05-22,29.948,30.247,29.948,30.179,9830,0
2014-05-23,30.237,30.49,30.237,30.49,9716,0
2014-05-27,30.66,30.856,30.526,30.798,30826,0
2014-05-28,30.759,30.759,30.575,30.66,18823,0
2014-05-29,30.64,30.749,30.509,30.66,16890,0
2014-05-30,30.778,30.778,30.526,30.65,27319,0
2014-06-02,30.68,30.68,30.209,30.381,930257,0
2014-06-03,30.228,30.431,30.065,30.237,177046,0
2014-06-04,30.123,30.342,30.006,30.323,144747,0
2014-06-05,30.509,31.114,30.313,31.094,17353,0
2014-06-06,31.223,31.49,31.164,31.452,12491,0
2014-06-09,31.443,31.76,31.443,31.696,14115,0
2014-06-10,31.676,31.704,31.462,31.579,41359,0
2014-06-11,30.923,31.413,30.923,31.309,37585,0
2014-06-12,31.075,31.213,31.008,31.046,10024,0
2014-06-13,31.056,31.243,30.923,31.114,3926,0
2014-06-16,31.104,31.134,31.037,31.114,3642,0
2014-06-17,31.085,31.413,31.085,31.404,5166,0
2014-06-18,31.251,31.452,31.193,31.452,4357,0
2014-06-19,31.49,31.51,31.366,31.49,8738,0
2014-06-20,31.318,31.589,31.271,31.49,12380,0
2014-06-23,31.462,31.5,31.404,31.5,9539,0
2014-06-24,31.579,31.771,31.299,31.299,9248,0
2014-06-25,31.183,31.54,31.133,31.54,7643,0
2014-06-26,31.338,31.395,31.26,31.395,7671,0
2014-06-27,31.423,31.637,31.423,31.637,5194,0
2014-06-30,31.696,31.82,31.569,31.82,12230,0
2014-07-01,31.936,32.419,31.897,32.256,343386,0
2014-07-02,32.324,32.324,32.053,32.053,28948,0
2014-07-03,32.12,32.372,32.12,32.304,2647,0
2014-07-07,32.294,32.294,31.81,31.81,41648,0
2014-07-08,31.579,31.627,31.462,31.579,10743,0
2014-07-09,31.676,31.791,31.462,31.481,54456,0
2014-07-10,31.084,31.242,30.95,31.163,12201,0
2014-07-11,31.232,31.232,30.893,30.997,10867,0
2014-07-14,31.232,31.25,31.113,31.183,32344,0
2014-07-15,31.242,31.242,30.806,30.922,13200,0
2014-07-16,31.163,31.163,30.835,30.979,18549,0
2014-07-17,30.776,30.873,30.497,30.573,16437,0
2014-07-18,30.638,30.989,30.573,30.969,9711,0
2014-07-21,30.708,30.854,30.658,30.816,28878,0
2014-07-22,30.997,31.143,30.997,31.027,10335,0
2014-07-23,31.045,31.143,30.95,30.989,3022,0
2014-07-24,31.093,31.232,30.873,30.969,8720,0
2014-07-25,30.816,30.816,30.62,30.62,12252,0
2014-07-28,30.638,30.638,30.32,30.543,6571,0
2014-07-29,30.573,30.658,30.497,30.533,6864,0
2014-07-30,30.718,30.718,30.477,30.563,13066,0
2014-07-31,30.358,30.358,29.973,29.982,86136,0
2014-08-01,30.206,30.206,29.809,29.944,17722,0
2014-08-04,29.954,30.109,29.779,30.099,14320,0
2014-08-05,29.992,30.293,29.866,30.031,30762,0
2014-08-06,30.109,30.31,30.109,30.206,5974,0
2014-08-07,30.34,30.34,29.838,29.944,10425,0
2014-08-08,30.021,30.234,29.982,30.216,11407,0
2014-08-11,30.349,30.678,30.216,30.533,14755,0
2014-08-12,30.477,30.533,30.176,30.293,12290,0
2014-08-13,30.448,30.533,30.31,30.428,9878,0
2014-08-14,30.428,30.524,30.428,30.497,7889,0
2014-08-15,30.688,30.688,30.264,30.368,6979,0
2014-08-18,30.658,30.912,30.638,30.816,3799,0
2014-08-19,30.922,31.093,30.922,31.017,40474,0
2014-08-20,30.816,30.835,30.757,30.757,24310,0
2014-08-21,30.786,31.093,30.786,31.007,10005,0
2014-08-22,31.036,31.074,30.826,31.036,6999,0
2014-08-25,31.123,31.183,30.864,30.997,6096,0
2014-08-26,31.093,31.289,30.979,31.212,20419,0
2014-08-27,31.202,31.26,31.123,31.153,9893,0
2014-08-28,31.017,31.065,30.912,30.969,19621,0
2014-08-29,30.969,31.074,30.883,31.074,4108,0
2014-09-02,31.103,31.328,31.065,31.232,35884,0
2014-09-03,31.299,31.318,31.045,31.074,9907,0
2014-09-04,31.242,31.338,31.007,31.007,6789,0
2014-09-05,31.017,31.093,30.873,31.055,3573,0
2014-09-08,31.103,31.133,30.912,30.997,12316,0
2014-09-09,30.698,30.826,30.62,30.629,4559,0
2014-09-10,30.593,30.708,30.543,30.708,2286,0
2014-09-11,30.767,30.969,30.668,30.95,66324,0
2014-09-12,30.806,30.816,30.611,30.698,41625,0
2014-09-15,30.583,30.583,30.358,30.487,22042,0
2014-09-16,30.378,30.524,30.31,30.487,24088,0
2014-09-17,30.583,30.668,30.467,30.487,42150,0
2014-09-18,30.603,30.678,30.533,30.593,27567,0
2014-09-19,30.708,30.718,30.147,30.254,16200,0
2014-09-22,29.885,29.934,29.818,29.857,14547,0
2014-09-23,29.78,29.907,29.578,29.578,19494,0
2014-09-24,29.519,29.722,29.519,29.674,41236,0
2014-09-25,29.569,29.569,29.171,29.267,14415,0
2014-09-26,29.365,29.403,29.219,29.403,27783,0
2014-09-29,29.053,29.345,29.004,29.248,12488,0
2014-09-30,29.112,29.267,28.869,28.878,26879,0
2014-10-01,28.667,28.878,28.462,28.502,65358,0
2014-10-02,28.898,28.898,28.384,28.765,133690,0
2014-10-03,28.898,29.033,28.861,28.869,14539,0
2014-10-06,28.888,28.948,28.706,28.755,120226,0
2014-10-07,28.492,28.667,28.29,28.29,7411,0
2014-10-08,27.774,28.725,27.774,28.697,8019,0
2014-10-09,28.512,28.512,27.997,28.066,24629,0
2014-10-10,27.784,28.192,27.765,27.833,15202,0
2014-10-13,27.746,28.212,27.746,27.803,11778,0
2014-10-14,28.154,28.541,27.91,28.192,16434,0
2014-10-15,28.085,28.55,27.648,28.462,76502,0
2014-10-16,27.231,28.898,27.231,28.677,31757,0
2014-10-17,29.48,29.48,28.413,28.472,17041,0
2014-10-20,28.482,28.765,28.482,28.755,19822,0
2014-10-21,28.986,29.258,28.986,29.161,71599,0
2014-10-22,29.375,29.375,28.775,28.775,7837,0
2014-10-23,28.996,29.48,28.996,29.267,12586,0
2014-10-24,29.451,29.461,29.267,29.451,13074,0
2014-10-27,29.316,29.384,29.033,29.336,9103,0
2014-10-28,29.569,30.294,29.422,30.285,11434,0
2014-10-29,30.322,30.546,30.168,30.303,14795,0
2014-10-30,30.218,30.641,30.149,30.509,112524,0
2014-10-31,30.671,31.069,30.671,31.031,32650,0
2014-11-03,31.652,31.652,30.916,30.916,39058,0
2014-11-04,30.934,31.021,30.701,31.001,16074,0
2014-11-05,31.031,31.283,30.925,31.097,21550,0
2014-11-06,31.059,31.254,31.059,31.216,5468,0
2014-11-07,31.167,31.303,31.069,31.274,7365,0
2014-11-10,31.408,31.418,31.186,31.303,8665,0
2014-11-11,31.428,31.457,31.323,31.457,4152,0
2014-11-12,31.38,31.671,31.293,31.642,8227,0
2014-11-13,31.614,31.728,31.246,31.333,5803,0
2014-11-14,31.371,31.38,31.323,31.361,963,0
2014-11-17,31.283,31.361,30.954,31.049,14705,0
2014-11-18,31.167,31.303,31.049,31.087,12856,0
2014-11-19,30.868,30.973,30.613,30.789,10450,0
2014-11-20,30.916,31.196,30.916,31.196,6138,0
2014-11-21,31.467,31.614,31.206,31.216,6021,0
2014-11-24,31.216,31.535,31.216,31.535,15131,0
2014-11-25,31.448,31.505,31.371,31.448,3966,0
2014-11-26,31.457,31.457,31.342,31.38,2764,0
2014-11-28,31.274,31.293,30.916,30.916,1694,0
2014-12-01,30.731,30.731,30.381,30.381,31114,0
2014-12-02,30.371,30.868,30.361,30.605,24326,0
2014-12-03,30.819,31.137,30.75,31.097,4976,0
2014-12-04,30.887,31.001,30.76,30.858,6914,0
2014-12-05,31.059,31.216,30.992,31.031,5003,0
2014-12-08,30.983,31.031,30.527,30.632,2816,0
2014-12-09,30.546,31.137,30.546,31.127,3090,0
2014-12-10,30.877,31.147,30.451,30.48,10927,0
2014-12-11,30.897,30.897,30.518,30.518,8902,0
2014-12-12,30.092,30.303,30.033,30.092,14085,0
2014-12-15,30.159,30.198,29.907,29.966,6769,0
2014-12-16,30.227,30.322,30.053,30.121,6016,0
2014-12-17,30.131,30.819,29.868,30.789,4296,0
2014-12-18,31.107,31.216,30.954,31.167,7223,0
2014-12-19,31.078,31.361,31.049,31.361,3092,0
2014-12-22,31.226,31.515,31.226,31.485,5367,0
2014-12-23,31.67,31.913,31.641,31.748,13562,0
2014-12-24,31.806,31.874,31.68,31.816,19411,0
2014-12-26,32.04,32.04,31.932,32.002,16316,0
2014-12-29,32.068,32.223,32.068,32.213,18175,0
2014-12-30,32.213,32.263,32.031,32.156,31065,0
2014-12-31,32.203,32.37,32.031,32.031,43894,0
2015-01-02,32.049,32.049,31.321,31.68,360643,0
2015-01-05,31.407,31.407,30.923,31.095,15074,0
2015-01-06,31.262,31.262,30.328,30.466,24275,0
2015-01-07,30.61,30.816,30.476,30.757,23826,0
2015-01-08,31.047,31.35,31.047,31.194,14377,0
2015-01-09,31.076,31.194,30.865,30.903,293295,0
2015-01-12,30.951,30.951,30.417,30.619,14635,0
2015-01-13,30.874,31.135,30.348,30.629,15189,0
2015-01-14,30.476,30.668,30.068,30.668,55854,0
2015-01-15,30.688,30.688,29.979,29.979,20078,0
2015-01-16,30.437,30.506,30.367,30.387,7427,0
2015-01-20,30.757,30.757,30.154,30.397,23291,0
2015-01-21,30.348,30.552,30.309,30.466,11106,0
2015-01-22,30.728,31.038,30.328,31.038,58564,0
2015-01-23,30.826,31.194,30.767,30.836,13346,0
2015-01-26,30.865,31.165,30.865,31.145,5624,0
2015-01-27,30.913,31.234,30.816,31.125,22585,0
2015-01-28,31.244,31.244,30.299,30.387,18204,0
2015-01-29,30.241,30.668,30.106,30.648,41554,0
2015-01-30,30.466,30.523,30.164,30.213,8211,0
2015-02-02,30.261,30.865,30.126,30.816,63153,0
2015-02-03,31.184,31.68,31.184,31.66,24050,0
2015-02-04,31.34,31.622,31.321,31.34,15416,0
2015-02-05,31.554,31.982,31.554,31.972,21517,0
2015-02-06,31.514,32.203,31.514,31.932,11933,0
2015-02-09,32.117,32.253,31.845,31.845,14039,0
2015-02-10,32.049,32.097,31.379,31.67,17762,0
2015-02-11,31.447,31.748,31.301,31.66,12580,0
2015-02-12,31.992,32.059,31.826,31.923,10938,0
2015-02-13,32.184,32.312,32.097,32.302,14027,0
2015-02-17,32.174,32.399,32.107,32.282,183579,0
2015-02-18,32.203,32.361,32.088,32.243,11469,0
2015-02-19,31.992,32.438,31.962,32.352,9649,0
2015-02-20,32.361,32.361,31.992,32.174,9257,0
2015-02-23,32.031,32.156,31.816,32.078,12003,0
2015-02-24,32.292,32.418,32.088,32.263,15832,0
2015-02-25,32.332,32.37,32.253,32.342,5683,0
2015-02-26,32.409,32.602,32.409,32.564,18713,0
2015-02-27,32.478,32.602,32.468,32.515,12938,0
2015-03-02,32.506,32.632,32.352,32.478,73063,0
2015-03-03,32.428,32.574,32.302,32.497,4631,0
2015-03-04,32.37,32.438,32.088,32.273,6997,0
2015-03-05,32.078,32.448,32.078,32.253,32414,0
2015-03-06,32.194,32.194,31.816,31.816,5660,0
2015-03-09,32.002,32.068,31.865,31.982,11215,0
2015-03-10,31.583,31.69,31.417,31.485,49393,0
2015-03-11,31.35,31.69,31.35,31.67,12450,0
2015-03-12,31.766,32.088,31.766,32.068,31078,0
2015-03-13,32.068,32.068,31.564,32.022,10292,0
2015-03-16,31.952,32.213,31.913,32.078,33651,0
2015-03-17,31.865,32.117,31.786,32.031,5968,0
2015-03-18,31.893,32.593,31.845,32.554,11526,0
2015-03-19,32.399,32.418,32.292,32.38,7101,0
2015-03-20,32.681,32.797,32.524,32.728,11526,0
2015-03-23,32.778,33.031,32.748,32.826,10908,0
2015-03-24,32.701,32.894,32.701,32.855,8954,0
2015-03-25,32.832,32.931,32.423,32.423,19706,0
2015-03-26,32.357,32.53,32.248,32.307,18988,0
2015-03-27,32.238,32.297,32.062,32.297,13651,0
2015-03-30,32.53,32.608,32.443,32.608,28637,0
2015-03-31,32.54,32.589,32.433,32.58,6076,0
2015-04-01,32.618,32.716,32.238,32.628,123683,0
2015-04-02,32.764,33.018,32.754,32.832,5234,0
2015-04-06,32.687,33.261,32.687,33.222,4927,0
2015-04-07,33.242,33.407,33.058,33.068,8346,0
2015-04-08,33.087,33.232,33.018,33.068,13239,0
2015-04-09,33.048,33.146,32.921,33.048,2369,0
2015-04-10,33.136,33.173,33.097,33.136,2155,0
2015-04-13,33.232,33.232,33.097,33.126,6775,0
2015-04-14,33.222,33.319,33.058,33.27,10266,0
2015-04-15,33.397,34.011,33.397,33.962,25287,0
2015-04-16,33.721,33.914,33.711,33.74,7754,0
2015-04-17,33.407,33.407,32.95,33.058,6980,0
2015-04-20,33.426,33.564,33.426,33.564,1461,0
2015-04-21,33.446,33.446,33.107,33.107,3790,0
2015-04-22,32.94,33.164,32.832,33.077,5876,0
2015-04-23,33.173,33.348,33.146,33.29,4414,0
2015-04-24,33.319,33.319,33.116,33.116,2771,0
2015-04-27,33.222,33.377,32.97,33.038,9033,0
2015-04-28,33.116,33.358,33.038,33.348,6465,0
2015-04-29,33.107,33.397,32.999,33.242,9546,0
2015-04-30,32.891,33.164,32.648,32.841,20427,0
2015-05-01,32.812,32.96,32.54,32.822,140618,0
2015-05-04,33.107,33.107,32.774,32.891,6263,0
2015-05-05,32.95,33.087,32.501,32.53,18065,0
2015-05-06,32.744,32.744,32.366,32.404,8882,0
2015-05-07,32.52,32.55,32.395,32.443,2871,0
2015-05-08,32.55,32.793,32.473,32.784,23607,0
2015-05-11,32.841,32.841,32.589,32.628,12317,0
2015-05-12,32.357,32.52,32.101,32.433,18879,0
2015-05-13,32.628,32.628,32.366,32.483,34590,0
2015-05-14,32.395,32.687,32.395,32.638,7494,0
2015-05-15,32.54,32.608,32.385,32.608,16419,0
2015-05-18,32.608,32.784,32.608,32.784,6357,0
2015-05-19,32.599,32.599,32.385,32.56,10467,0
2015-05-20,32.53,32.677,32.463,32.677,10984,0
2015-05-21,32.618,32.871,32.599,32.697,13651,0
2015-05-22,32.599,32.707,32.327,32.395,17551,0
2015-05-26,32.327,32.327,31.83,31.956,12206,0
2015-05-27,32.026,32.161,31.79,32.151,16421,0
2015-05-28,32.072,32.17,31.926,32.131,8370,0
2015-05-29,32.111,32.179,31.907,32.016,13446,0
2015-06-01,32.131,32.131,31.616,31.936,72263,0
2015-06-02,31.83,32.268,31.79,32.268,10173,0
2015-06-03,32.141,32.443,32.141,32.347,4414,0
2015-06-04,32.121,32.141,31.956,31.966,10880,0
2015-06-05,31.77,32.199,31.77,32.189,12317,0
2015-06-08,32.189,32.248,31.907,32.006,4105,0
2015-06-09,31.936,32.111,31.887,31.917,3030,0
2015-06-10,32.307,32.53,32.307,32.453,6603,0
2015-06-11,32.278,32.317,32.248,32.248,3143,0
2015-06-12,32.248,32.268,32.189,32.218,7697,0
2015-06-15,31.703,32.141,31.703,32.006,13959,0
2015-06-16,32.006,32.189,32.006,32.17,3695,0
2015-06-17,32.433,32.433,32.141,32.161,5439,0
2015-06-18,32.199,32.453,32.199,32.357,21143,0
2015-06-19,32.357,32.473,32.287,32.453,5133,0
2015-06-22,32.589,32.589,32.443,32.483,8931,0
2015-06-23,32.716,32.95,32.638,32.921,3131,0
2015-06-24,32.914,32.924,32.661,32.727,7584,0
2015-06-25,32.806,32.806,32.523,32.563,23162,0
2015-06-26,32.621,32.787,32.495,32.583,3997,0
2015-06-29,32.359,32.359,31.771,31.821,4099,0
2015-06-30,32.113,32.113,31.577,31.732,11095,0
2015-07-01,31.831,31.938,31.46,31.567,107707,0
2015-07-02,31.645,31.645,31.216,31.236,54520,0
2015-07-06,31.001,31.284,30.866,30.991,21418,0
2015-07-07,30.932,31.078,30.406,31.04,7994,0
2015-07-08,30.619,30.659,30.356,30.514,40890,0
2015-07-09,30.895,30.895,30.406,30.505,3896,0
2015-07-10,30.827,30.885,30.639,30.827,18857,0
2015-07-13,30.962,31.069,30.962,31.069,8711,0
2015-07-14,31.117,31.284,31.117,31.275,9594,0
2015-07-15,31.078,31.078,30.777,30.807,8267,0
2015-07-16,31.049,31.087,30.924,30.942,5534,0
2015-07-17,31.011,31.011,30.561,30.591,5739,0
2015-07-20,30.495,30.495,30.171,30.181,10351,0
2015-07-21,30.396,30.495,30.114,30.133,11169,0
2015-07-22,30.124,30.152,29.968,30.026,5328,0
2015-07-23,30.056,30.094,29.627,29.647,5226,0
2015-07-24,29.528,29.558,29.098,29.264,11272,0
2015-07-27,29.108,29.108,28.893,28.943,7481,0
2015-07-28,28.933,29.147,28.659,29.147,53494,0
2015-07-29,29.167,29.469,29.078,29.323,419449,0
2015-07-30,29.362,29.362,29.138,29.323,7072,0
2015-07-31,29.459,29.665,29.362,29.568,10451,0
2015-08-03,29.323,29.352,29.068,29.128,24076,0
2015-08-04,29.274,29.362,29.019,29.098,9633,0
2015-08-05,29.372,29.558,29.098,29.167,11169,0
2015-08-06,29.235,29.235,28.913,29.128,9200,0
2015-08-07,29.078,29.078,28.787,28.827,5637,0
2015-08-10,29.009,29.381,29.009,29.381,6044,0
2015-08-11,29.088,29.177,28.943,29.108,6392,0
2015-08-12,28.699,29.138,28.699,29.138,5944,0
2015-08-13,29.167,29.186,28.903,28.903,4816,0
2015-08-14,28.817,29.098,28.817,29.058,8096,0
2015-08-17,28.873,29.206,28.873,29.138,1743,0
2015-08-18,29.078,29.177,28.963,29.048,7072,0
2015-08-19,28.787,28.846,28.57,28.768,5842,0
2015-08-20,28.434,28.552,28.231,28.29,81573,0
2015-08-21,27.85,28.132,27.703,27.869,23263,0
2015-08-24,19.671,27.723,18.755,27.001,23364,0
2015-08-25,27.362,27.899,26.474,26.591,36585,0
2015-08-26,27.011,27.021,26.502,26.991,101147,0
2015-08-27,27.156,27.654,27.156,27.587,75118,0
2015-08-28,27.518,28.015,27.518,27.937,13219,0
2015-08-31,27.899,28.328,27.85,28.328,10146,0
2015-09-01,27.644,27.83,27.302,27.372,108731,0
2015-09-02,27.723,27.723,27.382,27.703,76142,0
2015-09-03,27.733,28.122,27.733,27.85,66408,0
2015-09-04,27.693,27.713,27.518,27.615,9019,0
2015-09-08,27.86,28.054,27.78,27.976,4201,0
2015-09-09,28.132,28.132,27.596,27.615,8300,0
2015-09-10,27.547,27.81,27.537,27.596,11050,0
2015-09-11,27.43,27.469,27.263,27.43,19266,0
2015-09-14,27.518,27.518,27.292,27.302,58414,0
2015-09-15,27.302,27.683,27.302,27.683,50933,0
2015-09-16,27.85,28.083,27.85,28.054,10966,0
2015-09-17,28.054,28.241,27.995,27.995,5262,0
2015-09-18,27.674,27.674,27.342,27.411,4612,0
2015-09-21,27.674,27.78,27.547,27.567,13938,0
2015-09-22,27.312,27.392,27.04,27.166,10351,0
2015-09-23,27.272,27.282,26.912,27.029,9207,0
2015-09-24,26.795,27.098,26.775,27.098,11302,0
2015-09-25,27.185,27.292,27.02,27.125,9104,0
2015-09-28,26.842,26.852,26.599,26.599,3040,0
2015-09-29,26.599,26.707,26.442,26.51,26699,0
2015-09-30,26.629,26.746,26.57,26.727,15139,0
2015-10-01,26.785,26.785,26.325,26.54,70585,0
2015-10-02,26.325,26.941,26.257,26.941,7571,0
2015-10-05,27.479,27.88,27.479,27.88,68795,0
2015-10-06,27.841,28.242,27.841,27.977,9002,0
2015-10-07,28.368,28.445,28.035,28.416,4295,0
2015-10-08,28.406,28.994,28.406,28.946,15139,0
2015-10-09,28.985,28.994,28.866,28.966,5114,0
2015-10-12,28.681,28.681,28.515,28.612,4168,0
2015-10-13,28.475,28.848,28.281,28.301,4092,0
2015-10-14,28.33,28.33,28.104,28.104,7468,0
2015-10-15,28.114,28.72,28.104,28.72,28336,0
2015-10-16,28.77,28.77,28.281,28.495,6547,0
2015-10-19,28.416,28.416,28.183,28.291,13913,0
2015-10-20,28.525,28.715,28.416,28.607,11932,0
2015-10-21,28.358,28.562,28.123,28.143,43579,0
2015-10-22,28.183,28.554,28.183,28.281,23222,0
2015-10-23,28.505,28.631,28.242,28.525,14526,0
2015-10-26,28.251,28.281,28.133,28.193,11251,0
2015-10-27,28.006,28.006,27.302,27.421,10229,0
2015-10-28,27.469,28.242,27.469,28.242,21994,0
2015-10-29,28.223,28.261,28.016,28.065,9719,0
2015-10-30,27.977,28.163,27.9,28.025,9719,0
2015-11-02,28.084,28.71,28.084,28.671,15784,0
2015-11-03,28.936,29.228,28.866,29.071,25984,0
2015-11-04,29.189,29.218,28.799,28.906,11562,0
2015-11-05,28.829,29.041,28.77,28.926,7571,0
2015-11-06,29.061,29.267,28.829,29.267,8594,0
2015-11-09,28.994,28.994,28.74,28.839,3605,0
2015-11-10,28.701,28.73,28.592,28.661,3376,0
2015-11-11,28.544,28.544,28.232,28.232,2660,0
2015-11-12,27.811,28.016,27.547,27.615,9207,0
2015-11-13,27.43,27.577,27.272,27.498,2660,0
2015-11-16,27.488,27.742,27.302,27.742,10229,0
2015-11-17,27.615,27.938,27.537,27.537,46955,0
2015-11-18,27.851,27.986,27.683,27.928,32428,0
2015-11-19,27.908,27.908,27.713,27.841,11662,0
2015-11-20,27.908,28.045,27.87,27.928,10333,0
2015-11-23,27.9,28.114,27.801,27.958,36316,0
2015-11-24,27.908,28.358,27.908,28.358,2864,0
2015-11-25,28.31,28.544,28.242,28.485,5934,0
2015-11-27,28.455,28.535,28.445,28.445,4295,0
2015-11-30,28.612,28.71,28.544,28.544,3171,0
2015-12-01,28.562,28.77,28.505,28.74,39028,0
2015-12-02,28.671,28.681,28.31,28.31,3946,0
2015-12-03,28.475,28.475,27.801,27.88,10306,0
2015-12-04,27.742,27.958,27.742,27.87,7672,0
2015-12-07,27.751,27.751,27.165,27.263,9207,0
2015-12-08,27,27.115,26.862,27.01,11528,0
2015-12-09,27.165,27.372,26.707,26.775,23734,0
2015-12-10,26.842,26.902,26.804,26.842,4092,0
2015-12-11,26.5,26.56,26.248,26.257,25574,0
2015-12-14,26.248,26.248,25.915,26.011,44229,0
2015-12-15,26.091,26.432,26.091,26.335,9413,0
2015-12-16,26.49,26.707,26.402,26.697,9615,0
2015-12-17,26.775,26.795,26.372,26.402,7571,0
2015-12-18,26.218,26.218,25.963,26.091,14731,0
2015-12-21,26.151,26.432,26.131,26.296,9309,0
2015-12-22,26.363,26.823,26.345,26.766,25284,0
2015-12-23,27.216,27.354,27.216,27.354,14898,0
2015-12-24,27.304,27.503,27.304,27.334,4999,0
2015-12-28,27.236,27.236,26.84,27.001,28620,0
2015-12-29,27.109,27.318,26.915,27.216,58717,0
2015-12-30,27.117,27.136,26.814,26.814,22496,0
2015-12-31,26.647,26.805,26.55,26.55,29544,0
2016-01-04,26.11,26.11,25.637,25.961,26498,0
2016-01-05,26.08,26.08,25.756,25.942,30504,0
2016-01-06,25.502,25.639,25.413,25.432,10130,0
2016-01-07,24.962,25.022,24.668,24.685,12550,0
2016-01-08,24.648,24.668,24.325,24.423,44384,0
2016-01-11,24.247,24.325,23.747,23.953,11983,0
2016-01-12,24.188,24.188,23.522,23.856,5608,0
2016-01-13,23.775,23.775,23.041,23.1,4507,0
2016-01-14,23.278,23.806,23.061,23.569,12095,0
2016-01-15,22.973,23.188,22.612,23.178,13176,0
2016-01-19,23.434,23.444,22.473,22.688,10816,0
2016-01-20,22.335,23.101,21.885,22.973,56800,0
2016-01-21,22.863,23.54,22.863,23.198,14005,0
2016-01-22,23.55,23.648,23.417,23.628,20203,0
2016-01-25,23.55,23.573,23.022,23.022,3939,0
2016-01-26,23.168,23.83,23.168,23.806,6664,0
2016-01-27,23.757,23.973,23.453,23.522,11318,0
2016-01-28,23.875,23.875,23.53,23.638,4409,0
2016-01-29,23.934,24.612,23.934,24.612,5797,0
2016-02-01,24.276,24.531,24.139,24.395,35959,0
2016-02-02,24.139,24.139,23.784,23.825,6857,0
2016-02-03,23.836,23.927,23.434,23.915,7505,0
2016-02-04,23.963,24.403,23.963,24.375,3917,0
2016-02-05,24.208,24.335,24.061,24.061,3446,0
2016-02-08,23.747,23.953,23.504,23.953,6431,0
2016-02-09,23.589,23.82,23.512,23.67,21049,0
2016-02-10,23.816,23.999,23.53,23.53,9841,0
2016-02-11,23.158,23.414,23.023,23.138,5667,0
2016-02-12,23.472,23.747,23.472,23.718,4011,0
2016-02-16,23.925,24.375,23.905,24.341,8615,0
2016-02-17,24.551,24.932,24.551,24.668,42644,0
2016-02-18,24.736,24.736,24.413,24.619,12580,0
2016-02-19,24.489,24.594,24.433,24.472,8499,0
2016-02-22,24.992,25.051,24.914,24.952,4026,0
2016-02-23,25.022,25.022,24.638,24.638,27350,0
2016-02-24,24.385,24.987,24.325,24.987,18829,0
2016-02-25,24.888,25.09,24.826,25.09,3804,0
2016-02-26,25.118,25.354,24.992,25.118,25963,0
2016-02-29,25.276,25.55,25.268,25.363,5691,0
2016-03-01,25.687,25.795,25.589,25.795,3959,0
2016-03-02,25.835,26.247,25.746,26.247,21059,0
2016-03-03,26.237,26.589,26.05,26.589,3509,0
2016-03-04,26.747,27.236,26.747,26.933,42314,0
2016-03-07,27.374,27.709,27.374,27.709,3559,0
2016-03-08,27.137,27.137,26.767,26.795,8989,0
2016-03-09,26.903,27.05,26.812,26.913,14468,0
2016-03-10,27.089,27.089,26.5,26.767,4516,0
2016-03-11,26.961,27.344,26.961,27.334,41256,0
2016-03-14,27.084,27.275,27.026,27.177,5738,0
2016-03-15,27.05,27.05,26.619,26.677,58061,0
2016-03-16,26.55,26.891,26.55,26.891,9956,0
2016-03-17,26.991,27.745,26.991,27.726,6141,0
2016-03-18,27.647,27.995,27.647,27.884,4738,0
2016-03-21,27.824,27.912,27.824,27.895,2213,0
2016-03-22,27.639,27.774,27.599,27.608,69891,0
2016-03-23,27.505,27.505,26.996,26.996,89507,0
2016-03-24,26.68,27.19,26.651,27.19,221230,0
2016-03-28,27.043,27.276,26.904,27.159,6308,0
2016-03-29,27.115,27.779,27.115,27.73,4307,0
2016-03-30,27.918,27.918,27.7,27.822,1241,0
2016-03-31,27.734,27.937,27.734,27.903,39760,0
2016-04-01,27.544,27.759,27.427,27.759,83566,0
2016-04-04,27.631,27.681,27.24,27.24,9048,0
2016-04-05,27.043,27.099,26.789,26.817,245461,0
2016-04-06,26.876,26.964,26.602,26.941,32860,0
2016-04-07,26.716,26.716,26.378,26.378,15751,0
2016-04-08,26.869,26.869,26.553,26.612,2860,0
2016-04-11,26.866,26.974,26.69,26.69,8882,0
2016-04-12,26.71,27.156,26.71,27.053,49171,0
2016-04-13,27.308,27.793,27.308,27.789,19464,0
2016-04-14,27.72,27.779,27.654,27.7,10382,0
2016-04-15,27.75,27.869,27.733,27.733,47102,0
2016-04-18,27.564,27.859,27.564,27.839,19091,0
2016-04-19,27.986,28.192,27.986,28.103,2760,0
2016-04-20,28.172,28.291,27.967,28.211,21419,0
2016-04-21,28.152,28.172,27.869,27.869,8847,0
2016-04-22,27.839,28.251,27.839,28.202,13590,0
2016-04-25,28.093,28.093,27.809,27.957,141463,0
2016-04-26,28.015,28.486,28.015,28.486,8052,0
2016-04-27,28.446,28.702,28.446,28.702,13954,0
2016-04-28,28.683,28.732,28.31,28.31,5123,0
2016-04-29,28.172,28.281,28.054,28.231,10228,0
2016-05-02,28.202,28.349,28.078,28.317,10703,0
2016-05-03,28.162,28.162,27.737,27.879,14567,0
2016-05-04,27.683,28.122,27.621,27.69,168943,0
2016-05-05,27.927,27.947,27.547,27.584,48039,0
2016-05-06,27.486,27.799,27.485,27.799,10464,0
2016-05-09,27.799,27.889,27.618,27.779,12261,0
2016-05-10,27.957,28.142,27.819,28.093,11850,0
2016-05-11,27.899,27.995,27.829,27.829,6419,0
2016-05-12,27.836,27.849,27.379,27.475,3944,0
2016-05-13,27.456,27.554,27.181,27.181,131042,0
2016-05-16,27.259,27.626,27.259,27.524,9252,0
2016-05-17,27.417,27.63,27.082,27.131,12816,0
2016-05-18,27.328,27.456,27.073,27.24,23792,0
2016-05-19,27.171,27.19,26.789,26.952,11655,0
2016-05-20,27.103,27.417,27.102,27.388,10750,0
2016-05-23,27.436,27.499,27.336,27.402,7485,0
2016-05-24,27.465,27.879,27.456,27.859,172356,0
2016-05-25,27.899,28.073,27.899,28.073,340546,0
2016-05-26,28.054,28.054,27.907,27.995,2903,0
2016-05-27,28.015,28.172,28.015,28.132,15620,0
2016-05-31,28.339,28.403,28.182,28.261,5796,0
2016-06-01,28.093,28.526,28.083,28.516,32514,0
2016-06-02,28.31,28.603,28.31,28.603,20518,0
2016-06-03,28.506,28.536,28.261,28.486,497570,0
2016-06-06,28.466,28.938,28.466,28.868,11729,0
2016-06-07,28.948,29.115,28.849,29.045,8102,0
2016-06-08,29.164,29.213,29.085,29.174,4562,0
2016-06-09,28.872,28.968,28.872,28.968,2658,0
2016-06-10,28.537,28.619,28.417,28.417,4460,0
2016-06-13,28.261,28.398,28.005,28.02,4611,0
2016-06-14,27.947,28.034,27.72,27.74,17001,0
2016-06-15,27.907,28.172,27.891,27.917,6400,0
2016-06-16,27.495,27.879,27.495,27.849,14187,0
2016-06-17,28.054,28.152,27.987,28.054,4220,0
2016-06-20,28.466,28.618,28.32,28.32,6786,0
2016-06-21,28.31,28.31,28.054,28.227,6136,0
2016-06-22,28.306,28.402,28.153,28.196,10430,0
2016-06-23,28.363,28.688,28.363,28.688,21180,0
2016-06-24,27.683,27.832,27.429,27.557,12294,0
2016-06-27,27.064,27.064,26.374,26.454,12173,0
2016-06-28,26.741,26.939,26.701,26.837,8167,0
2016-06-29,27.3,27.516,27.251,27.438,191225,0
2016-06-30,27.605,27.862,27.419,27.862,52363,0
2016-07-01,27.94,28.236,27.94,28.126,85607,0
2016-07-05,27.892,27.892,27.35,27.517,7676,0
2016-07-06,27.34,27.723,27.34,27.66,104290,0
2016-07-07,27.96,28.009,27.626,27.772,24495,0
2016-07-08,28.267,28.555,28.196,28.481,14393,0
2016-07-11,28.678,28.904,28.678,28.867,270667,0
2016-07-12,29.267,29.465,29.147,29.327,9209,0
2016-07-13,29.337,29.426,29.199,29.254,21779,0
2016-07-14,29.455,29.514,29.406,29.426,2765,0
2016-07-15,29.317,29.406,29.309,29.406,9650,0
2016-07-18,29.455,29.574,29.413,29.572,13622,0
2016-07-19,29.396,29.534,29.258,29.322,8176,0
2016-07-20,29.258,29.544,29.258,29.495,2801,0
2016-07-21,29.529,29.574,29.346,29.396,8052,0
2016-07-22,29.523,29.575,29.523,29.564,1164,0
2016-07-25,29.603,29.604,29.455,29.528,5275,0
2016-07-26,29.604,29.717,29.495,29.717,7891,0
2016-07-27,29.789,29.809,29.564,29.69,8865,0
2016-07-28,29.466,29.586,29.435,29.562,2491,0
2016-07-29,29.455,29.719,29.416,29.653,13744,0
2016-08-01,29.719,29.799,29.485,29.564,18551,0
2016-08-02,29.376,29.376,29.088,29.151,5181,0
2016-08-03,29.091,29.317,29.091,29.317,7073,0
2016-08-04,29.455,29.455,29.327,29.343,23986,0
2016-08-05,29.634,29.955,29.634,29.88,14314,0
2016-08-08,29.986,30.075,29.943,29.947,3984,0
2016-08-09,29.957,30.026,29.877,29.877,15498,0
2016-08-10,29.917,29.917,29.653,29.705,12026,0
2016-08-11,29.877,29.967,29.775,29.907,6273,0
2016-08-12,29.838,29.862,29.812,29.862,1369,0
2016-08-15,30.143,30.253,30.086,30.243,30743,0
2016-08-16,30.076,30.114,30.006,30.006,6159,0
2016-08-17,29.917,29.957,29.818,29.947,28609,0
2016-08-18,29.996,30.115,29.946,30.115,4926,0
2016-08-19,30.046,30.213,30.046,30.183,6224,0
2016-08-22,30.173,30.223,30.054,30.223,11243,0
2016-08-23,30.389,30.605,30.389,30.556,7822,0
2016-08-24,30.452,30.452,30.225,30.225,5523,0
2016-08-25,30.244,30.419,30.203,30.369,8200,0
2016-08-26,30.508,30.576,30.313,30.338,5281,0
2016-08-29,30.556,30.586,30.508,30.547,4534,0
2016-08-30,30.498,30.532,30.458,30.458,2527,0
2016-08-31,30.527,30.527,30.193,30.467,15607,0
2016-09-01,30.369,30.449,30.016,30.133,146386,0
2016-09-02,30.517,30.546,30.429,30.533,3570,0
2016-09-06,30.518,30.518,30.414,30.478,8507,0
2016-09-07,30.517,30.705,30.504,30.705,5168,0
2016-09-08,30.596,30.715,30.576,30.625,9817,0
2016-09-09,30.369,30.369,29.769,29.769,13450,0
2016-09-12,29.594,30.036,29.524,30.016,7863,0
2016-09-13,29.957,29.957,29.366,29.574,28715,0
2016-09-14,29.531,29.574,29.406,29.406,12307,0
2016-09-15,29.485,29.838,29.396,29.769,23685,0
2016-09-16,29.594,29.722,29.594,29.676,5111,0
2016-09-19,29.868,30.03,29.809,29.825,3837,0
2016-09-20,29.927,29.927,29.685,29.719,4307,0
2016-09-21,29.751,30.018,29.718,30.018,55590,0
2016-09-22,30.362,30.56,30.352,30.56,13368,0
2016-09-23,30.54,30.54,30.362,30.362,6916,0
2016-09-26,30.276,30.276,29.959,29.959,15701,0
2016-09-27,29.916,30.038,29.916,30.028,1572,0
2016-09-28,30.088,30.352,30.018,30.352,22848,0
2016-09-29,30.352,30.402,30.107,30.107,13017,0
2016-09-30,30.295,30.56,30.128,30.432,20384,0
2016-10-03,30.276,30.432,30.216,30.349,220363,0
2016-10-04,30.56,30.57,30.194,30.276,34070,0
2016-10-05,30.343,30.719,30.343,30.53,67009,0
2016-10-06,30.491,30.58,30.29,30.57,77597,0
2016-10-07,30.699,30.699,30.127,30.266,18095,0
2016-10-10,30.58,30.6,30.486,30.517,8996,0
2016-10-11,30.53,30.53,29.86,30.028,14397,0
2016-10-12,29.959,30.216,29.909,30.058,29118,0
2016-10-13,30.078,30.078,29.63,29.731,11735,0
2016-10-14,29.968,29.968,29.655,29.713,13121,0
2016-10-17,29.635,29.682,29.635,29.649,742,0
2016-10-18,29.761,29.778,29.663,29.663,1857,0
2016-10-19,29.702,29.978,29.625,29.904,25437,0
2016-10-20,29.83,29.85,29.605,29.641,6428,0
2016-10-21,29.486,29.672,29.461,29.615,20086,0
2016-10-24,29.87,29.988,29.781,29.84,147686,0
2016-10-25,29.939,29.939,29.512,29.565,12049,0
2016-10-26,29.496,29.645,29.347,29.357,116356,0
2016-10-27,29.407,29.407,29.012,29.031,40175,0
2016-10-28,29.071,29.149,28.908,28.944,4563,0
2016-10-31,28.993,29.071,28.938,29.031,21470,0
2016-11-01,29.107,29.107,28.506,28.637,25435,0
2016-11-02,28.45,28.558,28.41,28.44,7215,0
2016-11-03,28.607,28.607,28.293,28.293,5338,0
2016-11-04,28.273,28.8,28.273,28.776,2112,0
2016-11-07,29.012,29.209,28.987,29.15,6415,0
2016-11-08,28.845,29.213,28.845,29.213,3378,0
2016-11-09,28.924,30.313,28.924,30.246,13857,0
2016-11-10,30.629,31.18,30.629,31.122,41895,0
2016-11-11,31.152,31.981,31.132,31.931,75212,0
2016-11-14,32.375,32.759,32.375,32.582,47674,0
2016-11-15,32.464,32.562,32.188,32.513,9384,0
2016-11-16,32.474,32.542,32.424,32.542,90011,0
2016-11-17,32.719,32.838,32.641,32.769,33585,0
2016-11-18,32.651,32.838,32.631,32.779,19061,0
2016-11-21,32.957,33.056,32.719,32.918,92957,0
2016-11-22,33.131,33.45,33.131,33.447,25527,0
2016-11-23,33.42,33.589,33.321,33.569,7979,0
2016-11-25,33.775,33.775,33.598,33.657,3496,0
2016-11-28,33.421,33.558,33.338,33.361,30739,0
2016-11-29,33.4,33.499,33.253,33.292,20170,0
2016-11-30,33.449,33.519,33.036,33.173,65331,0
2016-12-01,33.38,33.38,32.996,32.996,26477,0
2016-12-02,33.232,33.302,33.066,33.085,12831,0
2016-12-05,33.44,33.785,33.41,33.785,32168,0
2016-12-06,33.933,34.23,33.705,34.2,9026,0
2016-12-07,34.23,34.796,34.225,34.771,9539,0
2016-12-08,34.938,35.412,34.811,35.392,8666,0
2016-12-09,35.4,35.491,35.274,35.462,18433,0
2016-12-12,35.412,35.579,35.003,35.084,25136,0
2016-12-13,35.324,35.363,34.866,35.018,16787,0
2016-12-14,35.067,35.067,34.613,34.73,13471,0
2016-12-15,34.751,35.195,34.574,34.938,22811,0
2016-12-16,34.881,35.229,34.821,34.831,18956,0
2016-12-19,34.958,35.087,34.831,34.998,16443,0
2016-12-20,35.294,35.472,35.244,35.412,34032,0
2016-12-21,35.455,35.455,35.264,35.266,13767,0
2016-12-22,35.375,35.375,34.76,34.8,18655,0
2016-12-23,34.7,34.953,34.7,34.918,22873,0
2016-12-27,35.078,35.236,35.035,35.113,12833,0
2016-12-28,35.246,35.246,34.631,34.73,78883,0
2016-12-29,34.671,35.038,34.611,34.74,25716,0
2016-12-30,34.958,34.958,34.481,34.561,15920,0
2017-01-03,35.118,35.118,34.578,34.86,193164,0
2017-01-04,35.156,35.455,35.088,35.365,721235,0
2017-01-05,35.152,35.152,34.591,34.681,427706,0
2017-01-06,34.71,34.76,34.452,34.452,31972,0
2017-01-09,34.353,34.355,34.085,34.105,33345,0
2017-01-10,34.035,34.611,34.035,34.501,21205,0
2017-01-11,34.651,34.651,34.403,34.541,23220,0
2017-01-12,34.601,34.601,33.777,34.235,14990,0
2017-01-13,34.501,34.572,34.422,34.433,13092,0
2017-01-17,34.471,34.471,34.135,34.185,33015,0
2017-01-18,34.245,34.264,34.065,34.254,29582,0
2017-01-19,34.165,34.462,33.753,33.886,21400,0
2017-01-20,34.095,34.134,33.926,33.956,13054,0
2017-01-23,33.836,33.982,33.729,33.876,16362,0
2017-01-24,33.856,34.531,33.856,34.442,19528,0
2017-01-25,34.86,34.918,34.72,34.87,32699,0
2017-01-26,34.918,34.918,34.561,34.581,34843,0
2017-01-27,34.561,34.561,34.239,34.324,13266,0
2017-01-30,34.185,34.185,33.573,33.866,29672,0
2017-01-31,33.679,34.11,33.54,34.045,14910,0
2017-02-01,34.373,34.49,33.951,34.026,14269,0
2017-02-02,33.936,34.11,33.787,33.866,26309,0
2017-02-03,34.284,34.304,33.976,34.245,14286,0
2017-02-06,34.324,34.324,33.936,33.976,20291,0
2017-02-07,34.145,34.145,33.689,33.744,14874,0
2017-02-08,33.509,33.777,33.48,33.719,36204,0
2017-02-09,33.739,34.285,33.739,34.225,6525,0
2017-02-10,34.442,34.631,34.442,34.631,13110,0
2017-02-13,34.7,34.83,34.581,34.591,15114,0
2017-02-14,34.588,34.774,34.461,34.73,34247,0
2017-02-15,34.541,34.957,34.541,34.948,11516,0
2017-02-16,34.787,34.796,34.531,34.621,7709,0
2017-02-17,34.523,34.631,34.481,34.631,15354,0
2017-02-21,34.902,34.988,34.753,34.918,23227,0
2017-02-22,34.89,34.895,34.72,34.84,15210,0
2017-02-23,34.84,34.84,34.404,34.471,18934,0
2017-02-24,34.245,34.611,34.175,34.501,27054,0
2017-02-27,34.507,34.77,34.442,34.74,7925,0
2017-02-28,34.7,34.7,34.026,34.085,11536,0
2017-03-01,34.383,34.748,34.383,34.611,33564,0
2017-03-02,34.571,34.573,34.314,34.314,33257,0
2017-03-03,34.235,34.401,33.946,34.045,14084,0
2017-03-06,33.926,33.926,33.669,33.749,10021,0
2017-03-07,33.708,33.708,33.457,33.46,10204,0
2017-03-08,33.51,33.57,33.361,33.39,19277,0
2017-03-09,33.251,33.377,33.02,33.038,10974,0
2017-03-10,33.291,33.331,33.1,33.251,15805,0
2017-03-13,33.349,33.352,33.172,33.201,12023,0
2017-03-14,33.044,33.271,32.984,33.201,12868,0
2017-03-15,33.331,33.826,33.331,33.758,66791,0
2017-03-16,33.777,33.997,33.777,33.903,14580,0
2017-03-17,33.816,33.965,33.739,33.935,7224,0
2017-03-20,33.926,33.936,33.615,33.649,10806,0
2017-03-21,33.661,33.661,32.825,32.825,11877,0
2017-03-22,32.795,32.805,32.567,32.775,10147,0
2017-03-23,32.782,33.249,32.782,33.1,21454,0
2017-03-24,33.239,33.269,32.951,33.051,6998,0
2017-03-27,32.732,33.09,32.732,33.09,11447,0
2017-03-28,33.001,33.378,32.927,33.378,10192,0
2017-03-29,33.339,33.571,33.339,33.518,109504,0
2017-03-30,33.518,33.885,33.418,33.835,6618,0
2017-03-31,33.804,34.005,33.748,33.915,13087,0
2017-04-03,34.044,34.044,33.269,33.349,97592,0
2017-04-04,33.363,33.468,33.15,33.269,489049,0
2017-04-05,33.671,33.671,32.902,32.924,21727,0
2017-04-06,32.981,33.367,32.981,33.279,759475,0
2017-04-07,33.199,33.388,33.199,33.309,19801,0
2017-04-10,33.199,33.695,33.159,33.611,136797,0
2017-04-11,33.578,33.816,33.538,33.815,6663,0
2017-04-12,33.786,33.786,33.309,33.339,74598,0
2017-04-13,33.259,33.359,32.941,32.981,11748,0
2017-04-17,33.011,33.329,32.991,33.329,24733,0
2017-04-18,33.269,33.378,33.146,33.378,7380,0
2017-04-19,33.349,33.667,33.349,33.49,19244,0
2017-04-20,33.707,34.044,33.687,34.025,98167,0
2017-04-21,33.895,33.991,33.855,33.885,10770,0
2017-04-24,34.303,34.403,34.154,34.234,8770,0
2017-04-25,34.531,34.611,34.501,34.501,5910,0
2017-04-26,34.621,35.031,34.621,34.84,21197,0
2017-04-27,34.78,34.81,34.661,34.81,3686,0
2017-04-28,34.86,34.86,34.293,34.293,8182,0
2017-05-01,34.541,34.541,34.234,34.313,9494,0
2017-05-02,34.323,34.353,34.212,34.323,15987,0
2017-05-03,34.293,34.293,33.94,34.005,8803,0
2017-05-04,34.034,34.034,33.806,33.875,7628,0
2017-05-05,34.114,34.114,33.865,34.084,6394,0
2017-05-08,34.046,34.046,33.865,33.895,4532,0
2017-05-09,34.044,34.137,34.015,34.034,9314,0
2017-05-10,34.159,34.194,33.965,34.139,19102,0
2017-05-11,33.667,33.786,33.448,33.727,8019,0
2017-05-12,33.707,33.707,33.249,33.269,6549,0
2017-05-15,33.418,33.657,33.418,33.468,9769,0
2017-05-16,33.468,33.468,33.121,33.309,20710,0
2017-05-17,32.842,32.941,32.503,32.563,89439,0
2017-05-18,32.573,32.732,32.499,32.593,18258,0
2017-05-19,32.722,32.961,32.722,32.822,29805,0
2017-05-22,32.802,33.071,32.802,33.001,7560,0
2017-05-23,33.199,33.199,32.946,33.041,6411,0
2017-05-24,33.066,33.14,32.922,33.061,24111,0
2017-05-25,33.229,33.27,32.902,32.961,9929,0
2017-05-26,32.822,33.006,32.822,33.006,2720,0
2017-05-30,32.862,33.021,32.862,32.862,4041,0
2017-05-31,32.385,32.842,32.385,32.842,3456,0
2017-06-01,32.732,33.448,32.732,33.448,8271,0
2017-06-02,33.588,33.885,33.438,33.607,9730,0
2017-06-05,33.497,33.514,33.388,33.388,20026,0
2017-06-06,33.309,33.369,33.11,33.269,23826,0
2017-06-07,33.249,33.378,33.249,33.349,6270,0
2017-06-08,33.568,33.87,33.509,33.731,1462,0
2017-06-09,33.766,34.199,33.766,34.094,2932,0
2017-06-12,34.323,34.611,34.244,34.244,8343,0
2017-06-13,34.293,34.465,34.264,34.333,4128,0
2017-06-14,34.471,34.471,33.995,34.253,8857,0
2017-06-15,34.045,34.104,33.879,34.034,7730,0
2017-06-16,33.875,33.875,33.568,33.697,4092,0
2017-06-19,33.875,33.976,33.776,33.845,2568,0
2017-06-20,33.687,33.687,33.385,33.418,12401,0
2017-06-21,33.548,33.548,33.08,33.11,27547,0
2017-06-22,32.942,33.381,32.942,33.261,42293,0
2017-06-23,33.261,33.551,33.261,33.531,3166,0
2017-06-26,33.731,33.798,33.601,33.79,4803,0
2017-06-27,33.691,33.94,33.601,33.601,26267,0
2017-06-28,33.751,34.22,33.751,34.07,8472,0
2017-06-29,34.091,34.14,33.741,34.05,8803,0
2017-06-30,34.15,34.15,33.906,33.96,7733,0
2017-07-03,34.08,34.38,34.08,34.31,6124,0
2017-07-05,33.99,34.03,33.81,33.97,21620,0
2017-07-06,33.759,33.86,33.511,33.511,3123,0
2017-07-07,33.481,33.797,33.481,33.797,3500,0
2017-07-10,33.561,33.85,33.511,33.571,13760,0
2017-07-11,33.511,33.631,33.36,33.541,13620,0
2017-07-12,33.701,34.01,33.701,33.79,7941,0
2017-07-13,33.651,34,33.651,34,14874,0
2017-07-14,34.011,34.15,33.97,34.07,5309,0
2017-07-17,34.15,34.33,34.15,34.2,4814,0
2017-07-18,34.05,34.11,33.97,34.041,4603,0
2017-07-19,34.244,34.439,34.244,34.41,3062,0
2017-07-20,34.518,34.629,34.475,34.609,12818,0
2017-07-21,34.38,34.399,34.235,34.3,49129,0
2017-07-24,34.177,34.21,34.097,34.21,77000,0
2017-07-25,34.41,34.729,34.368,34.629,10454,0
2017-07-26,34.469,34.541,34.347,34.347,58884,0
2017-07-27,34.316,34.44,34.237,34.38,12757,0
2017-07-28,34.327,34.4,34.15,34.4,1516,0
2017-07-31,34.479,34.479,34.14,34.26,3833,0
2017-08-01,34.34,34.35,34.2,34.35,19276,0
2017-08-02,34.4,34.44,33.85,33.85,6891,0
2017-08-03,33.85,33.98,33.681,33.711,6696,0
2017-08-04,33.88,34.11,33.84,34.11,2993,0
2017-08-07,34.1,34.239,33.98,34.03,2975,0
2017-08-08,34.07,34.419,33.98,34,7822,0
2017-08-09,33.711,33.711,33.411,33.446,4755,0
2017-08-10,33.291,33.291,32.892,32.892,7335,0
2017-08-11,32.902,32.945,32.782,32.942,3380,0
2017-08-14,33.042,33.341,33.042,33.231,3233,0
2017-08-15,33.012,33.05,32.832,32.832,14703,0
2017-08-16,33.051,33.101,32.822,32.822,130551,0
2017-08-17,32.582,32.792,32.223,32.233,9290,0
2017-08-18,32.073,32.273,32.073,32.133,6392,0
2017-08-21,32.113,32.143,32.026,32.083,4750,0
2017-08-22,32.203,32.472,32.203,32.472,9494,0
2017-08-23,32.358,32.467,32.333,32.333,6634,0
2017-08-24,32.532,32.613,32.383,32.432,4638,0
2017-08-25,32.622,32.749,32.491,32.692,16177,0
2017-08-28,32.812,32.812,32.582,32.622,6792,0
2017-08-29,32.383,32.712,32.383,32.712,3761,0
2017-08-30,32.692,32.902,32.612,32.842,6634,0
2017-08-31,32.952,33.226,32.952,33.072,2509,0
2017-09-01,33.341,33.471,33.321,33.471,61948,0
2017-09-05,33.501,33.501,32.932,32.997,6716,0
2017-09-06,33.111,33.156,33.072,33.072,1687,0
2017-09-07,33.002,33.016,32.905,32.913,2101,0
2017-09-08,32.892,33.011,32.852,32.932,4576,0
2017-09-11,33.361,33.361,33.241,33.241,21008,0
2017-09-12,33.371,33.621,33.371,33.501,5720,0
2017-09-13,33.501,33.721,33.501,33.721,5900,0
2017-09-14,33.751,33.751,33.585,33.701,3802,0
2017-09-15,33.67,33.86,33.636,33.86,11657,0
2017-09-18,34.06,34.07,33.907,33.95,3842,0
2017-09-19,33.97,34.08,33.93,34.08,4846,0
2017-09-20,34.056,34.235,34.056,34.1,5991,0
2017-09-21,34.35,34.35,34.1601,34.18,7339,0
2017-09-22,34.31,34.53,34.31,34.53,9281,0
2017-09-25,34.48,34.7,34.47,34.7,2811,0
2017-09-26,34.89,35.0477,34.8693,35.04,5497,0
2017-09-27,35.2,35.5748,34.95,35.5748,99246,0
2017-09-28,35.57,35.62,35.35,35.56,23660,0
2017-09-29,35.6,35.6938,35.5747,35.65,14169,0
2017-10-02,35.87,36,35.63,36,323623,0
2017-10-03,35.9571,36.09,35.87,36.08,11846,0
2017-10-04,35.94,36.07,35.845,35.9,174379,0
2017-10-05,35.99,36.13,35.99,36.01,6743,0
2017-10-06,35.93,35.94,35.86,35.9,4632,0
2017-10-09,35.94,36.06,35.55,35.58,27737,0
2017-10-10,36,36.08,35.86,35.918,7793,0
2017-10-11,35.9269,35.9269,35.805,35.8256,4231,0
2017-10-12,35.68,35.84,35.557,35.75,19350,0
2017-10-13,35.73,35.92,35.67,35.67,6110,0
2017-10-16,35.88,35.9499,35.61,35.68,20614,0
2017-10-17,35.73,35.749,35.5287,35.55,3462,0
2017-10-18,35.76,35.86,35.71,35.85,17474,0
2017-10-19,35.62,35.72,35.49,35.72,12912,0
2017-10-20,35.914,36,35.91,35.95,8318,0
2017-10-23,35.9047,35.905,35.626,35.68,7683,0
2017-10-24,35.7,35.89,35.7,35.77,12509,0
2017-10-25,35.71,35.71,35.25,35.67,12322,0
2017-10-26,35.65,35.87,35.65,35.78,19839,0
2017-10-27,35.47,35.8527,35.431,35.79,7791,0
2017-10-30,35.6296,35.6296,35.22,35.31,4096,0
2017-10-31,35.6099,35.72,35.6099,35.72,3478,0
2017-11-01,36.04,36.04,35.3666,35.61,5563,0
2017-11-02,35.56,35.56,35.4338,35.4379,5173,0
2017-11-03,35.3904,35.3904,35.2,35.21,7029,0
2017-11-06,35.3049,35.46,35.2513,35.46,4674,0
2017-11-07,35.2459,35.364,34.8824,34.8824,9761,0
2017-11-08,34.78,34.92,34.571,34.86,4606,0
2017-11-09,34.58,35.0799,34.58,34.97,72230,0
2017-11-10,34.92,35.1399,34.92,34.99,275691,0
