Date,Open,High,Low,Close,Volume,OpenInt
2012-01-19,21.465,21.525,21.465,21.484,29247,0
2012-01-20,21.407,21.407,21.407,21.407,709,0
2012-01-23,21.728,21.745,21.602,21.658,18254,0
2012-01-24,21.465,21.552,21.416,21.416,5525,0
2012-01-25,21.578,21.76,21.426,21.76,2015,0
2012-01-26,21.839,21.872,21.626,21.626,3762,0
2012-01-27,21.668,21.813,21.668,21.745,9684,0
2012-01-30,21.719,21.719,21.559,21.719,374,0
2012-01-31,21.893,21.893,21.713,21.791,2705,0
2012-02-01,22.066,22.127,22.016,22.091,22328,0
2012-02-02,21.991,21.991,21.923,21.967,3918,0
2012-02-03,22.161,22.211,22.161,22.211,2174,0
2012-02-07,22.183,22.183,22.183,22.183,3221,0
2012-02-08,22.136,22.136,22.118,22.118,833,0
2012-02-09,22.136,22.262,22.136,22.178,13515,0
2012-02-10,21.82,22.025,21.82,21.88,10718,0
2012-02-13,22.108,22.108,22.108,22.108,827,0
2012-02-14,21.95,21.95,21.889,21.889,3309,0
2012-02-15,22.075,22.075,22.016,22.016,1176,0
2012-02-16,22.118,22.271,22.118,22.271,569,0
2012-02-17,22.193,22.193,22.108,22.108,689,0
2012-02-21,22.229,22.229,22.193,22.229,747,0
2012-02-22,22.136,22.152,22.108,22.108,1211,0
2012-02-28,22.354,22.379,22.354,22.379,432,0
2012-02-29,22.423,22.516,22.404,22.404,2716,0
2012-03-01,22.634,22.634,22.608,22.608,1028,0
2012-03-05,22.458,22.458,22.458,22.458,1182,0
2012-03-06,21.95,22.136,21.95,21.95,945,0
2012-03-08,22.599,22.599,22.599,22.599,591,0
2012-03-09,22.499,22.499,22.499,22.499,355,0
2012-03-12,22.43,22.43,22.43,22.43,591,0
2012-03-13,22.43,22.573,22.43,22.573,803,0
2012-03-14,22.312,22.345,22.312,22.345,2954,0
2012-03-15,22.388,22.467,22.388,22.467,1396,0
2012-03-16,22.533,22.533,22.533,22.533,499,0
2012-03-20,22.262,22.32,22.262,22.32,1416,0
2012-03-21,22.49,27.062,22.345,22.345,3190,0
2012-03-22,22.278,22.278,22.178,22.236,1508,0
2012-03-23,22.404,22.557,22.404,22.414,13390,0
2012-03-29,22.458,22.458,22.337,22.337,904,0
2012-03-30,22.657,22.657,22.657,22.657,1182,0
2012-04-02,22.87,22.988,22.87,22.988,2246,0
2012-04-03,22.49,22.499,22.49,22.499,455,0
2012-04-09,22.278,22.371,22.278,22.371,709,0
2012-04-10,22.32,22.32,22.009,22.009,463,0
2012-04-11,22.145,22.312,22.145,22.246,61965,0
2012-04-12,22.337,22.541,22.337,22.524,1996,0
2012-04-13,22.626,22.626,22.211,22.246,13049,0
2012-04-18,22.581,22.685,22.516,22.652,2406,0
2012-04-19,22.652,22.658,22.507,22.507,2155,0
2012-04-20,22.737,22.744,22.701,22.727,1182,0
2012-04-23,22.524,22.541,22.458,22.541,3731,0
2012-04-24,22.737,22.737,22.533,22.658,1936,0
2012-04-26,22.846,23.058,22.804,23.058,9331,0
2012-04-27,22.966,23.012,22.966,23.012,261,0
2012-04-30,22.93,22.93,22.93,22.93,117,0
2012-05-01,23.082,23.091,23.082,23.091,2848,0
2012-05-02,22.939,22.983,22.897,22.983,15239,0
2012-05-03,22.939,22.966,22.43,22.709,10459,0
2012-05-04,22.591,22.591,22.591,22.591,166,0
2012-05-07,22.591,22.804,22.591,22.787,2966,0
2012-05-08,22.644,22.652,22.414,22.566,4138,0
2012-05-09,22.448,22.516,22.201,22.467,6917,0
2012-05-10,22.55,22.617,22.482,22.482,3492,0
2012-05-11,22.524,22.524,22.49,22.499,4961,0
2012-05-14,22.236,22.305,22.193,22.201,22348,0
2012-05-15,22.118,22.255,21.76,21.768,158357,0
2012-05-16,21.813,21.829,21.813,21.813,6783,0
2012-05-17,21.719,21.719,21.719,21.719,889,0
2012-05-18,21.694,21.694,21.448,21.448,1393,0
2012-05-21,21.144,21.626,21.144,21.626,20510,0
2012-05-22,21.753,21.753,21.456,21.456,3328,0
2012-05-23,21.254,21.306,21.254,21.306,2555,0
2012-05-24,21.338,21.594,21.338,21.398,6324,0
2012-05-25,21.626,21.626,21.61,21.61,945,0
2012-05-29,21.484,21.484,21.213,21.213,1566,0
2012-05-30,21.407,21.407,21.16,21.194,10668,0
2012-06-01,21.111,21.111,20.823,20.823,24126,0
2012-06-04,21.043,21.043,21.043,21.043,117,0
2012-06-05,21.085,21.137,21.069,21.102,18806,0
2012-06-06,21.347,21.492,21.347,21.448,5249,0
2012-06-07,21.658,21.668,21.594,21.653,10517,0
2012-06-08,21.416,21.535,21.332,21.535,6650,0
2012-06-11,21.474,21.525,21.262,21.262,7920,0
2012-06-12,21.332,21.373,21.332,21.332,5977,0
2012-06-13,21.407,21.416,21.407,21.416,18904,0
2012-06-14,21.594,21.676,21.594,21.668,1305,0
2012-06-15,21.535,21.535,21.535,21.535,677,0
2012-06-18,21.898,21.898,21.898,21.898,709,0
2012-06-19,21.905,21.905,21.905,21.905,914,0
2012-06-20,21.931,21.931,21.872,21.931,993,0
2012-06-21,21.76,21.76,21.492,21.535,1601,0
2012-06-22,21.676,21.745,21.676,21.719,5633,0
2012-06-25,21.568,21.568,21.474,21.509,3897,0
2012-06-26,21.658,21.94,21.658,21.797,7463,0
2012-06-27,21.889,21.974,21.448,21.448,2941,0
2012-06-28,21.923,21.923,21.889,21.889,2765,0
2012-06-29,22.487,22.487,22.31,22.465,1566,0
2012-07-02,22.404,22.404,22.404,22.404,147,0
2012-07-03,22.617,22.617,22.617,22.617,237,0
2012-07-05,22.922,22.922,22.581,22.581,1240,0
2012-07-06,22.388,22.388,22.363,22.363,2841,0
2012-07-09,22.44,22.737,22.041,22.507,3002,0
2012-07-10,22.677,22.677,22.388,22.388,893,0
2012-07-11,22.541,22.557,22.533,22.557,1225,0
2012-07-12,22.414,22.718,22.363,22.516,8057,0
2012-07-13,22.718,22.718,22.718,22.718,632,0
2012-07-16,22.658,22.763,22.652,22.744,10160,0
2012-07-17,22.668,22.83,22.617,22.83,13374,0
2012-07-18,22.845,22.975,22.82,22.975,2059,0
2012-07-19,22.975,22.988,22.914,22.914,18433,0
2012-07-20,22.888,22.888,22.888,22.888,4844,0
2012-07-23,22.388,22.458,22.379,22.397,4580,0
2012-07-24,22.657,22.657,22.369,22.369,13918,0
2012-07-25,22.516,22.634,22.516,22.573,6420,0
2012-07-26,22.846,22.914,22.763,22.914,3434,0
2012-07-27,22.958,23.091,22.914,23.058,161283,0
2012-07-30,23.109,23.149,22.958,23.091,62383,0
2012-07-31,23.075,23.424,22.948,23.066,20674,0
2012-08-01,23.075,23.075,22.581,23.012,9259,0
2012-08-02,22.839,22.988,22.727,22.796,14609,0
2012-08-03,23.218,23.286,23.039,23.227,9468,0
2012-08-06,23.303,23.337,23.286,23.286,11395,0
2012-08-07,23.414,23.446,23.39,23.414,14994,0
2012-08-08,23.252,23.252,23.099,23.167,12515,0
2012-08-09,23.158,23.27,23.133,23.244,10767,0
2012-08-13,23.218,23.261,23.218,23.261,478,0
2012-08-14,23.32,23.437,23.32,23.337,5090,0
2012-08-15,23.446,23.446,23.39,23.405,2388,0
2012-08-16,23.337,23.513,23.32,23.437,77250,0
2012-08-17,23.371,23.414,23.371,23.381,9539,0
2012-08-20,23.894,23.894,23.446,23.531,650,0
2012-08-21,23.591,23.591,23.473,23.49,5054,0
2012-08-22,23.381,23.454,23.381,23.397,6321,0
2012-08-23,23.521,23.607,23.431,23.454,12411,0
2012-08-24,23.691,23.691,23.599,23.651,8712,0
2012-08-27,23.634,23.66,23.591,23.591,5555,0
2012-08-28,23.381,23.599,23.381,23.583,3604,0
2012-08-29,23.539,23.651,23.539,23.651,5060,0
2012-08-30,23.531,23.531,23.446,23.446,49598,0
2012-08-31,23.677,23.677,23.541,23.584,2546,0
2012-09-04,23.354,23.363,23.149,23.363,28693,0
2012-09-05,23.2,23.303,23.133,23.303,21411,0
2012-09-06,23.491,23.532,23.491,23.504,3435,0
2012-09-07,23.653,23.653,23.584,23.627,5820,0
2012-09-10,23.556,23.591,23.446,23.446,4326,0
2012-09-12,23.929,23.929,23.725,23.912,3771,0
2012-09-13,23.879,24.15,23.776,24.15,1603,0
2012-09-14,24.086,24.086,23.982,23.982,20973,0
2012-09-17,23.887,23.887,23.811,23.835,1300,0
2012-09-18,23.771,23.779,23.754,23.754,2840,0
2012-09-19,23.82,23.837,23.771,23.771,1530,0
2012-09-20,23.923,23.932,23.788,23.932,45251,0
2012-09-21,24.078,24.078,24,24.025,2811,0
2012-09-24,23.865,24.068,23.865,24.068,913,0
2012-09-25,24.205,24.205,23.991,24,7461,0
2012-09-26,23.991,24.06,23.923,24.042,2779,0
2012-09-27,24.179,24.316,24.136,24.308,5775,0
2012-09-28,24.095,24.095,24.002,24.01,24864,0
2012-10-01,23.949,24.213,23.949,24.078,2815,0
2012-10-02,24.095,24.095,23.907,23.966,6686,0
2012-10-03,23.874,23.874,23.874,23.874,13066,0
2012-10-04,24.11,24.118,24.1,24.11,1945,0
2012-10-05,24.247,24.247,24.068,24.068,7810,0
2012-10-08,23.881,24.05,23.837,24.017,4855,0
2012-10-09,23.991,23.991,23.797,23.837,1579,0
2012-10-10,23.763,23.763,23.703,23.745,1384,0
2012-10-11,23.889,23.915,23.865,23.874,10947,0
2012-10-12,23.897,23.897,23.763,23.763,2143,0
2012-10-15,23.907,24.06,23.771,23.982,43541,0
2012-10-16,24.05,24.086,23.966,23.966,17615,0
2012-10-17,24.187,24.213,24.118,24.205,1769,0
2012-10-18,23.966,24.095,23.958,24.042,13158,0
2012-10-19,24.025,24.06,23.685,23.771,14234,0
2012-10-22,23.949,23.949,23.813,23.94,4660,0
2012-10-23,23.669,23.685,23.483,23.627,2260,0
2012-10-24,23.677,23.693,23.514,23.514,77735,0
2012-10-25,23.728,23.874,23.669,23.669,29010,0
2012-10-26,23.907,23.932,23.897,23.897,2080,0
2012-10-31,23.856,23.856,23.601,23.636,57841,0
2012-11-01,23.856,24.009,23.797,23.897,46459,0
2012-11-02,23.719,23.737,23.584,23.584,5130,0
2012-11-05,23.608,23.745,23.577,23.627,66146,0
2012-11-06,23.865,23.889,23.693,23.881,56261,0
2012-11-07,23.719,23.719,23.345,23.593,2687,0
2012-11-08,23.406,23.483,23.345,23.439,6152,0
2012-11-09,23.541,23.541,23.372,23.406,5471,0
2012-11-12,23.398,23.398,23.363,23.363,537,0
2012-11-13,23.55,23.55,23.391,23.504,1680,0
2012-11-14,23.354,23.354,23.159,23.159,4080,0
2012-11-15,23.066,23.159,22.938,22.965,16302,0
2012-11-16,23.021,23.082,22.948,23.082,18949,0
2012-11-19,23.391,23.424,23.382,23.406,9822,0
2012-11-20,23.338,23.406,23.279,23.398,9697,0
2012-11-21,23.345,23.406,23.345,23.406,1207,0
2012-11-23,23.617,23.627,23.584,23.584,1073,0
2012-11-26,23.584,23.608,23.55,23.608,5468,0
2012-11-27,23.661,23.677,23.584,23.584,8789,0
2012-11-28,23.593,23.788,23.568,23.779,18120,0
2012-11-29,23.865,23.94,23.829,23.94,9692,0
2012-11-30,23.866,24.018,23.805,23.881,29625,0
2012-12-03,23.907,23.923,23.797,23.865,15557,0
2012-12-04,24.068,24.068,24,24.009,7107,0
2012-12-05,24.205,24.205,23.889,24.06,7175,0
2012-12-06,24.11,24.11,24,24.06,3896,0
2012-12-07,24,24.118,24,24.118,4978,0
2012-12-10,24.136,24.187,24.1,24.1,7210,0
2012-12-11,24.272,24.29,24.24,24.247,8630,0
2012-12-12,24.356,24.356,24.272,24.308,5274,0
2012-12-13,24.033,24.033,23.966,23.982,2579,0
2012-12-14,24.025,24.1,24,24.042,2841,0
2012-12-17,24.033,24.078,23.991,24.078,6333,0
2012-12-18,24.153,24.247,24.153,24.222,8276,0
2012-12-19,24.222,24.231,24.162,24.162,11482,0
2012-12-20,24.179,24.381,24.17,24.342,13271,0
2012-12-21,24.216,24.252,24.174,24.243,6017,0
2012-12-24,24.75,24.75,24.2,24.2,349,0
2012-12-26,24.216,24.216,23.992,24.13,7180,0
2012-12-27,24.286,24.286,23.983,24.08,6504,0
2012-12-28,23.975,23.975,23.812,23.819,11971,0
2012-12-31,23.851,24.209,23.851,24.174,38736,0
2013-01-02,24.502,24.559,24.352,24.447,20908,0
2013-01-03,24.387,24.51,24.182,24.182,9725,0
2013-01-04,24.19,24.235,24.148,24.235,15395,0
2013-01-07,24.103,24.216,24.089,24.216,10222,0
2013-01-08,24.19,24.252,24.052,24.148,28778,0
2013-01-09,24.243,24.314,24.139,24.139,7422,0
2013-01-10,24.328,24.405,24.32,24.396,7176,0
2013-01-11,24.328,24.422,24.328,24.396,17162,0
2013-01-14,24.439,24.447,24.295,24.361,17005,0
2013-01-15,24.431,24.492,24.32,24.405,19106,0
2013-01-16,24.51,24.559,24.396,24.456,8351,0
2013-01-17,24.629,24.638,24.474,24.569,13705,0
2013-01-18,24.654,24.654,24.37,24.422,3803,0
2013-01-22,24.533,24.559,24.414,24.474,27119,0
2013-01-23,24.629,24.629,24.474,24.516,11507,0
2013-01-24,24.559,24.588,24.465,24.492,5069,0
2013-01-25,24.663,24.725,24.516,24.551,10907,0
2013-01-28,24.588,24.588,24.405,24.516,4310,0
2013-01-29,24.588,24.75,24.588,24.75,823,0
2013-01-30,24.767,24.834,24.697,24.75,52760,0
2013-01-31,24.778,24.813,24.735,24.788,45768,0
2013-02-01,24.793,24.82,24.706,24.715,158761,0
2013-02-04,24.51,24.629,24.447,24.551,11900,0
2013-02-05,24.569,24.621,24.502,24.569,44882,0
2013-02-06,24.612,24.681,24.551,24.638,60712,0
2013-02-07,24.551,24.621,24.474,24.621,27706,0
2013-02-08,24.645,24.742,24.604,24.663,9780,0
2013-02-11,24.75,24.76,24.596,24.706,35704,0
2013-02-12,24.732,24.775,24.688,24.706,6762,0
2013-02-13,24.775,24.826,24.725,24.802,6626,0
2013-02-14,24.629,24.742,24.629,24.742,11566,0
2013-02-15,24.793,24.793,24.654,24.732,17655,0
2013-02-19,24.612,25.067,24.612,25.067,28334,0
2013-02-20,25.213,25.213,25.009,25.018,21676,0
2013-02-21,25.009,25.009,24.802,24.907,39025,0
2013-02-22,25.102,25.182,24.965,25.182,21929,0
2013-02-25,25.163,25.163,24.851,24.851,20717,0
2013-02-26,25.12,25.12,24.93,25.018,60130,0
2013-02-27,25.052,25.248,25.018,25.213,51138,0
2013-02-28,25.242,25.312,25.138,25.138,33766,0
2013-03-01,25.236,25.341,25.192,25.303,29354,0
2013-03-04,25.412,25.515,25.368,25.507,31324,0
2013-03-05,25.538,25.659,25.538,25.623,30608,0
2013-03-06,25.718,25.718,25.623,25.659,26130,0
2013-03-07,25.676,25.762,25.642,25.718,58973,0
2013-03-08,25.623,25.633,25.469,25.615,28091,0
2013-03-11,25.645,25.697,25.541,25.697,11054,0
2013-03-12,25.65,25.702,25.555,25.615,32838,0
2013-03-13,25.563,25.608,25.478,25.547,18947,0
2013-03-14,25.668,25.769,25.572,25.745,16045,0
2013-03-15,25.89,26.022,25.831,25.959,13274,0
2013-03-18,25.762,25.95,25.762,25.849,11993,0
2013-03-19,25.95,25.95,25.754,25.822,33134,0
2013-03-20,26.022,26.055,25.936,26.005,10703,0
2013-03-21,26.014,26.064,25.936,25.977,16539,0
2013-03-22,26.16,26.228,26.038,26.21,14043,0
2013-03-25,26.254,26.306,26.072,26.115,29023,0
2013-03-26,26.306,26.391,26.245,26.391,42854,0
2013-03-27,26.323,26.383,26.219,26.383,27903,0
2013-03-28,26.409,26.477,26.383,26.453,90282,0
2013-04-01,26.228,26.323,25.959,25.959,80269,0
2013-04-02,26.21,26.35,26.141,26.306,89256,0
2013-04-03,26.513,26.513,26.175,26.264,52726,0
2013-04-04,26.34,26.537,26.315,26.391,130033,0
2013-04-05,26.16,26.367,26.16,26.35,62616,0
2013-04-08,26.35,26.435,26.254,26.435,19823,0
2013-04-09,26.235,26.504,26.235,26.477,25104,0
2013-04-10,26.592,26.736,26.592,26.677,34385,0
2013-04-11,26.736,26.824,26.66,26.754,33478,0
2013-04-12,26.668,26.709,26.616,26.709,10128,0
2013-04-15,26.65,26.65,26.271,26.271,45058,0
2013-04-16,26.583,26.763,26.53,26.763,16489,0
2013-04-17,26.522,26.53,26.306,26.391,34519,0
2013-04-18,26.495,26.546,26.323,26.409,60734,0
2013-04-19,26.469,26.537,26.409,26.53,29373,0
2013-04-22,26.453,26.546,26.331,26.504,946962,0
2013-04-23,26.824,26.824,26.608,26.719,152235,0
2013-04-24,26.746,26.9,26.727,26.841,76605,0
2013-04-25,27.159,27.159,26.937,26.946,58379,0
2013-04-26,26.928,27.005,26.892,26.956,69462,0
2013-04-29,27.09,27.256,27.039,27.247,29666,0
2013-04-30,27.311,27.461,27.272,27.418,35175,0
2013-05-01,27.446,27.446,27.274,27.288,42558,0
2013-05-02,27.366,27.411,27.296,27.366,59038,0
2013-05-03,27.573,27.592,27.455,27.513,133184,0
2013-05-06,27.455,27.479,27.393,27.47,78128,0
2013-05-07,27.357,27.419,27.274,27.411,123908,0
2013-05-08,27.438,27.573,27.376,27.573,25108,0
2013-05-09,27.455,27.462,27.266,27.314,108548,0
2013-05-10,27.141,27.177,26.937,27.168,23765,0
2013-05-13,27.066,27.066,26.937,27.056,34024,0
2013-05-14,26.986,27.133,26.986,27.109,65478,0
2013-05-15,27.201,27.201,27.023,27.09,195093,0
2013-05-16,26.956,27.039,26.841,26.892,244138,0
2013-05-17,26.867,26.98,26.798,26.946,83673,0
2013-05-20,27.005,27.125,26.98,27.109,58411,0
2013-05-21,26.986,27.118,26.883,27.039,102451,0
2013-05-22,26.986,27.083,26.564,26.642,953456,0
2013-05-23,26.072,26.453,25.856,26.453,60718,0
2013-05-24,25.95,26.106,25.927,26.099,40225,0
2013-05-28,26.151,26.289,26.014,26.072,71941,0
2013-05-29,25.876,25.876,25.705,25.844,54695,0
2013-05-30,25.694,25.831,25.668,25.727,85787,0
2013-05-31,25.465,25.492,25.255,25.255,35377,0
2013-06-03,25.251,25.485,25.217,25.459,190269,0
2013-06-04,25.557,25.679,25.382,25.505,37106,0
2013-06-05,25.269,25.269,24.975,25.026,86872,0
2013-06-06,24.946,25.123,24.843,25.123,76686,0
2013-06-07,25.166,25.437,25.156,25.399,67070,0
2013-06-10,25.39,25.399,25.236,25.303,83892,0
2013-06-11,25.026,25.208,24.991,25.053,92236,0
2013-06-12,25.363,25.363,24.925,24.984,12299,0
2013-06-13,25.098,25.495,25.098,25.485,48056,0
2013-06-14,25.399,25.452,25.2,25.242,61646,0
2013-06-17,25.685,25.769,25.504,25.547,29629,0
2013-06-18,25.662,25.73,25.626,25.688,24060,0
2013-06-19,25.722,25.73,25.176,25.261,116605,0
2013-06-20,24.851,24.851,24.341,24.348,115364,0
2013-06-21,24.643,24.749,24.442,24.651,36877,0
2013-06-24,24.227,24.322,23.904,24.209,112246,0
2013-06-25,24.45,24.609,24.364,24.592,124507,0
2013-06-26,24.722,24.722,24.505,24.678,66186,0
2013-06-27,24.851,24.965,24.843,24.888,103605,0
2013-06-28,24.783,25,24.73,24.898,139314,0
2013-07-01,24.937,25.061,24.937,24.946,24738,0
2013-07-02,25.026,25.053,24.792,24.937,42174,0
2013-07-03,24.801,24.937,24.758,24.93,26080,0
2013-07-05,24.946,24.946,24.685,24.888,2682,0
2013-07-08,25.103,25.138,24.991,25.138,207773,0
2013-07-09,25.418,25.445,25.138,25.251,83225,0
2013-07-10,25.341,25.54,25.217,25.347,45928,0
2013-07-11,25.696,26.001,25.662,25.992,13433,0
2013-07-12,25.867,25.867,25.722,25.807,32027,0
2013-07-15,25.867,25.982,25.86,25.955,51238,0
2013-07-16,25.913,25.964,25.817,25.964,53974,0
2013-07-17,25.955,26.079,25.922,26.01,209546,0
2013-07-18,26.087,26.113,25.964,26.06,69683,0
2013-07-19,25.947,26.173,25.947,26.132,33065,0
2013-07-22,26.14,26.243,26.132,26.217,40738,0
2013-07-23,26.287,26.322,26.173,26.278,13852,0
2013-07-24,26.33,26.33,26.035,26.158,24743,0
2013-07-25,25.964,26.243,25.964,26.217,17713,0
2013-07-26,26.164,26.27,26.087,26.234,71338,0
2013-07-29,26.096,26.252,26.044,26.227,40322,0
2013-07-30,26.173,26.182,26.027,26.06,30253,0
2013-07-31,26.173,26.252,26.051,26.158,66238,0
2013-08-01,26.234,26.278,26.079,26.199,42922,0
2013-08-02,26.173,26.322,26.132,26.217,80684,0
2013-08-05,26.208,26.234,26.079,26.173,93649,0
2013-08-06,26.243,26.262,26.096,26.19,40123,0
2013-08-07,26.104,26.262,26.051,26.113,42484,0
2013-08-08,26.287,26.382,26.07,26.322,116792,0
2013-08-09,26.173,26.513,26.164,26.305,105038,0
2013-08-12,26.262,26.382,26.182,26.297,11391,0
2013-08-13,26.322,26.39,26.199,26.349,111171,0
2013-08-14,26.418,26.418,26.262,26.297,30057,0
2013-08-15,26.087,26.243,25.964,26.243,83995,0
2013-08-16,26.278,26.278,26.06,26.104,110877,0
2013-08-19,26.243,26.243,25.922,25.922,182689,0
2013-08-20,25.825,26.132,25.825,26.001,127760,0
2013-08-21,25.94,25.94,25.652,25.799,98118,0
2013-08-22,25.799,25.922,25.765,25.825,94233,0
2013-08-23,25.825,26.035,25.74,25.844,108632,0
2013-08-26,25.825,25.867,25.749,25.749,15374,0
2013-08-27,25.505,25.652,25.487,25.547,64622,0
2013-08-28,25.53,25.592,25.408,25.512,40457,0
2013-08-29,25.688,25.722,25.512,25.512,47010,0
2013-08-30,25.574,25.617,25.373,25.408,24427,0
2013-09-03,25.649,25.971,25.553,25.694,154547,0
2013-09-04,25.658,25.902,25.658,25.841,99316,0
2013-09-05,25.893,25.929,25.632,25.841,94238,0
2013-09-06,25.938,26.05,25.851,25.92,87416,0
2013-09-09,26.051,26.19,25.955,26.182,152337,0
2013-09-10,26.34,26.349,26.19,26.349,108460,0
2013-09-11,26.349,26.418,26.164,26.366,156125,0
2013-09-12,26.243,26.39,26.164,26.199,129721,0
2013-09-13,26.469,26.469,26.208,26.331,65448,0
2013-09-16,26.625,26.914,26.14,26.366,335617,0
2013-09-17,26.436,26.672,26.419,26.636,40476,0
2013-09-18,26.627,27.142,26.436,26.994,74951,0
2013-09-19,27.142,27.16,26.963,27.046,68472,0
2013-09-20,27.046,27.075,26.864,26.88,22549,0
2013-09-23,26.908,26.908,26.538,26.654,470781,0
2013-09-24,26.776,26.898,26.664,26.672,77532,0
2013-09-25,26.759,26.82,26.586,26.689,45617,0
2013-09-26,26.618,26.848,26.618,26.794,21511,0
2013-09-27,26.89,26.89,26.548,26.759,12874,0
2013-09-30,26.664,26.82,26.627,26.68,74432,0
2013-10-01,26.802,26.864,26.436,26.794,70731,0
2013-10-02,26.714,26.786,26.654,26.751,42622,0
2013-10-03,26.664,26.838,26.548,26.68,44535,0
2013-10-04,26.567,26.732,26.567,26.714,65895,0
2013-10-07,26.532,26.873,26.461,26.627,54580,0
2013-10-08,26.586,26.664,26.331,26.331,86167,0
2013-10-09,26.469,26.469,26.27,26.391,18471,0
2013-10-10,26.506,26.838,26.496,26.794,126279,0
2013-10-11,26.898,26.971,26.751,26.971,54620,0
2013-10-14,26.898,27.046,26.802,26.917,10071,0
2013-10-15,27.075,27.151,26.786,26.828,38208,0
2013-10-16,27.118,27.118,26.873,27.004,59669,0
2013-10-17,27.03,27.398,27.03,27.389,181750,0
2013-10-18,27.466,27.598,27.466,27.538,24597,0
2013-10-21,27.791,27.791,27.52,27.57,27344,0
2013-10-22,27.712,27.887,27.677,27.791,41313,0
2013-10-23,27.64,27.86,27.564,27.659,29329,0
2013-10-24,27.712,27.775,27.677,27.756,27407,0
2013-10-25,27.784,27.807,27.73,27.807,43392,0
2013-10-28,27.842,27.887,27.766,27.8,101788,0
2013-10-29,27.826,27.895,27.721,27.775,238851,0
2013-10-30,27.904,27.904,27.624,27.686,36857,0
2013-10-31,27.73,27.756,27.608,27.659,31685,0
2013-11-01,27.608,27.608,27.459,27.59,48040,0
2013-11-04,27.669,27.712,27.548,27.695,18237,0
2013-11-05,27.59,27.59,27.475,27.511,17354,0
2013-11-06,27.511,27.784,27.511,27.677,49012,0
2013-11-07,27.528,27.58,27.259,27.276,81222,0
2013-11-08,27.284,27.52,27.284,27.389,44543,0
2013-11-11,27.528,27.57,27.326,27.475,143165,0
2013-11-12,27.425,27.425,27.292,27.353,74592,0
2013-11-13,27.259,27.37,27.232,27.362,140693,0
2013-11-14,27.416,27.493,27.345,27.416,29446,0
2013-11-15,27.425,27.73,27.425,27.64,11835,0
2013-11-18,27.852,27.852,27.598,27.598,31436,0
2013-11-19,27.669,27.73,27.564,27.616,56136,0
2013-11-20,27.57,27.695,27.362,27.466,22288,0
2013-11-21,27.466,27.528,27.38,27.52,15378,0
2013-11-22,27.528,27.58,27.511,27.57,15373,0
2013-11-25,27.659,27.669,27.451,27.528,32472,0
2013-11-26,27.493,27.64,27.38,27.493,20832,0
2013-11-27,27.548,27.59,27.433,27.451,17084,0
2013-11-29,27.57,27.57,27.52,27.548,3214,0
2013-12-02,27.425,27.425,27.187,27.232,19008,0
2013-12-03,27.151,27.307,27.101,27.151,39135,0
2013-12-04,27.101,27.151,26.963,27.004,6486,0
2013-12-05,27.075,27.126,26.985,27.046,39902,0
2013-12-06,27.178,27.307,27.091,27.193,16135,0
2013-12-09,27.232,27.284,27.142,27.269,11323,0
2013-12-10,27.178,27.297,27.17,27.232,94847,0
2013-12-11,27.249,27.249,26.935,26.963,37253,0
2013-12-12,26.848,26.857,26.697,26.751,151540,0
2013-12-13,26.908,26.908,26.751,26.864,11762,0
2013-12-16,27.075,27.101,26.985,27.004,55033,0
2013-12-17,26.926,27.004,26.848,26.857,46795,0
2013-12-18,27.046,27.241,26.838,27.11,41295,0
2013-12-19,27.03,27.232,27.012,27.212,14759,0
2013-12-20,27.333,27.404,27.28,27.351,15955,0
2013-12-23,27.473,27.607,27.449,27.473,34067,0
2013-12-24,27.704,27.721,27.589,27.589,13294,0
2013-12-26,27.395,27.862,27.395,27.818,24853,0
2013-12-27,27.818,27.818,27.422,27.422,23205,0
2013-12-30,27.713,27.933,27.704,27.862,126542,0
2013-12-31,27.862,28.056,27.818,27.827,86285,0
2014-01-02,27.501,27.776,27.458,27.527,28183,0
2014-01-03,27.616,27.713,27.547,27.547,30543,0
2014-01-06,27.607,27.669,27.431,27.537,37966,0
2014-01-07,27.492,27.564,27.404,27.473,23210,0
2014-01-08,27.431,27.458,27.288,27.395,19675,0
2014-01-09,27.404,27.431,27.246,27.395,38491,0
2014-01-10,27.537,27.579,27.458,27.564,8644,0
2014-01-13,27.527,27.527,27.227,27.255,36449,0
2014-01-14,27.273,27.464,27.273,27.323,53034,0
2014-01-15,27.395,27.431,27.304,27.422,16672,0
2014-01-16,27.492,27.492,27.314,27.464,33270,0
2014-01-17,27.449,27.501,27.273,27.404,55559,0
2014-01-21,27.473,27.64,27.473,27.564,14488,0
2014-01-22,27.669,27.669,27.537,27.607,30789,0
2014-01-23,27.555,27.555,27.323,27.464,20352,0
2014-01-24,27.227,27.227,26.928,26.928,29263,0
2014-01-27,26.928,27.06,26.626,26.795,51668,0
2014-01-28,26.918,26.972,26.839,26.972,17206,0
2014-01-29,26.722,26.722,26.416,26.53,79058,0
2014-01-30,26.795,26.795,26.584,26.689,20979,0
2014-01-31,26.363,26.53,26.283,26.406,56604,0
2014-02-03,26.503,26.672,26.134,26.16,161612,0
2014-02-04,26.371,26.406,26.345,26.388,23443,0
2014-02-05,26.256,26.458,26.256,26.452,15187,0
2014-02-06,26.61,26.795,26.61,26.741,29522,0
2014-02-07,26.937,27.024,26.821,27.015,15216,0
2014-02-10,27.024,27.05,26.882,26.937,29561,0
2014-02-11,27.155,27.314,27.155,27.273,25820,0
2014-02-12,27.395,27.395,27.288,27.333,19010,0
2014-02-13,27.314,27.547,27.314,27.527,47084,0
2014-02-14,27.537,27.73,27.527,27.669,11731,0
2014-02-18,27.768,27.889,27.696,27.793,40981,0
2014-02-19,27.808,27.818,27.64,27.64,9917,0
2014-02-20,27.659,27.749,27.64,27.713,21298,0
2014-02-21,27.793,27.808,27.704,27.74,43266,0
2014-02-24,27.677,28.048,27.677,27.96,27583,0
2014-02-25,27.836,27.96,27.784,27.907,49861,0
2014-02-26,27.836,27.844,27.713,27.758,49618,0
2014-02-27,27.74,27.907,27.721,27.907,40699,0
2014-02-28,27.995,28.102,27.969,27.995,16839,0
2014-03-03,27.555,27.836,27.555,27.677,55526,0
2014-03-04,27.969,28.084,27.96,28.066,24008,0
2014-03-05,27.969,28.075,27.969,28.029,16871,0
2014-03-06,28.162,28.321,28.162,28.233,16367,0
2014-03-07,28.171,28.181,28.029,28.093,10415,0
2014-03-10,27.926,28.056,27.916,28.029,12882,0
2014-03-11,27.95,28.102,27.871,27.871,14237,0
2014-03-12,27.818,27.898,27.64,27.862,32663,0
2014-03-13,27.995,27.995,27.547,27.555,19680,0
2014-03-14,27.579,27.649,27.501,27.519,18823,0
2014-03-17,27.776,27.844,27.696,27.808,57545,0
2014-03-18,27.907,27.995,27.8,27.898,37491,0
2014-03-19,27.854,27.907,27.422,27.607,26092,0
2014-03-20,27.413,27.624,27.386,27.511,28421,0
2014-03-21,27.654,27.814,27.62,27.62,20773,0
2014-03-24,27.841,27.85,27.523,27.584,39255,0
2014-03-25,27.867,27.991,27.814,27.956,58335,0
2014-03-26,28.133,28.142,27.939,28.091,72543,0
2014-03-27,27.991,28.142,27.991,28.133,13995,0
2014-03-28,28.188,28.338,28.188,28.303,22321,0
2014-03-31,28.401,28.453,28.376,28.444,18035,0
2014-04-01,28.444,28.576,28.376,28.566,436009,0
2014-04-02,28.523,28.595,28.453,28.541,22426,0
2014-04-03,28.515,28.515,28.393,28.427,23360,0
2014-04-04,28.629,28.693,28.393,28.479,42282,0
2014-04-07,28.401,28.523,28.319,28.401,12607,0
2014-04-08,28.576,28.675,28.532,28.595,20751,0
2014-04-09,28.754,28.976,28.683,28.895,14656,0
2014-04-10,28.895,28.914,28.639,28.657,32403,0
2014-04-11,28.595,28.639,28.417,28.549,30154,0
2014-04-14,28.693,28.693,28.549,28.566,33550,0
2014-04-15,28.595,28.693,28.401,28.675,13852,0
2014-04-16,28.639,28.816,28.639,28.773,45495,0
2014-04-17,28.861,28.932,28.763,28.932,60124,0
2014-04-21,28.941,28.941,28.773,28.833,13221,0
2014-04-22,29.013,29.064,28.932,29.003,52412,0
2014-04-23,28.887,28.976,28.79,28.904,20239,0
2014-04-24,28.976,28.984,28.824,28.878,28871,0
2014-04-25,28.95,28.993,28.79,28.816,20512,0
2014-04-28,29.038,29.038,28.773,28.993,55536,0
2014-04-29,29.073,29.225,29.013,29.153,18307,0
2014-04-30,29.172,29.296,29.153,29.296,29343,0
2014-05-01,29.259,29.314,29.038,29.215,102563,0
2014-05-02,29.064,29.314,29.064,29.314,20494,0
2014-05-05,29.064,29.287,29.064,29.287,26742,0
2014-05-06,29.296,29.392,29.268,29.304,59422,0
2014-05-07,29.259,29.445,29.259,29.445,85649,0
2014-05-08,29.482,29.491,29.363,29.402,29011,0
2014-05-09,29.25,29.346,29.25,29.323,27029,0
2014-05-12,29.57,29.57,29.455,29.552,78542,0
2014-05-13,29.578,29.608,29.508,29.57,310171,0
2014-05-14,29.588,29.694,29.498,29.588,40843,0
2014-05-15,29.641,29.641,29.409,29.542,46423,0
2014-05-16,29.588,29.632,29.508,29.625,88692,0
2014-05-19,29.625,29.641,29.472,29.608,35157,0
2014-05-20,29.455,29.491,29.314,29.34,64597,0
2014-05-21,29.34,29.625,29.34,29.617,41326,0
2014-05-22,29.608,29.608,29.533,29.533,20411,0
2014-05-23,29.588,29.617,29.552,29.608,25933,0
2014-05-27,29.777,30.049,29.561,29.625,32351,0
2014-05-28,29.641,29.641,29.491,29.625,21218,0
2014-05-29,29.801,29.801,29.649,29.739,84458,0
2014-05-30,29.739,29.817,29.649,29.767,39753,0
2014-06-02,29.767,29.777,29.578,29.684,71318,0
2014-06-03,29.498,29.721,29.491,29.721,46346,0
2014-06-04,29.625,29.694,29.578,29.694,57611,0
2014-06-05,29.767,29.827,29.675,29.827,13303,0
2014-06-06,29.861,29.898,29.817,29.898,14624,0
2014-06-09,29.958,29.986,29.87,29.951,158678,0
2014-06-10,29.967,29.976,29.801,29.809,264106,0
2014-06-11,29.845,29.845,29.73,29.784,29569,0
2014-06-12,29.861,29.861,29.721,29.73,33663,0
2014-06-13,29.791,29.88,29.73,29.827,111616,0
2014-06-16,29.861,29.88,29.739,29.817,23050,0
2014-06-17,29.721,29.827,29.721,29.757,67671,0
2014-06-18,30.137,30.137,29.721,29.827,21044,0
2014-06-19,30.011,30.049,29.933,29.995,36334,0
2014-06-20,30.064,30.064,29.875,29.982,27674,0
2014-06-23,30.028,30.028,29.894,29.972,26334,0
2014-06-24,30.018,30.018,29.804,29.821,28039,0
2014-06-25,29.804,29.839,29.76,29.795,27607,0
2014-06-26,29.75,29.938,29.75,29.921,19217,0
2014-06-27,29.982,30.073,29.938,30.073,21266,0
2014-06-30,30.018,30.1,29.954,30.018,13679,0
2014-07-01,30.181,30.261,30.135,30.254,31298,0
2014-07-02,30.207,30.279,30.191,30.271,22292,0
2014-07-03,30.261,30.351,30.245,30.333,23109,0
2014-07-07,30.207,30.207,30.064,30.11,18183,0
2014-07-08,30.008,30.018,29.865,29.991,11040,0
2014-07-09,30.008,30.135,29.991,30.126,36532,0
2014-07-10,30.171,30.171,29.705,29.912,18664,0
2014-07-11,29.991,29.991,29.839,29.921,16867,0
2014-07-14,29.972,30.118,29.972,30.082,10952,0
2014-07-15,30.064,30.064,29.839,29.954,13950,0
2014-07-16,30.073,30.154,30.046,30.145,25531,0
2014-07-17,30.092,30.171,29.903,29.903,19214,0
2014-07-18,29.812,30.191,29.78,30.135,19817,0
2014-07-21,29.894,30.092,29.894,30.018,30905,0
2014-07-22,30.055,30.199,30.055,30.082,33908,0
2014-07-23,30.279,30.314,30.225,30.305,65598,0
2014-07-24,30.254,30.378,30.254,30.342,40852,0
2014-07-25,30.324,30.324,30.126,30.191,10581,0
2014-07-28,30.126,30.235,30.1,30.225,339383,0
2014-07-29,30.342,30.342,30.118,30.118,38242,0
2014-07-30,30.082,30.118,30.008,30.073,48308,0
2014-07-31,29.954,29.954,29.696,29.75,55481,0
2014-08-01,29.696,29.696,29.491,29.579,52923,0
2014-08-04,29.715,29.77,29.525,29.696,23144,0
2014-08-05,29.542,29.542,29.311,29.361,27402,0
2014-08-06,28.952,29.463,28.952,29.409,54619,0
2014-08-07,29.471,29.498,29.113,29.167,67471,0
2014-08-08,29.201,29.275,29.131,29.275,26295,0
2014-08-11,29.454,29.454,29.302,29.345,23291,0
2014-08-12,29.445,29.445,29.338,29.445,32682,0
2014-08-13,29.579,29.579,29.491,29.533,10888,0
2014-08-14,29.677,29.75,29.609,29.75,45444,0
2014-08-15,29.839,29.848,29.599,29.75,16446,0
2014-08-18,29.839,29.884,29.795,29.839,17029,0
2014-08-19,29.972,29.972,29.812,29.894,24348,0
2014-08-20,29.947,30,29.884,29.972,24197,0
2014-08-21,30.028,30.046,29.972,30.046,13603,0
2014-08-22,30.1,30.1,29.875,29.947,33036,0
2014-08-25,30.118,30.118,29.972,30.028,51598,0
2014-08-26,30.092,30.163,30.073,30.1,40669,0
2014-08-27,30.145,30.324,30.145,30.254,44004,0
2014-08-28,30.225,30.225,30.1,30.154,20864,0
2014-08-29,30.191,30.191,30.055,30.126,34476,0
2014-09-02,30.235,30.254,30.037,30.1,27724,0
2014-09-03,30.459,30.459,30.279,30.314,22197,0
2014-09-04,30.386,30.386,30.082,30.126,31823,0
2014-09-05,30.126,30.163,30.046,30.163,15134,0
2014-09-08,30.092,30.092,29.77,29.77,30712,0
2014-09-09,29.742,29.83,29.686,29.77,37149,0
2014-09-10,29.821,29.821,29.668,29.821,14193,0
2014-09-11,29.626,29.643,29.609,29.626,22007,0
2014-09-12,29.609,29.609,29.471,29.533,19342,0
2014-09-15,29.599,29.599,29.409,29.436,36125,0
2014-09-16,29.427,29.634,29.37,29.599,66278,0
2014-09-17,29.516,29.552,29.338,29.354,28639,0
2014-09-18,29.508,29.533,29.436,29.508,42953,0
2014-09-19,29.56,29.607,29.29,29.406,23198,0
2014-09-22,29.244,29.271,29.109,29.146,47203,0
2014-09-23,29.163,29.173,29.02,29.082,50356,0
2014-09-24,29.02,29.207,28.928,29.099,74020,0
2014-09-25,29.072,29.072,28.585,28.649,46671,0
2014-09-26,28.649,28.766,28.63,28.703,32243,0
2014-09-29,28.468,28.612,28.441,28.594,28665,0
2014-09-30,28.459,28.575,28.433,28.565,51235,0
2014-10-01,28.575,28.575,28.26,28.298,160677,0
2014-10-02,28.298,28.45,27.972,28.288,74659,0
2014-10-03,28.233,28.27,28.091,28.208,24663,0
2014-10-06,28.324,28.433,28.225,28.398,30301,0
2014-10-07,28.478,28.478,28.099,28.099,35913,0
2014-10-08,28.251,28.468,27.963,28.459,62431,0
2014-10-09,28.371,28.371,27.982,28.007,42591,0
2014-10-10,27.944,27.944,27.602,27.62,92446,0
2014-10-13,27.837,27.909,27.611,27.62,58744,0
2014-10-14,27.756,27.756,27.466,27.504,65347,0
2014-10-15,27.494,27.558,26.981,27.558,257495,0
2014-10-16,27.116,27.702,27.034,27.367,137761,0
2014-10-17,27.792,27.864,27.558,27.711,157526,0
2014-10-20,27.738,27.918,27.611,27.918,19181,0
2014-10-21,28.099,28.26,28.017,28.208,94812,0
2014-10-22,28.298,28.314,27.944,27.982,136394,0
2014-10-23,28.243,28.361,28.152,28.243,69009,0
2014-10-24,28.371,28.406,28.278,28.398,34102,0
2014-10-27,28.353,28.433,28.17,28.423,20744,0
2014-10-28,28.738,28.793,28.558,28.783,73001,0
2014-10-29,28.9,28.9,28.504,28.603,54900,0
2014-10-30,28.603,28.838,28.531,28.721,68999,0
2014-10-31,28.685,28.882,28.676,28.866,73384,0
2014-11-03,28.766,30.101,28.522,28.64,167605,0
2014-11-04,28.531,28.531,28.314,28.45,38403,0
2014-11-05,28.441,28.585,28.414,28.548,88074,0
2014-11-06,28.381,28.548,28.361,28.371,69814,0
2014-11-07,28.478,28.62,28.459,28.565,47326,0
2014-11-10,28.813,28.813,28.612,28.63,31351,0
2014-11-11,28.776,28.828,28.63,28.766,97693,0
2014-11-12,28.738,28.803,28.548,28.776,96578,0
2014-11-13,28.858,28.858,28.63,28.685,115233,0
2014-11-14,28.757,28.892,28.63,28.82,56677,0
2014-11-17,28.748,28.828,28.658,28.766,37710,0
2014-11-18,28.965,29.028,28.866,28.92,88579,0
2014-11-19,28.866,28.937,28.695,28.848,57765,0
2014-11-20,28.729,28.882,28.729,28.82,153539,0
2014-11-21,29.19,29.19,28.965,29.054,35424,0
2014-11-24,29.082,29.082,28.866,28.937,61610,0
2014-11-25,29.001,29.091,28.9,29.054,104471,0
2014-11-26,29.137,29.181,29.063,29.163,29210,0
2014-11-28,28.882,28.974,28.766,28.793,16157,0
2014-12-01,28.813,28.848,28.64,28.766,70460,0
2014-12-02,28.848,28.848,28.64,28.748,222508,0
2014-12-03,28.685,28.783,28.668,28.738,46615,0
2014-12-04,28.838,28.838,28.504,28.575,137488,0
2014-12-05,28.612,28.612,28.459,28.54,37919,0
2014-12-08,28.414,28.459,28.134,28.233,33369,0
2014-12-09,28.099,28.198,28.007,28.124,50102,0
2014-12-10,28.243,28.243,27.775,27.828,144823,0
2014-12-11,27.809,28.091,27.809,27.864,53606,0
2014-12-12,27.845,27.873,27.441,27.441,384434,0
2014-12-15,27.458,27.675,27.213,27.233,65659,0
2014-12-16,27.302,27.784,27.141,27.432,195345,0
2014-12-17,27.432,27.989,27.432,27.792,115827,0
2014-12-18,28.152,28.152,27.828,28.035,100639,0
2014-12-19,28.151,30.412,27.996,28.225,30742,0
2014-12-22,28.344,28.372,28.27,28.334,59191,0
2014-12-23,28.362,28.398,28.233,28.334,96193,0
2014-12-24,28.442,28.489,28.278,28.442,32072,0
2014-12-26,28.616,28.624,28.442,28.597,53424,0
2014-12-29,28.516,28.525,28.407,28.434,22155,0
2014-12-30,28.434,28.434,28.278,28.344,65079,0
2014-12-31,28.434,28.46,28.16,28.179,41318,0
2015-01-02,28.251,28.344,27.96,28.033,66097,0
2015-01-05,27.879,27.879,27.514,27.622,48389,0
2015-01-06,27.761,27.761,27.287,27.405,64702,0
2015-01-07,27.596,27.732,27.441,27.66,29667,0
2015-01-08,27.905,28.27,27.86,27.986,61360,0
2015-01-09,27.933,27.986,27.761,27.869,29591,0
2015-01-12,27.779,27.797,27.678,27.779,39721,0
2015-01-13,28.033,28.114,27.66,27.896,29528,0
2015-01-14,27.842,27.888,27.66,27.888,99891,0
2015-01-15,28.142,28.142,27.986,28.014,25692,0
2015-01-16,27.996,28.233,27.942,28.233,72139,0
2015-01-20,28.26,28.315,28.042,28.179,32540,0
2015-01-21,28.288,28.372,28.114,28.27,49855,0
2015-01-22,28.278,28.479,28.151,28.334,162231,0
2015-01-23,28.398,28.47,28.288,28.288,90742,0
2015-01-26,28.434,28.516,28.354,28.452,145884,0
2015-01-27,28.452,28.578,28.398,28.543,42236,0
2015-01-28,28.551,28.644,28.151,28.26,156768,0
2015-01-29,28.334,28.47,28.189,28.47,144143,0
2015-01-30,28.16,28.315,28.089,28.123,53441,0
2015-02-02,28.325,28.497,28.278,28.497,79067,0
2015-02-03,28.607,28.854,28.534,28.834,50566,0
2015-02-04,28.743,28.789,28.568,28.568,126459,0
2015-02-05,28.789,28.972,28.707,28.944,48902,0
2015-02-06,28.809,28.816,28.534,28.597,154988,0
2015-02-09,28.46,28.578,28.372,28.452,89513,0
2015-02-10,28.597,28.644,28.47,28.634,197519,0
2015-02-11,28.507,28.543,28.39,28.497,75693,0
2015-02-12,28.597,28.733,28.578,28.733,74631,0
2015-02-13,28.516,28.825,28.516,28.799,68202,0
2015-02-17,28.761,28.981,28.743,28.926,64059,0
2015-02-18,28.889,28.989,28.779,28.898,67894,0
2015-02-19,28.752,28.944,28.752,28.799,57162,0
2015-02-20,28.733,29.098,28.699,28.907,30149,0
2015-02-23,28.862,29.034,28.771,28.862,112531,0
2015-02-24,28.962,29.081,28.889,29.062,71262,0
2015-02-25,29.227,29.227,29.019,29.127,298566,0
2015-02-26,28.972,29.09,28.889,28.898,44710,0
2015-02-27,28.989,29.052,28.944,28.962,38526,0
2015-03-02,29.081,29.081,28.844,28.934,174689,0
2015-03-03,28.981,28.981,28.844,28.898,143068,0
2015-03-04,28.834,28.889,28.607,28.854,63026,0
2015-03-05,28.88,28.889,28.771,28.816,43921,0
2015-03-06,28.597,28.652,28.325,28.39,39966,0
2015-03-09,28.415,28.415,28.26,28.344,88498,0
2015-03-10,27.96,28.114,27.797,27.804,92451,0
2015-03-11,27.797,27.914,27.787,27.833,71149,0
2015-03-12,28.142,28.16,28.005,28.151,45896,0
2015-03-13,27.896,27.996,27.742,27.905,99037,0
2015-03-16,28.089,28.243,28.089,28.169,49738,0
2015-03-17,28.079,28.189,27.979,28.189,44908,0
2015-03-18,28.142,28.699,28.06,28.607,103102,0
2015-03-19,28.434,28.47,28.307,28.334,26461,0
2015-03-20,28.705,29.004,28.618,28.924,62954,0
2015-03-23,29.032,29.251,28.924,29.089,124238,0
2015-03-24,29.206,29.206,28.987,29.116,60969,0
2015-03-25,29.216,29.216,28.869,28.97,43345,0
2015-03-26,28.878,28.924,28.687,28.75,42141,0
2015-03-27,28.942,28.942,28.659,28.769,45207,0
2015-03-30,28.815,28.842,28.65,28.73,24519,0
2015-03-31,28.565,28.585,28.33,28.531,47756,0
2015-04-01,28.513,28.677,28.439,28.604,73448,0
2015-04-02,28.797,28.933,28.696,28.852,78372,0
2015-04-06,28.869,29.327,28.869,29.061,75090,0
2015-04-07,29.089,29.28,29.041,29.061,251218,0
2015-04-08,29.308,29.369,29.097,29.126,33494,0
2015-04-09,28.832,29.36,28.832,29.251,57674,0
2015-04-10,29.206,29.318,29.172,29.243,38310,0
2015-04-13,29.189,29.226,28.97,28.987,37106,0
2015-04-14,29.308,29.389,29.216,29.216,84065,0
2015-04-15,28.905,29.535,28.905,29.463,33896,0
2015-04-16,29.526,29.738,29.454,29.647,166188,0
2015-04-17,29.29,29.873,29.197,29.353,67427,0
2015-04-20,29.499,29.499,29.243,29.335,40690,0
2015-04-21,29.509,29.517,29.234,29.353,87922,0
2015-04-22,29.746,29.746,29.234,29.454,63260,0
2015-04-23,29.601,29.663,29.153,29.554,106504,0
2015-04-24,29.573,29.855,29.564,29.691,95390,0
2015-04-27,29.901,30.084,29.81,29.92,47942,0
2015-04-28,29.938,30.103,29.729,30.094,70491,0
2015-04-29,29.729,30.057,29.654,29.964,38858,0
2015-04-30,29.691,29.691,29.445,29.463,39296,0
2015-05-01,29.7,29.863,29.436,29.628,68629,0
2015-05-04,29.81,29.81,29.526,29.647,111539,0
2015-05-05,29.499,30.094,29.335,29.36,60969,0
2015-05-06,29.526,29.601,29.327,29.36,118529,0
2015-05-07,29.36,29.369,29.097,29.308,92126,0
2015-05-08,30.084,30.084,29.564,29.628,95119,0
2015-05-11,29.7,29.71,29.344,29.499,25175,0
2015-05-12,29.647,29.663,29.308,29.544,76029,0
2015-05-13,29.784,29.863,29.601,29.601,54402,0
2015-05-14,29.973,30.084,29.766,29.911,90085,0
2015-05-15,29.776,30.084,29.776,30.01,102933,0
2015-05-18,30.065,30.065,29.776,29.873,39359,0
2015-05-19,29.828,30.048,29.663,29.673,16608,0
2015-05-20,29.647,29.855,29.573,29.71,53417,0
2015-05-21,29.611,29.92,29.573,29.802,40392,0
2015-05-22,29.766,29.828,29.573,29.573,61845,0
2015-05-26,29.535,29.573,29.243,29.335,58080,0
2015-05-27,29.416,29.581,29.271,29.308,60639,0
2015-05-28,29.335,29.454,29.153,29.308,29808,0
2015-05-29,29.271,29.344,29.08,29.107,66333,0
2015-06-01,29.416,29.426,28.97,29.051,34601,0
2015-06-02,29.061,29.36,29.032,29.234,51789,0
2015-06-03,29.318,29.416,29.206,29.206,45098,0
2015-06-04,29.08,29.206,28.869,28.887,58997,0
2015-06-05,28.687,28.878,28.613,28.65,84614,0
2015-06-08,28.852,28.852,28.448,28.687,58232,0
2015-06-09,28.531,28.787,28.522,28.631,70176,0
2015-06-10,28.787,29.206,28.769,29.032,105338,0
2015-06-11,29.172,29.206,28.97,29.026,20690,0
2015-06-12,28.842,29.116,28.787,28.951,55058,0
2015-06-15,29.206,29.206,28.494,28.842,259309,0
2015-06-16,28.73,29.026,28.73,28.924,29991,0
2015-06-17,28.896,29.426,28.73,28.933,73448,0
2015-06-18,28.97,29.369,28.96,29.153,68852,0
2015-06-19,29.023,29.251,28.929,29.152,32370,0
2015-06-22,29.418,29.475,29.039,29.301,52508,0
2015-06-23,29.354,29.447,29.004,29.328,68684,0
2015-06-24,29.362,29.381,29.078,29.234,26415,0
2015-06-25,29.234,29.362,29.039,29.197,50017,0
2015-06-26,29.152,29.371,28.938,29.049,44821,0
2015-06-29,28.542,28.734,28.439,28.449,51534,0
2015-06-30,28.449,28.734,28.32,28.412,94697,0
2015-07-01,28.68,29.206,28.311,28.533,70046,0
2015-07-02,28.644,28.644,28.449,28.567,60518,0
2015-07-06,28.237,28.577,28.125,28.153,55105,0
2015-07-07,28.116,28.255,27.767,28.255,475705,0
2015-07-08,27.802,27.97,27.545,27.609,115300,0
2015-07-09,28.153,28.182,27.729,27.839,391367,0
2015-07-10,28.378,28.487,28.098,28.431,36919,0
2015-07-13,28.283,28.69,28.273,28.634,73186,0
2015-07-14,28.523,28.763,28.387,28.606,36650,0
2015-07-15,28.567,28.828,28.542,28.671,236734,0
2015-07-16,29.078,29.078,28.567,28.763,28689,0
2015-07-17,28.718,28.819,28.652,28.792,30530,0
2015-07-20,28.773,29.216,28.567,28.819,36268,0
2015-07-21,28.782,28.892,28.68,28.734,67123,0
2015-07-22,28.624,28.652,28.495,28.597,23058,0
2015-07-23,28.671,28.671,28.431,28.487,32046,0
2015-07-24,28.478,28.866,28.228,28.255,47310,0
2015-07-27,28.247,28.303,28.053,28.163,34970,0
2015-07-28,28.311,28.487,28.21,28.478,94947,0
2015-07-29,28.487,28.652,28.449,28.56,27391,0
2015-07-30,28.533,28.533,28.024,28.378,99818,0
2015-07-31,28.587,28.773,28.459,28.505,21977,0
2015-08-03,28.459,28.56,28.349,28.449,290024,0
2015-08-04,28.597,28.754,28.421,28.56,43305,0
2015-08-05,28.616,28.734,28.533,28.616,35943,0
2015-08-06,28.495,28.606,28.329,28.431,31220,0
2015-08-07,28.283,28.523,28.098,28.387,59328,0
2015-08-10,28.412,28.725,28.07,28.567,121795,0
2015-08-11,28.219,28.273,27.97,28.247,34568,0
2015-08-12,28.005,28.163,27.83,28.153,191515,0
2015-08-13,27.97,28.201,27.941,28.09,82388,0
2015-08-14,27.904,28.247,27.895,28.163,60737,0
2015-08-17,27.923,28.116,27.848,28.043,53807,0
2015-08-18,28.024,28.043,27.811,27.941,78707,0
2015-08-19,27.839,27.97,27.599,27.738,78166,0
2015-08-20,27.581,27.683,27.295,27.295,137167,0
2015-08-21,27.23,27.498,26.721,26.796,151893,0
2015-08-24,26.389,26.446,17.614,25.76,178061,0
2015-08-25,26.242,26.759,26.031,26.031,89209,0
2015-08-26,26.49,26.49,25.983,26.454,83362,0
2015-08-27,26.389,26.99,26.344,26.887,44603,0
2015-08-28,26.695,26.878,26.546,26.75,65173,0
2015-08-31,26.556,26.824,26.418,26.675,90182,0
2015-09-01,26.122,26.556,25.769,25.909,98627,0
2015-09-02,26.242,26.269,26.031,26.251,77409,0
2015-09-03,26.021,26.509,26.021,26.316,26199,0
2015-09-04,25.899,26.122,25.752,25.862,31395,0
2015-09-08,26.463,26.666,26.371,26.482,46337,0
2015-09-09,26.777,26.777,26.408,26.436,75135,0
2015-09-10,26.38,26.612,26.334,26.334,31422,0
2015-09-11,26.325,26.509,26.223,26.463,29772,0
2015-09-14,26.418,26.509,26.242,26.297,114975,0
2015-09-15,26.38,26.592,26.204,26.49,550732,0
2015-09-16,26.657,27,26.629,26.955,36594,0
2015-09-17,26.963,27.128,26.629,26.963,36373,0
2015-09-18,26.603,27.179,26.5,26.519,34258,0
2015-09-21,26.529,26.667,26.446,26.64,49614,0
2015-09-22,26.25,26.278,26.036,26.12,35407,0
2015-09-23,26.26,26.26,26.009,26.018,32758,0
2015-09-24,25.905,26.175,25.868,26.083,74076,0
2015-09-25,26.352,26.408,26.13,26.26,30025,0
2015-09-28,26.231,26.231,25.877,25.886,35251,0
2015-09-29,25.859,25.925,25.729,25.877,62851,0
2015-09-30,26.193,26.333,26.054,26.333,34868,0
2015-10-01,26.362,26.472,26.13,26.316,82867,0
2015-10-02,26.149,26.593,26.083,26.593,234396,0
2015-10-05,26.845,27.049,26.845,27.003,23779,0
2015-10-06,26.864,27.105,26.864,27.012,30456,0
2015-10-07,27.179,27.411,27.149,27.225,21524,0
2015-10-08,27.169,27.458,27.169,27.43,32286,0
2015-10-09,27.551,27.672,27.449,27.513,11516,0
2015-10-12,27.568,27.596,27.476,27.486,10907,0
2015-10-13,27.273,27.505,27.159,27.263,22170,0
2015-10-14,27.365,27.551,27.365,27.523,54672,0
2015-10-15,27.606,27.829,27.606,27.765,44231,0
2015-10-16,27.82,27.857,27.718,27.775,168856,0
2015-10-19,27.718,27.736,27.643,27.736,119926,0
2015-10-20,27.746,27.867,27.691,27.746,26704,0
2015-10-21,27.81,27.838,27.568,27.578,55531,0
2015-10-22,27.784,28.005,27.681,27.912,48967,0
2015-10-23,28.07,28.144,27.97,28.126,378499,0
2015-10-26,28.034,28.164,27.986,28.043,86096,0
2015-10-27,27.922,27.979,27.775,27.847,73396,0
2015-10-28,27.886,28.099,27.718,27.912,70169,0
2015-10-29,27.718,27.867,27.681,27.765,28626,0
2015-10-30,27.784,27.932,27.727,27.801,28951,0
2015-11-02,27.765,27.894,27.691,27.847,29713,0
2015-11-03,27.801,28.014,27.7,27.979,139260,0
2015-11-04,27.867,27.867,27.633,27.691,67351,0
2015-11-05,27.681,27.755,27.578,27.681,23030,0
2015-11-06,27.411,27.505,27.263,27.355,88033,0
2015-11-09,27.196,27.196,26.983,27.123,89271,0
2015-11-10,26.948,27.069,26.9,27.022,59514,0
2015-11-11,27.206,27.263,27.123,27.169,17326,0
2015-11-12,27.022,27.115,26.919,26.919,65110,0
2015-11-13,26.789,26.789,26.63,26.686,29596,0
2015-11-16,26.686,26.975,26.686,26.975,27227,0
2015-11-17,27.105,27.187,27.022,27.059,69845,0
2015-11-18,27.105,27.235,27.069,27.235,93845,0
2015-11-19,27.411,27.588,27.411,27.458,192532,0
2015-11-20,27.551,27.624,27.449,27.495,149269,0
2015-11-23,27.375,27.495,27.273,27.317,191564,0
2015-11-24,27.215,27.466,27.215,27.411,122040,0
2015-11-25,27.411,27.486,27.307,27.393,58543,0
2015-11-27,27.327,27.347,27.253,27.337,3767,0
2015-11-30,27.253,27.466,27.225,27.403,40035,0
2015-12-01,27.588,27.736,27.568,27.727,3278088,0
2015-12-02,27.578,27.653,27.393,27.505,153589,0
2015-12-03,27.596,27.596,27.29,27.449,68169,0
2015-12-04,27.495,27.606,27.421,27.588,51658,0
2015-12-07,27.43,27.513,27.215,27.375,124193,0
2015-12-08,27.012,27.132,26.948,27.012,252607,0
2015-12-09,27.022,27.225,26.864,27.012,49397,0
2015-12-10,26.993,27.105,26.88,26.88,63604,0
2015-12-11,26.585,26.686,26.454,26.482,154004,0
2015-12-14,26.537,26.648,26.306,26.537,161145,0
2015-12-15,26.696,26.752,26.593,26.705,67263,0
2015-12-16,26.798,27.04,26.696,26.9,131189,0
2015-12-17,26.855,26.864,26.585,26.621,117951,0
2015-12-18,26.645,26.739,26.495,26.55,76700,0
2015-12-21,27.014,27.014,26.522,26.701,89019,0
2015-12-22,26.758,26.824,26.589,26.796,173177,0
2015-12-23,26.949,27.118,26.88,27.072,233229,0
2015-12-24,27.202,27.202,27.024,27.135,95314,0
2015-12-28,26.995,27.073,26.91,26.967,133363,0
2015-12-29,27.221,27.411,27.221,27.315,113418,0
2015-12-30,27.288,27.364,27.192,27.295,67264,0
2015-12-31,27.241,27.241,26.976,27.052,24420,0
2016-01-04,26.54,27.979,26.379,26.579,63823,0
2016-01-05,26.579,26.579,26.352,26.465,20752,0
2016-01-06,26.087,26.258,26.078,26.171,18563,0
2016-01-07,25.792,25.993,25.691,25.802,130597,0
2016-01-08,25.822,25.856,25.586,25.595,43387,0
2016-01-11,25.764,25.767,25.427,25.576,132084,0
2016-01-12,25.652,25.774,25.472,25.671,82489,0
2016-01-13,25.774,25.887,25.253,25.348,158071,0
2016-01-14,25.341,25.606,25.18,25.482,342751,0
2016-01-15,24.906,24.961,24.668,24.857,248511,0
2016-01-19,25.083,25.131,24.857,24.951,108896,0
2016-01-20,24.639,24.809,24.243,24.639,90897,0
2016-01-21,24.534,24.941,24.379,24.823,176050,0
2016-01-22,25.263,25.357,25.16,25.357,45651,0
2016-01-25,25.253,25.253,25.056,25.073,74916,0
2016-01-26,25.18,25.456,25.16,25.405,158261,0
2016-01-27,25.377,25.643,25.217,25.321,117435,0
2016-01-28,25.606,25.623,25.386,25.586,98264,0
2016-01-29,25.755,26.031,25.681,26.021,120148,0
2016-02-01,25.887,26.146,25.887,26.067,48301,0
2016-02-02,25.926,25.926,25.586,25.662,161599,0
2016-02-03,25.954,26.097,25.641,26.097,65881,0
2016-02-04,26.115,26.228,26.022,26.155,43524,0
2016-02-05,26.106,26.106,25.755,25.832,22029,0
2016-02-08,25.586,25.586,25.311,25.377,51119,0
2016-02-09,25.236,25.452,25.14,25.348,41408,0
2016-02-10,25.501,25.615,25.291,25.291,38746,0
2016-02-11,25.131,25.198,24.941,25.131,72608,0
2016-02-12,25.18,25.435,25.003,25.396,38065,0
2016-02-16,25.774,25.96,25.596,25.841,40353,0
2016-02-17,25.973,26.285,25.936,26.238,50421,0
2016-02-18,26.266,26.342,26.087,26.248,918323,0
2016-02-19,26.077,26.37,26.05,26.258,305264,0
2016-02-22,26.455,26.681,26.455,26.597,730892,0
2016-02-23,26.389,26.429,26.183,26.209,195358,0
2016-02-24,25.936,26.322,25.822,26.209,46358,0
2016-02-25,26.295,26.522,26.238,26.522,24066,0
2016-02-26,26.645,26.645,26.323,26.443,54334,0
2016-02-29,26.379,26.522,26.332,26.37,39006,0
2016-03-01,26.617,26.9,26.597,26.9,124417,0
2016-03-02,26.749,26.872,26.617,26.834,127934,0
2016-03-03,26.919,27.099,26.863,27.072,75309,0
2016-03-04,27.174,27.345,27.033,27.211,35573,0
2016-03-07,27.25,27.309,26.995,27.211,65110,0
2016-03-08,27.08,27.203,27.014,27.024,129076,0
2016-03-09,27.231,27.421,27.202,27.295,40542,0
2016-03-10,27.392,27.429,27.052,27.164,147353,0
2016-03-11,27.515,27.761,27.506,27.676,44777,0
2016-03-14,27.628,27.714,27.55,27.628,57986,0
2016-03-15,27.467,27.534,27.354,27.534,279445,0
2016-03-16,27.439,27.949,27.43,27.941,104754,0
2016-03-17,28.045,28.318,27.987,28.31,190288,0
2016-03-18,28.397,28.397,28.169,28.169,69358,0
2016-03-21,28.112,28.283,28.065,28.179,65465,0
2016-03-22,27.98,28.131,27.894,28.104,75272,0
2016-03-23,28.007,28.007,27.772,27.856,52540,0
2016-03-24,27.658,27.791,27.592,27.782,68589,0
2016-03-28,28.065,28.084,27.772,27.846,62459,0
2016-03-29,27.942,28.235,27.828,28.218,78710,0
2016-03-30,28.425,28.605,28.355,28.501,20279,0
2016-03-31,28.474,28.596,28.33,28.37,90881,0
2016-04-01,27.951,28.283,27.912,28.255,39782,0
2016-04-04,28.33,28.33,28.15,28.189,36625,0
2016-04-05,27.961,27.961,27.697,27.838,38028,0
2016-04-06,27.971,28.169,27.846,28.16,29076,0
2016-04-07,28.017,28.017,27.782,27.8,66973,0
2016-04-08,28.179,28.226,27.912,27.98,519754,0
2016-04-11,28.245,28.303,28.146,28.169,28032,0
2016-04-12,28.303,28.557,28.189,28.474,1638678,0
2016-04-13,28.605,28.634,28.501,28.624,49504,0
2016-04-14,28.615,28.624,28.474,28.547,57593,0
2016-04-15,28.511,28.633,28.444,28.596,73875,0
2016-04-18,28.596,28.87,28.596,28.852,38285,0
2016-04-19,29.108,29.212,29.023,29.193,106281,0
2016-04-20,29.118,29.239,29.032,29.128,74013,0
2016-04-21,29.023,29.085,28.719,28.757,54095,0
2016-04-22,28.89,28.89,28.624,28.691,66794,0
2016-04-25,28.842,28.842,28.672,28.728,55243,0
2016-04-26,29.051,29.051,28.832,28.87,97989,0
2016-04-27,28.87,29.023,28.709,28.89,70074,0
2016-04-28,28.909,29.031,28.811,28.823,97612,0
2016-04-29,28.9,28.909,28.684,28.823,96883,0
2016-05-02,29.061,29.061,28.852,29.023,153208,0
2016-05-03,28.832,28.832,28.618,28.652,64220,0
2016-05-04,28.557,28.566,28.388,28.425,95818,0
2016-05-05,28.511,28.52,28.34,28.381,44292,0
2016-05-06,28.312,28.415,28.273,28.415,88453,0
2016-05-09,28.483,28.501,28.33,28.444,121922,0
2016-05-10,28.586,28.691,28.46,28.691,594789,0
2016-05-11,28.644,28.737,28.547,28.596,124061,0
2016-05-12,28.786,28.786,28.444,28.596,58663,0
2016-05-13,28.454,28.526,28.245,28.303,64107,0
2016-05-16,28.406,28.586,28.406,28.557,215810,0
2016-05-17,28.605,28.605,28.36,28.414,67217,0
2016-05-18,28.36,28.58,28.255,28.312,40312,0
2016-05-19,28.169,28.179,27.98,28.169,228001,0
2016-05-20,28.37,28.387,28.284,28.33,48782,0
2016-05-23,28.273,28.33,28.177,28.273,114191,0
2016-05-24,28.444,28.615,28.415,28.557,47477,0
2016-05-25,28.701,28.747,28.582,28.709,32332,0
2016-05-26,28.842,28.888,28.701,28.796,64951,0
2016-05-27,28.701,28.89,28.701,28.776,37309,0
2016-05-31,28.9,28.966,28.615,28.701,37145,0
2016-06-01,28.662,28.709,28.491,28.701,166976,0
2016-06-02,28.53,28.691,28.525,28.681,58524,0
2016-06-03,29.004,29.098,28.88,29.004,55266,0
2016-06-06,29.212,29.307,29.165,29.275,97831,0
2016-06-07,29.382,29.449,29.314,29.397,62084,0
2016-06-08,29.478,29.563,29.369,29.449,63192,0
2016-06-09,29.146,29.26,28.994,29.258,37961,0
2016-06-10,28.852,28.852,28.547,28.605,61435,0
2016-06-13,28.444,28.557,28.331,28.338,42544,0
2016-06-14,28.14,28.199,27.98,28.074,81710,0
2016-06-15,28.179,28.226,28.047,28.074,74588,0
2016-06-16,27.856,28.16,27.668,28.14,54654,0
2016-06-17,28.376,28.376,28.039,28.336,61075,0
2016-06-20,29.198,29.198,28.844,28.912,66175,0
2016-06-21,29.018,29.093,28.882,28.959,56568,0
2016-06-22,29.045,29.132,28.959,28.988,52127,0
2016-06-23,29.295,29.462,29.113,29.429,112780,0
2016-06-24,27.656,28.12,27.626,27.626,163946,0
2016-06-27,27.176,27.274,26.851,27.013,245225,0
2016-06-28,27.676,27.713,27.378,27.646,166196,0
2016-06-29,28.124,28.273,28.041,28.255,86432,0
2016-06-30,28.385,28.652,28.302,28.652,102160,0
2016-07-01,28.767,28.873,28.691,28.807,181901,0
2016-07-05,28.652,28.882,28.293,28.308,119156,0
2016-07-06,28.24,28.413,28.049,28.376,662100,0
2016-07-07,28.575,28.671,28.259,28.376,128711,0
2016-07-08,28.787,28.787,28.432,28.633,60473,0
2016-07-11,28.834,28.872,28.738,28.815,38317,0
2016-07-12,29.151,29.226,28.95,29.113,131700,0
2016-07-13,29.161,29.314,29.035,29.113,54331,0
2016-07-14,29.477,29.477,29.179,29.342,147179,0
2016-07-15,29.304,29.324,29.075,29.189,104110,0
2016-07-18,29.198,29.342,29.146,29.265,88927,0
2016-07-19,29.123,29.123,29.031,29.103,64429,0
2016-07-20,29.228,29.36,29.198,29.324,57548,0
2016-07-21,29.304,29.342,29.189,29.238,202506,0
2016-07-22,29.324,29.324,29.161,29.255,73231,0
2016-07-25,29.189,29.246,29.161,29.218,38446,0
2016-07-26,29.37,29.439,29.265,29.37,100711,0
2016-07-27,29.429,29.429,29.189,29.37,77502,0
2016-07-28,29.458,29.461,29.295,29.429,61418,0
2016-07-29,29.524,29.681,29.443,29.658,68196,0
2016-08-01,29.622,29.631,29.477,29.487,43797,0
2016-08-02,29.582,29.593,29.38,29.515,65491,0
2016-08-03,29.324,29.366,29.283,29.352,73608,0
2016-08-04,29.4,29.467,29.342,29.4,40285,0
2016-08-05,29.429,29.458,29.365,29.448,39692,0
2016-08-08,29.477,29.543,29.371,29.458,81150,0
2016-08-09,29.506,29.628,29.506,29.543,52687,0
2016-08-10,29.717,29.765,29.622,29.649,50838,0
2016-08-11,29.736,29.812,29.664,29.775,72111,0
2016-08-12,29.832,29.832,29.664,29.707,75924,0
2016-08-15,29.86,29.879,29.803,29.822,57799,0
2016-08-16,29.908,29.908,29.737,29.775,142718,0
2016-08-17,29.746,29.832,29.543,29.727,70121,0
2016-08-18,29.86,29.869,29.746,29.869,65144,0
2016-08-19,29.668,29.727,29.487,29.707,67424,0
2016-08-22,29.649,29.687,29.506,29.649,98817,0
2016-08-23,29.955,29.974,29.785,29.812,104408,0
2016-08-24,29.879,29.879,29.707,29.736,141550,0
2016-08-25,29.785,29.822,29.74,29.765,125685,0
2016-08-26,29.869,30.053,29.448,29.534,79894,0
2016-08-29,29.477,29.612,29.465,29.553,57725,0
2016-08-30,29.582,29.582,29.397,29.448,98436,0
2016-08-31,29.4,29.414,29.265,29.324,70593,0
2016-09-01,29.477,29.553,29.4,29.553,97252,0
2016-09-02,29.785,29.869,29.746,29.837,60881,0
2016-09-06,29.908,30.148,29.894,30.128,125702,0
2016-09-07,30.148,30.157,29.984,30.043,79933,0
2016-09-08,30.023,30.09,29.935,29.956,73938,0
2016-09-09,29.592,29.602,29.266,29.314,80474,0
2016-09-12,29.103,29.458,29.045,29.4,177801,0
2016-09-13,29.035,29.045,28.709,28.882,109173,0
2016-09-14,28.882,29.019,28.824,28.854,61495,0
2016-09-15,28.93,29.218,28.882,29.151,56916,0
2016-09-16,29.064,29.141,28.83,28.91,222979,0
2016-09-19,29.151,29.198,29.017,29.084,149625,0
2016-09-20,29.276,29.294,29.161,29.208,58510,0
2016-09-21,29.325,29.536,29.161,29.469,91155,0
2016-09-22,29.731,29.827,29.644,29.691,135476,0
2016-09-23,29.575,29.644,29.489,29.508,214787,0
2016-09-26,29.45,29.45,29.343,29.392,109665,0
2016-09-27,29.372,29.546,29.315,29.489,116141,0
2016-09-28,29.615,29.73,29.402,29.701,117157,0
2016-09-29,29.672,29.688,29.286,29.353,81916,0
2016-09-30,29.605,29.681,29.474,29.595,104656,0
2016-10-03,29.625,29.625,29.44,29.527,269098,0
2016-10-04,29.508,29.585,29.276,29.411,741096,0
2016-10-05,29.362,29.362,29.276,29.362,124815,0
2016-10-06,29.198,29.198,29.026,29.151,105849,0
2016-10-07,29.064,29.064,28.678,28.87,68725,0
2016-10-10,28.938,29.034,28.92,28.987,42695,0
2016-10-11,28.88,28.88,28.487,28.571,87447,0
2016-10-12,28.543,28.61,28.456,28.543,140947,0
2016-10-13,28.427,28.735,28.35,28.658,432867,0
2016-10-14,28.832,28.852,28.678,28.698,174566,0
2016-10-17,28.629,28.629,28.494,28.571,134211,0
2016-10-18,28.9,28.9,28.764,28.823,94515,0
2016-10-19,28.9,28.928,28.814,28.89,66694,0
2016-10-20,28.784,28.794,28.639,28.725,88158,0
2016-10-21,28.533,28.561,28.417,28.551,51332,0
2016-10-24,28.668,28.668,28.486,28.551,120922,0
2016-10-25,28.591,28.591,28.482,28.533,143971,0
2016-10-26,28.476,28.51,28.38,28.446,86766,0
2016-10-27,28.504,28.504,28.302,28.34,82893,0
2016-10-28,28.302,28.33,28.215,28.272,74469,0
2016-10-31,28.321,28.401,28.263,28.36,147196,0
2016-11-01,28.466,28.466,28.196,28.312,300489,0
2016-11-02,28.34,28.34,28.137,28.157,85941,0
2016-11-03,28.253,28.253,28.07,28.07,70295,0
2016-11-04,27.993,28.079,27.867,28.002,54683,0
2016-11-07,28.186,28.263,28.138,28.255,95312,0
2016-11-08,28.196,28.379,28.196,28.321,244617,0
2016-11-09,28.108,28.224,27.922,28.079,458871,0
2016-11-10,27.761,27.761,27.481,27.568,235838,0
2016-11-11,27.269,27.375,27.172,27.336,229131,0
2016-11-14,27.162,27.162,26.979,27.037,163011,0
2016-11-15,27.105,27.249,27.071,27.249,319355,0
2016-11-16,27.057,27.171,27.057,27.133,202990,0
2016-11-17,27.279,27.306,27.164,27.23,80318,0
2016-11-18,27.22,27.22,27.095,27.133,126400,0
2016-11-21,27.24,27.306,27.2,27.306,92859,0
2016-11-22,27.355,27.355,27.259,27.306,114328,0
2016-11-23,27.21,27.326,27.209,27.306,69877,0
2016-11-25,27.51,27.51,27.467,27.507,42052,0
2016-11-28,27.491,27.578,27.471,27.471,158574,0
2016-11-29,27.481,27.689,27.481,27.655,70441,0
2016-11-30,27.723,27.723,27.51,27.578,65701,0
2016-12-01,27.51,27.51,27.375,27.442,96955,0
2016-12-02,27.442,27.578,27.442,27.529,50312,0
2016-12-05,27.606,27.742,27.588,27.675,121415,0
2016-12-06,27.713,27.784,27.665,27.752,100435,0
2016-12-07,27.808,28.025,27.76,28.002,87596,0
2016-12-08,27.973,27.973,27.81,27.953,132936,0
2016-12-09,28.011,28.108,27.978,28.108,134823,0
2016-12-12,28.011,28.099,27.993,28.021,122575,0
2016-12-13,28.282,28.398,28.243,28.292,442039,0
2016-12-14,28.292,28.321,27.818,27.828,132164,0
2016-12-15,27.703,27.709,27.625,27.625,190476,0
2016-12-16,27.695,27.724,27.601,27.635,163099,0
2016-12-19,27.675,27.724,27.587,27.596,162465,0
2016-12-20,27.625,27.73,27.625,27.724,193227,0
2016-12-21,27.695,27.772,27.669,27.675,132885,0
2016-12-22,27.625,27.655,27.527,27.625,162882,0
2016-12-23,27.655,27.675,27.604,27.665,182929,0
2016-12-27,27.734,27.801,27.645,27.734,140340,0
2016-12-28,27.655,27.697,27.588,27.65,107691,0
2016-12-29,27.793,27.891,27.763,27.871,421075,0
2016-12-30,28.058,28.058,27.891,27.969,119333,0
2017-01-03,28.077,28.077,27.969,28.058,137284,0
2017-01-04,28.176,28.343,28.146,28.304,146833,0
2017-01-05,28.412,28.608,28.402,28.558,102952,0
2017-01-06,28.519,28.548,28.441,28.461,103865,0
2017-01-09,28.51,28.539,28.421,28.471,53899,0
2017-01-10,28.558,28.598,28.491,28.519,1147324,0
2017-01-11,28.5,28.721,28.444,28.697,157642,0
2017-01-12,28.765,28.765,28.578,28.657,292950,0
2017-01-13,28.735,28.775,28.659,28.765,91815,0
2017-01-17,28.765,28.942,28.735,28.795,210132,0
2017-01-18,28.755,28.785,28.568,28.601,157260,0
2017-01-19,28.618,28.618,28.491,28.598,93708,0
2017-01-20,28.637,28.716,28.603,28.716,75624,0
2017-01-23,28.706,28.795,28.642,28.795,105695,0
2017-01-24,28.854,28.992,28.837,28.942,100185,0
2017-01-25,28.952,29.091,28.913,29.08,121389,0
2017-01-26,28.962,29.002,28.903,28.952,112935,0
2017-01-27,29.04,29.08,28.913,29.002,109389,0
2017-01-30,28.795,28.883,28.755,28.883,73157,0
2017-01-31,28.982,29.07,28.923,29.07,402239,0
2017-02-01,29.12,29.12,28.942,29.042,195158,0
2017-02-02,29.139,29.207,29.075,29.11,106036,0
2017-02-03,29.227,29.296,29.139,29.236,69661,0
2017-02-06,29.07,29.07,28.972,29.05,126587,0
2017-02-07,29.08,29.109,29.03,29.1,210853,0
2017-02-08,29.149,29.227,29.122,29.207,90461,0
2017-02-09,29.354,29.354,29.269,29.316,86227,0
2017-02-10,29.306,29.412,29.276,29.374,223417,0
2017-02-13,29.404,29.424,29.344,29.394,83289,0
2017-02-14,29.384,29.424,29.234,29.344,56519,0
2017-02-15,29.246,29.474,29.246,29.473,72933,0
2017-02-16,29.483,29.522,29.434,29.502,67291,0
2017-02-17,29.502,29.584,29.502,29.571,38840,0
2017-02-21,29.522,29.571,29.473,29.571,115728,0
2017-02-22,29.541,29.669,29.502,29.659,65104,0
2017-02-23,29.788,29.788,29.729,29.768,62217,0
2017-02-24,29.631,29.669,29.581,29.631,114196,0
2017-02-27,29.641,29.739,29.571,29.631,126777,0
2017-02-28,29.621,29.699,29.543,29.591,163269,0
2017-03-01,29.631,29.729,29.494,29.679,160964,0
2017-03-02,29.493,29.531,29.434,29.434,73230,0
2017-03-03,29.473,29.561,29.394,29.561,87589,0
2017-03-06,29.532,29.532,29.449,29.502,69457,0
2017-03-07,29.493,29.512,29.424,29.502,41922,0
2017-03-08,29.463,29.463,29.316,29.316,68124,0
2017-03-09,29.384,29.394,29.305,29.354,100219,0
2017-03-10,29.512,29.551,29.463,29.537,103449,0
2017-03-13,29.611,29.669,29.591,29.659,72375,0
2017-03-14,29.512,29.512,29.454,29.483,98516,0
2017-03-15,29.522,29.945,29.522,29.945,61037,0
2017-03-16,30.062,30.069,29.983,30.033,101029,0
2017-03-17,30.096,30.164,30.027,30.096,110729,0
2017-03-20,30.096,30.116,30.005,30.039,59644,0
2017-03-21,30.214,30.234,29.909,29.929,159317,0
2017-03-22,29.84,30.027,29.82,29.987,57930,0
2017-03-23,29.987,30.156,29.958,30.076,63030,0
2017-03-24,30.155,30.19,30.096,30.145,50078,0
2017-03-27,30.116,30.273,30.116,30.234,194747,0
2017-03-28,30.292,30.361,30.244,30.283,98696,0
2017-03-29,30.254,30.342,30.204,30.322,87903,0
2017-03-30,30.312,30.421,30.244,30.273,108500,0
2017-03-31,30.244,30.351,30.244,30.302,71859,0
2017-04-03,30.263,30.263,30.086,30.254,274362,0
2017-04-04,30.178,30.302,30.164,30.273,74257,0
2017-04-05,30.273,30.371,30.224,30.254,85019,0
2017-04-06,30.312,30.342,30.241,30.292,40695,0
2017-04-07,30.234,30.298,30.214,30.234,62491,0
2017-04-10,30.224,30.305,30.221,30.292,80083,0
2017-04-11,30.332,30.387,30.214,30.352,124534,0
2017-04-12,30.411,30.499,30.383,30.479,80158,0
2017-04-13,30.469,30.505,30.332,30.381,76040,0
2017-04-17,30.519,30.598,30.479,30.578,52780,0
2017-04-18,30.441,30.484,30.328,30.479,186149,0
2017-04-19,30.441,30.441,30.261,30.287,69612,0
2017-04-20,30.479,30.547,30.455,30.509,66131,0
2017-04-21,30.421,30.464,30.391,30.45,69888,0
2017-04-24,30.844,30.893,30.794,30.864,86023,0
2017-04-25,30.903,31.021,30.903,30.972,50221,0
2017-04-26,30.922,30.974,30.864,30.893,96717,0
2017-04-27,30.913,30.922,30.783,30.883,80686,0
2017-04-28,30.893,30.901,30.824,30.864,700432,0
2017-05-01,31.079,31.079,30.922,30.942,77995,0
2017-05-02,31.041,31.129,31.031,31.099,69603,0
2017-05-03,31.089,31.118,31.002,31.021,76533,0
2017-05-04,31.071,31.159,31.051,31.149,133246,0
2017-05-05,31.129,31.404,31.115,31.366,93038,0
2017-05-08,31.286,31.286,31.215,31.267,70562,0
2017-05-09,31.257,31.257,31.139,31.159,160909,0
2017-05-10,31.218,31.286,31.183,31.208,74956,0
2017-05-11,31.129,31.174,31.061,31.109,78105,0
2017-05-12,31.129,31.274,31.129,31.237,53388,0
2017-05-15,31.366,31.429,31.286,31.394,93788,0
2017-05-16,31.513,31.543,31.438,31.503,290352,0
2017-05-17,31.356,31.444,31.214,31.247,103246,0
2017-05-18,31.208,31.326,31.198,31.277,166854,0
2017-05-19,31.464,31.615,31.434,31.552,71041,0
2017-05-22,31.681,31.731,31.661,31.709,71197,0
2017-05-23,31.798,31.806,31.658,31.661,43438,0
2017-05-24,31.681,31.808,31.649,31.759,63885,0
2017-05-25,31.838,31.887,31.789,31.798,68403,0
2017-05-26,31.769,31.795,31.708,31.739,50894,0
2017-05-30,31.691,31.789,31.661,31.769,69664,0
2017-05-31,31.867,31.957,31.788,31.798,76590,0
2017-06-01,31.956,32.034,31.895,32.024,78596,0
2017-06-02,32.192,32.266,32.086,32.251,232159,0
2017-06-05,32.173,32.173,32.089,32.094,78796,0
2017-06-06,32.084,32.138,32.061,32.103,107284,0
2017-06-07,32.143,32.173,31.986,32.054,82403,0
2017-06-08,31.976,31.976,31.896,31.954,97470,0
2017-06-09,31.896,32.033,31.821,31.916,37245,0
2017-06-12,31.818,31.818,31.749,31.807,36714,0
2017-06-13,32.044,32.123,32.005,32.103,67317,0
2017-06-14,32.31,32.33,32.061,32.123,85599,0
2017-06-15,31.838,31.976,31.781,31.946,69218,0
2017-06-16,32.137,32.226,32.031,32.226,47059,0
2017-06-19,32.196,32.345,32.196,32.276,59333,0
2017-06-20,32.177,32.246,31.998,31.998,62148,0
2017-06-21,31.888,32.005,31.839,31.878,56721,0
2017-06-22,31.948,32.003,31.92,31.938,58177,0
2017-06-23,31.938,32.054,31.882,32.018,115014,0
2017-06-26,32.147,32.206,32.028,32.067,80766,0
2017-06-27,32.067,32.126,31.958,32.037,81475,0
2017-06-28,32.206,32.345,32.113,32.336,323780,0
2017-06-29,32.216,32.216,31.938,32.067,190523,0
2017-06-30,32.107,32.132,31.958,32.107,132953,0
2017-07-03,32.147,32.147,31.948,31.988,103691,0
2017-07-05,31.799,31.938,31.719,31.898,94214,0
2017-07-06,31.759,31.809,31.69,31.709,92069,0
2017-07-07,31.7,31.819,31.62,31.799,94466,0
2017-07-10,31.719,31.878,31.719,31.849,71401,0
2017-07-11,31.729,31.839,31.642,31.779,66896,0
2017-07-12,31.938,32.157,31.89,32.097,81259,0
2017-07-13,32.177,32.24,32.125,32.206,95813,0
2017-07-14,32.316,32.475,32.31,32.425,84727,0
2017-07-17,32.435,32.455,32.316,32.365,58517,0
2017-07-18,32.465,32.47,32.374,32.47,72286,0
2017-07-19,32.624,32.713,32.595,32.703,63018,0
2017-07-20,32.703,32.822,32.623,32.743,58383,0
2017-07-21,32.743,32.773,32.639,32.763,63152,0
2017-07-24,32.713,32.723,32.594,32.713,49724,0
2017-07-25,32.872,32.872,32.693,32.713,51822,0
2017-07-26,32.793,32.972,32.683,32.902,65336,0
2017-07-27,32.981,32.991,32.721,32.813,35288,0
2017-07-28,32.813,32.882,32.729,32.882,72134,0
2017-07-31,32.862,32.905,32.758,32.862,41339,0
2017-08-01,33.031,33.071,32.912,32.942,188051,0
2017-08-02,32.952,33.021,32.882,32.963,111437,0
2017-08-03,33.001,33.083,32.942,32.981,120176,0
2017-08-04,32.942,32.952,32.849,32.902,53783,0
2017-08-07,32.832,32.902,32.793,32.842,181803,0
2017-08-08,32.832,32.892,32.753,32.822,60403,0
2017-08-09,32.673,32.733,32.635,32.713,42163,0
2017-08-10,32.594,32.594,32.425,32.435,49462,0
2017-08-11,32.435,32.514,32.385,32.485,58969,0
2017-08-14,32.564,32.696,32.564,32.604,67980,0
2017-08-15,32.524,32.574,32.455,32.524,59263,0
2017-08-16,32.614,32.813,32.614,32.763,47414,0
2017-08-17,32.693,32.723,32.465,32.504,57465,0
2017-08-18,32.614,32.643,32.495,32.594,48122,0
2017-08-21,32.654,32.712,32.534,32.654,44238,0
2017-08-22,32.713,32.813,32.712,32.813,65945,0
2017-08-23,32.634,32.832,32.594,32.793,83108,0
2017-08-24,32.793,32.832,32.684,32.713,199349,0
2017-08-25,32.713,32.892,32.678,32.862,56711,0
2017-08-28,32.862,32.922,32.774,32.793,71114,0
2017-08-29,32.703,32.793,32.634,32.728,66735,0
2017-08-30,32.673,32.729,32.642,32.663,95744,0
2017-08-31,32.822,33.008,32.745,32.991,90100,0
2017-09-01,33.091,33.158,32.952,33.021,72802,0
2017-09-05,33.021,33.022,32.773,32.902,80107,0
2017-09-06,32.932,33.095,32.932,33.051,80234,0
2017-09-07,33.27,33.358,33.23,33.26,37410,0
2017-09-08,33.339,33.434,33.31,33.359,69424,0
2017-09-11,33.439,33.48,33.389,33.438,46150,0
2017-09-12,33.498,33.498,33.339,33.349,147884,0
2017-09-13,33.329,33.329,33.151,33.22,52138,0
2017-09-14,33.111,33.25,33.091,33.19,36135,0
2017-09-15,33.23,33.302,33.19,33.21,48095,0
2017-09-18,33.35,33.39,33.156,33.27,109698,0
2017-09-19,33.28,33.359,33.215,33.346,107070,0
2017-09-20,33.34,33.4,33.068,33.185,83529,0
2017-09-21,33.08,33.19,33.068,33.11,53222,0
2017-09-22,33.18,33.29,33.13,33.19,54445,0
2017-09-25,33.14,33.2,33.021,33.136,48862,0
2017-09-26,33.04,33.07,32.936,33.02,57155,0
2017-09-27,32.85,33.005,32.85,32.92,136948,0
2017-09-28,32.97,33.11,32.8837,33.09,90718,0
2017-09-29,33.12,33.2,33.053,33.18,70180,0
2017-10-02,33.07,33.21,33.07,33.12,130038,0
2017-10-03,33.13,33.22,33.1135,33.205,47589,0
2017-10-04,33.12,33.21,33.12,33.198,100864,0
2017-10-05,33.15,33.23,33.1237,33.2,97761,0
2017-10-06,33.01,33.1599,33,33.14,58836,0
2017-10-09,33.18,33.203,33.0932,33.11,106193,0
2017-10-10,33.29,33.4064,33.29,33.34,2766228,0
2017-10-11,33.36,33.47,33.35,33.46,70068,0
2017-10-12,33.44,33.48,33.39,33.4208,260575,0
2017-10-13,33.57,33.57,33.49,33.52,55288,0
2017-10-16,33.49,33.496,33.42,33.43,81953,0
2017-10-17,33.36,33.43,33.32,33.43,55687,0
2017-10-18,33.45,33.56,33.43,33.51,74186,0
2017-10-19,33.45,33.574,33.4136,33.56,36446,0
2017-10-20,33.45,33.465,33.38,33.38,55716,0
2017-10-23,33.36,33.41,33.3103,33.34,66654,0
2017-10-24,33.31,33.36,33.28,33.31,78933,0
2017-10-25,33.28,33.2822,33.02,33.13,114703,0
2017-10-26,33.23,33.25,33.11,33.17,63976,0
2017-10-27,33.13,33.229,33.03,33.22,92829,0
2017-10-30,33.17,33.27,33.17,33.25,69293,0
2017-10-31,33.26,33.327,33.24,33.29,51350,0
2017-11-01,33.34,33.439,33.255,33.28,89283,0
2017-11-02,33.27,33.4,33.27,33.39,65559,0
2017-11-03,33.45,33.46,33.32,33.42,45842,0
2017-11-06,33.36,33.47,33.3585,33.47,50056,0
2017-11-07,33.3162,33.35,33.2681,33.35,59470,0
2017-11-08,33.43,33.51,33.35,33.5,66955,0
2017-11-09,33.3,33.45,33.261,33.45,110564,0
2017-11-10,33.33,33.36,33.231,33.33,100406,0
