Date,Open,High,Low,Close,Volume,OpenInt
2011-11-04,21.336,21.452,21.245,21.29,12183,0
2011-11-07,21.309,21.648,21.147,21.648,72888,0
2011-11-08,21.871,23.249,21.559,21.568,17106,0
2011-11-09,21.648,21.648,21.363,21.363,7937,0
2011-11-11,21.496,21.514,21.469,21.469,22313,0
2011-11-14,21.264,21.405,21.01,21.01,340954,0
2011-11-15,21.01,21.415,20.798,21.397,31858,0
2011-11-16,21.227,21.71,21.121,21.156,118903,0
2011-11-17,21.405,21.452,21.113,21.113,43148,0
2011-11-18,21.039,21.103,21.029,21.103,8274,0
2011-11-21,20.575,20.575,20.575,20.575,112,0
2011-11-25,19.591,19.985,19.546,19.591,17886,0
2011-11-28,20.262,20.262,20.199,20.199,19540,0
2011-11-30,21.02,21.603,21.02,21.603,63986,0
2011-12-01,21.62,21.639,21.245,21.245,18443,0
2011-12-02,21.496,21.98,21.496,21.952,1564,0
2011-12-05,21.881,21.935,21.881,21.926,2348,0
2011-12-08,21.853,21.853,21.254,21.264,38233,0
2011-12-09,21.648,22.079,21.551,21.987,21573,0
2011-12-12,21.559,21.701,21.433,21.692,34987,0
2011-12-13,22.024,22.042,21.147,21.299,63136,0
2011-12-14,21.174,21.504,21.077,21.147,51957,0
2011-12-15,21.514,21.568,21.355,21.487,43373,0
2011-12-16,21.604,22.033,21.452,21.533,126362,0
2011-12-19,21.808,21.808,21.039,21.129,10955,0
2011-12-20,21.568,22.033,21.568,22.005,22244,0
2011-12-21,21.926,22.292,21.853,22.292,130894,0
2011-12-22,22.614,22.988,22.524,22.712,23811,0
2011-12-23,22.712,22.765,22.561,22.596,63766,0
2011-12-27,22.454,22.828,22.399,22.793,29428,0
2011-12-28,22.73,22.73,22.301,22.31,12073,0
2011-12-29,22.659,22.758,22.596,22.73,16005,0
2011-12-30,22.586,22.706,22.439,22.439,13415,0
2012-01-03,23.296,23.296,22.927,23.006,20119,0
2012-01-04,22.838,23.176,22.659,23.09,23699,0
2012-01-05,22.856,23.741,22.848,23.553,40022,0
2012-01-06,23.169,23.545,23.16,23.492,136589,0
2012-01-09,23.597,23.803,23.426,23.793,17373,0
2012-01-10,24.134,24.287,23.974,23.974,11583,0
2012-01-11,23.93,23.93,23.661,23.822,11390,0
2012-01-12,23.99,24.117,23.75,24.08,104770,0
2012-01-13,23.717,23.99,23.708,23.948,49467,0
2012-01-17,24.314,24.314,23.767,23.897,15638,0
2012-01-19,23.912,23.93,23.767,23.841,167534,0
2012-01-20,23.966,24.215,23.859,24.215,10714,0
2012-01-23,24.054,24.297,24.054,24.127,4381,0
2012-01-24,24.08,24.099,23.868,24.054,13451,0
2012-01-25,24.108,24.215,24.099,24.179,6707,0
2012-01-26,24.153,24.242,23.381,23.606,44939,0
2012-01-27,23.528,23.679,23.528,23.679,12446,0
2012-01-30,23.57,23.689,23.57,23.597,2941,0
2012-01-31,23.721,23.739,23.608,23.655,18044,0
2012-02-01,23.938,24.144,23.938,24.099,29038,0
2012-02-02,24.206,24.386,24.034,24.304,53975,0
2012-02-03,24.769,24.958,24.572,24.941,91658,0
2012-02-06,24.86,24.86,24.563,24.563,1463,0
2012-02-07,24.476,24.671,24.476,24.671,649,0
2012-02-08,24.86,24.86,24.43,24.652,2962,0
2012-02-09,24.619,24.751,24.53,24.563,3373,0
2012-02-10,24.188,24.215,24.134,24.169,5703,0
2012-02-13,24.437,24.548,24.386,24.548,5812,0
2012-02-14,24.198,24.206,24.169,24.169,14533,0
2012-02-15,24.437,24.437,24.26,24.26,3801,0
2012-02-16,24.635,24.932,24.582,24.932,1564,0
2012-02-17,24.932,25.084,24.895,24.992,2906,0
2012-02-21,24.779,25.011,24.699,24.751,1343,0
2012-02-22,24.619,24.619,24.242,24.242,44595,0
2012-02-23,24.188,24.582,24.188,24.582,2010,0
2012-02-27,24.671,24.681,24.61,24.61,2514,0
2012-02-28,24.708,24.708,24.521,24.521,4876,0
2012-02-29,24.652,24.652,24.49,24.5,17886,0
2012-03-01,24.681,24.816,24.539,24.539,14020,0
2012-03-02,24.382,24.5,24.156,24.163,70649,0
2012-03-05,23.948,24.179,23.948,24.169,20233,0
2012-03-06,23.886,23.982,23.564,23.602,96570,0
2012-03-07,23.849,23.896,23.849,23.896,560,0
2012-03-08,23.896,24.236,23.896,24.136,21294,0
2012-03-09,24.807,24.807,24.618,24.634,67005,0
2012-03-12,24.582,24.592,24.555,24.555,3801,0
2012-03-13,24.852,25.314,24.852,25.314,46448,0
2012-03-14,25.623,25.679,25.314,25.54,31935,0
2012-03-15,25.709,26.068,25.709,26.022,38781,0
2012-03-16,26.347,26.347,26.112,26.129,15997,0
2012-03-19,26.32,26.625,25.811,26.607,904711,0
2012-03-20,26.256,26.32,25.972,26.166,51497,0
2012-03-21,26.112,26.256,26.085,26.12,6433,0
2012-03-22,25.737,25.991,25.486,25.679,21964,0
2012-03-23,25.728,25.849,25.712,25.84,2763,0
2012-03-26,26.038,26.228,26.001,26.183,2044,0
2012-03-27,26.247,26.256,26.12,26.139,5095,0
2012-03-28,26.085,26.085,25.911,26.038,12352,0
2012-03-29,25.84,26.066,25.831,26.066,20066,0
2012-03-30,26.143,26.143,25.794,25.823,5222,0
2012-04-02,25.982,26.085,25.972,26.038,3865,0
2012-04-03,25.991,26.047,25.867,26.038,39026,0
2012-04-04,25.55,25.586,25.496,25.503,4911,0
2012-04-05,25.358,25.358,25.25,25.25,34848,0
2012-04-09,24.799,24.934,24.799,24.861,2650,0
2012-04-10,25.15,25.15,24.354,24.435,7221,0
2012-04-11,24.69,24.844,24.69,24.826,4363,0
2012-04-12,24.944,25.278,24.944,25.223,71740,0
2012-04-13,24.634,24.69,24.443,24.453,275517,0
2012-04-16,24.426,24.554,24.426,24.554,1216,0
2012-04-17,25.333,25.413,25.304,25.304,2941,0
2012-04-18,25.051,25.051,24.897,24.897,1524,0
2012-04-19,25.014,25.106,24.751,24.852,5413,0
2012-04-20,25.159,25.231,25.106,25.106,3425,0
2012-04-23,24.734,24.734,24.734,24.734,775,0
2012-04-24,25.159,25.241,25.15,25.187,4529,0
2012-04-26,25.496,25.496,25.496,25.496,111,0
2012-04-30,25.41,25.469,25.41,25.469,1544,0
2012-05-01,25.384,25.384,25.384,25.384,111,0
2012-05-02,25.187,25.287,25.124,25.124,2322,0
2012-05-03,25.314,25.314,25.206,25.214,5522,0
2012-05-04,24.734,24.897,24.734,24.897,116810,0
2012-05-07,25.106,25.124,25.079,25.124,443,0
2012-05-08,25.051,25.088,25.051,25.088,775,0
2012-05-10,25.097,25.231,25.079,25.079,711,0
2012-05-11,25.005,25.051,25.005,25.051,1105,0
2012-05-14,24.734,24.807,24.718,24.807,1379,0
2012-05-15,24.751,24.751,24.734,24.734,882,0
2012-05-16,24.734,24.844,24.443,24.443,150991,0
2012-05-17,24.354,24.354,24.119,24.119,44627,0
2012-05-18,23.99,24.156,23.772,23.8,17122,0
2012-05-21,23.886,24.172,23.886,24.172,2871,0
2012-05-22,24.163,24.4,23.921,24.045,66876,0
2012-05-23,23.781,24.218,23.722,24.218,82842,0
2012-05-24,24.119,24.119,24.119,24.119,882,0
2012-05-25,24.491,24.491,24.363,24.463,18115,0
2012-05-29,24.571,24.571,24.272,24.509,4457,0
2012-05-30,24.263,24.263,24.035,24.035,54450,0
2012-05-31,23.839,24.166,23.703,24.149,250884,0
2012-06-01,23.652,23.652,23.125,23.125,32144,0
2012-06-04,23.032,23.032,22.733,22.733,101057,0
2012-06-05,22.769,22.769,22.724,22.743,1769,0
2012-06-06,23.143,23.143,23.143,23.143,17344,0
2012-06-07,23.544,23.544,23.544,23.544,882,0
2012-06-08,23.359,23.743,23.171,23.7,4310,0
2012-06-11,23.921,23.921,23.306,23.306,6673,0
2012-06-12,23.359,23.527,23.326,23.49,4308,0
2012-06-13,23.544,23.826,23.537,23.718,6630,0
2012-06-14,23.522,23.657,23.505,23.64,10936,0
2012-06-15,23.883,23.987,23.835,23.972,11982,0
2012-06-18,23.997,24.199,23.997,24.089,4178,0
2012-06-19,24.416,24.416,24.416,24.416,2199,0
2012-06-20,24.408,24.571,24.408,24.49,4154,0
2012-06-21,24.443,24.527,23.954,23.954,4178,0
2012-06-22,24.025,24.144,23.945,24.107,4341,0
2012-06-25,23.863,23.927,23.797,23.797,878,0
2012-06-26,23.855,23.855,23.855,23.855,330,0
2012-06-27,24.371,24.399,24.363,24.363,22071,0
2012-06-28,24.308,24.308,24.189,24.207,124610,0
2012-06-29,25.136,25.136,25.007,25.127,37149,0
2012-07-02,27.008,27.008,25.063,25.318,108195,0
2012-07-03,25.474,25.535,25.474,25.535,7029,0
2012-07-06,25.117,25.282,25.117,25.244,4472,0
2012-07-09,25.054,25.054,24.979,24.979,18688,0
2012-07-11,25.082,25.099,24.997,25.099,533,0
2012-07-12,24.917,24.917,24.917,24.917,273,0
2012-07-13,25.136,25.491,25.136,25.474,9125,0
2012-07-16,25.474,25.592,25.466,25.5,71230,0
2012-07-17,25.61,25.743,25.337,25.684,120886,0
2012-07-18,25.65,25.757,25.512,25.557,51898,0
2012-07-19,25.346,25.346,25.299,25.327,92777,0
2012-07-20,24.964,25.045,24.809,24.873,3736,0
2012-07-23,24.426,24.562,24.391,24.5,21423,0
2012-07-24,24.642,24.642,24.24,24.324,4876,0
2012-07-25,24.49,24.609,24.381,24.426,12697,0
2012-07-26,24.6,24.6,24.49,24.49,878,0
2012-07-27,24.718,24.908,24.709,24.908,1668,0
2012-07-30,24.917,24.917,24.718,24.718,6536,0
2012-07-31,24.808,24.89,24.689,24.698,34573,0
2012-08-01,24.652,24.652,24.652,24.652,117,0
2012-08-02,24.29,24.29,24.089,24.117,6121,0
2012-08-03,24.635,24.88,24.635,24.88,8570,0
2012-08-06,24.971,24.971,24.946,24.946,1259,0
2012-08-07,24.846,25.162,24.846,25.054,1582,0
2012-08-08,25.007,25.036,25.007,25.036,10336,0
2012-08-09,25.072,25.072,24.908,24.908,4365,0
2012-08-10,24.744,24.771,24.744,24.771,1548,0
2012-08-13,24.554,24.58,24.546,24.58,7015,0
2012-08-14,24.837,24.837,24.799,24.799,219,0
2012-08-15,25.007,25.036,24.937,25.036,669,0
2012-08-16,25.045,25.171,25.017,25.145,6463,0
2012-08-17,25.208,25.208,25.208,25.208,625,0
2012-08-20,25.474,25.482,25.474,25.474,127473,0
2012-08-22,25.346,25.346,25.208,25.208,659,0
2012-08-23,25.234,25.234,24.88,24.89,1761,0
2012-08-24,24.781,25.063,24.781,25.054,3557,0
2012-08-27,25.036,25.045,25.036,25.045,765,0
2012-08-28,25.117,25.117,25.117,25.117,111,0
2012-08-29,25.291,25.327,25.291,25.318,659,0
2012-08-30,25.272,25.318,25.272,25.318,1256,0
2012-08-31,25.477,25.477,25.32,25.32,2199,0
2012-09-04,25.365,25.689,25.365,25.659,20319,0
2012-09-05,25.42,25.595,25.42,25.585,2598,0
2012-09-06,25.904,26.07,25.895,26.07,1866,0
2012-09-07,26.298,26.298,26.288,26.288,878,0
2012-09-10,26.255,26.255,26.128,26.128,659,0
2012-09-11,26.137,26.137,26.137,26.137,385,0
2012-09-12,26.209,26.355,26.209,26.281,19786,0
2012-09-13,26.155,26.728,26.055,26.6,11921,0
2012-09-14,26.846,27.001,26.846,27.001,607,0
2012-09-17,26.728,26.728,26.626,26.636,8247,0
2012-09-18,26.774,26.774,26.655,26.655,6157,0
2012-09-19,26.809,26.809,26.672,26.672,1059,0
2012-09-20,26.363,26.5,26.363,26.435,57484,0
2012-09-21,26.69,26.718,26.518,26.518,4369,0
2012-09-24,26.345,26.555,26.345,26.555,656,0
2012-09-25,26.664,26.699,26.243,26.243,1203,0
2012-09-26,26.335,26.37,25.995,26.061,113423,0
2012-09-27,26.107,26.107,26.107,26.107,385,0
2012-09-28,26.172,26.172,26.016,26.016,17542,0
2012-10-02,26.042,26.042,25.923,25.923,2188,0
2012-10-03,25.967,26.169,25.967,25.995,6204,0
2012-10-04,26.08,26.253,26.08,26.243,4636,0
2012-10-05,26.582,26.582,26.388,26.388,7762,0
2012-10-09,25.995,26.042,25.959,26.013,8858,0
2012-10-11,26.206,26.206,26.153,26.188,8839,0
2012-10-12,25.895,25.941,25.614,25.614,2587,0
2012-10-15,25.469,25.485,25.31,25.31,27914,0
2012-10-16,25.42,25.477,24.972,24.972,97961,0
2012-10-17,25.669,25.669,25.191,25.41,16486,0
2012-10-18,25.365,25.485,25.365,25.485,858,0
2012-10-19,25.33,25.33,25.073,25.182,6531,0
2012-10-22,25.31,25.31,25.31,25.31,108,0
2012-10-23,25.007,25.256,25.007,25.256,2814,0
2012-10-24,25.246,25.42,25.246,25.42,5099,0
2012-10-25,25.548,25.659,25.293,25.485,3392,0
2012-10-26,25.4,25.4,25.372,25.372,1050,0
2012-11-01,25.696,25.696,25.469,25.502,982,0
2012-11-02,25.604,25.604,25.163,25.163,456,0
2012-11-05,25.1,25.246,25.1,25.246,520,0
2012-11-06,25.469,25.557,25.469,25.512,12657,0
2012-11-07,24.752,24.79,24.569,24.569,25145,0
2012-11-08,24.67,24.67,24.24,24.24,5146,0
2012-11-09,24.176,24.516,24.176,24.341,2001,0
2012-11-12,24.368,24.368,24.368,24.368,108,0
2012-11-13,24.341,24.341,24.011,24.03,2218,0
2012-11-14,24.149,24.149,23.674,23.674,793,0
2012-11-15,23.628,23.772,23.571,23.638,5515,0
2012-11-16,23.645,23.781,23.492,23.721,2297,0
2012-11-19,24.277,24.277,24.213,24.24,801,0
2012-11-20,24.195,24.525,24.195,24.46,8971,0
2012-11-26,24.955,24.979,24.908,24.979,973,0
2012-11-27,24.927,24.927,24.88,24.88,12141,0
2012-11-28,24.488,24.79,24.469,24.79,108508,0
2012-11-29,25.054,25.054,24.946,25.017,55516,0
2012-11-30,24.915,24.935,24.915,24.935,28188,0
2012-12-03,25.064,25.064,24.937,24.972,19197,0
2012-12-04,24.827,24.908,24.724,24.899,1171,0
2012-12-05,24.863,25.007,24.863,24.964,1386,0
2012-12-06,24.89,24.89,24.89,24.89,6344,0
2012-12-07,24.79,24.79,24.79,24.79,218,0
2012-12-10,24.88,24.937,24.808,24.836,1399,0
2012-12-11,25.073,25.082,25.045,25.045,706,0
2012-12-12,25.109,25.109,25.109,25.109,175,0
2012-12-13,24.899,24.899,24.818,24.818,327,0
2012-12-14,24.752,24.78,24.66,24.66,3937,0
2012-12-17,25.163,25.163,25.163,25.163,218,0
2012-12-18,25.265,25.485,25.265,25.485,9349,0
2012-12-19,25.53,25.65,25.53,25.65,1011,0
2012-12-20,25.696,25.747,25.696,25.738,673,0
2012-12-21,25.583,25.583,25.509,25.583,1494,0
2012-12-24,25.621,25.621,25.417,25.436,1407,0
2012-12-26,25.407,25.407,25.378,25.378,436,0
2012-12-27,25.306,25.37,24.882,25.37,15261,0
2012-12-28,25.067,25.306,25.067,25.297,950,0
2012-12-31,25.239,25.287,25.184,25.184,5215,0
2013-01-02,25.968,26.199,25.86,26.199,1165,0
2013-01-03,26.33,26.495,26.275,26.495,22450,0
2013-01-04,26.604,26.799,26.595,26.789,2624,0
2013-01-07,26.604,26.604,26.495,26.587,1900,0
2013-01-08,26.421,26.476,26.382,26.421,1762,0
2013-01-09,26.542,26.577,26.339,26.339,39324,0
2013-01-10,26.372,26.495,26.366,26.495,488,0
2013-01-11,26.339,26.339,26.043,26.181,129118,0
2013-01-14,26.154,26.339,26.154,26.32,3530,0
2013-01-15,26.402,26.448,26.366,26.448,2448,0
2013-01-16,26.458,26.604,26.429,26.577,2927,0
2013-01-17,26.734,26.853,26.734,26.844,1194,0
2013-01-18,26.862,26.87,26.677,26.734,46520,0
2013-01-22,26.826,26.99,26.826,26.99,2213,0
2013-01-23,26.937,26.937,26.853,26.853,8361,0
2013-01-24,26.799,26.799,26.696,26.744,324,0
2013-01-25,26.78,26.78,26.604,26.686,1877,0
2013-01-28,26.862,26.862,26.853,26.853,652,0
2013-01-29,26.853,26.928,26.826,26.826,1573,0
2013-01-30,26.862,26.919,26.734,26.744,3883,0
2013-01-31,26.758,26.951,26.748,26.831,92776,0
2013-02-01,27.102,27.185,27.047,27.185,3943,0
2013-02-04,27.112,27.112,26.89,26.937,33594,0
2013-02-05,27.112,27.112,27.057,27.057,1194,0
2013-02-06,27.047,27.213,27.047,27.185,4617,0
2013-02-07,27.064,27.307,27.064,27.25,3943,0
2013-02-08,27.37,27.389,27.307,27.351,16559,0
2013-02-11,27.379,27.389,27.342,27.389,1719,0
2013-02-12,27.506,27.609,27.424,27.609,3182,0
2013-02-13,27.626,27.671,27.609,27.616,3872,0
2013-02-14,27.7,27.7,27.636,27.636,686,0
2013-02-15,27.626,27.681,27.609,27.681,1266,0
2013-02-19,27.681,27.848,27.681,27.813,11169,0
2013-02-20,27.727,27.737,27.727,27.737,760,0
2013-02-21,27.497,27.497,27.176,27.203,1139,0
2013-02-22,27.389,27.488,27.37,27.488,35168,0
2013-02-25,27.424,27.424,26.937,26.937,14944,0
2013-02-26,27.074,27.074,26.89,26.98,1422,0
2013-02-27,27.25,27.325,27.25,27.325,836,0
2013-02-28,27.275,27.422,27.256,27.33,3584,0
2013-03-01,27.227,27.323,27.137,27.283,2792,0
2013-03-04,27.434,27.434,27.434,27.434,107,0
2013-03-05,27.793,27.802,27.606,27.735,4680,0
2013-03-06,27.793,27.793,27.58,27.58,7209,0
2013-03-07,27.93,28.04,27.93,28.04,3694,0
2013-03-08,28.318,28.318,27.985,28.114,7094,0
2013-03-11,29,29,28.059,28.115,60261,0
2013-03-12,28.114,28.123,28.022,28.032,4203,0
2013-03-13,28.123,28.226,28.123,28.199,2607,0
2013-03-14,35.302,37.306,28.179,28.55,19647,0
2013-03-15,28.686,28.734,28.676,28.724,2810,0
2013-03-18,28.513,28.522,28.457,28.473,2006,0
2013-03-19,28.816,28.816,28.437,28.465,6204,0
2013-03-20,28.706,28.763,28.647,28.744,3825,0
2013-03-21,28.639,28.639,28.503,28.578,1178,0
2013-03-22,28.55,28.647,28.531,28.647,17188,0
2013-03-25,28.754,28.754,28.55,28.604,3798,0
2013-03-26,28.667,28.686,28.667,28.676,1083,0
2013-03-27,28.594,28.754,28.594,28.734,16294,0
2013-03-28,28.744,28.744,28.63,28.696,22577,0
2013-04-01,28.418,28.418,28.132,28.235,2282,0
2013-04-02,28.391,28.418,28.04,28.04,6637,0
2013-04-03,27.838,27.855,27.589,27.589,76709,0
2013-04-04,27.67,27.846,27.58,27.846,8304,0
2013-04-05,27.512,27.793,27.402,27.793,154898,0
2013-04-08,27.838,27.985,27.532,27.985,35214,0
2013-04-09,27.949,27.959,27.773,27.959,2625,0
2013-04-10,28.04,28.208,28.04,28.208,650,0
2013-04-11,28.226,28.28,28.114,28.114,26091,0
2013-04-12,27.949,27.949,27.873,27.873,7411,0
2013-04-15,27.873,27.873,26.793,26.793,8338,0
2013-04-16,27.237,27.339,27.237,27.339,1136,0
2013-04-17,26.821,26.976,26.802,26.895,13033,0
2013-04-18,26.69,26.866,26.69,26.748,77286,0
2013-04-19,26.69,27.117,26.69,26.848,27084,0
2013-04-22,26.985,27.137,26.802,27.107,21323,0
2013-04-23,27.339,27.475,27.145,27.475,2437,0
2013-04-24,27.512,27.725,27.485,27.725,16992,0
2013-04-25,27.829,27.829,27.67,27.679,7630,0
2013-04-29,27.571,27.614,27.571,27.614,490,0
2013-04-30,27.681,27.719,27.671,27.7,7550,0
2013-05-01,27.274,27.293,27.098,27.107,12308,0
2013-05-02,27.137,27.465,27.137,27.347,66023,0
2013-05-03,27.855,27.855,27.783,27.811,1309,0
2013-05-06,27.994,28.04,27.994,28.04,323,0
2013-05-07,28.28,28.418,28.179,28.418,20216,0
2013-05-08,28.473,28.587,28.401,28.587,45695,0
2013-05-09,28.473,28.483,28.408,28.408,23120,0
2013-05-10,28.318,28.373,28.318,28.373,1189,0
2013-05-13,28.244,28.594,28.244,28.465,28707,0
2013-05-14,28.744,28.798,28.744,28.798,3083,0
2013-05-15,28.9,29.086,28.872,28.992,39620,0
2013-05-16,29.149,29.186,29.149,29.186,21734,0
2013-05-17,29.176,29.351,29.169,29.351,27144,0
2013-05-20,29.52,29.602,29.314,29.539,109097,0
2013-05-21,29.657,30.028,29.417,29.49,12339,0
2013-05-22,29.695,29.695,28.948,29.029,8651,0
2013-05-23,29.194,29.194,28.808,28.964,19020,0
2013-05-24,28.852,29.076,28.825,29.076,3586,0
2013-05-28,29.408,29.685,29.314,29.51,93602,0
2013-05-29,29.474,29.484,29.186,29.289,33604,0
2013-05-30,29.627,29.627,29.241,29.453,1361,0
2013-05-31,29.3,29.383,29.086,29.086,10933,0
2013-06-03,29.176,29.288,28.852,29.149,2465,0
2013-06-04,29.232,29.232,29.14,29.14,1514,0
2013-06-05,28.815,28.9,28.529,28.567,3280,0
2013-06-06,28.704,28.704,28.628,28.645,974,0
2013-06-07,29.077,29.077,28.974,28.974,974,0
2013-06-10,29.231,29.379,29.169,29.341,17883,0
2013-06-11,29.039,29.16,29.019,29.067,25126,0
2013-06-12,29.129,29.129,28.734,28.779,7550,0
2013-06-13,28.696,29.139,28.696,29.139,336,0
2013-06-14,28.77,28.77,28.77,28.77,514,0
2013-06-17,28.891,28.891,28.816,28.816,2488,0
2013-06-18,28.842,29.195,28.842,29.195,865,0
2013-06-19,29.15,29.15,29.048,29.13,111159,0
2013-06-20,28.752,29.13,28.752,28.956,87981,0
2013-06-21,29.077,29.334,28.928,29.315,89179,0
2013-06-24,29.381,29.381,29.058,29.195,16495,0
2013-06-25,29.363,29.604,29.28,29.604,6853,0
2013-06-26,29.957,30.078,29.679,29.774,92266,0
2013-06-27,29.931,30.348,29.912,30.329,43582,0
2013-06-28,30.227,30.441,30.181,30.338,16471,0
2013-07-01,30.74,31.128,30.596,30.931,22321,0
2013-07-02,31.016,31.58,30.923,31.232,98957,0
2013-07-03,31.284,31.453,31.099,31.407,13752,0
2013-07-05,31.852,32.091,31.684,32.091,7748,0
2013-07-08,32.382,32.4,32.224,32.224,14435,0
2013-07-09,32.632,32.632,31.954,32.4,50704,0
2013-07-10,32.548,32.548,31.974,32.091,20129,0
2013-07-11,32.466,32.466,31.574,31.6,23929,0
2013-07-12,31.703,32.038,31.638,32.01,15360,0
2013-07-15,32.363,32.363,32.048,32.232,10315,0
2013-07-16,32.249,32.288,31.61,32.001,59597,0
2013-07-17,31.991,32.307,31.991,32.232,53318,0
2013-07-18,32.575,32.911,32.575,32.837,22260,0
2013-07-19,32.92,33.041,32.78,33.041,21420,0
2013-07-22,33.097,33.392,33.002,33.273,27941,0
2013-07-23,33.217,33.616,33.217,33.541,11749,0
2013-07-24,33.727,33.942,33.636,33.7,30673,0
2013-07-25,33.792,33.792,33.431,33.514,142598,0
2013-07-26,33.7,33.7,33.244,33.336,15096,0
2013-07-29,33.31,33.31,32.883,32.992,21039,0
2013-07-30,33.134,33.282,33.012,33.061,5221,0
2013-07-31,33.153,33.7,33.144,33.144,71211,0
2013-08-01,33.273,33.905,33.273,33.829,18953,0
2013-08-02,33.942,33.942,33.506,33.766,68326,0
2013-08-05,33.801,33.932,33.569,33.839,22081,0
2013-08-06,33.839,33.887,33.468,33.477,4095,0
2013-08-07,33.365,33.365,33.061,33.199,13791,0
2013-08-08,33.523,33.569,33.273,33.282,14429,0
2013-08-09,33.356,33.384,33.124,33.124,12592,0
2013-08-12,32.966,33.263,32.966,33.097,11409,0
2013-08-13,33.041,33.263,32.892,33.263,6372,0
2013-08-14,33.346,33.346,33.254,33.254,1561,0
2013-08-15,33.012,33.061,32.827,32.892,12244,0
2013-08-16,32.808,33.292,32.808,33.022,4408,0
2013-08-19,32.52,33.051,32.52,32.75,6583,0
2013-08-20,32.707,33.292,32.641,33.217,6463,0
2013-08-21,33.217,33.227,32.857,33.079,14843,0
2013-08-22,33.431,36.775,33.012,33.532,2664,0
2013-08-23,33.569,33.569,33.191,33.336,3979,0
2013-08-26,32.651,33.422,32.651,33.041,41746,0
2013-08-27,32.732,32.732,31.898,31.908,70809,0
2013-08-28,31.871,32.188,31.871,32.057,10403,0
2013-08-29,32.111,32.363,32.111,32.224,3425,0
2013-08-30,32.082,32.082,31.674,31.674,5113,0
2013-09-03,31.859,32.381,31.208,31.46,116763,0
2013-09-04,31.578,31.84,31.534,31.607,5843,0
2013-09-05,31.822,31.952,31.756,31.887,32807,0
2013-09-06,32.056,32.056,31.534,31.784,7561,0
2013-09-09,31.852,32.072,31.75,32.072,5057,0
2013-09-10,32.064,32.287,32.064,32.287,5108,0
2013-09-11,32.205,32.317,32.141,32.179,2506,0
2013-09-12,32.091,32.197,31.991,32.01,14310,0
2013-09-13,32.036,32.072,31.859,32.046,7661,0
2013-09-16,32.4,32.4,32.111,32.159,2512,0
2013-09-17,32.231,32.389,32.231,32.389,3105,0
2013-09-18,32.574,32.847,32.538,32.556,7406,0
2013-09-19,31.775,31.859,31.635,31.849,12717,0
2013-09-20,31.775,32.333,31.775,32.277,11877,0
2013-09-23,32.036,32.072,31.896,32.056,2077,0
2013-09-24,32.026,32.438,32.026,32.399,3131,0
2013-09-25,32.277,32.548,32.277,32.447,5090,0
2013-09-26,32.428,32.511,32.178,32.231,3323,0
2013-09-27,32.362,32.372,32.297,32.333,2781,0
2013-09-30,31.999,32.511,31.971,32.482,13127,0
2013-10-01,32.492,32.976,32.492,32.976,2991,0
2013-10-02,32.769,32.769,32.612,32.632,15781,0
2013-10-03,32.602,32.602,32.362,32.482,6359,0
2013-10-04,32.651,32.74,32.641,32.715,592,0
2013-10-07,32.428,32.428,32.203,32.203,2132,0
2013-10-08,32.139,32.139,32.036,32.036,553,0
2013-10-09,32.056,32.268,32.026,32.268,34591,0
2013-10-10,32.622,32.837,32.622,32.818,1971,0
2013-10-11,32.866,33.507,32.866,33.507,5178,0
2013-10-14,33.637,33.729,33.533,33.719,2518,0
2013-10-15,33.702,33.749,33.507,33.507,4954,0
2013-10-16,33.666,34.084,33.647,33.924,4034,0
2013-10-17,33.778,34.065,33.768,33.924,3286,0
2013-10-18,34.279,34.464,34.279,34.279,967,0
2013-10-21,34.308,34.53,34.308,34.418,19274,0
2013-10-22,34.4,34.576,34.4,34.558,9181,0
2013-10-23,34.539,34.633,34.474,34.595,5148,0
2013-10-24,34.724,34.724,34.706,34.706,246,0
2013-10-25,34.733,34.733,34.689,34.706,1570,0
2013-10-28,34.831,35.043,34.831,34.948,3246,0
2013-10-29,34.986,34.986,34.986,34.986,145,0
2013-10-30,34.902,34.958,34.773,34.831,7793,0
2013-10-31,34.773,34.773,34.52,34.53,2471,0
2013-11-01,34.221,34.221,34.017,34.177,8662,0
2013-11-04,34.363,34.363,34.269,34.298,15103,0
2013-11-05,34.511,34.511,34.428,34.428,609,0
2013-11-06,34.502,34.615,34.484,34.595,4925,0
2013-11-07,34.567,34.567,34.567,34.567,106,0
2013-11-08,34.812,35.425,34.812,35.406,438249,0
2013-11-11,35.507,35.507,35.087,35.106,5064,0
2013-11-12,35.062,35.062,34.605,34.716,8138,0
2013-11-13,34.67,34.976,34.67,34.976,1949,0
2013-11-14,34.948,35.199,34.948,35.199,4351,0
2013-11-15,35.033,35.033,34.931,35.013,3652,0
2013-11-18,35.071,35.396,34.958,35.052,7553,0
2013-11-19,34.922,35.144,34.876,34.885,2311,0
2013-11-20,35.033,35.144,34.966,34.976,4145,0
2013-11-21,35.572,35.788,35.572,35.711,5142,0
2013-11-22,35.648,36.076,35.648,36.066,3907,0
2013-11-25,36.362,36.411,36.048,36.242,7572,0
2013-11-26,36.372,36.515,36.261,36.515,18175,0
2013-11-27,37.628,37.628,36.419,36.688,5694,0
2013-11-29,37.37,37.37,36.662,36.688,5543,0
2013-12-02,36.68,36.784,36.223,36.281,1742,0
2013-12-03,36,36.213,35.553,35.731,18073,0
2013-12-04,35.898,36.048,35.656,35.888,4187,0
2013-12-05,35.953,35.953,35.711,35.852,3206,0
2013-12-06,36.309,36.672,36.309,36.543,4742,0
2013-12-09,36.552,36.552,36.3,36.3,5358,0
2013-12-10,36.401,36.411,35.88,35.953,37280,0
2013-12-11,36.019,36.019,35.425,35.425,5661,0
2013-12-12,35.592,35.702,35.497,35.702,4974,0
2013-12-13,35.806,35.806,35.601,35.675,3639,0
2013-12-16,35.925,36.204,35.824,36.204,3800,0
2013-12-17,36.392,36.392,35.88,35.925,4143,0
2013-12-18,35.918,36.475,35.861,36.475,217177,0
2013-12-19,36.401,36.401,36.185,36.185,16374,0
2013-12-20,36.333,36.782,36.333,36.782,2167,0
2013-12-23,38.477,38.477,36.903,37.334,4767,0
2013-12-24,37.569,37.612,37.343,37.343,2167,0
2013-12-26,37.55,37.55,37.343,37.4,3378,0
2013-12-27,37.296,37.363,37.203,37.334,8059,0
2013-12-30,37.185,37.203,37.07,37.07,2220,0
2013-12-31,37.185,37.248,37.148,37.148,58610,0
2014-01-02,38.683,38.683,36.574,36.64,4024,0
2014-01-03,36.65,36.724,36.54,36.678,17024,0
2014-01-06,36.817,36.817,36.358,36.358,9209,0
2014-01-07,36.734,36.79,36.54,36.574,3054,0
2014-01-08,36.54,36.685,36.54,36.65,1177,0
2014-01-09,36.959,36.968,36.66,36.883,7956,0
2014-01-10,36.826,36.893,36.678,36.808,5138,0
2014-01-13,36.754,36.754,36.35,36.35,18300,0
2014-01-14,36.377,36.612,36.377,36.565,6689,0
2014-01-15,36.678,36.941,36.678,36.754,31080,0
2014-01-16,36.481,36.481,36.341,36.387,1666,0
2014-01-17,36.208,36.714,36.208,36.65,5469,0
2014-01-21,37.128,37.622,37.128,37.372,7885,0
2014-01-22,37.523,37.776,37.513,37.776,4647,0
2014-01-23,37.211,37.229,36.845,37.118,6660,0
2014-01-24,37.138,37.138,36.462,36.593,11539,0
2014-01-27,36.574,36.602,36.136,36.208,5298,0
2014-01-28,36.189,36.189,35.89,35.983,5867,0
2014-01-29,35.769,35.825,35.263,35.263,8271,0
2014-01-30,35.328,35.703,35.328,35.703,2102,0
2014-01-31,35.131,35.31,35.049,35.067,5571,0
2014-02-03,35.039,35.039,33.69,33.707,29963,0
2014-02-04,33.707,34.438,33.707,34.26,3091,0
2014-02-05,34.131,34.203,33.988,34.151,3784,0
2014-02-06,34.093,34.364,34.093,34.355,5261,0
2014-02-07,34.654,34.654,34.308,34.364,2172,0
2014-02-10,34.221,34.476,34.221,34.476,607,0
2014-02-11,34.737,34.737,34.597,34.597,349,0
2014-02-12,34.982,35.534,34.963,34.963,4456,0
2014-02-13,34.767,35.049,34.654,35.049,13421,0
2014-02-14,35.244,35.244,35.244,35.244,789,0
2014-02-18,35.244,35.497,35.244,35.385,3511,0
2014-02-19,35.234,35.263,34.796,34.917,1840,0
2014-02-20,34.193,34.514,34.193,34.466,2433,0
2014-02-21,34.336,34.806,34.336,34.709,5643,0
2014-02-24,34.7,35.441,34.7,35.434,1726,0
2014-02-25,35.328,35.328,35.169,35.169,2044,0
2014-02-26,35.123,35.798,35.123,35.703,5846,0
2014-02-27,35.62,35.825,35.506,35.807,1540,0
2014-02-28,36.593,36.602,36.377,36.387,11283,0
2014-03-03,36.05,36.079,35.872,36.079,5995,0
2014-03-04,37.166,37.166,37.166,37.166,1660,0
2014-03-05,37.118,37.118,36.855,36.865,3075,0
2014-03-06,37.138,37.229,37.138,37.157,7024,0
2014-03-07,37.372,37.588,37.372,37.444,5854,0
2014-03-10,37.622,37.622,37.436,37.532,216592,0
2014-03-11,37.454,37.454,37.286,37.382,1534,0
2014-03-12,37.305,37.314,37.157,37.277,2696,0
2014-03-13,37.41,37.473,36.959,37.203,4063,0
2014-03-14,37.014,37.353,37.014,37.353,1991,0
2014-03-17,37.523,37.578,37.503,37.578,958,0
2014-03-18,37.541,37.784,37.523,37.659,2691,0
2014-03-19,37.688,37.894,37.688,37.885,3024,0
2014-03-20,38.437,38.606,38.384,38.606,4825,0
2014-03-21,38.751,38.958,38.403,38.47,5475,0
2014-03-24,38.563,38.599,38.236,38.246,2263,0
2014-03-25,38.095,38.246,38.066,38.189,6988,0
2014-03-26,38,38.206,37.606,37.606,17586,0
2014-03-27,37.532,37.661,36.826,36.826,5197,0
2014-03-28,37.315,37.315,36.912,36.912,1053,0
2014-03-31,37.1,37.642,37.1,37.642,8333,0
2014-04-01,37.633,38.18,37.504,38.18,3879,0
2014-04-02,38.302,38.489,38.236,38.32,2594,0
2014-04-03,38.256,38.339,38.198,38.256,3238,0
2014-04-04,38.226,38.226,37.514,37.514,456,0
2014-04-07,37.034,37.139,36.903,37.044,3059,0
2014-04-08,37.044,37.149,36.883,36.968,19538,0
2014-04-09,36.922,36.922,36.631,36.631,3013,0
2014-04-10,36.704,36.704,35.739,35.739,18420,0
2014-04-11,35.308,35.655,35.091,35.495,12771,0
2014-04-14,35.59,35.71,35.364,35.486,3691,0
2014-04-15,35.778,35.778,35.12,35.599,18010,0
2014-04-16,35.609,35.834,35.609,35.806,9379,0
2014-04-17,35.909,36.197,35.824,36.197,4666,0
2014-04-21,36.17,36.236,35.909,35.909,9108,0
2014-04-22,36.03,36.294,36.03,36.106,17547,0
2014-04-23,36.097,36.136,36.03,36.136,1961,0
2014-04-24,35.739,36.275,35.664,35.664,1789,0
2014-04-25,35.252,35.252,34.868,34.868,7850,0
2014-04-28,34.832,35.026,34.389,34.389,4186,0
2014-04-29,34.849,34.969,34.566,34.575,16997,0
2014-04-30,34.266,34.67,34.147,34.651,6042,0
2014-05-01,34.501,34.734,34.435,34.623,15309,0
2014-05-02,34.914,35.223,34.614,34.651,5149,0
2014-05-05,34.453,34.453,34.137,34.322,1137,0
2014-05-06,34.443,34.443,33.901,33.901,2948,0
2014-05-07,33.91,34.175,33.599,34.175,4645,0
2014-05-08,34.117,34.435,33.985,34.041,15700,0
2014-05-09,33.844,34.322,33.806,34.322,2804,0
2014-05-12,34.859,35.11,34.859,35.081,5682,0
2014-05-13,34.979,34.979,34.575,34.575,7447,0
2014-05-14,34.614,34.614,33.731,33.731,1811,0
2014-05-15,33.712,33.712,33.599,33.629,1473,0
2014-05-16,33.619,33.667,33.206,33.402,3447,0
2014-05-19,33.384,33.965,33.384,33.893,18335,0
2014-05-20,33.741,33.965,33.619,33.77,2042,0
2014-05-21,34.012,34.012,33.731,34.003,3325,0
2014-05-22,34.208,34.246,34.208,34.246,443,0
2014-05-23,34.217,34.36,34.199,34.342,5099,0
2014-05-27,34.482,34.849,34.482,34.754,12085,0
2014-05-28,34.379,34.633,34.379,34.557,2052,0
2014-05-29,34.548,34.575,34.369,34.416,5819,0
2014-05-30,34.651,34.651,34.36,34.36,1007,0
2014-06-02,34.342,34.868,34.208,34.868,9749,0
2014-06-03,34.989,35.064,34.989,35.046,1412,0
2014-06-04,35.006,35.072,34.997,35.006,972,0
2014-06-05,35.495,35.926,35.495,35.926,2887,0
2014-06-06,35.964,36.265,35.964,36.265,3881,0
2014-06-09,36.593,36.817,36.557,36.817,4818,0
2014-06-10,36.685,36.685,36.574,36.65,2560,0
2014-06-11,36.491,36.557,36.275,36.312,3798,0
2014-06-13,36.434,36.434,36.424,36.424,1366,0
2014-06-16,35.935,35.935,35.739,35.788,5897,0
2014-06-17,35.88,36.622,35.88,36.574,5582,0
2014-06-18,36.387,36.782,36.265,36.782,4927,0
2014-06-19,36.744,36.744,36.349,36.521,4463,0
2014-06-20,36.65,36.783,36.5,36.51,2813,0
2014-06-23,36.51,36.631,36.51,36.529,2197,0
2014-06-24,36.366,36.8,36.366,36.5,1759,0
2014-06-25,35.687,36.356,35.687,36.356,3641,0
2014-06-26,36.529,36.529,36.037,36.49,3447,0
2014-06-27,36.433,36.685,36.423,36.602,3433,0
2014-06-30,36.583,36.669,36.33,36.66,12267,0
2014-07-01,36.695,37.584,36.695,37.223,1669,0
2014-07-02,37.151,37.151,36.827,36.836,3501,0
2014-07-03,36.97,37.415,36.97,37.28,5570,0
2014-07-07,37.063,37.063,37.017,37.017,748,0
2014-07-08,36.461,36.734,36.423,36.734,973,0
2014-07-09,36.695,36.695,36.49,36.51,4483,0
2014-07-10,35.895,36.33,35.396,36.15,2631,0
2014-07-11,35.924,35.98,35.83,35.98,2067,0
2014-07-14,36.037,36.094,35.971,36.037,15261,0
2014-07-15,36.33,36.366,36.085,36.356,3797,0
2014-07-16,36.224,36.224,35.915,35.915,4195,0
2014-07-17,35.498,35.498,34.925,34.925,103946,0
2014-07-18,34.991,35.426,34.981,35.311,5607,0
2014-07-21,35.093,35.17,34.915,35.093,4500,0
2014-07-22,35.32,35.329,35.18,35.329,1756,0
2014-07-23,34.944,34.944,34.823,34.85,3820,0
2014-07-24,35.416,35.49,35.282,35.291,8256,0
2014-07-25,35.377,35.377,35.291,35.311,2402,0
2014-07-28,35.141,35.141,34.823,34.905,6906,0
2014-07-29,35.151,35.17,35.151,35.16,1438,0
2014-07-30,35.377,35.49,35.151,35.151,2781,0
2014-07-31,35.112,35.112,34.794,34.833,1853,0
2014-08-01,34.775,34.775,34.163,34.197,4387,0
2014-08-04,34.293,34.434,33.925,34.234,6519,0
2014-08-05,34.096,34.388,32.727,34.388,4544,0
2014-08-06,34.321,34.557,34.303,34.303,2078,0
2014-08-07,34.585,34.585,34.105,34.125,2143,0
2014-08-08,34.125,34.312,34.086,34.312,3447,0
2014-08-11,34.303,34.716,34.274,34.548,17706,0
2014-08-12,34.509,34.548,34.312,34.312,7872,0
2014-08-13,34.425,34.698,34.425,34.566,3748,0
2014-08-14,34.804,34.804,34.566,34.566,3203,0
2014-08-15,34.735,34.735,34.145,34.244,1969,0
2014-08-18,33.954,34.915,33.954,34.915,2119,0
2014-08-19,34.998,34.998,34.998,34.998,202,0
2014-08-20,34.84,34.905,34.833,34.833,9719,0
2014-08-21,34.878,35.416,34.878,35.416,1853,0
2014-08-22,35.396,35.453,35.396,35.453,3706,0
2014-08-25,35.556,35.604,35.359,35.463,8823,0
2014-08-26,35.453,35.764,35.453,35.764,2852,0
2014-08-27,35.631,35.706,35.547,35.547,3441,0
2014-08-28,35.245,35.32,35.207,35.311,1822,0
2014-08-29,35.207,35.443,35.207,35.443,909,0
2014-09-02,35.406,35.84,35.406,35.84,474,0
2014-09-03,36.008,36.018,35.764,35.895,2982,0
2014-09-04,36.047,36.047,35.659,35.659,762,0
2014-09-05,35.537,35.537,35.453,35.537,373,0
2014-09-08,35.82,35.84,35.641,35.755,1729,0
2014-09-09,35.585,35.585,35.518,35.575,634,0
2014-09-10,35.745,35.98,35.745,35.951,949,0
2014-09-11,36.018,36.103,36.018,36.103,520,0
2014-09-12,36.593,36.602,36.205,36.405,2992,0
2014-09-15,36.113,36.113,35.915,36.018,48955,0
2014-09-16,36.123,36.123,35.745,35.745,1565,0
2014-09-17,35.886,36.177,35.706,35.998,3258,0
2014-09-18,36.273,36.47,36.273,36.405,6680,0
2014-09-19,36.471,36.803,36.471,36.794,1184,0
2014-09-22,35.94,35.94,35.723,35.723,3591,0
2014-09-23,35.468,35.553,35.202,35.26,2046,0
2014-09-24,35.165,35.316,35.088,35.316,1465,0
2014-09-25,34.788,34.994,34.788,34.899,5451,0
2014-09-26,34.816,34.975,34.748,34.939,2358,0
2014-09-29,34.863,34.863,34.797,34.797,697,0
2014-09-30,34.853,34.89,34.728,34.728,1282,0
2014-10-01,34.492,34.521,34.145,34.285,2317,0
2014-10-02,34.596,34.596,34.492,34.587,582,0
2014-10-03,35.051,35.051,34.843,34.843,1645,0
2014-10-06,34.616,34.807,34.426,34.596,9760,0
2014-10-07,33.999,34.188,33.924,33.924,926,0
2014-10-08,33.99,34.125,33.99,34.125,1188,0
2014-10-09,34.265,34.502,33.801,33.868,2683,0
2014-10-10,33.888,33.924,33.849,33.849,5659,0
2014-10-13,33.583,34.028,33.555,33.754,1636,0
2014-10-14,33.897,34.332,33.897,34.076,11240,0
2014-10-15,33.517,34.728,32.836,32.978,16372,0
2014-10-16,33.555,33.583,32.968,33.583,1121,0
2014-10-17,33.924,34.105,33.67,33.774,30312,0
2014-10-20,33.819,33.829,33.689,33.689,2441,0
2014-10-21,34.18,34.625,34.18,34.616,2088,0
2014-10-22,34.654,34.768,34.426,34.426,1902,0
2014-10-23,34.956,34.966,34.673,34.7,1883,0
2014-10-24,34.55,34.635,34.483,34.635,10832,0
2014-10-27,34.483,34.797,34.483,34.797,6098,0
2014-10-28,35.648,35.792,35.648,35.792,1835,0
2014-10-29,35.801,35.94,35.743,35.913,1063,0
2014-10-30,36.186,36.53,36.046,36.462,2476,0
2014-10-31,36.983,36.983,36.766,36.983,565,0
2014-11-03,37.382,37.382,36.869,36.944,3036,0
2014-11-04,36.604,36.776,36.604,36.776,707,0
2014-11-05,37.002,37.202,36.993,37.125,2512,0
2014-11-06,37.266,37.266,37.096,37.096,4457,0
2014-11-07,37.164,37.428,37.164,37.4,1202,0
2014-11-10,37.682,37.682,37.59,37.615,2694,0
2014-11-11,37.712,37.712,37.712,37.712,106,0
2014-11-12,37.872,38.233,37.872,38.233,2616,0
2014-11-13,38.12,38.138,37.825,37.825,1875,0
2014-11-14,37.551,37.551,37.551,37.551,7543,0
2014-11-17,37.372,37.504,37.276,37.276,1041,0
2014-11-18,37.372,37.514,37.313,37.313,7854,0
2014-11-19,36.849,37.174,36.839,36.954,3131,0
2014-11-20,36.887,37.174,36.887,37.174,897,0
2014-11-21,37.494,37.494,36.983,37.011,2871,0
2014-11-24,36.944,37.276,36.944,37.076,2399,0
2014-11-25,37.428,37.428,36.973,37.419,691,0
2014-11-26,37.419,37.474,37.419,37.474,602,0
2014-11-28,37.04,37.04,36.756,36.756,952,0
2014-12-01,35.997,35.997,35.865,35.94,3014,0
2014-12-02,36.177,36.367,36.177,36.357,1128,0
2014-12-03,36.604,36.604,36.604,36.604,159,0
2014-12-04,36.839,36.839,36.756,36.756,1268,0
2014-12-05,36.983,37.615,36.983,37.542,7985,0
2014-12-08,37.788,37.825,37.266,37.295,2098,0
2014-12-09,37.599,37.77,37.59,37.751,732,0
2014-12-10,37.4,37.722,36.756,36.756,4051,0
2014-12-11,36.859,37.021,36.859,37.021,676,0
2014-12-12,36.348,36.521,36.273,36.406,926,0
2014-12-15,36.501,36.501,35.96,36.102,1369,0
2014-12-16,36.15,36.377,35.988,36.377,528,0
2014-12-17,36.406,36.652,36.14,36.652,3853,0
2014-12-18,37.57,37.57,37.21,37.524,1377,0
2014-12-19,37.294,37.294,37.294,37.294,349,0
2014-12-22,37.41,37.505,37.41,37.446,798,0
2014-12-23,38,38,38,38,348,0
2014-12-24,37.715,38,37.715,37.848,2455,0
2014-12-26,37.943,38.028,37.885,38.009,8194,0
2014-12-29,38.078,38.448,38.078,38.428,1363,0
2014-12-30,38.392,38.448,38.355,38.355,1143,0
2014-12-31,38.287,38.355,38.153,38.153,2458,0
2015-01-02,38.038,38.078,37.104,37.475,2408,0
2015-01-06,36.627,36.627,35.548,35.644,8711,0
2015-01-07,35.798,35.882,35.616,35.769,4445,0
2015-01-08,36.159,36.494,36.159,36.426,3451,0
2015-01-09,35.959,35.959,35.681,35.681,733,0
2015-01-12,35.215,35.28,35.013,35.09,7395,0
2015-01-13,35.681,35.681,34.708,34.853,1854,0
2015-01-14,34.652,34.652,33.401,34.403,4940,0
2015-01-15,34.28,34.28,34.139,34.139,3248,0
2015-01-16,34.176,34.717,34.176,34.717,16620,0
2015-01-20,34.366,34.366,34.23,34.308,1573,0
2015-01-21,34.518,34.604,34.518,34.604,869,0
2015-01-22,34.681,35.845,34.681,35.845,3880,0
2015-01-23,35.607,35.607,35.436,35.5,1216,0
2015-01-26,35.769,35.853,35.75,35.75,6912,0
2015-01-27,35.616,35.616,35.52,35.52,500,0
2015-01-28,34.947,34.947,34.318,34.318,2192,0
2015-01-29,34.518,34.681,34.422,34.681,1398,0
2015-01-30,34.412,34.863,34.412,34.69,58214,0
2015-02-02,34.796,34.909,34.708,34.909,1102,0
2015-02-03,35.969,36.187,35.939,36.187,2165,0
2015-02-04,36.187,36.254,35.969,35.969,2932,0
2015-02-05,36.359,36.683,36.341,36.683,848,0
2015-02-06,37.617,37.617,37.438,37.438,787,0
2015-02-09,37.114,37.114,36.865,36.922,498,0
2015-02-10,36.646,36.646,36.646,36.646,133,0
2015-02-11,36.903,36.903,36.903,36.903,148,0
2015-02-12,37.419,37.466,37.303,37.466,5742,0
2015-02-13,37.829,37.829,37.495,37.665,2130,0
2015-02-17,37.685,37.875,37.542,37.875,1220,0
2015-02-18,37.562,37.562,37.562,37.562,2192,0
2015-02-19,37.123,37.313,37.123,37.275,5359,0
2015-02-20,36.781,37.466,36.781,37.41,3709,0
2015-02-23,37.275,37.275,37.162,37.162,1787,0
2015-02-24,37.456,37.725,37.456,37.572,3248,0
2015-02-25,37.572,37.572,37.4,37.4,1962,0
2015-02-26,37.466,37.675,37.446,37.475,5586,0
2015-02-27,37.552,37.695,37.552,37.695,779,0
2015-03-02,37.725,37.819,37.552,37.552,1571,0
2015-03-03,37.419,37.542,37.419,37.542,837,0
2015-03-04,37.219,37.362,37.219,37.362,945,0
2015-03-05,37.333,37.466,37.333,37.446,1363,0
2015-03-06,38.088,38.088,37.773,37.773,1886,0
2015-03-09,38.019,38.23,37.914,38.173,5762,0
2015-03-10,37.734,37.972,37.41,37.495,4612,0
2015-03-11,37.592,37.592,37.41,37.485,945,0
2015-03-12,37.875,38.746,37.875,38.746,4400,0
2015-03-13,38.553,38.764,38.297,38.297,1782,0
2015-03-16,38.468,38.821,38.458,38.516,1782,0
2015-03-17,38.4,38.4,38.316,38.383,524,0
2015-03-18,36.523,39.049,36.523,38.591,2306,0
2015-03-19,38.345,38.345,37.838,38.163,5870,0
2015-03-20,38.312,38.617,38.312,38.602,1500,0
2015-03-23,38.676,38.877,38.425,38.55,1044,0
2015-03-24,38.445,38.445,38.351,38.39,2087,0
2015-03-25,38.198,38.198,37.813,37.813,1565,0
2015-03-26,37.669,37.738,37.669,37.669,313,0
2015-03-27,37.64,37.777,37.64,37.777,8352,0
2015-03-30,38.39,38.637,38.331,38.598,1358,0
2015-03-31,38.264,38.407,38.264,38.361,1368,0
2015-04-01,37.929,38.14,37.929,38.14,1044,0
2015-04-02,38.598,38.598,38.485,38.485,1775,0
2015-04-06,38.37,38.37,38.37,38.37,208,0
2015-04-07,38.425,38.598,38.425,38.598,573,0
2015-04-08,38.485,38.485,38.39,38.39,522,0
2015-04-09,38.264,38.264,38.264,38.264,208,0
2015-04-10,38.416,38.416,38.416,38.416,208,0
2015-04-13,38.55,38.907,38.55,38.907,2505,0
2015-04-14,38.589,38.589,38.589,38.589,208,0
2015-04-15,38.598,39.268,38.598,39.268,1026,0
2015-04-16,39,39.193,39,39.193,1694,0
2015-04-17,38.505,38.505,38.505,38.505,208,0
2015-04-20,38.57,38.983,38.425,38.887,2322,0
2015-04-21,39.068,39.068,39.068,39.068,822,0
2015-04-22,39.058,39.058,39.058,39.058,209,0
2015-04-23,38.762,39.157,38.762,39.058,1565,0
2015-04-24,38.955,38.955,38.907,38.907,392,0
2015-04-27,38.925,38.983,38.925,38.945,2402,0
2015-04-28,38.666,38.829,38.666,38.829,522,0
2015-04-29,39.268,39.268,39.176,39.23,730,0
2015-04-30,38.735,39.23,38.735,39.23,1148,0
2015-05-01,38.715,38.715,38.416,38.445,4384,0
2015-05-04,38.54,38.916,38.54,38.916,941,0
2015-05-05,38.819,38.819,38.55,38.57,1148,0
2015-05-06,38.695,38.974,38.55,38.916,81836,0
2015-05-07,38.735,38.735,38.695,38.695,850,0
2015-05-08,38.79,38.945,38.715,38.935,3968,0
2015-05-11,39,39.412,39,39.184,4594,0
2015-05-12,39.347,39.549,39.347,39.51,5893,0
2015-05-13,39.529,39.692,39.376,39.662,2712,0
2015-05-14,39.912,39.912,39.632,39.72,6367,0
2015-05-15,39.585,39.585,39.077,39.23,4825,0
2015-05-18,39.248,39.978,39.248,39.922,4117,0
2015-05-19,40.123,40.294,40.037,40.226,8247,0
2015-05-20,40.027,40.189,39.942,40.103,2712,0
2015-05-21,40.198,40.198,39.826,39.942,7727,0
2015-05-22,40.007,40.007,40.007,40.007,522,0
2015-05-26,39.585,39.585,39.193,39.529,4258,0
2015-05-27,39.575,40.017,39.48,39.902,16809,0
2015-05-28,39.844,39.863,39.816,39.816,1843,0
2015-05-29,39.739,39.739,39.642,39.642,834,0
2015-06-01,39.642,39.892,39.549,39.559,12878,0
2015-06-02,39.622,40.198,39.622,40.055,3131,0
2015-06-03,40.371,40.783,40.323,40.763,10232,0
2015-06-04,40.611,40.706,40.274,40.4,7100,0
2015-06-05,40.697,41.138,40.65,41.129,12111,0
2015-06-08,41.148,41.377,41.148,41.272,15974,0
2015-06-09,41.32,41.865,41.11,41.675,19244,0
2015-06-10,42.191,42.525,41.941,42.354,45490,0
2015-06-11,42.336,42.515,42.114,42.143,15294,0
2015-06-12,42.162,42.238,41.97,42.238,12530,0
2015-06-15,42.114,42.344,41.443,42.057,12424,0
2015-06-16,42.162,42.585,42.162,42.585,25684,0
2015-06-17,42.825,42.825,41.732,41.77,19732,0
2015-06-18,41.54,42.172,41.54,42.017,11276,0
2015-06-19,42.279,43.261,41.998,42.114,8104,0
2015-06-22,42.557,42.614,42.443,42.614,8832,0
2015-06-23,42.73,43.125,42.73,43.105,14837,0
2015-06-24,42.828,43.182,42.789,42.789,22029,0
2015-06-25,42.952,43.192,42.759,42.902,10080,0
2015-06-26,43.192,43.299,43.048,43.172,17560,0
2015-06-29,42.7,43.01,42.077,42.077,28783,0
2015-06-30,42.759,42.779,42.086,42.279,19442,0
2015-07-01,42.846,43.933,42.557,42.819,32522,0
2015-07-02,42.883,42.883,41.911,42.086,14027,0
2015-07-06,41.749,41.931,41.133,41.749,22964,0
2015-07-07,41.94,41.94,40.948,41.42,12469,0
2015-07-08,40.747,41.335,40.747,41.045,78659,0
2015-07-09,41.691,41.949,41.354,41.73,25354,0
2015-07-10,42.067,42.219,42.027,42.219,16834,0
2015-07-13,42.662,42.828,42.374,42.557,9040,0
2015-07-14,42.517,42.691,42.249,42.691,22358,0
2015-07-15,42.952,43.029,42.855,42.873,7696,0
2015-07-16,43.095,43.261,42.892,42.952,23795,0
2015-07-17,42.932,43.192,42.153,42.48,35224,0
2015-07-20,42.567,42.855,42.414,42.828,19223,0
2015-07-21,43.241,43.261,42.443,42.517,11428,0
2015-07-22,42.873,43.144,42.527,43.019,23483,0
2015-07-23,43.086,43.192,42.289,42.414,5090,0
2015-07-24,42.249,42.394,41.874,41.94,8521,0
2015-07-27,41.537,41.604,41.143,41.326,19118,0
2015-07-28,41.835,41.835,41.19,41.383,25250,0
2015-07-29,41.383,41.604,41.297,41.519,3533,0
2015-07-30,41.565,41.683,41.43,41.624,3740,0
2015-07-31,41.768,41.768,41.363,41.653,15586,0
2015-08-03,41.711,41.711,41.258,41.634,36886,0
2015-08-04,41.835,42.219,41.749,41.749,30966,0
2015-08-05,42.008,42.587,41.94,42.229,87491,0
2015-08-06,42.414,42.414,41.787,41.854,15354,0
2015-08-07,41.921,41.921,41.316,41.45,3117,0
2015-08-10,42.057,42.269,42.047,42.229,5819,0
2015-08-11,42.172,42.172,41.42,41.604,3204,0
2015-08-12,41.826,41.826,40.256,40.786,13299,0
2015-08-13,41.085,41.162,40.681,40.978,92685,0
2015-08-14,41.115,41.527,40.978,41.519,6857,0
2015-08-17,41.44,41.768,41.218,41.574,3221,0
2015-08-18,41.778,41.854,41.45,41.653,2184,0
2015-08-19,41.035,41.48,41.035,41.085,4052,0
2015-08-20,40.265,40.265,39.775,39.775,9975,0
2015-08-21,39.601,39.795,39.227,39.448,9040,0
2015-08-24,38.497,38.862,33.781,37.628,28015,0
2015-08-25,38.304,38.304,36.802,36.897,12989,0
2015-08-26,37.11,37.908,36.917,37.851,7691,0
2015-08-27,38.552,38.901,38.391,38.477,4364,0
2015-08-28,38.552,38.929,38.497,38.572,3843,0
2015-08-31,38.718,39.162,38.65,39.142,1974,0
2015-09-01,38.409,38.409,37.466,37.572,4572,0
2015-09-02,37.841,38.101,37.638,38.101,32315,0
2015-09-03,38.61,38.61,38.467,38.506,1455,0
2015-09-04,38.265,38.274,37.937,38.274,1558,0
2015-09-08,38.775,39.198,38.669,39.188,2700,0
2015-09-09,39.458,39.458,39.005,39.005,2285,0
2015-09-10,39.556,39.556,39.162,39.274,5329,0
2015-09-11,39.122,39.254,38.881,39.227,7065,0
2015-09-14,39.353,39.68,39.227,39.409,5922,0
2015-09-15,39.556,39.941,39.556,39.941,1643,0
2015-09-16,39.737,40.084,39.601,40.084,10390,0
2015-09-17,40.094,40.431,38.978,38.978,5757,0
2015-09-18,38.579,38.579,38.135,38.183,1735,0
2015-09-21,38.627,38.879,38.627,38.79,4870,0
2015-09-22,38.637,38.637,38.328,38.559,5180,0
2015-09-23,38.569,39.023,38.569,38.81,1982,0
2015-09-24,38.647,39.16,38.588,39.16,1772,0
2015-09-25,39.795,39.853,39.428,39.428,4145,0
2015-09-28,39.1,39.178,38.889,38.976,2059,0
2015-09-29,39.1,39.1,38.84,38.84,2071,0
2015-09-30,39.16,39.303,39.013,39.283,15541,0
2015-10-01,39.418,39.418,39.033,39.312,3212,0
2015-10-02,38.83,38.879,37.576,38.243,10257,0
2015-10-05,38.957,39.64,38.957,39.565,2916,0
2015-10-06,39.66,39.69,39.546,39.582,1968,0
2015-10-07,39.922,40.248,39.805,40.248,46312,0
2015-10-08,40.104,40.519,40.104,40.519,4145,0
2015-10-09,40.712,40.858,40.191,40.2,49213,0
2015-10-12,40.355,40.587,40.056,40.49,3000,0
2015-10-13,40.636,40.76,40.297,40.297,5491,0
2015-10-14,40.056,40.056,39.4,39.408,11396,0
2015-10-15,39.408,39.408,39.1,39.362,3004,0
2015-10-16,39.902,39.902,39.4,39.709,21965,0
2015-10-19,39.516,39.998,39.516,39.62,47157,0
2015-10-20,39.718,40.171,39.718,40.103,1561,0
2015-10-21,40.452,40.452,39.834,39.932,2799,0
2015-10-22,40.287,40.509,40.047,40.047,3316,0
2015-10-23,40.509,41.099,40.509,41.099,8910,0
2015-10-26,41.059,41.069,40.712,40.839,23001,0
2015-10-27,40.636,40.839,40.326,40.355,7669,0
2015-10-28,40.499,42.024,40.499,42.005,22378,0
2015-10-29,42.074,42.412,41.842,41.996,2799,0
2015-10-30,41.571,41.764,40.769,40.769,33362,0
2015-11-02,41.099,41.793,41.099,41.726,1374,0
2015-11-03,41.851,42.014,41.465,41.842,4041,0
2015-11-04,41.909,42.093,41.909,41.966,3882,0
2015-11-05,42.112,42.661,42.112,42.661,6631,0
2015-11-06,43.347,44.139,43.309,43.819,26627,0
2015-11-09,44.024,44.178,43.299,43.598,18892,0
2015-11-10,43.395,43.608,43.086,43.512,11500,0
2015-11-11,43.627,43.714,43.095,43.193,7045,0
2015-11-12,43.271,43.271,42.199,42.227,12329,0
2015-11-13,41.976,42.17,41.505,41.64,26419,0
2015-11-16,41.515,42.15,41.425,42.15,13468,0
2015-11-17,42.189,42.818,42.189,42.335,8703,0
2015-11-18,42.296,42.912,42.287,42.912,2071,0
2015-11-19,43.078,43.078,42.613,42.69,13468,0
2015-11-20,42.836,43.153,42.836,43.078,5491,0
2015-11-23,43.038,43.482,43.038,43.242,19995,0
2015-11-24,42.972,43.53,42.892,43.53,10880,0
2015-11-25,43.684,43.684,43.318,43.318,7874,0
2015-11-27,43.656,43.656,43.271,43.55,4041,0
2015-11-30,43.608,43.627,43.474,43.627,5699,0
2015-12-01,43.772,43.801,43.328,43.637,45612,0
2015-12-02,43.791,43.791,42.828,42.828,5882,0
2015-12-03,42.768,42.883,42.179,42.247,11673,0
2015-12-04,42.382,43.048,42.382,42.982,5905,0
2015-12-07,42.912,42.912,41.861,41.996,4974,0
2015-12-08,42.16,42.16,41.185,41.292,12146,0
2015-12-09,41.292,41.465,40.452,40.675,14402,0
2015-12-10,40.721,41.022,40.519,40.75,5595,0
2015-12-11,40.124,40.277,39.573,39.785,29631,0
2015-12-14,39.727,39.942,39.312,39.61,17169,0
2015-12-15,40.229,40.809,40.229,40.646,49627,0
2015-12-16,41.283,41.283,40.287,41.147,12225,0
2015-12-17,41.213,41.233,40.374,40.472,27455,0
2015-12-18,40.819,40.819,39.315,39.621,27872,0
2015-12-21,39.759,39.982,39.496,39.496,4628,0
2015-12-22,40.079,40.079,39.417,39.962,5755,0
2015-12-23,40.147,40.478,40.147,40.478,4525,0
2015-12-24,40.635,40.915,40.545,40.721,6447,0
2015-12-28,40.625,40.66,40.069,40.605,3988,0
2015-12-29,40.819,41.139,40.703,41.023,6141,0
2015-12-30,40.759,40.915,40.589,40.693,5238,0
2015-12-31,40.303,40.517,39.972,39.972,2967,0
2016-01-04,39.271,39.417,38.699,38.855,15620,0
2016-01-05,39.058,39.058,38.748,38.874,3215,0
2016-01-06,38.582,38.728,38.31,38.489,16147,0
2016-01-07,37.757,37.979,37.513,37.645,119357,0
2016-01-08,37.54,37.54,36.677,36.677,12393,0
2016-01-11,36.812,36.978,36.589,36.784,2386,0
2016-01-12,37.025,37.025,36.384,36.724,3205,0
2016-01-13,36.579,36.579,35.413,35.413,5625,0
2016-01-14,35.568,36.14,35.208,35.831,23195,0
2016-01-15,35.09,35.248,34.419,35.238,17260,0
2016-01-19,35.558,35.664,34.781,34.955,9051,0
2016-01-20,34.4,34.964,33.692,34.692,18429,0
2016-01-21,34.761,34.975,34.255,34.383,24456,0
2016-01-22,34.616,34.741,34.314,34.741,13009,0
2016-01-25,34.596,34.695,33.337,33.337,4222,0
2016-01-26,33.534,34.586,33.534,34.586,3651,0
2016-01-27,34.546,35.424,34.391,34.925,2883,0
2016-01-28,35.438,35.858,35.438,35.568,5693,0
2016-01-29,35.578,36.035,35.403,36.035,4655,0
2016-02-01,36.035,36.035,35.888,35.898,3290,0
2016-02-02,35.295,35.295,34.906,34.906,3253,0
2016-02-03,35.285,35.37,34.417,35.295,7042,0
2016-02-04,35.558,35.995,35.183,35.557,3591,0
2016-02-05,35.888,35.888,34.996,34.996,3270,0
2016-02-08,34.177,34.537,33.964,34.537,57685,0
2016-02-09,33.973,34.712,33.954,34.606,13382,0
2016-02-10,34.985,35.218,34.371,34.371,25502,0
2016-02-11,33.467,33.624,32.889,33.342,17083,0
2016-02-12,33.993,34.625,33.884,34.625,2980,0
2016-02-16,35.149,35.442,35.01,35.442,1426,0
2016-02-17,35.674,35.976,35.413,35.413,3259,0
2016-02-18,35.499,35.499,34.831,34.916,2227,0
2016-02-19,34.721,35.253,34.721,35.209,4441,0
2016-02-22,35.499,35.786,35.499,35.777,827,0
2016-02-23,35.588,35.588,34.811,34.916,2589,0
2016-02-24,34.645,34.645,34.645,34.645,885,0
2016-02-25,34.96,35.26,34.96,35.244,873,0
2016-02-26,35.551,36.152,35.551,35.929,6555,0
2016-02-29,35.976,35.976,35.168,35.238,3015,0
2016-03-01,36.298,36.493,36.298,36.493,1330,0
2016-03-02,36.703,37.044,36.703,37.007,1374,0
2016-03-03,37.213,37.638,37.213,37.638,1034774,0
2016-03-04,37.921,38.329,37.842,38.213,633300,0
2016-03-07,38.047,38.43,38.013,38.329,7489,0
2016-03-08,37.727,37.874,37.463,37.463,11986,0
2016-03-09,37.321,37.321,37.104,37.257,4740,0
2016-03-10,37.347,37.546,36.874,37.473,6549,0
2016-03-11,37.989,38.465,37.823,38.465,15126,0
2016-03-14,38.562,38.562,37.95,38.203,15386,0
2016-03-15,37.891,38.008,37.677,37.767,6054,0
2016-03-16,37.979,37.979,37.26,37.367,7892,0
2016-03-17,37.337,38.203,36.956,38.203,18034,0
2016-03-18,38.365,38.708,38.239,38.549,5617,0
2016-03-21,38.736,38.736,38.218,38.51,7417,0
2016-03-22,38.472,38.569,38.043,38.472,10389,0
2016-03-23,38.259,38.259,37.922,37.922,6400,0
2016-03-24,37.468,37.762,37.392,37.742,4691,0
2016-03-28,37.742,37.954,37.712,37.771,4041,0
2016-03-29,37.274,37.975,37.108,37.975,6496,0
2016-03-30,38.209,38.682,38.18,38.267,9892,0
2016-03-31,38.15,38.369,37.818,38.014,7109,0
2016-04-01,37.752,38.052,37.722,38.052,3861,0
2016-04-04,37.912,38.092,37.838,37.848,4586,0
2016-04-05,37.566,37.605,37.059,37.059,8880,0
2016-04-06,37.078,37.467,36.992,37.43,5077,0
2016-04-07,37.022,37.082,36.367,36.417,14282,0
2016-04-08,36.778,37.157,36.572,36.67,5192,0
2016-04-11,36.864,37.498,36.864,37.011,3842,0
2016-04-12,37.187,37.664,37.187,37.643,3462,0
2016-04-13,38.267,39.115,38.267,39.115,3983,0
2016-04-14,39.027,39.835,39.017,39.392,30084,0
2016-04-15,39.388,39.388,39.107,39.319,7348,0
2016-04-18,39.425,39.69,39.274,39.62,4913,0
2016-04-19,39.924,40.156,39.884,40.156,7642,0
2016-04-20,40.293,40.711,40.058,40.655,24711,0
2016-04-21,40.84,40.85,40.292,40.312,9019,0
2016-04-22,40.335,40.842,40.318,40.738,2344,0
2016-04-25,40.702,40.702,40.031,40.38,8331,0
2016-04-26,40.575,41.038,40.575,41.012,10674,0
2016-04-27,41.001,41.001,40.527,40.84,5223,0
2016-04-28,40.537,40.869,40.322,40.322,11763,0
2016-04-29,40.031,40.574,40.031,40.342,4164,0
2016-05-02,40.625,40.625,40.186,40.439,34365,0
2016-05-03,39.953,39.953,39.284,39.455,9411,0
2016-05-04,39.125,39.514,38.56,38.959,7999,0
2016-05-05,38.802,38.94,38.588,38.617,4554,0
2016-05-06,38.706,38.783,38.384,38.783,5291,0
2016-05-09,38.773,38.966,38.607,38.783,3929,0
2016-05-10,39.155,39.558,39.037,39.425,7666,0
2016-05-11,39.572,39.7,39.239,39.239,6411,0
2016-05-12,39.369,39.369,38.901,39.193,5218,0
2016-05-13,39.04,39.04,38.365,38.462,3838,0
2016-05-16,38.911,39.253,38.871,39.125,5145,0
2016-05-17,39.135,39.299,38.472,38.539,5982,0
2016-05-18,39.135,40.224,39.135,40.137,8310,0
2016-05-19,39.991,40.303,39.388,39.65,7107,0
2016-05-20,39.816,40.43,39.816,40.176,5172,0
2016-05-23,40.118,40.205,39.728,40.011,3100,0
2016-05-24,40.469,41.004,40.469,40.985,6682,0
2016-05-25,41.355,41.654,41.326,41.522,8330,0
2016-05-26,41.179,41.277,41.072,41.092,9577,0
2016-05-27,41.15,41.55,41.092,41.55,8427,0
2016-05-31,41.812,41.812,41.384,41.45,4725,0
2016-06-01,41.14,41.699,41.102,41.677,7727,0
2016-06-02,41.374,41.822,41.364,41.782,6527,0
2016-06-03,41.374,41.374,40.186,41.014,9082,0
2016-06-06,41.024,41.802,41.024,41.628,9028,0
2016-06-07,41.725,41.725,41.383,41.462,76986,0
2016-06-08,41.394,41.628,41.394,41.604,5282,0
2016-06-09,41.247,41.247,40.78,41.014,5109,0
2016-06-10,40.42,40.721,40.408,40.517,3965,0
2016-06-13,40.355,40.371,39.914,39.953,4301,0
2016-06-14,40.068,40.068,39.213,39.231,3936,0
2016-06-15,39.299,40.025,39.299,39.445,3217,0
2016-06-16,39.037,39.037,38.716,38.852,4080,0
2016-06-17,39.162,39.347,38.868,39.023,4020,0
2016-06-20,39.62,39.846,39.581,39.581,2501,0
2016-06-21,39.385,39.768,39.385,39.68,5033,0
2016-06-22,40.06,40.163,39.61,39.61,5571,0
2016-06-23,40.159,40.981,40.159,40.981,5907,0
2016-06-24,39.247,39.312,38.04,38.26,36818,0
2016-06-27,37.574,37.574,36.243,36.359,23133,0
2016-06-28,37.094,37.5,36.848,37.336,7490,0
2016-06-29,37.848,38.485,37.848,38.485,12484,0
2016-06-30,38.681,39.395,38.605,39.395,11266,0
2016-07-01,39.128,39.169,38.609,38.857,4488,0
2016-07-05,38.475,38.475,37.574,37.808,8207,0
2016-07-06,37.574,38.142,37.329,38.142,6423,0
2016-07-07,38.269,38.584,38.242,38.487,4682,0
2016-07-08,39.172,39.4,39.172,39.19,4301,0
2016-07-11,39.523,39.856,39.523,39.846,4610,0
2016-07-12,40.159,40.89,40.159,40.826,6606,0
2016-07-13,40.804,40.82,40.58,40.762,4552,0
2016-07-14,41.53,41.53,41.177,41.284,5957,0
2016-07-15,41.54,41.54,41.246,41.432,6325,0
2016-07-18,41.138,41.316,41.062,41.07,7155,0
2016-07-19,41.022,41.288,41.022,41.11,7277,0
2016-07-20,41.09,41.09,40.922,40.922,4391,0
2016-07-21,40.941,40.941,40.434,40.463,5989,0
2016-07-22,40.482,41.1,40.482,40.991,6869,0
2016-07-25,40.895,40.895,40.698,40.723,6761,0
2016-07-26,40.61,40.891,40.61,40.885,6010,0
2016-07-27,41.182,41.182,40.866,40.961,6311,0
2016-07-28,40.821,40.99,40.797,40.99,2734,0
2016-07-29,40.707,40.856,40.651,40.696,8385,0
2016-08-01,40.67,40.737,40.189,40.189,2797,0
2016-08-02,40.227,40.355,39.782,39.963,24189,0
2016-08-03,39.817,40.404,39.817,40.404,11622,0
2016-08-04,40.237,40.62,40.237,40.468,4701,0
2016-08-05,40.55,41.844,40.55,41.824,8272,0
2016-08-08,41.699,41.775,41.55,41.599,5107,0
2016-08-09,41.764,41.804,41.609,41.765,5904,0
2016-08-10,41.607,41.639,41.236,41.236,4652,0
2016-08-11,41.403,41.49,41.345,41.354,3622,0
2016-08-12,41.09,41.187,41.04,41.187,4062,0
2016-08-15,41.266,41.814,41.266,41.736,8266,0
2016-08-16,41.569,41.782,41.492,41.697,5031,0
2016-08-17,41.54,41.901,41.54,41.757,19130,0
2016-08-18,41.755,42.028,41.755,41.979,7020,0
2016-08-19,41.991,42.094,41.949,42.059,4274,0
2016-08-22,41.951,42.176,41.912,42.137,5343,0
2016-08-23,42.392,42.392,42.276,42.295,3695,0
2016-08-24,42.382,42.393,42.206,42.311,4225,0
2016-08-25,42.137,42.527,42.137,42.508,5577,0
2016-08-26,42.637,42.833,42.5,42.794,9703,0
2016-08-29,42.794,43.205,42.794,43.106,140087,0
2016-08-30,43.126,43.488,43.126,43.488,27786,0
2016-08-31,43.488,43.645,43.095,43.508,25498,0
2016-09-01,43.537,43.67,42.93,43.096,4689,0
2016-09-02,43.265,43.527,43.265,43.526,5807,0
2016-09-06,43.645,43.645,42.828,42.843,9536,0
2016-09-07,42.569,43.273,42.569,43.273,9720,0
2016-09-08,43.284,43.479,43.169,43.368,8708,0
2016-09-09,43.479,43.479,43.059,43.059,11869,0
2016-09-12,42.824,43.124,42.598,43.124,11704,0
2016-09-13,42.764,42.764,42.108,42.568,18072,0
2016-09-14,42.561,42.603,42.039,42.039,5346,0
2016-09-15,42.039,42.5,42.039,42.449,5078,0
2016-09-16,42.162,42.358,41.986,42.212,10940,0
2016-09-19,42.409,42.655,42.064,42.221,6355,0
2016-09-20,42.497,42.497,42.316,42.429,7473,0
2016-09-21,42.567,42.567,42.112,42.458,6769,0
2016-09-22,42.635,42.861,42.635,42.861,3434,0
2016-09-23,42.823,43.039,42.823,42.91,4027,0
2016-09-26,42.537,42.537,41.956,41.956,6478,0
2016-09-27,41.681,42.25,41.681,42.184,4986,0
2016-09-28,42.34,42.783,42.221,42.753,9909,0
2016-09-29,42.663,42.92,42.185,42.185,12048,0
2016-09-30,42.436,42.999,42.436,42.89,9803,0
2016-10-03,42.527,42.733,42.311,42.448,5452,0
2016-10-04,42.615,42.763,42.567,42.713,9318,0
2016-10-05,42.654,43.698,42.654,43.505,13859,0
2016-10-06,43.403,43.57,43.325,43.54,4261,0
2016-10-07,43.53,43.53,43.087,43.495,3670,0
2016-10-10,43.932,44.043,43.729,43.816,16496,0
2016-10-11,43.844,43.905,43.182,43.383,2456,0
2016-10-12,43.341,43.52,43.308,43.308,10614,0
2016-10-13,42.861,42.861,41.97,42.124,6593,0
2016-10-14,42.693,42.693,42.357,42.517,4108,0
2016-10-17,42.527,42.527,42.129,42.179,29529,0
2016-10-18,42.733,42.832,42.321,42.536,6492,0
2016-10-19,42.769,43.305,42.683,43.246,48709,0
2016-10-20,43.206,43.256,42.867,43.148,6223,0
2016-10-21,43.059,43.137,42.98,43.137,3854,0
2016-10-24,43.315,43.809,43.315,43.548,4675,0
2016-10-25,43.452,43.481,43.244,43.251,3038,0
2016-10-26,43.472,43.497,43.23,43.291,4472,0
2016-10-27,43.491,43.599,43.256,43.452,9809,0
2016-10-28,43.383,43.383,43.014,43.147,6295,0
2016-10-31,43.276,43.525,43.059,43.511,168629,0
2016-11-01,43.501,43.501,42.79,43.243,17896,0
2016-11-02,42.695,42.695,42.279,42.359,9130,0
2016-11-03,42.448,42.796,42.448,42.507,6376,0
2016-11-04,42.31,43.039,42.31,42.749,4843,0
2016-11-07,43.491,43.925,43.296,43.925,16720,0
2016-11-08,43.53,43.885,43.467,43.698,13329,0
2016-11-09,42.93,46.256,42.93,46.05,27167,0
2016-11-10,46.711,48.378,46.711,48.265,103794,0
2016-11-11,48.058,49.801,47.812,49.791,40443,0
2016-11-14,50.46,51.92,50.302,50.755,386271,0
2016-11-15,51.364,51.364,49.697,51.072,90569,0
2016-11-16,50.982,50.982,50.332,50.637,55652,0
2016-11-17,50.972,51.163,50.815,51.06,83757,0
2016-11-18,51.267,51.601,50.986,51.477,38892,0
2016-11-21,51.896,51.896,51.138,51.67,101722,0
2016-11-22,51.67,52.286,51.67,52.201,88088,0
2016-11-23,52.457,52.605,52.173,52.555,31465,0
2016-11-25,52.497,52.497,52.265,52.36,14741,0
2016-11-28,52.516,52.516,51.334,51.334,30256,0
2016-11-29,51.454,52.063,51.454,51.73,70388,0
2016-11-30,52.831,52.831,51.971,52.196,37576,0
2016-12-01,52.457,53.222,52.457,52.944,157153,0
2016-12-02,53.293,53.293,52.418,52.516,21204,0
2016-12-05,53.067,53.51,53.059,53.393,19228,0
2016-12-06,53.924,54.414,53.481,54.296,62016,0
2016-12-07,54.396,54.849,54.131,54.849,26205,0
2016-12-08,55.341,56.187,54.956,55.932,69165,0
2016-12-09,56.157,56.157,55.483,55.914,323140,0
2016-12-12,56.256,56.256,54.525,54.696,49542,0
2016-12-13,55.026,55.085,54.358,54.935,71432,0
2016-12-14,54.829,55.311,54.328,54.494,49871,0
2016-12-15,54.918,55.527,54.692,55.291,37645,0
2016-12-16,55.36,55.676,54.502,54.502,36846,0
2016-12-19,54.528,54.994,54.143,54.994,41901,0
2016-12-20,55.409,55.876,55.409,55.876,64288,0
2016-12-21,56.014,56.014,55.508,55.776,49507,0
2016-12-22,55.846,56.023,55.478,55.814,35746,0
2016-12-23,55.866,55.934,55.636,55.826,39219,0
2016-12-27,56.181,56.239,55.826,56.226,14595,0
2016-12-28,56.568,56.568,55.603,55.614,16847,0
2016-12-29,55.942,55.942,55.093,55.4,27033,0
2016-12-30,55.568,55.612,55.361,55.361,26266,0
2017-01-03,55.766,56.558,55.043,55.409,189916,0
2017-01-04,55.648,56.399,55.648,56.33,32066,0
2017-01-05,56.221,56.279,54.747,55.232,56174,0
2017-01-06,55.548,55.783,55.277,55.383,20272,0
2017-01-09,55.35,55.35,54.458,54.498,134161,0
2017-01-10,54.746,55.429,54.637,55.245,131871,0
2017-01-11,55.35,55.558,54.682,55.558,22509,0
2017-01-12,55.33,55.33,53.917,54.478,281722,0
2017-01-13,54.845,55.934,54.845,55.094,289377,0
2017-01-17,54.468,54.558,53.182,53.182,33902,0
2017-01-18,53.498,53.626,53.038,53.587,25664,0
2017-01-19,54.123,54.123,53.082,53.39,274195,0
2017-01-20,53.44,54.123,53.44,53.845,309897,0
2017-01-23,53.617,53.836,53.212,53.677,518313,0
2017-01-24,53.875,54.954,53.865,54.855,32014,0
2017-01-25,55.588,55.886,55.413,55.776,39025,0
2017-01-26,55.934,56.181,55.696,56.181,23150,0
2017-01-27,56.321,56.321,55.449,55.568,19601,0
2017-01-30,55.143,55.143,54.058,54.647,279443,0
2017-01-31,54.419,54.905,54.28,54.726,19849,0
2017-02-01,55.27,55.811,54.277,54.341,785930,0
2017-02-02,54.023,54.206,53.44,53.647,40886,0
2017-02-03,54.321,55.195,54.291,55.153,37643,0
2017-02-06,54.845,55.216,54.499,54.568,25957,0
2017-02-07,54.716,54.805,54.121,54.341,20716,0
2017-02-08,54.172,54.172,53.29,53.745,54892,0
2017-02-09,53.983,54.863,53.983,54.689,35535,0
2017-02-10,55.093,55.093,54.578,54.915,19784,0
2017-02-13,55.26,55.814,55.26,55.4,28910,0
2017-02-14,55.439,56.439,55.31,56.37,26790,0
2017-02-15,56.578,56.676,56.201,56.489,52077,0
2017-02-16,56.519,56.617,56.063,56.588,24897,0
2017-02-17,56.093,56.468,55.85,56.429,39270,0
2017-02-21,56.756,56.959,56.379,56.826,207244,0
2017-02-22,56.519,56.964,56.519,56.816,46964,0
2017-02-23,56.856,57.122,56.044,56.766,16446,0
2017-02-24,56.064,56.41,56.064,56.41,17706,0
2017-02-27,56.379,56.796,56.337,56.727,16204,0
2017-02-28,56.647,56.647,55.944,56.054,26993,0
2017-03-01,57.429,57.956,57.359,57.796,39822,0
2017-03-02,57.904,58.142,56.151,56.236,37303,0
2017-03-03,56.241,56.721,56.191,56.598,22238,0
2017-03-06,56.103,56.479,55.706,56.103,25089,0
2017-03-07,56.171,56.337,55.766,55.816,9437,0
2017-03-08,56.509,56.548,55.26,55.36,26028,0
2017-03-09,55.458,55.856,55.26,55.33,55857,0
2017-03-10,55.756,56.103,54.518,55.143,23797,0
2017-03-13,55.113,55.696,55.113,55.33,16821,0
2017-03-14,54.925,55.275,54.422,55.27,11970,0
2017-03-15,55.36,55.736,54.71,54.879,19536,0
2017-03-16,55.25,55.593,54.984,55.429,30143,0
2017-03-17,55.663,55.663,54.759,55.371,10283,0
2017-03-20,55.346,55.346,54.583,54.583,92180,0
2017-03-21,54.959,54.959,51.45,51.545,59567,0
2017-03-22,50.904,51.658,50.568,51.112,52214,0
2017-03-23,50.855,52.231,50.855,51.578,125653,0
2017-03-24,51.578,52.071,51.268,51.718,161301,0
2017-03-27,50.28,51.41,49.844,51.385,910277,0
2017-03-28,51.024,52.372,50.835,52.174,1200238,0
2017-03-29,51.846,52.084,51.718,51.966,41605,0
2017-03-30,52.074,53.924,52.074,53.771,40333,0
2017-03-31,53.701,53.729,53.274,53.274,17767,0
2017-04-03,53.363,53.453,52.116,52.689,17712,0
2017-04-04,52.412,52.828,52.243,52.63,9936,0
2017-04-05,53.283,53.383,51.618,51.708,24701,0
2017-04-06,51.688,52.477,51.172,52.233,14473,0
2017-04-07,51.876,52.238,51.668,52.164,39527,0
2017-04-10,52.124,52.431,51.39,51.718,11169,0
2017-04-11,51.39,52.253,51.259,52.253,23155,0
2017-04-12,52.174,52.184,51.311,51.481,29214,0
2017-04-13,51.192,51.311,50.161,50.161,57799,0
2017-04-17,50.389,51.083,49.863,51.083,54494,0
2017-04-18,50.597,51.044,50.137,50.906,14139,0
2017-04-19,51.34,51.859,51.34,51.39,13204,0
2017-04-20,51.786,52.518,51.678,52.481,10291,0
2017-04-21,52.282,52.794,52.282,52.639,7917,0
2017-04-24,53.859,54.325,53.651,53.661,14581,0
2017-04-25,54.205,54.424,53.889,53.889,13101,0
2017-04-26,53.759,55.098,53.759,54.652,22014,0
2017-04-27,54.721,54.721,53.691,53.819,9741,0
2017-04-28,53.889,54.02,52.644,52.649,7337,0
2017-05-01,53.075,53.383,52.679,53.383,11923,0
2017-05-02,53.135,53.147,52.585,52.798,28375,0
2017-05-03,52.55,53.289,52.55,53.185,7519,0
2017-05-04,53.681,53.901,53.174,53.357,10739,0
2017-05-05,53.711,53.711,52.892,53.293,15684,0
2017-05-08,53.195,53.501,53.036,53.383,254842,0
2017-05-09,53.611,53.804,52.758,52.937,10588,0
2017-05-10,52.699,53.165,52.679,52.996,14019,0
2017-05-11,52.818,52.818,51.834,52.203,7998,0
2017-05-12,51.738,51.995,51.26,51.995,4883,0
2017-05-15,52.223,52.572,52.223,52.362,6259,0
2017-05-16,52.332,52.6,51.896,52.53,8089,0
2017-05-17,51.272,51.35,49.953,50.399,28605,0
2017-05-18,50.191,50.954,50.191,50.865,16248,0
2017-05-19,50.835,51.34,50.796,50.796,21681,0
2017-05-22,51.034,51.176,50.677,51.176,5134,0
2017-05-23,51.252,52.134,50.935,51.806,6649,0
2017-05-24,51.985,51.985,51.431,51.548,3700,0
2017-05-25,51.777,51.777,51.242,51.46,11899,0
2017-05-26,51.33,51.41,51.004,51.112,26083,0
2017-05-30,50.904,50.904,50.245,50.657,24647,0
2017-05-31,50.716,50.716,49.457,50.25,20149,0
2017-06-01,50.667,51.212,50.171,51.212,10755,0
2017-06-02,50.875,51.586,50.741,50.973,16671,0
2017-06-05,51.034,51.427,51.014,51.014,3467,0
2017-06-06,50.399,50.828,50.3,50.716,6920,0
2017-06-07,50.766,51.319,50.766,51.044,8199,0
2017-06-08,51.093,53.531,51.093,52.848,17513,0
2017-06-09,53.105,54.89,53.105,54.652,29773,0
2017-06-12,54.87,55.474,54.097,54.533,34859,0
2017-06-13,54.969,55.003,54.305,54.662,17308,0
2017-06-14,54.037,54.412,53.283,54.345,21933,0
2017-06-15,54.424,54.743,54.007,54.291,4693,0
2017-06-16,54.096,54.096,53.498,53.688,6340,0
2017-06-19,54.076,54.332,53.578,53.648,10266,0
2017-06-20,53.252,53.252,52.841,52.841,15449,0
2017-06-21,52.851,52.851,52.025,52.025,10129,0
2017-06-22,51.885,52.029,51.489,51.716,8685,0
2017-06-23,51.975,51.975,51.467,51.576,7294,0
2017-06-26,51.427,52.074,51.403,51.805,7114,0
2017-06-27,52.005,52.688,51.955,52.054,7271,0
2017-06-28,52.682,53.13,52.672,52.971,24354,0
2017-06-29,53.857,54.086,53.18,53.747,12223,0
2017-06-30,53.817,54.146,53.253,53.518,30481,0
2017-07-03,53.668,54.858,53.668,54.634,5954,0
2017-07-05,54.743,54.823,53.975,54.395,60855,0
2017-07-06,54.245,54.474,53.668,53.787,19307,0
2017-07-07,53.528,54.146,53.478,54.096,3958,0
2017-07-10,53.777,54.006,53.498,53.583,36017,0
2017-07-11,53.548,53.927,53.11,53.488,5077,0
2017-07-12,53.249,53.787,53.2,53.459,11030,0
2017-07-13,53.409,53.678,53.22,53.482,8465,0
2017-07-14,52.752,53.378,52.593,53.23,10206,0
2017-07-17,53.02,53.421,52.91,53.18,10714,0
2017-07-18,52.761,53.209,52.761,53.14,14859,0
2017-07-19,53.259,53.489,52.873,53.17,8316,0
2017-07-20,53.299,53.498,52.981,53.09,6657,0
2017-07-21,52.991,53.107,52.607,52.642,7843,0
2017-07-24,52.662,53.15,52.662,53.15,6250,0
2017-07-25,53.976,54.275,53.943,54.136,10060,0
2017-07-26,54.026,54.026,52.692,52.692,4396,0
2017-07-27,52.871,53.257,52.576,52.831,10704,0
2017-07-28,52.532,52.532,52.009,52.204,3242,0
2017-07-31,52.413,52.692,52.195,52.483,6883,0
2017-08-01,52.662,52.831,52.612,52.831,10347,0
2017-08-02,52.811,52.861,52.483,52.761,2837,0
2017-08-03,52.512,52.871,52.174,52.234,20976,0
2017-08-04,52.724,53.001,52.672,52.722,15377,0
2017-08-07,52.582,52.582,52.273,52.333,24285,0
2017-08-08,52.283,53.19,52.283,52.544,7195,0
2017-08-09,51.825,51.871,51.549,51.666,32895,0
2017-08-10,51.307,51.307,50.292,50.292,13575,0
2017-08-11,50.411,50.411,49.711,49.893,13775,0
2017-08-14,50.292,51.198,50.063,51.198,10669,0
2017-08-15,51.507,51.584,50.829,50.829,13145,0
2017-08-16,50.919,51.228,50.59,50.69,43404,0
2017-08-17,50.441,50.541,49.206,49.286,4422,0
2017-08-18,49.186,49.515,48.839,49.356,15916,0
2017-08-21,49.097,49.405,49.047,49.326,17182,0
2017-08-22,49.425,49.854,49.425,49.744,120130,0
2017-08-23,49.366,50.172,49.366,49.873,49059,0
2017-08-24,50.162,50.202,49.854,50.142,5490,0
2017-08-25,50.152,50.66,50.152,50.481,10347,0
2017-08-28,50.491,50.637,49.983,50.142,23250,0
2017-08-29,49.435,49.943,49.415,49.903,11564,0
2017-08-30,49.863,50.232,49.863,50.172,35860,0
2017-08-31,50.117,50.322,50.063,50.112,11896,0
2017-09-01,50.232,50.565,50.232,50.491,4139,0
2017-09-05,50.142,50.142,48.828,48.947,68945,0
2017-09-06,49.243,49.485,48.849,49.047,27887,0
2017-09-07,48.798,48.798,47.599,47.762,20503,0
2017-09-08,47.443,48.697,47.443,48.385,89771,0
2017-09-11,48.599,49.913,48.599,49.644,114815,0
2017-09-12,49.794,50.949,49.794,50.889,7318,0
2017-09-13,50.62,51.054,50.62,51.054,12369,0
2017-09-14,51.088,51.108,50.391,50.521,12325,0
2017-09-15,50.511,50.705,50.441,50.7,15517,0
2017-09-18,50.59,51.4775,50.59,51.39,9610,0
2017-09-19,51.2,51.72,51.2,51.69,2720,0
2017-09-20,51.2,52.43,51.2,52.31,5297,0
2017-09-21,52.35,52.619,52.305,52.42,17623,0
2017-09-22,52.452,52.6992,52.452,52.6,5026,0
2017-09-25,52.61,53,52.48,52.76,9581,0
2017-09-26,53.03,53.249,52.9268,53.24,5002,0
2017-09-27,53.96,54.74,53.59,54.51,13996,0
2017-09-28,54.42,54.81,54.04,54.81,9088,0
2017-09-29,54.82,55.48,54.689,55.03,123643,0
2017-10-02,55.04,55.45,54.75,55.4021,8384,0
2017-10-03,55.5861,55.5861,54.89,55.27,8300,0
2017-10-04,55.06,55.06,54.31,54.36,29083,0
2017-10-05,54.46,55.2019,54.33,55.03,62648,0
2017-10-06,55.3,55.38,54.87,55.09,12382,0
2017-10-09,55.15,55.15,54.81,54.99,29257,0
2017-10-10,55.11,55.48,55.008,55.48,9879,0
2017-10-11,55,55.3598,54.968,55,8494,0
2017-10-12,55.01,55.01,54.58,54.62,9373,0
2017-10-13,54.27,54.781,53.9897,54.37,13470,0
2017-10-16,54.37,54.82,54.37,54.79,3253,0
2017-10-17,54.75,54.75,54,54.09,6606,0
2017-10-18,54.37,54.6601,54.3347,54.48,8189,0
2017-10-19,54.22,55.09,54.1566,54.93,4100,0
2017-10-20,55.5,55.8,55.4,55.64,16629,0
2017-10-23,55.55,55.63,54.9765,54.9765,6116,0
2017-10-24,55.566,55.58,55.28,55.41,4499,0
2017-10-25,55.336,55.336,54.625,55.09,10417,0
2017-10-26,55.36,55.8,55.271,55.8,1943,0
2017-10-27,56.1934,56.1934,55.84,55.91,5388,0
2017-10-30,55.6,55.7,54.748,54.8707,59832,0
2017-10-31,55.4803,55.4803,55.19,55.233,2873,0
2017-11-01,55.45,55.45,54.51,54.83,19693,0
2017-11-02,54.62,55.3,54.45,55.27,3665,0
2017-11-03,54.8392,55.149,54.81,55.037,18056,0
2017-11-06,54.82,55.0045,54.8,54.9952,4690,0
2017-11-07,54.1672,54.1672,53.2441,53.33,10717,0
2017-11-08,53.12,53.13,52.54,53,16583,0
2017-11-09,52.63,52.99,51.898,52.39,6417,0
2017-11-10,52.69,52.7962,52.47,52.63,6692,0
