Date,Open,High,Low,Close,Volume,OpenInt
2009-11-03,21.812,22.466,19.681,22.301,60510,0
2009-11-04,22.54,22.627,22.066,22.112,128751,0
2009-11-05,22.373,22.719,22.283,22.69,39308,0
2009-11-06,22.493,22.882,22.43,22.719,96069,0
2009-11-09,23.262,23.262,22.944,23.234,104941,0
2009-11-10,23.234,23.326,22.925,23.109,161238,0
2009-11-11,23.326,23.526,23.172,23.318,90987,0
2009-11-12,23.381,23.472,22.882,22.916,77748,0
2009-11-13,23.064,23.207,22.757,23.109,115315,0
2009-11-16,23.3,23.806,23.3,23.679,91588,0
2009-11-17,23.599,23.725,23.463,23.662,103004,0
2009-11-18,23.725,23.725,23.407,23.609,149048,0
2009-11-19,23.407,23.407,22.89,23.073,114918,0
2009-11-20,22.882,23.046,22.802,22.944,93105,0
2009-11-23,23.29,23.563,23.182,23.243,162617,0
2009-11-24,23.318,23.326,22.899,23.147,87496,0
2009-11-25,23.29,23.309,23.164,23.189,102334,0
2009-11-27,22.373,22.944,22.293,22.699,142999,0
2009-11-30,22.618,22.774,22.373,22.774,151760,0
2009-12-01,23.027,23.198,22.944,23.119,174228,0
2009-12-02,23.147,23.516,23.147,23.355,75320,0
2009-12-03,23.497,23.59,23.092,23.109,62584,0
2009-12-04,23.599,23.762,23.172,23.609,235918,0
2009-12-07,23.618,23.735,23.497,23.618,98935,0
2009-12-08,23.472,23.59,23.216,23.425,203987,0
2009-12-09,23.488,23.488,23.182,23.39,182779,0
2009-12-10,23.58,23.58,23.243,23.372,120547,0
2009-12-11,23.526,23.599,23.336,23.563,48131,0
2009-12-14,23.806,23.954,23.534,23.944,110171,0
2009-12-15,23.917,24.078,23.825,23.88,58868,0
2009-12-16,24.078,24.143,23.936,24.078,121349,0
2009-12-17,23.954,23.969,23.679,23.797,142084,0
2009-12-18,24.023,24.023,23.697,23.998,117682,0
2009-12-21,24.188,24.351,24.162,24.333,122536,0
2009-12-22,24.386,24.613,24.324,24.613,171235,0
2009-12-23,24.712,24.806,24.533,24.778,171389,0
2009-12-24,24.895,24.904,24.832,24.895,135539,0
2009-12-28,25.014,25.014,24.769,24.849,157635,0
2009-12-29,24.914,24.941,24.814,24.832,207701,0
2009-12-30,24.759,24.877,24.633,24.806,222612,0
2009-12-31,24.849,24.904,24.451,24.451,193888,0
2010-01-04,24.859,25.058,24.778,25.014,213118,0
2010-01-05,25.058,25.157,24.931,25.086,210619,0
2010-01-06,25.113,25.213,25.077,25.121,137153,0
2010-01-07,25.167,25.323,24.941,25.314,156196,0
2010-01-08,25.241,25.439,25.167,25.439,131951,0
2010-01-11,25.585,25.603,25.305,25.392,242678,0
2010-01-12,25.222,25.276,24.95,25.049,220219,0
2010-01-13,25.148,25.392,24.895,25.358,125788,0
2010-01-14,25.305,25.493,25.251,25.448,104746,0
2010-01-15,25.458,25.484,24.978,25.113,178655,0
2010-01-19,25.213,25.493,25.185,25.484,269513,0
2010-01-20,25.349,25.349,24.941,25.251,273621,0
2010-01-21,25.276,25.402,24.722,24.796,136819,0
2010-01-22,24.788,24.841,24.207,24.278,136817,0
2010-01-25,24.46,24.479,24.178,24.333,123582,0
2010-01-26,24.278,24.488,24.115,24.188,141904,0
2010-01-27,24.106,24.386,23.944,24.361,94367,0
2010-01-28,24.441,24.441,23.779,23.969,125730,0
2010-01-29,24.115,24.333,23.662,23.762,81302,0
2010-02-01,23.834,24.06,23.797,24.052,164451,0
2010-02-02,24.125,24.403,24.023,24.379,102747,0
2010-02-03,24.296,24.395,24.042,24.197,83047,0
2010-02-04,24.042,24.042,23.326,23.355,134851,0
2010-02-05,23.416,23.416,22.899,23.416,279159,0
2010-02-08,23.355,23.59,23.182,23.182,186263,0
2010-02-09,23.516,23.646,23.262,23.526,158604,0
2010-02-10,23.488,23.627,23.243,23.526,95846,0
2010-02-11,23.544,23.944,23.355,23.936,77354,0
2010-02-12,23.735,24.088,23.646,24.078,118912,0
2010-02-16,24.386,24.552,24.178,24.542,83890,0
2010-02-17,24.66,24.778,24.561,24.703,93379,0
2010-02-18,24.722,24.904,24.669,24.895,131898,0
2010-02-19,24.824,25.067,24.788,24.959,100115,0
2010-02-22,25.086,25.104,24.959,24.986,153458,0
2010-02-23,25.005,25.005,24.623,24.641,123832,0
2010-02-24,24.769,24.959,24.712,24.904,118881,0
2010-02-25,24.57,24.904,24.488,24.895,178672,0
2010-02-26,24.931,24.941,24.676,24.859,67370,0
2010-03-01,25.067,25.368,25.022,25.349,232211,0
2010-03-02,25.476,25.665,25.429,25.585,528140,0
2010-03-03,25.665,25.84,25.558,25.629,227074,0
2010-03-04,25.73,25.776,25.612,25.739,175937,0
2010-03-05,25.929,26.244,25.884,26.209,202317,0
2010-03-08,26.244,26.356,26.209,26.3,340817,0
2010-03-09,26.226,26.564,26.209,26.382,362238,0
2010-03-10,26.411,26.718,26.401,26.601,466691,0
2010-03-11,26.509,26.718,26.366,26.718,283884,0
2010-03-12,26.847,26.847,26.555,26.718,237005,0
2010-03-15,26.691,26.718,26.42,26.644,237306,0
2010-03-16,26.709,26.89,26.609,26.872,105729,0
2010-03-17,26.964,27.219,26.937,27.088,232998,0
2010-03-18,27.107,27.172,26.947,26.999,175115,0
2010-03-19,27.079,27.079,26.601,26.663,227127,0
2010-03-22,26.366,26.973,26.347,26.928,259776,0
2010-03-23,26.991,27.255,26.855,27.236,132351,0
2010-03-24,27.154,27.191,26.954,26.954,172975,0
2010-03-25,27.236,27.324,26.763,26.781,356745,0
2010-03-26,26.964,27.044,26.663,26.791,219192,0
2010-03-29,26.937,26.982,26.799,26.918,136273,0
2010-03-30,27.052,27.107,26.799,26.947,106490,0
2010-03-31,26.947,27.135,26.799,26.809,83825,0
2010-04-01,27.071,27.135,26.818,27.034,142187,0
2010-04-05,27.21,27.554,27.088,27.554,337549,0
2010-04-06,27.545,27.799,27.417,27.733,345750,0
2010-04-07,27.771,27.78,27.433,27.625,280381,0
2010-04-08,27.545,27.697,27.307,27.598,156988,0
2010-04-09,27.669,27.807,27.49,27.789,187063,0
2010-04-12,27.845,27.977,27.799,27.933,221377,0
2010-04-13,27.915,28.015,27.716,27.987,190823,0
2010-04-14,28.214,28.57,28.142,28.551,345679,0
2010-04-15,28.632,28.731,28.532,28.669,438274,0
2010-04-16,28.624,28.65,28.025,28.269,601869,0
2010-04-19,28.151,28.35,27.706,28.105,435541,0
2010-04-20,28.288,28.522,28.169,28.522,232459,0
2010-04-21,28.632,28.749,28.479,28.723,192311,0
2010-04-22,28.504,29.076,28.297,29.05,309413,0
2010-04-23,29.15,29.36,28.96,29.351,264106,0
2010-04-26,29.558,29.558,29.222,29.239,403812,0
2010-04-27,29.149,29.323,28.479,28.532,667538,0
2010-04-28,28.713,28.749,28.396,28.56,310897,0
2010-04-29,28.794,29.149,28.641,29.13,226574,0
2010-04-30,29.203,29.23,28.343,28.35,217992,0
2010-05-03,28.749,28.95,28.522,28.95,165492,0
2010-05-04,28.551,28.57,27.924,28.071,645576,0
2010-05-05,27.706,28.035,26.573,27.642,516728,0
2010-05-06,27.471,28.297,18.103,26.617,482096,0
2010-05-07,26.429,26.736,25.548,25.892,452942,0
2010-05-10,27.298,27.36,26.855,27.236,1106341,0
2010-05-11,26.964,27.854,26.89,27.48,230015,0
2010-05-12,27.572,28.26,27.572,28.232,304196,0
2010-05-13,28.269,28.431,27.861,27.996,705279,0
2010-05-14,27.752,27.835,27.062,27.36,381356,0
2010-05-17,27.535,27.716,26.663,27.36,277082,0
2010-05-18,27.687,27.78,26.781,26.909,214031,0
2010-05-19,26.718,27.044,26.165,26.573,223017,0
2010-05-20,25.831,25.945,25.258,25.258,359229,0
2010-05-21,24.849,25.849,24.731,25.648,613643,0
2010-05-24,25.629,25.776,25.286,25.323,180252,0
2010-05-25,24.676,25.323,24.306,25.305,210936,0
2010-05-26,25.502,25.992,25.276,25.368,169283,0
2010-05-27,26.076,26.483,25.811,26.483,453237,0
2010-05-28,26.429,26.519,25.936,26.157,215881,0
2010-06-01,25.874,26.194,25.368,25.376,110131,0
2010-06-02,25.502,26.047,25.295,26.038,128479,0
2010-06-03,26.147,26.436,26.001,26.382,163793,0
2010-06-04,25.684,25.902,25.067,25.138,221940,0
2010-06-07,25.305,25.305,24.488,24.488,217029,0
2010-06-08,24.533,24.731,24.033,24.507,444169,0
2010-06-09,24.796,25.13,24.432,24.552,144484,0
2010-06-10,24.996,25.384,24.904,25.368,157960,0
2010-06-11,25.13,25.73,25.13,25.72,108873,0
2010-06-14,26.057,26.329,25.811,25.866,178258,0
2010-06-15,26.123,26.583,26.001,26.519,169295,0
2010-06-16,26.319,26.654,26.244,26.42,260555,0
2010-06-17,26.591,26.591,26.123,26.373,99832,0
2010-06-18,26.492,26.583,26.253,26.411,113734,0
2010-06-21,26.763,26.799,25.954,26.113,204148,0
2010-06-22,26.165,26.401,25.512,25.558,106739,0
2010-06-23,25.512,25.72,25.157,25.476,116029,0
2010-06-24,25.295,25.439,25.005,25.067,162000,0
2010-06-25,25.121,25.53,24.931,25.448,176481,0
2010-06-28,25.476,25.694,25.232,25.384,111333,0
2010-06-29,24.941,24.941,24.226,24.403,232775,0
2010-06-30,24.35,24.687,24.03,24.104,129608,0
2010-07-01,24.088,24.169,23.363,23.944,309607,0
2010-07-02,24.078,24.106,23.563,23.697,102329,0
2010-07-06,24.125,24.306,23.29,23.425,136955,0
2010-07-07,23.472,24.286,23.463,24.242,85472,0
2010-07-08,24.57,24.676,24.286,24.595,112757,0
2010-07-09,24.66,24.968,24.524,24.959,70696,0
2010-07-12,24.959,25.041,24.507,24.722,102139,0
2010-07-13,25.121,25.539,25.014,25.448,214663,0
2010-07-14,25.439,25.558,25.222,25.41,226167,0
2010-07-15,25.476,25.476,24.904,25.286,86378,0
2010-07-16,25.086,25.086,24.296,24.351,144885,0
2010-07-19,24.451,24.488,24.015,24.422,72266,0
2010-07-20,24.115,24.877,24.015,24.832,272369,0
2010-07-21,25.032,25.041,24.386,24.441,90643,0
2010-07-22,24.769,25.314,24.769,25.267,828903,0
2010-07-23,25.157,25.84,25.095,25.811,175325,0
2010-07-26,25.884,26.373,25.768,26.373,213639,0
2010-07-27,26.644,26.644,26.13,26.217,222873,0
2010-07-28,26.165,26.226,25.72,25.811,551246,0
2010-07-29,26.085,26.157,25.384,25.749,176233,0
2010-07-30,25.42,25.954,25.305,25.784,181388,0
2010-08-02,26.253,26.338,26.066,26.253,180953,0
2010-08-03,26.226,26.329,25.849,26.02,155569,0
2010-08-04,26.184,26.329,26.038,26.253,107275,0
2010-08-05,26.175,26.244,25.983,26.038,161405,0
2010-08-06,25.665,25.983,25.484,25.892,222940,0
2010-08-09,26.076,26.253,25.954,26.184,190838,0
2010-08-10,25.91,26.001,25.566,25.749,132080,0
2010-08-11,25.213,25.213,24.731,24.796,159066,0
2010-08-12,24.278,24.75,24.152,24.633,141532,0
2010-08-13,24.533,24.623,24.369,24.413,292482,0
2010-08-16,24.269,24.669,24.169,24.507,470950,0
2010-08-17,24.806,25.138,24.669,24.941,92201,0
2010-08-18,24.886,25.251,24.722,25.032,113083,0
2010-08-19,24.914,25.005,24.361,24.451,136030,0
2010-08-20,24.314,24.432,24.07,24.432,118160,0
2010-08-23,24.577,24.676,24.096,24.115,100336,0
2010-08-24,23.725,24.042,23.488,23.779,705679,0
2010-08-25,23.618,24.152,23.497,24.088,136033,0
2010-08-26,24.207,24.361,23.871,23.926,92156,0
2010-08-27,24.125,24.533,23.706,24.507,172600,0
2010-08-30,24.413,24.524,24.015,24.015,68056,0
2010-08-31,23.924,24.242,23.749,23.968,101710,0
2010-09-01,24.395,24.877,24.333,24.859,156307,0
2010-09-02,24.886,25.241,24.824,25.213,151731,0
2010-09-03,25.522,25.711,25.392,25.639,125643,0
2010-09-07,25.512,25.512,25.121,25.175,94269,0
2010-09-08,25.213,25.493,25.213,25.332,113293,0
2010-09-09,25.648,25.684,25.185,25.376,86986,0
2010-09-10,25.429,25.576,25.323,25.429,57411,0
2010-09-13,25.711,26.057,25.684,25.963,108543,0
2010-09-14,25.945,26.165,25.831,25.936,97782,0
2010-09-15,25.892,26.113,25.711,26.085,123563,0
2010-09-16,25.983,26.085,25.776,25.945,70959,0
2010-09-17,26.094,26.13,25.711,26.029,63070,0
2010-09-20,26.038,26.636,25.92,26.601,244333,0
2010-09-21,26.636,26.727,26.411,26.446,121409,0
2010-09-22,26.347,26.519,25.973,26.147,126399,0
2010-09-23,25.954,26.31,25.811,25.866,78400,0
2010-09-24,26.165,26.644,26.147,26.609,139569,0
2010-09-27,26.644,26.701,26.455,26.564,117947,0
2010-09-28,26.591,26.847,26.175,26.828,191969,0
2010-09-29,26.736,26.973,26.691,26.881,178727,0
2010-09-30,27.03,27.207,26.631,26.824,132975,0
2010-10-01,27.107,27.107,26.755,26.973,90604,0
2010-10-04,26.872,27.044,26.465,26.626,114104,0
2010-10-05,26.899,27.36,26.791,27.307,217890,0
2010-10-06,27.255,27.36,27.044,27.163,112698,0
2010-10-07,27.298,27.324,26.937,27.116,91294,0
2010-10-08,27.116,27.545,27.017,27.443,115756,0
2010-10-11,27.499,27.65,27.417,27.49,84935,0
2010-10-12,27.389,27.669,27.145,27.59,96896,0
2010-10-13,27.807,28.151,27.669,27.969,128537,0
2010-10-14,28.006,28.062,27.687,27.888,237762,0
2010-10-15,28.079,28.132,27.669,27.845,86438,0
2010-10-18,27.898,28.052,27.845,28.052,134326,0
2010-10-19,27.687,27.969,27.317,27.499,236777,0
2010-10-20,27.625,27.941,27.572,27.799,143381,0
2010-10-21,27.933,28.105,27.417,27.697,131263,0
2010-10-22,27.752,27.933,27.697,27.906,75379,0
2010-10-25,28.205,28.368,28.052,28.096,152110,0
2010-10-26,27.96,28.214,27.799,28.035,101837,0
2010-10-27,27.861,27.987,27.642,27.977,200992,0
2010-10-28,28.214,28.25,27.725,27.845,130225,0
2010-10-29,27.738,28.033,27.738,27.921,182393,0
2010-11-01,28.105,28.24,27.598,27.789,161434,0
2010-11-02,28.151,28.26,27.924,28.24,161032,0
2010-11-03,28.269,28.396,27.977,28.359,121300,0
2010-11-04,28.867,29.041,28.759,29.032,338835,0
2010-11-05,29.092,29.323,29.05,29.212,236256,0
2010-11-08,29.157,29.295,29.004,29.212,171189,0
2010-11-09,29.313,29.368,28.723,28.848,377706,0
2010-11-10,28.914,29.13,28.624,29.13,108673,0
2010-11-11,28.84,29.166,28.749,29.058,81541,0
2010-11-12,28.794,29.004,28.551,28.614,109644,0
2010-11-15,28.777,28.896,28.596,28.596,98337,0
2010-11-16,28.396,28.45,27.888,28.087,227222,0
2010-11-17,28.169,28.24,28.025,28.189,109651,0
2010-11-18,28.532,28.786,28.522,28.632,208784,0
2010-11-19,28.596,28.802,28.431,28.759,98899,0
2010-11-22,28.678,28.959,28.532,28.914,175602,0
2010-11-23,28.56,28.723,28.459,28.641,223467,0
2010-11-24,28.932,29.267,28.904,29.267,127886,0
2010-11-26,29.12,29.23,29.058,29.139,49241,0
2010-11-29,28.987,29.13,28.65,29.101,150954,0
2010-11-30,28.732,29.034,28.669,28.878,119845,0
2010-12-01,29.429,29.577,29.377,29.502,365290,0
2010-12-02,29.567,29.892,29.529,29.875,226378,0
2010-12-03,29.766,30.175,29.711,30.092,178631,0
2010-12-06,30.109,30.308,30.037,30.239,239773,0
2010-12-07,30.663,30.663,30.308,30.343,731263,0
2010-12-08,30.465,30.537,30.29,30.352,199008,0
2010-12-09,30.608,30.608,30.362,30.474,585725,0
2010-12-10,30.582,30.881,30.483,30.836,206449,0
2010-12-13,30.989,30.989,30.672,30.672,540713,0
2010-12-14,30.8,30.827,30.6,30.654,390494,0
2010-12-15,30.654,30.916,30.492,30.511,304009,0
2010-12-16,30.545,30.836,30.483,30.8,171187,0
2010-12-17,30.845,30.971,30.689,30.907,152869,0
2010-12-20,30.926,31.045,30.773,30.907,243342,0
2010-12-21,31.045,31.272,31.027,31.235,194203,0
2010-12-22,31.335,31.397,31.235,31.291,169733,0
2010-12-23,31.335,31.37,31.198,31.225,282410,0
2010-12-27,31.135,31.344,31.045,31.318,145923,0
2010-12-28,31.335,31.37,31.144,31.244,134416,0
2010-12-29,31.311,31.363,31.254,31.311,311996,0
2010-12-30,31.301,31.437,31.301,31.32,167205,0
2010-12-31,31.248,31.331,31.101,31.111,202077,0
2011-01-03,31.454,31.761,31.353,31.616,250111,0
2011-01-04,31.752,31.752,30.89,31.216,336936,0
2011-01-05,31.16,31.552,31.108,31.525,248113,0
2011-01-06,31.589,31.633,31.353,31.454,204632,0
2011-01-07,31.515,31.624,30.907,31.309,221716,0
2011-01-10,31.216,31.562,30.971,31.479,244798,0
2011-01-11,31.651,31.716,31.444,31.589,282718,0
2011-01-12,31.851,31.888,31.689,31.832,227664,0
2011-01-13,31.832,31.953,31.706,31.806,190457,0
2011-01-14,31.798,32.086,31.743,32.015,261973,0
2011-01-18,31.996,32.141,31.822,32.141,272734,0
2011-01-19,32.105,32.15,31.397,31.46,241462,0
2011-01-20,31.291,31.425,30.962,31.108,349243,0
2011-01-21,31.291,31.318,30.935,30.971,141261,0
2011-01-24,31.018,31.309,30.926,31.198,143397,0
2011-01-25,31.045,31.225,30.881,31.225,163098,0
2011-01-26,31.291,31.743,31.206,31.642,214885,0
2011-01-27,31.67,31.915,31.599,31.822,167332,0
2011-01-28,31.822,31.822,31.081,31.108,222297,0
2011-01-31,31.239,31.532,31.065,31.349,242897,0
2011-02-01,31.633,32.05,31.57,31.943,139589,0
2011-02-02,31.962,32.123,31.879,31.915,206000,0
2011-02-03,31.896,32.05,31.57,32.025,233279,0
2011-02-04,32.006,32.169,31.924,32.132,147191,0
2011-02-07,32.214,32.634,32.179,32.441,298193,0
2011-02-08,32.466,32.65,32.369,32.65,309774,0
2011-02-09,32.596,32.696,32.414,32.54,203888,0
2011-02-10,32.288,32.73,32.288,32.696,206632,0
2011-02-11,32.568,33.067,32.568,33.067,248910,0
2011-02-14,33.119,33.269,33.074,33.249,350718,0
2011-02-15,33.193,33.286,33.005,33.05,311173,0
2011-02-16,33.212,33.384,33.148,33.327,178443,0
2011-02-18,33.646,33.702,33.448,33.554,206555,0
2011-02-22,33.286,33.393,32.634,32.66,381856,0
2011-02-23,32.747,32.757,31.851,32.132,408160,0
2011-02-24,32.132,32.422,31.906,32.279,193902,0
2011-02-25,32.441,32.996,32.441,32.996,297710,0
2011-02-28,33.206,33.29,32.83,33.068,216980,0
2011-03-01,33.243,33.253,32.342,32.406,252754,0
2011-03-02,32.351,32.731,32.334,32.56,182035,0
2011-03-03,32.906,33.359,32.906,33.272,227228,0
2011-03-04,33.32,33.32,32.876,33.138,219577,0
2011-03-07,33.286,33.32,32.341,32.642,327331,0
2011-03-08,32.67,33.24,32.441,33.083,152358,0
2011-03-09,33.005,33.102,32.829,32.94,124442,0
2011-03-10,32.477,32.504,32.086,32.16,306805,0
2011-03-11,31.879,32.442,31.879,32.324,178409,0
2011-03-14,32.006,32.35,31.851,32.132,161876,0
2011-03-15,31.291,32.086,31.16,31.87,685532,0
2011-03-16,31.779,32.105,31.407,31.525,313040,0
2011-03-17,31.949,32.002,31.664,31.684,229715,0
2011-03-18,32.06,32.069,31.888,31.987,169488,0
2011-03-21,32.423,32.671,32.37,32.671,217375,0
2011-03-22,32.714,32.778,32.442,32.514,117467,0
2011-03-23,32.406,32.644,32.123,32.551,131804,0
2011-03-24,32.805,32.878,32.485,32.805,142967,0
2011-03-25,32.99,33.349,32.831,33.053,263610,0
2011-03-28,33.225,33.253,32.962,32.99,156732,0
2011-03-29,32.99,33.289,32.805,33.262,134567,0
2011-03-30,33.452,33.706,33.378,33.668,370000,0
2011-03-31,33.67,33.81,33.597,33.783,155644,0
2011-04-01,34.005,34.115,33.861,33.969,211413,0
2011-04-04,34.115,34.153,33.959,34.034,141113,0
2011-04-05,34.005,34.406,33.987,34.222,115240,0
2011-04-06,34.441,34.498,34.107,34.251,212363,0
2011-04-07,34.334,34.406,33.987,34.089,166193,0
2011-04-08,34.279,34.279,33.614,33.771,178641,0
2011-04-11,33.761,33.861,33.368,33.49,180303,0
2011-04-12,33.281,33.405,33.043,33.104,181646,0
2011-04-13,33.331,33.405,32.953,33.151,222182,0
2011-04-14,32.85,33.272,32.85,33.253,173654,0
2011-04-15,33.262,33.578,33.159,33.578,98442,0
2011-04-18,33.104,33.122,32.805,33.053,252243,0
2011-04-19,33.169,33.262,32.933,33.113,241620,0
2011-04-20,33.641,33.761,33.543,33.752,262662,0
2011-04-21,33.931,34.034,33.752,34.005,160214,0
2011-04-25,34.014,34.052,33.798,33.987,134512,0
2011-04-26,34.052,34.423,34.014,34.27,359409,0
2011-04-27,34.343,34.516,34.17,34.516,169163,0
2011-04-28,34.423,34.644,34.423,34.625,153907,0
2011-04-29,34.646,34.809,34.551,34.727,157292,0
2011-05-02,34.915,35.016,34.379,34.414,207882,0
2011-05-03,34.324,34.414,33.798,34.014,175090,0
2011-05-04,34.034,34.089,33.424,33.614,193916,0
2011-05-05,33.359,33.897,33.281,33.499,175739,0
2011-05-06,33.889,34.034,33.507,33.622,216222,0
2011-05-09,33.614,34.014,33.516,33.969,184932,0
2011-05-10,34.098,34.441,34.089,34.433,214087,0
2011-05-11,34.362,34.37,33.743,33.922,151543,0
2011-05-12,33.706,34.251,33.55,34.153,131798,0
2011-05-13,34.196,34.261,33.65,33.752,113093,0
2011-05-16,33.55,33.861,33.289,33.306,331860,0
2011-05-17,33.025,33.281,32.925,33.104,423293,0
2011-05-18,33.122,33.631,33.113,33.631,102077,0
2011-05-19,33.833,33.889,33.462,33.706,138749,0
2011-05-20,33.596,33.641,33.272,33.471,82312,0
2011-05-23,32.859,33.086,32.796,32.906,143285,0
2011-05-24,32.962,33.095,32.714,32.796,143171,0
2011-05-25,32.707,33.225,32.671,33.122,377404,0
2011-05-26,33.033,33.507,33.015,33.507,46926,0
2011-05-27,33.661,33.844,33.623,33.745,90129,0
2011-05-31,34.166,34.174,33.8,34.166,155381,0
2011-06-01,34.079,34.107,33.113,33.151,310023,0
2011-06-02,33.262,33.359,32.953,33.086,245880,0
2011-06-03,32.56,32.933,32.542,32.644,360937,0
2011-06-06,32.579,32.681,32.105,32.133,371385,0
2011-06-07,32.295,32.465,32.212,32.212,166197,0
2011-06-08,32.11,32.185,31.837,31.885,187879,0
2011-06-09,31.968,32.212,31.818,32.047,428593,0
2011-06-10,31.885,31.902,31.446,31.583,470215,0
2011-06-13,31.641,31.797,31.298,31.478,298420,0
2011-06-14,31.774,32.212,31.719,32.129,163891,0
2011-06-15,31.818,32.057,31.509,31.619,173320,0
2011-06-16,31.628,31.865,31.273,31.636,131978,0
2011-06-17,31.949,31.949,31.556,31.664,215163,0
2011-06-20,31.574,32.031,31.528,31.958,224714,0
2011-06-21,32.185,32.679,32.148,32.642,529363,0
2011-06-22,32.493,32.821,32.44,32.465,228480,0
2011-06-23,32.065,32.549,31.783,32.502,303297,0
2011-06-24,32.634,32.642,32.138,32.231,162306,0
2011-06-27,32.277,32.53,32.102,32.458,94196,0
2011-06-28,32.596,32.989,32.52,32.989,290338,0
2011-06-29,33.122,33.281,32.896,33.178,150711,0
2011-06-30,33.321,33.559,33.27,33.48,193400,0
2011-07-01,33.508,34.054,33.406,34.017,151944,0
2011-07-05,34.036,34.147,33.891,34.11,172056,0
2011-07-06,34.064,34.3,33.924,34.254,329138,0
2011-07-07,34.601,34.837,34.537,34.72,177143,0
2011-07-08,34.319,34.555,34.199,34.537,370080,0
2011-07-11,34.092,34.264,33.67,33.754,152137,0
2011-07-12,33.579,33.909,33.56,33.579,142268,0
2011-07-13,33.782,34.199,33.708,33.827,119150,0
2011-07-14,33.873,34.074,33.253,33.314,107929,0
2011-07-15,33.444,33.526,33.281,33.508,163137,0
2011-07-18,33.341,33.369,32.804,33.007,178613,0
2011-07-19,33.331,33.735,33.324,33.699,119063,0
2011-07-20,33.763,33.827,33.517,33.68,200088,0
2011-07-21,33.782,34.092,33.745,33.952,169052,0
2011-07-22,33.942,34.11,33.792,34.045,221235,0
2011-07-25,33.589,33.942,33.517,33.68,202926,0
2011-07-26,33.597,33.708,33.386,33.424,162777,0
2011-07-27,33.197,33.234,32.44,32.458,178251,0
2011-07-28,32.435,32.792,32.271,32.308,186543,0
2011-07-29,31.868,32.416,31.612,32.234,249246,0
2011-08-01,32.687,32.981,31.757,32.047,400309,0
2011-08-02,31.941,32.197,30.97,31.025,452700,0
2011-08-03,30.981,31.189,30.235,31.189,775705,0
2011-08-04,30.67,30.735,29.313,29.313,582978,0
2011-08-05,29.685,29.768,28.117,28.755,486884,0
2011-08-08,27.789,28.336,26.254,26.254,809349,0
2011-08-09,26.996,27.998,25.883,27.961,490057,0
2011-08-10,27.131,27.808,26.704,26.749,365212,0
2011-08-11,26.913,28.5,26.785,28.098,316290,0
2011-08-12,28.417,28.637,27.979,28.31,378734,0
2011-08-15,28.674,29.119,28.565,29.109,263422,0
2011-08-16,28.655,29.012,28.354,28.637,160143,0
2011-08-17,28.864,29.039,28.318,28.546,117007,0
2011-08-18,27.571,27.597,26.676,26.894,534640,0
2011-08-19,26.33,27.27,26.274,26.422,294443,0
2011-08-22,27.169,27.188,26.202,26.403,230637,0
2011-08-23,26.548,27.544,26.301,27.544,225307,0
2011-08-24,27.534,28.064,27.322,27.998,269957,0
2011-08-25,28.292,28.417,27.242,27.35,165500,0
2011-08-26,27.198,28.117,26.813,28.036,150418,0
2011-08-29,28.454,29.348,28.425,29.331,350972,0
2011-08-30,29.138,29.676,28.864,29.475,288178,0
2011-08-31,29.696,30.017,29.237,29.512,320734,0
2011-09-01,29.578,29.85,28.808,28.902,165670,0
2011-09-02,28.274,28.512,27.824,27.933,108793,0
2011-09-06,26.934,27.841,26.915,27.822,228665,0
2011-09-07,28.326,28.92,28.197,28.883,131070,0
2011-09-08,28.636,29.075,28.316,28.443,235852,0
2011-09-09,28.104,28.279,27.39,27.654,121253,0
2011-09-12,27.188,27.845,27.178,27.817,135590,0
2011-09-13,28.042,28.361,27.775,28.27,500884,0
2011-09-14,28.498,29.1,27.994,28.755,143685,0
2011-09-15,29.012,29.173,28.655,29.156,200222,0
2011-09-16,29.287,29.379,28.956,29.166,303358,0
2011-09-19,28.636,28.985,28.361,28.728,83630,0
2011-09-20,28.798,29.092,28.289,28.307,85563,0
2011-09-21,28.205,28.491,27.227,27.227,90755,0
2011-09-22,26.281,26.868,25.917,26.357,250408,0
2011-09-23,26.3,26.768,26.183,26.648,191459,0
2011-09-26,26.886,27.227,26.3,27.191,255641,0
2011-09-27,27.822,28.37,27.557,27.72,114608,0
2011-09-28,27.701,27.858,26.705,26.712,86799,0
2011-09-29,27.409,27.418,26.374,27.077,135595,0
2011-09-30,26.599,26.985,26.266,26.266,96068,0
2011-10-03,26.045,26.412,24.854,24.873,677658,0
2011-10-04,24.608,26.291,24.499,26.244,634497,0
2011-10-05,26.253,26.896,25.98,26.731,368083,0
2011-10-06,26.64,27.435,26.558,27.427,370251,0
2011-10-07,27.584,27.602,26.731,26.805,255904,0
2011-10-10,27.455,27.921,27.354,27.912,182246,0
2011-10-11,27.701,28.188,27.628,28.051,144312,0
2011-10-12,28.326,28.783,28.232,28.462,195580,0
2011-10-13,28.351,28.581,28.013,28.443,127098,0
2011-10-14,28.836,29.048,28.525,28.985,163215,0
2011-10-17,28.774,28.807,28.023,28.078,83007,0
2011-10-18,28.188,29.04,27.692,28.836,123829,0
2011-10-19,28.736,28.985,28.232,28.351,104830,0
2011-10-20,28.433,28.491,27.738,28.433,85274,0
2011-10-21,28.807,29.092,28.682,29.085,89852,0
2011-10-24,29.203,30.118,29.203,30.073,186814,0
2011-10-25,29.89,29.89,29.213,29.267,169209,0
2011-10-26,29.899,29.926,28.976,29.744,101356,0
2011-10-27,31.035,31.473,30.549,31.236,364063,0
2011-10-28,31.245,31.456,31.035,31.189,126077,0
2011-10-31,30.568,30.935,30.401,30.401,1077496,0
2011-11-01,29.166,29.909,29.075,29.324,172685,0
2011-11-02,29.826,30.063,29.496,29.999,147161,0
2011-11-03,30.422,30.797,29.734,30.751,101613,0
2011-11-04,30.384,30.715,30.155,30.604,58948,0
2011-11-07,30.684,30.751,29.964,30.568,123704,0
2011-11-08,30.825,31.007,30.175,30.933,170962,0
2011-11-09,30.045,30.282,29.542,29.589,231678,0
2011-11-10,30.027,30.027,29.457,29.744,105209,0
2011-11-11,30.118,30.603,30.118,30.477,923117,0
2011-11-14,30.441,30.505,29.964,30.137,81789,0
2011-11-15,29.964,30.577,29.771,30.449,170884,0
2011-11-16,30.073,30.62,29.944,29.954,95306,0
2011-11-17,29.982,30.063,29.315,29.467,215232,0
2011-11-18,29.606,29.606,29.249,29.432,90056,0
2011-11-21,28.827,28.911,28.462,28.755,174600,0
2011-11-22,28.709,28.864,28.334,28.491,394646,0
2011-11-23,28.205,28.214,27.602,27.637,173041,0
2011-11-25,27.538,27.85,27.361,27.361,93266,0
2011-11-28,28.462,28.636,28.26,28.544,263329,0
2011-11-29,28.591,28.728,28.361,28.507,156533,0
2011-11-30,29.745,30.086,29.531,30.086,250717,0
2011-12-01,30.017,30.282,29.854,29.909,222693,0
2011-12-02,30.31,30.487,29.981,29.998,137299,0
2011-12-05,30.586,30.779,30.282,30.505,215710,0
2011-12-06,30.478,30.631,30.212,30.487,73717,0
2011-12-07,30.25,30.569,29.834,30.413,219497,0
2011-12-08,30.118,30.212,29.455,29.512,143312,0
2011-12-09,29.588,30.468,29.54,30.319,124709,0
2011-12-12,29.872,29.999,29.552,29.881,169223,0
2011-12-13,30.184,30.282,29.136,29.274,110682,0
2011-12-14,29.027,29.171,28.724,28.842,152533,0
2011-12-15,29.287,29.287,28.874,29.085,72521,0
2011-12-16,29.385,29.705,29.145,29.357,88253,0
2011-12-19,29.651,29.651,28.76,28.803,79743,0
2011-12-20,29.439,29.943,29.402,29.898,158781,0
2011-12-21,29.825,30.091,29.494,30.017,129840,0
2011-12-22,30.147,30.403,30.137,30.273,144663,0
2011-12-23,30.393,30.441,30.222,30.393,104206,0
2011-12-27,30.336,30.65,30.212,30.506,184879,0
2011-12-28,30.569,30.569,29.934,29.981,158562,0
2011-12-29,30.053,30.364,30.045,30.327,88184,0
2011-12-30,30.287,30.428,30.14,30.14,182730,0
2012-01-03,30.99,31,30.487,30.569,374140,0
2012-01-04,30.441,30.542,30.231,30.45,234418,0
2012-01-05,30.25,30.761,29.991,30.66,154484,0
2012-01-06,30.696,30.826,30.384,30.641,177899,0
2012-01-09,30.771,30.826,30.506,30.743,218138,0
2012-01-10,31.155,31.229,31.056,31.164,145966,0
2012-01-11,31.065,31.349,31.056,31.314,348379,0
2012-01-12,31.413,31.413,31.028,31.394,142412,0
2012-01-13,31.201,31.257,30.926,31.164,145411,0
2012-01-17,31.523,31.579,31.138,31.201,158491,0
2012-01-18,31.21,31.763,31.128,31.753,334554,0
2012-01-19,31.899,32.064,31.78,32,289827,0
2012-01-20,32,32.046,31.882,31.982,194021,0
2012-01-23,32.02,32.23,31.735,31.956,114193,0
2012-01-24,31.799,32.184,31.615,32.138,93903,0
2012-01-25,32.147,32.514,31.991,32.466,111811,0
2012-01-26,32.699,32.699,32.156,32.305,158946,0
2012-01-27,32.202,32.569,32.202,32.532,101837,0
2012-01-30,32.322,32.45,32.046,32.349,194348,0
2012-01-31,32.608,32.608,32.123,32.283,191937,0
2012-02-01,32.589,33.02,32.504,32.947,200603,0
2012-02-02,33.03,33.25,32.966,33.11,117678,0
2012-02-03,33.661,33.883,33.543,33.801,257528,0
2012-02-06,33.652,33.792,33.597,33.718,173613,0
2012-02-07,33.735,33.828,33.499,33.699,172644,0
2012-02-08,33.81,33.954,33.49,33.783,239598,0
2012-02-09,33.917,33.917,33.471,33.689,189643,0
2012-02-10,33.329,33.404,33.165,33.287,145701,0
2012-02-13,33.67,33.718,33.443,33.67,127218,0
2012-02-14,33.543,33.588,33.347,33.588,256986,0
2012-02-15,33.727,33.763,33.26,33.357,238962,0
2012-02-16,33.386,33.982,33.367,33.964,208227,0
2012-02-17,34.151,34.151,33.892,33.917,466927,0
2012-02-21,34.001,34.02,33.569,33.709,229357,0
2012-02-22,33.642,33.792,33.471,33.516,171132,0
2012-02-23,33.559,33.935,33.376,33.926,119617,0
2012-02-24,33.944,34.039,33.845,33.883,108451,0
2012-02-27,33.543,34.01,33.347,33.874,203291,0
2012-02-28,33.892,34.029,33.597,33.783,85281,0
2012-02-29,33.876,34.022,33.375,33.375,170637,0
2012-03-01,33.499,33.864,33.49,33.559,108712,0
2012-03-02,33.567,33.631,32.982,33.125,194474,0
2012-03-05,33.02,33.091,32.807,33.065,248002,0
2012-03-06,32.677,32.738,32.29,32.409,432497,0
2012-03-07,32.499,32.747,32.454,32.703,174464,0
2012-03-08,32.99,33.219,32.711,33.154,224288,0
2012-03-09,33.182,33.753,33.162,33.567,297639,0
2012-03-12,33.632,33.67,33.339,33.48,100216,0
2012-03-13,33.772,34.159,33.621,34.15,239005,0
2012-03-14,34.131,34.249,33.809,33.953,218377,0
2012-03-15,33.917,34.249,33.828,34.239,127543,0
2012-03-16,34.315,34.315,34.094,34.184,109990,0
2012-03-19,34.184,34.664,34.121,34.442,157781,0
2012-03-20,34.202,34.23,33.991,34.141,218057,0
2012-03-21,34.249,34.287,33.981,34.094,123111,0
2012-03-22,33.762,33.882,33.577,33.753,139909,0
2012-03-23,33.791,34.057,33.505,34.038,95746,0
2012-03-26,34.433,34.664,34.398,34.619,241584,0
2012-03-27,34.655,34.746,34.451,34.451,156371,0
2012-03-28,34.489,34.552,33.991,34.268,192153,0
2012-03-29,34.047,34.249,33.791,34.202,167254,0
2012-03-30,34.422,34.422,34.005,34.147,127175,0
2012-04-02,34.038,34.517,33.973,34.451,129738,0
2012-04-03,34.398,34.542,34.159,34.315,163948,0
2012-04-04,33.943,33.973,33.613,33.809,223190,0
2012-04-05,33.668,33.834,33.613,33.668,98680,0
2012-04-09,33.053,33.267,32.999,33.172,255158,0
2012-04-10,33.053,33.115,32.28,32.344,294140,0
2012-04-11,32.658,32.839,32.593,32.794,223250,0
2012-04-12,32.867,33.431,32.839,33.326,101983,0
2012-04-13,33.247,33.257,32.867,32.905,68894,0
2012-04-16,33.097,33.162,32.648,32.915,96028,0
2012-04-17,33.238,33.668,33.19,33.449,104350,0
2012-04-18,33.294,33.374,33.097,33.238,90292,0
2012-04-19,33.301,33.604,32.933,33.154,87259,0
2012-04-20,33.319,33.557,33.267,33.284,72644,0
2012-04-23,32.766,32.896,32.518,32.877,114646,0
2012-04-24,32.896,33.144,32.766,33.016,81232,0
2012-04-25,33.421,33.668,33.364,33.557,150899,0
2012-04-26,33.532,33.91,33.523,33.817,108370,0
2012-04-27,33.953,34.112,33.596,34.066,96254,0
2012-04-30,34.081,34.081,33.71,33.757,90769,0
2012-05-01,33.744,34.305,33.66,33.8,147923,0
2012-05-02,33.577,33.9,33.449,33.873,67827,0
2012-05-03,33.873,33.882,33.284,33.383,83593,0
2012-05-04,33.2,33.228,32.72,32.804,185681,0
2012-05-07,32.648,32.953,32.632,32.839,143943,0
2012-05-08,32.574,32.82,32.244,32.794,116327,0
2012-05-09,32.362,32.794,32.29,32.658,155582,0
2012-05-10,32.896,32.915,32.574,32.73,96266,0
2012-05-11,32.416,32.925,32.416,32.695,86877,0
2012-05-14,32.344,32.499,32.16,32.251,87934,0
2012-05-15,32.215,32.479,32.058,32.16,93769,0
2012-05-16,32.299,32.409,31.875,31.893,199291,0
2012-05-17,31.911,31.949,31.119,31.138,250102,0
2012-05-18,31.182,31.267,30.704,30.816,166148,0
2012-05-21,30.898,31.486,30.685,31.486,244656,0
2012-05-22,31.543,31.764,31.239,31.286,113752,0
2012-05-23,31.111,31.682,30.888,31.58,97311,0
2012-05-24,31.608,31.727,31.295,31.616,52875,0
2012-05-25,31.653,31.764,31.534,31.682,75864,0
2012-05-29,31.968,32.187,31.782,32.076,117779,0
2012-05-30,31.764,31.772,31.452,31.505,765192,0
2012-05-31,31.541,31.578,31.021,31.429,109607,0
2012-06-01,30.685,30.907,30.41,30.42,445585,0
2012-06-04,30.531,30.761,29.996,30.325,150584,0
2012-06-05,30.132,30.714,30.132,30.695,113861,0
2012-06-06,30.936,31.471,30.936,31.454,141689,0
2012-06-07,31.954,31.972,31.289,31.308,197743,0
2012-06-08,31.222,31.666,31.021,31.63,140265,0
2012-06-11,32.058,32.058,30.915,30.915,111641,0
2012-06-12,31.048,31.361,30.826,31.352,137200,0
2012-06-13,31.317,31.454,30.863,30.946,117772,0
2012-06-14,30.981,31.395,30.925,31.286,154325,0
2012-06-15,31.379,31.703,31.317,31.657,86321,0
2012-06-18,31.471,31.888,31.398,31.796,127812,0
2012-06-19,31.897,32.46,31.888,32.332,716267,0
2012-06-20,32.35,32.506,32.054,32.313,132936,0
2012-06-21,32.249,32.313,31.462,31.518,167963,0
2012-06-22,31.657,31.897,31.508,31.831,70526,0
2012-06-25,31.334,31.462,31.184,31.334,158535,0
2012-06-26,31.417,31.574,31.14,31.454,120044,0
2012-06-27,31.537,31.925,31.49,31.897,123433,0
2012-06-28,31.647,31.916,31.445,31.897,128617,0
2012-06-29,32.691,32.912,32.383,32.874,162473,0
2012-07-02,32.876,33.154,32.341,33.154,179624,0
2012-07-03,33.21,33.578,33.182,33.559,183153,0
2012-07-05,33.578,33.709,33.375,33.597,272974,0
2012-07-06,33.294,33.327,33.078,33.2,114972,0
2012-07-09,33.191,33.248,32.952,33.069,132526,0
2012-07-10,33.355,33.375,32.582,32.702,154614,0
2012-07-11,32.728,32.784,32.424,32.601,103742,0
2012-07-12,32.369,32.63,32.054,32.506,133627,0
2012-07-13,32.63,32.999,32.63,32.914,85698,0
2012-07-16,32.867,32.962,32.666,32.794,58115,0
2012-07-17,32.962,33.044,32.506,32.896,75395,0
2012-07-18,32.827,33.284,32.827,33.114,117420,0
2012-07-19,33.258,33.312,32.99,33.062,94870,0
2012-07-20,32.829,33.144,32.611,32.666,129967,0
2012-07-23,32.118,32.287,31.964,32.184,196999,0
2012-07-24,32.263,32.319,31.597,31.791,265856,0
2012-07-25,31.954,32.045,31.703,31.796,108590,0
2012-07-26,32.277,32.433,31.972,32.146,128445,0
2012-07-27,32.287,33.016,32.211,32.905,1106554,0
2012-07-30,32.99,33.115,32.676,32.794,113382,0
2012-07-31,32.699,32.941,32.55,32.569,169150,0
2012-08-01,32.775,32.784,32.108,32.108,160031,0
2012-08-02,31.813,32.118,31.741,31.954,147593,0
2012-08-03,32.524,32.803,32.369,32.656,157784,0
2012-08-06,32.728,33.026,32.676,32.857,76632,0
2012-08-07,33.162,33.413,33.069,33.182,289123,0
2012-08-08,33.078,33.302,33.062,33.21,125322,0
2012-08-09,33.162,33.432,33.162,33.337,79051,0
2012-08-10,33.22,33.302,33.106,33.277,776579,0
2012-08-13,33.285,33.327,32.896,33.228,130506,0
2012-08-14,33.46,33.48,33.053,33.144,101358,0
2012-08-15,33.106,33.413,33.088,33.385,94744,0
2012-08-16,33.385,33.802,33.267,33.7,105889,0
2012-08-17,33.794,34.013,33.69,33.966,706277,0
2012-08-20,33.903,33.919,33.68,33.829,67041,0
2012-08-21,33.994,34.282,33.746,33.837,110536,0
2012-08-22,33.784,33.876,33.615,33.756,103921,0
2012-08-23,33.728,33.736,33.432,33.559,104493,0
2012-08-24,33.45,33.756,33.375,33.642,90002,0
2012-08-27,33.811,33.847,33.559,33.67,135466,0
2012-08-28,33.68,33.876,33.597,33.811,63003,0
2012-08-29,33.885,34.032,33.756,33.919,89049,0
2012-08-30,33.728,33.794,33.569,33.642,183170,0
2012-08-31,33.905,33.93,33.47,33.785,96104,0
2012-09-04,33.804,34.256,33.569,34.165,109527,0
2012-09-05,34.19,34.285,34.034,34.128,123442,0
2012-09-06,34.368,34.905,34.368,34.766,194138,0
2012-09-07,34.915,35.081,34.821,35.009,140811,0
2012-09-10,35.013,35.085,34.852,34.872,101201,0
2012-09-11,34.901,35.104,34.872,34.928,101418,0
2012-09-12,35.104,35.139,34.901,35.132,121784,0
2012-09-13,35.202,35.722,34.999,35.499,196425,0
2012-09-14,35.629,36.074,35.619,35.906,187014,0
2012-09-17,35.794,35.813,35.563,35.638,201703,0
2012-09-18,35.581,35.629,35.388,35.528,110035,0
2012-09-19,35.619,35.638,35.426,35.499,95261,0
2012-09-20,35.331,35.379,35.119,35.284,147174,0
2012-09-21,35.6,35.667,35.369,35.369,95182,0
2012-09-24,35.276,35.444,35.128,35.259,230616,0
2012-09-25,35.489,35.489,34.674,34.72,118261,0
2012-09-26,34.756,34.831,34.341,34.479,176325,0
2012-09-27,34.683,34.972,34.489,34.857,112631,0
2012-09-28,34.763,34.846,34.558,34.699,267504,0
2012-10-01,34.933,35.053,34.562,34.729,114435,0
2012-10-02,34.924,34.933,34.609,34.776,63151,0
2012-10-03,34.867,34.982,34.552,34.747,213240,0
2012-10-04,34.915,35.017,34.637,34.999,95114,0
2012-10-05,35.184,35.407,34.896,34.972,98556,0
2012-10-08,34.821,34.915,34.729,34.821,111973,0
2012-10-09,34.857,34.857,34.396,34.441,64124,0
2012-10-10,34.489,34.508,34.256,34.341,95751,0
2012-10-11,34.6,34.72,34.422,34.508,70328,0
2012-10-12,34.508,34.581,34.137,34.209,80614,0
2012-10-15,34.341,34.441,34.081,34.441,114323,0
2012-10-16,34.647,34.747,34.571,34.729,538146,0
2012-10-17,34.803,35.081,34.729,35.053,157881,0
2012-10-18,35.053,35.109,34.887,34.933,116672,0
2012-10-19,34.703,34.766,34.173,34.313,217119,0
2012-10-22,34.227,34.349,34.072,34.285,122555,0
2012-10-23,34.005,34.165,33.701,34.109,255585,0
2012-10-24,34.237,34.293,33.878,33.996,108279,0
2012-10-25,34.246,34.359,33.839,34.109,96269,0
2012-10-26,34.072,34.237,33.701,33.92,92589,0
2012-10-31,33.968,34.137,33.83,34.109,362759,0
2012-11-01,34.2,34.665,34.156,34.619,256250,0
2012-11-02,34.831,34.831,34.165,34.165,95258,0
2012-11-05,34.181,34.413,34.063,34.377,158423,0
2012-11-06,34.508,34.756,34.498,34.637,103304,0
2012-11-07,34.276,34.276,33.729,33.905,212377,0
2012-11-08,33.858,33.939,33.413,33.413,134810,0
2012-11-09,33.284,33.701,33.096,33.451,160149,0
2012-11-12,33.597,33.597,33.337,33.422,94853,0
2012-11-13,33.237,33.543,33.161,33.209,94714,0
2012-11-14,33.302,33.375,32.541,32.618,423008,0
2012-11-15,32.541,32.716,32.217,32.474,279484,0
2012-11-16,32.474,32.792,32.217,32.726,191675,0
2012-11-19,33.133,33.413,33.087,33.394,166474,0
2012-11-20,33.384,33.524,33.219,33.498,82033,0
2012-11-21,33.569,33.691,33.46,33.671,57367,0
2012-11-23,33.776,34.043,33.757,34.043,45425,0
2012-11-26,33.977,34.109,33.848,34.1,191345,0
2012-11-27,34.1,34.285,34.043,34.063,82889,0
2012-11-28,33.914,34.285,33.624,34.285,298685,0
2012-11-29,34.571,34.693,34.406,34.647,156623,0
2012-11-30,34.717,34.717,34.455,34.586,131907,0
2012-12-03,34.849,34.857,34.422,34.498,127083,0
2012-12-04,34.534,34.628,34.341,34.581,96311,0
2012-12-05,34.729,34.729,34.303,34.552,108667,0
2012-12-06,34.552,34.703,34.45,34.628,183010,0
2012-12-07,34.794,34.803,34.534,34.674,126006,0
2012-12-10,34.693,34.857,34.665,34.831,135240,0
2012-12-11,35.081,35.202,34.999,35.137,223975,0
2012-12-12,35.231,35.302,34.933,34.982,185440,0
2012-12-13,34.991,35.109,34.683,34.766,98874,0
2012-12-14,34.711,34.887,34.647,34.729,95339,0
2012-12-17,34.849,35.128,34.803,35.128,179319,0
2012-12-18,35.231,35.676,35.184,35.638,172109,0
2012-12-19,35.703,35.852,35.6,35.685,184822,0
2012-12-20,35.695,35.879,35.6,35.87,223991,0
2012-12-21,35.276,35.657,35.231,35.638,232344,0
2012-12-24,35.556,35.642,35.419,35.491,63983,0
2012-12-26,35.594,35.633,35.268,35.285,522231,0
2012-12-27,35.312,35.389,34.827,35.231,735017,0
2012-12-28,35.032,35.312,34.998,35.041,248244,0
2012-12-31,35.038,35.735,34.936,35.669,342436,0
2013-01-02,36.79,36.79,36.428,36.662,1113257,0
2013-01-03,36.747,36.933,36.586,36.691,297662,0
2013-01-04,36.848,37.016,36.691,36.924,408911,0
2013-01-07,36.781,36.905,36.747,36.848,357080,0
2013-01-08,36.829,36.867,36.605,36.737,160468,0
2013-01-09,36.848,36.952,36.81,36.914,179859,0
2013-01-10,37.046,37.205,36.772,36.98,707605,0
2013-01-11,36.952,36.998,36.781,36.933,157794,0
2013-01-14,36.857,37.016,36.848,36.98,179178,0
2013-01-15,36.8,37.214,36.756,37.177,290472,0
2013-01-16,37.093,37.186,36.998,37.093,291235,0
2013-01-17,37.269,37.513,37.25,37.429,219383,0
2013-01-18,37.448,37.569,37.335,37.552,233519,0
2013-01-22,37.561,37.824,37.485,37.824,296224,0
2013-01-23,37.804,37.84,37.69,37.72,333326,0
2013-01-24,37.766,38.056,37.7,37.833,235430,0
2013-01-25,38.047,38.14,37.897,38.113,322334,0
2013-01-28,38.207,38.244,37.897,38.159,396356,0
2013-01-29,38.149,38.178,38,38.132,352062,0
2013-01-30,38.113,38.132,37.624,37.737,280759,0
2013-01-31,37.695,38.004,37.638,37.93,214421,0
2013-02-01,38.113,38.44,38.065,38.317,243888,0
2013-02-04,38.271,38.271,37.84,37.906,322692,0
2013-02-05,38.093,38.326,38.037,38.234,288588,0
2013-02-06,38.056,38.413,38.037,38.413,222495,0
2013-02-07,38.413,38.459,38.083,38.345,185969,0
2013-02-08,38.421,38.646,38.365,38.607,152031,0
2013-02-11,38.646,38.646,38.431,38.578,286653,0
2013-02-12,38.666,38.814,38.587,38.74,318020,0
2013-02-13,38.814,38.954,38.731,38.879,226219,0
2013-02-14,38.786,39.057,38.786,39.011,190516,0
2013-02-15,38.954,39.114,38.889,38.954,198237,0
2013-02-19,39.048,39.329,39.048,39.309,230266,0
2013-02-20,39.366,39.403,38.578,38.626,287866,0
2013-02-21,38.597,38.597,37.951,38.188,290264,0
2013-02-22,38.413,38.587,38.355,38.578,156778,0
2013-02-25,38.831,38.831,37.757,37.814,221043,0
2013-02-26,38.007,38.083,37.643,37.944,117331,0
2013-02-27,37.935,38.578,37.935,38.394,224047,0
2013-02-28,38.388,38.701,38.35,38.454,154806,0
2013-03-01,38.248,38.604,37.91,38.529,296642,0
2013-03-04,38.479,38.666,38.271,38.656,201709,0
2013-03-05,38.867,39.167,38.867,39.122,240974,0
2013-03-06,39.235,39.3,39.085,39.215,180483,0
2013-03-07,39.225,39.384,39.187,39.384,445253,0
2013-03-08,39.704,39.77,39.403,39.75,658335,0
2013-03-11,39.627,39.795,39.582,39.787,294549,0
2013-03-12,39.703,39.814,39.573,39.693,215223,0
2013-03-13,39.703,39.919,39.618,39.87,186166,0
2013-03-14,39.956,40.244,39.938,40.235,338407,0
2013-03-15,40.229,40.323,40.098,40.229,355132,0
2013-03-18,39.881,40.192,39.741,40.013,349583,0
2013-03-19,40.108,40.192,39.564,39.901,168195,0
2013-03-20,40.144,40.247,40.049,40.21,163307,0
2013-03-21,39.939,40.182,39.77,39.911,179245,0
2013-03-22,40.03,40.098,39.939,40.005,115991,0
2013-03-25,40.144,40.342,39.77,39.996,283020,0
2013-03-26,40.182,40.22,39.957,40.153,187516,0
2013-03-27,39.871,40.22,39.75,40.201,210410,0
2013-03-28,40.182,40.342,40.117,40.22,367992,0
2013-04-01,40.192,40.247,39.582,39.75,442115,0
2013-04-02,39.986,40.059,39.43,39.554,303898,0
2013-04-03,39.591,39.638,38.82,38.942,301374,0
2013-04-04,38.942,39.215,38.877,39.215,173922,0
2013-04-05,38.653,39.149,38.428,39.149,173607,0
2013-04-08,39.196,39.468,38.999,39.458,355328,0
2013-04-09,39.554,39.638,39.319,39.458,119115,0
2013-04-10,39.564,40.126,39.564,40.088,177175,0
2013-04-11,40.078,40.4,40.059,40.182,179808,0
2013-04-12,40.068,40.126,39.76,40.021,184071,0
2013-04-15,39.732,39.788,38.519,38.624,283687,0
2013-04-16,38.924,39.215,38.774,39.196,292402,0
2013-04-17,38.887,38.933,38.241,38.519,269966,0
2013-04-18,38.566,38.624,38.175,38.322,140661,0
2013-04-19,38.485,38.747,38.175,38.71,106475,0
2013-04-22,38.812,38.887,38.184,38.812,225301,0
2013-04-23,39.094,39.366,38.972,39.338,204187,0
2013-04-24,39.413,39.618,39.291,39.582,168419,0
2013-04-25,39.664,40.059,39.664,39.805,153569,0
2013-04-26,39.684,39.843,39.488,39.638,128466,0
2013-04-29,39.825,40.021,39.704,39.93,210257,0
2013-04-30,39.933,40.12,39.743,40.102,269223,0
2013-05-01,39.996,40.021,39.291,39.309,223787,0
2013-05-02,39.516,39.861,39.413,39.843,295627,0
2013-05-03,40.304,40.687,40.256,40.4,331770,0
2013-05-06,40.436,40.707,40.381,40.633,186129,0
2013-05-07,40.736,40.997,40.586,40.987,179085,0
2013-05-08,40.913,41.14,40.84,41.112,140079,0
2013-05-09,41.102,41.178,40.913,40.977,123972,0
2013-05-10,41.065,41.353,41.007,41.314,147559,0
2013-05-13,41.278,41.403,41.13,41.232,149261,0
2013-05-14,41.324,41.758,41.324,41.758,149993,0
2013-05-15,41.617,42.049,41.617,41.908,156725,0
2013-05-16,41.796,42.04,41.684,41.777,163210,0
2013-05-17,41.938,42.255,41.843,42.216,311626,0
2013-05-20,42.105,42.499,42.096,42.342,267005,0
2013-05-21,42.352,42.528,42.235,42.404,161185,0
2013-05-22,42.433,42.763,41.461,41.703,337583,0
2013-05-23,41.242,41.758,40.987,41.693,242041,0
2013-05-24,41.532,41.732,41.26,41.713,111600,0
2013-05-28,42.285,42.548,41.948,42.209,234849,0
2013-05-29,41.958,42.08,41.505,41.862,210617,0
2013-05-30,41.957,42.209,41.928,42.125,82815,0
2013-05-31,41.909,42.218,41.759,41.778,138573,0
2013-06-03,41.861,42.04,41.314,41.889,326600,0
2013-06-04,41.929,42.136,41.268,41.57,196202,0
2013-06-05,41.524,41.524,40.91,40.975,211345,0
2013-06-06,40.985,41.422,40.78,41.402,172871,0
2013-06-07,41.654,41.88,41.403,41.796,192742,0
2013-06-10,42.002,42.031,41.664,41.965,244203,0
2013-06-11,41.57,41.834,41.241,41.532,185817,0
2013-06-12,41.768,41.833,41.075,41.149,168104,0
2013-06-13,41.102,41.938,40.987,41.823,111600,0
2013-06-14,41.806,41.958,41.452,41.579,488385,0
2013-06-17,41.928,42.012,41.617,41.815,217256,0
2013-06-18,41.929,42.397,41.9,42.297,223873,0
2013-06-19,42.268,42.381,41.759,41.797,188530,0
2013-06-20,41.157,41.287,40.572,40.723,453809,0
2013-06-21,40.742,41.024,40.27,40.818,328717,0
2013-06-24,40.376,40.592,39.914,40.318,354395,0
2013-06-25,40.675,40.818,40.366,40.704,661168,0
2013-06-26,41.128,41.177,40.77,40.94,166917,0
2013-06-27,41.224,41.635,41.204,41.57,223582,0
2013-06-28,41.651,41.869,41.493,41.557,240268,0
2013-07-01,41.635,42.268,41.579,42.042,386623,0
2013-07-02,42.098,42.362,41.806,42.07,358223,0
2013-07-03,41.89,42.192,41.806,42.07,200717,0
2013-07-05,42.522,42.69,42.07,42.69,240608,0
2013-07-08,42.88,42.955,42.757,42.807,331190,0
2013-07-09,43.257,43.292,42.918,43.192,756154,0
2013-07-10,43.221,43.35,43.106,43.302,1125503,0
2013-07-11,43.784,44.039,43.605,43.765,310330,0
2013-07-12,43.803,44.067,43.803,43.972,342881,0
2013-07-15,44.047,44.254,43.982,44.187,394325,0
2013-07-16,44.264,44.293,43.888,43.992,287545,0
2013-07-17,44.226,44.322,44.03,44.132,249182,0
2013-07-18,44.303,44.659,44.293,44.5,212943,0
2013-07-19,44.406,44.564,44.331,44.547,218820,0
2013-07-22,44.574,44.717,44.5,44.632,283436,0
2013-07-23,44.81,44.886,44.547,44.622,463917,0
2013-07-24,44.859,44.859,44.206,44.244,320418,0
2013-07-25,44.187,44.659,44.187,44.651,293777,0
2013-07-26,44.358,44.462,44.161,44.444,403677,0
2013-07-29,44.349,44.5,44.01,44.132,233885,0
2013-07-30,44.274,44.396,44.123,44.274,163319,0
2013-07-31,44.435,44.773,44.341,44.376,216180,0
2013-08-01,44.8,45.16,44.8,45.055,376315,0
2013-08-02,44.923,45.112,44.8,45.045,352776,0
2013-08-05,45.036,45.234,44.951,45.16,219316,0
2013-08-06,44.989,45.122,44.593,44.689,251639,0
2013-08-07,44.538,44.593,44.244,44.386,299614,0
2013-08-08,44.707,44.79,44.396,44.612,193099,0
2013-08-09,44.555,44.773,44.396,44.622,218282,0
2013-08-12,44.349,44.82,44.313,44.781,296400,0
2013-08-13,44.877,44.877,44.471,44.727,240400,0
2013-08-14,44.707,44.81,44.547,44.555,627064,0
2013-08-15,44.206,44.206,43.689,43.774,398404,0
2013-08-16,43.697,43.914,43.427,43.644,288634,0
2013-08-19,43.575,43.654,43.192,43.192,255241,0
2013-08-20,43.272,43.878,43.257,43.803,189728,0
2013-08-21,43.664,43.963,43.379,43.558,248350,0
2013-08-22,43.745,44.236,43.689,44.152,147486,0
2013-08-23,44.283,44.303,43.992,44.226,228771,0
2013-08-26,44.274,44.528,44.114,44.254,226856,0
2013-08-27,43.735,43.906,43.183,43.229,204313,0
2013-08-28,43.229,43.492,43.125,43.34,301953,0
2013-08-29,43.292,43.85,43.292,43.681,708044,0
2013-08-30,43.854,43.854,43.108,43.145,154428,0
2013-09-03,43.558,43.831,42.87,43.202,466772,0
2013-09-04,43.257,43.635,43.106,43.575,122989,0
2013-09-05,43.681,43.878,43.605,43.707,135109,0
2013-09-06,43.992,44.047,43.211,43.84,1240064,0
2013-09-09,43.944,44.51,43.924,44.471,149973,0
2013-09-10,44.79,44.896,44.602,44.896,412592,0
2013-09-11,44.868,45.017,44.736,44.896,210236,0
2013-09-12,44.933,44.979,44.651,44.707,131915,0
2013-09-13,44.829,44.886,44.593,44.859,126320,0
2013-09-16,45.404,45.44,44.96,44.979,214597,0
2013-09-17,45.064,45.404,44.859,45.394,141873,0
2013-09-18,45.44,45.977,45.073,45.81,187143,0
2013-09-19,45.959,45.997,45.676,45.751,198180,0
2013-09-20,45.83,45.858,45.507,45.555,137240,0
2013-09-23,45.479,45.574,45.11,45.439,182994,0
2013-09-24,45.516,45.849,45.214,45.526,91751,0
2013-09-25,45.648,45.913,45.449,45.506,423460,0
2013-09-26,45.667,45.923,45.536,45.732,182048,0
2013-09-27,45.526,45.732,45.449,45.603,146563,0
2013-09-30,45.025,45.657,44.752,45.555,228508,0
2013-10-01,45.584,46.187,45.498,46.14,438436,0
2013-10-02,45.81,46.092,45.594,46.008,217330,0
2013-10-03,45.923,45.998,45.27,45.565,206140,0
2013-10-04,45.565,46.017,45.516,45.913,165383,0
2013-10-07,45.459,45.685,45.346,45.346,248391,0
2013-10-08,45.393,45.459,44.552,44.589,1363303,0
2013-10-09,44.694,44.694,44.099,44.402,265800,0
2013-10-10,44.931,45.489,44.931,45.412,241117,0
2013-10-11,45.356,46.017,45.318,46.008,805687,0
2013-10-14,45.751,46.298,45.63,46.263,234476,0
2013-10-15,46.197,46.263,45.703,45.84,444024,0
2013-10-16,46.073,46.414,46.054,46.404,254187,0
2013-10-17,46.289,46.81,45.868,46.763,474519,0
2013-10-18,47.122,47.274,46.897,47.264,319887,0
2013-10-21,47.413,47.699,47.095,47.226,341195,0
2013-10-22,47.442,47.699,47.226,47.405,336928,0
2013-10-23,47.206,47.405,46.998,47.235,203185,0
2013-10-24,47.303,47.604,47.187,47.499,192123,0
2013-10-25,47.613,47.708,47.378,47.633,373605,0
2013-10-28,47.718,47.727,47.349,47.613,356728,0
2013-10-29,47.839,47.849,47.423,47.765,270075,0
2013-10-30,47.849,47.887,47.075,47.235,241810,0
2013-10-31,47.235,47.405,46.869,47.028,176241,0
2013-11-01,47.141,47.197,46.564,46.879,431279,0
2013-11-04,47.113,47.462,47.008,47.433,123184,0
2013-11-05,47.303,47.413,46.96,47.312,146398,0
2013-11-06,47.661,47.661,47.008,47.018,397688,0
2013-11-07,47.245,47.312,46.197,46.243,264660,0
2013-11-08,46.298,47.141,46.298,47.065,169666,0
2013-11-11,47.057,47.264,46.849,47.206,134725,0
2013-11-12,47.113,47.206,46.897,47.197,128629,0
2013-11-13,46.922,47.671,46.859,47.671,118299,0
2013-11-14,47.585,47.792,47.423,47.765,203680,0
2013-11-15,47.858,47.993,47.661,47.935,153736,0
2013-11-18,48.18,48.237,47.472,47.595,155314,0
2013-11-19,47.671,47.792,47.161,47.303,158946,0
2013-11-20,47.575,47.613,47.105,47.294,149228,0
2013-11-21,47.405,48.029,47.405,48.011,151057,0
2013-11-22,48.049,48.265,47.915,48.237,137785,0
2013-11-25,48.389,48.389,48.113,48.152,217307,0
2013-11-26,48.255,48.58,48.19,48.491,173194,0
2013-11-27,48.56,48.756,48.491,48.737,207384,0
2013-11-29,48.99,48.99,48.679,48.679,156372,0
2013-12-02,48.746,48.824,48.265,48.333,502484,0
2013-12-03,48.265,48.407,47.878,48.123,201156,0
2013-12-04,47.915,48.304,47.567,48.001,231698,0
2013-12-05,48.001,48.123,47.849,48.001,125771,0
2013-12-06,48.462,48.56,48.255,48.379,140827,0
2013-12-09,48.462,48.756,48.237,48.369,241631,0
2013-12-10,48.341,48.521,48.001,48.058,221860,0
2013-12-11,48.133,48.133,47.151,47.264,291862,0
2013-12-12,47.226,47.489,47.151,47.303,213036,0
2013-12-13,47.482,47.595,47.197,47.489,143368,0
2013-12-16,47.691,48.001,47.661,47.935,190436,0
2013-12-17,48.001,48.021,47.633,47.945,216175,0
2013-12-18,47.993,48.531,47.472,48.531,222264,0
2013-12-19,48.521,48.531,48.2,48.237,293053,0
2013-12-20,48.35,49.049,48.35,48.983,517779,0
2013-12-23,49.26,49.486,49.191,49.468,264685,0
2013-12-24,49.525,49.723,49.506,49.628,163613,0
2013-12-26,49.837,49.95,49.618,49.685,212417,0
2013-12-27,49.912,49.922,49.515,49.667,171479,0
2013-12-30,49.667,49.761,49.525,49.667,214967,0
2013-12-31,49.816,49.932,49.723,49.761,279074,0
2014-01-02,49.676,49.676,49.117,49.325,515955,0
2014-01-03,49.525,49.609,49.306,49.506,258944,0
2014-01-06,49.723,49.761,49.155,49.164,278303,0
2014-01-07,49.343,49.743,49.333,49.562,353867,0
2014-01-08,49.609,49.743,49.325,49.667,328395,0
2014-01-09,49.856,49.922,49.43,49.733,256682,0
2014-01-10,49.778,50.083,49.591,50.083,226674,0
2014-01-13,49.97,50.055,49.173,49.4,412246,0
2014-01-14,49.618,50.046,49.448,49.98,249510,0
2014-01-15,50.177,50.349,50.102,50.34,272128,0
2014-01-16,50.168,50.385,50.14,50.33,283003,0
2014-01-17,50.33,50.33,49.998,50.074,469950,0
2014-01-21,50.462,50.53,50.055,50.376,262026,0
2014-01-22,50.433,50.698,50.349,50.659,199562,0
2014-01-23,50.357,50.491,50.017,50.273,361016,0
2014-01-24,49.998,50.046,48.973,49.07,440838,0
2014-01-27,49.251,49.251,48.018,48.348,1223603,0
2014-01-28,48.432,48.882,48.406,48.882,221762,0
2014-01-29,48.907,48.907,48.131,48.245,353923,0
2014-01-30,48.679,49.182,48.579,48.963,356022,0
2014-01-31,48.339,49.02,48.292,48.679,279793,0
2014-02-03,48.587,48.679,47.001,47.117,691121,0
2014-02-04,47.382,47.732,47.051,47.553,291646,0
2014-02-05,47.258,47.448,46.747,47.268,290463,0
2014-02-06,47.428,47.885,47.428,47.788,183431,0
2014-02-07,48.008,48.339,47.816,48.339,246970,0
2014-02-10,48.368,48.406,48.018,48.406,425531,0
2014-02-11,48.5,48.973,48.378,48.834,300191,0
2014-02-12,49.01,49.268,48.892,49.05,457541,0
2014-02-13,48.624,49.685,48.579,49.618,256060,0
2014-02-14,49.534,49.807,49.381,49.778,560367,0
2014-02-18,49.941,50.302,49.778,50.235,810297,0
2014-02-19,50.083,50.349,49.743,49.778,350671,0
2014-02-20,49.769,50.322,49.733,50.263,181828,0
2014-02-21,50.395,50.559,50.263,50.395,180709,0
2014-02-24,50.462,51.079,50.462,50.802,261132,0
2014-02-25,50.831,51.04,50.615,50.831,239720,0
2014-02-26,50.86,51.363,50.728,51.097,281838,0
2014-02-27,50.946,51.363,50.85,51.363,214511,0
2014-02-28,51.373,51.648,50.907,51.173,501340,0
2014-03-03,50.811,51.097,50.423,50.946,313027,0
2014-03-04,51.601,52.274,51.532,52.074,431237,0
2014-03-05,52.074,52.13,51.922,52.035,229120,0
2014-03-06,52.196,52.264,51.903,52.054,408650,0
2014-03-07,52.293,52.32,51.779,52.035,301217,0
2014-03-10,51.961,51.999,51.514,51.817,255815,0
2014-03-11,51.903,52.035,51.153,51.346,212125,0
2014-03-12,51.116,51.561,50.907,51.551,240535,0
2014-03-13,51.75,51.759,50.659,50.907,337539,0
2014-03-14,50.768,51.297,50.768,51.088,704450,0
2014-03-17,51.448,51.75,51.306,51.419,222324,0
2014-03-18,51.514,52.093,51.429,52.044,188945,0
2014-03-19,52.093,52.093,51.419,51.759,182816,0
2014-03-20,51.658,51.961,51.409,51.884,276282,0
2014-03-21,52.064,52.31,51.658,51.658,176966,0
2014-03-24,51.864,51.949,50.701,51.149,259146,0
2014-03-25,51.454,51.664,50.798,51.121,244405,0
2014-03-26,51.491,51.491,50.284,50.284,296864,0
2014-03-27,50.369,50.464,49.866,50.093,246280,0
2014-03-28,50.151,50.781,50.055,50.16,155706,0
2014-03-31,50.551,51.121,50.351,51.007,273718,0
2014-04-01,51.13,51.664,51.13,51.627,864444,0
2014-04-02,51.854,51.939,51.645,51.901,500000,0
2014-04-03,51.92,51.949,51.254,51.425,247131,0
2014-04-04,51.815,51.834,50.216,50.397,429053,0
2014-04-07,50.246,50.274,49.275,49.541,594866,0
2014-04-08,49.569,50.113,49.322,49.932,248591,0
2014-04-09,50.141,50.662,49.98,50.633,228174,0
2014-04-10,50.626,50.626,49.113,49.33,324366,0
2014-04-11,48.95,49.398,48.455,48.638,563084,0
2014-04-14,49.085,49.266,48.334,48.77,300150,0
2014-04-15,48.942,49.218,48,48.988,260300,0
2014-04-16,49.389,49.627,49.143,49.607,193702,0
2014-04-17,49.513,49.98,49.398,49.826,203701,0
2014-04-21,49.96,50.046,49.56,49.98,410203,0
2014-04-22,50.122,50.682,50.083,50.57,270781,0
2014-04-23,50.474,50.608,50.246,50.293,145812,0
2014-04-24,50.626,50.643,49.768,50.197,308288,0
2014-04-25,49.97,50.027,49.218,49.359,216995,0
2014-04-28,49.569,49.714,48.39,49.026,301947,0
2014-04-29,49.285,49.456,49.095,49.248,156963,0
2014-04-30,49.17,49.589,48.819,49.589,286660,0
2014-05-01,49.484,49.932,49.133,49.579,256483,0
2014-05-02,49.532,50.074,49.532,49.704,195359,0
2014-05-05,49.369,49.723,49.075,49.598,578741,0
2014-05-06,49.484,49.598,48.932,48.979,182926,0
2014-05-07,49.036,49.085,48.266,48.979,278515,0
2014-05-08,48.913,49.418,48.445,48.583,167932,0
2014-05-09,48.428,48.819,48.256,48.809,285017,0
2014-05-12,49.085,49.96,49.036,49.846,370163,0
2014-05-13,49.777,49.97,49.428,49.428,377986,0
2014-05-14,49.379,49.379,48.721,48.839,204486,0
2014-05-15,48.6,48.6,47.827,48.435,272299,0
2014-05-16,48.504,48.664,48.084,48.664,160083,0
2014-05-19,48.583,49.248,48.484,49.104,818378,0
2014-05-20,48.959,48.996,48.247,48.455,270711,0
2014-05-21,48.711,48.868,48.305,48.711,164687,0
2014-05-22,48.78,49.218,48.664,49.066,111741,0
2014-05-23,49.123,49.56,49.075,49.513,152022,0
2014-05-27,49.902,50.246,49.856,50.122,342808,0
2014-05-28,50.122,50.122,49.742,49.96,218889,0
2014-05-29,50.064,50.16,49.807,50.113,94432,0
2014-05-30,50.083,50.122,49.742,49.893,141495,0
2014-06-02,49.998,50.007,49.456,49.846,169370,0
2014-06-03,49.656,49.875,49.456,49.768,135728,0
2014-06-04,49.617,50.055,49.494,50.055,134718,0
2014-06-05,50.188,50.874,49.875,50.798,189162,0
2014-06-06,51.007,51.387,50.997,51.264,233884,0
2014-06-09,51.322,51.844,51.226,51.608,224034,0
2014-06-10,51.529,51.598,51.235,51.491,136075,0
2014-06-11,51.254,51.352,51.055,51.274,468913,0
2014-06-12,51.264,51.264,50.79,50.941,243658,0
2014-06-13,51.13,51.196,50.701,51.093,115754,0
2014-06-16,51.035,51.293,50.892,51.274,102892,0
2014-06-17,51.206,51.854,51.111,51.711,151639,0
2014-06-18,51.684,52.006,51.481,51.979,150262,0
2014-06-19,52.149,52.149,51.767,52.063,143755,0
2014-06-20,52.12,52.245,51.959,52.215,125802,0
2014-06-23,52.339,52.359,52.034,52.14,215753,0
2014-06-24,52.053,52.464,51.566,51.616,216682,0
2014-06-25,51.349,52.016,51.319,52.016,146652,0
2014-06-26,52.063,52.063,51.536,51.959,128850,0
2014-06-27,51.795,52.294,51.756,52.265,113567,0
2014-06-30,52.216,52.426,52.053,52.359,244428,0
2014-07-01,52.59,53.229,52.59,52.924,259309,0
2014-07-02,52.962,53.026,52.626,52.694,186332,0
2014-07-03,52.991,53.008,52.809,52.962,84189,0
2014-07-07,52.866,52.876,52.196,52.216,211969,0
2014-07-08,51.979,52.158,51.349,51.644,235225,0
2014-07-09,51.795,51.939,51.536,51.718,154883,0
2014-07-10,50.793,51.606,50.686,51.349,190830,0
2014-07-11,51.358,51.395,51.061,51.261,114184,0
2014-07-14,51.644,51.737,51.413,51.508,114708,0
2014-07-15,51.527,51.644,50.849,51.089,215009,0
2014-07-16,51.349,51.349,50.849,51.031,170586,0
2014-07-17,50.746,51.003,50.199,50.286,178307,0
2014-07-18,50.345,51.031,50.296,50.965,135554,0
2014-07-21,50.706,50.849,50.497,50.801,153285,0
2014-07-22,51.041,51.349,50.993,51.183,125236,0
2014-07-23,51.3,51.395,51.041,51.223,135925,0
2014-07-24,51.366,51.443,51.07,51.183,112907,0
2014-07-25,50.859,50.946,50.638,50.746,178960,0
2014-07-28,50.859,50.859,50.219,50.555,195557,0
2014-07-29,50.686,50.898,50.516,50.536,119629,0
2014-07-30,50.81,50.898,50.468,50.63,167652,0
2014-07-31,50.229,50.249,49.532,49.55,331399,0
2014-08-01,49.513,49.733,48.957,49.349,301148,0
2014-08-04,49.541,49.761,49.034,49.676,228458,0
2014-08-05,49.474,49.914,49.237,49.504,261330,0
2014-08-06,49.284,49.895,49.197,49.607,139056,0
2014-08-07,49.876,49.904,49.207,49.378,548831,0
2014-08-08,49.446,49.876,49.293,49.857,148341,0
2014-08-11,50.115,50.584,50.048,50.286,225863,0
2014-08-12,50.199,50.391,49.788,49.99,166055,0
2014-08-13,50.154,50.487,50.095,50.401,106500,0
2014-08-14,50.468,50.593,50.391,50.565,249998,0
2014-08-15,50.793,50.898,50.124,50.526,135011,0
2014-08-18,51.003,51.271,50.859,51.213,187295,0
2014-08-19,51.329,51.527,51.329,51.47,160149,0
2014-08-20,51.271,51.479,51.183,51.413,104486,0
2014-08-21,51.403,51.536,51.061,51.47,110206,0
2014-08-22,51.433,51.626,51.251,51.498,160179,0
2014-08-25,51.814,51.939,51.586,51.727,160819,0
2014-08-26,51.776,52.13,51.766,52.053,109184,0
2014-08-27,52.073,52.14,51.891,51.949,88288,0
2014-08-28,51.766,51.863,51.566,51.727,131140,0
2014-08-29,51.891,52.101,51.664,52.024,118132,0
2014-09-02,52.187,52.426,52.063,52.329,313872,0
2014-09-03,52.542,52.542,52.016,52.063,144975,0
2014-09-04,52.226,52.436,51.737,51.824,124648,0
2014-09-05,51.737,52.016,51.498,51.979,117020,0
2014-09-08,51.979,52.121,51.746,52.034,120859,0
2014-09-09,51.92,51.93,51.423,51.498,144611,0
2014-09-10,51.527,51.746,51.281,51.71,102382,0
2014-09-11,51.433,52.024,51.433,51.988,229025,0
2014-09-12,51.998,51.998,51.385,51.556,410437,0
2014-09-15,51.556,51.556,50.889,51.022,276414,0
2014-09-16,50.859,51.376,50.849,51.29,129722,0
2014-09-17,51.395,51.673,51.165,51.403,102756,0
2014-09-18,51.576,51.683,51.46,51.586,83006,0
2014-09-19,51.863,51.873,50.965,51.117,597259,0
2014-09-22,50.888,50.993,50.274,50.369,215375,0
2014-09-23,50.16,50.447,49.92,49.948,174305,0
2014-09-24,50.025,50.333,49.758,50.284,208466,0
2014-09-25,50.178,50.206,49.362,49.527,188931,0
2014-09-26,49.69,49.939,49.546,49.93,288701,0
2014-09-29,49.422,50.006,49.382,49.863,621693,0
2014-09-30,49.863,49.9,49.268,49.268,191569,0
2014-10-01,49.191,49.211,48.425,48.54,434523,0
2014-10-02,48.597,49.037,48.079,48.886,254431,0
2014-10-03,49.231,49.479,48.989,49.288,136657,0
2014-10-06,49.412,49.499,48.867,48.95,198127,0
2014-10-07,48.597,48.838,48.156,48.175,188141,0
2014-10-08,48.127,48.96,47.638,48.96,531787,0
2014-10-09,48.886,48.924,47.763,47.773,228683,0
2014-10-10,47.648,47.994,46.957,46.966,291635,0
2014-10-13,47.015,47.36,46.508,46.525,420865,0
2014-10-14,46.804,47.6,46.737,46.975,265923,0
2014-10-15,46.49,47.504,46.114,47.332,468407,0
2014-10-16,46.863,48.107,46.681,47.858,372483,0
2014-10-17,48.377,48.597,47.725,47.936,351288,0
2014-10-20,47.773,48.491,47.773,48.491,189704,0
2014-10-21,48.769,49.46,48.644,49.422,285669,0
2014-10-22,49.603,49.738,48.808,48.818,287533,0
2014-10-23,49.489,49.92,49.191,49.612,150972,0
2014-10-24,49.612,49.765,49.392,49.748,171780,0
2014-10-27,49.594,49.7,49.076,49.642,176255,0
2014-10-28,49.872,50.81,49.794,50.81,190300,0
2014-10-29,50.937,51.136,50.369,50.695,404488,0
2014-10-30,50.553,51.194,50.418,51.031,159246,0
2014-10-31,51.913,51.923,51.404,51.72,331589,0
2014-11-03,51.836,52.047,51.548,51.704,378570,0
2014-11-04,51.558,51.72,51.204,51.444,357855,0
2014-11-05,51.884,51.884,51.367,51.51,160258,0
2014-11-06,51.598,51.759,51.396,51.759,167851,0
2014-11-07,51.808,51.904,51.538,51.904,314132,0
2014-11-10,51.991,52.134,51.817,52.086,182265,0
2014-11-11,52.086,52.134,51.952,52.115,134085,0
2014-11-12,51.876,52.354,51.866,52.308,114472,0
2014-11-13,52.344,52.441,51.827,51.952,173980,0
2014-11-14,51.991,52.077,51.789,51.952,105208,0
2014-11-17,51.952,52.018,51.588,51.628,265548,0
2014-11-18,51.836,52.144,51.798,51.923,148791,0
2014-11-19,51.817,51.866,51.224,51.51,178868,0
2014-11-20,51.291,51.991,51.291,51.981,147121,0
2014-11-21,52.719,52.746,51.972,52.105,268595,0
2014-11-24,52.25,52.641,52.23,52.631,190585,0
2014-11-25,52.68,52.931,52.469,52.68,183116,0
2014-11-26,52.719,52.776,52.566,52.737,106611,0
2014-11-28,52.71,52.832,52.057,52.115,107289,0
2014-12-01,51.769,52.001,51.31,51.35,220875,0
2014-12-02,51.404,51.932,51.404,51.759,154504,0
2014-12-03,51.846,52.364,51.759,52.21,670342,0
2014-12-04,52.21,52.22,51.827,52.028,111432,0
2014-12-05,52.22,52.402,52.152,52.298,180234,0
2014-12-08,52.162,52.576,51.598,51.759,224076,0
2014-12-09,51.165,52.344,51.089,52.344,228301,0
2014-12-10,52.23,52.298,51.214,51.262,252209,0
2014-12-11,51.789,52.047,51.367,51.453,160027,0
2014-12-12,50.937,51.301,50.8,50.8,298115,0
2014-12-15,51.08,51.175,50.16,50.343,299351,0
2014-12-16,50.063,50.993,50.035,50.178,283781,0
2014-12-17,50.246,51.608,50.246,51.588,287983,0
2014-12-18,52.324,52.422,51.952,52.422,364333,0
2014-12-19,52.412,52.815,52.288,52.69,302664,0
2014-12-22,52.758,52.934,52.597,52.934,139955,0
2014-12-23,53.202,53.24,52.943,53.056,351578,0
2014-12-24,53.125,53.288,53.008,53.202,84765,0
2014-12-26,53.327,53.576,53.327,53.501,183228,0
2014-12-29,53.596,53.826,53.576,53.702,210148,0
2014-12-30,53.624,53.75,53.413,53.413,311227,0
2014-12-31,53.529,53.77,53.016,53.016,224706,0
2015-01-02,53.278,53.422,52.403,52.875,810334,0
2015-01-05,52.548,52.568,51.845,52.047,670451,0
2015-01-06,52.181,52.181,50.883,51.279,571140,0
2015-01-07,51.644,51.865,51.403,51.865,287478,0
2015-01-08,52.22,52.729,52.095,52.729,495759,0
2015-01-09,52.729,52.729,52.144,52.299,289857,0
2015-01-12,52.299,52.317,51.644,52.038,269480,0
2015-01-13,52.46,52.914,51.46,52.009,252594,0
2015-01-14,51.489,51.903,51.249,51.835,217113,0
2015-01-15,52.047,52.047,50.952,50.989,375474,0
2015-01-16,50.853,51.826,50.805,51.788,266631,0
2015-01-20,51.912,51.941,51.161,51.576,240602,0
2015-01-21,51.431,51.893,51.288,51.606,158322,0
2015-01-22,51.941,52.587,51.337,52.587,265766,0
2015-01-23,52.48,52.788,52.383,52.528,198674,0
2015-01-26,52.451,52.991,52.172,52.991,230704,0
2015-01-27,52.528,53.026,52.374,52.798,253240,0
2015-01-28,53.065,53.065,51.865,51.99,575950,0
2015-01-29,52.047,52.509,51.664,52.509,241144,0
2015-01-30,52.21,52.335,51.596,51.644,293071,0
2015-02-02,51.826,52.115,51.057,52.115,533465,0
2015-02-03,52.423,53.065,52.335,53.036,374568,0
2015-02-04,52.865,53.155,52.729,52.845,184477,0
2015-02-05,52.991,53.604,52.982,53.519,185773,0
2015-02-06,53.501,53.8,53.249,53.385,324086,0
2015-02-09,53.337,53.556,53.016,53.085,591587,0
2015-02-10,53.422,53.491,52.816,53.422,193471,0
2015-02-11,53.288,53.519,53.115,53.394,131288,0
2015-02-12,53.8,54.049,53.614,54.039,178200,0
2015-02-13,54.097,54.395,53.991,54.356,202899,0
2015-02-17,54.509,54.537,54.211,54.433,284841,0
2015-02-18,54.395,54.597,54.25,54.587,134343,0
2015-02-19,54.528,54.741,54.375,54.645,119085,0
2015-02-20,54.567,54.885,54.192,54.875,145415,0
2015-02-23,54.769,54.875,54.471,54.875,188847,0
2015-02-24,54.875,55.058,54.731,54.923,166458,0
2015-02-25,54.923,55.134,54.836,55.021,173593,0
2015-02-26,55.068,55.134,54.817,55.086,153409,0
2015-02-27,55.038,55.095,54.817,54.826,133962,0
2015-03-02,54.865,55.26,54.826,55.21,524391,0
2015-03-03,55.002,55.124,54.731,54.923,254814,0
2015-03-04,54.712,54.807,54.415,54.721,274878,0
2015-03-05,54.778,54.923,54.577,54.836,178298,0
2015-03-06,54.537,54.778,54.03,54.144,259909,0
2015-03-09,54.298,54.423,54.134,54.347,168524,0
2015-03-10,53.874,53.921,53.586,53.731,334137,0
2015-03-11,53.77,54.059,53.566,54.049,143572,0
2015-03-12,54.375,54.865,54.356,54.836,248782,0
2015-03-13,54.856,54.856,54.078,54.597,257204,0
2015-03-16,54.778,55.021,54.702,54.972,270200,0
2015-03-17,54.836,55.164,54.807,55.086,149914,0
2015-03-18,55.058,55.788,54.846,55.587,260221,0
2015-03-19,55.49,55.665,55.423,55.625,228719,0
2015-03-20,55.837,56.145,55.837,56.067,340167,0
2015-03-23,56.1,56.207,56.032,56.042,230178,0
2015-03-24,56.042,56.128,55.868,55.917,283137,0
2015-03-25,55.955,56.022,54.767,54.796,341589,0
2015-03-26,54.652,54.884,54.344,54.7,264586,0
2015-03-27,54.786,55.067,54.517,55.057,184163,0
2015-03-30,55.24,55.858,55.24,55.78,506682,0
2015-03-31,55.549,55.742,55.433,55.558,216180,0
2015-04-01,55.724,55.724,55.001,55.511,526375,0
2015-04-02,55.578,55.897,55.511,55.685,244376,0
2015-04-06,55.414,56.051,55.385,55.955,295884,0
2015-04-07,55.983,56.109,55.646,55.646,232842,0
2015-04-08,55.77,56.06,55.656,55.974,197118,0
2015-04-09,55.974,56.1,55.404,55.858,360374,0
2015-04-10,55.983,56.128,55.945,56.06,157217,0
2015-04-13,56.158,56.33,56.013,56.032,272359,0
2015-04-14,56.118,56.168,55.675,56.042,241372,0
2015-04-15,56.282,56.621,56.158,56.448,263787,0
2015-04-16,56.38,56.495,56.235,56.35,654343,0
2015-04-17,56.06,56.06,55.338,55.558,307284,0
2015-04-20,55.897,56.128,55.77,56.022,336759,0
2015-04-21,56.188,56.263,55.993,56.022,249886,0
2015-04-22,56.06,56.217,55.714,56.188,214478,0
2015-04-23,56.158,56.581,56.06,56.428,313400,0
2015-04-24,56.544,56.544,56.226,56.32,261373,0
2015-04-27,56.476,56.659,55.626,55.752,650220,0
2015-04-28,55.83,56.022,55.26,55.974,594307,0
2015-04-29,55.742,55.849,55.404,55.541,225722,0
2015-04-30,55.23,55.348,54.363,54.535,530830,0
2015-05-01,54.777,55.001,54.585,54.952,374129,0
2015-05-04,55.029,55.452,54.903,55.144,335990,0
2015-05-05,55.124,55.192,54.276,54.42,336820,0
2015-05-06,54.605,54.7,54.15,54.497,234149,0
2015-05-07,54.478,54.913,54.285,54.719,424272,0
2015-05-08,55.201,55.433,55.144,55.21,213285,0
2015-05-11,55.21,55.568,55.124,55.24,157010,0
2015-05-12,55.095,55.29,54.535,55.154,191447,0
2015-05-13,55.29,55.414,55.02,55.201,178339,0
2015-05-14,55.424,55.752,55.28,55.724,185718,0
2015-05-15,55.685,55.752,55.452,55.752,175130,0
2015-05-18,55.675,56.31,55.549,56.245,265963,0
2015-05-19,56.226,56.263,56.022,56.158,198409,0
2015-05-20,56.255,56.409,55.983,56.235,327954,0
2015-05-21,56.207,56.38,56.051,56.207,177323,0
2015-05-22,56.197,56.29,55.917,56.1,280648,0
2015-05-26,55.849,55.897,55.32,55.521,274533,0
2015-05-27,55.656,56.148,55.385,56.109,182091,0
2015-05-28,56.051,56.07,55.752,56.06,185646,0
2015-05-29,55.974,56.06,55.501,55.734,324903,0
2015-06-01,56.022,56.09,55.385,55.887,350108,0
2015-06-02,55.646,56.255,55.568,55.974,193655,0
2015-06-03,56.1,56.505,55.925,56.399,199087,0
2015-06-04,56.158,56.31,55.742,55.868,193386,0
2015-06-05,55.752,56.255,55.404,56.217,511658,0
2015-06-08,56.168,56.226,55.79,55.897,249869,0
2015-06-09,55.878,55.925,55.385,55.742,202526,0
2015-06-10,56.013,56.544,55.993,56.409,296487,0
2015-06-11,56.534,56.64,56.418,56.571,412159,0
2015-06-12,56.438,56.495,56.207,56.38,164471,0
2015-06-15,56.06,56.226,55.549,56.168,359726,0
2015-06-16,56.118,56.611,56.08,56.515,222716,0
2015-06-17,56.688,56.766,56.32,56.495,148926,0
2015-06-18,56.766,57.238,56.678,57.084,223857,0
2015-06-19,57.113,57.199,56.988,57.094,214529,0
2015-06-22,57.374,57.478,57.275,57.402,205755,0
2015-06-23,57.44,57.517,57.285,57.507,378537,0
2015-06-24,57.411,57.487,56.926,56.986,234588,0
2015-06-25,57.237,57.237,56.647,56.858,294731,0
2015-06-26,57.016,57.016,56.464,56.743,228593,0
2015-06-29,56.213,56.522,55.331,55.378,820123,0
2015-06-30,55.863,55.863,55.378,55.621,1388431,0
2015-07-01,56.008,56.124,55.552,55.805,835212,0
2015-07-02,55.892,55.892,55.323,55.495,455947,0
2015-07-06,55.108,55.728,55.059,55.361,288428,0
2015-07-07,55.407,55.572,54.508,55.515,255876,0
2015-07-08,55.088,55.273,54.441,54.673,225596,0
2015-07-09,55.446,55.446,54.798,54.886,179402,0
2015-07-10,55.378,55.63,55.263,55.592,561664,0
2015-07-13,55.921,56.184,55.756,56.144,249882,0
2015-07-14,56.095,56.512,56.095,56.414,237056,0
2015-07-15,56.434,56.483,55.988,56.095,304903,0
2015-07-16,56.395,56.541,56.296,56.444,155324,0
2015-07-17,56.424,56.444,55.978,56.114,235621,0
2015-07-20,56.164,56.164,55.785,55.882,502141,0
2015-07-21,55.902,56.095,55.525,55.621,235310,0
2015-07-22,55.371,55.805,55.371,55.728,197384,0
2015-07-23,55.873,55.94,55.177,55.233,351157,0
2015-07-24,55.263,55.351,54.489,54.527,232417,0
2015-07-27,54.295,54.334,53.926,54.006,349194,0
2015-07-28,54.218,54.586,53.627,54.508,390532,0
2015-07-29,54.479,54.993,54.315,54.886,333693,0
2015-07-30,54.759,55.049,54.518,55.022,259078,0
2015-07-31,55.117,55.535,55.003,55.273,260836,0
2015-08-03,55.243,55.253,54.644,54.954,440245,0
2015-08-04,55.022,55.233,54.75,54.886,237066,0
2015-08-05,55.167,55.612,54.944,55.098,209992,0
2015-08-06,55.194,55.194,54.054,54.421,312294,0
2015-08-07,54.227,54.285,53.804,54.13,321809,0
2015-08-10,54.382,54.857,54.295,54.798,219293,0
2015-08-11,54.392,54.663,54.111,54.354,290857,0
2015-08-12,54.016,54.354,53.318,54.247,246576,0
2015-08-13,54.218,54.46,53.996,54.14,236344,0
2015-08-14,54.093,54.479,53.946,54.469,150260,0
2015-08-17,54.334,54.954,54.074,54.944,220016,0
2015-08-18,54.896,54.915,54.546,54.606,237688,0
2015-08-19,54.324,54.451,53.754,54.054,344336,0
2015-08-20,53.617,53.627,52.64,52.64,602693,0
2015-08-21,52.156,52.505,51.703,51.76,631216,0
2015-08-24,48.905,51.373,46.448,49.758,1251799,0
2015-08-25,51.46,51.546,49.34,49.35,644236,0
2015-08-26,50.318,50.675,49.284,50.609,435484,0
2015-08-27,51.083,51.895,50.793,51.673,523841,0
2015-08-28,51.626,52.138,51.508,52.051,405204,0
2015-08-31,51.924,52.166,51.616,51.809,350536,0
2015-09-01,50.939,51.277,50.221,50.376,777755,0
2015-09-02,50.995,51.179,50.415,51.179,334314,0
2015-09-03,51.277,51.78,51.15,51.247,244920,0
2015-09-04,50.745,51.179,50.561,50.81,354877,0
2015-09-08,51.556,52.011,51.363,51.943,212058,0
2015-09-09,52.369,52.456,51.373,51.45,510717,0
2015-09-10,51.325,51.914,51.296,51.586,173822,0
2015-09-11,51.335,51.809,51.189,51.809,307857,0
2015-09-14,51.924,51.933,51.508,51.616,191701,0
2015-09-15,51.72,52.263,51.654,52.176,708103,0
2015-09-16,52.224,52.659,52.148,52.62,161421,0
2015-09-17,52.64,53.376,52.544,52.699,346914,0
2015-09-18,52.071,52.448,51.828,51.933,313541,0
2015-09-21,52.245,52.613,51.789,51.884,367732,0
2015-09-22,51.381,51.487,50.816,51.099,292970,0
2015-09-23,51.206,51.342,50.78,50.905,137674,0
2015-09-24,50.575,50.806,50.166,50.75,171000,0
2015-09-25,51.196,51.196,50.031,50.283,214914,0
2015-09-28,50.041,50.118,48.671,48.837,787066,0
2015-09-29,48.847,49.175,48.331,48.584,435593,0
2015-09-30,49.01,49.35,48.699,49.321,200085,0
2015-10-01,49.409,49.477,48.612,49.195,1233050,0
2015-10-02,48.632,49.981,48.476,49.981,535172,0
2015-10-05,50.39,51.254,50.39,51.196,825224,0
2015-10-06,51.166,51.371,50.71,51.001,568228,0
2015-10-07,51.254,51.789,51.02,51.759,218931,0
2015-10-08,51.692,52.37,51.614,52.312,220578,0
2015-10-09,52.42,52.556,52.215,52.4,147876,0
2015-10-12,52.439,52.449,52.109,52.254,209525,0
2015-10-13,52.011,52.546,51.614,51.614,219236,0
2015-10-14,51.692,51.904,51.156,51.244,190919,0
2015-10-15,51.332,52.156,51.02,52.128,204718,0
2015-10-16,52.205,52.235,51.739,52.119,253324,0
2015-10-19,51.856,52.341,51.759,52.119,420129,0
2015-10-20,52.109,52.42,51.943,52.109,191023,0
2015-10-21,52.284,52.284,51.352,51.361,138093,0
2015-10-22,51.643,52.031,51.39,51.779,199363,0
2015-10-23,52.195,52.284,51.779,52.245,192362,0
2015-10-26,52.186,52.245,51.836,51.982,174341,0
2015-10-27,51.729,51.798,51.089,51.371,203174,0
2015-10-28,51.506,52.642,51.409,52.642,244674,0
2015-10-29,52.507,52.681,52.09,52.235,726606,0
2015-10-30,52.138,52.39,51.992,52.09,571523,0
2015-11-02,52.051,53.196,52.051,53.119,386766,0
2015-11-03,53.049,53.595,52.964,53.351,240277,0
2015-11-04,53.468,53.575,53.011,53.196,220420,0
2015-11-05,53.215,53.371,52.789,53.304,228505,0
2015-11-06,53.206,53.575,52.799,53.565,548559,0
2015-11-09,53.478,53.507,52.671,52.955,323134,0
2015-11-10,52.711,53.079,52.604,53.059,244570,0
2015-11-11,53.139,53.159,52.642,52.642,204410,0
2015-11-12,52.294,52.304,51.544,51.584,842559,0
2015-11-13,51.39,51.711,51.02,51.166,235613,0
2015-11-16,51.108,51.702,50.954,51.672,362376,0
2015-11-17,51.779,52.119,51.429,51.535,461750,0
2015-11-18,51.682,52.39,51.535,52.361,270829,0
2015-11-19,52.284,52.4,52.051,52.166,291839,0
2015-11-20,52.439,52.632,52.341,52.41,267844,0
2015-11-23,52.41,52.856,52.4,52.632,212647,0
2015-11-24,52.341,53.119,52.331,53.019,326129,0
2015-11-25,53.089,53.419,52.974,53.351,331483,0
2015-11-27,53.381,53.575,53.254,53.507,234274,0
2015-11-30,53.643,53.75,53.264,53.274,279066,0
2015-12-01,53.507,53.643,53.244,53.623,174168,0
2015-12-02,53.565,53.663,53.002,53.049,247118,0
2015-12-03,53.215,53.351,51.992,52.186,258118,0
2015-12-04,52.195,52.73,52.128,52.691,216458,0
2015-12-07,52.566,52.604,51.702,51.884,537642,0
2015-12-08,51.4,51.817,51.206,51.614,559404,0
2015-12-09,51.458,51.982,50.865,51.089,275361,0
2015-12-10,51.02,51.516,50.925,51.235,186390,0
2015-12-11,50.71,50.846,50.069,50.214,277317,0
2015-12-14,50.157,50.4,49.507,49.816,427219,0
2015-12-15,50.079,50.604,50.079,50.506,302136,0
2015-12-16,50.806,51.312,50.566,51.196,290396,0
2015-12-17,51.371,51.4,50.566,50.623,275671,0
2015-12-18,50.448,50.467,49.895,49.895,376588,0
2015-12-21,50.14,50.335,49.857,50.217,479354,0
2015-12-22,50.384,50.793,50.081,50.695,285550,0
2015-12-23,50.997,51.457,50.921,51.417,241830,0
2015-12-24,51.447,51.748,51.331,51.524,195480,0
2015-12-28,51.252,51.347,50.802,51.242,255961,0
2015-12-29,51.505,51.789,51.32,51.729,366947,0
2015-12-30,51.692,51.807,51.282,51.282,323120,0
2015-12-31,51.057,51.307,50.784,50.807,352606,0
2016-01-04,49.915,49.988,49.344,49.837,801459,0
2016-01-05,49.935,50.013,49.612,49.857,525728,0
2016-01-06,49.223,49.516,48.836,49.125,333655,0
2016-01-07,48.286,48.636,47.75,47.779,715291,0
2016-01-08,47.906,48.159,46.978,47.067,476395,0
2016-01-11,47.242,47.391,46.375,46.853,654581,0
2016-01-12,47.203,47.505,46.226,46.968,356028,0
2016-01-13,47.048,47.272,45.244,45.536,447159,0
2016-01-14,45.729,46.463,45.005,46.11,650865,0
2016-01-15,44.94,45.388,44.307,45.311,580868,0
2016-01-19,45.759,45.789,44.327,44.774,1828841,0
2016-01-20,44.131,45.233,43.005,44.774,1392117,0
2016-01-21,44.872,45.545,44.494,44.746,320417,0
2016-01-22,45.497,45.954,45.331,45.849,258315,0
2016-01-25,45.605,45.709,44.756,44.833,250806,0
2016-01-26,45.047,45.896,44.911,45.849,360760,0
2016-01-27,45.652,46.105,45.028,45.263,313038,0
2016-01-28,45.7,45.849,45.086,45.253,232735,0
2016-01-29,45.418,46.745,45.418,46.745,283153,0
2016-02-01,46.413,46.843,46.052,46.598,267012,0
2016-02-02,46.091,46.117,45.361,45.555,892513,0
2016-02-03,45.916,45.916,44.679,45.749,359903,0
2016-02-04,45.625,46.498,45.625,46.062,293621,0
2016-02-05,45.829,45.886,44.872,44.93,325041,0
2016-02-08,44.434,44.832,43.379,44.014,435460,0
2016-02-09,43.409,44.217,43.349,43.664,220594,0
2016-02-10,43.945,44.568,43.672,43.71,233724,0
2016-02-11,43.067,43.425,42.716,43.156,453455,0
2016-02-12,43.594,44.076,43.404,44.005,360199,0
2016-02-16,44.481,45.047,44.237,45.009,388194,0
2016-02-17,45.301,46.042,45.267,45.809,256398,0
2016-02-18,45.886,45.886,45.457,45.622,237084,0
2016-02-19,45.437,45.808,45.213,45.759,209788,0
2016-02-22,46.228,46.53,46.171,46.375,267394,0
2016-02-23,46.247,46.393,45.944,45.965,196887,0
2016-02-24,45.516,46.482,45.258,46.385,233404,0
2016-02-25,46.503,46.863,46.316,46.843,132526,0
2016-02-26,47.116,47.327,47.006,47.193,921088,0
2016-02-29,47.164,47.574,47.048,47.048,171620,0
2016-03-01,47.427,48.014,47.187,48.014,221811,0
2016-03-02,47.975,48.58,47.915,48.58,242193,0
2016-03-03,48.57,49.145,48.508,49.145,160315,0
2016-03-04,49.174,49.741,49.027,49.418,360676,0
2016-03-07,49.243,49.993,49.243,49.974,180309,0
2016-03-08,49.701,49.701,48.747,48.794,368318,0
2016-03-09,48.988,49.125,48.715,49.017,168481,0
2016-03-10,49.223,49.327,48.256,48.774,217906,0
2016-03-11,49.145,49.817,49.079,49.777,137118,0
2016-03-14,49.594,49.777,49.391,49.612,142757,0
2016-03-15,49.301,49.301,48.863,48.949,150048,0
2016-03-16,48.764,49.486,48.737,49.388,168986,0
2016-03-17,49.329,50.285,49.164,50.081,250898,0
2016-03-18,50.227,50.594,50.202,50.5,206573,0
2016-03-21,50.416,50.64,50.219,50.425,1211968,0
2016-03-22,50.082,50.582,49.994,50.396,543144,0
2016-03-23,50.199,50.215,49.484,49.504,1101586,0
2016-03-24,49.19,49.641,48.985,49.621,178892,0
2016-03-28,49.777,49.886,49.366,49.69,210287,0
2016-03-29,49.553,50.856,49.455,50.846,359994,0
2016-03-30,51.131,51.247,50.8,50.926,352756,0
2016-03-31,50.916,51.244,50.916,51.042,170046,0
2016-04-01,50.64,51.248,50.464,51.229,276789,0
2016-04-04,51.14,51.268,50.737,50.759,174169,0
2016-04-05,50.396,50.591,50.17,50.18,226058,0
2016-04-06,50.229,50.797,50.102,50.779,209987,0
2016-04-07,50.445,50.652,49.905,50.141,156154,0
2016-04-08,50.553,50.783,50.236,50.396,256468,0
2016-04-11,50.65,51.002,50.258,50.278,153515,0
2016-04-12,50.287,50.886,50.131,50.797,305237,0
2016-04-13,51.111,51.816,51.062,51.792,276741,0
2016-04-14,51.807,51.894,51.601,51.728,204496,0
2016-04-15,51.551,51.914,51.551,51.855,371486,0
2016-04-18,51.601,52.198,51.558,52.179,326334,0
2016-04-19,52.316,52.629,52.122,52.325,303824,0
2016-04-20,52.316,52.698,52.121,52.424,383511,0
2016-04-21,52.395,52.532,51.954,52.082,278578,0
2016-04-22,52.082,52.624,52.082,52.572,272577,0
2016-04-25,52.453,52.483,52.019,52.208,306675,0
2016-04-26,52.375,52.737,52.208,52.708,233429,0
2016-04-27,52.757,53.089,52.582,53.02,243374,0
2016-04-28,52.757,53.05,52.266,52.355,279705,0
2016-04-29,52.189,52.377,51.621,51.974,205093,0
2016-05-02,52.159,52.405,51.835,52.405,228063,0
2016-05-03,51.964,52.003,51.282,51.601,278830,0
2016-05-04,51.327,51.758,51.063,51.239,236704,0
2016-05-05,51.473,51.529,51.012,51.102,204024,0
2016-05-06,50.926,51.347,50.822,51.347,292498,0
2016-05-09,51.356,51.68,51.177,51.434,177067,0
2016-05-10,51.581,51.98,51.444,51.954,526761,0
2016-05-11,51.816,51.914,51.385,51.385,188440,0
2016-05-12,51.601,51.641,50.826,51.159,542667,0
2016-05-13,51.052,51.317,50.63,50.779,223132,0
2016-05-16,50.886,51.524,50.886,51.347,148547,0
2016-05-17,51.219,51.541,50.503,50.679,320154,0
2016-05-18,50.523,51.199,50.416,50.779,166247,0
2016-05-19,50.445,50.739,49.994,50.454,201455,0
2016-05-20,50.659,51.179,50.604,51.179,229640,0
2016-05-23,51.219,51.369,51.042,51.131,136888,0
2016-05-24,51.385,52.14,51.385,52.032,226649,0
2016-05-25,52.159,52.482,52.159,52.405,187377,0
2016-05-26,52.522,52.582,52.238,52.365,135876,0
2016-05-27,52.355,52.797,52.355,52.797,165191,0
2016-05-31,52.924,53.141,52.767,52.974,169985,0
2016-06-01,52.787,53.326,52.659,53.267,320947,0
2016-06-02,53.15,53.649,53.089,53.649,154993,0
2016-06-03,53.6,53.619,52.993,53.374,195827,0
2016-06-06,53.483,54.047,53.433,53.912,330252,0
2016-06-07,53.982,54.324,53.881,54.149,258654,0
2016-06-08,54.207,54.54,54.188,54.472,400428,0
2016-06-09,54.217,54.292,54.012,54.159,156763,0
2016-06-10,53.718,53.737,53.208,53.364,421430,0
2016-06-13,53.15,53.394,52.678,52.737,322862,0
2016-06-14,52.582,52.838,52.208,52.562,212083,0
2016-06-15,52.698,53.1,52.626,52.678,263223,0
2016-06-16,52.316,52.592,51.865,52.562,304126,0
2016-06-17,52.601,52.835,52.345,52.522,173087,0
2016-06-20,53.174,53.547,53.115,53.125,199433,0
2016-06-21,53.135,53.184,52.741,53.025,175922,0
2016-06-22,53.085,53.37,52.84,52.85,188043,0
2016-06-23,53.38,53.842,53.38,53.832,170590,0
2016-06-24,51.78,52.596,51.632,51.809,466752,0
2016-06-27,51.229,51.229,49.961,50.158,584950,0
2016-06-28,50.541,51.219,50.541,51.082,769132,0
2016-06-29,51.691,52.241,51.612,52.172,359044,0
2016-06-30,52.3,53.105,52.074,53.105,331995,0
2016-07-01,53.145,53.499,53.065,53.303,405651,0
2016-07-05,53.055,53.233,52.27,52.556,378639,0
2016-07-06,52.319,52.939,52.231,52.919,239751,0
2016-07-07,53.025,53.37,52.731,53.035,268020,0
2016-07-08,53.429,54.157,53.419,54.079,224746,0
2016-07-11,54.344,54.688,54.296,54.56,318593,0
2016-07-12,54.963,55.453,54.883,55.227,672400,0
2016-07-13,55.434,55.453,54.865,55.032,454927,0
2016-07-14,55.444,55.444,55.07,55.07,309991,0
2016-07-15,55.267,55.278,55.003,55.169,192163,0
2016-07-18,55.129,55.414,55.022,55.257,278143,0
2016-07-19,55.169,55.233,54.875,55.013,174724,0
2016-07-20,55.109,55.487,54.891,55.366,487335,0
2016-07-21,55.336,55.581,54.983,55.129,394813,0
2016-07-22,55.109,55.571,55.05,55.523,204430,0
2016-07-25,55.366,55.503,55.207,55.366,361699,0
2016-07-26,55.356,55.709,55.287,55.689,227567,0
2016-07-27,55.798,55.925,55.404,55.66,241748,0
2016-07-28,55.64,55.825,55.493,55.709,214746,0
2016-07-29,55.65,56.092,55.422,55.906,279373,0
2016-08-01,55.896,56.052,55.551,55.808,397234,0
2016-08-02,55.778,55.867,54.904,55.06,458837,0
2016-08-03,55.022,55.493,54.864,55.483,355142,0
2016-08-04,55.533,55.768,55.414,55.523,711161,0
2016-08-05,55.828,56.25,55.704,56.182,362882,0
2016-08-08,56.25,56.445,56.102,56.162,186342,0
2016-08-09,56.152,56.301,56.102,56.182,696267,0
2016-08-10,56.212,56.25,55.738,55.886,270837,0
2016-08-11,56.062,56.191,55.867,56.082,161772,0
2016-08-12,55.993,56.202,55.859,56.082,197245,0
2016-08-15,56.24,56.691,56.24,56.583,241995,0
2016-08-16,56.436,56.456,56.082,56.132,251102,0
2016-08-17,56.062,56.082,55.631,55.973,175358,0
2016-08-18,56.023,56.387,56.017,56.377,153171,0
2016-08-19,56.23,56.387,56.072,56.337,133802,0
2016-08-22,56.268,56.444,56.092,56.416,189853,0
2016-08-23,56.633,56.907,56.633,56.75,242829,0
2016-08-24,56.75,56.8,56.212,56.317,191688,0
2016-08-25,56.192,56.593,56.172,56.466,351502,0
2016-08-26,56.526,56.898,55.983,56.297,245961,0
2016-08-29,56.416,56.8,56.396,56.643,202329,0
2016-08-30,56.652,56.8,56.416,56.671,251262,0
2016-08-31,56.603,56.613,56.112,56.426,266673,0
2016-09-01,56.446,56.535,55.925,56.436,242758,0
2016-09-02,56.711,56.987,56.671,56.987,272939,0
2016-09-06,57.172,57.172,56.721,56.997,390629,0
2016-09-07,57.017,57.351,56.927,57.351,229252,0
2016-09-08,57.321,57.321,57.074,57.162,189542,0
2016-09-09,56.77,56.805,55.483,55.483,392773,0
2016-09-12,55.188,56.182,55.089,56.152,359933,0
2016-09-13,55.738,55.778,54.805,55.089,686748,0
2016-09-14,55.139,55.414,54.907,55.04,189192,0
2016-09-15,55.022,55.705,54.963,55.621,352296,0
2016-09-16,55.424,55.543,55.198,55.473,157606,0
2016-09-19,55.713,56.19,55.537,55.833,191909,0
2016-09-20,56.098,56.098,55.595,55.615,154493,0
2016-09-21,55.803,56.384,55.595,56.374,224487,0
2016-09-22,56.719,57.198,56.679,57.152,459527,0
2016-09-23,57.045,57.202,56.748,56.748,219012,0
2016-09-26,56.483,56.631,56.237,56.275,307926,0
2016-09-27,56.178,56.484,56.068,56.423,205552,0
2016-09-28,56.523,56.917,56.128,56.916,313479,0
2016-09-29,56.887,56.887,56.108,56.198,202147,0
2016-09-30,56.443,56.966,56.198,56.729,236879,0
2016-10-03,56.631,56.689,56.304,56.543,1153690,0
2016-10-04,56.601,56.721,56.056,56.284,612838,0
2016-10-05,56.503,56.897,56.503,56.641,324495,0
2016-10-06,56.503,56.643,56.156,56.581,223721,0
2016-10-07,56.641,56.798,55.885,56.158,290555,0
2016-10-10,56.423,56.926,56.423,56.729,235611,0
2016-10-11,56.543,56.618,55.438,55.753,272300,0
2016-10-12,55.723,55.94,55.538,55.743,216434,0
2016-10-13,55.3,55.546,54.926,55.36,294356,0
2016-10-14,55.555,55.772,55.132,55.172,870631,0
2016-10-17,55.073,55.31,55.015,55.063,534424,0
2016-10-18,55.605,55.635,55.26,55.378,404000,0
2016-10-19,55.457,55.781,55.172,55.605,201419,0
2016-10-20,55.447,55.645,55.132,55.447,318247,0
2016-10-21,55.073,55.457,54.945,55.37,233910,0
2016-10-24,55.723,55.988,55.483,55.674,298970,0
2016-10-25,55.625,55.684,55.123,55.23,534038,0
2016-10-26,54.965,55.22,54.65,54.826,348738,0
2016-10-27,54.965,54.965,54.096,54.205,314793,0
2016-10-28,54.167,54.521,53.969,54.097,275410,0
2016-10-31,54.215,54.403,54.018,54.324,283356,0
2016-11-01,54.443,54.443,53.349,53.732,510988,0
2016-11-02,53.575,53.654,53.021,53.061,350141,0
2016-11-03,53.17,53.367,52.767,52.826,202689,0
2016-11-04,52.935,53.545,52.877,53.041,423107,0
2016-11-07,53.989,54.363,53.848,54.264,381179,0
2016-11-08,54.137,54.698,53.939,54.452,489663,0
2016-11-09,54.107,55.999,53.919,55.872,880438,0
2016-11-10,56.473,56.906,55.872,56.543,1124445,0
2016-11-11,56.748,57.646,56.493,57.557,527003,0
2016-11-14,58.031,58.681,57.997,58.365,877841,0
2016-11-15,58.335,58.76,58.138,58.631,884243,0
2016-11-16,58.493,58.75,58.395,58.543,376283,0
2016-11-17,58.76,59.046,58.637,58.878,764489,0
2016-11-18,59.026,59.088,58.849,59.056,591098,0
2016-11-21,59.242,59.518,58.996,59.381,560568,0
2016-11-22,59.636,59.933,59.441,59.923,759664,0
2016-11-23,59.844,60.289,59.636,60.279,473458,0
2016-11-25,60.356,60.464,60.239,60.464,280079,0
2016-11-28,60.464,60.464,59.686,59.785,382850,0
2016-11-29,59.785,60.007,59.626,59.766,446142,0
2016-11-30,60.149,60.149,59.558,59.568,512103,0
2016-12-01,59.874,59.951,59.124,59.331,541324,0
2016-12-02,59.351,59.616,59.261,59.401,318821,0
2016-12-05,59.844,60.336,59.82,60.298,743511,0
2016-12-06,60.435,60.949,60.129,60.889,486006,0
2016-12-07,60.869,61.559,60.76,61.461,410354,0
2016-12-08,61.667,62.367,61.421,62.319,645572,0
2016-12-09,62.476,62.584,62.152,62.377,696024,0
2016-12-12,62.309,62.457,61.569,61.707,524504,0
2016-12-13,61.963,62.186,61.461,61.747,463958,0
2016-12-14,61.618,61.888,60.79,60.929,536574,0
2016-12-15,61.076,61.697,60.859,61.303,524154,0
2016-12-16,61.372,61.845,61.121,61.224,376748,0
2016-12-19,61.205,61.681,61.188,61.572,442056,0
2016-12-20,61.781,62.127,61.691,62.038,763475,0
2016-12-21,62.068,62.111,61.711,61.721,673943,0
2016-12-22,61.751,61.771,61.019,61.205,540637,0
2016-12-23,61.225,61.503,61.195,61.503,364943,0
2016-12-27,61.591,61.968,61.581,61.761,715552,0
2016-12-28,61.86,61.876,60.988,61.096,312406,0
2016-12-29,61.155,61.463,60.908,61.205,390094,0
2016-12-30,61.304,61.304,60.758,60.958,473612,0
2017-01-03,61.661,61.84,60.868,61.374,1237280,0
2017-01-04,61.611,62.464,61.611,62.385,1489955,0
2017-01-05,62.326,62.326,61.503,61.781,565636,0
2017-01-06,61.948,61.976,61.562,61.631,581561,0
2017-01-09,61.562,61.582,61.076,61.205,445972,0
2017-01-10,61.294,61.828,61.235,61.731,384989,0
2017-01-11,61.83,61.998,61.473,61.84,545176,0
2017-01-12,61.741,61.771,60.768,61.443,571404,0
2017-01-13,61.631,62.108,61.473,61.85,561423,0
2017-01-17,61.581,61.621,61.056,61.165,495249,0
2017-01-18,61.265,61.423,60.968,61.404,368026,0
2017-01-19,61.493,61.611,60.69,60.918,649067,0
2017-01-20,61.066,61.404,60.978,61.215,375198,0
2017-01-23,61.076,61.314,60.681,61.056,391103,0
2017-01-24,61.245,62.045,61.235,61.899,519573,0
2017-01-25,62.355,62.563,62.336,62.484,606450,0
2017-01-26,62.553,62.643,62.172,62.296,372057,0
2017-01-27,62.336,62.365,61.8,62.028,411030,0
2017-01-30,61.651,61.651,60.728,61.275,568998,0
2017-01-31,61.027,61.721,60.888,61.581,406830,0
2017-02-01,62.018,62.206,61.265,61.523,434657,0
2017-02-02,61.503,61.731,61.222,61.414,342770,0
2017-02-03,61.86,62.286,61.711,62.256,492957,0
2017-02-06,62.098,62.183,61.651,61.81,1767100,0
2017-02-07,61.87,62.038,61.404,61.542,608151,0
2017-02-08,61.394,61.581,61.037,61.572,407836,0
2017-02-09,61.601,62.405,61.601,62.306,514846,0
2017-02-10,62.613,62.871,62.425,62.753,381798,0
2017-02-13,63.099,63.238,62.801,62.89,465739,0
2017-02-14,62.761,63.165,62.603,63.139,399545,0
2017-02-15,62.9,63.496,62.817,63.416,384399,0
2017-02-16,63.426,63.536,62.881,63.277,645510,0
2017-02-17,63.04,63.366,62.861,63.277,539937,0
2017-02-21,63.406,63.793,63.356,63.763,402726,0
2017-02-22,63.713,63.717,63.356,63.476,545868,0
2017-02-23,63.673,63.673,62.715,63.079,737896,0
2017-02-24,62.573,63.069,62.494,63.069,354151,0
2017-02-27,62.96,63.624,62.851,63.605,632943,0
2017-02-28,63.366,63.366,62.723,62.781,604853,0
2017-03-01,63.466,63.913,63.422,63.793,678107,0
2017-03-02,63.743,63.743,63.01,63.069,776287,0
2017-03-03,63.079,63.327,62.761,63.069,365429,0
2017-03-06,62.761,62.771,62.375,62.653,609479,0
2017-03-07,62.504,62.653,62.149,62.216,413852,0
2017-03-08,62.346,62.514,61.786,61.83,353724,0
2017-03-09,61.82,62.048,61.306,61.581,439764,0
2017-03-10,61.919,61.988,61.376,61.8,319530,0
2017-03-13,61.741,62.148,61.727,61.958,335442,0
2017-03-14,61.721,61.781,61.215,61.651,373589,0
2017-03-15,61.919,62.713,61.82,62.553,327621,0
2017-03-16,62.761,62.91,62.494,62.663,300687,0
2017-03-17,62.683,62.89,62.376,62.811,370547,0
2017-03-20,62.762,62.762,62.306,62.484,317340,0
2017-03-21,62.754,62.754,60.914,60.954,479458,0
2017-03-22,60.864,61.023,60.466,60.904,458093,0
2017-03-23,60.964,61.609,60.804,61.212,302561,0
2017-03-24,61.471,61.639,61.003,61.311,285106,0
2017-03-27,60.556,61.416,60.377,61.331,2199205,0
2017-03-28,61.172,61.878,61.109,61.799,344536,0
2017-03-29,61.759,62.137,61.611,62.087,311919,0
2017-03-30,62.117,62.524,62.087,62.484,388722,0
2017-03-31,62.534,62.859,62.375,62.614,341744,0
2017-04-03,62.782,62.852,61.779,62.007,1284614,0
2017-04-04,61.908,62.185,61.759,61.947,613994,0
2017-04-05,62.395,62.614,61.272,61.331,636040,0
2017-04-06,61.471,61.957,61.182,61.938,750608,0
2017-04-07,61.799,62.097,61.589,61.898,391643,0
2017-04-10,61.928,62.455,61.786,62.097,410389,0
2017-04-11,61.888,62.455,61.699,62.455,330891,0
2017-04-12,62.405,62.405,61.636,61.729,500569,0
2017-04-13,61.629,61.799,61.043,61.063,305614,0
2017-04-17,61.242,61.779,61.073,61.759,382569,0
2017-04-18,61.56,61.815,61.311,61.779,398418,0
2017-04-19,61.997,62.385,61.839,61.967,336998,0
2017-04-20,62.206,62.684,62.047,62.624,399896,0
2017-04-21,62.464,62.601,62.246,62.425,320159,0
2017-04-24,63.27,63.33,62.978,63.21,361671,0
2017-04-25,63.697,63.966,63.539,63.767,694557,0
2017-04-26,63.667,64.254,63.647,63.956,463267,0
2017-04-27,64.105,64.166,63.677,63.887,455329,0
2017-04-28,63.887,63.975,63.116,63.121,371706,0
2017-05-01,63.33,63.6,62.964,63.399,405593,0
2017-05-02,63.499,63.618,62.982,63.19,290479,0
2017-05-03,62.932,63.012,62.565,62.812,358118,0
2017-05-04,62.922,62.932,62.257,62.674,308850,0
2017-05-05,62.842,63.151,62.524,63.151,346414,0
2017-05-08,63.052,63.121,62.594,62.902,408541,0
2017-05-09,62.912,63.11,62.583,62.792,381080,0
2017-05-10,62.704,63.207,62.634,63.161,292851,0
2017-05-11,63.022,63.032,62.266,62.802,529490,0
2017-05-12,62.584,62.634,62.306,62.455,303575,0
2017-05-15,62.684,63.172,62.682,62.902,288424,0
2017-05-16,63.032,63.032,62.478,62.882,272578,0
2017-05-17,62.007,62.175,61.263,61.331,533644,0
2017-05-18,61.172,61.729,61.043,61.521,551617,0
2017-05-19,61.689,62.196,61.64,61.908,347511,0
2017-05-22,62.037,62.385,61.987,62.326,234568,0
2017-05-23,62.504,62.574,62.037,62.464,340956,0
2017-05-24,62.474,62.684,62.256,62.474,336949,0
2017-05-25,62.754,62.972,62.38,62.514,327933,0
2017-05-26,62.445,62.554,62.206,62.464,292572,0
2017-05-30,62.306,62.405,61.947,62.007,330971,0
2017-05-31,62.186,62.186,61.262,61.977,413626,0
2017-06-01,62.127,63.091,61.963,63.071,292838,0
2017-06-02,63.23,63.777,63.081,63.429,344085,0
2017-06-05,63.389,63.409,63.017,63.032,293335,0
2017-06-06,62.734,63.251,62.584,62.962,442228,0
2017-06-07,63.022,63.18,62.714,62.902,3752111,0
2017-06-08,62.912,63.78,62.792,63.568,1557837,0
2017-06-09,63.787,64.383,63.559,63.897,290303,0
2017-06-12,63.946,64.115,63.598,63.857,350536,0
2017-06-13,64.015,64.297,63.924,64.264,302232,0
2017-06-14,64.244,64.264,63.578,63.927,301588,0
2017-06-15,63.32,63.747,63.174,63.549,236703,0
2017-06-16,63.379,63.409,63.062,63.409,215796,0
2017-06-19,63.643,64.024,63.623,63.933,233028,0
2017-06-20,63.783,63.833,63.244,63.274,322338,0
2017-06-21,63.344,63.623,62.955,63.025,418525,0
2017-06-22,63.075,63.424,62.915,63.264,190828,0
2017-06-23,63.324,63.743,63.106,63.693,310031,0
2017-06-26,63.813,64.042,63.483,63.833,447192,0
2017-06-27,63.823,64.012,63.244,63.284,336780,0
2017-06-28,63.554,64.262,63.554,64.172,387977,0
2017-06-29,64.282,64.342,63.123,63.753,286857,0
2017-06-30,63.873,64.012,63.621,63.753,290772,0
2017-07-03,63.973,64.342,63.895,64.212,198335,0
2017-07-05,64.092,64.14,63.693,64.012,376589,0
2017-07-06,63.603,63.733,63.065,63.184,531973,0
2017-07-07,63.354,63.823,63.214,63.773,299306,0
2017-07-10,63.564,63.91,63.396,63.554,267793,0
2017-07-11,63.514,63.773,63.194,63.703,232643,0
2017-07-12,64.072,64.541,64.032,64.202,406569,0
2017-07-13,64.212,64.302,63.843,64.302,296671,0
2017-07-14,64.222,64.679,64.222,64.461,262364,0
2017-07-17,64.431,64.711,64.322,64.611,280514,0
2017-07-18,64.401,64.501,64.172,64.431,254324,0
2017-07-19,64.571,65.09,64.521,65.09,372982,0
2017-07-20,65.11,65.239,64.93,65.09,491969,0
2017-07-21,65.02,65.06,64.701,64.86,234613,0
2017-07-24,64.81,65,64.651,64.98,210769,0
2017-07-25,65.329,65.599,65.219,65.529,215420,0
2017-07-26,65.589,65.638,65.101,65.219,250015,0
2017-07-27,65.299,65.358,64.451,64.82,262261,0
2017-07-28,64.571,64.741,64.45,64.641,211496,0
2017-07-31,64.84,64.84,64.262,64.481,262939,0
2017-08-01,64.771,64.771,64.342,64.621,342827,0
2017-08-02,64.561,64.571,63.743,64.012,479958,0
2017-08-03,64.082,64.152,63.613,63.773,225810,0
2017-08-04,63.889,64.082,63.783,64.062,214482,0
2017-08-07,64.162,64.292,63.843,64.162,323764,0
2017-08-08,64.132,64.661,63.843,63.973,666557,0
2017-08-09,63.603,63.695,63.254,63.494,516854,0
2017-08-10,63.155,63.224,62.327,62.366,394072,0
2017-08-11,62.297,62.575,62.099,62.486,365489,0
2017-08-14,62.915,63.374,62.906,63.304,232918,0
2017-08-15,63.464,63.464,62.865,62.875,308315,0
2017-08-16,63.035,63.293,62.893,62.985,241202,0
2017-08-17,62.785,63.035,61.848,61.858,332569,0
2017-08-18,61.728,62.057,61.484,61.808,334293,0
2017-08-21,61.738,61.868,61.519,61.808,315423,0
2017-08-22,61.947,62.486,61.879,62.416,311316,0
2017-08-23,62.107,62.536,61.992,62.366,293905,0
2017-08-24,62.606,62.676,62.337,62.476,257798,0
2017-08-25,62.676,62.805,62.466,62.636,224397,0
2017-08-28,62.895,62.925,62.547,62.775,225124,0
2017-08-29,62.327,62.902,62.277,62.825,217215,0
2017-08-30,62.775,63.333,62.741,63.274,234968,0
2017-08-31,63.474,63.933,63.444,63.893,270272,0
2017-09-01,64.022,64.302,63.953,64.222,216096,0
2017-09-05,64.242,64.342,63.307,63.593,276157,0
2017-09-06,63.823,63.883,63.514,63.673,384593,0
2017-09-07,63.763,63.767,63.314,63.494,364946,0
2017-09-08,63.394,63.743,63.264,63.593,545751,0
2017-09-11,64.052,64.332,64.012,64.282,196673,0
2017-09-12,64.421,64.721,64.342,64.711,292572,0
2017-09-13,64.621,64.9,64.589,64.81,222582,0
2017-09-14,64.731,64.846,64.591,64.731,290809,0
2017-09-15,64.731,65.01,64.666,64.99,277289,0
2017-09-18,65.06,65.5,65.01,65.4,287319,0
2017-09-19,65.44,65.5,65.26,65.37,308377,0
2017-09-20,65.37,65.64,65.33,65.6,221664,0
2017-09-21,65.62,65.7,65.41,65.5,199773,0
2017-09-22,65.47,65.87,65.4427,65.76,293585,0
2017-09-25,65.8,66.025,65.5437,65.9,278939,0
2017-09-26,65.98,66.23,65.9,66.05,377785,0
2017-09-27,66.47,67.191,66.18,67.09,469833,0
2017-09-28,67.03,67.3,66.8,67.26,260175,0
2017-09-29,67.27,67.49,67.22,67.37,342424,0
2017-10-02,67.44,68.12,67.39,68.12,1791353,0
2017-10-03,68.23,68.29,67.881,68.27,630630,0
2017-10-04,68.19,68.3425,67.949,68.12,503938,0
2017-10-05,68.29,68.4389,68.141,68.29,278232,0
2017-10-06,68.07,68.28,67.971,68.17,327753,0
2017-10-09,68.05,68.09,67.81,67.93,373087,0
2017-10-10,68.15,68.292,67.8957,68.06,260279,0
2017-10-11,68.04,68.139,67.899,68.04,731242,0
2017-10-12,67.9,68.09,67.68,67.99,245119,0
2017-10-13,68.12,68.15,67.85,67.88,223661,0
2017-10-16,68.08,68.2668,67.761,67.88,252903,0
2017-10-17,67.91,68.029,67.579,67.7,181390,0
2017-10-18,67.94,68.08,67.7822,67.96,187392,0
2017-10-19,67.59,67.88,67.32,67.88,256477,0
2017-10-20,68.25,68.329,68.12,68.22,282914,0
2017-10-23,68.34,68.38,67.7,67.76,292331,0
2017-10-24,67.98,68.1,67.831,67.89,264192,0
2017-10-25,67.76,67.79,67.01,67.52,337850,0
2017-10-26,67.65,67.8188,67.531,67.69,259914,0
2017-10-27,67.69,68.09,67.43,68.07,270332,0
2017-10-30,67.84,67.987,67.2,67.49,274776,0
2017-10-31,67.67,68.13,67.631,67.97,368234,0
2017-11-01,68.42,68.44,67.29,67.62,322133,0
2017-11-02,67.59,67.97,67.445,67.8,283642,0
2017-11-03,67.69,67.873,67.52,67.78,292082,0
2017-11-06,67.83,68.1,67.75,67.96,281539,0
2017-11-07,67.91,67.989,67.021,67.21,366567,0
2017-11-08,67.09,67.38,66.749,67.31,317465,0
2017-11-09,66.84,67.37,66.45,67.03,327967,0
2017-11-10,66.99,67.21,66.9,67.02,791133,0
