Date,Open,High,Low,Close,Volume,OpenInt
2012-08-17,17.99,17.99,17.807,17.896,158962,0
2012-08-20,18.468,18.512,17.789,17.823,17344,0
2012-08-21,17.833,17.933,17.72,17.72,9624,0
2012-08-22,18.512,18.512,17.614,17.693,26148,0
2012-08-23,17.598,17.623,17.5,17.533,189615,0
2012-08-24,17.5,17.648,17.471,17.623,22086,0
2012-08-27,17.657,17.702,17.551,17.578,147525,0
2012-08-28,17.542,17.598,17.5,17.524,241008,0
2012-08-29,17.542,17.702,17.471,17.587,103966,0
2012-08-30,17.463,17.463,17.321,17.358,97590,0
2012-08-31,18.154,18.154,17.356,17.533,38493,0
2012-09-04,17.5,17.542,17.254,17.447,50013,0
2012-09-05,17.86,17.86,17.366,17.438,37094,0
2012-09-06,17.507,17.834,17.507,17.814,64235,0
2012-09-07,17.746,17.789,17.665,17.746,39678,0
2012-09-10,17.673,17.72,17.592,17.606,54397,0
2012-09-11,17.616,17.765,17.588,17.72,105073,0
2012-09-12,17.765,17.807,17.72,17.746,33939,0
2012-09-13,17.712,17.98,17.674,17.941,102989,0
2012-09-14,17.958,18.117,17.958,18.026,42432,0
2012-09-17,17.99,17.99,17.852,17.933,23028,0
2012-09-18,17.86,17.924,17.86,17.886,29042,0
2012-09-19,17.915,17.915,17.828,17.852,41654,0
2012-09-20,17.746,17.807,17.648,17.789,61587,0
2012-09-21,17.893,17.893,17.796,17.811,42087,0
2012-09-24,17.653,17.708,17.621,17.67,128433,0
2012-09-25,17.734,17.734,17.444,17.444,86196,0
2012-09-26,17.362,17.444,17.246,17.362,49533,0
2012-09-27,17.407,17.594,17.335,17.575,23109,0
2012-09-28,17.496,17.497,17.408,17.468,13788,0
2012-10-01,17.548,17.621,17.391,17.461,25977,0
2012-10-02,17.496,17.539,17.406,17.486,51549,0
2012-10-03,17.513,17.575,17.399,17.453,27847,0
2012-10-04,17.444,17.522,17.353,17.496,29840,0
2012-10-05,17.594,17.689,17.486,17.504,31361,0
2012-10-08,17.407,17.476,17.335,17.372,45079,0
2012-10-09,17.3,17.3,17.081,17.11,37739,0
2012-10-10,17.055,17.055,16.927,16.95,77594,0
2012-10-11,17.063,17.068,16.93,16.966,32243,0
2012-10-12,16.94,16.966,16.912,16.912,21418,0
2012-10-15,16.975,17.091,16.966,17.081,14179,0
2012-10-16,17.118,17.3,17.118,17.3,45970,0
2012-10-17,17.063,17.661,17.063,17.204,36093,0
2012-10-18,17.167,17.621,17.072,17.11,26094,0
2012-10-19,17.091,17.091,16.746,16.815,40467,0
2012-10-22,16.789,16.849,16.666,16.815,46530,0
2012-10-23,16.683,16.773,16.523,16.746,48336,0
2012-10-24,16.764,16.789,16.587,16.596,51853,0
2012-10-25,16.699,16.754,16.582,16.657,18697,0
2012-10-26,16.638,16.78,16.628,16.78,15139,0
2012-10-31,16.859,16.979,16.709,16.733,28616,0
2012-11-01,16.869,17.057,16.805,17.057,9038,0
2012-11-02,17.118,17.118,16.886,16.903,32920,0
2012-11-05,16.869,17.025,16.869,17.025,56233,0
2012-11-06,17.016,17.222,17.016,17.125,95181,0
2012-11-07,17.001,17.001,16.735,16.762,393164,0
2012-11-08,16.859,16.887,16.692,16.692,27836,0
2012-11-09,16.647,16.842,16.647,16.699,22487,0
2012-11-12,16.764,16.764,16.618,16.647,21778,0
2012-11-13,16.533,16.674,16.506,16.506,35603,0
2012-11-14,16.551,16.578,16.304,16.33,25902,0
2012-11-15,16.357,16.357,16.261,16.276,19498,0
2012-11-16,16.294,16.357,16.116,16.302,66012,0
2012-11-19,16.478,16.523,16.453,16.51,12095,0
2012-11-20,16.443,16.443,16.334,16.401,7525,0
2012-11-21,16.436,16.506,16.416,16.491,29197,0
2012-11-23,17.186,17.186,16.674,16.697,10919,0
2012-11-26,16.718,16.754,16.611,16.754,28172,0
2012-11-27,16.819,16.819,16.699,16.699,59132,0
2012-11-28,16.587,16.785,16.506,16.785,9199,0
2012-11-29,16.921,16.949,16.833,16.877,99297,0
2012-11-30,16.922,16.922,16.833,16.897,16459,0
2012-12-03,16.95,16.95,16.833,16.87,32611,0
2012-12-04,16.869,16.939,16.812,16.932,23906,0
2012-12-05,16.823,17.045,16.823,16.985,36492,0
2012-12-06,17.001,17.068,17.001,17.063,18013,0
2012-12-07,17.148,17.148,17.008,17.081,99652,0
2012-12-10,17.081,17.196,17.081,17.157,27015,0
2012-12-11,17.186,17.377,17.186,17.335,11881,0
2012-12-12,17.407,17.435,17.272,17.3,28141,0
2012-12-13,17.25,17.39,17.176,17.176,25351,0
2012-12-14,17.167,17.207,17.089,17.091,17780,0
2012-12-17,17.176,17.259,17.167,17.213,32523,0
2012-12-18,17.297,17.539,17.297,17.529,197562,0
2012-12-19,17.604,17.611,17.522,17.539,17301,0
2012-12-20,17.529,17.566,17.462,17.548,26011,0
2012-12-21,17.204,17.258,17.154,17.258,20086,0
2012-12-24,17.196,17.204,17.14,17.167,15728,0
2012-12-26,17.176,17.23,17.101,17.157,54734,0
2012-12-27,17.132,17.167,16.912,17.11,16289,0
2012-12-28,16.94,17.035,16.912,16.912,35858,0
2012-12-31,16.815,17.139,16.815,17.063,46889,0
2013-01-02,17.539,17.706,17.525,17.702,23027,0
2013-01-03,17.708,17.761,17.621,17.645,33677,0
2013-01-04,17.621,17.67,17.556,17.636,43950,0
2013-01-07,17.529,17.653,17.529,17.636,25623,0
2013-01-08,17.604,17.621,17.417,17.507,28475,0
2013-01-09,17.594,17.67,17.584,17.653,25505,0
2013-01-10,17.679,17.796,17.649,17.796,158749,0
2013-01-11,17.796,17.858,17.766,17.796,36784,0
2013-01-14,17.865,17.865,17.77,17.82,12576,0
2013-01-15,17.796,17.865,17.761,17.865,36157,0
2013-01-16,17.829,17.955,17.811,17.93,77533,0
2013-01-17,18.006,18.111,17.967,18.071,46486,0
2013-01-18,17.965,18.033,17.947,18.033,39865,0
2013-01-22,18.024,18.08,17.93,18.08,27765,0
2013-01-23,18.165,18.38,18.071,18.131,31139,0
2013-01-24,18.106,18.228,18.071,18.106,100708,0
2013-01-25,18.131,18.228,18.127,18.15,23979,0
2013-01-28,18.192,18.274,18.15,18.237,59397,0
2013-01-29,18.183,18.183,18.09,18.15,38170,0
2013-01-30,18.21,18.219,18.052,18.057,84876,0
2013-01-31,18.175,18.265,18.124,18.141,11530,0
2013-02-01,18.274,18.37,18.217,18.324,17929,0
2013-02-04,18.265,18.308,18.131,18.131,142896,0
2013-02-05,18.201,18.372,18.201,18.308,99265,0
2013-02-06,18.283,18.324,18.237,18.316,55492,0
2013-02-07,18.301,18.301,18.131,18.237,35766,0
2013-02-08,18.351,18.448,18.301,18.402,21912,0
2013-02-11,18.448,18.448,18.351,18.406,22098,0
2013-02-12,18.38,18.547,18.341,18.413,23351,0
2013-02-13,18.44,18.466,18.37,18.432,31297,0
2013-02-14,18.165,18.341,18.15,18.332,62738,0
2013-02-15,18.351,18.37,18.21,18.237,26386,0
2013-02-19,18.308,18.448,18.308,18.448,36770,0
2013-02-20,18.398,18.401,18.114,18.131,36815,0
2013-02-21,18.089,18.089,17.873,17.912,41623,0
2013-02-22,18.033,18.292,18.033,18.274,42251,0
2013-02-25,18.332,18.413,18.043,18.043,31781,0
2013-02-26,18.089,18.156,18.021,18.156,20778,0
2013-02-27,18.15,18.44,18.131,18.406,28003,0
2013-02-28,18.37,18.466,18.367,18.413,25925,0
2013-03-01,18.274,18.432,18.192,18.398,24196,0
2013-03-04,18.448,18.529,18.301,18.466,102431,0
2013-03-05,18.66,18.748,18.643,18.715,103997,0
2013-03-06,18.766,18.868,18.757,18.814,32793,0
2013-03-07,18.823,18.854,18.748,18.795,65951,0
2013-03-08,18.909,18.989,18.766,18.823,77248,0
2013-03-11,18.823,18.882,18.757,18.882,65005,0
2013-03-12,18.795,18.936,18.795,18.882,42605,0
2013-03-13,18.917,18.97,18.83,18.943,22872,0
2013-03-14,19.074,19.093,18.989,19.084,30001,0
2013-03-15,19.158,19.158,18.89,18.952,25623,0
2013-03-18,18.844,19.007,18.738,18.931,50853,0
2013-03-19,18.98,18.98,18.75,18.863,30896,0
2013-03-20,19.009,19.032,18.952,18.998,46338,0
2013-03-21,18.842,18.842,18.666,18.729,48471,0
2013-03-22,18.773,18.871,18.721,18.804,20283,0
2013-03-25,18.916,18.942,18.745,18.773,57526,0
2013-03-26,18.936,18.979,18.872,18.979,32695,0
2013-03-27,18.842,18.979,18.842,18.961,37567,0
2013-03-28,18.951,19.048,18.926,19.048,33090,0
2013-04-01,19.007,19.048,18.783,18.821,88605,0
2013-04-02,18.913,18.951,18.832,18.867,33782,0
2013-04-03,19.094,19.094,18.694,18.729,83620,0
2013-04-04,18.649,18.754,18.639,18.754,49011,0
2013-04-05,18.46,18.666,18.382,18.639,24526,0
2013-04-08,18.629,18.737,18.542,18.737,39830,0
2013-04-09,18.773,18.998,18.737,18.951,75535,0
2013-04-10,19.057,19.31,19.007,19.291,125983,0
2013-04-11,19.113,19.151,19.032,19.151,74827,0
2013-04-12,18.961,19.264,18.904,19.042,103326,0
2013-04-15,18.951,18.979,18.681,18.737,63275,0
2013-04-16,18.835,18.942,18.763,18.898,117009,0
2013-04-17,18.783,18.907,18.451,18.56,83343,0
2013-04-18,18.675,18.675,18.391,18.479,79158,0
2013-04-19,18.408,18.488,18.247,18.451,89880,0
2013-04-22,18.533,18.649,18.408,18.612,34202,0
2013-04-23,18.889,18.907,18.737,18.842,68720,0
2013-04-24,18.842,18.951,18.771,18.916,43231,0
2013-04-25,18.961,19.105,18.941,18.989,93771,0
2013-04-26,18.989,19.024,18.889,19.006,114221,0
2013-04-29,19.032,19.282,18.979,19.246,302083,0
2013-04-30,19.167,19.361,19.066,19.31,101505,0
2013-05-01,19.369,19.388,19.21,19.236,101195,0
2013-05-02,19.264,19.443,19.183,19.438,99052,0
2013-05-03,19.64,19.666,19.54,19.628,227362,0
2013-05-06,19.613,19.7,19.585,19.64,136914,0
2013-05-07,19.692,19.727,19.585,19.615,92417,0
2013-05-08,19.604,19.773,19.585,19.773,87640,0
2013-05-09,19.718,19.8,19.63,19.63,309908,0
2013-05-10,19.737,19.783,19.674,19.783,78550,0
2013-05-13,19.754,19.763,19.676,19.718,48100,0
2013-05-14,19.7,19.808,19.7,19.755,71763,0
2013-05-15,19.709,19.783,19.659,19.755,93322,0
2013-05-16,19.871,20.085,19.871,19.952,80529,0
2013-05-17,20.016,20.155,19.951,20.155,96780,0
2013-05-20,20.095,20.184,20.095,20.147,126870,0
2013-05-21,20.147,20.201,20.091,20.155,89313,0
2013-05-22,20.155,20.272,19.838,19.905,78779,0
2013-05-23,19.63,20.075,19.63,20.066,80681,0
2013-05-24,19.932,19.98,19.835,19.969,56081,0
2013-05-28,20.184,20.254,20.066,20.122,43600,0
2013-05-29,20.184,20.184,19.956,20.13,60521,0
2013-05-30,20.075,20.309,20.075,20.218,190447,0
2013-05-31,20.337,20.337,20.005,20.005,97602,0
2013-06-03,20.03,20.175,19.988,20.175,85462,0
2013-06-04,20.245,20.345,20.075,20.182,83617,0
2013-06-05,20.085,20.105,19.871,19.942,64459,0
2013-06-06,19.942,19.959,19.718,19.932,154005,0
2013-06-07,19.998,20.13,19.871,20.13,137407,0
2013-06-10,20.147,20.193,20.082,20.122,153835,0
2013-06-11,19.96,20.095,19.854,19.905,105932,0
2013-06-12,20.03,20.056,19.718,19.755,221566,0
2013-06-13,19.727,20.052,19.684,20.04,95161,0
2013-06-14,20.03,20.085,19.862,19.904,165696,0
2013-06-17,20.056,20.201,19.998,20.085,212033,0
2013-06-18,20.122,20.289,20.122,20.226,152785,0
2013-06-19,20.289,20.289,19.954,19.969,223118,0
2013-06-20,19.773,19.773,19.375,19.453,360956,0
2013-06-21,19.71,19.71,19.191,19.378,144719,0
2013-06-24,19.209,19.245,18.988,19.093,384200,0
2013-06-25,19.175,19.369,19.147,19.319,131060,0
2013-06-26,19.549,19.549,19.269,19.353,108019,0
2013-06-27,19.361,19.558,19.361,19.488,133481,0
2013-06-28,19.577,19.59,19.345,19.463,87473,0
2013-07-01,19.641,19.693,19.481,19.481,58122,0
2013-07-02,19.531,19.654,19.361,19.488,118914,0
2013-07-03,19.443,19.65,19.4,19.577,99022,0
2013-07-05,19.676,19.693,19.463,19.693,76706,0
2013-07-08,19.774,20,19.526,19.604,114852,0
2013-07-09,19.693,19.738,19.605,19.71,110664,0
2013-07-10,19.71,19.87,19.71,19.864,97118,0
2013-07-11,20.078,20.177,20.01,20.168,165092,0
2013-07-12,20.196,20.203,20.088,20.177,141177,0
2013-07-15,20.158,20.275,20.132,20.257,147972,0
2013-07-16,20.266,20.312,20.229,20.293,135055,0
2013-07-17,20.348,20.348,20.23,20.283,133577,0
2013-07-18,20.293,20.348,20.168,20.212,99296,0
2013-07-19,20.088,20.088,19.888,19.934,137157,0
2013-07-22,19.882,20.018,19.882,19.962,159645,0
2013-07-23,20.068,20.094,19.962,19.962,84581,0
2013-07-24,20.132,20.142,19.987,20,261821,0
2013-07-25,20.023,20.032,19.89,20.023,47100,0
2013-07-26,19.99,20.04,19.89,20.037,61864,0
2013-07-29,19.98,20.107,19.98,20.032,49020,0
2013-07-30,20.125,20.275,20.125,20.178,54866,0
2013-07-31,20.274,20.292,20.142,20.187,55641,0
2013-08-01,20.358,20.365,20.253,20.358,90093,0
2013-08-02,20.302,20.545,20.283,20.418,71495,0
2013-08-05,20.365,20.491,20.365,20.472,47157,0
2013-08-06,20.444,20.444,20.229,20.332,75693,0
2013-08-07,20.4,20.4,20.213,20.312,54538,0
2013-08-08,20.358,20.39,20.209,20.348,92074,0
2013-08-09,20.322,20.322,20.187,20.266,51352,0
2013-08-12,20.293,20.418,20.15,20.39,81926,0
2013-08-13,20.444,20.519,20.322,20.491,113228,0
2013-08-14,20.519,20.519,20.373,20.436,56690,0
2013-08-15,20.203,20.229,20.049,20.116,178693,0
2013-08-16,20.132,20.187,20.032,20.078,48131,0
2013-08-19,20.023,20.158,19.944,19.944,76227,0
2013-08-20,19.944,20.125,19.916,20.049,57296,0
2013-08-21,19.99,20.068,19.866,19.948,69579,0
2013-08-22,19.944,21.484,19.807,19.934,44491,0
2013-08-23,20.018,20.097,20.01,20.088,79688,0
2013-08-26,20.068,20.142,20.01,20.032,104495,0
2013-08-27,19.869,19.869,19.628,19.676,79535,0
2013-08-28,19.667,19.802,19.667,19.701,94379,0
2013-08-29,19.802,19.926,19.772,19.846,68435,0
2013-08-30,19.873,19.873,19.667,19.667,24563,0
2013-09-03,19.895,19.975,19.704,19.768,104271,0
2013-09-04,19.768,20.02,19.768,19.929,41864,0
2013-09-05,20.005,20.037,19.92,19.985,51250,0
2013-09-06,20.041,20.116,19.863,19.98,60405,0
2013-09-09,20.032,20.248,20.032,20.199,53787,0
2013-09-10,20.068,20.365,20.068,20.358,75061,0
2013-09-11,20.266,20.34,20.213,20.292,57636,0
2013-09-12,20.275,20.34,20.213,20.24,50215,0
2013-09-13,20.234,20.345,20.234,20.329,136023,0
2013-09-16,20.5,20.5,20.275,20.293,38792,0
2013-09-17,20.34,20.472,20.34,20.453,107630,0
2013-09-18,20.39,20.687,20.39,20.66,128633,0
2013-09-19,20.633,20.734,20.616,20.66,64563,0
2013-09-20,20.723,20.723,20.46,20.527,73572,0
2013-09-23,20.507,20.64,20.498,20.545,95439,0
2013-09-24,20.544,20.651,20.48,20.551,64652,0
2013-09-25,20.568,20.641,20.489,20.614,81873,0
2013-09-26,20.641,20.696,20.507,20.551,45547,0
2013-09-27,20.46,20.46,20.337,20.387,44880,0
2013-09-30,20.234,20.387,20.027,20.289,97091,0
2013-10-01,20.363,20.559,20.363,20.45,54099,0
2013-10-02,20.407,20.535,20.355,20.535,72651,0
2013-10-03,20.535,20.535,20.254,20.38,203292,0
2013-10-04,20.363,20.489,20.329,20.46,54542,0
2013-10-07,20.397,20.46,20.289,20.355,45880,0
2013-10-08,20.309,20.37,20.093,20.103,47572,0
2013-10-09,20.128,20.272,20.037,20.225,68209,0
2013-10-10,20.363,20.577,20.355,20.568,89539,0
2013-10-11,20.535,20.731,20.48,20.723,98867,0
2013-10-14,20.651,20.859,20.614,20.83,111421,0
2013-10-15,20.812,20.859,20.705,20.714,73206,0
2013-10-16,20.804,20.929,20.794,20.876,117088,0
2013-10-17,20.775,20.91,20.66,20.91,102646,0
2013-10-18,20.938,21.021,20.859,21.002,84537,0
2013-10-21,21.09,21.137,20.957,21.098,84093,0
2013-10-22,21.192,21.201,21.055,21.147,95647,0
2013-10-23,21.156,21.156,20.938,20.947,108976,0
2013-10-24,21.029,21.055,20.91,20.992,102535,0
2013-10-25,21.192,21.233,21.098,21.192,92536,0
2013-10-28,21.137,21.251,21.127,21.233,127639,0
2013-10-29,21.335,21.397,21.26,21.379,69098,0
2013-10-30,21.423,21.442,21.26,21.353,43324,0
2013-10-31,21.344,21.416,21.29,21.327,58045,0
2013-11-01,21.344,21.406,21.217,21.353,115755,0
2013-11-04,21.442,21.442,21.309,21.423,52433,0
2013-11-05,21.327,21.406,21.243,21.353,69207,0
2013-11-06,21.462,21.506,21.379,21.496,97646,0
2013-11-07,21.514,21.514,21.209,21.217,53544,0
2013-11-08,21.29,21.416,21.156,21.416,59098,0
2013-11-11,21.388,21.442,21.344,21.432,69207,0
2013-11-12,21.363,21.506,21.344,21.488,52769,0
2013-11-13,21.363,21.649,21.363,21.649,42991,0
2013-11-14,21.406,21.452,21.309,21.432,53321,0
2013-11-15,21.478,21.541,21.379,21.541,76983,0
2013-11-18,21.847,21.847,21.39,21.432,80312,0
2013-11-19,21.506,21.514,21.243,21.363,126198,0
2013-11-20,21.55,21.55,21.27,21.344,113977,0
2013-11-21,21.595,21.595,21.29,21.484,159306,0
2013-11-22,21.631,21.631,21.344,21.406,61098,0
2013-11-25,21.416,21.432,21.335,21.388,81317,0
2013-11-26,21.506,21.506,21.327,21.416,72669,0
2013-11-27,21.604,21.604,21.469,21.588,130417,0
2013-11-29,21.856,21.856,21.595,21.641,128303,0
2013-12-02,21.677,21.677,21.478,21.488,118086,0
2013-12-03,21.533,21.604,21.442,21.55,82536,0
2013-12-04,21.523,21.667,21.452,21.569,80094,0
2013-12-05,21.631,21.631,21.432,21.469,66651,0
2013-12-06,21.641,21.766,21.623,21.729,71634,0
2013-12-09,21.812,21.838,21.704,21.713,99979,0
2013-12-10,21.641,21.738,21.631,21.68,137250,0
2013-12-11,21.687,21.695,21.442,21.462,116422,0
2013-12-12,21.423,21.452,21.27,21.317,119531,0
2013-12-13,21.251,21.342,21.127,21.127,89393,0
2013-12-16,21.29,21.442,21.217,21.397,95539,0
2013-12-17,21.344,21.523,21.335,21.462,73206,0
2013-12-18,21.452,21.624,21.191,21.624,211063,0
2013-12-19,21.624,21.653,21.523,21.632,113517,0
2013-12-20,21.668,21.787,21.651,21.777,116226,0
2013-12-23,21.877,21.985,21.832,21.985,133251,0
2013-12-24,22.022,22.104,21.994,22.032,44603,0
2013-12-26,22.139,22.194,22.095,22.194,66012,0
2013-12-27,22.438,22.438,22.149,22.213,156975,0
2013-12-30,22.167,22.257,22.121,22.249,112597,0
2013-12-31,22.274,22.359,22.233,22.35,70539,0
2014-01-02,22.233,22.233,22.022,22.032,91100,0
2014-01-03,22.13,22.13,21.967,22.032,168443,0
2014-01-06,22.004,22.05,21.914,21.976,78485,0
2014-01-07,22.06,22.149,22.022,22.121,99451,0
2014-01-08,22.095,22.104,21.967,22.05,166066,0
2014-01-09,22.013,22.194,21.805,21.905,88053,0
2014-01-10,21.967,22.022,21.841,21.967,55195,0
2014-01-13,21.994,22.082,21.74,21.801,115063,0
2014-01-14,21.887,22.213,21.887,22.185,90960,0
2014-01-15,22.293,22.465,22.266,22.411,77936,0
2014-01-16,22.438,22.475,22.32,22.429,120544,0
2014-01-17,22.302,22.359,22.224,22.302,167585,0
2014-01-21,22.411,22.411,22.158,22.293,74290,0
2014-01-22,22.24,22.302,22.185,22.249,53208,0
2014-01-23,22.139,22.149,21.994,22.149,129155,0
2014-01-24,22.06,22.06,21.75,21.805,93611,0
2014-01-27,21.75,21.768,21.542,21.615,118780,0
2014-01-28,21.462,21.462,21.289,21.379,159071,0
2014-01-29,21.191,21.432,21.154,21.316,71821,0
2014-01-30,21.379,21.489,21.326,21.489,59390,0
2014-01-31,21.344,21.551,21.279,21.462,83503,0
2014-02-03,21.334,21.415,20.93,20.981,253508,0
2014-02-04,21.052,21.052,20.888,21.009,166722,0
2014-02-05,20.963,21.087,20.836,20.963,56535,0
2014-02-06,21.035,21.282,20.836,21.223,114316,0
2014-02-07,21.379,21.542,21.269,21.514,91808,0
2014-02-10,21.506,21.588,21.423,21.588,56183,0
2014-02-11,21.551,21.867,21.551,21.768,170405,0
2014-02-12,21.832,21.933,21.796,21.905,51681,0
2014-02-13,21.75,22.022,21.75,22.022,104167,0
2014-02-14,21.985,22.13,21.905,22.095,58453,0
2014-02-18,22.013,22.104,21.976,22.06,65355,0
2014-02-19,22.06,22.095,21.933,21.957,91898,0
2014-02-20,21.985,22.158,21.957,22.139,63550,0
2014-02-21,22.203,22.233,22.06,22.076,4390435,0
2014-02-24,22.112,22.24,22.095,22.167,350058,0
2014-02-25,22.139,22.139,21.978,22.032,104885,0
2014-02-26,22.086,22.174,22.013,22.095,152201,0
2014-02-27,22.085,22.223,22.016,22.223,71840,0
2014-02-28,22.233,22.327,22.071,22.224,91410,0
2014-03-03,22.041,22.095,21.858,22.022,102637,0
2014-03-04,22.32,22.369,22.257,22.369,63831,0
2014-03-05,22.369,22.369,22.283,22.332,43258,0
2014-03-06,22.384,22.384,22.293,22.32,74571,0
2014-03-07,22.384,22.393,22.194,22.257,73805,0
2014-03-10,22.275,22.283,22.149,22.233,85125,0
2014-03-11,22.283,22.35,22.105,22.181,48871,0
2014-03-12,22.112,22.24,22.05,22.194,54484,0
2014-03-13,22.32,22.32,21.873,21.949,93428,0
2014-03-14,21.914,22.004,21.824,21.867,61600,0
2014-03-17,21.905,22.158,21.905,22.112,55291,0
2014-03-18,22.086,22.411,22.075,22.402,55442,0
2014-03-19,22.33,22.502,22.275,22.377,72032,0
2014-03-20,22.311,22.646,22.311,22.567,63052,0
2014-03-21,22.646,22.729,22.458,22.502,72897,0
2014-03-24,22.558,22.628,22.37,22.55,74236,0
2014-03-25,22.554,22.783,22.554,22.765,494815,0
2014-03-26,22.873,22.945,22.652,22.652,118215,0
2014-03-27,22.597,22.754,22.429,22.581,63849,0
2014-03-28,22.662,22.903,22.662,22.775,84113,0
2014-03-31,22.955,23.084,22.904,22.993,70903,0
2014-04-01,23.045,23.278,23.028,23.239,1727136,0
2014-04-02,23.293,23.293,23.156,23.282,117319,0
2014-04-03,23.24,23.33,23.138,23.203,65736,0
2014-04-04,23.348,23.348,22.835,22.903,99088,0
2014-04-07,22.835,22.965,22.803,22.864,232703,0
2014-04-08,22.844,22.992,22.765,22.983,99042,0
2014-04-09,23.055,23.194,22.955,23.174,67360,0
2014-04-10,23.203,23.203,22.699,22.755,111755,0
2014-04-11,22.671,22.806,22.516,22.554,165960,0
2014-04-14,22.652,22.765,22.526,22.737,147184,0
2014-04-15,22.755,22.853,22.47,22.755,89780,0
2014-04-16,22.883,22.883,22.673,22.883,272373,0
2014-04-17,22.79,23.011,22.754,22.973,104274,0
2014-04-21,23.094,23.094,22.893,23.045,126807,0
2014-04-22,23.011,23.094,22.983,23.075,64581,0
2014-04-23,23.011,23.011,22.835,22.927,85080,0
2014-04-24,23.084,23.111,22.911,23.011,131520,0
2014-04-25,22.983,22.983,22.656,22.708,100481,0
2014-04-28,22.844,23.028,22.708,22.955,88438,0
2014-04-29,23.094,23.134,23.011,23.094,166892,0
2014-04-30,23.055,23.203,23.002,23.156,70104,0
2014-05-01,23.111,23.174,22.983,23.055,179576,0
2014-05-02,23.019,23.129,23.005,23.045,137826,0
2014-05-05,22.895,23.067,22.895,23.055,92044,0
2014-05-06,23.065,23.075,22.911,22.955,378299,0
2014-05-07,23.028,23.065,22.79,23.065,119842,0
2014-05-08,23.055,23.293,22.945,23.102,421220,0
2014-05-09,23.111,23.111,22.973,23.111,91363,0
2014-05-12,23.203,23.368,23.203,23.339,143193,0
2014-05-13,23.388,23.388,23.257,23.325,300700,0
2014-05-14,23.311,23.321,23.174,23.22,97191,0
2014-05-15,23.273,23.367,23.111,23.184,96824,0
2014-05-16,23.156,23.302,23.109,23.263,97070,0
2014-05-19,23.223,23.44,23.223,23.432,70960,0
2014-05-20,23.405,23.405,23.178,23.24,79621,0
2014-05-21,23.339,23.388,23.268,23.368,98958,0
2014-05-22,23.415,23.466,23.339,23.368,106617,0
2014-05-23,23.378,23.578,23.378,23.578,59012,0
2014-05-27,23.669,23.715,23.578,23.696,115548,0
2014-05-28,23.725,23.753,23.669,23.705,89490,0
2014-05-29,23.761,23.762,23.664,23.762,85935,0
2014-05-30,23.779,23.826,23.72,23.779,158109,0
2014-06-02,23.862,23.888,23.734,23.88,59738,0
2014-06-03,23.816,23.888,23.755,23.872,76936,0
2014-06-04,23.862,23.936,23.806,23.906,100623,0
2014-06-05,23.953,24.064,23.826,24.054,132698,0
2014-06-06,24.125,24.193,24.108,24.164,114574,0
2014-06-09,24.115,24.254,24.115,24.173,84496,0
2014-06-10,24.164,24.254,24.125,24.219,121384,0
2014-06-11,24.164,24.209,24.045,24.09,114932,0
2014-06-12,24.016,24.125,23.888,23.981,209195,0
2014-06-13,24.115,24.254,24.099,24.183,93122,0
2014-06-16,24.209,24.319,24.164,24.254,135893,0
2014-06-17,24.254,24.338,24.216,24.301,78082,0
2014-06-18,24.301,24.374,24.164,24.364,159999,0
2014-06-19,24.319,24.364,24.245,24.338,93073,0
2014-06-20,24.291,24.315,24.209,24.291,88665,0
2014-06-23,24.301,24.309,24.204,24.291,108540,0
2014-06-24,24.245,24.375,24.083,24.173,95274,0
2014-06-25,24.125,24.245,24.045,24.219,603555,0
2014-06-26,24.245,24.245,24.044,24.219,148314,0
2014-06-27,24.183,24.33,24.137,24.33,93445,0
2014-06-30,24.355,24.422,24.301,24.375,120259,0
2014-07-01,24.375,24.641,24.348,24.567,66569,0
2014-07-02,24.623,24.641,24.55,24.641,85605,0
2014-07-03,24.66,24.799,24.641,24.744,95737,0
2014-07-07,24.781,24.781,24.688,24.752,140499,0
2014-07-08,24.789,24.79,24.485,24.597,97479,0
2014-07-09,24.623,24.698,24.544,24.669,86192,0
2014-07-10,24.404,24.707,24.395,24.607,130001,0
2014-07-11,24.65,24.679,24.569,24.66,50861,0
2014-07-14,24.781,24.845,24.752,24.781,90781,0
2014-07-15,24.762,24.853,24.597,24.725,76864,0
2014-07-16,25.002,25.185,24.96,25.158,235565,0
2014-07-17,25.113,25.149,24.794,24.853,136367,0
2014-07-18,24.929,25.064,24.87,25.037,108111,0
2014-07-21,24.939,25.083,24.889,25.037,221663,0
2014-07-22,25.132,25.278,25.113,25.231,130340,0
2014-07-23,25.241,25.248,25.123,25.158,107825,0
2014-07-24,25.083,25.158,25.047,25.113,173676,0
2014-07-25,25.093,25.093,24.889,24.957,103540,0
2014-07-28,25.047,25.113,24.853,25.083,90492,0
2014-07-29,25.296,25.313,25.074,25.093,160988,0
2014-07-30,25.185,25.185,24.957,25.083,82494,0
2014-07-31,24.909,24.983,24.696,24.734,188725,0
2014-08-01,24.707,24.771,24.467,24.578,107759,0
2014-08-04,24.641,24.781,24.531,24.752,201147,0
2014-08-05,24.623,24.66,24.395,24.51,91118,0
2014-08-06,24.395,24.597,24.348,24.485,84138,0
2014-08-07,24.569,24.573,24.245,24.301,192440,0
2014-08-08,24.301,24.485,24.237,24.474,230136,0
2014-08-11,24.615,24.707,24.578,24.65,137873,0
2014-08-12,24.66,24.688,24.522,24.676,122768,0
2014-08-13,24.799,24.861,24.716,24.861,105762,0
2014-08-14,24.827,24.899,24.811,24.899,266104,0
2014-08-15,25.018,25.037,24.781,24.992,114233,0
2014-08-18,25.093,25.123,25.009,25.103,122120,0
2014-08-19,25.212,25.212,25.132,25.212,175322,0
2014-08-20,25.221,25.269,25.166,25.241,142279,0
2014-08-21,25.321,25.426,25.241,25.407,128440,0
2014-08-22,25.461,25.461,25.337,25.368,206946,0
2014-08-25,25.506,25.637,25.335,25.388,111824,0
2014-08-26,25.469,25.479,25.402,25.445,229778,0
2014-08-27,25.516,25.516,25.398,25.496,144343,0
2014-08-28,25.452,25.506,25.341,25.479,96834,0
2014-08-29,25.526,25.582,25.444,25.563,108126,0
2014-09-02,25.654,25.654,25.435,25.526,194462,0
2014-09-03,25.637,25.637,25.496,25.526,189937,0
2014-09-04,25.554,25.654,25.429,25.496,105992,0
2014-09-05,25.535,25.619,25.487,25.619,113051,0
2014-09-08,25.619,25.691,25.479,25.601,149656,0
2014-09-09,25.637,25.681,25.455,25.506,111588,0
2014-09-10,25.516,25.608,25.426,25.592,119486,0
2014-09-11,25.496,25.637,25.398,25.637,410269,0
2014-09-12,25.601,25.601,25.417,25.487,135009,0
2014-09-15,25.407,25.526,25.287,25.37,93564,0
2014-09-16,25.313,25.563,25.307,25.535,136326,0
2014-09-17,25.469,25.654,25.452,25.535,155379,0
2014-09-18,25.637,25.71,25.575,25.71,446821,0
2014-09-19,25.785,25.978,25.461,25.545,162103,0
2014-09-22,25.526,25.53,25.351,25.413,201819,0
2014-09-23,25.388,25.434,25.277,25.285,117705,0
2014-09-24,25.249,25.413,25.143,25.406,123158,0
2014-09-25,25.35,25.35,24.878,24.905,376977,0
2014-09-26,24.945,25.139,24.858,25.08,253587,0
2014-09-29,24.895,25.071,24.72,25.034,1143285,0
2014-09-30,25.071,25.156,24.935,25.062,794355,0
2014-10-01,24.99,25.202,24.611,24.654,296260,0
2014-10-02,24.618,24.674,24.358,24.618,205661,0
2014-10-03,24.767,24.885,24.636,24.805,304159,0
2014-10-06,24.925,24.971,24.72,24.795,109426,0
2014-10-07,24.674,24.712,24.397,24.415,113388,0
2014-10-08,24.433,24.866,24.247,24.841,223021,0
2014-10-09,24.767,24.815,24.351,24.397,196259,0
2014-10-10,24.156,24.351,23.656,23.671,296894,0
2014-10-13,23.638,23.795,23.36,23.37,251338,0
2014-10-14,23.547,23.74,23.407,23.479,194930,0
2014-10-15,23.194,23.443,22.803,23.39,654902,0
2014-10-16,22.908,23.46,22.908,23.302,233120,0
2014-10-17,23.498,23.73,23.46,23.6,150464,0
2014-10-20,23.35,23.62,23.231,23.592,124779,0
2014-10-21,23.832,24.091,23.717,24.091,308525,0
2014-10-22,24.166,24.166,23.867,23.886,111806,0
2014-10-23,24.1,24.239,23.99,24.117,283362,0
2014-10-24,24.267,24.378,24.146,24.378,128922,0
2014-10-27,24.285,24.415,24.239,24.368,114323,0
2014-10-28,24.509,24.702,24.488,24.702,218452,0
2014-10-29,24.735,24.818,24.611,24.747,165448,0
2014-10-30,24.693,24.702,24.502,24.655,236754,0
2014-10-31,25.08,25.09,24.931,25.071,203026,0
2014-11-03,25.08,25.239,25.079,25.211,252605,0
2014-11-04,25.168,25.268,25.071,25.183,126723,0
2014-11-05,25.285,25.285,25.1,25.258,159651,0
2014-11-06,25.193,25.211,25.008,25.12,143545,0
2014-11-07,25.139,25.173,24.971,25.1,117775,0
2014-11-10,25.11,25.202,25.071,25.139,134551,0
2014-11-11,25.229,25.229,25.11,25.156,254005,0
2014-11-12,25.156,25.258,25.1,25.222,175394,0
2014-11-13,25.302,25.478,25.268,25.388,2249404,0
2014-11-14,25.425,25.619,25.34,25.589,1027868,0
2014-11-17,25.535,25.682,25.505,25.664,125133,0
2014-11-18,25.729,25.869,25.715,25.821,171586,0
2014-11-19,25.869,25.869,25.567,25.673,150042,0
2014-11-20,25.601,25.83,25.554,25.83,158313,0
2014-11-21,26.054,26.118,25.804,25.923,113476,0
2014-11-24,26.009,26.071,25.906,26.071,141146,0
2014-11-25,26.127,26.183,26.028,26.054,211751,0
2014-11-26,26.127,26.33,26.106,26.33,156901,0
2014-11-28,26.358,26.497,26.304,26.378,55045,0
2014-12-01,26.349,26.396,26.127,26.231,163549,0
2014-12-02,26.231,26.284,26.164,26.256,265116,0
2014-12-03,26.284,26.452,26.222,26.396,158694,0
2014-12-04,26.396,26.414,26.251,26.33,151451,0
2014-12-05,26.405,26.488,26.284,26.33,121348,0
2014-12-08,26.275,26.275,25.887,25.989,173588,0
2014-12-09,25.776,26.028,25.609,26.019,191348,0
2014-12-10,26.009,26.009,25.506,25.563,164503,0
2014-12-11,25.627,25.93,25.627,25.692,191453,0
2014-12-12,25.506,25.535,25.193,25.211,132507,0
2014-12-15,25.388,25.451,24.915,24.99,172969,0
2014-12-16,24.858,25.29,24.805,24.833,141011,0
2014-12-17,24.945,25.294,24.833,25.229,147014,0
2014-12-18,25.692,25.979,25.586,25.979,304657,0
2014-12-19,26.071,26.089,25.93,25.979,242791,0
2014-12-22,26.127,26.275,26.065,26.265,196989,0
2014-12-23,26.386,26.424,26.303,26.303,194440,0
2014-12-24,26.414,26.434,26.334,26.339,68399,0
2014-12-26,26.434,26.468,26.348,26.414,92194,0
2014-12-29,26.357,26.386,26.245,26.254,126415,0
2014-12-30,26.22,26.22,26.051,26.077,156195,0
2014-12-31,26.125,26.254,25.799,25.815,156334,0
2015-01-02,25.966,26.032,25.654,25.796,128074,0
2015-01-05,25.686,25.771,25.321,25.388,269611,0
2015-01-06,25.398,25.445,24.959,25.051,245216,0
2015-01-07,25.268,25.294,25.079,25.285,276764,0
2015-01-08,25.603,25.901,25.505,25.78,311626,0
2015-01-09,25.901,25.966,25.566,25.808,283260,0
2015-01-12,25.808,25.808,25.473,25.603,156574,0
2015-01-13,25.771,26.105,25.416,25.576,250373,0
2015-01-14,25.379,25.566,25.211,25.453,194193,0
2015-01-15,25.621,25.621,25.182,25.202,135853,0
2015-01-16,25.163,25.498,25.079,25.48,105785,0
2015-01-20,25.586,25.649,25.284,25.612,240718,0
2015-01-21,25.357,25.63,25.357,25.537,214039,0
2015-01-22,25.63,25.966,25.379,25.936,299354,0
2015-01-23,25.873,26.024,25.845,25.873,281195,0
2015-01-26,25.873,25.92,25.612,25.742,202314,0
2015-01-27,25.312,25.361,24.916,25.051,614914,0
2015-01-28,25.321,25.518,24.873,24.902,332142,0
2015-01-29,24.922,25.132,24.623,25.069,223055,0
2015-01-30,24.863,24.92,24.512,24.52,240735,0
2015-02-02,24.623,24.922,24.334,24.892,255090,0
2015-02-03,25.06,25.341,25.051,25.331,204661,0
2015-02-04,25.285,25.443,25.229,25.239,174030,0
2015-02-05,25.361,25.603,25.321,25.603,125315,0
2015-02-06,25.696,25.723,25.417,25.489,476786,0
2015-02-09,25.47,25.547,25.382,25.426,243369,0
2015-02-10,25.649,25.845,25.508,25.808,1805121,0
2015-02-11,25.864,25.901,25.723,25.834,1133813,0
2015-02-12,26.068,26.32,26.068,26.32,195433,0
2015-02-13,26.443,26.527,26.348,26.527,140236,0
2015-02-17,26.527,26.563,26.397,26.563,128799,0
2015-02-18,26.554,26.554,26.377,26.488,179316,0
2015-02-19,26.386,26.554,26.357,26.536,190062,0
2015-02-20,26.507,26.675,26.372,26.638,218861,0
2015-02-23,26.581,26.638,26.451,26.554,115483,0
2015-02-24,26.443,26.693,26.395,26.648,212055,0
2015-02-25,26.61,26.61,26.377,26.434,216868,0
2015-02-26,26.488,26.507,26.367,26.478,123658,0
2015-02-27,26.497,26.507,26.371,26.395,139431,0
2015-03-02,26.414,26.563,26.386,26.554,151605,0
2015-03-03,26.527,26.527,26.235,26.303,180232,0
2015-03-04,26.181,26.19,26.015,26.152,174977,0
2015-03-05,26.263,26.263,26.024,26.125,207357,0
2015-03-06,26.077,26.077,25.705,25.78,125123,0
2015-03-09,25.817,25.92,25.733,25.817,215612,0
2015-03-10,25.63,25.714,25.302,25.302,225154,0
2015-03-11,25.331,25.398,25.146,25.22,138630,0
2015-03-12,24.969,25.249,24.959,25.202,179695,0
2015-03-13,25.202,25.202,24.863,25.079,122119,0
2015-03-16,25.229,25.398,25.173,25.398,105608,0
2015-03-17,25.312,25.407,25.22,25.361,137772,0
2015-03-18,25.371,25.826,25.229,25.742,133804,0
2015-03-19,25.696,25.78,25.603,25.612,96496,0
2015-03-20,25.686,25.976,25.686,25.864,121047,0
2015-03-23,25.808,26.005,25.808,25.855,151605,0
2015-03-24,25.936,25.936,25.686,25.696,154283,0
2015-03-25,25.693,25.693,25.036,25.083,204663,0
2015-03-26,24.858,25.123,24.737,25.008,161744,0
2015-03-27,24.982,25.224,24.858,25.159,91389,0
2015-03-30,25.29,25.431,25.29,25.412,136441,0
2015-03-31,25.346,25.346,25.176,25.224,165483,0
2015-04-01,25.215,25.215,24.962,25.14,476054,0
2015-04-02,25.15,25.336,25.15,25.186,1280935,0
2015-04-06,25.132,25.495,25.093,25.431,80179,0
2015-04-07,25.384,25.608,25.384,25.412,97589,0
2015-04-08,25.431,25.572,25.366,25.467,72065,0
2015-04-09,25.366,25.645,25.366,25.626,81221,0
2015-04-10,25.636,25.796,25.591,25.796,99503,0
2015-04-13,25.814,25.89,25.693,25.693,95978,0
2015-04-14,25.683,25.73,25.552,25.608,94910,0
2015-04-15,25.739,26.049,25.739,25.954,150301,0
2015-04-16,25.89,25.974,25.823,25.918,100886,0
2015-04-17,25.796,25.796,25.495,25.608,160038,0
2015-04-20,25.739,26.013,25.683,25.996,75960,0
2015-04-21,26.142,26.142,25.954,25.982,173911,0
2015-04-22,26.104,26.18,25.899,26.171,116480,0
2015-04-23,25.974,26.282,25.974,26.219,130890,0
2015-04-24,26.386,26.386,26.219,26.329,116904,0
2015-04-27,26.339,26.452,26.339,26.386,129824,0
2015-04-28,26.405,26.63,26.262,26.62,94485,0
2015-04-29,26.414,26.537,26.302,26.452,94271,0
2015-04-30,26.367,26.367,26.066,26.209,133773,0
2015-05-01,26.235,26.507,26.235,26.468,106122,0
2015-05-04,26.507,26.601,26.497,26.507,66086,0
2015-05-05,26.478,26.478,26.049,26.094,260715,0
2015-05-06,26.161,26.19,25.749,25.918,79605,0
2015-05-07,25.832,26.084,25.832,25.966,77296,0
2015-05-08,26.229,26.32,26.124,26.312,76016,0
2015-05-11,26.229,26.302,26.151,26.209,52420,0
2015-05-12,25.982,26.142,25.855,26.058,133930,0
2015-05-13,26.19,26.292,26.133,26.171,40784,0
2015-05-14,26.386,26.488,26.357,26.478,72494,0
2015-05-15,26.555,26.555,26.405,26.517,64959,0
2015-05-18,26.424,26.555,26.41,26.546,97128,0
2015-05-19,26.601,26.601,26.339,26.405,56798,0
2015-05-20,26.468,26.537,26.329,26.434,286763,0
2015-05-21,26.312,26.546,26.312,26.517,59254,0
2015-05-22,26.488,26.488,26.395,26.424,75268,0
2015-05-26,26.253,26.306,25.954,26.084,107718,0
2015-05-27,26.133,26.573,26.133,26.537,62881,0
2015-05-28,26.468,26.564,26.434,26.546,53148,0
2015-05-29,26.573,26.573,26.339,26.377,63097,0
2015-06-01,26.424,26.452,26.244,26.367,41411,0
2015-06-02,26.272,26.385,26.151,26.272,38237,0
2015-06-03,26.32,26.46,26.262,26.262,73452,0
2015-06-04,26.18,26.272,25.925,25.974,103132,0
2015-06-05,25.934,25.983,25.777,25.899,79218,0
2015-06-08,25.796,25.861,25.552,25.582,89039,0
2015-06-09,25.543,25.638,25.412,25.582,99241,0
2015-06-10,25.636,25.993,25.636,25.964,132432,0
2015-06-11,26.058,26.076,25.918,25.925,99446,0
2015-06-12,25.749,25.861,25.683,25.711,58078,0
2015-06-15,25.458,25.618,25.403,25.618,61387,0
2015-06-16,25.534,25.777,25.534,25.768,68221,0
2015-06-17,25.852,25.918,25.693,25.852,59679,0
2015-06-18,25.777,26.094,25.777,26.094,79004,0
2015-06-19,26.084,26.084,25.787,25.842,92564,0
2015-06-22,26.013,26.049,25.925,25.983,52634,0
2015-06-23,26.066,26.066,25.89,25.934,161504,0
2015-06-24,25.894,25.913,25.743,25.763,112068,0
2015-06-25,25.772,25.828,25.621,25.649,87447,0
2015-06-26,25.536,25.603,25.291,25.386,94027,0
2015-06-29,25.027,25.235,24.84,24.84,132443,0
2015-06-30,24.961,25.046,24.744,24.871,870366,0
2015-07-01,25.093,25.093,24.821,24.904,1148260,0
2015-07-02,24.953,25.064,24.924,24.953,110687,0
2015-07-06,24.726,24.884,24.659,24.744,128835,0
2015-07-07,24.763,24.802,24.32,24.753,254802,0
2015-07-08,24.547,24.622,24.33,24.368,709438,0
2015-07-09,24.595,24.726,24.236,24.236,237927,0
2015-07-10,24.49,24.659,24.451,24.556,52107,0
2015-07-13,24.649,24.884,24.649,24.85,170647,0
2015-07-14,24.821,24.953,24.812,24.894,112482,0
2015-07-15,24.857,24.971,24.821,24.875,77349,0
2015-07-16,25.073,25.093,24.924,25.046,78107,0
2015-07-17,25.027,25.027,24.894,24.991,330153,0
2015-07-20,25.017,25.036,24.934,24.961,109944,0
2015-07-21,24.84,24.904,24.679,24.753,132760,0
2015-07-22,24.461,24.461,24.274,24.34,138597,0
2015-07-23,24.407,24.595,24.368,24.407,205669,0
2015-07-24,24.451,24.461,24.199,24.208,86596,0
2015-07-27,24.112,24.226,23.982,24.077,141888,0
2015-07-28,24.122,24.358,23.982,24.292,139129,0
2015-07-29,24.292,24.51,24.236,24.471,55397,0
2015-07-30,24.461,24.585,24.397,24.566,57625,0
2015-07-31,24.595,24.64,24.528,24.575,112068,0
2015-08-03,24.547,24.582,24.344,24.424,76774,0
2015-08-04,24.451,24.451,24.199,24.311,369522,0
2015-08-05,24.415,24.649,24.415,24.518,276666,0
2015-08-06,24.537,24.537,24.282,24.415,106055,0
2015-08-07,24.33,24.407,24.245,24.358,163854,0
2015-08-10,24.537,24.857,24.518,24.792,86491,0
2015-08-11,24.614,24.614,24.274,24.33,65040,0
2015-08-12,24.141,24.518,24,24.433,212989,0
2015-08-13,24.528,24.528,24.368,24.368,68769,0
2015-08-14,24.33,24.537,24.32,24.518,60491,0
2015-08-17,24.397,24.64,24.349,24.64,42344,0
2015-08-18,24.547,24.547,24.397,24.424,120557,0
2015-08-19,24.368,24.368,24.038,24.199,100711,0
2015-08-20,23.963,24,23.679,23.697,179774,0
2015-08-21,23.435,23.737,23.029,23.029,560653,0
2015-08-24,21.106,23.002,14.511,22.221,595800,0
2015-08-25,22.747,22.889,21.909,21.909,273163,0
2015-08-26,22.426,22.812,22.06,22.812,497931,0
2015-08-27,23.086,23.331,22.86,23.284,167146,0
2015-08-28,23.229,23.462,23.171,23.462,125650,0
2015-08-31,23.322,23.54,23.18,23.398,77577,0
2015-09-01,22.84,23.02,22.578,22.718,108461,0
2015-09-02,23.029,23.124,22.831,23.124,116419,0
2015-09-03,23.284,23.54,23.274,23.349,120981,0
2015-09-04,23.077,23.077,22.821,22.916,47861,0
2015-09-08,23.274,23.55,23.274,23.55,53807,0
2015-09-09,23.766,23.793,23.199,23.219,46801,0
2015-09-10,23.229,23.566,23.152,23.435,45793,0
2015-09-11,23.294,23.389,23.19,23.379,62082,0
2015-09-14,23.462,23.462,23.246,23.294,58900,0
2015-09-15,23.322,23.595,23.322,23.558,52531,0
2015-09-16,23.576,23.737,23.55,23.707,66752,0
2015-09-17,23.566,23.83,23.453,23.49,53458,0
2015-09-18,23.18,23.369,23.057,23.106,47650,0
2015-09-21,23.238,23.349,23.124,23.219,82671,0
2015-09-22,22.869,22.925,22.718,22.831,112385,0
2015-09-23,22.834,22.892,22.673,22.806,47547,0
2015-09-24,22.597,22.814,22.413,22.792,99619,0
2015-09-25,23.016,23.052,22.759,22.872,40392,0
2015-09-28,22.72,22.824,22.492,22.509,78567,0
2015-09-29,22.53,22.673,22.381,22.512,103824,0
2015-09-30,22.815,23.034,22.788,23.016,73844,0
2015-10-01,23.101,23.101,22.644,22.882,39446,0
2015-10-02,22.587,23.205,22.578,23.205,54067,0
2015-10-05,23.357,23.832,23.357,23.767,57832,0
2015-10-06,23.785,23.986,23.748,23.937,94357,0
2015-10-07,24.117,24.278,23.841,24.146,208597,0
2015-10-08,24.127,24.431,24.071,24.404,94566,0
2015-10-09,24.422,24.459,24.317,24.395,50387,0
2015-10-12,24.395,24.395,24.287,24.365,21389,0
2015-10-13,24.205,24.365,24.166,24.166,135487,0
2015-10-14,24.107,24.413,24.107,24.317,28717,0
2015-10-15,24.385,24.459,24.232,24.431,43337,0
2015-10-16,24.459,24.498,24.355,24.479,48283,0
2015-10-19,24.422,24.498,24.355,24.498,37134,0
2015-10-20,24.365,24.482,24.346,24.479,45737,0
2015-10-21,24.536,24.659,24.337,24.346,33662,0
2015-10-22,24.555,25.039,24.555,24.946,80261,0
2015-10-23,25.297,25.458,25.24,25.421,95829,0
2015-10-26,25.383,25.383,25.182,25.23,40290,0
2015-10-27,25.087,25.173,24.974,24.994,191975,0
2015-10-28,25.136,25.383,25.049,25.383,52175,0
2015-10-29,25.182,25.211,25.077,25.154,92885,0
2015-10-30,25.22,25.259,25.107,25.117,78999,0
2015-11-02,25.182,25.353,25.161,25.305,55933,0
2015-11-03,25.297,25.563,25.297,25.486,71319,0
2015-11-04,25.611,25.611,25.374,25.43,65369,0
2015-11-05,25.354,25.383,25.107,25.145,60801,0
2015-11-06,25.117,25.22,25.049,25.107,118762,0
2015-11-09,25.127,25.154,24.906,25.03,150789,0
2015-11-10,24.842,24.842,24.716,24.745,54912,0
2015-11-11,24.813,24.896,24.716,24.745,36502,0
2015-11-12,24.584,24.669,24.469,24.488,104561,0
2015-11-13,24.317,24.317,24.022,24.022,54912,0
2015-11-16,24.003,24.413,24.003,24.413,75737,0
2015-11-17,24.469,24.631,24.404,24.441,217852,0
2015-11-18,24.555,24.764,24.459,24.716,55541,0
2015-11-19,24.774,25.077,24.774,24.964,59749,0
2015-11-20,25.058,25.136,25.02,25.067,57857,0
2015-11-23,25.077,25.087,24.877,24.926,49125,0
2015-11-24,24.774,25.02,24.698,24.964,56593,0
2015-11-25,24.896,24.926,24.813,24.813,112241,0
2015-11-27,24.832,24.916,24.832,24.851,7889,0
2015-11-30,24.906,24.994,24.886,24.946,38397,0
2015-12-01,25.004,25.145,24.981,25.107,118237,0
2015-12-02,25.145,25.24,24.964,24.964,41121,0
2015-12-03,25.087,25.087,24.591,24.669,61590,0
2015-12-04,24.679,25.182,24.679,25.145,34608,0
2015-12-07,25.077,25.127,24.936,25.02,112765,0
2015-12-08,24.754,24.906,24.671,24.842,55324,0
2015-12-09,24.803,24.964,24.488,24.574,73319,0
2015-12-10,24.594,24.726,24.546,24.574,54067,0
2015-12-11,24.308,24.337,24.09,24.099,66796,0
2015-12-14,24.107,24.166,23.88,24.166,48609,0
2015-12-15,24.337,24.555,24.327,24.413,42288,0
2015-12-16,24.527,24.764,24.422,24.736,77000,0
2015-12-17,24.754,24.754,24.278,24.278,84155,0
2015-12-18,24.127,24.222,23.841,23.841,60276,0
2015-12-21,24.012,24.051,23.889,24.012,54384,0
2015-12-22,24.099,24.274,24.012,24.242,154407,0
2015-12-23,24.252,24.558,24.252,24.53,161990,0
2015-12-24,24.512,24.626,24.512,24.54,35740,0
2015-12-28,24.444,24.463,24.301,24.458,74905,0
2015-12-29,24.578,24.832,24.578,24.759,87404,0
2015-12-30,24.702,24.702,24.53,24.53,70122,0
2015-12-31,24.473,24.473,24.158,24.158,156419,0
2016-01-04,23.841,23.948,23.594,23.948,93429,0
2016-01-05,24.023,24.023,23.783,23.86,41396,0
2016-01-06,23.584,23.642,23.366,23.517,194186,0
2016-01-07,23.107,23.298,22.896,22.896,70902,0
2016-01-08,23.047,23.047,22.599,22.628,95720,0
2016-01-11,22.723,22.868,22.571,22.791,70841,0
2016-01-12,22.954,23.019,22.675,22.954,83990,0
2016-01-13,23.077,23.121,22.388,22.417,166754,0
2016-01-14,22.561,22.934,22.332,22.81,90969,0
2016-01-15,22.064,22.237,21.834,22.066,144173,0
2016-01-19,22.246,22.302,21.862,22.016,132744,0
2016-01-20,21.605,21.892,21.231,21.739,202502,0
2016-01-21,21.768,22.15,21.616,21.853,1040286,0
2016-01-22,22.246,22.417,22.179,22.417,30988,0
2016-01-25,22.292,22.398,22.102,22.12,72394,0
2016-01-26,22.218,22.542,22.198,22.494,55303,0
2016-01-27,22.342,22.542,22.111,22.179,69066,0
2016-01-28,22.332,22.388,22.084,22.246,111429,0
2016-01-29,22.446,22.924,22.446,22.886,125910,0
2016-02-01,22.8,23.047,22.753,22.954,73210,0
2016-02-02,22.733,22.733,22.302,22.342,54149,0
2016-02-03,22.532,22.695,22.16,22.59,37681,0
2016-02-04,22.609,23.029,22.609,22.906,145269,0
2016-02-05,22.847,22.847,22.45,22.47,45164,0
2016-02-08,22.198,22.282,21.905,22.198,82334,0
2016-02-09,22.006,22.228,21.894,22.026,76501,0
2016-02-10,22.16,22.266,21.892,21.902,44578,0
2016-02-11,21.73,22.044,21.701,21.958,107984,0
2016-02-12,22.064,22.342,21.929,22.322,73868,0
2016-02-16,22.475,22.828,22.475,22.8,57862,0
2016-02-17,22.954,23.374,22.954,23.325,75692,0
2016-02-18,23.384,23.589,23.384,23.469,52755,0
2016-02-19,23.403,23.447,23.28,23.374,25659,0
2016-02-22,23.632,23.747,23.613,23.689,79345,0
2016-02-23,23.574,23.584,23.335,23.364,36225,0
2016-02-24,23.144,23.642,23.03,23.613,192990,0
2016-02-25,23.679,23.814,23.466,23.814,54489,0
2016-02-26,23.929,23.958,23.737,23.767,42644,0
2016-02-29,23.767,23.958,23.66,23.66,102521,0
2016-03-01,23.85,24.248,23.832,24.243,122422,0
2016-03-02,24.234,24.397,24.187,24.388,33693,0
2016-03-03,24.463,24.502,24.349,24.473,70023,0
2016-03-04,24.549,24.712,24.434,24.54,76117,0
2016-03-07,24.483,24.778,24.483,24.721,44531,0
2016-03-08,24.578,24.684,24.388,24.502,44306,0
2016-03-09,24.636,24.76,24.598,24.702,86054,0
2016-03-10,24.702,24.867,24.34,24.664,69165,0
2016-03-11,24.855,25.094,24.855,25.094,83060,0
2016-03-14,24.971,25.036,24.905,24.971,60719,0
2016-03-15,24.809,24.932,24.779,24.932,37243,0
2016-03-16,24.809,25.272,24.809,25.267,39474,0
2016-03-17,25.304,25.558,25.228,25.505,41480,0
2016-03-18,25.573,25.632,25.515,25.616,40886,0
2016-03-21,25.563,25.654,25.525,25.654,57449,0
2016-03-22,25.553,25.754,25.525,25.677,132876,0
2016-03-23,25.591,25.609,25.3,25.349,79283,0
2016-03-24,25.204,25.398,25.128,25.378,47483,0
2016-03-28,25.483,25.483,25.3,25.378,31401,0
2016-03-29,25.339,25.764,25.272,25.706,56193,0
2016-03-30,25.86,26.034,25.822,25.908,39583,0
2016-03-31,25.946,26.044,25.889,25.956,77026,0
2016-04-01,25.802,25.996,25.702,25.996,75497,0
2016-04-04,26.006,26.006,25.848,25.889,33798,0
2016-04-05,25.664,25.735,25.533,25.533,39179,0
2016-04-06,25.591,25.754,25.417,25.754,140369,0
2016-04-07,25.61,25.61,25.281,25.359,36058,0
2016-04-08,25.591,25.66,25.41,25.464,24338,0
2016-04-11,25.61,25.849,25.503,25.503,32454,0
2016-04-12,25.551,25.669,25.344,25.638,56359,0
2016-04-13,25.754,25.976,25.754,25.976,54035,0
2016-04-14,25.831,25.831,25.676,25.744,56204,0
2016-04-15,25.711,25.781,25.61,25.628,33567,0
2016-04-18,25.493,25.764,25.493,25.716,33555,0
2016-04-19,25.744,25.744,25.47,25.6,40614,0
2016-04-20,25.571,25.829,25.571,25.706,34655,0
2016-04-21,25.648,25.677,25.493,25.535,38652,0
2016-04-22,25.436,25.533,25.266,25.398,58846,0
2016-04-25,25.31,25.376,25.272,25.339,54149,0
2016-04-26,25.445,25.493,25.329,25.398,68197,0
2016-04-27,25.195,25.454,25.175,25.417,117948,0
2016-04-28,24.994,25.388,24.934,24.954,74461,0
2016-04-29,24.865,24.865,24.413,24.568,81312,0
2016-05-02,24.645,24.7,24.51,24.664,26797,0
2016-05-03,24.529,24.529,24.261,24.346,87107,0
2016-05-04,24.182,24.293,24.137,24.198,143495,0
2016-05-05,24.278,24.278,24.096,24.126,80010,0
2016-05-06,24.076,24.202,23.942,24.172,51432,0
2016-05-09,24.23,24.274,24.106,24.14,60510,0
2016-05-10,24.192,24.539,24.192,24.539,55821,0
2016-05-11,24.49,24.601,24.385,24.385,42839,0
2016-05-12,24.5,24.5,24.133,24.297,49880,0
2016-05-13,24.317,24.451,24.166,24.198,37155,0
2016-05-16,24.211,24.597,24.211,24.513,41421,0
2016-05-17,24.51,24.558,24.23,24.263,53890,0
2016-05-18,24.268,24.567,24.211,24.346,43059,0
2016-05-19,24.307,24.307,24.086,24.202,59926,0
2016-05-20,24.385,24.654,24.317,24.597,79415,0
2016-05-23,24.654,24.81,24.607,24.607,48092,0
2016-05-24,24.8,25.147,24.731,25.108,42790,0
2016-05-25,25.281,25.436,25.22,25.369,95187,0
2016-05-26,25.454,25.561,25.369,25.523,122251,0
2016-05-27,25.542,25.6,25.523,25.591,31628,0
2016-05-31,25.638,25.696,25.513,25.638,42943,0
2016-06-01,25.645,25.696,25.591,25.666,29912,0
2016-06-02,25.523,25.681,25.455,25.628,19625,0
2016-06-03,25.725,25.735,25.553,25.706,42852,0
2016-06-06,25.802,25.884,25.706,25.777,54897,0
2016-06-07,25.802,25.946,25.802,25.87,29614,0
2016-06-08,25.946,25.99,25.88,25.938,43806,0
2016-06-09,25.841,25.927,25.754,25.898,31148,0
2016-06-10,25.716,25.725,25.561,25.657,44755,0
2016-06-13,25.542,25.634,25.407,25.417,126269,0
2016-06-14,25.388,25.464,25.233,25.444,47610,0
2016-06-15,25.473,25.551,25.329,25.329,36017,0
2016-06-16,25.243,25.501,25.078,25.464,59637,0
2016-06-17,25.388,25.533,25.354,25.482,29672,0
2016-06-20,25.676,25.86,25.638,25.657,56211,0
2016-06-21,25.648,25.87,25.648,25.825,76021,0
2016-06-22,25.751,25.936,25.692,25.705,56528,0
2016-06-23,25.925,26.159,25.925,26.159,33157,0
2016-06-24,25.373,25.574,24.965,25.031,125825,0
2016-06-27,24.829,24.849,24.245,24.372,72437,0
2016-06-28,24.663,24.866,24.566,24.849,43222,0
2016-06-29,25.07,25.44,25.041,25.402,55382,0
2016-06-30,25.45,25.799,25.378,25.799,58898,0
2016-07-01,25.887,25.887,25.789,25.867,33937,0
2016-07-05,25.712,25.712,25.556,25.634,51855,0
2016-07-06,25.498,25.79,25.382,25.79,45747,0
2016-07-07,25.896,26.043,25.78,25.877,29996,0
2016-07-08,26.089,26.314,26.017,26.297,110744,0
2016-07-11,26.402,26.508,26.353,26.45,69815,0
2016-07-12,26.731,26.885,26.675,26.84,98720,0
2016-07-13,26.866,26.986,26.83,26.916,54969,0
2016-07-14,27.1,27.158,27.014,27.071,151230,0
2016-07-15,27.062,27.157,26.916,27.071,42323,0
2016-07-18,27.071,27.208,27.058,27.139,66793,0
2016-07-19,27.1,27.11,26.994,27.033,42725,0
2016-07-20,27.218,27.382,27.14,27.372,240646,0
2016-07-21,27.353,27.422,27.158,27.265,178690,0
2016-07-22,27.218,27.488,27.198,27.468,57414,0
2016-07-25,27.459,27.478,27.393,27.478,66649,0
2016-07-26,27.567,27.761,27.515,27.761,71509,0
2016-07-27,27.915,27.943,27.687,27.839,169224,0
2016-07-28,27.868,27.877,27.732,27.849,43347,0
2016-07-29,27.829,27.877,27.712,27.877,48534,0
2016-08-01,27.915,27.934,27.767,27.858,323413,0
2016-08-02,27.945,27.945,27.433,27.547,62560,0
2016-08-03,27.498,27.653,27.498,27.653,35499,0
2016-08-04,27.663,27.808,27.615,27.789,95818,0
2016-08-05,27.955,28.045,27.824,28.008,72121,0
2016-08-08,28.12,28.12,27.965,28.014,105127,0
2016-08-09,28.033,28.159,28.033,28.09,88722,0
2016-08-10,28.09,28.141,27.95,28.004,67005,0
2016-08-11,28.08,28.149,28.014,28.12,193487,0
2016-08-12,28.149,28.149,27.965,28.043,125797,0
2016-08-15,28.053,28.293,28.053,28.234,137741,0
2016-08-16,28.275,28.275,28.07,28.08,328099,0
2016-08-17,28.129,28.129,27.79,27.974,139320,0
2016-08-18,27.935,28.062,27.935,28.062,97949,0
2016-08-19,28.168,28.168,27.915,28.09,129810,0
2016-08-22,28.1,28.1,27.925,28.07,56453,0
2016-08-23,28.198,28.257,28.159,28.181,60427,0
2016-08-24,28.227,28.227,27.964,28.043,82625,0
2016-08-25,28.014,28.109,27.955,28.038,45830,0
2016-08-26,28.11,28.303,27.925,28.048,50327,0
2016-08-29,28.11,28.257,28.1,28.149,49590,0
2016-08-30,28.188,28.198,27.984,28.08,59537,0
2016-08-31,28.11,28.11,27.925,28.053,48613,0
2016-09-01,28.053,28.149,27.906,28.149,34120,0
2016-09-02,28.218,28.353,28.173,28.285,42139,0
2016-09-06,28.392,28.392,28.218,28.349,57303,0
2016-09-07,28.363,28.463,28.332,28.412,45198,0
2016-09-08,28.402,28.402,28.183,28.237,166227,0
2016-09-09,28.12,28.12,27.498,27.498,147616,0
2016-09-12,27.392,27.964,27.284,27.94,77575,0
2016-09-13,27.858,27.868,27.492,27.597,51468,0
2016-09-14,27.722,27.839,27.607,27.682,76431,0
2016-09-15,27.722,28.198,27.722,28.198,73287,0
2016-09-16,28.227,28.227,27.878,28.024,91224,0
2016-09-19,28.159,28.333,28.024,28.09,76975,0
2016-09-20,28.275,28.275,27.984,28.043,68504,0
2016-09-21,28.202,28.338,28.007,28.338,59380,0
2016-09-22,28.426,28.571,28.426,28.543,80742,0
2016-09-23,28.553,28.553,28.241,28.261,50865,0
2016-09-26,28.083,28.19,28.036,28.113,41160,0
2016-09-27,28.172,28.472,28.172,28.456,84413,0
2016-09-28,28.553,28.572,28.358,28.572,98277,0
2016-09-29,28.572,28.592,28.324,28.514,55739,0
2016-09-30,28.671,28.758,28.611,28.652,91978,0
2016-10-03,28.708,28.708,28.484,28.572,57230,0
2016-10-04,28.671,28.679,28.279,28.426,80718,0
2016-10-05,28.524,28.642,28.503,28.543,142797,0
2016-10-06,28.543,28.572,28.342,28.553,98507,0
2016-10-07,28.622,28.622,28.333,28.543,80072,0
2016-10-10,28.622,28.753,28.582,28.582,87548,0
2016-10-11,28.652,28.652,28.027,28.153,57623,0
2016-10-12,28.056,28.182,27.957,28.113,144737,0
2016-10-13,27.957,28.018,27.647,27.908,194726,0
2016-10-14,28.036,28.27,28.036,28.037,67127,0
2016-10-17,28.113,28.113,27.961,27.977,49822,0
2016-10-18,28.231,28.231,28.08,28.143,66748,0
2016-10-19,27.987,28.046,27.954,28.007,193867,0
2016-10-20,28.017,28.017,27.811,27.937,64054,0
2016-10-21,28.093,28.093,27.851,27.937,57129,0
2016-10-24,28.073,28.212,28.027,28.212,101774,0
2016-10-25,28.153,28.231,28.073,28.123,260982,0
2016-10-26,28.017,28.231,27.979,28.103,91060,0
2016-10-27,28.298,28.318,28.117,28.123,61411,0
2016-10-28,28.083,28.27,27.937,27.975,125426,0
2016-10-31,28.017,28.083,27.964,28.017,54941,0
2016-11-01,27.987,28.041,27.488,27.693,87519,0
2016-11-02,27.635,27.739,27.394,27.459,55391,0
2016-11-03,27.537,27.537,27.302,27.322,74411,0
2016-11-04,27.293,27.459,27.196,27.264,54777,0
2016-11-07,27.557,27.889,27.557,27.879,106648,0
2016-11-08,27.801,28.113,27.781,27.957,56406,0
2016-11-09,27.626,28.045,27.455,27.917,143387,0
2016-11-10,28.113,28.153,27.431,27.654,168273,0
2016-11-11,27.527,27.908,27.527,27.898,84021,0
2016-11-14,27.947,27.947,27.598,27.693,151336,0
2016-11-15,27.851,28.103,27.804,28.056,215139,0
2016-11-16,28.017,28.231,27.977,28.221,134550,0
2016-11-17,28.26,28.279,28.138,28.251,169856,0
2016-11-18,28.221,28.338,28.191,28.298,73184,0
2016-11-21,28.504,28.533,28.324,28.504,160384,0
2016-11-22,28.662,28.708,28.582,28.679,81548,0
2016-11-23,28.562,28.661,28.524,28.622,199776,0
2016-11-25,28.572,28.748,28.562,28.738,35755,0
2016-11-28,28.671,28.846,28.652,28.758,63746,0
2016-11-29,28.708,28.874,28.652,28.757,78882,0
2016-11-30,28.874,28.874,28.572,28.591,106407,0
2016-12-01,28.622,28.622,27.81,27.841,160888,0
2016-12-02,27.917,28.093,27.801,28.036,286822,0
2016-12-05,28.123,28.308,28.083,28.221,56711,0
2016-12-06,28.308,28.368,28.182,28.338,90150,0
2016-12-07,28.407,28.963,28.397,28.902,61142,0
2016-12-08,28.983,29.129,28.94,29.012,230300,0
2016-12-09,29.138,29.138,28.978,29.062,82792,0
2016-12-12,28.983,29.062,28.882,28.983,109305,0
2016-12-13,29.062,29.549,29.062,29.393,88551,0
2016-12-14,29.423,29.559,29.148,29.227,78011,0
2016-12-15,29.276,29.495,29.198,29.373,64189,0
2016-12-16,29.452,29.478,29.052,29.148,157559,0
2016-12-19,29.188,29.406,29.188,29.334,53123,0
2016-12-20,29.423,29.503,29.334,29.393,69630,0
2016-12-21,29.408,29.437,29.309,29.309,46838,0
2016-12-22,29.339,29.398,29.222,29.29,63355,0
2016-12-23,29.241,29.378,29.222,29.358,71060,0
2016-12-27,29.428,29.58,29.428,29.476,54940,0
2016-12-28,29.535,29.535,29.172,29.202,66516,0
2016-12-29,29.231,29.28,29.155,29.251,38320,0
2016-12-30,29.339,29.339,28.937,29.025,104888,0
2017-01-03,29.231,29.339,29.103,29.28,193754,0
2017-01-04,29.368,29.432,29.323,29.398,89954,0
2017-01-05,29.358,29.505,29.322,29.428,71165,0
2017-01-06,29.378,29.51,29.348,29.467,75018,0
2017-01-09,29.565,29.575,29.438,29.457,92202,0
2017-01-10,29.495,29.565,29.388,29.457,62461,0
2017-01-11,29.495,29.565,29.373,29.555,138731,0
2017-01-12,29.438,29.467,29.161,29.438,93566,0
2017-01-13,29.505,29.545,29.476,29.525,62920,0
2017-01-17,29.545,29.555,29.353,29.447,105894,0
2017-01-18,29.535,29.565,29.398,29.457,57656,0
2017-01-19,29.457,29.526,29.309,29.348,113453,0
2017-01-20,29.495,29.667,29.495,29.603,69702,0
2017-01-23,29.603,29.603,29.355,29.555,97069,0
2017-01-24,29.565,29.907,29.539,29.84,121854,0
2017-01-25,30.065,30.193,30.065,30.153,162454,0
2017-01-26,30.212,30.212,30.047,30.193,90473,0
2017-01-27,30.369,30.389,30.3,30.34,117470,0
2017-01-30,30.271,30.271,29.987,30.143,91250,0
2017-01-31,30.065,30.084,29.882,30.026,65315,0
2017-02-01,30.271,30.281,29.927,30.031,67186,0
2017-02-02,30.016,30.094,29.898,30.075,85633,0
2017-02-03,30.232,30.295,30.176,30.29,142561,0
2017-02-06,30.252,30.252,30.128,30.193,69777,0
2017-02-07,30.242,30.31,30.203,30.242,141418,0
2017-02-08,30.33,30.33,30.173,30.252,91370,0
2017-02-09,30.3,30.379,30.249,30.271,72354,0
2017-02-10,30.389,30.408,30.193,30.379,172407,0
2017-02-13,30.545,30.635,30.448,30.595,65877,0
2017-02-14,30.625,30.664,30.458,30.664,69468,0
2017-02-15,30.752,30.86,30.65,30.86,74697,0
2017-02-16,30.889,31.1,30.889,31.037,88031,0
2017-02-17,30.968,31.066,30.889,31.056,75130,0
2017-02-21,31.174,31.273,31.127,31.263,77755,0
2017-02-22,31.253,31.32,31.134,31.291,56411,0
2017-02-23,31.38,31.38,31.141,31.243,64826,0
2017-02-24,31.037,31.233,31.007,31.233,60496,0
2017-02-27,31.213,31.213,31.076,31.164,54901,0
2017-02-28,31.144,31.144,30.875,30.968,84404,0
2017-03-01,31.115,31.281,30.968,31.243,83876,0
2017-03-02,31.243,31.243,30.977,31.017,46722,0
2017-03-03,31.017,31.075,30.948,31.066,82112,0
2017-03-06,30.997,31.025,30.86,30.987,358725,0
2017-03-07,30.968,31.056,30.889,30.968,49246,0
2017-03-08,30.997,31.037,30.87,30.88,86260,0
2017-03-09,30.899,30.909,30.742,30.87,426336,0
2017-03-10,31.027,31.132,30.984,31.105,55570,0
2017-03-13,31.1,31.115,30.997,31.066,353597,0
2017-03-14,31.017,31.037,30.811,30.938,64935,0
2017-03-15,31.017,31.274,30.928,31.223,42343,0
2017-03-16,31.39,31.448,31.301,31.36,63359,0
2017-03-17,31.42,31.43,31.31,31.36,58513,0
2017-03-20,31.35,31.468,31.301,31.35,32490,0
2017-03-21,31.41,31.507,30.874,30.889,75627,0
2017-03-22,30.83,31.044,30.762,31.007,85765,0
2017-03-23,31.031,31.1,30.921,30.952,48480,0
2017-03-24,31.07,31.218,30.979,31.05,51004,0
2017-03-27,30.952,31.08,30.804,31.011,137906,0
2017-03-28,31.08,31.223,30.952,31.129,77196,0
2017-03-29,31.07,31.179,31.038,31.149,47829,0
2017-03-30,31.208,31.316,31.189,31.287,50092,0
2017-03-31,31.297,31.356,31.191,31.258,67960,0
2017-04-03,31.346,31.346,30.968,31.12,68470,0
2017-04-04,31.07,31.278,31.07,31.278,96643,0
2017-04-05,31.336,31.464,31.098,31.1,373465,0
2017-04-06,31.149,31.238,31.021,31.12,64681,0
2017-04-07,31.07,31.258,31.07,31.169,54883,0
2017-04-10,31.218,31.245,31.041,31.09,64719,0
2017-04-11,31.1,31.12,30.753,31.011,58159,0
2017-04-12,30.972,31.001,30.794,30.843,68347,0
2017-04-13,30.823,30.991,30.675,30.685,79904,0
2017-04-17,30.735,30.884,30.735,30.873,51377,0
2017-04-18,30.745,30.937,30.745,30.863,86596,0
2017-04-19,30.903,30.947,30.715,30.765,58642,0
2017-04-20,30.823,31.05,30.765,31.001,58385,0
2017-04-21,30.942,30.99,30.843,30.942,110176,0
2017-04-24,31.238,31.336,31.218,31.297,66170,0
2017-04-25,31.396,31.541,31.386,31.514,114064,0
2017-04-26,31.426,31.426,31.278,31.307,45481,0
2017-04-27,31.494,31.514,31.389,31.514,54290,0
2017-04-28,31.426,31.434,31.208,31.326,78696,0
2017-05-01,31.386,31.444,31.266,31.416,63415,0
2017-05-02,31.435,31.564,31.376,31.564,85638,0
2017-05-03,31.454,31.504,31.356,31.454,54054,0
2017-05-04,31.444,31.481,31.238,31.356,50826,0
2017-05-05,31.396,31.478,31.278,31.474,81523,0
2017-05-08,31.534,31.573,31.416,31.554,49108,0
2017-05-09,31.583,31.602,31.475,31.514,79375,0
2017-05-10,31.514,31.612,31.454,31.573,56426,0
2017-05-11,31.514,31.514,31.269,31.386,51995,0
2017-05-12,31.406,31.454,31.326,31.426,89704,0
2017-05-15,31.454,31.642,31.454,31.632,53756,0
2017-05-16,31.652,31.859,31.602,31.82,135356,0
2017-05-17,31.564,31.592,30.991,31.041,130687,0
2017-05-18,30.863,31.105,30.745,30.981,71566,0
2017-05-19,31.169,31.336,31.021,31.248,51650,0
2017-05-22,31.316,31.544,31.316,31.524,61200,0
2017-05-23,31.504,31.602,31.426,31.464,108859,0
2017-05-24,31.583,31.583,31.454,31.564,60397,0
2017-05-25,31.682,31.76,31.586,31.731,82439,0
2017-05-26,31.731,31.731,31.628,31.711,62690,0
2017-05-30,31.721,31.859,31.695,31.8,44440,0
2017-05-31,31.889,31.908,31.702,31.78,59161,0
2017-06-01,31.879,31.908,31.74,31.908,41559,0
2017-06-02,32.017,32.154,31.918,32.096,58523,0
2017-06-05,32.125,32.165,32.056,32.096,75141,0
2017-06-06,32.046,32.185,32.017,32.115,48013,0
2017-06-07,32.105,32.218,31.91,32.017,39527,0
2017-06-08,32.066,32.185,32.017,32.175,165464,0
2017-06-09,32.195,32.199,31.248,31.524,108725,0
2017-06-12,31.248,31.544,31.218,31.504,105212,0
2017-06-13,31.702,31.757,31.564,31.692,56430,0
2017-06-14,31.839,31.839,31.259,31.524,69799,0
2017-06-15,31.287,31.421,31.149,31.386,47861,0
2017-06-16,31.258,31.396,31.258,31.336,32926,0
2017-06-19,31.544,31.662,31.544,31.642,34178,0
2017-06-20,31.592,31.632,31.307,31.326,33818,0
2017-06-21,31.386,31.406,31.243,31.336,54875,0
2017-06-22,31.564,31.564,31.328,31.415,49180,0
2017-06-23,31.375,31.719,31.365,31.666,39254,0
2017-06-26,31.762,31.91,31.514,31.564,38282,0
2017-06-27,31.504,31.514,31.166,31.166,109215,0
2017-06-28,31.246,31.534,31.146,31.504,61090,0
2017-06-29,31.415,31.415,30.779,31.017,69180,0
2017-06-30,31.117,31.166,30.948,30.987,49333,0
2017-07-03,31.156,31.168,30.933,31.027,22876,0
2017-07-05,30.977,31.107,30.834,31.067,37733,0
2017-07-06,30.918,30.939,30.729,30.759,35545,0
2017-07-07,30.868,31.097,30.808,31.007,84089,0
2017-07-10,30.928,31.136,30.928,31.057,75240,0
2017-07-11,31.027,31.136,30.968,31.116,24699,0
2017-07-12,31.325,31.425,31.305,31.355,59210,0
2017-07-13,31.365,31.494,31.309,31.454,146047,0
2017-07-14,31.564,31.792,31.542,31.733,33530,0
2017-07-17,31.792,31.792,31.653,31.673,36961,0
2017-07-18,31.653,31.683,31.515,31.653,99677,0
2017-07-19,31.693,31.842,31.667,31.772,46390,0
2017-07-20,31.842,31.951,31.723,31.882,55393,0
2017-07-21,31.762,31.795,31.693,31.782,43462,0
2017-07-24,31.842,31.842,31.663,31.756,38259,0
2017-07-25,31.713,31.872,31.564,31.822,72449,0
2017-07-26,31.872,31.891,31.653,31.812,128759,0
2017-07-27,31.901,31.96,31.445,31.653,43262,0
2017-07-28,31.593,31.623,31.434,31.554,42560,0
2017-07-31,31.584,31.659,31.474,31.484,61040,0
2017-08-01,31.574,31.693,31.502,31.663,50883,0
2017-08-02,31.911,31.918,31.603,31.713,181496,0
2017-08-03,31.726,31.726,31.574,31.593,31452,0
2017-08-04,31.691,31.738,31.646,31.692,26857,0
2017-08-07,31.723,31.842,31.693,31.832,49951,0
2017-08-08,31.742,32.021,31.684,31.742,45376,0
2017-08-09,31.544,31.663,31.529,31.663,49199,0
2017-08-10,31.484,31.484,31.107,31.126,100977,0
2017-08-11,31.097,31.38,31.097,31.315,42808,0
2017-08-14,31.474,31.782,31.474,31.733,55442,0
2017-08-15,31.792,31.792,31.629,31.673,41754,0
2017-08-16,31.733,31.85,31.685,31.812,36498,0
2017-08-17,31.623,31.643,31.107,31.117,35717,0
2017-08-18,31.126,31.205,30.958,30.997,100913,0
2017-08-21,30.997,31.037,30.868,30.997,89888,0
2017-08-22,31.196,31.348,31.149,31.295,91853,0
2017-08-23,31.166,31.415,31.166,31.335,48094,0
2017-08-24,31.395,31.446,31.305,31.385,65079,0
2017-08-25,31.524,31.584,31.415,31.415,31076,0
2017-08-28,31.474,31.534,31.444,31.494,30455,0
2017-08-29,31.206,31.593,31.196,31.579,26629,0
2017-08-30,31.554,31.782,31.554,31.752,25930,0
2017-08-31,31.812,31.951,31.812,31.891,28569,0
2017-09-01,32.041,32.071,31.946,31.991,26935,0
2017-09-05,31.931,31.951,31.526,31.673,63118,0
2017-09-06,31.752,31.882,31.733,31.762,26866,0
2017-09-07,31.802,31.89,31.683,31.693,49868,0
2017-09-08,31.703,31.703,31.425,31.454,44089,0
2017-09-11,31.584,31.882,31.584,31.822,39916,0
2017-09-12,31.971,32.12,31.928,31.98,21912,0
2017-09-13,31.941,32.01,31.891,32.01,17615,0
2017-09-14,31.961,32.05,31.909,32.001,24382,0
2017-09-15,31.931,32.146,31.925,32.13,47273,0
2017-09-18,32.259,32.259,32.07,32.14,80414,0
2017-09-19,32.279,32.328,32.199,32.309,46627,0
2017-09-20,32.259,32.259,31.872,32.12,26990,0
2017-09-21,32.16,32.16,31.95,31.98,70034,0
2017-09-22,31.93,32.12,31.93,32.12,43364,0
2017-09-25,31.92,32.09,31.8507,32,31429,0
2017-09-26,32.09,32.166,32.01,32.1,15211,0
2017-09-27,32.22,32.31,32.09,32.21,54708,0
2017-09-28,32.19,32.27,32.12,32.25,67479,0
2017-09-29,32.34,32.419,32.22,32.38,34040,0
2017-10-02,32.52,32.57,32.45,32.54,35280,0
2017-10-03,32.6,32.6794,32.57,32.64,24761,0
2017-10-04,32.6,32.66,32.5096,32.66,25316,0
2017-10-05,32.78,32.83,32.6801,32.8,18095,0
2017-10-06,32.73,32.81,32.7,32.81,17741,0
2017-10-09,32.84,32.8899,32.8332,32.88,36511,0
2017-10-10,33,33,32.8581,32.97,45354,0
2017-10-11,32.96,33.049,32.9366,33.02,241971,0
2017-10-12,32.96,33.02,32.9132,32.9252,55049,0
2017-10-13,32.94,33.15,32.94,33.09,48614,0
2017-10-16,33.22,33.22,33.091,33.1609,20817,0
2017-10-17,33.09,33.1299,33.0101,33.1,47320,0
2017-10-18,33.37,33.45,33.2508,33.37,49116,0
2017-10-19,33.27,33.38,33.12,33.28,45990,0
2017-10-20,33.49,33.5996,33.34,33.51,26665,0
2017-10-23,33.75,33.7999,33.604,33.63,39098,0
2017-10-24,33.69,33.77,33.63,33.71,41846,0
2017-10-25,33.68,33.68,33.25,33.47,39763,0
2017-10-26,33.59,33.64,33.511,33.6,36974,0
2017-10-27,33.8899,34.28,33.87,34.2,36416,0
2017-10-30,34.15,34.23,34.04,34.15,443546,0
2017-10-31,34.27,34.349,34.13,34.29,67176,0
2017-11-01,34.47,34.47,34.1599,34.36,53730,0
2017-11-02,34.35,34.42,34.22,34.39,35315,0
2017-11-03,34.49,34.64,34.29,34.5786,23874,0
2017-11-06,34.67,34.8,34.6104,34.765,92371,0
2017-11-07,34.71,34.759,34.6397,34.73,53613,0
2017-11-08,34.74,34.89,34.6708,34.8668,52437,0
2017-11-09,34.59,34.654,34.28,34.59,55265,0
2017-11-10,34.51,34.559,34.36,34.48,37978,0
