Date,Open,High,Low,Close,Volume,OpenInt
2013-03-18,20.193,20.193,19.927,19.992,122745,0
2013-03-19,20.009,20.041,19.935,20.017,471815,0
2013-03-20,20.146,20.355,20.146,20.355,23243,0
2013-03-21,20.421,20.613,20.346,20.518,25027,0
2013-03-22,20.574,20.816,20.574,20.722,108940,0
2013-03-25,20.896,20.96,20.76,20.76,25079,0
2013-03-26,20.841,20.985,20.8,20.985,65757,0
2013-03-27,20.857,20.948,20.849,20.939,15571,0
2013-03-28,21.002,21.147,20.923,21.117,188273,0
2013-04-01,21.268,21.268,21.117,21.195,30455,0
2013-04-02,21.26,21.284,21.147,21.172,34591,0
2013-04-03,21.163,21.163,20.671,20.712,32403,0
2013-04-04,20.735,20.76,20.728,20.76,6610,0
2013-04-05,20.599,20.657,20.428,20.599,11350,0
2013-04-08,20.833,20.96,20.639,20.96,36392,0
2013-04-09,21.026,21.179,21.019,21.091,19768,0
2013-04-10,21.058,21.132,21.058,21.081,62173,0
2013-04-11,21.002,21.081,21.002,21.058,15237,0
2013-04-12,20.93,20.954,20.93,20.954,2722,0
2013-04-15,21.203,21.203,20.565,20.582,13317,0
2013-04-16,20.728,20.939,20.728,20.939,24337,0
2013-04-17,20.8,21.156,20.676,20.676,23352,0
2013-04-18,20.808,20.913,20.8,20.857,33274,0
2013-04-19,21.066,21.066,21.011,21.011,5990,0
2013-04-22,21.123,21.179,21.123,21.172,9467,0
2013-04-23,21.389,21.389,21.195,21.318,20091,0
2013-04-24,21.325,21.476,21.325,21.382,197030,0
2013-04-25,21.431,21.468,21.253,21.253,46051,0
2013-04-26,21.372,21.494,21.002,21.275,29872,0
2013-04-29,21.275,21.35,21.179,21.275,9734,0
2013-04-30,21.256,21.298,21.231,21.28,20898,0
2013-05-01,21.486,21.486,20.88,20.88,62907,0
2013-05-02,21.117,21.117,20.791,20.791,242750,0
2013-05-03,21.026,21.044,20.939,21.034,6745,0
2013-05-06,21.275,21.275,20.96,21.011,77305,0
2013-05-07,21.147,21.156,21.091,21.147,38553,0
2013-05-08,21.132,21.301,21.091,21.293,53388,0
2013-05-09,21.382,21.439,21.35,21.397,60831,0
2013-05-10,21.68,21.68,21.372,21.486,47631,0
2013-05-13,21.476,21.476,21.389,21.456,44920,0
2013-05-14,21.456,21.468,21.389,21.448,172911,0
2013-05-15,21.504,21.543,21.439,21.526,79994,0
2013-05-16,21.599,21.599,21.325,21.332,129906,0
2013-05-17,21.591,21.591,21.382,21.468,184648,0
2013-05-20,21.543,21.56,21.448,21.552,69290,0
2013-05-21,21.666,21.867,21.608,21.852,29389,0
2013-05-22,21.897,21.979,21.728,21.778,56562,0
2013-05-23,21.852,21.852,21.468,21.672,186534,0
2013-05-24,21.767,21.767,21.554,21.577,14534,0
2013-05-28,21.783,21.783,21.577,21.627,23950,0
2013-05-29,21.602,21.602,21.13,21.222,581214,0
2013-05-30,21.373,21.373,20.705,20.884,156389,0
2013-05-31,20.958,20.958,20.677,20.677,10573,0
2013-06-03,20.673,20.715,20.623,20.695,25754,0
2013-06-04,20.786,20.828,20.574,20.574,14656,0
2013-06-05,20.396,20.396,20.183,20.264,37734,0
2013-06-06,20.272,20.574,20.183,20.574,27893,0
2013-06-07,20.673,20.845,20.673,20.838,18732,0
2013-06-10,20.794,20.854,20.763,20.838,59767,0
2013-06-11,20.778,20.778,20.558,20.574,280172,0
2013-06-12,20.794,20.794,20.632,20.725,128405,0
2013-06-13,20.623,20.772,20.519,20.754,27103,0
2013-06-14,20.592,20.935,20.592,20.867,12026,0
2013-06-17,20.875,21.057,20.875,21.041,3964,0
2013-06-18,21.024,21.138,21.024,21.122,212936,0
2013-06-19,21.097,21.106,20.893,20.893,18468,0
2013-06-20,20.725,20.738,20.166,20.298,68152,0
2013-06-21,20.475,20.475,19.971,20.307,14625,0
2013-06-24,20.325,20.325,19.71,20.166,27147,0
2013-06-25,20.355,20.501,20.355,20.501,74453,0
2013-06-26,20.845,20.867,20.845,20.867,2260,0
2013-06-27,21.089,21.194,21.079,21.171,129323,0
2013-06-28,21.212,22.542,21.05,21.212,132341,0
2013-07-01,21.415,21.488,21.202,21.391,21186,0
2013-07-02,21.423,21.441,21.268,21.275,17703,0
2013-07-03,21.173,21.24,21.091,21.231,8490,0
2013-07-05,21.178,21.186,21.178,21.186,711,0
2013-07-08,21.229,21.383,21.212,21.383,15889,0
2013-07-09,21.497,21.537,21.488,21.537,27832,0
2013-07-10,21.479,21.577,21.47,21.479,34763,0
2013-07-11,21.806,21.872,21.789,21.865,7224,0
2013-07-12,22.011,22.011,21.806,21.832,24634,0
2013-07-15,21.797,22.037,21.797,21.962,33200,0
2013-07-16,22.083,22.286,21.661,21.675,12624,0
2013-07-17,21.825,21.825,21.675,21.675,28571,0
2013-07-18,21.872,21.914,21.661,21.661,100932,0
2013-07-19,21.7,21.725,21.61,21.725,53156,0
2013-07-22,21.661,21.841,21.661,21.783,17128,0
2013-07-23,21.789,21.789,21.618,21.618,12867,0
2013-07-24,21.668,21.668,21.497,21.563,24712,0
2013-07-25,21.733,21.815,21.733,21.775,12196,0
2013-07-26,21.797,21.849,21.717,21.797,20494,0
2013-07-29,21.815,21.815,21.563,21.61,70632,0
2013-07-30,21.783,21.783,21.468,21.544,139749,0
2013-07-31,21.645,21.717,21.627,21.653,25378,0
2013-08-01,21.842,21.858,21.753,21.816,35180,0
2013-08-02,21.636,21.668,21.586,21.594,15647,0
2013-08-05,21.668,21.675,21.488,21.653,22166,0
2013-08-06,21.486,21.825,21.486,21.807,20249,0
2013-08-07,21.57,21.653,21.45,21.636,20442,0
2013-08-08,21.904,21.904,21.61,21.675,25764,0
2013-08-09,21.743,21.842,21.675,21.675,34674,0
2013-08-12,21.683,21.709,21.479,21.479,12373,0
2013-08-13,21.356,21.438,21.322,21.322,83393,0
2013-08-14,21.507,21.507,21.259,21.293,128730,0
2013-08-15,21.356,21.356,21.231,21.314,101145,0
2013-08-16,21.363,21.395,21.198,21.223,346910,0
2013-08-19,21.19,21.216,21.043,21.043,20033,0
2013-08-20,21.141,21.33,21.132,21.314,15241,0
2013-08-21,21.356,21.356,21.271,21.33,10922,0
2013-08-22,21.356,21.463,21.356,21.388,12398,0
2013-08-23,21.476,21.52,21.403,21.468,16748,0
2013-08-26,21.584,21.584,21.28,21.33,23711,0
2013-08-27,21.288,21.338,21.288,21.322,17237,0
2013-08-28,21.298,21.463,21.298,21.388,54979,0
2013-08-29,21.412,21.412,21.347,21.395,42228,0
2013-08-30,21.379,21.379,21.173,21.248,47580,0
2013-09-03,21.264,21.429,20.974,21.072,305430,0
2013-09-04,20.936,20.974,20.884,20.884,23712,0
2013-09-05,20.919,20.992,20.919,20.936,59116,0
2013-09-06,21.066,21.066,20.953,20.953,5917,0
2013-09-09,21.216,21.271,20.992,21.271,19286,0
2013-09-10,21.395,21.468,21.388,21.447,95659,0
2013-09-11,21.271,21.271,21.165,21.256,21029,0
2013-09-12,21.52,21.52,21.124,21.124,38418,0
2013-09-13,21.052,21.052,20.909,20.974,26617,0
2013-09-16,21.298,21.298,20.875,20.875,25004,0
2013-09-17,20.771,20.845,20.686,20.745,141507,0
2013-09-18,20.819,21.248,20.785,21.248,13305,0
2013-09-19,21.034,21.816,21.034,21.653,30022,0
2013-09-20,21.825,21.825,21.495,21.536,13082,0
2013-09-23,21.504,21.511,21.412,21.429,20360,0
2013-09-24,21.544,21.917,21.363,21.412,22887,0
2013-09-25,21.356,21.403,21.356,21.403,11316,0
2013-09-26,21.486,21.601,21.486,21.601,19196,0
2013-09-27,21.476,21.561,21.447,21.511,23617,0
2013-09-30,21.733,21.733,21.412,21.476,34322,0
2013-10-01,21.825,21.917,21.561,21.733,86256,0
2013-10-02,21.873,21.873,21.661,21.661,33513,0
2013-10-03,21.584,21.593,21.463,21.593,18680,0
2013-10-04,21.561,21.561,21.468,21.468,25695,0
2013-10-07,21.486,21.486,21.379,21.438,37852,0
2013-10-08,21.322,21.322,21.181,21.19,368867,0
2013-10-09,21.181,21.19,21.066,21.181,11356,0
2013-10-10,21.412,21.438,21.256,21.322,12102,0
2013-10-11,21.412,21.495,21.33,21.486,24034,0
2013-10-14,21.363,21.626,21.363,21.584,14670,0
2013-10-15,21.653,21.653,21.24,21.288,64908,0
2013-10-16,21.476,21.504,21.412,21.468,19549,0
2013-10-17,21.468,21.635,21.463,21.601,78654,0
2013-10-18,21.675,21.825,21.675,21.816,42358,0
2013-10-21,21.807,22.031,21.807,22.031,72634,0
2013-10-22,22.12,22.201,22.079,22.187,137111,0
2013-10-23,22.136,22.136,21.989,22.07,20218,0
2013-10-24,22.171,22.227,22.171,22.227,4192,0
2013-10-25,22.246,22.368,22.246,22.368,44630,0
2013-10-28,22.218,22.283,21.989,22.023,13284,0
2013-10-29,22.088,22.129,22.014,22.014,38040,0
2013-10-30,22.04,22.237,22.04,22.146,19039,0
2013-10-31,21.981,22.136,21.897,22.07,46244,0
2013-11-01,22.621,22.621,21.851,22.097,22998,0
2013-11-04,21.981,22.097,21.981,22.097,12479,0
2013-11-05,21.931,22.113,21.931,22.113,147831,0
2013-11-06,22.106,22.146,22.106,22.146,6447,0
2013-11-07,22.444,22.444,21.956,21.989,16677,0
2013-11-08,21.733,21.94,21.733,21.94,34222,0
2013-11-11,21.79,21.923,21.79,21.851,28862,0
2013-11-12,21.816,21.825,21.768,21.816,83981,0
2013-11-13,21.783,21.825,21.768,21.798,20385,0
2013-11-14,22.048,22.048,21.956,21.956,183061,0
2013-11-15,22.201,22.201,22.07,22.146,52816,0
2013-11-18,22.608,22.608,22.154,22.154,30661,0
2013-11-19,22.055,22.055,21.858,21.858,60484,0
2013-11-20,22.004,22.004,21.889,21.897,6663,0
2013-11-21,21.997,22.113,21.997,22.106,7100,0
2013-11-22,22.342,22.378,22.301,22.301,2290,0
2013-11-25,22.4,22.408,22.378,22.378,8994,0
2013-11-26,22.351,22.351,22.31,22.31,5545,0
2013-11-27,22.245,22.245,22.193,22.208,39636,0
2013-12-02,22.117,22.117,22.043,22.043,3171,0
2013-12-03,21.992,22.06,21.992,22.043,12021,0
2013-12-04,21.86,21.86,21.726,21.784,24707,0
2013-12-05,21.668,21.668,21.618,21.654,5362,0
2013-12-06,21.654,21.919,21.609,21.919,52397,0
2013-12-09,21.675,21.777,21.654,21.654,33858,0
2013-12-10,21.668,21.753,21.618,21.627,203292,0
2013-12-11,21.569,21.569,21.361,21.393,70735,0
2013-12-12,21.193,21.393,21.185,21.386,29883,0
2013-12-13,21.561,21.561,21.311,21.437,13204,0
2013-12-16,21.668,21.668,21.369,21.369,37941,0
2013-12-17,21.493,21.51,21.369,21.462,14716,0
2013-12-18,21.344,21.584,21.285,21.535,54054,0
2013-12-19,21.609,21.711,21.609,21.711,48080,0
2013-12-20,21.769,21.984,21.769,21.883,8401,0
2013-12-23,22.111,22.235,22.009,22.2,60751,0
2013-12-24,22.26,22.351,22.225,22.245,25977,0
2013-12-26,22.36,22.435,22.335,22.335,84374,0
2013-12-27,22.351,22.526,22.351,22.51,34881,0
2013-12-30,22.875,22.875,22.593,22.865,43639,0
2013-12-31,22.834,22.858,22.783,22.808,24825,0
2014-01-02,22.685,22.685,22.475,22.475,4436,0
2014-01-03,21.202,22.501,21.202,22.427,7187,0
2014-01-06,22.351,22.385,22.351,22.367,10894,0
2014-01-07,22.593,22.593,22.29,22.4,174045,0
2014-01-08,22.268,22.268,22.16,22.235,27473,0
2014-01-09,22.26,22.26,22.245,22.245,4675,0
2014-01-10,22.3,22.3,22.225,22.235,15719,0
2014-01-13,22.319,22.335,22.193,22.193,14728,0
2014-01-14,22.216,22.327,22.169,22.3,30706,0
2014-01-15,22.253,22.282,22.245,22.282,9327,0
2014-01-16,22.466,22.466,22.276,22.408,16200,0
2014-01-17,22.36,22.408,22.335,22.335,23121,0
2014-01-21,22.459,22.518,22.459,22.518,3497,0
2014-01-22,22.651,22.699,22.623,22.699,12409,0
2014-01-23,22.676,22.798,22.586,22.615,221396,0
2014-01-24,22.633,22.66,22.459,22.526,78186,0
2014-01-27,22.342,22.576,22.177,22.427,41412,0
2014-01-28,22.459,22.557,22.427,22.518,41316,0
2014-01-29,22.557,22.685,22.427,22.427,58148,0
2014-01-30,22.643,22.651,22.586,22.593,22795,0
2014-01-31,22.408,22.85,22.408,22.767,71150,0
2014-02-03,22.699,22.834,22.55,22.61,20318,0
2014-02-04,22.543,23.457,22.29,22.586,213751,0
2014-02-05,22.475,22.566,22.444,22.51,11297,0
2014-02-06,22.691,22.834,22.691,22.798,35161,0
2014-02-07,22.893,23.109,22.893,23.109,23708,0
2014-02-10,23.365,24.339,22.842,23.915,11988,0
2014-02-11,23.109,24.05,23.05,24.05,16595,0
2014-02-12,23.265,23.265,23.074,23.084,13213,0
2014-02-13,23.265,23.308,23.123,23.141,19172,0
2014-02-14,23.191,23.191,23.058,23.093,16972,0
2014-02-18,23.282,23.282,23.141,23.15,172000,0
2014-02-19,23.259,23.259,22.943,22.943,22397,0
2014-02-20,22.925,22.943,22.76,22.768,27310,0
2014-02-21,22.798,22.875,22.717,22.717,59266,0
2014-02-24,22.798,22.798,22.601,22.699,12739,0
2014-02-25,22.768,22.768,22.61,22.751,25881,0
2014-02-26,22.66,22.908,22.66,22.899,10726,0
2014-02-27,22.872,22.913,22.831,22.839,17856,0
2014-02-28,22.703,22.89,22.703,22.848,17841,0
2014-03-03,22.772,22.905,22.729,22.872,18982,0
2014-03-04,23.023,23.092,22.982,23.073,9072,0
2014-03-05,23.083,23.207,23.083,23.123,12278,0
2014-03-06,23.073,23.15,23.041,23.083,31520,0
2014-03-07,23.123,23.123,22.982,23.041,13753,0
2014-03-10,22.922,22.947,22.872,22.872,41855,0
2014-03-11,22.823,22.94,22.823,22.898,3087125,0
2014-03-12,22.855,22.863,22.729,22.855,98855,0
2014-03-13,22.964,22.964,22.688,22.755,13215,0
2014-03-14,22.913,22.94,22.882,22.913,12624,0
2014-03-17,23.359,23.359,22.898,23.065,23984,0
2014-03-18,23.014,23.243,23.014,23.191,47628,0
2014-03-19,23.15,23.15,22.94,22.974,42969,0
2014-03-20,22.788,23.006,22.747,22.999,112061,0
2014-03-21,22.082,23.041,22.082,22.863,18550,0
2014-03-24,22.795,22.89,22.755,22.848,29702,0
2014-03-25,22.872,22.882,22.795,22.831,14231,0
2014-03-26,22.89,22.982,22.89,22.94,18446,0
2014-03-27,22.882,23.057,22.882,23.057,1061733,0
2014-03-28,23.1,23.191,23.049,23.184,34299,0
2014-03-31,23.16,23.301,23.16,23.301,17324,0
2014-04-01,23.377,23.645,23.343,23.586,23358,0
2014-04-02,23.637,23.728,23.637,23.662,20392,0
2014-04-03,23.789,23.797,23.637,23.746,9613,0
2014-04-04,23.706,23.922,23.477,23.477,12884,0
2014-04-07,23.504,23.719,23.41,23.477,31859,0
2014-04-08,23.544,23.719,23.512,23.689,114790,0
2014-04-09,23.706,23.838,23.679,23.838,26759,0
2014-04-10,23.89,23.975,23.627,23.662,27231,0
2014-04-11,23.713,23.908,23.713,23.847,81370,0
2014-04-14,24.056,24.1,23.863,23.908,38659,0
2014-04-15,23.939,23.939,22.956,23.654,31054,0
2014-04-16,23.813,24.35,23.813,24.081,22004,0
2014-04-17,24.141,24.274,24.091,24.216,138347,0
2014-04-21,24.216,24.402,24.201,24.311,22573,0
2014-04-22,24.459,24.459,24.302,24.342,136684,0
2014-04-23,24.334,24.377,24.259,24.274,9939,0
2014-04-24,24.486,24.486,24.125,24.15,24643,0
2014-04-25,23.983,24.065,23.939,24.065,35563,0
2014-04-28,24.193,24.193,23.983,24.125,58401,0
2014-04-29,24.283,24.368,24.193,24.35,11148,0
2014-04-30,24.35,24.35,24.184,24.283,27592,0
2014-05-01,24.368,24.67,24.368,24.67,33894,0
2014-05-02,24.578,24.62,24.436,24.62,28279,0
2014-05-05,24.494,24.889,24.468,24.889,45328,0
2014-05-06,24.831,27.167,24.689,27.167,82020,0
2014-05-07,24.931,25.149,24.721,24.931,45110,0
2014-05-08,25.192,25.192,24.745,24.781,184143,0
2014-05-09,24.628,24.704,24.578,24.605,25850,0
2014-05-12,24.745,24.772,24.737,24.737,7486,0
2014-05-13,24.964,24.964,24.62,24.66,20676,0
2014-05-14,24.737,24.881,24.714,24.881,18157,0
2014-05-15,24.781,24.854,24.714,24.854,25923,0
2014-05-16,24.948,24.972,24.905,24.939,31676,0
2014-05-19,24.972,24.982,24.772,24.796,38806,0
2014-05-20,24.831,24.956,24.813,24.956,42921,0
2014-05-21,24.831,25.049,24.831,25.049,43914,0
2014-05-22,24.915,25.25,24.915,24.997,30677,0
2014-05-23,25.176,25.216,25.101,25.133,11071,0
2014-05-27,25.151,25.151,25.037,25.085,120284,0
2014-05-28,24.974,25.143,24.974,25.128,20514,0
2014-05-29,24.974,25.17,24.974,25.05,25468,0
2014-05-30,25.058,25.196,24.992,25.196,34707,0
2014-06-02,25.458,25.458,25.196,25.365,52860,0
2014-06-03,25.238,25.442,25.238,25.315,15503,0
2014-06-04,25.55,25.586,25.349,25.586,81025,0
2014-06-05,25.56,25.56,25.407,25.519,78486,0
2014-06-06,25.55,25.645,25.55,25.636,37577,0
2014-06-09,25.747,25.747,25.578,25.645,50215,0
2014-06-10,25.5,25.678,25.5,25.602,208951,0
2014-06-11,25.594,25.602,25.434,25.484,33817,0
2014-06-12,25.399,25.416,25.349,25.374,20236,0
2014-06-13,25.399,25.434,25.253,25.434,57261,0
2014-06-16,25.434,25.926,25.434,25.866,106336,0
2014-06-17,25.586,25.94,25.586,25.934,102787,0
2014-06-18,25.797,25.857,25.586,25.737,38890,0
2014-06-19,25.781,25.992,25.756,25.992,750560,0
2014-06-20,26.137,26.137,25.992,26.01,15414,0
2014-06-23,26.137,26.296,26.036,26.289,65251,0
2014-06-24,26.306,26.449,26.289,26.289,42930,0
2014-06-25,26.418,26.527,26.306,26.527,18380,0
2014-06-26,26.527,26.595,26.5,26.578,20770,0
2014-06-27,26.63,26.765,26.602,26.697,23913,0
2014-06-30,26.713,26.91,26.638,26.765,58111,0
2014-07-01,26.857,26.932,26.366,26.932,11292,0
2014-07-02,26.865,26.865,26.697,26.713,46460,0
2014-07-03,26.706,26.706,26.5,26.552,35635,0
2014-07-07,26.816,26.816,26.161,26.22,28744,0
2014-07-08,26.145,26.145,26.044,26.128,138864,0
2014-07-09,26.086,26.398,26.086,26.375,21085,0
2014-07-10,26.205,26.382,26.153,26.382,29783,0
2014-07-11,26.349,26.443,26.273,26.443,10891,0
2014-07-14,26.527,26.697,26.39,26.418,40715,0
2014-07-15,26.418,26.458,26.341,26.449,17084,0
2014-07-16,26.536,26.653,26.467,26.653,15093,0
2014-07-17,26.518,26.713,26.518,26.645,13895,0
2014-07-18,26.689,26.79,26.68,26.756,29526,0
2014-07-21,26.638,26.796,26.612,26.79,42750,0
2014-07-22,26.917,27.028,26.917,27.002,84798,0
2014-07-23,27.128,27.137,27.06,27.06,78509,0
2014-07-24,27.4,27.4,27.028,27.078,47337,0
2014-07-25,27.018,27.044,26.978,27.002,18324,0
2014-07-28,26.925,26.968,26.883,26.968,30469,0
2014-07-29,27.196,27.196,26.825,26.857,46152,0
2014-07-30,26.883,26.883,26.449,26.552,49151,0
2014-07-31,26.773,26.773,26.036,26.05,98345,0
2014-08-01,26.12,26.247,25.688,25.814,75045,0
2014-08-04,26.05,26.289,25.772,26.289,22224,0
2014-08-05,26.671,26.671,25.781,25.841,108464,0
2014-08-06,26.077,26.077,25.698,25.764,39037,0
2014-08-07,26.028,26.028,25.688,25.712,14446,0
2014-08-08,25.602,26.128,25.602,25.918,18116,0
2014-08-11,26.366,27.002,26.366,26.796,17154,0
2014-08-12,26.796,26.796,26.51,26.586,70998,0
2014-08-13,26.518,27.002,26.518,26.842,22812,0
2014-08-14,26.806,27.146,26.806,27.088,25493,0
2014-08-15,27.35,27.366,27.231,27.291,7373,0
2014-08-18,27.35,27.391,27.291,27.359,29314,0
2014-08-19,27.427,27.528,27.4,27.51,41398,0
2014-08-20,27.68,27.68,27.009,27.654,51082,0
2014-08-21,28.138,28.138,27.528,27.571,15794,0
2014-08-22,28.028,28.028,27.383,27.427,27521,0
2014-08-25,27.503,27.662,27.4,27.587,26149,0
2014-08-26,27.652,27.697,27.637,27.637,67064,0
2014-08-27,27.688,27.807,27.669,27.79,24715,0
2014-08-28,27.729,27.807,27.721,27.79,31397,0
2014-08-29,27.859,28.012,27.859,27.971,14226,0
2014-09-02,27.935,28.191,27.841,27.868,8227,0
2014-09-03,28.123,28.123,27.883,27.962,23899,0
2014-09-04,27.986,27.986,27.697,27.773,30517,0
2014-09-05,27.706,27.927,27.706,27.927,26129,0
2014-09-08,28.003,28.003,27.782,27.875,13639,0
2014-09-09,27.85,27.952,27.798,27.859,41430,0
2014-09-10,27.841,27.841,27.764,27.815,15625,0
2014-09-11,27.525,27.782,27.525,27.773,20547,0
2014-09-12,27.739,27.841,27.114,27.267,15881,0
2014-09-15,27.08,27.362,27.003,27.175,17012,0
2014-09-16,27.105,27.549,26.515,27.499,43832,0
2014-09-17,27.44,27.66,27.44,27.516,29011,0
2014-09-18,27.49,27.764,27.49,27.756,30000,0
2014-09-19,27.901,27.986,27.901,27.979,21281,0
2014-09-22,27.918,27.918,27.549,27.585,52612,0
2014-09-23,27.464,27.773,27.319,27.345,101349,0
2014-09-24,27.448,27.54,27.105,27.388,59820,0
2014-09-25,27.371,27.422,26.979,27.089,34001,0
2014-09-26,27.062,27.49,26.933,27.472,96039,0
2014-09-29,27.378,27.577,27.336,27.559,8004,0
2014-09-30,27.457,27.652,27.327,27.652,165547,0
2014-10-01,27.652,27.807,27.302,27.336,45912,0
2014-10-02,27.355,27.49,26.781,27.464,42402,0
2014-10-03,27.464,27.534,27.259,27.259,79727,0
2014-10-06,27.355,27.464,27.114,27.259,24088,0
2014-10-07,27.319,27.319,26.952,26.952,18917,0
2014-10-08,26.875,26.883,26.327,26.805,33285,0
2014-10-09,26.669,26.979,25.737,25.832,48550,0
2014-10-10,26.045,26.045,24.872,25.592,90148,0
2014-10-13,25.249,25.548,24.327,24.333,15630,0
2014-10-14,23.47,24.608,23.008,23.931,68605,0
2014-10-15,23.584,24.864,23.008,24.864,180953,0
2014-10-16,25.899,26.223,24.481,26.045,49986,0
2014-10-17,26.214,26.506,25.667,26.07,26363,0
2014-10-20,26.061,26.361,25.986,26.361,60589,0
2014-10-21,26.609,27.096,26.463,26.789,120858,0
2014-10-22,26.857,27.062,26.472,26.472,20797,0
2014-10-23,26.833,26.96,26.695,26.824,53682,0
2014-10-24,26.687,26.865,26.636,26.833,39912,0
2014-10-27,26.738,26.865,26.403,26.72,31146,0
2014-10-28,26.755,26.986,26.728,26.969,12553,0
2014-10-29,27.003,27.148,26.833,27.045,24060,0
2014-10-30,26.925,27.062,26.704,26.795,19360,0
2014-10-31,26.795,26.925,26.695,26.883,19860,0
2014-11-03,26.986,27.244,26.842,26.942,29464,0
2014-11-04,26.933,26.933,26.233,26.379,23687,0
2014-11-05,26.669,26.669,26.284,26.669,16732,0
2014-11-06,26.472,26.651,26.472,26.644,16385,0
2014-11-07,26.687,27.184,26.687,27.157,135418,0
2014-11-10,25.88,27.267,25.88,26.883,12074,0
2014-11-11,26.833,26.96,26.712,26.91,18291,0
2014-11-12,27.062,27.08,27.003,27.029,10268,0
2014-11-13,27.08,27.13,26.746,26.815,28599,0
2014-11-14,26.969,27.148,26.925,27.089,25270,0
2014-11-17,27.089,27.414,27.089,27.414,7999,0
2014-11-18,27.669,27.669,27.414,27.549,28468,0
2014-11-19,27.669,27.822,27.61,27.822,47504,0
2014-11-20,27.979,28.02,27.859,27.927,20249,0
2014-11-21,28.226,28.226,27.832,27.832,15370,0
2014-11-24,27.918,28.525,27.61,27.637,22087,0
2014-11-25,27.868,27.868,27.601,27.637,19180,0
2014-11-26,27.639,27.888,27.405,27.794,22853,0
2014-11-28,28.043,28.872,26.672,26.776,18782,0
2014-12-01,26.413,26.638,25.662,26.068,75805,0
2014-12-02,25.876,26.714,25.758,26.483,410808,0
2014-12-03,26.483,27.007,26.456,26.983,281861,0
2014-12-04,26.983,27.257,26.983,27.087,25400,0
2014-12-05,27.043,27.043,26.759,26.767,21461,0
2014-12-08,26.524,26.551,25.456,25.585,55211,0
2014-12-09,25.689,25.982,25.559,25.923,56959,0
2014-12-10,25.507,25.507,24.877,25.103,52383,0
2014-12-11,25.265,25.679,25.074,25.541,51584,0
2014-12-12,25.152,25.808,24.551,24.79,59472,0
2014-12-15,24.989,24.989,24.093,24.265,210640,0
2014-12-16,23.982,25.006,23.549,24.565,32556,0
2014-12-17,24.799,25.964,24.783,25.964,47874,0
2014-12-18,26.146,26.594,25.481,25.836,43300,0
2014-12-19,25.836,25.938,25.662,25.93,36192,0
2014-12-22,25.541,26.172,25.541,26.172,33160,0
2014-12-23,26.516,26.731,26.127,26.731,149515,0
2014-12-24,26.74,26.74,26.221,26.413,46556,0
2014-12-26,25.577,26.431,25.559,26.318,62549,0
2014-12-29,26.534,26.852,26.413,26.852,77145,0
2014-12-30,26.947,26.947,26.423,26.483,160693,0
2014-12-31,26.446,26.776,26.213,26.385,36446,0
2015-01-02,26.483,26.776,26.439,26.731,12427,0
2015-01-05,26.354,26.394,25.61,25.646,41695,0
2015-01-06,26.318,26.318,24.844,25.231,79222,0
2015-01-07,25.706,25.706,24.895,25.015,774615,0
2015-01-08,25.214,25.516,25.214,25.334,88474,0
2015-01-09,25.412,25.412,25.161,25.36,100720,0
2015-01-12,24.67,25.481,24.446,24.704,82737,0
2015-01-13,24.679,24.714,23.92,24.057,63886,0
2015-01-14,24.005,24.3,23.462,24.3,32218,0
2015-01-15,24.368,24.575,24.154,24.378,94149,0
2015-01-16,24.533,25.103,24.524,25.065,46458,0
2015-01-20,25.015,25.241,24.704,25.111,14104,0
2015-01-21,25.144,25.731,25.144,25.731,28786,0
2015-01-22,25.876,25.982,25.61,25.775,17769,0
2015-01-23,25.722,26.026,25.601,25.791,56227,0
2015-01-26,25.923,25.964,25.62,25.791,35266,0
2015-01-27,25.699,25.826,25.491,25.706,17386,0
2015-01-28,25.525,25.525,25.111,25.111,31925,0
2015-01-29,24.817,25.197,24.66,25.161,487426,0
2015-01-30,25.265,25.74,24.929,25.421,31899,0
2015-02-02,25.481,25.799,25.421,25.799,51711,0
2015-02-03,26.043,26.403,26.034,26.172,27003,0
2015-02-04,25.853,26.085,25.646,25.895,19790,0
2015-02-05,26.058,26.431,25.997,26.326,28311,0
2015-02-06,26.74,26.74,25.601,26.284,56799,0
2015-02-09,26.299,26.318,25.914,26.007,273580,0
2015-02-10,25.817,26.026,25.699,26.026,85036,0
2015-02-11,25.808,25.93,25.775,25.775,155668,0
2015-02-12,26.068,26.249,25.997,26.206,113866,0
2015-02-13,26.259,26.601,26.249,26.291,21102,0
2015-02-17,26.464,26.568,26.102,26.464,26020,0
2015-02-18,26.249,26.326,26.162,26.249,27458,0
2015-02-19,26.043,26.335,25.938,26.213,395194,0
2015-02-20,26.259,26.516,26.206,26.516,252691,0
2015-02-23,26.213,26.326,26.162,26.299,38502,0
2015-02-24,26.491,26.491,26.049,26.162,33214,0
2015-02-25,26.181,26.379,26.137,26.249,32868,0
2015-02-26,26.045,26.053,25.646,25.7,37505,0
2015-02-27,26.02,26.02,25.706,25.878,40472,0
2015-03-02,25.925,25.925,25.61,25.67,37245,0
2015-03-03,25.62,25.854,25.54,25.768,204157,0
2015-03-04,25.593,25.75,25.593,25.732,37818,0
2015-03-05,25.863,26.001,25.777,25.863,54948,0
2015-03-06,25.567,25.75,25.47,25.525,43337,0
2015-03-09,25.437,25.7,25.253,25.253,48165,0
2015-03-10,24.992,25.28,24.992,25.262,93227,0
2015-03-11,25.139,25.185,24.776,24.776,22758,0
2015-03-12,24.69,24.792,24.69,24.74,127483,0
2015-03-13,24.488,24.627,24.427,24.584,44257,0
2015-03-16,24.523,24.705,24.384,24.661,76330,0
2015-03-17,24.481,24.905,24.481,24.837,511194,0
2015-03-18,24.73,25.48,24.67,25.384,23220,0
2015-03-19,25.158,25.158,25.019,25.107,149670,0
2015-03-20,25.227,25.341,25.203,25.246,129552,0
2015-03-23,25.35,25.593,25.227,25.577,72650,0
2015-03-24,25.506,25.506,25.237,25.237,52534,0
2015-03-25,25.75,25.75,25.262,25.28,74606,0
2015-03-26,25.289,25.419,25.218,25.218,32648,0
2015-03-27,25.132,25.401,25.107,25.246,43337,0
2015-03-30,25.227,25.54,25.227,25.506,19312,0
2015-03-31,25.525,25.646,25.377,25.384,29773,0
2015-04-01,25.368,25.567,25.194,25.315,43224,0
2015-04-02,25.401,25.532,25.298,25.401,33105,0
2015-04-06,25.558,25.662,25.54,25.567,22646,0
2015-04-07,25.601,25.723,25.532,25.7,58620,0
2015-04-08,25.601,25.801,25.601,25.662,18738,0
2015-04-09,25.732,25.81,25.67,25.792,34682,0
2015-04-10,25.863,25.967,25.828,25.967,38854,0
2015-04-13,25.888,25.986,25.777,25.792,62763,0
2015-04-14,25.925,26.107,25.878,26.045,21153,0
2015-04-15,26.157,26.384,26.08,26.351,71803,0
2015-04-16,25.654,26.506,25.646,26.437,32222,0
2015-04-17,26.332,26.376,26.211,26.237,33566,0
2015-04-20,26.471,26.506,26.237,26.264,41446,0
2015-04-21,26.368,26.368,26.167,26.177,18738,0
2015-04-22,26.115,26.342,26.099,26.255,8403,0
2015-04-23,26.368,26.471,26.368,26.445,9542,0
2015-04-24,26.515,26.55,26.411,26.533,32415,0
2015-04-27,26.645,26.681,26.524,26.542,21842,0
2015-04-28,26.481,26.515,26.454,26.506,24485,0
2015-04-29,26.454,26.768,26.454,26.69,19543,0
2015-04-30,26.75,26.829,26.594,26.699,22646,0
2015-05-01,26.792,26.839,26.699,26.811,18047,0
2015-05-04,26.88,26.88,26.708,26.708,35521,0
2015-05-05,26.854,26.95,26.576,26.69,39429,0
2015-05-06,26.662,26.708,26.053,26.203,35530,0
2015-05-07,25.819,26.115,25.792,26.001,23131,0
2015-05-08,26.053,26.358,26.053,26.227,10920,0
2015-05-11,26.149,26.149,25.907,25.977,17702,0
2015-05-12,25.878,26.141,25.878,26.08,32192,0
2015-05-13,26.839,26.845,26.376,26.49,12529,0
2015-05-14,26.62,26.629,26.542,26.576,36325,0
2015-05-15,26.481,26.699,26.471,26.672,31871,0
2015-05-18,26.506,26.82,26.506,26.777,48788,0
2015-05-19,26.768,26.768,26.559,26.601,25289,0
2015-05-20,26.559,26.559,26.429,26.542,24024,0
2015-05-21,26.611,26.611,26.429,26.601,51728,0
2015-05-22,26.49,26.638,26.392,26.62,7585,0
2015-05-26,26.62,26.62,26.167,26.264,158091,0
2015-05-27,26.268,26.302,26.11,26.285,39269,0
2015-05-28,26.541,26.541,25.889,25.95,15471,0
2015-05-29,25.864,25.889,25.785,25.828,20944,0
2015-06-01,25.785,26.11,25.722,25.74,19146,0
2015-06-02,25.777,25.879,25.777,25.848,13795,0
2015-06-03,25.74,25.828,25.467,25.467,15368,0
2015-06-04,25.443,25.652,24.985,24.985,24587,0
2015-06-05,24.985,25.293,24.827,25.179,19579,0
2015-06-08,25.346,25.346,24.915,25.011,13660,0
2015-06-09,25.048,25.048,24.932,24.968,21226,0
2015-06-10,25.071,25.179,24.905,24.941,20308,0
2015-06-11,24.861,24.976,24.845,24.905,25862,0
2015-06-12,24.537,24.757,24.537,24.748,65452,0
2015-06-15,24.818,25.03,24.774,25.03,23676,0
2015-06-16,25.091,25.151,24.836,24.976,98575,0
2015-06-17,25.091,25.17,24.845,25.02,44166,0
2015-06-18,25.071,25.126,25.001,25.071,73078,0
2015-06-19,25.03,25.03,24.791,24.8,39954,0
2015-06-22,25.101,25.101,24.985,25.071,16617,0
2015-06-23,25.071,25.133,24.941,25.03,67205,0
2015-06-24,24.941,25.142,24.766,24.985,42004,0
2015-06-25,24.992,24.992,24.66,24.66,35287,0
2015-06-26,24.501,24.687,24.501,24.59,28344,0
2015-06-29,24.422,24.422,24.141,24.141,74329,0
2015-06-30,24.422,24.422,23.985,24.07,29582,0
2015-07-01,24.008,24.07,23.659,23.675,1831620,0
2015-07-02,23.79,24.028,23.666,23.966,848480,0
2015-07-06,23.596,23.773,23.501,23.587,511318,0
2015-07-07,23.464,24.108,23.289,24.061,37563,0
2015-07-08,23.993,23.993,23.544,23.587,18099,0
2015-07-09,23.985,23.985,23.675,23.737,43027,0
2015-07-10,23.852,24.028,23.798,24.018,12293,0
2015-07-13,23.948,24.158,23.948,24.046,30846,0
2015-07-14,24.061,24.361,24.037,24.29,90752,0
2015-07-15,24.687,25.669,23.79,23.79,125923,0
2015-07-16,23.834,23.843,23.614,23.666,69322,0
2015-07-17,23.404,23.404,23.28,23.351,25042,0
2015-07-20,22.93,23.341,22.859,22.876,17189,0
2015-07-21,23.052,23.052,22.639,22.735,46557,0
2015-07-22,22.48,22.48,22.041,22.137,36653,0
2015-07-23,22.225,22.376,22.051,22.105,123844,0
2015-07-24,22.147,22.359,22.147,22.255,31873,0
2015-07-27,22.225,22.526,21.954,22.446,155831,0
2015-07-28,22.472,23.106,22.401,23,1012166,0
2015-07-29,22.912,23.341,22.763,23.333,528165,0
2015-07-30,23.395,23.395,23.078,23.238,133635,0
2015-07-31,23.016,23.184,23.016,23.044,41204,0
2015-08-03,22.735,22.735,22.464,22.472,54785,0
2015-08-04,22.726,22.726,22.316,22.359,43255,0
2015-08-05,22.393,22.71,21.321,21.339,41093,0
2015-08-06,20.707,21.251,20.496,21.136,44129,0
2015-08-07,20.997,21.286,20.997,21.04,53160,0
2015-08-10,21.33,21.691,21.304,21.619,167555,0
2015-08-11,21.463,21.656,21.348,21.656,193484,0
2015-08-12,21.507,22.306,21.507,22.296,102901,0
2015-08-13,21.998,22.066,21.893,21.901,59304,0
2015-08-14,22.096,22.156,22.025,22.066,24473,0
2015-08-17,21.901,22.49,21.901,22.429,40524,0
2015-08-18,22.306,22.324,22.096,22.174,64427,0
2015-08-19,22.192,22.192,21.559,21.761,175297,0
2015-08-20,21.85,21.85,21.313,21.313,26521,0
2015-08-21,21.19,21.19,20.813,20.813,88901,0
2015-08-24,18.125,20.646,13.258,20.154,32716,0
2015-08-25,20.574,20.688,20.029,20.066,126122,0
2015-08-26,20.209,20.529,20.094,20.512,79078,0
2015-08-27,20.751,21.519,20.664,21.447,90535,0
2015-08-28,21.143,21.971,21.143,21.722,87726,0
2015-08-31,21.269,21.945,21.269,21.802,67058,0
2015-09-01,21.411,21.411,21.063,21.196,134454,0
2015-09-02,21.526,21.535,20.85,21.277,32911,0
2015-09-03,21.196,21.642,21.196,21.304,170622,0
2015-09-04,21.232,21.277,21.071,21.216,23251,0
2015-09-08,21.339,21.349,21.172,21.304,351357,0
2015-09-09,21.411,21.411,20.902,20.902,13256,0
2015-09-10,20.94,20.956,20.743,20.922,83490,0
2015-09-11,20.44,20.44,20.191,20.218,229932,0
2015-09-14,20.121,20.227,20.004,20.013,23138,0
2015-09-15,19.969,20.147,19.969,20.03,28643,0
2015-09-16,20.271,20.332,20.137,20.279,172533,0
2015-09-17,20.147,20.912,20.147,20.36,86620,0
2015-09-18,20.227,20.308,20.102,20.227,14042,0
2015-09-21,20.227,20.512,20.218,20.494,130298,0
2015-09-22,20.271,20.351,20.004,20.121,65262,0
2015-09-23,20.298,20.298,19.353,19.362,55714,0
2015-09-24,19.15,19.309,18.724,19.247,70528,0
2015-09-25,19.3,19.479,19.061,19.15,56502,0
2015-09-28,18.51,18.51,17.876,18.011,299628,0
2015-09-29,18.196,18.909,16.95,16.996,232292,0
2015-09-30,17.359,18.462,17.315,18.438,310807,0
2015-10-01,18.704,19.087,18.581,19.061,85369,0
2015-10-02,18.99,19.799,18.936,19.799,75372,0
2015-10-05,20.084,20.592,20.084,20.529,92608,0
2015-10-06,20.679,20.822,20.475,20.494,50212,0
2015-10-07,20.494,20.94,20.494,20.912,130524,0
2015-10-08,21.063,21.188,20.708,21.108,40888,0
2015-10-09,21.118,21.179,21.02,21.02,43806,0
2015-10-12,20.949,21.071,20.583,20.796,18990,0
2015-10-13,20.565,20.718,20.512,20.522,58410,0
2015-10-14,20.254,20.602,20.199,20.529,86605,0
2015-10-15,20.379,20.868,20.379,20.858,22692,0
2015-10-16,20.949,20.992,20.787,20.974,20107,0
2015-10-19,20.886,20.886,20.512,20.646,33024,0
2015-10-20,20.761,20.761,20.165,20.165,30768,0
2015-10-21,20.387,20.664,20.317,20.317,65598,0
2015-10-22,20.111,20.137,19.594,19.827,146698,0
2015-10-23,20.013,20.013,19.55,19.764,41785,0
2015-10-26,19.54,19.54,19.185,19.185,21680,0
2015-10-27,18.748,18.881,18.695,18.881,58073,0
2015-10-28,19.087,19.683,18.624,19.488,137600,0
2015-10-29,19.603,19.87,19.586,19.827,301596,0
2015-10-30,19.951,20.165,19.53,19.969,220945,0
2015-11-02,19.799,20.332,19.755,20.127,156770,0
2015-11-03,20.111,20.832,20.022,20.726,238693,0
2015-11-04,20.512,20.85,19.594,20.084,311404,0
2015-11-05,20.094,20.218,19.515,19.701,176352,0
2015-11-06,19.764,19.87,19.408,19.54,91884,0
2015-11-09,19.362,19.658,19.202,19.274,106678,0
2015-11-10,19.257,19.257,19.087,19.15,219711,0
2015-11-11,18.662,18.794,18.562,18.767,155123,0
2015-11-12,18.662,18.662,18.196,18.233,174893,0
2015-11-13,18.117,18.33,17.742,18.33,112102,0
2015-11-16,18.446,18.981,18.446,18.981,55377,0
2015-11-17,19.061,19.061,18.624,18.83,49199,0
2015-11-18,18.777,19.009,18.598,18.839,59756,0
2015-11-19,18.482,18.81,18.054,18.054,1228289,0
2015-11-20,18.161,18.615,17.957,18.171,322263,0
2015-11-23,17.947,18.277,17.922,18.054,198928,0
2015-11-24,18.206,18.491,18.082,18.295,194887,0
2015-11-25,18.267,18.385,17.933,18.223,106928,0
2015-11-27,18.06,18.096,17.915,17.933,49761,0
2015-11-30,17.951,18.15,17.843,17.997,249243,0
2015-12-01,18.086,18.124,17.517,17.627,651767,0
2015-12-02,17.861,17.861,17.082,17.146,576043,0
2015-12-03,17.164,17.346,16.513,16.549,539911,0
2015-12-04,16.096,16.578,15.817,16.015,257425,0
2015-12-07,15.31,15.31,14.406,15.03,400733,0
2015-12-08,14.335,15.492,14.335,15.229,387665,0
2015-12-09,15.583,16.405,15.554,16.378,205232,0
2015-12-10,16.243,16.513,16.015,16.143,445960,0
2015-12-11,16.54,16.54,15.003,15.166,331179,0
2015-12-14,15.03,15.075,14.488,14.741,282223,0
2015-12-15,15.121,15.121,14.795,15.112,355948,0
2015-12-16,15.256,15.673,14.986,15.455,227016,0
2015-12-17,15.437,15.527,14.787,14.976,439988,0
2015-12-18,15.049,15.202,14.741,14.914,628410,0
2015-12-21,15.066,15.473,14.713,15.473,452372,0
2015-12-22,15.645,16.378,15.229,15.962,452079,0
2015-12-23,16.052,17.11,16.043,17.038,336596,0
2015-12-24,17.138,17.405,16.874,17.019,380729,0
2015-12-28,16.622,16.865,16.496,16.848,600714,0
2015-12-29,16.985,17.134,16.54,16.634,312738,0
2015-12-30,16.622,16.649,16.143,16.513,401833,0
2015-12-31,16.35,17.762,16.224,16.83,1577093,0
2016-01-04,16.74,17.299,16.74,17.299,34869,0
2016-01-05,17.201,17.346,17.057,17.328,83489,0
2016-01-06,16.857,16.921,16.259,16.396,338245,0
2016-01-07,15.845,16.234,15.503,15.583,356801,0
2016-01-08,15.756,15.952,15.467,15.758,52719,0
2016-01-11,15.564,15.564,14.797,14.939,268210,0
2016-01-12,15.011,15.564,13.945,14.778,77759,0
2016-01-13,14.832,14.832,13.692,13.909,88388,0
2016-01-14,14.107,15.058,13.81,15.021,47068,0
2016-01-15,14.461,14.633,14.143,14.17,20036,0
2016-01-19,14.325,14.325,13.14,13.483,121634,0
2016-01-20,13.211,13.211,12.127,12.697,279720,0
2016-01-21,13.149,13.619,13.094,13.411,288773,0
2016-01-22,14.335,14.832,14.2,14.832,45431,0
2016-01-25,14.18,15.256,14.135,14.271,365325,0
2016-01-26,14.497,14.867,14.253,14.398,49469,0
2016-01-27,14.497,14.778,14.289,14.697,101199,0
2016-01-28,15.465,15.465,14.976,15.185,120520,0
2016-01-29,15.298,15.535,15.185,15.446,32986,0
2016-02-01,14.795,15.205,14.628,15.039,307643,0
2016-02-02,14.822,14.895,14.514,14.624,521120,0
2016-02-03,14.939,14.939,14.103,14.741,198432,0
2016-02-04,14.768,15.297,14.751,15.039,79843,0
2016-02-05,15.121,15.181,14.534,14.705,78572,0
2016-02-08,14.423,14.423,12.922,13.199,72513,0
2016-02-09,12.498,12.895,12.498,12.807,42374,0
2016-02-10,12.969,13.195,12.597,12.995,101752,0
2016-02-11,12.815,13.195,12.262,12.489,39043,0
2016-02-12,12.979,13.284,12.697,12.714,160573,0
2016-02-16,13.709,14.071,13.539,14.035,199689,0
2016-02-17,14.47,14.995,14.306,14.995,49281,0
2016-02-18,15.011,15.19,14.579,14.832,61203,0
2016-02-19,14.768,14.768,14.298,14.659,36405,0
2016-02-22,15.066,15.33,15.047,15.301,194215,0
2016-02-23,15.112,15.121,14.754,14.885,153504,0
2016-02-24,14.65,15.301,14.279,15.202,283008,0
2016-02-25,14.884,15.235,14.659,15.061,51806,0
2016-02-26,15.19,15.64,15.141,15.24,47494,0
2016-02-29,15.299,15.599,15.299,15.466,41616,0
2016-03-01,15.815,15.815,15.272,15.493,108380,0
2016-03-02,15.538,16.045,15.362,15.971,154242,0
2016-03-03,16.003,16.606,16.003,16.423,62873,0
2016-03-04,16.572,16.773,16.298,16.505,42920,0
2016-03-07,16.405,16.959,16.405,16.838,26022,0
2016-03-08,16.847,16.847,15.889,15.889,38823,0
2016-03-09,16.129,16.248,15.961,16.109,73622,0
2016-03-10,16.257,16.257,15.763,15.852,56611,0
2016-03-11,16.257,16.332,16.174,16.201,34350,0
2016-03-14,16.22,16.294,16.049,16.266,16479,0
2016-03-15,15.825,15.943,15.712,15.943,325545,0
2016-03-16,16.339,16.773,16.322,16.744,63718,0
2016-03-17,16.827,17.262,16.795,17.04,70847,0
2016-03-18,17.159,17.169,16.793,16.958,22189,0
2016-03-21,16.773,16.809,16.451,16.593,45068,0
2016-03-22,16.561,16.921,16.532,16.754,75147,0
2016-03-23,16.736,16.736,16.109,16.156,31708,0
2016-03-24,15.669,16.192,15.669,16.119,93576,0
2016-03-28,16.294,16.294,15.898,15.908,22097,0
2016-03-29,15.649,16.137,15.557,15.963,356071,0
2016-03-30,16.423,16.626,16.328,16.396,36259,0
2016-03-31,16.441,16.749,16.396,16.736,351574,0
2016-04-01,16.423,16.423,16.035,16.183,47036,0
2016-04-04,16.174,16.396,15.898,15.942,37182,0
2016-04-05,15.704,15.868,15.659,15.723,85142,0
2016-04-06,15.953,16.719,15.953,16.201,32921,0
2016-04-07,16.166,16.34,16.091,16.22,12918,0
2016-04-08,16.498,16.856,16.498,16.606,149819,0
2016-04-11,17.082,17.082,16.772,16.819,19542,0
2016-04-12,16.736,17.523,16.736,17.427,23677,0
2016-04-13,17.427,17.513,17.345,17.461,65555,0
2016-04-14,17.482,17.657,17.252,17.378,44815,0
2016-04-15,17.316,17.399,17.05,17.05,57347,0
2016-04-18,16.868,17.593,16.728,17.491,324300,0
2016-04-19,17.897,18.265,17.887,18.265,41932,0
2016-04-20,18.284,18.735,18.284,18.597,49796,0
2016-04-21,18.496,18.873,18.496,18.653,30425,0
2016-04-22,18.873,18.948,18.778,18.817,153811,0
2016-04-25,18.863,18.994,18.432,18.534,40142,0
2016-04-26,18.422,18.707,18.422,18.54,59905,0
2016-04-27,19.103,19.159,18.914,19.003,72412,0
2016-04-28,18.807,19.13,18.68,18.697,49035,0
2016-04-29,19.058,19.471,18.743,18.938,78260,0
2016-05-02,18.847,18.847,18.57,18.735,45820,0
2016-05-03,18.432,18.531,18.135,18.385,287202,0
2016-05-04,18.693,18.693,18.282,18.555,171049,0
2016-05-05,18.688,19.051,18.688,18.863,48972,0
2016-05-06,18.597,19.058,18.597,18.799,57220,0
2016-05-09,18.449,18.54,18.229,18.54,27002,0
2016-05-10,18.781,18.781,18.579,18.627,177437,0
2016-05-11,18.367,18.946,18.367,18.772,35136,0
2016-05-12,18.799,19.023,18.799,18.946,9797,0
2016-05-13,18.984,19.398,18.767,18.929,19893,0
2016-05-16,19.232,19.389,19.204,19.389,43103,0
2016-05-17,19.453,19.78,19.453,19.578,76939,0
2016-05-18,19.444,19.535,19.094,19.094,53097,0
2016-05-19,19.067,19.481,18.946,19.481,31546,0
2016-05-20,19.444,19.776,19.395,19.637,183374,0
2016-05-23,19.657,19.721,19.518,19.518,41029,0
2016-05-24,19.776,19.776,19.32,19.407,30382,0
2016-05-25,19.52,19.608,19.477,19.477,22370,0
2016-05-26,19.493,19.493,19.155,19.276,14418,0
2016-05-27,19.333,19.454,19.259,19.36,251640,0
2016-05-31,19.727,19.745,19.379,19.436,26291,0
2016-06-01,19.081,19.895,19.081,19.885,65264,0
2016-06-02,19.52,20.063,19.52,20.059,30911,0
2016-06-03,19.998,20.344,19.914,20.053,28068,0
2016-06-06,20.26,20.55,20.233,20.458,22632,0
2016-06-07,20.69,20.746,20.607,20.7,22056,0
2016-06-08,20.729,21.169,20.54,20.607,23888,0
2016-06-09,20.458,20.607,20.334,20.607,36788,0
2016-06-10,20.326,20.409,20.11,20.128,9358,0
2016-06-13,19.96,19.998,19.752,19.839,9377,0
2016-06-14,19.603,19.885,19.334,19.577,20950,0
2016-06-15,19.688,19.955,19.418,19.773,53384,0
2016-06-16,19.56,19.895,19.456,19.868,36592,0
2016-06-17,20.138,20.138,19.96,19.983,17662,0
2016-06-20,20.163,20.354,20.163,20.317,20284,0
2016-06-21,20.148,20.645,20.148,20.645,11383,0
2016-06-22,20.531,20.784,20.525,20.784,32609,0
2016-06-23,20.873,20.962,20.817,20.962,5915,0
2016-06-24,20.615,20.831,20.19,20.19,47630,0
2016-06-27,19.988,19.988,19.493,19.684,27170,0
2016-06-28,20.176,20.334,19.866,20.334,21224,0
2016-06-29,20.317,20.773,20.317,20.7,11663,0
2016-06-30,20.56,20.804,20.56,20.785,31949,0
2016-07-01,20.635,20.896,20.536,20.635,31757,0
2016-07-05,20.251,20.448,20.133,20.448,141734,0
2016-07-06,20.383,20.494,20.236,20.494,48115,0
2016-07-07,20.804,20.813,20.354,20.494,109643,0
2016-07-08,20.729,20.804,20.56,20.686,16343,0
2016-07-11,20.772,20.853,20.598,20.635,8394,0
2016-07-12,21.02,21.385,21.02,21.272,184237,0
2016-07-13,21.262,21.3,21.02,21.112,63929,0
2016-07-14,21.234,21.412,21.178,21.393,23351,0
2016-07-15,21.534,21.534,21.169,21.319,44066,0
2016-07-18,21.112,21.45,21.112,21.449,37616,0
2016-07-19,21.562,21.562,21.347,21.441,41090,0
2016-07-20,21.357,21.572,21.357,21.525,22972,0
2016-07-21,21.412,21.609,21.281,21.298,17989,0
2016-07-22,21.45,21.45,21.272,21.416,125682,0
2016-07-25,21.244,21.291,21.065,21.116,45750,0
2016-07-26,21.079,21.117,21.028,21.068,32772,0
2016-07-27,21.262,21.262,20.841,20.856,10120,0
2016-07-28,20.821,20.944,20.674,20.888,71284,0
2016-07-29,20.804,21.085,20.744,21.085,15030,0
2016-08-01,20.818,20.818,20.392,20.439,15207,0
2016-08-02,20.72,20.794,20.297,20.57,20254,0
2016-08-03,21.042,21.516,20.794,21.225,124679,0
2016-08-04,21.327,21.412,21.07,21.206,20909,0
2016-08-05,21.122,21.45,21.122,21.319,26549,0
2016-08-08,21.357,21.73,21.357,21.618,14893,0
2016-08-09,21.703,21.703,21.437,21.486,9098,0
2016-08-10,21.459,21.516,21.188,21.253,35676,0
2016-08-11,21.206,21.534,21.206,21.516,22485,0
2016-08-12,21.385,21.861,21.385,21.646,34570,0
2016-08-15,21.88,21.88,21.721,21.769,30459,0
2016-08-16,21.721,21.96,21.67,21.778,22237,0
2016-08-17,21.684,21.778,21.618,21.768,39165,0
2016-08-18,21.844,22.207,21.844,22.115,32563,0
2016-08-19,21.977,21.977,21.805,21.921,50664,0
2016-08-22,21.946,21.946,21.507,21.572,28668,0
2016-08-23,21.712,21.74,21.516,21.712,188509,0
2016-08-24,21.595,21.613,21.442,21.442,18885,0
2016-08-25,21.403,21.519,21.376,21.451,11364,0
2016-08-26,21.566,21.671,21.432,21.5,37093,0
2016-08-29,21.462,21.555,21.404,21.555,26291,0
2016-08-30,21.576,21.576,21.348,21.48,133087,0
2016-08-31,21.414,21.414,21.193,21.348,12750,0
2016-09-01,21.195,21.376,21.139,21.319,19777,0
2016-09-02,21.546,21.709,21.519,21.699,28559,0
2016-09-06,21.547,22.042,21.519,21.984,12779,0
2016-09-07,21.993,22.278,21.566,22.194,50656,0
2016-09-08,22.327,22.573,22.327,22.527,98862,0
2016-09-09,22.265,22.297,21.927,21.965,25036,0
2016-09-12,21.651,21.993,21.476,21.879,31809,0
2016-09-13,21.403,21.404,21.072,21.134,29014,0
2016-09-14,21.043,21.462,21.043,21.109,33589,0
2016-09-15,21.262,21.281,20.9,20.9,32307,0
2016-09-16,20.891,21.148,20.824,21.148,71954,0
2016-09-19,21.452,21.462,21.291,21.358,11181,0
2016-09-20,21.309,21.452,21.243,21.299,28297,0
2016-09-21,21.462,21.727,21.451,21.727,28163,0
2016-09-22,21.852,22.109,21.852,22.079,75430,0
2016-09-23,22.126,22.126,21.879,21.918,140347,0
2016-09-26,21.842,22.032,21.737,21.813,19592,0
2016-09-27,21.424,21.716,21.424,21.603,62196,0
2016-09-28,21.537,22.194,21.484,22.194,25022,0
2016-09-29,22.194,22.345,21.956,22.098,92881,0
2016-09-30,22.155,22.278,22.034,22.201,120474,0
2016-10-03,22.194,22.194,21.989,22.007,8921,0
2016-10-04,21.974,21.974,21.593,21.669,63220,0
2016-10-05,22.022,22.022,21.826,21.87,111909,0
2016-10-06,21.898,21.898,21.607,21.69,29517,0
2016-10-07,21.746,21.798,21.613,21.642,67866,0
2016-10-10,22.003,22.04,22.003,22.04,3683,0
2016-10-11,21.993,21.993,21.605,21.784,32865,0
2016-10-12,21.737,21.776,21.661,21.731,22343,0
2016-10-13,21.462,21.827,21.462,21.703,12869,0
2016-10-14,21.865,21.87,21.605,21.717,65405,0
2016-10-17,21.623,21.699,21.576,21.699,31665,0
2016-10-18,21.86,21.86,21.753,21.842,7924,0
2016-10-19,22.05,22.251,21.969,22.099,22057,0
2016-10-20,22.003,22.117,21.937,22.067,21437,0
2016-10-21,22.099,22.099,21.932,22.06,16362,0
2016-10-24,22.201,22.201,21.87,22.032,10190,0
2016-10-25,21.922,21.922,21.671,21.671,70329,0
2016-10-26,21.651,21.736,21.438,21.661,58045,0
2016-10-27,21.793,21.908,21.588,21.588,13289,0
2016-10-28,21.642,21.661,21.3,21.328,51755,0
2016-10-31,21.158,21.303,21.062,21.158,36726,0
2016-11-01,21.49,21.49,20.935,21.006,38492,0
2016-11-02,20.977,20.977,20.387,20.74,26079,0
2016-11-03,20.797,20.797,20.464,20.483,88103,0
2016-11-04,20.522,20.549,20.359,20.388,332345,0
2016-11-07,20.464,20.701,20.464,20.682,55708,0
2016-11-08,20.758,20.967,20.74,20.748,67894,0
2016-11-09,21.309,21.547,21.129,21.5,54073,0
2016-11-10,21.727,21.808,21.528,21.613,103566,0
2016-11-11,21.537,21.537,20.996,21.307,418243,0
2016-11-14,21.385,21.547,21.148,21.48,41698,0
2016-11-15,21.681,21.898,21.654,21.823,63227,0
2016-11-16,21.852,21.852,21.509,21.585,312534,0
2016-11-17,21.927,21.927,21.566,21.69,418407,0
2016-11-18,21.832,21.918,21.605,21.918,101426,0
2016-11-21,21.854,22.256,21.854,22.206,334016,0
2016-11-22,22.113,22.363,21.828,22.037,219742,0
2016-11-23,22.109,22.109,21.832,22.023,84814,0
2016-11-25,22.153,22.153,21.74,21.836,15498,0
2016-11-28,21.836,21.846,21.403,21.816,356058,0
2016-11-29,21.355,21.373,20.873,21.22,121345,0
2016-11-30,21.759,22.103,21.759,21.893,41818,0
2016-12-01,22.337,22.337,21.326,21.499,287870,0
2016-12-02,21.432,21.787,21.383,21.566,121566,0
2016-12-05,21.537,21.677,21.422,21.518,119843,0
2016-12-06,21.344,21.556,21.334,21.527,35742,0
2016-12-07,21.595,21.711,21.409,21.711,139622,0
2016-12-08,21.724,21.846,21.595,21.815,188453,0
2016-12-09,21.99,21.999,21.728,21.733,61939,0
2016-12-12,22.009,22.172,21.672,21.711,134669,0
2016-12-13,21.893,22.009,21.778,21.99,269815,0
2016-12-14,21.816,21.854,21.585,21.614,232818,0
2016-12-15,21.556,21.846,21.104,21.784,106656,0
2016-12-16,21.864,22.115,21.796,22.115,75044,0
2016-12-19,22.133,22.2,22.034,22.115,36024,0
2016-12-20,22.24,22.341,22.183,22.26,165989,0
2016-12-21,22.25,22.5,22.25,22.48,106946,0
2016-12-22,22.384,22.865,22.384,22.741,166236,0
2016-12-23,22.701,22.914,22.624,22.827,161250,0
2016-12-27,22.847,22.991,22.842,22.894,96677,0
2016-12-28,22.837,22.981,22.629,22.654,111809,0
2016-12-29,22.643,22.77,22.547,22.615,115072,0
2016-12-30,22.904,22.904,22.5,22.674,150134,0
2017-01-03,23,23.02,22.684,22.865,79562,0
2017-01-04,23.011,23.048,22.577,23.02,43061,0
2017-01-05,23.02,23.848,22.914,23.183,59986,0
2017-01-06,23.183,23.27,23.078,23.232,190428,0
2017-01-09,22.981,23.135,22.917,22.952,113550,0
2017-01-10,22.847,22.924,22.51,22.557,88555,0
2017-01-11,22.567,22.808,22.461,22.798,118821,0
2017-01-12,22.818,22.87,22.624,22.721,164315,0
2017-01-13,22.736,22.865,22.716,22.77,84581,0
2017-01-17,22.818,23.001,22.818,22.934,30613,0
2017-01-18,22.751,22.865,22.607,22.684,129412,0
2017-01-19,22.798,22.798,22.404,22.413,176269,0
2017-01-20,22.597,22.77,22.471,22.471,43839,0
2017-01-23,22.529,22.654,22.384,22.547,103457,0
2017-01-24,22.827,23.125,22.799,23.097,76995,0
2017-01-25,23.14,23.461,23.14,23.415,91300,0
2017-01-26,23.674,23.74,23.559,23.713,76085,0
2017-01-27,23.371,23.597,23.285,23.587,40421,0
2017-01-30,23.097,23.17,22.894,23.078,98798,0
2017-01-31,22.924,23.222,22.798,23.222,32343,0
2017-02-01,23.472,24.078,23.289,24.078,107116,0
2017-02-02,24.078,24.078,23.336,23.694,73978,0
2017-02-03,23.781,24.078,23.781,23.963,49050,0
2017-02-06,23.925,23.925,23.718,23.886,202214,0
2017-02-07,23.694,23.876,23.434,23.53,71847,0
2017-02-08,23.616,23.713,23.338,23.607,110081,0
2017-02-09,23.838,24.763,23.525,24.763,60058,0
2017-02-10,24.262,24.262,23.665,23.684,46521,0
2017-02-13,23.876,24.195,23.568,23.771,86035,0
2017-02-14,23.866,24.756,23.607,23.915,163866,0
2017-02-15,24.098,24.16,23.866,23.944,14762,0
2017-02-16,24.127,24.165,23.646,23.694,23408,0
2017-02-17,23.848,23.848,23.44,23.616,22214,0
2017-02-21,23.906,23.906,23.694,23.875,18858,0
2017-02-22,23.858,23.858,23.405,23.444,46168,0
2017-02-23,23.732,23.747,23.28,23.424,26239,0
2017-02-24,23.299,23.439,23.078,23.179,43759,0
2017-02-27,23.071,23.324,23.071,23.305,45345,0
2017-02-28,23.382,23.861,23.27,23.354,29505,0
2017-03-01,23.511,23.743,23.498,23.626,59718,0
2017-03-02,23.587,23.685,23.389,23.519,34307,0
2017-03-03,23.324,23.733,23.324,23.45,29941,0
2017-03-06,23.314,23.743,23.314,23.529,157219,0
2017-03-07,23.49,23.695,23.49,23.615,30009,0
2017-03-08,23.5,23.607,23.104,23.198,42586,0
2017-03-09,23.237,23.237,22.652,23.041,63713,0
2017-03-10,23.139,23.193,22.842,22.949,39214,0
2017-03-13,23.071,23.071,22.905,23.051,195474,0
2017-03-14,22.71,22.798,22.457,22.7,60835,0
2017-03-15,22.788,23.149,22.769,23.095,64808,0
2017-03-16,22.921,23.039,22.895,22.993,63458,0
2017-03-17,22.963,22.983,22.769,22.808,79083,0
2017-03-20,22.973,22.973,22.589,22.745,25230,0
2017-03-21,22.787,22.787,22.367,22.584,76514,0
2017-03-22,22.369,22.584,22.369,22.564,228479,0
2017-03-23,22.526,22.808,22.526,22.613,29695,0
2017-03-24,22.545,22.847,22.535,22.75,32905,0
2017-03-27,22.71,22.71,22.496,22.622,31735,0
2017-03-28,22.486,22.769,22.486,22.728,81987,0
2017-03-29,22.935,23.129,22.74,23.051,59219,0
2017-03-30,23.003,23.119,22.799,22.963,163473,0
2017-03-31,22.915,23.241,22.915,23.227,22578,0
2017-04-03,23.246,23.246,22.983,23.237,30835,0
2017-04-04,23.11,23.295,22.973,23.295,73021,0
2017-04-05,23.382,23.553,23.237,23.237,9362,0
2017-04-06,23.149,23.455,23.149,23.365,8862,0
2017-04-07,23.541,23.541,23.305,23.441,37850,0
2017-04-10,23.441,23.529,23.305,23.305,69604,0
2017-04-11,23.51,23.519,23.188,23.198,107721,0
2017-04-12,23.129,23.309,23.061,23.237,55389,0
2017-04-13,23.179,23.201,22.935,22.935,23227,0
2017-04-17,23.031,23.07,22.886,22.935,29803,0
2017-04-18,22.935,23.086,22.886,22.963,50579,0
2017-04-19,22.986,22.993,22.808,22.859,16562,0
2017-04-20,22.808,22.971,22.808,22.808,43462,0
2017-04-21,22.71,22.818,22.652,22.745,11000,0
2017-04-24,22.925,22.963,22.895,22.895,6652,0
2017-04-25,22.785,23.207,22.785,23.206,40643,0
2017-04-26,23.237,23.285,23.134,23.139,23219,0
2017-04-27,22.847,23.04,22.816,22.872,29925,0
2017-04-28,23.119,23.119,22.827,22.983,67355,0
2017-05-01,22.895,22.972,22.593,22.92,21856,0
2017-05-02,22.983,23.003,22.806,22.876,94133,0
2017-05-03,23.396,23.396,22.545,22.662,42927,0
2017-05-04,22.399,22.399,21.938,21.95,25090,0
2017-05-05,22.107,22.516,22.107,22.486,112175,0
2017-05-08,22.477,22.604,22.355,22.574,42048,0
2017-05-09,22.545,22.545,22.179,22.291,46753,0
2017-05-10,22.554,22.632,22.399,22.622,31115,0
2017-05-11,22.496,22.577,22.435,22.477,50333,0
2017-05-12,22.35,22.613,22.35,22.604,46543,0
2017-05-15,22.44,22.837,22.44,22.672,222450,0
2017-05-16,22.613,22.73,22.506,22.506,48780,0
2017-05-17,22.652,22.652,22.185,22.185,47559,0
2017-05-18,21.999,22.175,21.96,22.116,106485,0
2017-05-19,22.291,22.632,22.126,22.477,29967,0
2017-05-22,22.506,22.652,22.453,22.604,32005,0
2017-05-23,22.652,22.73,22.604,22.691,130663,0
2017-05-24,22.742,22.84,22.545,22.643,54551,0
2017-05-25,22.357,22.752,22.278,22.397,74127,0
2017-05-26,22.476,22.476,22.209,22.347,231718,0
2017-05-30,22.14,22.14,21.835,21.904,88336,0
2017-05-31,21.805,21.874,21.629,21.805,21157,0
2017-06-01,21.933,22.021,21.874,21.884,19398,0
2017-06-02,21.864,21.914,21.766,21.785,61110,0
2017-06-05,21.795,21.884,21.772,21.815,63688,0
2017-06-06,21.805,21.992,21.657,21.951,61896,0
2017-06-07,21.943,22.032,21.548,21.608,69791,0
2017-06-08,21.598,21.598,21.391,21.44,64430,0
2017-06-09,21.539,21.687,21.46,21.638,51263,0
2017-06-12,21.825,21.825,21.509,21.638,49397,0
2017-06-13,21.766,21.766,21.539,21.578,116065,0
2017-06-14,21.667,21.677,21.174,21.175,69916,0
2017-06-15,21.056,21.253,20.939,21.026,64799,0
2017-06-16,21.095,21.401,21.036,21.401,72949,0
2017-06-19,21.46,21.46,21.155,21.233,49853,0
2017-06-20,20.997,20.997,20.543,20.642,99549,0
2017-06-21,20.593,20.849,20.534,20.612,79871,0
2017-06-22,20.652,20.809,20.608,20.76,67228,0
2017-06-23,20.819,21.204,20.819,21.184,46178,0
2017-06-26,21.371,21.549,21.204,21.549,32733,0
2017-06-27,21.697,21.697,21.362,21.411,62125,0
2017-06-28,21.549,21.825,21.549,21.736,113315,0
2017-06-29,21.864,21.973,21.742,21.854,43329,0
2017-06-30,21.943,22.037,21.894,21.973,22927,0
2017-07-03,22.032,22.318,21.677,22.318,5748,0
2017-07-05,22.239,22.239,21.949,22.002,15856,0
2017-07-06,22.229,22.229,21.884,21.973,31710,0
2017-07-07,21.914,22.061,21.707,22.042,25384,0
2017-07-10,21.864,21.976,21.864,21.923,16437,0
2017-07-11,21.874,21.923,21.815,21.868,11700,0
2017-07-12,22.15,22.2,22.002,22.16,32201,0
2017-07-13,22.19,22.19,22.011,22.16,24807,0
2017-07-14,22.308,22.398,22.19,22.398,26370,0
2017-07-17,22.397,22.574,22.357,22.387,67871,0
2017-07-18,22.5,22.514,22.363,22.485,77236,0
2017-07-19,22.456,22.518,22.407,22.515,6496,0
2017-07-20,22.623,22.623,22.387,22.416,115433,0
2017-07-21,22.342,22.347,22.215,22.229,15029,0
2017-07-24,22.278,22.338,22.177,22.328,35408,0
2017-07-25,22.535,22.535,22.377,22.466,30456,0
2017-07-26,22.643,22.643,22.377,22.446,100546,0
2017-07-27,22.614,22.614,22.314,22.426,46460,0
2017-07-28,22.407,22.524,22.407,22.421,11696,0
2017-07-31,22.366,22.515,22.288,22.476,8144,0
2017-08-01,22.485,22.643,22.466,22.535,86695,0
2017-08-02,22.448,22.534,22.416,22.515,92492,0
2017-08-03,22.564,22.564,22.193,22.193,73782,0
2017-08-04,22.19,22.233,22.052,22.091,62396,0
2017-08-07,22.11,22.121,21.904,21.983,33652,0
2017-08-08,21.766,21.766,21.105,21.243,220343,0
2017-08-09,21.243,21.618,21.243,21.421,66517,0
2017-08-10,21.44,21.509,21.148,21.164,47489,0
2017-08-11,21.194,21.194,20.967,20.977,99319,0
2017-08-14,21.224,21.232,21.058,21.079,8757,0
2017-08-15,20.829,20.839,20.593,20.721,37715,0
2017-08-16,20.948,20.948,20.442,20.553,28140,0
2017-08-17,20.75,20.75,20.444,20.455,60306,0
2017-08-18,20.297,20.48,20.258,20.415,51604,0
2017-08-21,20.336,20.386,20.1,20.149,166493,0
2017-08-22,20.267,20.534,20.258,20.504,13048,0
2017-08-23,20.336,20.819,20.336,20.78,26204,0
2017-08-24,20.79,20.892,20.67,20.76,50809,0
2017-08-25,20.75,20.909,20.75,20.8312,21065,0
2017-08-28,20.9,20.92,20.6,20.63,150327,0
2017-08-29,20.53,20.72,20.47,20.72,114758,0
2017-08-30,20.85,20.89,20.66,20.89,211348,0
2017-08-31,20.95,21.2716,20.88,21.26,86564,0
2017-09-01,21.42,21.4522,21.2877,21.4522,105787,0
2017-09-05,21.526,21.5399,21.2829,21.33,9161,0
2017-09-06,21.5,21.5,21.358,21.43,24942,0
2017-09-07,21.43,21.465,21.26,21.44,49345,0
2017-09-08,21.26,21.4,21.1801,21.25,49179,0
2017-09-11,21.44,21.515,21.38,21.45,41860,0
2017-09-12,21.44,21.49,21.39,21.43,340608,0
2017-09-13,21.769,21.769,21.47,21.58,54265,0
2017-09-14,21.7,21.7,21.565,21.6258,22558,0
2017-09-15,21.52,21.52,21.4656,21.48,5266,0
2017-09-18,21.52,21.595,21.4822,21.55,95742,0
2017-09-19,21.4533,21.56,21.41,21.445,190758,0
2017-09-20,21.47,21.57,21.38,21.41,12325,0
2017-09-21,21.31,21.31,21.1,21.2,23008,0
2017-09-22,21.26,21.26,21.04,21.16,32549,0
2017-09-25,21.4,21.65,21.3583,21.6,24455,0
2017-09-26,21.44,21.62,21.398,21.55,13024,0
2017-09-27,21.57,21.57,21.268,21.31,23736,0
2017-09-28,21.22,21.436,21.22,21.2901,65962,0
2017-09-29,21.15,21.5,21.15,21.37,52732,0
2017-10-02,21.32,21.44,21.32,21.42,12418,0
2017-10-03,21.73,21.73,21.3827,21.45,46312,0
2017-10-04,21.6,21.6,21.382,21.415,18005,0
2017-10-05,21.37,21.68,21.37,21.67,31547,0
2017-10-06,21.63,21.64,21.47,21.63,9662,0
2017-10-09,21.44,21.65,21.44,21.55,6424,0
2017-10-10,21.66,21.66,21.52,21.58,23710,0
2017-10-11,21.5,21.7,21.5,21.69,149327,0
2017-10-12,21.37,21.6237,21.37,21.53,9991,0
2017-10-13,21.76,21.76,21.3201,21.35,37238,0
2017-10-16,21.3385,21.36,21.23,21.24,21081,0
2017-10-17,21.21,21.215,21.07,21.17,39531,0
2017-10-18,21.11,21.11,20.7602,20.839,22144,0
2017-10-19,20.58,20.84,20.58,20.818,131198,0
2017-10-20,20.82,20.849,20.64,20.64,39729,0
2017-10-23,20.64,20.64,20.311,20.365,61760,0
2017-10-24,20.35,20.39,20.12,20.25,61970,0
2017-10-25,20.4,20.4,19.654,19.73,43660,0
2017-10-26,19.8896,20.049,19.665,20.035,16237,0
2017-10-27,20.2,20.41,20.07,20.41,40187,0
2017-10-30,20.67,20.7425,20.45,20.45,31857,0
2017-10-31,20.4671,20.57,20.408,20.552,20509,0
2017-11-01,20.845,20.849,20.7419,20.82,67353,0
2017-11-02,20.64,20.8,20.21,20.43,28520,0
2017-11-03,20.355,20.58,20.32,20.4606,24655,0
2017-11-06,20.53,20.82,20.518,20.75,130754,0
2017-11-07,20.87,21,20.87,20.96,15061,0
2017-11-08,20.7,20.9,20.63,20.72,54033,0
2017-11-09,20.63,20.7998,20.57,20.5982,68478,0
2017-11-10,20.49,20.7349,20.45,20.55,105701,0
