Date,Open,High,Low,Close,Volume,OpenInt
2011-10-25,43.617,43.771,43.617,43.72,4029,0
2011-10-26,43.951,43.951,43.753,43.753,817,0
2011-10-27,43.489,45.253,43.489,45.125,3827,0
2011-10-28,44.69,44.808,44.69,44.808,3657,0
2011-10-31,43.651,43.72,43.593,43.711,2537,0
2011-11-01,42.436,42.564,42.436,42.564,7744,0
2011-11-03,43.489,43.489,43.489,43.489,115,0
2011-11-04,44.046,44.046,42.788,43.18,584,0
2011-11-07,43.367,43.386,43.367,43.386,934,0
2011-11-08,43.926,43.926,43.926,43.926,115,0
2011-11-09,42.401,43.293,41.921,41.921,1808,0
2011-11-10,42.487,42.812,42.487,42.812,701,0
2011-11-11,43.489,43.489,43.344,43.429,2723,0
2011-11-14,42.709,42.734,42.709,42.734,1131,0
2011-11-15,42.949,43.026,42.838,43.026,468,0
2011-11-16,42.76,42.76,42.76,42.76,934,0
2011-11-17,42.282,42.282,41.707,41.707,470,0
2011-11-18,42.179,42.401,42.179,42.297,1868,0
2011-11-21,41.536,41.595,41.458,41.595,2004,0
2011-11-22,41.682,41.801,41.595,41.663,1167,0
2011-11-23,40.748,40.748,40.748,40.748,233,0
2011-11-25,40.687,40.687,40.687,40.687,121,0
2011-11-28,41.578,41.578,41.27,41.27,3556,0
2011-11-29,41.434,41.518,41.262,41.262,1287,0
2011-11-30,42.94,43.069,42.94,42.983,1330,0
2011-12-01,42.545,42.589,42.496,42.496,1051,0
2011-12-05,42.702,42.702,42.136,42.136,4601,0
2011-12-06,42.144,42.16,42.144,42.16,573,0
2011-12-07,42.417,42.845,42.417,42.444,1343,0
2011-12-09,42.273,42.564,42.273,42.564,2572,0
2011-12-13,42.033,46.247,41.725,42.025,39777,0
2011-12-14,42.126,42.282,41.632,41.707,9791,0
2011-12-15,42.101,42.187,42.007,42.007,4087,0
2011-12-16,42.153,42.153,41.783,41.791,3364,0
2011-12-19,41.947,41.947,41.526,41.526,24471,0
2011-12-21,42.033,42.246,41.897,42.239,3423,0
2011-12-22,42.246,42.368,42.195,42.368,3765,0
2011-12-23,42.496,42.83,42.341,42.453,21330,0
2011-12-27,42.674,42.674,42.554,42.666,17610,0
2011-12-28,42.624,42.624,41.974,42.203,13103,0
2011-12-29,42.436,42.683,42.417,42.641,4446,0
2011-12-30,42.831,43.063,42.822,43.02,5568,0
2012-01-03,44.072,44.072,43.617,43.617,5073,0
2012-01-04,43.267,43.822,43.18,43.18,1897,0
2012-01-05,43.088,43.088,42.477,42.615,490,0
2012-01-09,42.503,42.606,42.453,42.606,7912,0
2012-01-10,43.051,43.088,42.958,42.958,25608,0
2012-01-11,42.496,42.788,42.496,42.788,7397,0
2012-01-12,42.606,42.743,42.606,42.743,5412,0
2012-01-13,42.306,42.306,42.153,42.179,15102,0
2012-01-17,42.341,42.674,42.341,42.469,9716,0
2012-01-18,42.812,42.898,42.624,42.872,3854,0
2012-01-19,43.008,43.026,42.889,42.967,2058,0
2012-01-20,42.898,42.915,42.898,42.915,701,0
2012-01-23,43.088,43.138,42.975,43.138,3366,0
2012-01-24,42.658,42.889,42.582,42.788,12089,0
2012-01-25,42.391,43.069,42.306,43.069,2819,0
2012-01-26,43.267,43.267,43.111,43.145,2042,0
2012-01-31,42.891,43.091,41.399,43.091,16456,0
2012-02-01,43.489,43.685,43.437,43.48,5840,0
2012-02-02,43.206,43.267,42.821,43.206,59604,0
2012-02-03,43.813,44.104,43.771,44.104,3410,0
2012-02-06,43.72,43.867,43.6,43.867,8728,0
2012-02-07,44.379,44.559,44.251,44.251,5331,0
2012-02-08,45.107,45.107,44.285,44.347,31824,0
2012-02-09,44.447,44.447,44.302,44.405,2375,0
2012-02-10,43.943,43.943,43.771,43.771,13437,0
2012-02-13,44.311,44.353,44.199,44.328,6313,0
2012-02-14,43.986,43.986,43.685,43.831,10695,0
2012-02-15,44.019,44.019,43.917,43.917,701,0
2012-02-16,44.104,44.294,44.104,44.251,2452,0
2012-02-17,44.415,44.415,44.174,44.174,1286,0
2012-02-21,44.233,44.294,43.813,44.046,26723,0
2012-02-22,44.114,44.302,44.096,44.199,1286,0
2012-02-23,44.302,44.423,44.302,44.423,817,0
2012-02-24,44.627,44.774,44.551,44.774,4021,0
2012-02-27,44.027,44.397,44.027,44.277,4424,0
2012-02-28,44.543,44.585,44.525,44.525,2826,0
2012-02-29,44.58,44.737,44.58,44.737,759,0
2012-03-01,45.417,45.417,44.559,44.947,7028,0
2012-03-02,44.551,44.551,44.353,44.389,4149,0
2012-03-05,44.37,44.423,44.319,44.405,1268,0
2012-03-06,43.72,43.72,43.336,43.548,3035,0
2012-03-07,43.917,43.917,43.883,43.883,414,0
2012-03-08,44.491,44.566,44.456,44.543,54430,0
2012-03-09,44.379,44.379,44.379,44.379,225,0
2012-03-12,44.268,44.319,44.233,44.319,1017,0
2012-03-13,44.551,44.595,44.217,44.595,2034,0
2012-03-14,44.122,44.122,44.027,44.027,817,0
2012-03-15,44.302,44.704,44.302,44.415,12970,0
2012-03-16,44.627,44.627,44.551,44.551,906,0
2012-03-19,44.543,44.748,44.543,44.722,8220,0
2012-03-20,44.475,44.491,44.475,44.491,350,0
2012-03-21,44.447,44.566,44.447,44.499,1807,0
2012-03-22,44.483,44.517,44.447,44.517,1199,0
2012-03-23,44.712,44.712,44.671,44.671,1223,0
2012-03-26,45.074,45.125,45.074,45.125,771,0
2012-03-27,45.074,45.099,45.031,45.031,5982,0
2012-03-28,44.886,44.886,44.636,44.799,5399,0
2012-03-29,44.575,44.619,44.575,44.595,89541,0
2012-03-30,44.927,44.953,44.918,44.953,468,0
2012-04-02,45.031,45.553,45.031,45.51,2681,0
2012-04-03,45.28,45.28,44.722,44.808,6843,0
2012-04-04,44.243,44.243,43.96,44.062,4807,0
2012-04-05,43.968,44.019,43.78,43.917,39571,0
2012-04-09,43.685,43.898,43.634,43.771,3008,0
2012-04-10,44.122,44.122,43.257,43.336,8308,0
2012-04-11,44.174,44.251,43.831,43.848,1488,0
2012-04-12,43.875,44.37,43.875,44.37,823,0
2012-04-13,43.917,43.917,43.695,43.806,7260,0
2012-04-16,44.027,44.294,43.943,44.243,31384,0
2012-04-17,44.525,44.748,44.525,44.748,389,0
2012-04-18,44.379,44.517,44.379,44.491,6184,0
2012-04-19,44.328,44.389,44.148,44.259,2335,0
2012-04-20,44.585,44.681,44.585,44.681,817,0
2012-04-23,43.96,44.096,43.926,44.096,3463,0
2012-04-24,44.08,44.499,44.08,44.456,13309,0
2012-04-25,44.645,44.757,44.627,44.627,4449,0
2012-04-26,44.781,44.877,44.781,44.877,2981,0
2012-04-27,44.842,45.066,44.842,45.066,6923,0
2012-04-30,44.876,44.885,44.798,44.858,3391,0
2012-05-01,45.134,45.399,45.013,45.253,22708,0
2012-05-02,45.399,45.399,44.748,45.039,23761,0
2012-05-03,44.979,45.228,44.645,44.645,4304,0
2012-05-04,44.543,45.28,44.226,44.226,13582,0
2012-05-07,44.338,44.645,44.338,44.611,3952,0
2012-05-08,44.019,44.217,43.96,44.217,252211,0
2012-05-09,43.711,44.122,43.711,43.926,19179,0
2012-05-10,43.968,44.096,43.968,44.046,14665,0
2012-05-11,43.857,44.141,43.661,43.678,13972,0
2012-05-14,43.514,43.514,43.249,43.275,13703,0
2012-05-15,43.249,43.293,42.863,43.043,304797,0
2012-05-16,43.267,45.031,42.666,42.958,18969,0
2012-05-17,42.153,42.391,41.955,42.058,18475,0
2012-05-18,42.17,42.212,41.981,41.981,3594,0
2012-05-21,42.316,42.487,42.316,42.417,46355,0
2012-05-22,42.702,42.702,41.921,41.974,29218,0
2012-05-23,41.974,41.974,40.979,41.842,33715,0
2012-05-24,41.836,41.836,41.526,41.699,111739,0
2012-05-25,41.947,41.947,41.673,41.673,13562,0
2012-05-29,42.297,42.297,41.707,41.749,6698,0
2012-05-30,41.365,41.389,41.099,41.159,9060,0
2012-05-31,41.39,41.637,41.322,41.505,53021,0
2012-06-01,41.108,41.193,40.85,41.022,41093,0
2012-06-04,41.09,41.441,41.09,41.389,32545,0
2012-06-05,41.037,41.599,41.037,41.59,33414,0
2012-06-06,41.581,42.181,41.581,42.181,30832,0
2012-06-07,42.205,42.267,41.973,41.973,8251,0
2012-06-08,41.756,42.118,41.756,42.094,20330,0
2012-06-11,42.17,42.17,41.707,41.707,10543,0
2012-06-12,42.025,42.401,42.025,42.401,13578,0
2012-06-13,42.239,42.401,42.016,42.153,13499,0
2012-06-14,42.409,42.417,42.058,42.417,16300,0
2012-06-15,42.543,42.822,42.45,42.822,10435,0
2012-06-18,42.649,42.794,42.641,42.658,6261,0
2012-06-19,43.685,43.685,43.164,43.367,9261,0
2012-06-20,43.463,44.595,43.293,43.377,51150,0
2012-06-21,43.376,43.376,42.509,42.509,5793,0
2012-06-22,42.493,42.847,42.493,42.847,1785,0
2012-06-25,42.813,42.813,42.285,42.441,8953,0
2012-06-26,42.725,43.063,42.725,43.039,13075,0
2012-06-27,43.246,43.42,43.237,43.42,12933,0
2012-06-28,43.334,43.453,43.063,43.453,12341,0
2012-06-29,44.33,44.502,44.251,44.502,6832,0
2012-07-02,44.486,44.867,44.339,44.59,28543,0
2012-07-03,44.693,44.918,44.693,44.918,640,0
2012-07-05,44.624,44.624,44.198,44.407,10351,0
2012-07-06,44.173,44.173,43.22,44,9512,0
2012-07-09,44.198,44.468,42.709,44.208,16265,0
2012-07-10,44.355,44.355,43.913,44.044,6913,0
2012-07-11,44.32,44.32,44.208,44.233,12121,0
2012-07-12,43.974,44.233,43.862,44.122,18432,0
2012-07-13,44.32,44.58,44.32,44.468,15556,0
2012-07-16,44.32,44.547,44.277,44.521,10964,0
2012-07-17,44.521,44.719,44.397,44.631,9443,0
2012-07-18,44.687,45.022,44.687,45.022,3839,0
2012-07-19,45.369,45.577,44.97,45.343,30070,0
2012-07-20,45.351,45.351,44.449,44.58,34651,0
2012-07-23,44.59,45.187,43.774,44.19,160274,0
2012-07-24,44.198,44.198,43.584,43.808,8981,0
2012-07-25,43.974,44.156,43.888,44.052,14470,0
2012-07-26,44.83,44.979,44.771,44.97,9131,0
2012-07-27,44.97,45.404,44.953,45.395,7951,0
2012-07-30,45.197,45.335,44.97,45.005,50618,0
2012-07-31,45.274,45.351,45.031,45.083,50144,0
2012-08-01,45.673,45.673,45.153,45.299,26893,0
2012-08-02,45.351,45.351,44.493,45.005,28295,0
2012-08-03,45.984,45.984,45.569,45.829,13330,0
2012-08-06,46.496,46.496,45.673,45.829,27877,0
2012-08-07,46.296,46.954,45.899,45.899,49798,0
2012-08-08,46.097,46.097,45.785,46.053,11551,0
2012-08-09,46.149,46.202,45.872,45.984,19808,0
2012-08-10,46.202,46.202,45.714,45.899,24420,0
2012-08-13,46.115,46.115,45.829,45.942,45217,0
2012-08-14,46.261,46.314,46.157,46.157,11504,0
2012-08-15,46.27,46.331,46.115,46.123,25570,0
2012-08-16,46.149,46.409,46.045,46.304,13900,0
2012-08-17,46.323,46.323,46.036,46.157,14502,0
2012-08-20,46.218,46.296,46.115,46.227,15186,0
2012-08-21,46.347,46.599,45.959,46.304,27028,0
2012-08-22,46.401,46.401,45.95,46.287,17799,0
2012-08-23,46.253,46.331,46.088,46.184,29759,0
2012-08-24,46.071,46.374,45.984,46.227,23822,0
2012-08-27,46.227,46.245,46.062,46.21,21226,0
2012-08-28,46.34,46.34,46.071,46.131,11003,0
2012-08-29,46.323,46.323,46.115,46.184,14491,0
2012-08-30,46.165,46.165,45.811,45.942,19554,0
2012-08-31,46.227,46.409,46.105,46.331,18828,0
2012-09-04,45.69,45.975,45.69,45.899,13015,0
2012-09-05,45.975,46.019,45.872,46.019,22294,0
2012-09-06,46.374,46.661,46.193,46.616,34652,0
2012-09-07,46.824,46.824,46.444,46.444,92003,0
2012-09-10,46.365,46.53,46.331,46.347,52549,0
2012-09-11,46.625,46.852,46.625,46.791,12460,0
2012-09-12,46.973,47.023,46.844,46.937,11894,0
2012-09-13,47.094,47.76,46.954,47.587,63421,0
2012-09-14,47.82,47.82,47.268,47.422,116347,0
2012-09-17,47.268,47.412,47.119,47.119,28965,0
2012-09-18,47.214,47.344,47.103,47.249,4353,0
2012-09-19,47.527,47.553,47.206,47.475,22453,0
2012-09-20,47.527,47.527,47.31,47.457,11942,0
2012-09-21,47.838,47.848,47.561,47.62,29065,0
2012-09-24,47.467,47.612,47.353,47.579,34012,0
2012-09-25,47.777,47.959,47.492,47.492,14875,0
2012-09-26,47.518,47.543,47.31,47.422,40614,0
2012-09-27,47.63,48.071,47.63,47.881,100034,0
2012-09-28,48.081,48.081,47.214,47.283,222584,0
2012-10-01,47.579,47.881,47.344,47.431,138132,0
2012-10-02,47.727,47.736,47.389,47.457,42852,0
2012-10-03,47.5,47.5,47.31,47.344,10037,0
2012-10-04,47.537,47.76,47.537,47.674,63431,0
2012-10-05,47.996,48.071,47.597,47.606,35891,0
2012-10-08,47.467,47.543,47.389,47.527,37947,0
2012-10-09,47.268,47.283,46.852,46.852,79328,0
2012-10-10,46.903,46.989,46.773,46.852,35406,0
2012-10-11,47.24,47.24,46.876,46.876,17947,0
2012-10-12,47.067,47.198,46.903,47.05,477226,0
2012-10-15,47.18,47.31,47.05,47.224,14916,0
2012-10-16,47.518,47.787,47.518,47.787,21105,0
2012-10-17,47.9,48.047,47.872,47.926,263852,0
2012-10-18,47.691,47.89,47.57,47.62,20988,0
2012-10-19,47.707,47.707,47.145,47.206,48592,0
2012-10-22,47.449,47.457,47.137,47.214,20441,0
2012-10-23,46.824,46.867,46.634,46.799,65315,0
2012-10-24,47.043,47.119,46.867,46.867,38399,0
2012-10-25,47.37,47.449,47.119,47.153,12518,0
2012-10-26,47.283,47.283,47.075,47.232,11313,0
2012-10-31,47.666,47.881,47.172,47.24,767332,0
2012-11-01,47.508,47.508,47.275,47.362,52497,0
2012-11-02,47.431,47.431,46.903,47.043,57523,0
2012-11-05,47.05,47.094,46.867,46.954,96063,0
2012-11-06,47.172,47.353,47.094,47.318,26730,0
2012-11-07,46.963,47.075,46.331,46.782,515147,0
2012-11-08,46.738,46.844,46.478,46.512,18923,0
2012-11-09,46.356,46.728,46.34,46.444,28275,0
2012-11-12,46.356,46.478,46.331,46.416,26211,0
2012-11-13,46.253,46.46,46.202,46.28,32368,0
2012-11-14,46.425,46.425,45.759,45.759,18397,0
2012-11-15,45.872,45.88,45.664,45.846,23684,0
2012-11-16,45.75,45.759,45.369,45.724,26776,0
2012-11-19,46.202,46.434,46.202,46.392,69915,0
2012-11-20,46.34,46.365,46.036,46.304,65896,0
2012-11-21,46.34,46.504,46.296,46.444,27942,0
2012-11-23,46.885,47.058,46.885,47.033,6942,0
2012-11-26,46.937,47.007,46.773,47.007,29319,0
2012-11-27,47.075,47.162,46.937,46.937,40013,0
2012-11-28,46.903,47.353,46.876,47.337,144054,0
2012-11-29,47.518,47.657,47.431,47.62,51642,0
2012-11-30,47.561,47.691,47.457,47.553,85480,0
2012-12-03,47.691,47.805,47.579,47.606,59503,0
2012-12-04,47.83,48.003,47.707,47.76,38847,0
2012-12-05,47.907,48.011,47.751,47.796,35657,0
2012-12-06,47.959,47.959,47.657,47.76,33859,0
2012-12-07,47.666,47.872,47.657,47.82,23862,0
2012-12-10,47.926,47.996,47.89,47.943,26782,0
2012-12-11,48.141,48.22,48.071,48.141,60662,0
2012-12-12,48.195,48.332,48.09,48.09,55126,0
2012-12-13,48.081,48.081,47.579,47.63,45632,0
2012-12-14,47.7,47.986,47.7,47.787,28335,0
2012-12-17,47.691,47.881,47.674,47.805,49658,0
2012-12-18,47.37,47.7,47.337,47.62,147170,0
2012-12-19,47.865,47.865,47.606,47.657,191383,0
2012-12-20,47.7,47.934,47.7,47.872,36873,0
2012-12-21,47.587,47.666,47.475,47.587,82031,0
2012-12-24,47.508,47.657,47.483,47.587,13448,0
2012-12-26,47.63,47.63,47.24,47.431,34883,0
2012-12-27,47.398,47.398,47.094,47.344,33094,0
2012-12-28,47.162,47.189,46.937,46.973,82066,0
2012-12-31,46.903,47.379,46.738,47.379,160662,0
2013-01-02,47.805,47.89,47.606,47.89,154354,0
2013-01-03,47.5,47.76,47.431,47.44,73065,0
2013-01-04,47.362,47.657,47.283,47.587,216101,0
2013-01-07,47.268,47.398,47.137,47.18,757248,0
2013-01-08,47.249,47.268,47.058,47.18,17395,0
2013-01-09,47.327,47.327,47.153,47.232,49347,0
2013-01-10,47.508,47.579,47.457,47.508,184004,0
2013-01-11,47.62,47.681,47.508,47.579,70175,0
2013-01-14,47.657,47.657,47.431,47.553,32605,0
2013-01-15,47.537,47.657,47.449,47.639,10334,0
2013-01-16,47.681,47.777,47.639,47.736,17624,0
2013-01-17,47.796,48.081,47.796,48.047,72040,0
2013-01-18,47.838,47.881,47.62,47.881,155324,0
2013-01-22,47.83,47.934,47.751,47.83,126945,0
2013-01-23,48.071,48.116,47.959,47.986,154417,0
2013-01-24,48.195,48.22,47.917,47.977,320528,0
2013-01-25,48.427,48.427,48.167,48.419,42488,0
2013-01-28,48.281,48.281,48.124,48.22,67480,0
2013-01-29,48.393,48.697,48.393,48.619,66925,0
2013-01-30,48.661,48.827,48.627,48.749,56527,0
2013-01-31,48.764,48.878,48.655,48.669,134247,0
2013-02-01,48.949,49.172,48.949,49.051,277579,0
2013-02-04,48.8,48.852,48.409,48.592,123568,0
2013-02-05,48.896,48.896,48.645,48.704,88168,0
2013-02-06,48.583,48.749,48.481,48.688,87993,0
2013-02-07,48.887,48.949,48.307,48.506,51031,0
2013-02-08,48.809,48.87,48.506,48.757,22632,0
2013-02-11,48.784,48.784,48.619,48.704,29552,0
2013-02-12,48.749,49.009,48.722,48.87,161442,0
2013-02-13,49.286,49.286,48.949,48.982,147421,0
2013-02-14,48.87,48.87,48.679,48.809,109285,0
2013-02-15,48.818,48.896,48.669,48.749,85523,0
2013-02-19,48.791,49.337,48.791,49.303,65679,0
2013-02-20,49.693,49.693,49.138,49.208,98070,0
2013-02-21,49.051,49.051,48.688,48.878,67729,0
2013-02-22,49.286,49.406,49.181,49.389,190071,0
2013-02-25,49.303,49.303,48.471,48.481,98847,0
2013-02-26,48.905,49.146,48.834,48.964,49040,0
2013-02-27,49.111,49.406,48.992,49.329,221466,0
2013-02-28,49.463,49.578,49.269,49.269,90195,0
2013-03-01,49.345,49.494,49.191,49.397,40835,0
2013-03-04,49.562,49.849,49.484,49.823,132682,0
2013-03-05,50.29,50.299,50.153,50.213,158680,0
2013-03-06,50.489,50.489,50.169,50.264,45375,0
2013-03-07,50.517,50.55,50.412,50.448,74357,0
2013-03-08,50.194,50.221,49.962,50.204,37516,0
2013-03-11,50.282,50.456,50.194,50.429,53832,0
2013-03-12,50.517,50.524,50.282,50.324,140051,0
2013-03-13,49.962,50.273,49.918,50.161,65091,0
2013-03-14,50.204,50.74,50.204,50.689,31567,0
2013-03-15,50.977,51.053,50.854,50.922,119717,0
2013-03-18,50.776,51.026,50.689,50.708,44695,0
2013-03-19,51.157,51.227,50.818,51.088,65366,0
2013-03-20,51.296,51.305,51.088,51.157,151476,0
2013-03-21,50.818,51.217,50.818,51.063,87810,0
2013-03-22,51.252,51.531,51.252,51.358,111561,0
2013-03-25,51.59,51.651,51.14,51.305,93952,0
2013-03-26,51.538,51.651,51.495,51.617,82205,0
2013-03-27,51.243,51.521,51.131,51.469,106106,0
2013-03-28,51.712,51.885,51.642,51.798,228533,0
2013-04-01,51.409,51.416,50.967,51.078,347306,0
2013-04-02,51.513,51.729,51.513,51.59,60585,0
2013-04-03,51.86,52.155,51.565,51.633,111191,0
2013-04-04,51.781,51.989,51.651,51.912,124885,0
2013-04-05,51.729,51.729,51.27,51.729,235146,0
2013-04-08,51.738,51.832,51.573,51.824,97062,0
2013-04-09,51.919,51.919,51.469,51.816,135069,0
2013-04-10,52.17,52.335,52.076,52.241,194549,0
2013-04-11,52.362,52.577,52.362,52.422,95534,0
2013-04-12,52.431,52.484,52.196,52.415,73060,0
2013-04-15,52.474,52.474,51.989,51.998,51943,0
2013-04-16,52.396,52.562,52.224,52.526,122473,0
2013-04-17,52.274,52.274,51.685,51.868,84371,0
2013-04-18,52.274,52.274,51.832,51.936,67391,0
2013-04-19,52.111,52.188,51.894,52.023,93548,0
2013-04-22,52.136,52.215,51.86,52.155,76205,0
2013-04-23,52.534,52.673,52.447,52.615,108895,0
2013-04-24,52.882,52.882,52.673,52.761,97609,0
2013-04-25,53.039,53.141,52.907,52.907,73287,0
2013-04-26,53.089,53.159,52.984,53.124,189764,0
2013-04-29,53.375,53.67,53.289,53.583,122627,0
2013-04-30,53.777,53.892,53.672,53.865,325446,0
2013-05-01,54.018,54.018,53.627,53.688,214221,0
2013-05-02,53.714,53.826,53.299,53.714,192618,0
2013-05-03,53.877,54.077,53.799,54.025,199310,0
2013-05-06,53.912,54.008,53.767,53.896,178304,0
2013-05-07,53.722,53.834,53.592,53.729,129091,0
2013-05-08,54.112,54.233,53.896,54.172,142593,0
2013-05-09,53.877,53.99,53.435,53.601,139526,0
2013-05-10,53.42,53.462,53.159,53.462,142003,0
2013-05-13,53.444,53.444,53.133,53.323,59925,0
2013-05-14,53.271,53.435,53.271,53.375,135518,0
2013-05-15,53.375,53.559,53.306,53.559,133657,0
2013-05-16,53.263,53.323,53.072,53.107,69374,0
2013-05-17,53.045,53.193,52.855,53.115,244660,0
2013-05-20,53.203,53.453,53.175,53.444,258795,0
2013-05-21,53.203,53.506,53.039,53.22,544512,0
2013-05-22,53.237,53.522,52.631,52.701,213901,0
2013-05-23,52.006,52.163,51.217,52.126,128447,0
2013-05-24,51.719,51.86,51.487,51.79,101108,0
2013-05-28,52.25,52.256,51.667,51.808,102757,0
2013-05-29,51.484,51.484,51.168,51.28,107003,0
2013-05-30,51.14,51.314,51.063,51.175,121439,0
2013-05-31,50.721,50.745,50.324,50.324,143092,0
2013-06-03,49.823,50.567,49.467,50.42,3153688,0
2013-06-04,50.844,50.844,50.247,50.481,159004,0
2013-06-05,50.184,50.184,49.664,49.664,94962,0
2013-06-06,49.515,50.016,49.437,50.016,228746,0
2013-06-07,50.039,50.438,49.902,50.412,105126,0
2013-06-10,50.508,50.508,50.213,50.42,58001,0
2013-06-11,49.99,50.324,49.886,50.113,242737,0
2013-06-12,50.619,50.889,50.109,50.161,77489,0
2013-06-13,50.264,50.811,50.213,50.731,165796,0
2013-06-14,50.51,50.597,50.121,50.271,80740,0
2013-06-17,51.018,51.381,50.827,51.053,183728,0
2013-06-18,51.22,51.317,51.098,51.141,136911,0
2013-06-19,51.358,51.478,50.377,50.508,135699,0
2013-06-20,49.65,49.658,48.791,48.905,178078,0
2013-06-21,49.524,49.64,48.874,49.42,96237,0
2013-06-24,48.663,49.165,48.392,48.656,559935,0
2013-06-25,49.279,49.393,48.874,49.296,82588,0
2013-06-26,49.612,49.702,49.201,49.48,169338,0
2013-06-27,50.026,50.166,49.99,50.069,282459,0
2013-06-28,50.227,50.481,49.982,50.247,132705,0
2013-07-01,50.51,50.641,50.369,50.501,196671,0
2013-07-02,50.544,50.713,50.149,50.298,128656,0
2013-07-03,50.255,50.597,50.13,50.473,83980,0
2013-07-05,50.764,50.992,50.219,50.526,236121,0
2013-07-08,50.623,50.867,50.526,50.604,110309,0
2013-07-09,50.905,50.957,50.713,50.896,87909,0
2013-07-10,50.931,51.387,50.853,51.07,88329,0
2013-07-11,51.985,52.327,51.81,52.266,130169,0
2013-07-12,52.038,52.117,51.792,51.923,46231,0
2013-07-15,52.082,52.177,51.967,52.134,73541,0
2013-07-16,51.994,52.082,51.853,52.055,48580,0
2013-07-17,52.327,52.327,51.906,52.046,130112,0
2013-07-18,52.195,52.256,52.125,52.153,108690,0
2013-07-19,52.205,52.293,52.055,52.274,76453,0
2013-07-22,52.274,52.398,52.161,52.371,108521,0
2013-07-23,52.566,52.652,52.336,52.468,103723,0
2013-07-24,52.504,52.504,51.985,52.214,98013,0
2013-07-25,51.88,52.301,51.801,52.274,67463,0
2013-07-26,52.028,52.038,51.685,52.038,66328,0
2013-07-29,51.72,51.801,51.616,51.632,63635,0
2013-07-30,51.994,51.994,51.589,51.748,78704,0
2013-07-31,51.589,51.985,51.441,51.66,65114,0
2013-08-01,52.274,52.346,52.108,52.143,204478,0
2013-08-02,52.425,52.635,52.274,52.6,51593,0
2013-08-05,52.59,52.59,52.459,52.547,70627,0
2013-08-06,52.706,52.75,52.572,52.627,46321,0
2013-08-07,52.547,52.547,52.327,52.407,68507,0
2013-08-08,52.642,52.741,52.459,52.627,71557,0
2013-08-09,52.67,52.741,52.477,52.652,45473,0
2013-08-12,52.477,52.557,52.388,52.468,42476,0
2013-08-13,52.689,52.759,52.355,52.706,91068,0
2013-08-14,52.741,52.741,52.496,52.618,333459,0
2013-08-15,52.09,52.249,51.826,52.24,133951,0
2013-08-16,52.388,52.388,52.186,52.223,43807,0
2013-08-19,52.284,52.284,51.967,51.985,149962,0
2013-08-20,52.153,52.31,51.994,52.153,56122,0
2013-08-21,52.02,52.028,51.325,51.546,71338,0
2013-08-22,51.783,51.932,51.72,51.783,53001,0
2013-08-23,51.853,52.082,51.783,52.064,106078,0
2013-08-26,52.02,52.073,51.755,51.81,107103,0
2013-08-27,51.624,51.624,51.168,51.266,158141,0
2013-08-28,51.273,51.407,51.108,51.237,40593,0
2013-08-29,51.194,51.3,51.064,51.194,37784,0
2013-08-30,50.957,51.123,50.684,50.782,52476,0
2013-09-03,51.413,51.853,51.159,51.237,126148,0
2013-09-04,51.123,51.66,51.123,51.546,44222,0
2013-09-05,51.397,51.476,51.247,51.407,39120,0
2013-09-06,51.537,51.668,51.28,51.529,23560,0
2013-09-09,51.678,52.186,51.678,52.143,89887,0
2013-09-10,52.425,52.477,52.249,52.417,119729,0
2013-09-11,52.301,52.468,52.098,52.468,87148,0
2013-09-12,52.425,52.425,52.186,52.214,66863,0
2013-09-13,52.371,52.538,52.23,52.528,156683,0
2013-09-16,53.031,53.355,52.829,52.837,68444,0
2013-09-17,52.882,52.915,52.759,52.889,33002,0
2013-09-18,53.047,54.164,52.793,53.908,58856,0
2013-09-19,54.121,54.121,53.646,53.732,43511,0
2013-09-20,53.575,53.741,53.522,53.522,18647,0
2013-09-23,53.593,53.741,53.373,53.584,34609,0
2013-09-24,53.707,53.724,53.418,53.539,55855,0
2013-09-25,53.662,53.662,53.461,53.522,68270,0
2013-09-26,53.751,53.785,53.522,53.619,24895,0
2013-09-27,53.575,53.707,53.418,53.653,52641,0
2013-09-30,53.418,53.593,53.285,53.549,63277,0
2013-10-01,53.567,53.653,53.337,53.487,299988,0
2013-10-02,53.355,53.355,52.915,53.32,173815,0
2013-10-03,53.382,53.382,53.013,53.197,1583259,0
2013-10-04,53.101,53.197,52.985,53.154,59281,0
2013-10-07,52.699,52.924,52.699,52.793,183825,0
2013-10-08,52.635,52.774,52.31,52.327,67727,0
2013-10-09,52.284,52.635,52.223,52.449,43822,0
2013-10-10,52.829,53.216,52.784,53.187,125413,0
2013-10-11,53.295,53.365,53.101,53.365,64180,0
2013-10-14,53.355,53.584,53.207,53.549,82462,0
2013-10-15,53.39,53.398,53.136,53.207,85829,0
2013-10-16,53.426,53.487,53.197,53.418,151771,0
2013-10-17,53.637,54.234,53.637,54.225,96321,0
2013-10-18,54.199,54.55,54.199,54.497,107831,0
2013-10-21,54.295,54.674,54.295,54.62,56291,0
2013-10-22,54.637,55.122,54.637,55.06,114647,0
2013-10-23,54.823,54.823,54.55,54.682,40601,0
2013-10-24,54.893,55.008,54.85,54.989,55105,0
2013-10-25,54.83,54.83,54.699,54.787,48951,0
2013-10-28,54.928,54.928,54.753,54.805,82867,0
2013-10-29,54.972,55.139,54.814,54.928,79025,0
2013-10-30,55.05,55.069,54.411,54.708,50040,0
2013-10-31,54.726,54.787,54.435,54.524,165495,0
2013-11-01,54.277,54.339,53.935,54.191,76529,0
2013-11-04,54.015,54.374,54.015,54.365,65572,0
2013-11-05,54.138,54.191,53.865,54.138,67410,0
2013-11-06,54.541,54.559,54.383,54.472,50424,0
2013-11-07,54.277,54.277,53.777,53.803,56920,0
2013-11-08,53.602,54.121,53.602,54.121,85721,0
2013-11-11,54.138,54.287,54.005,54.084,49215,0
2013-11-12,54.094,54.102,53.908,54.024,46247,0
2013-11-13,53.839,54.217,53.69,54.191,48435,0
2013-11-14,54.27,54.348,54.05,54.27,129869,0
2013-11-15,54.55,54.612,54.374,54.559,68355,0
2013-11-18,54.718,54.718,54.348,54.374,38098,0
2013-11-19,54.242,54.472,54.199,54.339,30762,0
2013-11-20,54.435,54.445,53.926,54.032,37323,0
2013-11-21,54.181,54.251,54.032,54.251,37208,0
2013-11-22,54.295,54.304,54.084,54.27,37650,0
2013-11-25,54.357,54.435,54.05,54.121,45376,0
2013-11-26,54.172,54.33,53.944,54.111,82795,0
2013-11-27,54.287,54.287,54.04,54.102,144933,0
2013-11-29,54.357,54.383,54.217,54.217,31619,0
2013-12-02,54.207,54.207,53.848,53.873,48366,0
2013-12-03,53.777,53.803,53.584,53.662,110415,0
2013-12-04,53.329,53.506,53.179,53.418,58311,0
2013-12-05,53.311,53.346,53.187,53.25,25666,0
2013-12-06,53.584,53.662,53.461,53.662,129504,0
2013-12-09,53.575,53.628,53.529,53.609,77007,0
2013-12-10,53.584,53.628,53.461,53.593,49725,0
2013-12-11,53.619,53.619,53.101,53.163,68033,0
2013-12-12,53.118,53.118,52.801,52.82,64526,0
2013-12-13,52.759,52.784,52.61,52.774,79549,0
2013-12-16,52.899,53.109,52.899,53.047,67473,0
2013-12-17,52.985,52.985,52.652,52.82,113137,0
2013-12-18,53.081,53.615,52.912,53.455,141749,0
2013-12-19,53.375,53.421,53.081,53.312,86712,0
2013-12-20,53.242,53.605,53.242,53.534,60304,0
2013-12-23,53.571,53.971,53.571,53.882,77182,0
2013-12-24,53.882,54.025,53.605,54.017,59180,0
2013-12-26,54.23,54.247,54.033,54.141,49165,0
2013-12-27,54.39,54.603,54.39,54.408,46307,0
2013-12-30,54.72,54.773,54.514,54.612,59966,0
2013-12-31,54.808,54.951,54.72,54.826,97772,0
2014-01-02,54.292,54.292,53.945,54.017,57363,0
2014-01-03,54.222,54.31,54.123,54.222,82677,0
2014-01-06,54.363,54.363,54.114,54.15,232522,0
2014-01-07,54.39,54.39,54.06,54.131,267536,0
2014-01-08,54.131,54.131,53.9,54.007,153994,0
2014-01-09,53.864,54.069,53.714,54.042,62491,0
2014-01-10,54.166,54.462,54.141,54.424,73051,0
2014-01-13,54.335,54.335,53.864,54.007,137574,0
2014-01-14,54.203,54.496,54.123,54.38,116770,0
2014-01-15,54.354,54.39,54.166,54.363,108453,0
2014-01-16,54.424,54.424,54.175,54.399,140503,0
2014-01-17,54.32,54.478,54.212,54.31,51206,0
2014-01-21,54.915,54.915,54.38,54.745,161779,0
2014-01-22,54.764,55.039,54.764,55.004,292902,0
2014-01-23,54.87,54.87,54.443,54.675,198393,0
2014-01-24,54.335,54.335,53.624,53.678,298667,0
2014-01-27,53.855,53.855,53.107,53.312,173988,0
2014-01-28,53.562,53.651,53.233,53.58,156676,0
2014-01-29,53.242,53.392,52.982,53.216,202971,0
2014-01-30,53.491,53.534,53.223,53.401,73216,0
2014-01-31,52.691,53.135,52.691,52.904,93111,0
2014-02-03,52.958,53.038,52.2,52.2,754778,0
2014-02-04,52.448,52.547,52.29,52.432,365063,0
2014-02-05,52.52,52.601,52.262,52.547,521863,0
2014-02-06,52.582,53.045,52.504,53.045,393107,0
2014-02-07,53.126,53.524,53.099,53.518,66552,0
2014-02-10,53.392,53.473,53.162,53.375,110658,0
2014-02-11,53.651,54.212,53.501,54.077,248342,0
2014-02-12,54.185,54.256,54.052,54.212,97991,0
2014-02-13,53.864,54.478,53.864,54.399,120251,0
2014-02-14,54.541,54.675,54.399,54.586,158381,0
2014-02-18,54.924,55.173,54.906,55.164,69205,0
2014-02-19,55.004,55.36,54.915,54.915,81709,0
2014-02-20,54.79,55.272,54.79,55.181,58065,0
2014-02-21,55.43,55.582,55.262,55.325,115569,0
2014-02-24,55.59,56.027,55.43,55.753,84235,0
2014-02-25,55.956,56.002,55.634,55.797,132585,0
2014-02-26,55.759,55.759,55.369,55.59,213875,0
2014-02-27,55.61,55.805,55.477,55.797,88019,0
2014-02-28,56.019,56.027,55.715,55.84,129104,0
2014-03-03,55.252,55.333,54.862,54.862,170654,0
2014-03-04,55.797,56.002,55.644,55.787,176543,0
2014-03-05,55.485,55.778,55.485,55.61,141479,0
2014-03-06,55.992,56.107,55.902,56.002,90949,0
2014-03-07,55.892,55.965,55.725,55.831,77977,0
2014-03-10,55.634,55.768,55.501,55.734,53349,0
2014-03-11,55.688,55.84,55.342,55.386,108663,0
2014-03-12,55.013,55.351,55.004,55.262,30173,0
2014-03-13,55.226,55.226,54.327,54.433,115111,0
2014-03-14,54.629,54.675,54.345,54.488,81413,0
2014-03-17,54.629,54.896,54.629,54.728,45437,0
2014-03-18,54.648,55.128,54.648,54.941,104246,0
2014-03-19,55.004,55.067,54.335,54.568,67337,0
2014-03-20,54.166,54.39,53.936,54.222,123384,0
2014-03-21,54.675,54.755,54.222,54.256,75531,0
2014-03-24,54.559,54.683,54.265,54.488,255860,0
2014-03-25,54.826,55.173,54.462,54.968,112985,0
2014-03-26,55.181,55.43,55.004,55.023,126850,0
2014-03-27,55.325,55.582,55.226,55.449,102479,0
2014-03-28,55.68,55.947,55.664,55.725,132241,0
2014-03-31,56.09,56.09,55.787,55.858,129673,0
2014-04-01,55.947,55.947,55.501,55.805,129817,0
2014-04-02,55.477,55.912,55.477,55.734,180842,0
2014-04-03,55.797,55.797,55.458,55.61,81722,0
2014-04-04,55.707,55.902,55.369,55.529,132375,0
2014-04-07,55.467,55.644,55.333,55.43,134606,0
2014-04-08,55.539,55.715,55.191,55.59,147771,0
2014-04-09,55.947,56.329,55.787,56.295,74505,0
2014-04-10,56.196,56.196,55.52,55.707,113081,0
2014-04-11,55.414,55.672,55.243,55.333,61795,0
2014-04-14,55.61,55.759,55.422,55.539,113229,0
2014-04-15,55.6,55.672,55.03,55.574,50047,0
2014-04-16,55.922,56.027,55.688,55.956,62683,0
2014-04-17,55.885,56.259,55.885,56.063,112287,0
2014-04-21,56.223,56.285,55.992,56.081,101362,0
2014-04-22,56.259,56.516,56.25,56.473,62373,0
2014-04-23,56.464,56.473,56.259,56.473,44843,0
2014-04-24,56.436,56.436,56.134,56.312,55181,0
2014-04-25,56.436,56.445,56.098,56.366,98677,0
2014-04-28,56.829,56.829,56.357,56.703,55778,0
2014-04-29,56.961,57.14,56.864,56.988,66661,0
2014-04-30,57.29,57.389,57.023,57.229,135062,0
2014-05-01,57.54,57.549,57.309,57.515,145937,0
2014-05-02,57.069,57.461,56.961,57.415,439765,0
2014-05-05,57.219,57.406,57.05,57.398,81981,0
2014-05-06,57.415,57.531,57.148,57.398,53874,0
2014-05-07,57.353,57.639,57.29,57.603,75005,0
2014-05-08,57.585,57.683,57.406,57.452,825247,0
2014-05-09,57.398,57.639,57.398,57.593,41563,0
2014-05-12,57.834,57.914,57.736,57.861,75785,0
2014-05-13,57.719,57.958,57.719,57.932,94068,0
2014-05-14,57.977,58.066,57.852,57.907,51986,0
2014-05-15,57.852,58.066,57.782,58.031,78704,0
2014-05-16,58.155,58.305,58.037,58.235,55037,0
2014-05-19,58.252,58.288,58.083,58.279,37710,0
2014-05-20,58.128,58.163,57.798,57.887,79116,0
2014-05-21,58.092,58.288,58.092,58.262,69448,0
2014-05-22,58.288,58.288,58.155,58.244,46084,0
2014-05-23,58.216,58.216,58.031,58.172,145834,0
2014-05-27,58.385,58.395,58.155,58.34,132275,0
2014-05-28,58.252,58.262,58.057,58.199,37274,0
2014-05-29,58.395,58.583,58.385,58.573,75091,0
2014-05-30,58.636,58.812,58.545,58.617,252669,0
2014-06-02,58.759,58.955,58.591,58.607,398577,0
2014-06-03,58.563,58.643,58.467,58.636,79906,0
2014-06-04,58.573,58.759,58.553,58.716,68914,0
2014-06-05,58.707,58.937,58.553,58.911,84229,0
2014-06-06,58.821,58.911,58.679,58.858,65317,0
2014-06-09,58.839,58.876,58.734,58.796,61878,0
2014-06-10,58.796,58.839,58.583,58.831,304597,0
2014-06-11,58.778,58.787,58.607,58.707,66008,0
2014-06-12,58.902,58.974,58.687,58.831,53917,0
2014-06-13,58.876,58.911,58.74,58.867,45033,0
2014-06-16,58.74,58.945,58.74,58.945,63037,0
2014-06-17,58.839,58.974,58.796,58.964,50071,0
2014-06-18,59.088,59.365,58.929,59.259,112526,0
2014-06-19,59.436,59.535,59.383,59.498,40474,0
2014-06-20,59.463,59.526,59.321,59.454,53048,0
2014-06-23,59.071,59.232,58.974,59.178,69698,0
2014-06-24,59.222,59.293,58.964,59.036,165908,0
2014-06-25,58.964,59.137,58.928,59.083,75572,0
2014-06-26,59.218,59.237,58.901,59.165,49314,0
2014-06-27,59.228,59.346,59.119,59.319,38969,0
2014-06-30,59.364,59.583,59.309,59.42,87674,0
2014-07-01,59.51,59.955,59.5,59.827,52641,0
2014-07-02,59.909,60.046,59.827,59.945,62828,0
2014-07-03,60.028,60.028,59.892,59.964,53233,0
2014-07-07,59.818,59.818,59.546,59.719,157875,0
2014-07-08,59.283,59.6,59.191,59.465,53640,0
2014-07-09,59.291,59.664,59.291,59.62,199470,0
2014-07-10,59.074,59.218,58.636,59.137,92346,0
2014-07-11,59.309,59.429,59.129,59.346,106941,0
2014-07-14,59.645,59.837,59.645,59.737,96019,0
2014-07-15,59.892,59.892,59.529,59.719,68293,0
2014-07-16,59.899,60.037,59.827,59.864,34546,0
2014-07-17,59.855,59.909,59.373,59.491,52928,0
2014-07-18,59.537,59.955,59.529,59.899,37429,0
2014-07-21,59.61,59.783,59.5,59.746,62674,0
2014-07-22,59.991,60.009,59.883,59.955,89709,0
2014-07-23,60.091,60.091,59.937,59.964,58353,0
2014-07-24,59.983,60.082,59.892,59.892,53214,0
2014-07-25,59.919,59.919,59.529,59.728,56422,0
2014-07-28,59.755,59.837,59.529,59.764,58432,0
2014-07-29,59.892,59.964,59.637,59.674,39432,0
2014-07-30,59.764,59.764,59.437,59.637,258831,0
2014-07-31,59.346,59.346,58.856,58.891,253813,0
2014-08-01,58.891,58.91,58.619,58.736,350451,0
2014-08-04,58.891,59.256,58.574,58.92,91452,0
2014-08-05,58.793,58.793,58.365,58.52,86795,0
2014-08-06,58.365,58.428,58.046,58.41,60852,0
2014-08-07,58.51,58.545,57.937,58.065,115859,0
2014-08-08,58.137,58.3,57.937,58.3,92405,0
2014-08-11,58.592,58.609,58.428,58.52,108666,0
2014-08-12,58.52,58.554,58.337,58.545,495892,0
2014-08-13,58.793,58.837,58.682,58.754,94606,0
2014-08-14,59.047,59.083,58.928,59.055,63110,0
2014-08-15,59.165,59.364,58.837,59.146,90734,0
2014-08-18,59.455,59.455,59.283,59.41,47503,0
2014-08-19,59.563,59.563,59.465,59.546,55874,0
2014-08-20,59.391,59.429,59.256,59.391,173042,0
2014-08-21,59.5,59.583,59.329,59.437,63264,0
2014-08-22,59.437,59.455,59.2,59.218,300964,0
2014-08-25,59.563,59.6,59.4,59.519,144266,0
2014-08-26,59.391,59.537,59.083,59.391,90060,0
2014-08-27,59.51,59.573,59.465,59.519,103516,0
2014-08-28,59.437,59.445,59.329,59.445,40779,0
2014-08-29,59.437,59.445,59.283,59.445,96414,0
2014-09-02,59.592,59.592,59.256,59.338,1101105,0
2014-09-03,59.674,59.719,59.465,59.555,150046,0
2014-09-04,59.546,59.546,59.001,59.11,180347,0
2014-09-05,59.037,59.037,58.828,58.984,153454,0
2014-09-08,58.774,58.774,58.392,58.538,80615,0
2014-09-09,58.392,58.418,58.092,58.256,277510,0
2014-09-10,58.228,58.545,58.209,58.491,172317,0
2014-09-11,58.184,58.228,58.092,58.164,61700,0
2014-09-12,58.11,58.146,57.955,58.046,88064,0
2014-09-15,57.993,58.075,57.856,57.902,53384,0
2014-09-16,57.81,58.237,57.619,58.11,180347,0
2014-09-17,58.001,58.046,57.674,57.745,67423,0
2014-09-18,57.919,58.092,57.892,57.993,58455,0
2014-09-19,58.036,58.12,57.765,57.837,115463,0
2014-09-22,57.775,57.846,57.638,57.775,44552,0
2014-09-23,57.301,57.529,57.301,57.392,1519695,0
2014-09-24,57.438,57.674,57.346,57.648,96555,0
2014-09-25,57.401,57.401,56.947,57.012,108275,0
2014-09-26,57.21,57.365,57.102,57.247,194226,0
2014-09-29,56.802,57.056,56.611,56.93,93140,0
2014-09-30,56.802,57.046,56.748,56.92,37921,0
2014-10-01,56.748,56.846,56.375,56.501,119204,0
2014-10-02,56.366,56.366,55.637,56.003,235015,0
2014-10-03,55.667,56.22,55.628,56.121,81205,0
2014-10-06,56.329,56.466,56.056,56.347,140222,0
2014-10-07,56.202,56.275,55.802,55.812,133101,0
2014-10-08,56.066,56.846,55.891,56.802,123720,0
2014-10-09,56.329,56.384,55.52,55.565,202411,0
2014-10-10,55.393,55.628,55.056,55.112,822527,0
2014-10-13,55.52,55.749,54.939,54.956,274072,0
2014-10-14,55.338,55.437,54.821,55.066,327645,0
2014-10-15,54.821,55.121,54.111,54.902,174795,0
2014-10-16,54.202,55.203,53.874,54.874,751002,0
2014-10-17,55.193,55.501,55.083,55.402,186485,0
2014-10-20,55.548,55.812,55.437,55.684,92213,0
2014-10-21,55.947,56.183,55.883,56.121,199334,0
2014-10-22,56.029,56.31,55.828,55.847,325982,0
2014-10-23,56.437,56.566,56.156,56.338,213538,0
2014-10-24,56.466,56.592,56.329,56.557,60366,0
2014-10-27,56.411,56.782,56.293,56.72,96917,0
2014-10-28,57.247,57.392,57.082,57.392,231878,0
2014-10-29,57.392,57.601,56.93,57.102,409149,0
2014-10-30,57.146,57.674,57.002,57.556,334634,0
2014-10-31,58.228,58.984,57.892,58.392,288344,0
2014-11-03,58.164,58.184,57.846,58.036,233827,0
2014-11-04,57.483,57.546,57.266,57.501,94485,0
2014-11-05,57.537,57.729,57.483,57.601,136196,0
2014-11-06,57.311,57.946,57.192,57.266,597886,0
2014-11-07,57.183,57.247,56.892,57.237,275381,0
2014-11-10,57.483,57.591,57.356,57.529,123828,0
2014-11-11,57.729,58.019,57.629,57.965,81824,0
2014-11-12,57.556,57.783,57.383,57.729,137824,0
2014-11-13,57.91,58.1,57.829,58.019,127430,0
2014-11-14,57.801,58.001,57.664,57.928,257424,0
2014-11-17,57.574,57.775,57.41,57.692,84961,0
2014-11-18,57.902,58.156,57.829,58.046,272367,0
2014-11-19,57.81,58.1,57.692,57.946,447981,0
2014-11-20,57.537,57.837,57.537,57.711,83424,0
2014-11-21,58.228,58.402,57.72,57.892,437378,0
2014-11-24,57.984,58.129,57.837,58.009,121245,0
2014-11-25,57.883,57.937,57.729,57.892,79248,0
2014-11-26,58.1,58.201,57.937,58.1,166794,0
2014-11-28,58.137,58.164,57.791,57.91,21301,0
2014-12-01,57.919,58.092,57.783,58.046,202676,0
2014-12-02,58.174,58.174,57.984,58.146,128058,0
2014-12-03,58.146,58.146,57.91,58.009,191984,0
2014-12-04,58.001,58.092,57.711,57.955,294143,0
2014-12-05,58.046,58.046,57.783,57.865,115912,0
2014-12-08,57.619,57.683,57.401,57.456,314287,0
2014-12-09,57.329,57.501,57.192,57.447,166940,0
2014-12-10,57.501,57.501,56.982,57.092,123981,0
2014-12-11,57.438,57.556,57.138,57.247,260583,0
2014-12-12,57.219,57.229,56.391,56.447,365871,0
2014-12-15,56.729,56.729,55.647,55.783,284035,0
2014-12-16,55.993,56.782,55.921,56.211,252830,0
2014-12-17,56.458,56.891,56.191,56.586,199913,0
2014-12-18,56.77,57.324,56.67,57.315,184187,0
2014-12-19,57.295,57.453,56.974,57.324,566118,0
2014-12-22,57.618,57.683,57.26,57.582,312910,0
2014-12-23,57.518,57.518,57.24,57.333,306455,0
2014-12-24,57.37,57.628,57.37,57.535,126418,0
2014-12-26,57.655,58.034,57.508,57.756,196060,0
2014-12-29,57.398,57.535,57.286,57.36,537121,0
2014-12-30,57.212,57.232,57.057,57.103,290027,0
2014-12-31,57.37,57.37,56.799,56.835,160953,0
2015-01-02,56.899,57.103,56.412,56.484,110804,0
2015-01-05,56.191,56.191,55.621,55.822,275576,0
2015-01-06,55.822,55.951,55.279,55.418,185535,0
2015-01-07,55.84,56.062,55.637,55.988,188418,0
2015-01-08,56.402,56.844,56.402,56.734,186828,0
2015-01-09,56.853,56.899,56.559,56.744,208331,0
2015-01-12,56.67,56.863,56.504,56.687,126685,0
2015-01-13,57.48,57.535,56.78,57.157,204333,0
2015-01-14,57.148,57.48,57.057,57.388,325942,0
2015-01-15,58.355,58.429,57.969,58.153,371219,0
2015-01-16,58.254,58.66,58.134,58.632,202099,0
2015-01-20,58.926,58.983,58.532,58.677,460249,0
2015-01-21,58.825,59.091,58.76,59.047,609869,0
2015-01-22,58.77,58.935,58.502,58.789,542908,0
2015-01-23,58.899,59,58.66,58.725,361720,0
2015-01-26,58.991,59.369,58.825,59.259,592411,0
2015-01-27,59.415,59.765,59.369,59.526,529362,0
2015-01-28,59.746,59.81,59.037,59.111,834478,0
2015-01-29,59.488,59.802,59.341,59.728,2882967,0
2015-01-30,59.378,59.507,59.047,59.101,557380,0
2015-02-02,59.497,59.673,59.147,59.571,398542,0
2015-02-03,59.571,59.958,59.387,59.885,667585,0
2015-02-04,59.912,60.004,59.636,59.682,399563,0
2015-02-05,60.196,60.327,59.922,60.309,298749,0
2015-02-06,59.848,59.912,59.442,59.618,613736,0
2015-02-09,59.286,59.47,59.101,59.359,337875,0
2015-02-10,59.7,59.829,59.47,59.719,379106,0
2015-02-11,59.608,59.682,59.341,59.526,316582,0
2015-02-12,59.618,60.077,59.618,60.032,385758,0
2015-02-13,60.115,60.206,59.978,60.096,422802,0
2015-02-17,60.061,60.271,59.902,60.206,468367,0
2015-02-18,60.409,60.612,60.189,60.474,293962,0
2015-02-19,60.521,60.695,60.419,60.464,540585,0
2015-02-20,60.336,60.925,60.216,60.713,308247,0
2015-02-23,60.76,60.795,60.567,60.788,603815,0
2015-02-24,60.795,61.138,60.649,61.018,476300,0
2015-02-25,60.998,61.285,60.99,61.193,442926,0
2015-02-26,61.184,61.193,60.889,61.036,325646,0
2015-02-27,61.064,61.22,60.916,60.998,489211,0
2015-03-02,61.128,61.202,60.916,61.064,310153,0
2015-03-03,61.091,61.184,60.805,60.953,411005,0
2015-03-04,61.211,61.211,60.354,60.657,293760,0
2015-03-05,60.852,61.018,60.723,60.88,297561,0
2015-03-06,60.512,60.677,60.151,60.196,232859,0
2015-03-09,60.196,60.318,59.922,60.115,356508,0
2015-03-10,59.876,59.876,59.047,59.091,387990,0
2015-03-11,59.259,59.259,58.954,59.037,413500,0
2015-03-12,59.857,59.866,59.59,59.793,311456,0
2015-03-13,59.323,59.507,59.111,59.47,298753,0
2015-03-16,59.543,59.995,59.543,59.885,238938,0
2015-03-17,59.885,60.013,59.682,59.978,367797,0
2015-03-18,60.115,61.303,59.968,61.147,265970,0
2015-03-19,60.815,60.824,60.528,60.677,461593,0
2015-03-20,61.348,61.764,61.211,61.625,174238,0
2015-03-23,62.104,62.251,61.92,62.16,269553,0
2015-03-24,62.28,62.555,62.225,62.233,494920,0
2015-03-25,62.464,62.546,61.874,61.948,399714,0
2015-03-26,61.597,61.671,61.266,61.459,660582,0
2015-03-27,61.581,61.809,61.581,61.726,310914,0
2015-03-30,61.653,61.764,61.581,61.699,538454,0
2015-03-31,60.842,60.972,60.538,60.695,343444,0
2015-04-01,60.944,61.055,60.621,60.916,270420,0
2015-04-02,61.387,61.478,61.247,61.395,427288,0
2015-04-06,61.745,62.353,61.745,61.958,414804,0
2015-04-07,62.187,62.325,61.966,61.984,572815,0
2015-04-08,62.565,62.601,62.067,62.27,295824,0
2015-04-09,62.436,62.584,62.215,62.409,783480,0
2015-04-10,62.243,62.454,62.15,62.418,440316,0
2015-04-13,62.29,62.29,62.003,62.041,302663,0
2015-04-14,62.399,62.639,62.362,62.601,415129,0
2015-04-15,62.667,62.833,62.381,62.731,338485,0
2015-04-16,62.796,63.174,62.694,62.998,759473,0
2015-04-17,62.483,62.538,62.233,62.454,241110,0
2015-04-20,62.61,62.639,62.436,62.518,279495,0
2015-04-21,63.109,63.174,62.85,63.026,431836,0
2015-04-22,63.071,63.071,62.731,62.979,331479,0
2015-04-23,62.796,63.31,62.694,63.2,362696,0
2015-04-24,63.532,63.597,63.274,63.569,436624,0
2015-04-27,63.882,63.955,63.634,63.726,289961,0
2015-04-28,63.651,63.79,63.412,63.78,524341,0
2015-04-29,63.496,63.587,63.2,63.412,363237,0
2015-04-30,62.888,62.971,62.584,62.639,332843,0
2015-05-01,62.823,62.979,62.647,62.971,262171,0
2015-05-04,63.061,63.532,62.786,63.154,350321,0
2015-05-05,62.961,63.154,62.409,62.483,344024,0
2015-05-06,62.796,62.823,62.298,62.546,363300,0
2015-05-07,62.28,62.372,62.049,62.26,335505,0
2015-05-08,62.878,63.458,62.878,63.357,533132,0
2015-05-11,62.933,63.154,62.843,62.933,240133,0
2015-05-12,62.868,62.951,62.639,62.833,409542,0
2015-05-13,63.412,63.432,63.145,63.191,399281,0
2015-05-14,63.597,63.772,63.468,63.726,244040,0
2015-05-15,63.809,64.085,63.726,64.002,361097,0
2015-05-18,63.929,63.974,63.736,63.882,339436,0
2015-05-19,63.762,63.79,63.569,63.698,300818,0
2015-05-20,63.578,63.939,63.504,63.736,187808,0
2015-05-21,63.919,64.038,63.753,63.919,363346,0
2015-05-22,63.882,63.882,63.651,63.68,287248,0
2015-05-26,63.246,63.246,62.676,62.796,280740,0
2015-05-27,62.731,63.061,62.639,62.998,340331,0
2015-05-28,62.684,63.091,62.492,62.85,172572,0
2015-05-29,62.546,62.74,62.132,62.381,191932,0
2015-06-01,62.639,62.722,61.984,62.057,1262430,0
2015-06-02,62.243,62.565,62.077,62.27,459402,0
2015-06-03,62.464,62.731,62.27,62.538,251204,0
2015-06-04,62.067,62.316,61.736,61.948,295280,0
2015-06-05,61.322,61.442,61.147,61.387,260106,0
2015-06-08,61.368,61.442,61.082,61.368,522494,0
2015-06-09,61.184,61.442,60.962,61.24,290312,0
2015-06-10,62.003,62.206,61.551,62.067,530035,0
2015-06-11,62.087,62.473,61.994,62.225,297439,0
2015-06-12,61.929,62.114,61.745,62.022,425985,0
2015-06-15,61.542,61.819,61.331,61.791,208216,0
2015-06-16,61.589,61.883,61.488,61.745,344891,0
2015-06-17,61.671,61.939,61.276,61.883,243498,0
2015-06-18,61.883,62.575,61.718,62.15,255223,0
2015-06-19,62.427,62.427,62.104,62.104,561250,0
2015-06-22,63.091,63.136,62.63,62.823,449652,0
2015-06-23,63.053,63.127,62.684,63.007,465703,0
2015-06-24,62.749,62.915,62.492,62.575,288332,0
2015-06-25,62.699,62.699,62.298,62.401,260596,0
2015-06-26,62.363,62.411,62.038,62.26,318473,0
2015-06-29,61.243,61.606,60.962,61.019,399295,0
2015-06-30,61.616,61.625,60.831,60.991,289091,0
2015-07-01,61.597,61.719,61.092,61.28,1786018,0
2015-07-02,61.504,61.58,61.298,61.429,417814,0
2015-07-06,60.822,61.141,60.392,60.86,287964,0
2015-07-07,60.729,61.046,60.132,60.972,717661,0
2015-07-08,60.364,60.384,59.832,59.916,792595,0
2015-07-09,60.776,60.803,60.234,60.392,473588,0
2015-07-10,61.466,62.131,60.991,61.738,525829,0
2015-07-13,62.215,62.326,62.038,62.14,275011,0
2015-07-14,62.495,62.821,62.457,62.709,947246,0
2015-07-15,62.841,62.841,62.542,62.653,547246,0
2015-07-16,63.186,63.223,62.915,63.111,372639,0
2015-07-17,63.063,63.177,62.887,63.046,238186,0
2015-07-20,63.242,63.242,62.961,63.102,254778,0
2015-07-21,63.12,63.27,62.961,63.102,494569,0
2015-07-22,62.728,62.821,62.597,62.774,608792,0
2015-07-23,63.037,63.037,62.569,62.615,372748,0
2015-07-24,62.597,62.663,62.148,62.215,319971,0
2015-07-27,62.195,62.251,61.841,61.878,247178,0
2015-07-28,62.28,62.663,62.101,62.606,453998,0
2015-07-29,62.765,63.073,62.765,62.849,315475,0
2015-07-30,62.653,62.784,62.401,62.69,253493,0
2015-07-31,63.27,63.372,62.933,62.98,402508,0
2015-08-03,63.25,63.392,62.98,63.148,177770,0
2015-08-04,63.671,63.867,63.392,63.671,264306,0
2015-08-05,63.764,63.82,63.568,63.625,351873,0
2015-08-06,63.476,63.55,63.157,63.315,390423,0
2015-08-07,62.951,63.148,62.756,63.102,333353,0
2015-08-10,63.325,63.886,63.325,63.867,522724,0
2015-08-11,63.232,63.232,62.69,62.849,592749,0
2015-08-12,62.476,62.765,62.158,62.747,323183,0
2015-08-13,62.653,62.905,62.457,62.728,322863,0
2015-08-14,62.765,63.008,62.68,62.925,453248,0
2015-08-17,62.635,62.971,62.542,62.933,314191,0
2015-08-18,62.709,62.774,62.512,62.597,523045,0
2015-08-19,62.345,62.542,61.953,62.336,333246,0
2015-08-20,61.784,61.841,61.158,61.224,511912,0
2015-08-21,61.019,61.224,59.926,60.028,813471,0
2015-08-24,59.402,59.402,56.049,57.992,1675365,0
2015-08-25,58.571,60.869,58.329,58.337,739499,0
2015-08-26,60.935,60.935,58.263,59.318,703316,0
2015-08-27,59.72,60.337,59.552,60.234,677518,0
2015-08-28,59.636,60.019,59.598,59.936,699248,0
2015-08-31,59.767,59.822,59.412,59.542,962698,0
2015-09-01,58.525,58.954,57.581,57.795,583207,0
2015-09-02,58.366,58.636,58.01,58.535,648292,0
2015-09-03,58.655,58.954,58.413,58.45,617677,0
2015-09-04,57.87,57.87,57.402,57.618,601405,0
2015-09-08,58.767,58.907,58.535,58.786,516087,0
2015-09-09,59.598,59.626,58.627,58.767,850617,0
2015-09-10,58.738,59.178,58.581,58.991,491557,0
2015-09-11,58.665,59.056,58.608,59.029,433765,0
2015-09-14,58.748,58.804,58.581,58.767,184661,0
2015-09-15,58.636,59.086,58.561,58.917,385271,0
2015-09-16,59.356,59.674,59.15,59.674,285180,0
2015-09-17,59.281,60.168,59.17,59.487,496279,0
2015-09-18,58.983,59.243,58.673,58.767,271050,0
2015-09-21,58.991,59.038,58.599,58.804,309053,0
2015-09-22,58.01,58.095,57.571,57.935,624207,0
2015-09-23,57.945,58.057,57.553,57.731,565864,0
2015-09-24,57.637,57.964,57.412,57.909,595392,0
2015-09-25,58.551,58.841,58.187,58.458,654929,0
2015-09-28,58.374,58.374,57.647,57.748,889820,0
2015-09-29,57.337,57.46,57.077,57.347,620245,0
2015-09-30,58.179,58.329,57.889,58.282,290319,0
2015-10-01,58.45,58.599,58.001,58.44,642834,0
2015-10-02,58.141,59.132,58.02,59.132,496603,0
2015-10-05,59.711,60.066,59.674,59.99,417903,0
2015-10-06,59.943,60.093,59.786,59.982,580637,0
2015-10-07,60.132,60.318,59.851,60.195,694646,0
2015-10-08,59.87,60.561,59.691,60.514,482366,0
2015-10-09,60.598,60.616,60.337,60.486,520903,0
2015-10-12,60.457,60.514,60.327,60.411,381161,0
2015-10-13,59.963,60.355,59.906,59.99,337849,0
2015-10-14,60.261,60.431,60.112,60.29,458173,0
2015-10-15,60.869,61.439,60.822,61.328,875667,0
2015-10-16,61.354,61.55,61.205,61.466,649042,0
2015-10-19,61.336,61.393,61.149,61.336,440296,0
2015-10-20,61.336,61.406,61.187,61.298,991191,0
2015-10-21,61.504,61.504,61.084,61.084,666813,0
2015-10-22,61.42,61.869,61.328,61.635,799983,0
2015-10-23,62.064,62.251,61.915,62.14,938826,0
2015-10-26,62.008,62.111,61.849,61.896,870207,0
2015-10-27,61.747,61.849,61.504,61.663,355297,0
2015-10-28,61.953,62.28,61.56,61.953,679552,0
2015-10-29,61.504,61.709,61.476,61.635,485471,0
2015-10-30,61.663,61.878,61.486,61.486,941395,0
2015-11-02,61.654,61.841,61.57,61.794,694362,0
2015-11-03,61.625,62.008,61.55,61.849,928442,0
2015-11-04,61.896,61.906,61.439,61.589,550018,0
2015-11-05,61.812,61.822,61.504,61.606,406789,0
2015-11-06,61.234,61.261,60.86,61.084,582457,0
2015-11-09,60.653,60.673,60.195,60.364,1150096,0
2015-11-10,60.28,60.505,60.168,60.431,569932,0
2015-11-11,60.991,61.158,60.85,60.944,383880,0
2015-11-12,60.709,60.831,60.551,60.561,701496,0
2015-11-13,60.345,60.345,60.019,60.149,831240,0
2015-11-16,60.225,60.813,60.149,60.729,1030461,0
2015-11-17,60.925,61.075,60.747,60.935,706528,0
2015-11-18,61.009,61.318,60.841,61.261,928335,0
2015-11-19,61.663,61.812,61.58,61.682,456353,0
2015-11-20,61.906,61.953,61.58,61.672,524865,0
2015-11-23,61.486,61.589,61.149,61.318,1341120,0
2015-11-24,61.019,61.393,60.888,61.308,1577485,0
2015-11-25,61.373,61.457,61.224,61.298,366538,0
2015-11-27,61.224,61.224,61.065,61.112,142697,0
2015-11-30,61.037,61.037,60.803,60.906,437940,0
2015-12-01,61.328,61.58,61.298,61.523,1005451,0
2015-12-02,61.457,61.495,60.981,61.112,658108,0
2015-12-03,61.328,61.354,60.719,60.86,1080948,0
2015-12-04,60.962,61.504,60.813,61.402,866461,0
2015-12-07,61.261,61.261,60.935,61.149,395334,0
2015-12-08,60.626,60.757,60.44,60.709,728047,0
2015-12-09,60.644,60.981,60.159,60.467,723443,0
2015-12-10,60.701,60.767,60.384,60.486,614251,0
2015-12-11,60.028,60.084,59.683,59.757,872241,0
2015-12-14,60.112,60.195,59.514,60.084,1052988,0
2015-12-15,60.29,60.421,60.103,60.195,882088,0
2015-12-16,60.692,61.196,60.448,60.991,905855,0
2015-12-17,60.981,60.999,60.467,60.505,1240278,0
2015-12-18,60.457,60.505,60.168,60.168,931011,0
2015-12-21,60.772,60.847,60.253,60.517,1403136,0
2015-12-22,60.649,60.933,60.45,60.838,1495848,0
2015-12-23,61.253,61.593,61.065,61.537,1119753,0
2015-12-24,61.413,61.518,61.273,61.367,485860,0
2015-12-28,61.47,61.47,61.112,61.32,6282122,0
2015-12-29,61.99,62.367,61.971,62.141,1946836,0
2015-12-30,62.028,62.065,61.867,61.914,758733,0
2015-12-31,61.763,61.763,61.235,61.235,1751011,0
2016-01-04,60.442,60.508,59.828,60.386,830926,0
2016-01-05,60.31,60.536,60.168,60.498,1320899,0
2016-01-06,59.687,59.989,59.592,59.913,592429,0
2016-01-07,59.111,59.611,59.026,59.101,944344,0
2016-01-08,59.375,59.423,58.543,58.583,959284,0
2016-01-11,59.063,59.09,58.322,58.742,1028594,0
2016-01-12,59.101,59.138,58.526,58.931,993521,0
2016-01-13,59.205,59.281,58.233,58.365,945507,0
2016-01-14,58.487,59.021,58.168,58.781,1246767,0
2016-01-15,57.533,57.818,57.127,57.402,1359912,0
2016-01-19,58.148,58.242,57.374,57.695,1517018,0
2016-01-20,56.931,57.019,55.901,56.779,1069347,0
2016-01-21,56.439,57.109,56.09,56.835,1029444,0
2016-01-22,57.865,58.271,57.773,58.185,1291181,0
2016-01-25,58.166,58.298,57.781,57.836,1619829,0
2016-01-26,58.11,58.695,58.043,58.676,663539,0
2016-01-27,58.705,59.163,58.276,58.497,789204,0
2016-01-28,59.083,59.148,58.479,58.875,722088,0
2016-01-29,59.224,59.95,59.148,59.941,1117379,0
2016-02-01,59.724,60.3,59.639,60.168,868532,0
2016-02-02,59.847,60.026,59.384,59.573,891399,0
2016-02-03,60.195,60.357,59.432,60.357,1339194,0
2016-02-04,59.933,60.272,59.678,60.083,1332597,0
2016-02-05,59.828,59.84,59.02,59.177,1329275,0
2016-02-08,58.781,58.95,58.328,58.79,1512320,0
2016-02-09,58.043,58.752,57.818,58.487,895434,0
2016-02-10,58.516,58.681,58.138,58.214,1080900,0
2016-02-11,57.704,57.911,57.374,57.751,1118809,0
2016-02-12,57.798,58.421,57.629,58.421,1196375,0
2016-02-16,59.186,59.242,58.711,59.234,904492,0
2016-02-17,59.413,59.866,59.385,59.771,1633851,0
2016-02-18,59.913,59.913,59.569,59.648,1037736,0
2016-02-19,59.526,59.856,59.366,59.838,713386,0
2016-02-22,60.31,60.48,60.153,60.442,631897,0
2016-02-23,59.979,60.007,59.45,59.536,1700078,0
2016-02-24,59.186,59.847,58.948,59.781,953894,0
2016-02-25,59.96,60.366,59.801,60.366,1350096,0
2016-02-26,60.545,60.565,59.97,60.055,818357,0
2016-02-29,59.818,60.026,59.583,59.621,578658,0
2016-03-01,60.386,60.886,60.234,60.876,750030,0
2016-03-02,60.611,60.951,60.492,60.942,1141266,0
2016-03-03,60.866,61.121,60.732,61.121,602995,0
2016-03-04,61.404,61.555,61.215,61.404,1201915,0
2016-03-07,60.81,61.206,60.602,61.065,757640,0
2016-03-08,60.933,61.036,60.696,60.735,679661,0
2016-03-09,61.112,61.235,60.96,61.065,527239,0
2016-03-10,61.32,61.514,60.532,60.913,667026,0
2016-03-11,61.725,62.055,61.593,62.028,756840,0
2016-03-14,61.943,61.943,61.707,61.81,478139,0
2016-03-15,61.48,61.545,61.339,61.518,616116,0
2016-03-16,61.31,62.261,61.178,62.188,665441,0
2016-03-17,62.3,62.82,62.141,62.66,872976,0
2016-03-18,62.575,62.679,62.396,62.518,1130698,0
2016-03-21,62.32,62.499,62.209,62.415,883195,0
2016-03-22,62.197,62.424,62.112,62.357,550479,0
2016-03-23,62.254,62.32,61.907,62.008,843522,0
2016-03-24,61.735,61.933,61.593,61.923,773828,0
2016-03-28,62.293,62.396,61.81,62.178,711794,0
2016-03-29,62.055,62.887,61.891,62.848,826381,0
2016-03-30,63.245,63.455,63.126,63.18,935486,0
2016-03-31,62.933,62.972,62.67,62.697,991940,0
2016-04-01,61.584,62.15,61.376,62.065,1130212,0
2016-04-04,62.367,62.424,62.081,62.178,868936,0
2016-04-05,61.537,61.688,61.376,61.49,4575195,0
2016-04-06,61.659,62.357,61.659,62.357,909627,0
2016-04-07,62.254,62.386,61.8,61.923,1408793,0
2016-04-08,62.764,62.82,62.538,62.707,744730,0
2016-04-11,62.962,63.142,62.717,62.726,825759,0
2016-04-12,63.065,63.462,62.736,63.349,724171,0
2016-04-13,63.707,63.85,63.519,63.727,1319151,0
2016-04-14,63.925,63.982,63.746,63.774,934813,0
2016-04-15,63.85,63.911,63.727,63.727,857353,0
2016-04-18,63.935,64.425,63.868,64.378,891049,0
2016-04-19,65.039,65.2,64.897,65.104,908463,0
2016-04-20,64.925,65.133,64.793,64.888,877791,0
2016-04-21,64.548,64.577,64.133,64.199,1336076,0
2016-04-22,63.962,64.16,63.793,64.019,848326,0
2016-04-25,63.897,63.991,63.727,63.945,708584,0
2016-04-26,64.19,64.298,63.982,64.142,774765,0
2016-04-27,63.85,64.075,63.717,63.991,540798,0
2016-04-28,63.528,63.952,63.387,63.519,636135,0
2016-04-29,63.548,63.743,63.188,63.452,783441,0
2016-05-02,64.104,64.246,63.878,64.151,641840,0
2016-05-03,63.897,64.006,63.528,63.642,1351399,0
2016-05-04,63.245,63.298,62.89,63.009,1587819,0
2016-05-05,63.075,63.234,62.808,62.991,1075873,0
2016-05-06,62.793,63.217,62.773,63.132,974128,0
2016-05-09,63.397,63.519,63.234,63.302,462508,0
2016-05-10,63.717,64.019,63.557,64.019,1115736,0
2016-05-11,63.736,63.83,63.499,63.519,1096213,0
2016-05-12,63.812,63.991,63.245,63.425,722027,0
2016-05-13,62.933,63.048,62.736,62.81,1204082,0
2016-05-16,62.943,63.387,62.896,63.33,3186282,0
2016-05-17,63.33,63.472,62.952,62.999,868555,0
2016-05-18,62.933,63.397,62.722,62.915,970364,0
2016-05-19,62.443,62.476,62.141,62.377,777069,0
2016-05-20,62.679,62.809,62.618,62.754,619335,0
2016-05-23,62.641,62.701,62.471,62.565,840625,0
2016-05-24,62.972,63.371,62.918,63.34,863926,0
2016-05-25,63.557,63.746,63.499,63.604,890836,0
2016-05-26,63.67,63.745,63.519,63.68,1639620,0
2016-05-27,63.548,63.651,63.443,63.509,594388,0
2016-05-31,63.727,63.774,63.193,63.264,1367490,0
2016-06-01,63.198,63.372,63.065,63.349,1115238,0
2016-06-02,63.142,63.311,62.999,63.311,831501,0
2016-06-03,63.746,64.075,63.59,64,1270621,0
2016-06-06,64.274,64.501,64.19,64.35,1044104,0
2016-06-07,64.652,64.747,64.519,64.519,945772,0
2016-06-08,64.793,64.869,64.661,64.7,788999,0
2016-06-09,64.274,64.33,64.03,64.207,813272,0
2016-06-10,63.302,63.311,62.697,62.877,1296088,0
2016-06-13,62.357,62.612,62.065,62.178,1218950,0
2016-06-14,61.688,61.697,61.149,61.433,1272824,0
2016-06-15,61.914,61.98,61.602,61.7,1020201,0
2016-06-16,61.149,61.847,60.791,61.83,1140416,0
2016-06-17,61.905,62.15,61.584,62.028,995678,0
2016-06-20,63.651,63.682,63.32,63.358,658102,0
2016-06-21,63.82,64.085,63.595,63.727,627470,0
2016-06-22,63.825,64.094,63.652,63.73,1144218,0
2016-06-23,64.525,64.812,64.132,64.726,849896,0
2016-06-24,61.056,62.133,60.97,60.97,2437019,0
2016-06-27,60.596,60.74,59.849,60.357,1425796,0
2016-06-28,61.794,62.004,61.382,62.004,1677445,0
2016-06-29,62.762,63.134,62.639,62.973,1864098,0
2016-06-30,63.088,63.614,62.934,63.605,1580768,0
2016-07-01,63.893,64.007,63.749,63.863,1688351,0
2016-07-05,63.451,63.49,63.047,63.154,1484787,0
2016-07-06,62.819,63.27,62.542,63.27,979511,0
2016-07-07,63.49,63.557,63.03,63.164,1311331,0
2016-07-08,63.461,63.73,63.317,63.662,1117580,0
2016-07-11,64.094,64.332,64.016,64.17,1075878,0
2016-07-12,64.457,64.582,64.228,64.391,956364,0
2016-07-13,64.276,64.401,64.094,64.17,1275301,0
2016-07-14,64.553,64.629,64.401,64.457,698075,0
2016-07-15,63.979,64.055,63.787,63.941,2129109,0
2016-07-18,64.017,64.16,63.883,64.046,811521,0
2016-07-19,63.863,63.941,63.701,63.806,822047,0
2016-07-20,64.295,64.429,64.205,64.333,889851,0
2016-07-21,63.931,64.036,63.802,63.902,745815,0
2016-07-22,64.084,64.113,63.921,64.036,511477,0
2016-07-25,64.094,64.103,63.864,64.027,527482,0
2016-07-26,64.371,64.505,64.113,64.285,835177,0
2016-07-27,64.208,64.314,63.797,64.208,780264,0
2016-07-28,64.343,64.352,64.027,64.276,647944,0
2016-07-29,64.698,65.058,64.568,64.975,883673,0
2016-08-01,64.908,65.071,64.754,64.793,840177,0
2016-08-02,64.917,64.917,64.63,64.793,1050753,0
2016-08-03,64.401,64.553,64.279,64.525,766182,0
2016-08-04,64.295,64.449,64.251,64.449,690716,0
2016-08-05,64.324,64.487,64.212,64.457,969885,0
2016-08-08,64.218,64.295,64.151,64.256,859941,0
2016-08-09,64.487,64.793,64.477,64.659,867351,0
2016-08-10,65.129,65.129,64.875,64.899,747128,0
2016-08-11,65.224,65.425,65.176,65.31,794750,0
2016-08-12,65.397,65.397,65.124,65.196,628970,0
2016-08-15,65.358,65.464,65.214,65.378,689275,0
2016-08-16,65.301,65.363,65.158,65.244,1095902,0
2016-08-17,65.1,65.335,64.822,65.186,857937,0
2016-08-18,65.119,65.402,65.033,65.378,495126,0
2016-08-19,64.698,64.808,64.525,64.774,720334,0
2016-08-22,64.698,64.899,64.592,64.879,993531,0
2016-08-23,65.425,65.531,65.244,65.282,731520,0
2016-08-24,65.176,65.254,64.947,65.023,837672,0
2016-08-25,64.937,65.061,64.87,64.937,982937,0
2016-08-26,64.947,65.358,64.225,64.391,1001743,0
2016-08-29,64.055,64.4,64.027,64.371,603351,0
2016-08-30,64.2,64.238,63.931,64.036,833187,0
2016-08-31,63.797,63.863,63.596,63.758,981135,0
2016-09-01,63.959,64.167,63.863,64.142,1193891,0
2016-09-02,64.784,64.958,64.64,64.87,889536,0
2016-09-06,65.148,65.531,65.082,65.511,1023998,0
2016-09-07,65.694,65.752,65.358,65.416,2842363,0
2016-09-08,65.503,65.559,65.186,65.234,1140133,0
2016-09-09,64.63,64.63,64.036,64.046,1022268,0
2016-09-12,63.835,64.573,63.739,64.534,749987,0
2016-09-13,63.873,63.911,63.25,63.471,1175705,0
2016-09-14,63.433,63.652,63.347,63.451,719522,0
2016-09-15,63.634,64.103,63.461,63.989,816314,0
2016-09-16,63.662,63.662,63.347,63.499,684983,0
2016-09-19,63.921,64.103,63.73,63.768,410351,0
2016-09-20,64.333,64.372,64.094,64.142,478448,0
2016-09-21,64.602,65.033,64.341,64.908,690396,0
2016-09-22,65.579,65.694,65.301,65.387,1765948,0
2016-09-23,65.013,65.057,64.879,64.879,606432,0
2016-09-26,64.678,64.698,64.525,64.611,657784,0
2016-09-27,64.698,65.109,64.621,65.109,754471,0
2016-09-28,65.167,65.406,64.87,65.387,580536,0
2016-09-29,64.965,65.024,64.352,64.496,571238,0
2016-09-30,64.63,64.965,64.525,64.812,734304,0
2016-10-03,64.736,64.793,64.567,64.726,821534,0
2016-10-04,64.746,64.774,64.228,64.352,1681621,0
2016-10-05,64.228,64.228,64.036,64.142,1149643,0
2016-10-06,63.519,63.519,63.279,63.337,1117989,0
2016-10-07,63.02,63.078,62.489,62.771,1304318,0
2016-10-10,62.963,63.088,62.877,62.934,637856,0
2016-10-11,62.771,62.771,62.11,62.235,1080886,0
2016-10-12,62.187,62.235,61.909,62.052,1165803,0
2016-10-13,61.737,62.254,61.622,62.072,960958,0
2016-10-14,62.331,62.397,62.004,62.004,542844,0
2016-10-17,61.919,61.938,61.717,61.813,2449419,0
2016-10-18,62.397,62.476,62.235,62.331,775317,0
2016-10-19,62.494,62.618,62.407,62.512,668978,0
2016-10-20,62.301,62.494,62.245,62.379,871848,0
2016-10-21,62.024,62.215,61.899,62.196,558930,0
2016-10-24,62.341,62.359,62.066,62.158,533177,0
2016-10-25,61.957,62.082,61.823,62.044,1012449,0
2016-10-26,61.851,61.947,61.698,61.765,708108,0
2016-10-27,61.899,61.899,61.554,61.622,503653,0
2016-10-28,61.554,61.631,61.431,61.526,857107,0
2016-10-31,61.593,61.727,61.449,61.602,660139,0
2016-11-01,61.833,61.833,61.42,61.536,1308250,0
2016-11-02,61.851,61.918,61.497,61.564,494661,0
2016-11-03,61.755,61.88,61.54,61.593,739452,0
2016-11-04,61.382,61.454,61.172,61.219,918457,0
2016-11-07,61.468,61.602,61.392,61.516,1211533,0
2016-11-08,61.363,61.689,61.284,61.536,976493,0
2016-11-09,61.287,61.746,61.18,61.44,1042426,0
2016-11-10,60.615,60.625,60.154,60.376,1480719,0
2016-11-11,60.107,60.232,59.774,59.944,804426,0
2016-11-14,59.428,59.44,59.121,59.293,5572875,0
2016-11-15,59.388,59.556,59.178,59.552,2439674,0
2016-11-16,59.245,59.341,59.121,59.197,6019990,0
2016-11-17,59.581,59.763,59.523,59.667,1599108,0
2016-11-18,59.187,59.243,58.987,59.131,1272799,0
2016-11-21,59.131,59.322,59.111,59.302,1354256,0
2016-11-22,59.332,59.381,59.149,59.322,1419229,0
2016-11-23,58.872,59.187,58.824,59.149,1308212,0
2016-11-25,59.245,59.312,59.15,59.293,518025,0
2016-11-28,59.293,59.428,59.264,59.35,1366229,0
2016-11-29,59.466,59.841,59.446,59.705,1331057,0
2016-11-30,59.734,59.777,59.398,59.428,1530175,0
2016-12-01,58.996,58.996,58.699,58.814,2140815,0
2016-12-02,58.728,59.068,58.699,58.938,3541703,0
2016-12-05,59.159,59.362,59.056,59.226,1604230,0
2016-12-06,59.131,59.418,59.131,59.408,2955625,0
2016-12-07,59.302,59.808,59.264,59.686,1873658,0
2016-12-08,59.322,59.513,59.274,59.418,2644916,0
2016-12-09,59.504,59.715,59.485,59.695,1983058,0
2016-12-12,59.542,59.695,59.504,59.629,1380908,0
2016-12-13,60.223,60.549,60.223,60.395,2087549,0
2016-12-14,60.28,60.366,59.388,59.437,1946430,0
2016-12-15,59.217,59.284,59.101,59.149,2138674,0
2016-12-16,59.063,59.332,59.015,59.139,1567728,0
2016-12-19,59.341,59.629,59.341,59.341,1397743,0
2016-12-20,59.428,59.647,59.428,59.571,1958941,0
2016-12-21,59.601,59.621,59.454,59.513,2326575,0
2016-12-22,59.523,59.64,59.464,59.474,1849221,0
2016-12-23,59.591,59.719,59.591,59.699,1495877,0
2016-12-27,59.817,59.827,59.685,59.768,2294686,0
2016-12-28,59.65,59.66,59.441,59.484,2539854,0
2016-12-29,59.699,59.915,59.699,59.827,2068006,0
2016-12-30,60.19,60.297,59.915,60.023,1371771,0
2017-01-03,60.033,60.121,59.876,60.091,943396,0
2017-01-04,60.386,60.719,60.376,60.699,1201240,0
2017-01-05,61.111,61.484,61.052,61.415,1669749,0
2017-01-06,61.219,61.346,61.18,61.258,1100220,0
2017-01-09,61.17,61.297,61.097,61.268,932230,0
2017-01-10,61.17,61.386,61.16,61.16,1008859,0
2017-01-11,61.033,61.503,60.881,61.454,976234,0
2017-01-12,61.366,61.386,61.233,61.386,689616,0
2017-01-13,61.454,61.67,61.395,61.66,994372,0
2017-01-17,61.748,61.788,61.592,61.788,1247017,0
2017-01-18,61.601,61.685,61.386,61.513,1085686,0
2017-01-19,61.297,61.356,61.131,61.356,2301538,0
2017-01-20,61.386,61.505,61.327,61.494,1105065,0
2017-01-23,61.415,61.68,61.376,61.67,1170189,0
2017-01-24,61.543,61.753,61.543,61.699,1335694,0
2017-01-25,61.778,62.052,61.763,62.023,1152088,0
2017-01-26,61.876,61.896,61.663,61.739,1118041,0
2017-01-27,61.807,61.837,61.692,61.778,789515,0
2017-01-30,61.513,61.708,61.4,61.69,706385,0
2017-01-31,61.837,62.023,61.778,61.935,829640,0
2017-02-01,62.199,62.258,61.989,62.121,1133506,0
2017-02-02,62.268,62.356,62.121,62.219,749429,0
2017-02-03,62.366,62.536,62.288,62.435,785041,0
2017-02-06,62.082,62.307,62.082,62.288,1645202,0
2017-02-07,62.229,62.454,62.229,62.396,1577428,0
2017-02-08,62.474,62.709,62.454,62.68,956745,0
2017-02-09,62.66,62.758,62.572,62.68,805822,0
2017-02-10,62.484,62.763,62.474,62.67,1201086,0
2017-02-13,62.709,62.748,62.582,62.631,823154,0
2017-02-14,62.445,62.445,62.101,62.317,1161586,0
2017-02-15,62.003,62.445,61.935,62.366,975645,0
2017-02-16,62.356,62.582,62.356,62.582,675760,0
2017-02-17,62.631,62.699,62.533,62.66,847745,0
2017-02-21,62.523,62.69,62.405,62.69,870944,0
2017-02-22,62.65,62.98,62.65,62.964,1020411,0
2017-02-23,63.111,63.255,63.092,63.219,783934,0
2017-02-24,62.866,63.111,62.866,63.033,778354,0
2017-02-27,62.964,63.141,62.945,63.043,665896,0
2017-02-28,63.072,63.258,62.989,63.033,1088110,0
2017-03-01,63.092,63.425,63.023,63.258,780562,0
2017-03-02,62.886,63.033,62.856,62.896,804354,0
2017-03-03,62.876,63.18,62.837,63.121,1064461,0
2017-03-06,62.954,63.043,62.879,62.964,987932,0
2017-03-07,62.729,62.915,62.673,62.847,812571,0
2017-03-08,62.69,62.739,62.601,62.601,1204289,0
2017-03-09,62.748,62.866,62.68,62.866,901821,0
2017-03-10,63.131,63.356,63.092,63.327,1101519,0
2017-03-13,63.484,63.68,63.484,63.631,874848,0
2017-03-14,63.337,63.435,63.291,63.376,732394,0
2017-03-15,63.454,64.229,63.411,64.19,814483,0
2017-03-16,64.396,64.42,64.278,64.396,1009291,0
2017-03-17,64.454,64.714,64.415,64.592,446940,0
2017-03-20,64.651,64.719,64.484,64.602,553064,0
2017-03-21,64.876,64.925,64.317,64.366,895250,0
2017-03-22,64.307,64.523,64.252,64.513,734273,0
2017-03-23,64.415,64.754,64.409,64.641,589667,0
2017-03-24,64.739,64.954,64.729,64.827,598314,0
2017-03-27,65.023,65.169,64.954,65.111,742804,0
2017-03-28,65.102,65.288,65.062,65.131,584618,0
2017-03-29,64.876,65.062,64.827,65.062,534498,0
2017-03-30,64.856,64.925,64.693,64.719,426285,0
2017-03-31,64.562,64.806,64.484,64.709,609186,0
2017-04-03,64.768,64.905,64.548,64.896,893976,0
2017-04-04,64.729,64.945,64.729,64.935,644622,0
2017-04-05,64.847,65.007,64.758,64.778,528766,0
2017-04-06,64.729,64.778,64.611,64.709,648277,0
2017-04-07,64.602,64.745,64.572,64.651,655333,0
2017-04-10,64.464,64.602,64.464,64.494,527497,0
2017-04-11,64.788,64.935,64.602,64.935,1017068,0
2017-04-12,64.964,65.17,64.896,65.102,864130,0
2017-04-13,64.984,65.01,64.807,64.807,641793,0
2017-04-17,65.229,65.317,65.173,65.249,533093,0
2017-04-18,65.003,65.16,64.86,65.151,604458,0
2017-04-19,65.062,65.082,64.817,64.837,731925,0
2017-04-20,65.151,65.278,65.092,65.102,983686,0
2017-04-21,64.925,65.053,64.896,65.043,505774,0
2017-04-24,65.856,66.043,65.824,66.043,450920,0
2017-04-25,66.072,66.209,66.023,66.18,816979,0
2017-04-26,65.847,66.023,65.847,65.906,504511,0
2017-04-27,65.964,66.052,65.847,66.043,405359,0
2017-04-28,65.925,65.984,65.901,65.945,513716,0
2017-05-01,66.121,66.17,66.033,66.033,523526,0
2017-05-02,66.357,66.513,66.298,66.513,640667,0
2017-05-03,66.445,66.553,66.351,66.425,453809,0
2017-05-04,66.592,66.955,66.533,66.955,707392,0
2017-05-05,67.043,67.474,66.987,67.445,897474,0
2017-05-08,67.386,67.386,67.239,67.268,541283,0
2017-05-09,67.308,67.357,67.2,67.327,567466,0
2017-05-10,67.406,67.464,67.327,67.406,506579,0
2017-05-11,67.19,67.308,67.111,67.308,1199794,0
2017-05-12,67.553,67.847,67.533,67.817,501667,0
2017-05-15,68.053,68.161,67.991,68.161,533561,0
2017-05-16,68.494,68.582,68.386,68.582,603757,0
2017-05-17,68.641,68.7,68.347,68.357,1413356,0
2017-05-18,68.366,68.602,68.337,68.543,1017862,0
2017-05-19,68.759,68.935,68.729,68.915,531552,0
2017-05-22,68.915,69.051,68.906,68.955,406454,0
2017-05-23,69.112,69.151,68.847,68.915,573115,0
2017-05-24,68.749,69.014,68.711,68.984,400403,0
2017-05-25,69.092,69.131,69.023,69.072,975032,0
2017-05-26,68.876,69.004,68.808,69.004,394748,0
2017-05-30,68.984,69.17,68.955,69.17,281335,0
2017-05-31,69.523,69.641,69.425,69.425,1094594,0
2017-06-01,69.759,69.935,69.698,69.935,790662,0
2017-06-02,70.2,70.474,70.123,70.474,656086,0
2017-06-05,70.318,70.367,70.249,70.288,478848,0
2017-06-06,70.259,70.318,70.189,70.288,728443,0
2017-06-07,70.2,70.268,69.916,70.131,535544,0
2017-06-08,69.788,69.788,69.592,69.788,446563,0
2017-06-09,69.2,69.386,69.072,69.239,928859,0
2017-06-12,69.121,69.17,68.974,69.121,320352,0
2017-06-13,69.445,69.602,69.437,69.582,522380,0
2017-06-14,70.072,70.092,69.565,69.768,703849,0
2017-06-15,69.082,69.337,69.043,69.327,447761,0
2017-06-16,69.592,69.876,69.58,69.876,510004,0
2017-06-19,70.023,70.112,69.975,70.043,451182,0
2017-06-20,69.92,70.03,69.61,69.71,610213,0
2017-06-21,69.53,69.636,69.5,69.6,675668,0
2017-06-22,69.7,69.76,69.62,69.67,406067,0
2017-06-23,69.65,69.8,69.54,69.77,540749,0
2017-06-26,70.04,70.0699,69.76,69.8,538080,0
2017-06-27,69.58,69.67,69.46,69.58,762432,0
2017-06-28,69.58,69.83,69.5177,69.8,470249,0
2017-06-29,69.49,69.49,69.031,69.23,536719,0
2017-06-30,69.36,69.439,69.005,69.24,628831,0
2017-07-03,69,69,68.86,68.88,223627,0
2017-07-05,68.56,68.8299,68.52,68.77,594067,0
2017-07-06,68.41,68.52,68.29,68.44,535533,0
2017-07-07,68.23,68.4082,68.11,68.34,1020404,0
2017-07-10,68.38,68.53,68.34,68.46,375061,0
2017-07-11,68.3,68.59,68.23,68.59,425899,0
2017-07-12,68.87,69.1,68.83,69,420887,0
2017-07-13,69.2,69.29,69.0541,69.23,282757,0
2017-07-14,69.5,69.7,69.42,69.7,382180,0
2017-07-17,69.68,69.7399,69.61,69.67,793137,0
2017-07-18,69.8,69.8999,69.73,69.85,419890,0
2017-07-19,70.14,70.2099,70.04,70.13,533949,0
2017-07-20,70.12,70.41,70.1,70.33,478444,0
2017-07-21,70.31,70.43,70.17,70.43,387012,0
2017-07-24,70.13,70.14,69.9467,70.11,490534,0
2017-07-25,70.26,70.26,69.965,70,336878,0
2017-07-26,70.05,70.4599,69.964,70.38,501189,0
2017-07-27,70.48,70.539,70.1138,70.25,411030,0
2017-07-28,70.1,70.32,70.05,70.29,708090,0
2017-07-31,70.44,70.57,70.32,70.52,399292,0
2017-08-01,70.99,71.08,70.87,70.91,478290,0
2017-08-02,71.02,71.06,70.873,70.92,324395,0
2017-08-03,71.1,71.25,71,71.16,341693,0
2017-08-04,71.04,71.09,70.7914,71.06,277568,0
2017-08-07,70.95,71.03,70.8836,71.03,221102,0
2017-08-08,70.89,70.93,70.62,70.67,374358,0
2017-08-09,70.44,70.6499,70.35,70.635,348791,0
2017-08-10,70.43,70.48,70,70.05,642158,0
2017-08-11,70,70.2,69.88,70.05,935606,0
2017-08-14,70.43,70.55,70.34,70.43,403224,0
2017-08-15,70.35,70.38,70.18,70.345,397021,0
2017-08-16,70.44,70.7599,70.4388,70.74,267533,0
2017-08-17,70.5,70.595,70.17,70.18,528233,0
2017-08-18,70.28,70.36,70.18,70.28,465183,0
2017-08-21,70.34,70.5,70.31,70.46,359677,0
2017-08-22,70.45,70.6,70.42,70.56,547049,0
2017-08-23,70.52,70.66,70.47,70.66,287896,0
2017-08-24,70.65,70.66,70.429,70.46,449154,0
2017-08-25,70.46,70.8099,70.4215,70.65,443717,0
2017-08-28,70.76,70.84,70.6991,70.8,331370,0
2017-08-29,70.64,70.8,70.54,70.54,422856,0
2017-08-30,70.35,70.59,70.35,70.52,540213,0
2017-08-31,70.78,71.11,70.67,71.11,484876,0
2017-09-01,71.2,71.23,70.95,70.98,328902,0
2017-09-05,70.74,70.77,70.37,70.59,607557,0
2017-09-06,70.88,70.98,70.76,70.76,563871,0
2017-09-07,71.27,71.4399,71.18,71.41,510882,0
2017-09-08,71.59,71.7043,71.5084,71.61,294186,0
2017-09-11,71.82,71.9139,71.7,71.7,348529,0
2017-09-12,71.65,71.71,71.46,71.66,219953,0
2017-09-13,71.44,71.45,71.12,71.12,225997,0
2017-09-14,70.99,71.22,70.94,71.22,384246,0
2017-09-15,71.16,71.1931,71.01,71.16,370686,0
2017-09-18,71.24,71.2899,71.0063,71.12,345681,0
2017-09-19,71.27,71.31,71.1,71.255,437689,0
2017-09-20,71.25,71.3368,70.631,70.93,386320,0
2017-09-21,70.6,70.7066,70.49,70.61,452695,0
2017-09-22,71,71.0128,70.8268,70.86,295390,0
2017-09-25,70.91,71.01,70.69,70.9,454803,0
2017-09-26,70.83,70.83,70.5664,70.75,330715,0
2017-09-27,70.39,70.6187,70.29,70.55,651263,0
2017-09-28,70.47,70.79,70.47,70.75,391373,0
2017-09-29,70.88,71.1116,70.7,71.06,960323,0
2017-10-02,70.97,71.11,70.87,71.02,518712,0
2017-10-03,71.06,71.19,71,71.19,477712,0
2017-10-04,71.16,71.2261,71.0869,71.2,441037,0
2017-10-05,71.1,71.169,71.06,71.12,464461,0
2017-10-06,70.8,71.05,70.7,71.05,390799,0
2017-10-09,71.12,71.16,71.0445,71.11,413804,0
2017-10-10,71.61,71.8,71.4,71.77,740827,0
2017-10-11,71.89,72.02,71.89,72.02,428055,0
2017-10-12,72.08,72.23,72,72.13,944906,0
2017-10-13,72.63,72.64,72.37,72.39,420023,0
2017-10-16,72.2,72.24,72.06,72.13,332141,0
2017-10-17,72.02,72.03,71.83,72.02,469242,0
2017-10-18,72.04,72.1659,71.88,72.09,555100,0
2017-10-19,71.85,71.97,71.78,71.92,516872,0
2017-10-20,71.9,71.9,71.68,71.78,313736,0
2017-10-23,71.75,71.7778,71.57,71.63,290536,0
2017-10-24,71.6,71.65,71.48,71.5,391425,0
2017-10-25,71.39,71.39,70.96,71.18,507823,0
2017-10-26,71.5,71.5,71.22,71.22,474169,0
2017-10-27,71.35,71.57,71.221,71.55,295112,0
2017-10-30,71.5,71.62,71.38,71.58,353448,0
2017-10-31,71.68,71.82,71.6236,71.78,495157,0
2017-11-01,71.92,71.96,71.66,71.66,578108,0
2017-11-02,71.56,71.655,71.44,71.65,387317,0
2017-11-03,71.58,71.63,71.39,71.61,532033,0
2017-11-06,71.58,71.82,71.53,71.82,227264,0
2017-11-07,71.6288,71.73,71.53,71.73,400703,0
2017-11-08,71.88,72.01,71.8,71.91,517206,0
2017-11-09,71.49,71.77,71.37,71.7,437217,0
2017-11-10,71.49,71.61,71.43,71.56,251671,0
