Date,Open,High,Low,Close,Volume,OpenInt
2013-05-24,17.133,17.168,17.099,17.133,2814576,0
2013-05-28,17.141,17.168,17.133,17.168,492462,0
2013-05-29,17.168,17.195,17.133,17.156,275194,0
2013-05-30,17.163,17.202,17.133,17.133,280632,0
2013-05-31,17.171,17.171,17.137,17.171,223572,0
2013-06-03,17.168,17.202,17.133,17.202,317143,0
2013-06-04,17.168,17.195,17.133,17.173,189840,0
2013-06-05,17.141,17.156,17.133,17.156,170611,0
2013-06-06,17.156,17.156,17.133,17.156,197349,0
2013-06-07,17.156,17.156,17.133,17.141,176519,0
2013-06-10,17.156,17.195,17.133,17.133,144111,0
2013-06-11,17.168,17.168,17.133,17.168,168365,0
2013-06-12,17.163,17.168,17.133,17.141,231980,0
2013-06-13,17.133,17.148,17.133,17.148,147687,0
2013-06-14,17.133,17.202,17.133,17.18,151449,0
2013-06-17,17.148,17.168,17.099,17.168,185026,0
2013-06-18,17.133,17.163,17.133,17.133,181289,0
2013-06-19,17.148,17.168,17.133,17.168,158243,0
2013-06-20,17.133,17.156,17.099,17.099,327110,0
2013-06-21,17.099,17.121,17.006,17.059,366675,0
2013-06-24,17.023,17.029,16.793,16.799,710123,0
2013-06-25,16.793,16.831,16.758,16.758,317851,0
2013-06-26,16.758,16.93,16.758,16.895,231839,0
2013-06-27,16.793,16.812,16.449,16.613,1536334,0
2013-06-28,17.214,17.405,16.833,17.391,825327,0
2013-07-01,16.961,17.133,16.805,16.998,226361,0
2013-07-02,16.998,17.126,16.778,16.982,158082,0
2013-07-03,16.977,16.977,16.895,16.961,82702,0
2013-07-05,17.023,17.023,16.706,16.751,98742,0
2013-07-08,16.585,16.613,16.216,16.283,232050,0
2013-07-09,16.14,16.14,15.84,16.106,273174,0
2013-07-10,16.14,16.187,16.004,16.187,174020,0
2013-07-11,16.106,16.481,16.106,16.449,132831,0
2013-07-12,16.656,16.656,16.114,16.513,155732,0
2013-07-15,16.513,16.558,16.036,16.042,139507,0
2013-07-16,16.011,16.057,15.548,15.709,365541,0
2013-07-17,15.756,16.05,15.625,15.665,244555,0
2013-07-18,15.625,15.817,15.455,15.544,220209,0
2013-07-19,15.682,16.229,15.49,15.796,170089,0
2013-07-22,16.031,16.161,15.776,16.14,194150,0
2013-07-23,16.261,16.277,15.859,15.859,188253,0
2013-07-24,15.824,16.147,15.72,15.906,239693,0
2013-07-25,15.847,15.947,15.625,15.94,228193,0
2013-07-26,15.991,16.024,15.729,15.886,146552,0
2013-07-29,15.832,16.14,15.682,15.832,184607,0
2013-07-30,15.697,15.954,15.508,15.593,298218,0
2013-07-31,15.697,15.749,14.981,15.31,639998,0
2013-08-01,15.203,15.355,14.853,15.152,324497,0
2013-08-02,15.234,15.321,14.923,15.284,199601,0
2013-08-05,15.189,15.662,15.009,15.023,163939,0
2013-08-06,15.009,15.18,14.836,15.103,249423,0
2013-08-07,15.175,15.29,14.899,15.023,180114,0
2013-08-08,15.111,15.175,14.917,14.963,145261,0
2013-08-09,15.009,15.103,14.871,14.972,193194,0
2013-08-12,15.16,15.298,14.981,15.009,193504,0
2013-08-13,15.009,15.077,14.628,14.686,425104,0
2013-08-14,14.694,14.94,14.532,14.905,237601,0
2013-08-15,14.85,14.85,14.489,14.59,417447,0
2013-08-16,14.575,14.718,14.372,14.582,334843,0
2013-08-19,14.532,14.532,13.937,14.091,536160,0
2013-08-20,14.042,14.54,14.042,14.394,392130,0
2013-08-21,14.186,14.621,14.146,14.504,390731,0
2013-08-22,14.54,14.679,14.318,14.497,325853,0
2013-08-23,14.415,14.598,14.296,14.448,195129,0
2013-08-26,14.456,14.553,14.139,14.394,417862,0
2013-08-27,14.387,14.699,14.332,14.636,278983,0
2013-08-28,14.442,14.734,14.442,14.694,287525,0
2013-08-29,14.734,14.829,14.54,14.788,279279,0
2013-08-30,14.849,15.004,14.828,14.982,144218,0
2013-09-03,14.749,14.89,14.398,14.524,296293,0
2013-09-04,14.47,14.695,14.266,14.455,385388,0
2013-09-05,14.593,14.593,14.366,14.398,192062,0
2013-09-06,14.774,14.774,14.393,14.463,237791,0
2013-09-09,14.471,14.56,14.274,14.372,337165,0
2013-09-10,14.421,14.622,14.336,14.47,249945,0
2013-09-11,14.423,14.79,14.423,14.72,273309,0
2013-09-12,14.754,14.799,14.605,14.673,215188,0
2013-09-13,14.807,14.909,14.659,14.799,340796,0
2013-09-16,14.813,15.054,14.805,14.831,375616,0
2013-09-17,14.813,14.913,14.54,14.664,416904,0
2013-09-18,14.72,14.857,14.316,14.741,567268,0
2013-09-19,14.748,14.825,14.338,14.497,411915,0
2013-09-20,14.455,14.593,14.329,14.385,273116,0
2013-09-23,14.367,14.442,14.274,14.378,387778,0
2013-09-24,14.377,14.593,14.351,14.406,552602,0
2013-09-25,14.446,14.488,14.293,14.427,456744,0
2013-09-26,14.434,14.56,14.358,14.496,270977,0
2013-09-27,14.512,14.638,14.398,14.532,367918,0
2013-09-30,14.75,15.082,14.606,15.061,1452667,0
2013-10-01,14.767,15.112,14.649,15.051,248267,0
2013-10-02,14.946,15.03,14.897,14.994,210095,0
2013-10-03,15.017,15.085,14.84,14.847,146457,0
2013-10-04,14.814,15.017,14.799,14.979,196214,0
2013-10-07,14.875,14.903,14.524,14.539,389928,0
2013-10-08,14.496,14.599,14.385,14.385,354099,0
2013-10-09,14.314,14.483,14.293,14.372,234039,0
2013-10-10,14.446,14.754,14.385,14.674,395821,0
2013-10-11,14.615,14.821,14.599,14.761,281603,0
2013-10-14,14.649,15.155,14.59,15.043,381780,0
2013-10-15,15.22,15.22,14.922,15.071,399091,0
2013-10-16,14.986,14.986,14.643,14.707,420919,0
2013-10-17,14.702,15.009,14.59,14.792,411394,0
2013-10-18,14.807,14.853,14.649,14.659,276317,0
2013-10-21,14.681,14.742,14.512,14.593,326175,0
2013-10-22,14.649,14.84,14.643,14.775,730579,0
2013-10-23,14.736,14.922,14.721,14.728,337244,0
2013-10-24,14.792,14.868,14.532,14.742,505646,0
2013-10-25,14.783,14.84,14.681,14.713,375346,0
2013-10-28,14.707,14.807,14.638,14.688,304983,0
2013-10-29,14.702,14.767,14.629,14.742,350709,0
2013-10-30,14.736,14.827,14.643,14.702,350598,0
2013-10-31,14.926,14.976,14.853,14.926,314143,0
2013-11-01,14.704,14.796,14.596,14.716,343546,0
2013-11-04,14.697,14.894,14.526,14.846,299587,0
2013-11-05,14.732,14.837,14.708,14.796,290059,0
2013-11-06,14.824,14.927,14.811,14.919,473421,0
2013-11-07,14.824,14.927,14.691,14.704,448799,0
2013-11-08,14.669,14.739,14.385,14.422,600910,0
2013-11-11,14.497,14.571,14.413,14.442,342333,0
2013-11-12,14.448,14.49,14.26,14.278,512516,0
2013-11-13,14.272,14.399,14.245,14.314,523047,0
2013-11-14,14.351,14.542,14.351,14.471,440808,0
2013-11-15,14.625,14.625,14.463,14.534,357006,0
2013-11-18,14.513,14.631,14.513,14.631,489468,0
2013-11-19,14.556,14.602,14.442,14.479,753853,0
2013-11-20,14.367,14.497,14.367,14.407,651810,0
2013-11-21,14.359,14.385,14.266,14.314,713790,0
2013-11-22,14.314,14.372,14.165,14.272,979726,0
2013-11-25,14.253,14.399,14.231,14.367,994619,0
2013-11-26,14.407,14.548,14.372,14.521,473130,0
2013-11-27,14.513,14.608,14.456,14.548,421940,0
2013-11-29,14.649,14.707,14.53,14.59,200799,0
2013-12-02,14.593,14.593,14.486,14.509,407879,0
2013-12-03,14.466,14.567,14.459,14.494,455798,0
2013-12-04,14.459,14.522,14.401,14.474,543192,0
2013-12-05,14.424,14.474,14.424,14.43,635437,0
2013-12-06,14.439,14.598,14.439,14.552,550509,0
2013-12-09,14.552,14.628,14.482,14.509,482018,0
2013-12-10,14.509,14.552,14.494,14.509,539184,0
2013-12-11,14.517,14.581,14.45,14.482,796890,0
2013-12-12,14.494,14.537,14.482,14.517,452665,0
2013-12-13,14.517,14.628,14.486,14.531,388556,0
2013-12-16,14.59,14.703,14.567,14.567,526442,0
2013-12-17,14.622,14.695,14.567,14.628,630222,0
2013-12-18,14.604,14.703,14.567,14.695,850293,0
2013-12-19,14.614,14.776,14.598,14.737,625086,0
2013-12-20,14.695,14.872,14.695,14.707,663653,0
2013-12-23,14.722,14.887,14.722,14.755,989924,0
2013-12-24,14.755,14.959,14.755,14.872,394594,0
2013-12-26,14.872,15.028,14.794,14.951,861145,0
2013-12-27,15.071,15.331,15.033,15.3,599480,0
2013-12-30,15.228,15.3,14.941,14.983,940881,0
2013-12-31,14.963,15.286,14.918,15.263,872252,0
2014-01-02,15.171,15.292,15.143,15.292,185503,0
2014-01-03,15.241,15.292,15.156,15.185,132284,0
2014-01-06,15.179,15.255,15.156,15.228,231621,0
2014-01-07,15.216,15.308,15.171,15.234,213918,0
2014-01-08,15.249,15.345,15.179,15.3,262245,0
2014-01-09,15.264,15.46,15.264,15.391,261348,0
2014-01-10,15.422,15.5,15.385,15.452,211388,0
2014-01-13,15.437,15.495,15.366,15.445,231694,0
2014-01-14,15.475,15.475,15.21,15.249,347647,0
2014-01-15,15.315,15.337,15.216,15.285,290706,0
2014-01-16,15.234,15.397,15.234,15.36,250057,0
2014-01-17,15.324,15.437,15.324,15.391,221154,0
2014-01-21,15.36,15.5,15.345,15.352,379378,0
2014-01-22,15.331,15.469,15.331,15.437,329688,0
2014-01-23,15.431,15.5,15.414,15.46,381241,0
2014-01-24,15.445,15.46,15.373,15.414,274182,0
2014-01-27,15.445,15.475,15.179,15.185,301774,0
2014-01-28,15.241,15.315,15.143,15.156,422888,0
2014-01-29,15.121,15.148,15.097,15.128,391007,0
2014-01-30,15.156,15.185,15.113,15.156,340196,0
2014-01-31,15.121,15.216,15.105,15.136,323614,0
2014-02-03,15.198,15.203,15.086,15.114,356308,0
2014-02-04,15.179,15.212,15.086,15.107,389825,0
2014-02-05,15.123,15.266,15.114,15.236,284665,0
2014-02-06,15.295,15.449,15.295,15.434,454093,0
2014-02-07,15.528,15.579,15.484,15.519,316051,0
2014-02-10,15.579,15.657,15.535,15.657,565728,0
2014-02-11,15.629,15.635,15.602,15.614,449719,0
2014-02-12,15.657,15.703,15.505,15.555,282909,0
2014-02-13,15.587,15.737,15.555,15.689,282603,0
2014-02-14,15.737,15.81,15.715,15.767,326773,0
2014-02-18,15.773,15.876,15.715,15.854,351517,0
2014-02-19,15.795,15.86,15.696,15.715,299929,0
2014-02-20,15.703,15.737,15.672,15.703,224735,0
2014-02-21,15.801,15.801,15.649,15.657,280191,0
2014-02-24,15.722,15.832,15.629,15.681,291662,0
2014-02-25,15.663,15.788,15.649,15.752,278389,0
2014-02-26,15.689,15.832,15.689,15.773,191312,0
2014-02-27,15.795,15.924,15.737,15.919,284643,0
2014-02-28,15.946,16.027,15.889,16.006,361701,0
2014-03-03,16.029,16.029,15.869,15.971,195785,0
2014-03-04,15.962,16.102,15.817,15.89,298361,0
2014-03-05,15.855,16.022,15.78,15.993,246658,0
2014-03-06,15.955,16.058,15.933,16.009,205501,0
2014-03-07,15.979,16.009,15.76,15.825,268485,0
2014-03-10,15.773,15.869,15.773,15.848,263838,0
2014-03-11,15.795,15.848,15.743,15.767,200576,0
2014-03-12,15.78,15.979,15.752,15.955,215134,0
2014-03-13,16.022,16.078,15.869,15.904,265964,0
2014-03-14,15.979,15.993,15.897,15.94,226871,0
2014-03-17,16.042,16.05,15.919,15.979,246244,0
2014-03-18,15.955,16.102,15.89,16.102,299135,0
2014-03-19,16.042,16.102,15.933,15.933,212368,0
2014-03-20,15.919,16.009,15.833,15.833,223218,0
2014-03-21,15.848,15.971,15.842,15.913,239099,0
2014-03-24,15.993,15.993,15.855,15.897,231807,0
2014-03-25,15.861,15.925,15.811,15.897,286058,0
2014-03-26,15.919,16.002,15.883,15.971,194902,0
2014-03-27,15.987,15.987,15.925,15.979,174644,0
2014-03-28,15.962,16.062,15.948,16.029,177611,0
2014-03-31,16.062,16.152,15.979,16.13,213225,0
2014-04-01,16.213,16.251,16.14,16.222,252153,0
2014-04-02,16.251,16.251,16.104,16.14,186546,0
2014-04-03,16.14,16.272,16.119,16.235,188800,0
2014-04-04,16.222,16.251,16.163,16.235,159873,0
2014-04-07,16.242,16.242,16.14,16.199,154602,0
2014-04-08,16.172,16.222,16.119,16.222,145494,0
2014-04-09,16.222,16.251,16.148,16.229,234946,0
2014-04-10,16.347,16.347,16.251,16.286,268461,0
2014-04-11,16.263,16.308,16.199,16.222,188609,0
2014-04-14,16.213,16.272,16.163,16.183,215239,0
2014-04-15,16.213,16.316,16.176,16.308,212149,0
2014-04-16,16.308,16.334,16.229,16.334,294445,0
2014-04-17,16.303,16.418,16.286,16.368,177499,0
2014-04-21,16.441,16.441,16.34,16.383,158667,0
2014-04-22,16.353,16.433,16.324,16.34,232428,0
2014-04-23,16.361,16.485,16.353,16.433,306194,0
2014-04-24,16.464,16.485,16.387,16.472,189517,0
2014-04-25,16.441,16.501,16.374,16.485,180724,0
2014-04-28,16.492,16.51,16.449,16.51,115157,0
2014-04-29,16.51,16.617,16.464,16.609,278113,0
2014-04-30,16.617,16.67,16.542,16.633,227829,0
2014-05-01,16.636,16.685,16.619,16.658,191267,0
2014-05-02,16.619,16.649,16.524,16.611,197544,0
2014-05-05,16.536,16.72,16.536,16.704,174915,0
2014-05-06,16.649,16.685,16.587,16.649,157489,0
2014-05-07,16.619,16.79,16.619,16.667,220289,0
2014-05-08,16.697,16.71,16.603,16.619,225439,0
2014-05-09,16.636,16.649,16.502,16.573,194962,0
2014-05-12,16.611,16.69,16.581,16.636,172025,0
2014-05-13,16.636,16.685,16.619,16.627,186775,0
2014-05-14,16.619,16.685,16.524,16.649,191906,0
2014-05-15,16.658,16.79,16.636,16.752,217732,0
2014-05-16,16.768,16.84,16.735,16.84,237034,0
2014-05-19,16.803,16.861,16.784,16.819,179010,0
2014-05-20,16.803,16.832,16.768,16.768,163052,0
2014-05-21,16.768,16.832,16.697,16.768,288647,0
2014-05-22,16.71,16.825,16.658,16.76,423970,0
2014-05-23,16.744,16.784,16.673,16.685,160485,0
2014-05-27,16.68,16.744,16.619,16.658,437871,0
2014-05-28,16.658,16.798,16.658,16.784,247452,0
2014-05-29,16.76,16.803,16.68,16.735,271747,0
2014-05-30,16.704,16.847,16.704,16.84,210529,0
2014-06-02,16.907,16.907,16.754,16.786,186827,0
2014-06-03,16.786,16.812,16.705,16.705,214428,0
2014-06-04,16.705,16.786,16.492,16.529,343461,0
2014-06-05,16.524,16.674,16.524,16.536,176823,0
2014-06-06,16.581,16.721,16.566,16.611,267569,0
2014-06-09,16.611,16.674,16.566,16.581,180140,0
2014-06-10,16.595,16.729,16.581,16.729,184648,0
2014-06-11,16.729,16.863,16.691,16.842,200826,0
2014-06-12,16.833,16.931,16.812,16.924,171867,0
2014-06-13,16.924,16.931,16.721,16.754,262526,0
2014-06-16,16.697,16.786,16.649,16.659,191391,0
2014-06-17,16.691,16.691,16.581,16.636,274964,0
2014-06-18,16.628,16.721,16.619,16.705,212487,0
2014-06-19,16.754,16.969,16.674,16.946,322253,0
2014-06-20,16.946,16.992,16.842,16.977,232739,0
2014-06-23,16.984,16.984,16.848,16.96,271557,0
2014-06-24,16.977,17.041,16.916,16.953,473398,0
2014-06-25,16.992,17.013,16.905,16.953,223772,0
2014-06-26,17.027,17.027,16.969,16.969,99880,0
2014-06-27,17.008,17.088,16.984,17.088,169285,0
2014-06-30,17.065,17.118,16.953,17.008,302873,0
2014-07-01,17.029,17.068,16.933,16.985,229272,0
2014-07-02,16.94,17.015,16.843,16.881,240857,0
2014-07-03,16.918,16.918,16.618,16.643,164640,0
2014-07-07,16.697,16.813,16.658,16.806,193842,0
2014-07-08,16.786,16.971,16.522,16.947,290065,0
2014-07-09,16.954,16.954,16.843,16.848,165120,0
2014-07-10,16.863,16.881,16.737,16.806,176831,0
2014-07-11,16.813,16.905,16.754,16.863,79746,0
2014-07-14,16.82,16.94,16.806,16.889,193106,0
2014-07-15,16.889,16.954,16.889,16.918,171186,0
2014-07-16,16.897,16.908,16.754,16.799,256710,0
2014-07-17,16.777,16.834,16.649,16.686,251342,0
2014-07-18,16.746,16.777,16.673,16.737,163273,0
2014-07-21,16.737,16.799,16.711,16.729,152705,0
2014-07-22,16.721,16.77,16.667,16.691,367886,0
2014-07-23,16.762,16.793,16.667,16.697,249982,0
2014-07-24,16.729,16.729,16.649,16.681,255953,0
2014-07-25,16.658,16.691,16.636,16.658,266193,0
2014-07-28,16.636,16.762,16.627,16.762,251353,0
2014-07-29,16.762,16.762,16.686,16.746,145209,0
2014-07-30,16.77,16.799,16.673,16.737,204065,0
2014-07-31,16.686,16.686,16.462,16.477,479565,0
2014-08-01,16.472,16.567,16.365,16.392,313372,0
2014-08-04,16.392,16.432,16.289,16.319,324754,0
2014-08-05,16.319,16.372,16.172,16.175,194395,0
2014-08-06,16.175,16.337,16.139,16.312,177038,0
2014-08-07,16.337,16.455,16.337,16.418,127579,0
2014-08-08,16.472,16.485,16.392,16.409,114732,0
2014-08-11,16.502,16.53,16.372,16.44,250014,0
2014-08-12,16.455,16.493,16.432,16.478,97876,0
2014-08-13,16.53,16.544,16.448,16.511,119112,0
2014-08-14,16.574,16.652,16.53,16.638,138338,0
2014-08-15,16.716,16.716,16.567,16.631,166865,0
2014-08-18,16.652,16.683,16.597,16.638,259132,0
2014-08-19,16.638,16.683,16.574,16.622,263266,0
2014-08-20,16.677,16.694,16.574,16.638,179556,0
2014-08-21,16.652,16.652,16.553,16.588,263785,0
2014-08-22,16.597,16.652,16.559,16.647,216994,0
2014-08-25,16.652,16.887,16.638,16.716,454884,0
2014-08-26,16.802,16.861,16.707,16.734,304684,0
2014-08-27,16.79,16.831,16.741,16.811,272739,0
2014-08-28,16.84,16.851,16.781,16.851,232812,0
2014-08-29,16.851,16.931,16.851,16.923,178300,0
2014-09-02,16.985,16.985,16.888,16.985,338559,0
2014-09-03,17.022,17.022,16.888,16.994,213876,0
2014-09-04,16.978,17.015,16.947,16.947,389274,0
2014-09-05,16.947,17.002,16.895,16.933,132567,0
2014-09-08,16.895,17.036,16.811,16.848,286262,0
2014-09-09,16.88,16.947,16.751,16.79,278312,0
2014-09-10,16.819,16.819,16.662,16.717,202157,0
2014-09-11,16.694,16.694,16.582,16.605,216221,0
2014-09-12,16.638,16.677,16.516,16.567,221765,0
2014-09-15,16.652,16.652,16.47,16.524,224577,0
2014-09-16,16.529,16.614,16.485,16.536,328786,0
2014-09-17,16.536,16.582,16.462,16.543,250412,0
2014-09-18,16.529,16.647,16.379,16.39,355042,0
2014-09-19,16.431,16.485,16.263,16.363,531447,0
2014-09-22,16.363,16.417,16.22,16.256,396661,0
2014-09-23,16.256,16.417,16.256,16.286,360531,0
2014-09-24,16.326,16.37,16.227,16.317,334974,0
2014-09-25,16.294,16.385,16.256,16.28,307651,0
2014-09-26,16.28,16.317,16.227,16.28,211532,0
2014-09-29,16.263,16.335,16.249,16.335,186047,0
2014-09-30,16.349,16.51,16.343,16.485,344973,0
2014-10-01,16.499,16.613,16.396,16.588,226162,0
2014-10-02,16.58,16.58,16.437,16.452,209351,0
2014-10-03,16.467,16.63,16.467,16.588,208273,0
2014-10-06,16.63,16.682,16.551,16.621,211444,0
2014-10-07,16.613,16.63,16.551,16.605,206001,0
2014-10-08,16.605,16.621,16.482,16.58,195104,0
2014-10-09,16.596,16.651,16.475,16.527,243378,0
2014-10-10,16.542,16.588,16.346,16.396,186494,0
2014-10-13,16.437,16.491,16.055,16.085,459435,0
2014-10-14,16.306,16.314,16.108,16.172,465635,0
2014-10-15,16.117,16.277,16.117,16.253,460742,0
2014-10-16,16.163,16.522,16.163,16.444,300395,0
2014-10-17,16.527,16.621,16.437,16.522,221655,0
2014-10-20,16.522,16.596,16.437,16.46,187539,0
2014-10-21,16.542,16.669,16.522,16.58,283270,0
2014-10-22,16.58,16.596,16.46,16.534,237437,0
2014-10-23,16.596,16.63,16.527,16.588,203399,0
2014-10-24,16.646,16.646,16.534,16.573,164202,0
2014-10-27,16.588,16.669,16.527,16.646,248177,0
2014-10-28,16.682,16.734,16.613,16.734,228258,0
2014-10-29,16.676,16.833,16.676,16.826,187767,0
2014-10-30,16.804,16.804,16.717,16.751,166735,0
2014-10-31,16.767,16.804,16.742,16.776,117106,0
2014-11-03,16.861,16.87,16.773,16.773,162466,0
2014-11-04,16.773,16.861,16.714,16.802,141977,0
2014-11-05,16.852,16.879,16.789,16.789,174060,0
2014-11-06,16.819,16.908,16.795,16.888,131776,0
2014-11-07,16.847,16.996,16.84,16.918,192253,0
2014-11-10,16.947,16.996,16.927,16.933,173523,0
2014-11-11,16.918,16.972,16.861,16.879,156381,0
2014-11-12,16.888,16.927,16.681,16.723,362120,0
2014-11-13,16.714,16.773,16.666,16.666,233632,0
2014-11-14,16.673,16.732,16.617,16.692,285591,0
2014-11-17,16.732,16.789,16.57,16.648,318821,0
2014-11-18,16.723,16.918,16.657,16.861,468459,0
2014-11-19,16.927,16.963,16.87,16.933,259884,0
2014-11-20,16.895,17.048,16.895,16.963,273289,0
2014-11-21,17.025,17.126,16.996,17.086,330526,0
2014-11-24,17.078,17.103,16.963,17.072,276868,0
2014-11-25,17.133,17.264,17.078,17.256,408306,0
2014-11-26,17.361,17.378,17.242,17.361,374120,0
2014-11-28,17.436,17.515,17.264,17.494,152591,0
2014-12-01,17.496,17.518,17.304,17.387,399845,0
2014-12-02,17.395,17.518,17.28,17.518,972962,0
2014-12-03,17.405,17.596,17.256,17.32,279229,0
2014-12-04,17.297,17.459,17.242,17.452,260257,0
2014-12-05,17.405,17.488,16.953,17.077,454861,0
2014-12-08,17.062,17.256,16.985,17.203,410576,0
2014-12-09,17.002,17.177,16.931,17.046,334451,0
2014-12-10,17.046,17.194,17.002,17.118,247336,0
2014-12-11,17.085,17.437,17.071,17.34,347426,0
2014-12-12,17.297,17.387,17.194,17.225,272093,0
2014-12-15,17.256,17.288,16.753,16.816,403759,0
2014-12-16,16.753,16.799,16.351,16.558,525032,0
2014-12-17,16.58,16.907,16.558,16.902,424229,0
2014-12-18,16.907,17.165,16.893,17.03,263848,0
2014-12-19,17.01,17.118,16.946,16.985,224801,0
2014-12-22,17.062,17.17,16.837,16.886,381000,0
2014-12-23,16.907,17.03,16.786,16.844,360479,0
2014-12-24,16.867,16.886,16.727,16.793,172740,0
2014-12-26,16.799,17.037,16.799,17.023,238215,0
2014-12-29,17.059,17.381,17.059,17.363,457400,0
2014-12-30,17.297,17.439,17.224,17.439,564830,0
2014-12-31,17.407,17.877,17.348,17.877,1251681,0
2015-01-02,17.689,17.689,17.397,17.585,246440,0
2015-01-05,17.513,17.513,17.124,17.163,335317,0
2015-01-06,17.138,17.355,17.124,17.348,276919,0
2015-01-07,17.491,17.513,17.255,17.474,319766,0
2015-01-08,17.499,17.541,17.445,17.491,277288,0
2015-01-09,17.541,17.541,17.321,17.469,239484,0
2015-01-12,17.531,17.55,17.334,17.423,209622,0
2015-01-13,17.469,17.474,17.147,17.264,299714,0
2015-01-14,17.147,17.348,17.124,17.255,288849,0
2015-01-15,17.373,17.373,17.124,17.176,302730,0
2015-01-16,17.233,17.397,17.163,17.381,287926,0
2015-01-20,17.397,17.601,17.321,17.522,305090,0
2015-01-21,17.513,17.531,17.381,17.454,254664,0
2015-01-22,17.513,17.558,17.321,17.513,406534,0
2015-01-23,17.513,17.65,17.469,17.627,209793,0
2015-01-26,17.634,17.634,17.522,17.601,188092,0
2015-01-27,17.572,17.751,17.558,17.65,305903,0
2015-01-28,17.715,17.715,17.666,17.689,161449,0
2015-01-29,17.715,17.743,17.601,17.743,179785,0
2015-01-30,17.719,17.767,17.674,17.736,222445,0
2015-02-02,17.746,17.803,17.69,17.803,123751,0
2015-02-03,17.826,17.842,17.652,17.77,236604,0
2015-02-04,17.76,17.78,17.698,17.78,159028,0
2015-02-05,17.78,17.803,17.66,17.803,151990,0
2015-02-06,17.76,17.786,17.69,17.698,216745,0
2015-02-09,17.682,17.729,17.601,17.676,114016,0
2015-02-10,17.716,17.753,17.601,17.716,174812,0
2015-02-11,17.72,17.794,17.707,17.794,224531,0
2015-02-12,17.803,17.817,17.66,17.794,216099,0
2015-02-13,17.786,17.811,17.698,17.738,138687,0
2015-02-17,17.76,17.77,17.594,17.716,235862,0
2015-02-18,17.676,17.786,17.643,17.78,219831,0
2015-02-19,17.786,17.849,17.753,17.78,259194,0
2015-02-20,17.78,17.826,17.78,17.803,169394,0
2015-02-23,17.803,17.842,17.78,17.803,130612,0
2015-02-24,17.832,17.864,17.803,17.849,247836,0
2015-02-25,17.857,17.903,17.803,17.864,305037,0
2015-02-26,17.842,17.911,17.746,17.857,268771,0
2015-02-27,17.897,17.999,17.857,17.911,374092,0
2015-03-02,17.955,17.975,17.819,17.975,214600,0
2015-03-03,17.955,18.084,17.866,18.084,250663,0
2015-03-04,18.049,18.167,18.002,18.167,162016,0
2015-03-05,18.146,18.146,18.034,18.067,163515,0
2015-03-06,18.009,18.009,17.698,17.883,285972,0
2015-03-09,17.874,17.905,17.781,17.891,176165,0
2015-03-10,17.858,17.946,17.812,17.938,139478,0
2015-03-11,17.987,17.987,17.803,17.858,260173,0
2015-03-12,17.858,17.905,17.812,17.866,141852,0
2015-03-13,17.866,17.874,17.819,17.834,80384,0
2015-03-16,17.891,17.93,17.803,17.812,124829,0
2015-03-17,17.786,17.827,17.721,17.721,188182,0
2015-03-18,17.73,17.914,17.69,17.891,141611,0
2015-03-19,17.938,17.938,17.851,17.866,153002,0
2015-03-20,17.866,17.955,17.866,17.93,127083,0
2015-03-23,17.93,18.042,17.899,18.042,181046,0
2015-03-24,18.034,18.154,17.979,18.024,313643,0
2015-03-25,17.994,18.084,17.946,18.024,277332,0
2015-03-26,18.067,18.107,18.015,18.058,150367,0
2015-03-27,18.034,18.075,17.987,18.015,93026,0
2015-03-30,18.107,18.107,17.975,18.024,184926,0
2015-03-31,17.994,18.034,17.874,17.938,392018,0
2015-04-01,17.958,18.094,17.94,18.062,152391,0
2015-04-02,18.018,18.216,18.018,18.14,140580,0
2015-04-06,18.07,18.124,18.027,18.07,138098,0
2015-04-07,18.052,18.088,18.036,18.045,156455,0
2015-04-08,18.045,18.201,18.036,18.172,136354,0
2015-04-09,18.207,18.295,18.157,18.191,104348,0
2015-04-10,18.253,18.261,18.172,18.207,119454,0
2015-04-13,18.182,18.245,18.182,18.191,69359,0
2015-04-14,18.157,18.201,18.11,18.119,150901,0
2015-04-15,18.201,18.207,18.11,18.124,131700,0
2015-04-16,18.149,18.231,18.103,18.216,183592,0
2015-04-17,18.191,18.253,18.132,18.245,168427,0
2015-04-20,18.277,18.304,18.207,18.268,106376,0
2015-04-21,18.236,18.304,18.163,18.245,130264,0
2015-04-22,18.216,18.304,18.207,18.304,128978,0
2015-04-23,18.319,18.327,18.226,18.253,200621,0
2015-04-24,18.261,18.359,18.245,18.359,128900,0
2015-04-27,18.366,18.464,18.277,18.277,357736,0
2015-04-28,18.304,18.45,18.295,18.415,343318,0
2015-04-29,18.375,18.473,18.261,18.388,481784,0
2015-04-30,18.458,18.544,18.366,18.494,543561,0
2015-05-01,18.513,18.588,18.443,18.588,227712,0
2015-05-04,18.554,18.57,18.367,18.367,229318,0
2015-05-05,18.367,18.443,18.32,18.425,216607,0
2015-05-06,18.459,18.459,18.003,18.061,236988,0
2015-05-07,18.182,18.216,17.947,18.009,287224,0
2015-05-08,18.035,18.191,18.025,18.182,306577,0
2015-05-11,18.163,18.191,18.093,18.118,153534,0
2015-05-12,18.025,18.103,17.947,18.025,276380,0
2015-05-13,18.016,18.078,17.988,18.061,181798,0
2015-05-14,18.044,18.296,18.035,18.261,190809,0
2015-05-15,18.352,18.376,18.182,18.296,144011,0
2015-05-18,18.296,18.376,18.216,18.32,240781,0
2015-05-19,18.269,18.313,18.109,18.278,208828,0
2015-05-20,18.236,18.278,18.172,18.236,350764,0
2015-05-21,18.253,18.296,18.172,18.261,236720,0
2015-05-22,18.236,18.261,18.163,18.207,132432,0
2015-05-26,18.216,18.245,18.149,18.231,169669,0
2015-05-27,18.253,18.344,18.207,18.336,194760,0
2015-05-28,18.336,18.417,18.278,18.376,164951,0
2015-05-29,18.352,18.531,18.352,18.376,248078,0
2015-06-01,18.378,18.498,18.28,18.378,215541,0
2015-06-02,18.368,18.591,18.314,18.484,227584,0
2015-06-03,18.41,18.477,18.28,18.307,249361,0
2015-06-04,18.314,18.321,18.208,18.254,167998,0
2015-06-05,18.208,18.231,18.044,18.164,241642,0
2015-06-08,18.131,18.226,17.938,17.975,289675,0
2015-06-09,17.946,17.946,17.718,17.871,337554,0
2015-06-10,17.831,17.975,17.789,17.807,251156,0
2015-06-11,17.824,17.975,17.75,17.789,191685,0
2015-06-12,17.841,17.856,17.789,17.824,145081,0
2015-06-15,17.849,17.902,17.789,17.897,127931,0
2015-06-16,17.938,17.955,17.816,17.856,175471,0
2015-06-17,17.856,17.888,17.757,17.765,192380,0
2015-06-18,17.789,17.871,17.783,17.863,193487,0
2015-06-19,17.824,18.034,17.807,17.979,89699,0
2015-06-22,17.911,18.015,17.807,17.849,122782,0
2015-06-23,17.789,17.863,17.757,17.807,149016,0
2015-06-24,17.831,17.902,17.824,17.849,113346,0
2015-06-25,17.911,17.911,17.765,17.765,166530,0
2015-06-26,17.765,17.807,17.471,17.548,343713,0
2015-06-29,17.463,17.539,17.391,17.409,228655,0
2015-06-30,17.463,17.677,17.463,17.579,230884,0
2015-07-01,17.664,17.719,17.541,17.565,155907,0
2015-07-02,17.589,17.695,17.572,17.58,149094,0
2015-07-06,17.558,17.637,17.498,17.58,148855,0
2015-07-07,17.63,17.745,17.572,17.729,154935,0
2015-07-08,17.647,17.679,17.392,17.49,275086,0
2015-07-09,17.541,17.63,17.512,17.622,152505,0
2015-07-10,17.664,17.76,17.637,17.695,125384,0
2015-07-13,17.705,17.76,17.664,17.729,114196,0
2015-07-14,17.729,17.828,17.715,17.812,114899,0
2015-07-15,17.853,18.014,17.785,17.992,227927,0
2015-07-16,17.935,18.107,17.884,18.107,170017,0
2015-07-17,18.041,18.091,17.971,17.992,180596,0
2015-07-20,18.031,18.067,17.942,17.951,125505,0
2015-07-21,17.942,18.014,17.867,17.998,160531,0
2015-07-22,17.935,17.998,17.867,17.884,205648,0
2015-07-23,17.925,17.971,17.876,17.908,176579,0
2015-07-24,17.951,17.983,17.867,17.901,128179,0
2015-07-27,17.884,17.893,17.715,17.729,167581,0
2015-07-28,17.737,17.82,17.705,17.745,148488,0
2015-07-29,17.737,17.867,17.705,17.812,120641,0
2015-07-30,17.769,17.884,17.769,17.853,86103,0
2015-07-31,17.853,17.908,17.745,17.76,163084,0
2015-08-03,17.796,17.896,17.772,17.839,87066,0
2015-08-04,17.879,17.929,17.814,17.861,121183,0
2015-08-05,17.887,17.979,17.839,17.887,154494,0
2015-08-06,17.855,17.879,17.796,17.847,192124,0
2015-08-07,17.839,17.847,17.716,17.762,99333,0
2015-08-10,17.796,17.847,17.772,17.83,96438,0
2015-08-11,17.787,17.887,17.762,17.781,120936,0
2015-08-12,17.772,17.887,17.747,17.861,142663,0
2015-08-13,17.887,17.887,17.772,17.772,152320,0
2015-08-14,17.762,17.938,17.754,17.911,132766,0
2015-08-17,17.979,18.229,17.911,18.134,222564,0
2015-08-18,18.167,18.186,18.089,18.127,185390,0
2015-08-19,18.12,18.222,18.017,18.08,193117,0
2015-08-20,18.017,18.143,18.017,18.046,321295,0
2015-08-21,17.979,18.08,17.902,17.955,213031,0
2015-08-24,17.796,17.805,17.409,17.597,583633,0
2015-08-25,17.822,17.946,17.688,17.796,216047,0
2015-08-26,17.938,18.046,17.814,17.988,213393,0
2015-08-27,17.979,18.177,17.946,18.127,142906,0
2015-08-28,18.026,18.12,17.938,17.946,131077,0
2015-08-31,17.955,18.177,17.955,18.01,471324,0
2015-09-01,17.931,18.181,17.931,18.048,135487,0
2015-09-02,18.09,18.263,18.005,18.207,425992,0
2015-09-03,18.19,18.308,18.056,18.107,137405,0
2015-09-04,18.048,18.181,18.039,18.065,86013,0
2015-09-08,18.073,18.107,18.005,18.056,219225,0
2015-09-09,18.115,18.216,18.039,18.147,191432,0
2015-09-10,18.181,18.181,17.99,18.115,106727,0
2015-09-11,18.073,18.147,18.048,18.065,92241,0
2015-09-14,18.138,18.138,18.02,18.039,126982,0
2015-09-15,18.138,18.147,18.065,18.09,152859,0
2015-09-16,18.115,18.246,18.02,18.226,467439,0
2015-09-17,18.238,18.364,18.163,18.281,331326,0
2015-09-18,18.226,18.372,18.216,18.331,140640,0
2015-09-21,18.388,18.388,18.34,18.372,181252,0
2015-09-22,18.331,18.349,18.226,18.263,125668,0
2015-09-23,18.246,18.357,18.2,18.254,131774,0
2015-09-24,18.207,18.263,18.065,18.131,185203,0
2015-09-25,18.131,18.163,18.029,18.056,146509,0
2015-09-28,18.073,18.099,17.948,17.977,131742,0
2015-09-29,18.012,18.029,17.688,17.781,143273,0
2015-09-30,17.855,18.065,17.815,17.897,220302,0
2015-10-01,17.941,18.086,17.899,17.941,137195,0
2015-10-02,17.983,17.998,17.665,17.817,471743,0
2015-10-05,17.842,17.97,17.832,17.842,187476,0
2015-10-06,17.873,17.977,17.864,17.97,120551,0
2015-10-07,17.998,18.05,17.924,17.96,145283,0
2015-10-08,17.96,18.176,17.951,18.166,162163,0
2015-10-09,18.126,18.243,18.109,18.152,111398,0
2015-10-12,18.195,18.212,18.086,18.119,141784,0
2015-10-13,18.133,18.203,18.109,18.119,102243,0
2015-10-14,18.166,18.229,18.093,18.152,121979,0
2015-10-15,18.159,18.295,18.109,18.268,166085,0
2015-10-16,18.259,18.337,18.212,18.32,226242,0
2015-10-19,18.337,18.386,18.221,18.287,103433,0
2015-10-20,18.295,18.473,18.251,18.268,138950,0
2015-10-21,18.277,18.32,18.176,18.229,128873,0
2015-10-22,18.259,18.268,18.142,18.159,269992,0
2015-10-23,18.212,18.328,18.159,18.268,253466,0
2015-10-26,18.295,18.379,18.212,18.268,131965,0
2015-10-27,18.251,18.313,18.203,18.295,143855,0
2015-10-28,18.251,18.355,18.235,18.337,127805,0
2015-10-29,18.251,18.355,18.212,18.337,130894,0
2015-10-30,18.304,18.464,18.259,18.464,228738,0
2015-11-02,18.515,18.566,18.431,18.475,125716,0
2015-11-03,18.497,18.603,18.482,18.506,159781,0
2015-11-04,18.558,18.633,18.515,18.603,267412,0
2015-11-05,18.609,18.814,18.558,18.76,345052,0
2015-11-06,18.677,18.727,18.45,18.542,185388,0
2015-11-09,18.542,18.542,18.314,18.363,139514,0
2015-11-10,18.278,18.44,18.278,18.347,177011,0
2015-11-11,18.475,18.489,18.357,18.423,123908,0
2015-11-12,18.347,18.387,18.269,18.269,119541,0
2015-11-13,18.252,18.32,18.229,18.288,97707,0
2015-11-16,18.329,18.387,18.252,18.357,113404,0
2015-11-17,18.396,18.558,18.278,18.489,191055,0
2015-11-18,18.506,18.566,18.32,18.475,252301,0
2015-11-19,18.459,18.459,18.305,18.314,158720,0
2015-11-20,18.357,18.475,18.236,18.288,223740,0
2015-11-23,18.296,18.371,18.278,18.288,133112,0
2015-11-24,18.288,18.357,18.142,18.236,240030,0
2015-11-25,18.221,18.363,18.221,18.347,113523,0
2015-11-27,18.381,18.482,18.269,18.363,56526,0
2015-11-30,18.371,18.506,18.314,18.314,213476,0
2015-12-01,18.399,18.444,18.316,18.435,149248,0
2015-12-02,18.461,18.553,18.416,18.553,183729,0
2015-12-03,18.509,18.571,18.384,18.416,117075,0
2015-12-04,18.426,18.528,18.426,18.518,119226,0
2015-12-07,18.5,18.509,18.298,18.341,187272,0
2015-12-08,18.307,18.365,18.271,18.365,180294,0
2015-12-09,18.399,18.613,18.399,18.607,238456,0
2015-12-10,18.629,18.647,18.478,18.528,176501,0
2015-12-11,18.453,18.453,18.143,18.237,275465,0
2015-12-14,18.223,18.223,17.657,17.657,397472,0
2015-12-15,17.682,18.109,17.682,17.904,187156,0
2015-12-16,17.904,18.16,17.846,18.093,422334,0
2015-12-17,18.093,18.298,18.022,18.231,441191,0
2015-12-18,18.143,18.213,18.076,18.085,288349,0
2015-12-21,18.119,18.245,18.085,18.109,185634,0
2015-12-22,18.127,18.167,18.049,18.049,273205,0
2015-12-23,18.103,18.298,18.093,18.153,339293,0
2015-12-24,18.153,18.205,18.085,18.109,145414,0
2015-12-28,18.103,18.223,17.967,17.967,414753,0
2015-12-29,18.015,18.123,17.977,18.022,290919,0
2015-12-30,18.032,18.28,17.991,18.042,356929,0
2015-12-31,18.085,18.213,18.085,18.16,326581,0
2016-01-04,18.069,18.232,18.007,18.043,476642,0
2016-01-05,18.12,18.404,18.111,18.404,753082,0
2016-01-06,18.326,18.661,18.318,18.474,663615,0
2016-01-07,18.368,18.559,18.311,18.449,619799,0
2016-01-08,18.481,18.515,18.394,18.43,209554,0
2016-01-11,18.474,18.479,18.248,18.394,296815,0
2016-01-12,18.439,18.524,18.362,18.515,253057,0
2016-01-13,18.474,18.541,18.362,18.465,271749,0
2016-01-14,18.465,18.564,18.335,18.439,295140,0
2016-01-15,18.311,18.411,18.207,18.318,300851,0
2016-01-19,18.362,18.604,18.199,18.533,828566,0
2016-01-20,18.481,18.61,18.266,18.559,849029,0
2016-01-21,18.567,18.748,18.458,18.604,514648,0
2016-01-22,18.689,18.825,18.633,18.714,373654,0
2016-01-25,18.67,18.732,18.627,18.652,287708,0
2016-01-26,18.661,18.774,18.661,18.689,324184,0
2016-01-27,18.757,18.774,18.635,18.689,302003,0
2016-01-28,18.714,18.782,18.644,18.68,472636,0
2016-01-29,18.739,18.826,18.707,18.782,529065,0
2016-02-01,18.838,19.166,18.793,19.099,448627,0
2016-02-02,19.035,19.124,18.905,18.969,310879,0
2016-02-03,18.951,18.96,18.741,18.766,323392,0
2016-02-04,18.82,18.896,18.672,18.75,284796,0
2016-02-05,18.732,18.766,18.595,18.628,248043,0
2016-02-08,18.605,18.611,18.186,18.368,731760,0
2016-02-09,18.196,18.291,17.78,17.944,694459,0
2016-02-10,18.048,18.126,17.953,18.02,216138,0
2016-02-11,17.917,17.917,17.389,17.547,733206,0
2016-02-12,17.76,17.815,17.537,17.632,373746,0
2016-02-16,17.77,17.867,17.632,17.77,236573,0
2016-02-17,17.856,18.046,17.823,17.994,373051,0
2016-02-18,18.057,18.133,17.936,18.074,253235,0
2016-02-19,18.074,18.238,17.978,18.238,199443,0
2016-02-22,18.254,18.41,18.205,18.403,181721,0
2016-02-23,18.403,18.42,18.254,18.42,154579,0
2016-02-24,18.353,18.506,18.246,18.41,246893,0
2016-02-25,18.377,18.628,18.343,18.449,281037,0
2016-02-26,18.578,18.716,18.506,18.645,185709,0
2016-02-29,18.636,18.757,18.595,18.709,205493,0
2016-03-01,18.752,18.858,18.664,18.815,233638,0
2016-03-02,18.833,18.89,18.752,18.866,223163,0
2016-03-03,18.796,18.85,18.654,18.654,274132,0
2016-03-04,18.654,18.858,18.647,18.815,155874,0
2016-03-07,18.796,18.802,18.711,18.759,146328,0
2016-03-08,18.778,18.881,18.683,18.786,271901,0
2016-03-09,18.815,18.917,18.778,18.866,181039,0
2016-03-10,18.937,18.937,18.606,18.769,333216,0
2016-03-11,18.778,18.968,18.754,18.937,193468,0
2016-03-14,18.89,18.973,18.726,18.946,191464,0
2016-03-15,18.917,19.067,18.866,18.89,117865,0
2016-03-16,18.89,19.136,18.861,19.121,284617,0
2016-03-17,19.128,19.266,19.067,19.258,268010,0
2016-03-18,19.311,19.311,19.171,19.252,135012,0
2016-03-21,19.226,19.258,19.136,19.189,119200,0
2016-03-22,19.171,19.365,19.152,19.243,282442,0
2016-03-23,19.252,19.321,19.198,19.252,246370,0
2016-03-24,19.252,19.293,19.03,19.03,145800,0
2016-03-28,19.067,19.226,19.048,19.207,203259,0
2016-03-29,19.18,19.293,19.144,19.293,124546,0
2016-03-30,19.381,19.685,19.302,19.574,733414,0
2016-03-31,19.628,19.8,19.574,19.693,795736,0
2016-04-01,19.753,19.753,19.604,19.678,198288,0
2016-04-04,19.659,19.736,19.604,19.604,206120,0
2016-04-05,19.604,19.604,19.425,19.489,264728,0
2016-04-06,19.537,19.726,19.481,19.651,183607,0
2016-04-07,19.622,19.706,19.575,19.646,212844,0
2016-04-08,19.736,19.77,19.651,19.745,175095,0
2016-04-11,19.726,19.819,19.706,19.794,147127,0
2016-04-12,19.794,19.866,19.63,19.678,341979,0
2016-04-13,19.745,19.761,19.638,19.726,187898,0
2016-04-14,19.745,19.786,19.669,19.696,205527,0
2016-04-15,19.753,19.753,19.659,19.706,261950,0
2016-04-18,19.736,19.828,19.687,19.745,256412,0
2016-04-19,19.828,19.866,19.745,19.809,335618,0
2016-04-20,19.847,19.919,19.786,19.828,226335,0
2016-04-21,19.875,19.969,19.809,19.936,215334,0
2016-04-22,19.927,20.051,19.802,19.819,352231,0
2016-04-25,19.857,19.969,19.845,19.969,194711,0
2016-04-26,20.051,20.182,19.945,20.061,299891,0
2016-04-27,20.061,20.198,19.979,20.165,313519,0
2016-04-28,20.086,20.304,20.086,20.198,377036,0
2016-04-29,20.155,20.275,20.067,20.253,193805,0
2016-05-02,20.327,20.36,20.105,20.194,235832,0
2016-05-03,20.157,20.174,19.893,20.087,264601,0
2016-05-04,19.979,20.112,19.936,20.112,146041,0
2016-05-05,20.112,20.206,20.091,20.157,134361,0
2016-05-06,20.105,20.229,20.105,20.2,127881,0
2016-05-09,20.236,20.327,20.11,20.2,152039,0
2016-05-10,20.157,20.236,20.148,20.229,156028,0
2016-05-11,20.265,20.317,20.148,20.174,162858,0
2016-05-12,20.245,20.273,20.157,20.219,138403,0
2016-05-13,20.194,20.369,20.194,20.369,125230,0
2016-05-16,20.424,20.593,20.424,20.565,245150,0
2016-05-17,20.565,20.565,20.236,20.273,245064,0
2016-05-18,20.342,20.342,20.015,20.148,294458,0
2016-05-19,20.13,20.157,19.827,20.052,244614,0
2016-05-20,20.068,20.369,20.068,20.28,277115,0
2016-05-23,20.265,20.415,20.234,20.342,143990,0
2016-05-24,20.379,20.424,20.2,20.36,158477,0
2016-05-25,20.45,20.483,20.317,20.342,159984,0
2016-05-26,20.397,20.397,20.236,20.236,223055,0
2016-05-27,20.342,20.511,20.277,20.467,206785,0
2016-05-31,20.531,20.593,20.351,20.36,218169,0
2016-06-01,20.4,20.505,20.364,20.477,153348,0
2016-06-02,20.477,20.525,20.282,20.344,426007,0
2016-06-03,20.353,20.569,20.309,20.552,158873,0
2016-06-06,20.552,20.596,20.461,20.56,113188,0
2016-06-07,20.596,20.611,20.469,20.611,159757,0
2016-06-08,20.603,20.611,20.469,20.588,152711,0
2016-06-09,20.569,20.611,20.461,20.461,160624,0
2016-06-10,20.453,20.649,20.438,20.569,213060,0
2016-06-13,20.495,20.611,20.453,20.477,120308,0
2016-06-14,20.477,20.56,20.418,20.56,217190,0
2016-06-15,20.596,20.649,20.515,20.611,161420,0
2016-06-16,20.603,20.703,20.495,20.685,150897,0
2016-06-17,20.685,20.763,20.624,20.754,168802,0
2016-06-20,20.818,20.836,20.629,20.713,156037,0
2016-06-21,20.746,20.889,20.579,20.854,239577,0
2016-06-22,20.836,20.836,20.754,20.827,116577,0
2016-06-23,20.898,20.898,20.783,20.864,180267,0
2016-06-24,20.525,20.836,20.461,20.547,272159,0
2016-06-27,20.525,20.629,20.382,20.469,251911,0
2016-06-28,20.738,20.827,20.56,20.703,272251,0
2016-06-29,20.81,20.917,20.721,20.88,251118,0
2016-06-30,20.88,21.122,20.81,21.05,358612,0
2016-07-01,21.134,21.134,21.007,21.07,205267,0
2016-07-05,21.16,21.212,21.035,21.142,162426,0
2016-07-06,21.169,21.204,21.044,21.15,211225,0
2016-07-07,21.188,21.198,20.989,21.052,161392,0
2016-07-08,21.052,21.178,21.029,21.125,172241,0
2016-07-11,21.178,21.188,21.052,21.15,136421,0
2016-07-12,21.15,21.213,21.087,21.188,217435,0
2016-07-13,21.188,21.206,20.999,21.15,157215,0
2016-07-14,21.188,21.25,21.134,21.223,150031,0
2016-07-15,21.232,21.278,21.044,21.097,149228,0
2016-07-18,21.125,21.269,21.062,21.16,188078,0
2016-07-19,21.134,21.15,21.026,21.044,185622,0
2016-07-20,21.116,21.242,21.087,21.198,249030,0
2016-07-21,21.205,21.269,21.087,21.097,172219,0
2016-07-22,21.097,21.269,21.08,21.269,257160,0
2016-07-25,21.26,21.34,21.16,21.178,192074,0
2016-07-26,21.213,21.223,21.116,21.116,294171,0
2016-07-27,21.213,21.242,21.116,21.169,233704,0
2016-07-28,21.198,21.25,21.143,21.178,345864,0
2016-07-29,21.16,21.213,21.15,21.213,301697,0
2016-08-01,21.288,21.38,21.216,21.353,152240,0
2016-08-02,21.162,21.361,21.135,21.353,210103,0
2016-08-03,21.333,21.374,21.307,21.343,123840,0
2016-08-04,21.315,21.389,21.271,21.315,130581,0
2016-08-05,21.416,21.459,21.271,21.271,214883,0
2016-08-08,21.362,21.478,21.288,21.433,159870,0
2016-08-09,21.425,21.459,21.333,21.362,138248,0
2016-08-10,21.398,21.459,21.362,21.45,141124,0
2016-08-11,21.488,21.488,21.325,21.353,404838,0
2016-08-12,21.38,21.407,21.271,21.271,150730,0
2016-08-15,21.343,21.416,21.235,21.253,188311,0
2016-08-16,21.288,21.371,21.225,21.325,218200,0
2016-08-17,21.371,21.425,21.244,21.298,156712,0
2016-08-18,21.333,21.353,21.251,21.271,221772,0
2016-08-19,21.298,21.371,21.244,21.271,346424,0
2016-08-22,21.298,21.362,21.235,21.263,246282,0
2016-08-23,21.298,21.305,21.225,21.235,151573,0
2016-08-24,21.271,21.301,21.127,21.235,229012,0
2016-08-25,21.225,21.255,21.109,21.117,209789,0
2016-08-26,21.143,21.263,21.081,21.127,243513,0
2016-08-29,21.171,21.225,21.143,21.171,280122,0
2016-08-30,21.18,21.221,21.136,21.162,203677,0
2016-08-31,21.206,21.271,21.149,21.244,277391,0
2016-09-01,21.282,21.282,21.182,21.182,182920,0
2016-09-02,21.274,21.336,21.218,21.336,467054,0
2016-09-06,21.346,21.364,21.237,21.364,120723,0
2016-09-07,21.364,21.374,21.237,21.336,324611,0
2016-09-08,21.346,21.383,21.256,21.356,384236,0
2016-09-09,21.318,21.318,20.963,21.082,289608,0
2016-09-12,21.027,21.261,20.945,21.201,181350,0
2016-09-13,21.136,21.182,20.435,20.488,367986,0
2016-09-14,20.488,20.644,20.468,20.573,250036,0
2016-09-15,20.607,20.909,20.599,20.827,197187,0
2016-09-16,20.69,20.909,20.662,20.889,206102,0
2016-09-19,20.881,20.917,20.809,20.881,196511,0
2016-09-20,20.889,20.954,20.836,20.865,170026,0
2016-09-21,20.954,21.237,20.906,21.218,345399,0
2016-09-22,21.282,21.282,21.11,21.218,233870,0
2016-09-23,21.237,21.237,21.16,21.201,160600,0
2016-09-26,21.192,21.192,21.085,21.163,183018,0
2016-09-27,21.129,21.208,21.064,21.064,249019,0
2016-09-28,21.154,21.282,21.072,21.266,153154,0
2016-09-29,21.266,21.289,21.041,21.11,187471,0
2016-09-30,21.201,21.266,21.136,21.266,203060,0
2016-10-03,21.329,21.329,21.17,21.277,149281,0
2016-10-04,21.229,21.294,21.129,21.165,182391,0
2016-10-05,21.229,21.268,20.917,20.991,236034,0
2016-10-06,21.019,21.055,20.889,21.055,83602,0
2016-10-07,21.091,21.091,20.909,21.028,112735,0
2016-10-10,21.101,21.165,20.954,20.981,131978,0
2016-10-11,20.963,20.997,20.718,20.77,261203,0
2016-10-12,20.743,20.854,20.642,20.698,217336,0
2016-10-13,20.67,20.722,20.432,20.597,239767,0
2016-10-14,20.67,20.788,20.605,20.67,175439,0
2016-10-17,20.734,20.78,20.652,20.68,212082,0
2016-10-18,20.808,20.826,20.642,20.817,148590,0
2016-10-19,20.873,20.926,20.78,20.917,119864,0
2016-10-20,20.889,21.038,20.873,21.019,100986,0
2016-10-21,20.991,21.065,20.945,21.065,82550,0
2016-10-24,21.165,21.165,21.01,21.038,107978,0
2016-10-25,21.055,21.12,20.949,21.028,176426,0
2016-10-26,21.038,21.083,20.954,21.065,143965,0
2016-10-27,21.055,21.072,20.926,20.963,114741,0
2016-10-28,20.963,21.001,20.873,20.881,110544,0
2016-10-31,20.954,20.954,20.78,20.788,153102,0
2016-11-01,20.857,20.857,20.653,20.672,114479,0
2016-11-02,20.69,20.728,20.561,20.719,263481,0
2016-11-03,20.624,20.643,20.099,20.154,288302,0
2016-11-04,20.154,20.58,20.154,20.514,221839,0
2016-11-07,20.605,20.801,20.386,20.404,149486,0
2016-11-08,20.331,20.571,20.311,20.494,129269,0
2016-11-09,20.266,20.364,19.987,20.256,413573,0
2016-11-10,20.144,20.219,19.638,19.778,584212,0
2016-11-11,19.638,19.819,19.462,19.62,445746,0
2016-11-14,19.552,19.629,19.102,19.294,563347,0
2016-11-15,19.481,20.154,19.453,20.154,467472,0
2016-11-16,20.006,20.211,20.006,20.025,276198,0
2016-11-17,19.942,20.054,19.786,19.858,160897,0
2016-11-18,19.819,19.967,19.671,19.681,184402,0
2016-11-21,19.809,19.878,19.73,19.868,235460,0
2016-11-22,20.044,20.199,19.924,20.164,268938,0
2016-11-23,20.035,20.154,19.778,20.044,243761,0
2016-11-25,19.942,20.049,19.897,19.907,67566,0
2016-11-28,19.967,20.035,19.848,19.877,201154,0
2016-11-29,19.829,19.942,19.749,19.786,242849,0
2016-11-30,19.778,19.794,19.652,19.749,260018,0
2016-12-01,19.673,19.751,19.515,19.742,292354,0
2016-12-02,19.692,20.16,19.692,20.16,295685,0
2016-12-05,20.085,20.16,20.059,20.15,365427,0
2016-12-06,20.121,20.235,20.104,20.169,213244,0
2016-12-07,20.253,20.328,20.172,20.28,181660,0
2016-12-08,20.188,20.344,20.104,20.16,240803,0
2016-12-09,20.271,20.28,20.14,20.215,288736,0
2016-12-12,20.188,20.243,20.049,20.059,299316,0
2016-12-13,20.075,20.243,20.02,20.03,259859,0
2016-12-14,20.04,20.094,20.001,20.02,262716,0
2016-12-15,19.927,20.152,19.919,20.104,267647,0
2016-12-16,20.085,20.318,20.085,20.298,220451,0
2016-12-19,20.354,20.412,20.271,20.354,215363,0
2016-12-20,20.354,20.412,20.318,20.402,238463,0
2016-12-21,20.384,20.662,20.363,20.643,211148,0
2016-12-22,20.7,20.729,20.533,20.682,254276,0
2016-12-23,20.737,20.859,20.677,20.783,114006,0
2016-12-27,20.97,20.97,20.802,20.941,222363,0
2016-12-28,20.973,21.328,20.973,21.3,240657,0
2016-12-29,21.338,21.459,21.318,21.338,235380,0
2016-12-30,21.338,21.44,21.225,21.281,272683,0
2017-01-03,21.29,21.517,21.258,21.517,450274,0
2017-01-04,21.478,21.628,21.318,21.61,519013,0
2017-01-05,21.573,21.6,21.29,21.29,683815,0
2017-01-06,21.225,21.422,21.188,21.422,202490,0
2017-01-09,21.488,21.508,21.338,21.478,111384,0
2017-01-10,21.405,21.667,21.392,21.536,235860,0
2017-01-11,21.6,21.619,21.518,21.61,183739,0
2017-01-12,21.526,21.789,21.508,21.76,168175,0
2017-01-13,21.694,21.808,21.667,21.808,184446,0
2017-01-17,21.835,21.9,21.77,21.862,228568,0
2017-01-18,21.817,21.853,21.713,21.808,152755,0
2017-01-19,21.779,21.779,21.431,21.449,210929,0
2017-01-20,21.478,21.544,21.328,21.536,214744,0
2017-01-23,21.648,21.713,21.544,21.703,129806,0
2017-01-24,21.817,21.817,21.658,21.779,154801,0
2017-01-25,21.779,21.779,21.573,21.667,286453,0
2017-01-26,21.544,21.666,21.544,21.563,123831,0
2017-01-27,21.573,21.713,21.536,21.667,154612,0
2017-01-30,21.6,21.694,21.58,21.685,100893,0
2017-01-31,21.722,21.808,21.667,21.808,172272,0
2017-02-01,21.894,21.894,21.733,21.733,176753,0
2017-02-02,21.81,21.865,21.728,21.865,96584,0
2017-02-03,21.913,22.008,21.847,21.979,132968,0
2017-02-06,21.998,22.016,21.874,21.903,97199,0
2017-02-07,21.97,22.025,21.901,21.979,136626,0
2017-02-08,22.008,22.055,21.942,22.025,95805,0
2017-02-09,22.084,22.084,21.961,22.035,156289,0
2017-02-10,22.186,22.186,22.039,22.084,147019,0
2017-02-13,22.139,22.196,22.064,22.176,155559,0
2017-02-14,22.196,22.196,22.016,22.074,159320,0
2017-02-15,22.035,22.139,22.016,22.074,184836,0
2017-02-16,22.074,22.121,22.008,22.094,159685,0
2017-02-17,22.139,22.149,22.074,22.112,139219,0
2017-02-21,22.103,22.149,22.074,22.13,203375,0
2017-02-22,22.149,22.176,22.084,22.139,145867,0
2017-02-23,22.196,22.244,22.149,22.225,133688,0
2017-02-24,22.281,22.329,22.235,22.329,128607,0
2017-02-27,22.347,22.424,22.3,22.424,146994,0
2017-02-28,22.424,22.527,22.281,22.404,218903,0
2017-03-01,22.397,22.444,22.367,22.436,182254,0
2017-03-02,22.444,22.473,22.177,22.359,265392,0
2017-03-03,22.302,22.333,22.207,22.245,111050,0
2017-03-06,22.255,22.292,22.074,22.094,189383,0
2017-03-07,22.112,22.16,21.96,22.025,251554,0
2017-03-08,21.969,22.094,21.484,21.532,429723,0
2017-03-09,21.608,21.608,20.989,21.094,460628,0
2017-03-10,21.18,21.551,21.14,21.523,396938,0
2017-03-13,21.608,21.77,21.532,21.75,299048,0
2017-03-14,21.74,21.74,21.551,21.636,148298,0
2017-03-15,21.702,22.064,21.617,21.902,199752,0
2017-03-16,21.951,22.008,21.77,22.008,174398,0
2017-03-17,22.008,22.084,21.96,22.025,87876,0
2017-03-20,22.025,22.112,21.978,22.064,134258,0
2017-03-21,22.103,22.103,21.846,21.883,122042,0
2017-03-22,21.873,22.008,21.75,21.998,177803,0
2017-03-23,22.016,22.15,21.941,22.112,102655,0
2017-03-24,22.094,22.217,22.074,22.094,101798,0
2017-03-27,22.055,22.064,21.902,21.941,168635,0
2017-03-28,22.008,22.085,21.96,22.055,137145,0
2017-03-29,22.064,22.209,22.064,22.16,130876,0
2017-03-30,22.187,22.207,22.112,22.197,117450,0
2017-03-31,22.226,22.226,22.103,22.103,153137,0
2017-04-03,22.2,22.22,22.096,22.18,106987,0
2017-04-04,22.18,22.268,22.143,22.268,115009,0
2017-04-05,22.286,22.392,22.22,22.306,105350,0
2017-04-06,22.392,22.402,22.259,22.363,179931,0
2017-04-07,22.383,22.575,22.347,22.575,223927,0
2017-04-10,22.621,22.699,22.488,22.679,168329,0
2017-04-11,22.699,22.717,22.565,22.679,143021,0
2017-04-12,22.699,22.699,22.449,22.516,216464,0
2017-04-13,22.459,22.65,22.44,22.65,124069,0
2017-04-17,22.679,22.699,22.516,22.555,134418,0
2017-04-18,22.612,22.862,22.575,22.813,211537,0
2017-04-19,22.822,22.872,22.679,22.679,139124,0
2017-04-20,22.748,22.822,22.689,22.718,148505,0
2017-04-21,22.488,22.585,22.343,22.575,465456,0
2017-04-24,22.621,22.718,22.516,22.595,204669,0
2017-04-25,22.709,22.736,22.612,22.718,162261,0
2017-04-26,22.813,22.822,22.468,22.496,343202,0
2017-04-27,22.392,22.468,22.344,22.422,294515,0
2017-04-28,22.468,22.621,22.433,22.612,179702,0
2017-05-01,22.702,22.846,22.624,22.826,152823,0
2017-05-02,22.846,22.875,22.788,22.816,131754,0
2017-05-03,22.816,22.856,22.741,22.836,92801,0
2017-05-04,22.826,22.844,22.604,22.826,126881,0
2017-05-05,22.846,22.99,22.796,22.914,113102,0
2017-05-08,22.952,22.952,22.798,22.885,122282,0
2017-05-09,22.905,22.961,22.816,22.961,109565,0
2017-05-10,22.961,22.99,22.885,22.952,124046,0
2017-05-11,22.932,23.039,22.895,23.01,109370,0
2017-05-12,23.01,23.116,22.971,23.087,120353,0
2017-05-15,23.068,23.106,22.924,22.932,202742,0
2017-05-16,22.98,23.135,22.965,23.106,232465,0
2017-05-17,23.059,23.27,23.031,23.203,280170,0
2017-05-18,23.222,23.338,23.174,23.279,144726,0
2017-05-19,23.376,23.521,23.298,23.453,208122,0
2017-05-22,23.492,23.492,23.328,23.415,184308,0
2017-05-23,23.462,23.462,23.306,23.453,172839,0
2017-05-24,23.453,23.453,23.294,23.358,147382,0
2017-05-25,23.396,23.424,23.338,23.406,163476,0
2017-05-26,23.434,23.522,23.415,23.522,140449,0
2017-05-30,23.522,23.676,23.462,23.56,175772,0
2017-05-31,23.579,23.714,23.518,23.686,242864,0
2017-06-01,23.783,23.793,23.668,23.717,178188,0
2017-06-02,23.717,23.813,23.638,23.746,178901,0
2017-06-05,23.619,23.706,23.599,23.609,142008,0
2017-06-06,23.59,23.697,23.59,23.599,152980,0
2017-06-07,23.658,23.678,23.387,23.434,232793,0
2017-06-08,23.454,23.467,23.308,23.444,181780,0
2017-06-09,23.473,23.552,23.407,23.473,108318,0
2017-06-12,23.473,23.599,23.463,23.59,119270,0
2017-06-13,23.609,23.628,23.454,23.599,117670,0
2017-06-14,23.638,23.707,23.552,23.697,96898,0
2017-06-15,23.688,23.746,23.609,23.727,185698,0
2017-06-16,23.717,23.833,23.599,23.697,199661,0
2017-06-19,23.707,23.813,23.638,23.783,153516,0
2017-06-20,23.783,23.919,23.688,23.803,158505,0
2017-06-21,23.852,23.901,23.746,23.882,164952,0
2017-06-22,23.882,23.929,23.823,23.823,88023,0
2017-06-23,23.833,23.871,23.658,23.668,131118,0
2017-06-26,23.736,23.833,23.699,23.803,140975,0
2017-06-27,23.793,24.008,23.754,23.988,178649,0
2017-06-28,23.998,24.103,23.919,24.103,156119,0
2017-06-29,24.066,24.066,23.912,24.066,189503,0
2017-06-30,24.133,24.143,24.037,24.066,182355,0
2017-07-03,24.068,24.097,23.967,24.068,63145,0
2017-07-05,24.068,24.166,23.97,24,123039,0
2017-07-06,23.96,24.029,23.853,23.95,108250,0
2017-07-07,23.99,23.99,23.801,23.911,101155,0
2017-07-10,23.931,24.039,23.92,23.98,112320,0
2017-07-11,23.931,24.049,23.883,23.893,160228,0
2017-07-12,23.95,23.999,23.893,23.97,160567,0
2017-07-13,23.99,23.99,23.794,23.853,146998,0
2017-07-14,23.95,24.059,23.904,24.01,165055,0
2017-07-17,24.029,24.097,23.996,24.097,161581,0
2017-07-18,24.106,24.205,24.039,24.185,156366,0
2017-07-19,24.224,24.243,24.068,24.087,156969,0
2017-07-20,24.106,24.173,24.019,24.087,116979,0
2017-07-21,24.019,24.136,23.99,24.039,179609,0
2017-07-24,24.087,24.106,23.98,24.01,122931,0
2017-07-25,24.068,24.097,24.029,24.087,128241,0
2017-07-26,24.146,24.205,24.059,24.106,189190,0
2017-07-27,24.106,24.205,24.071,24.176,104222,0
2017-07-28,24.087,24.205,24.087,24.205,79518,0
2017-07-31,24.205,24.302,24.185,24.302,176726,0
2017-08-01,24.391,24.391,24.175,24.204,118775,0
2017-08-02,24.302,24.351,24.204,24.351,110832,0
2017-08-03,24.351,24.429,24.3,24.401,110274,0
2017-08-04,24.489,24.499,24.42,24.459,116826,0
2017-08-07,24.459,24.479,24.302,24.371,125069,0
2017-08-08,24.381,24.42,24.224,24.243,144020,0
2017-08-09,24.204,24.282,23.998,24.105,189361,0
2017-08-10,24.076,24.086,23.184,23.291,374803,0
2017-08-11,23.183,23.772,22.898,23.684,288413,0
2017-08-14,23.772,23.91,23.762,23.91,153922,0
2017-08-15,23.86,24.047,23.821,23.91,193520,0
2017-08-16,23.988,24.096,23.972,24.057,151005,0
2017-08-17,24.076,24.092,23.88,23.905,173892,0
2017-08-18,23.91,23.948,23.801,23.89,189117,0
2017-08-21,23.948,24.037,23.91,23.948,140867,0
2017-08-22,23.919,24.194,23.919,24.135,130336,0
2017-08-23,24.037,24.105,24.017,24.057,167015,0
2017-08-24,24.067,24.135,23.988,24.008,113311,0
2017-08-25,24.076,24.253,24.047,24.243,95097,0
2017-08-28,24.282,24.282,24.125,24.272,91167,0
2017-08-29,24.194,24.272,24.096,24.096,171630,0
2017-08-30,24.115,24.194,24.096,24.184,97188,0
2017-08-31,24.204,24.272,24.155,24.184,123964,0
2017-09-01,24.293,24.323,24.184,24.303,93939,0
2017-09-05,24.204,24.303,23.957,23.967,136011,0
2017-09-06,24.007,24.066,23.977,24.016,94311,0
2017-09-07,24.016,24.184,24.007,24.095,101516,0
2017-09-08,24.026,24.175,24.007,24.125,85841,0
2017-09-11,24.175,24.224,24.066,24.224,100361,0
2017-09-12,24.273,24.273,24.115,24.204,100746,0
2017-09-13,24.204,24.234,24.155,24.184,81327,0
2017-09-14,24.184,24.204,24.085,24.135,130399,0
2017-09-15,24.175,24.194,24.125,24.194,90845,0
2017-09-18,24.155,24.243,24.115,24.145,140124,0
2017-09-19,24.145,24.234,24.145,24.184,70676,0
2017-09-20,24.234,24.263,24.105,24.125,128930,0
2017-09-21,24.125,24.194,23.987,24.085,134767,0
2017-09-22,24.125,24.263,24.092,24.253,120378,0
2017-09-25,24.234,24.234,24.135,24.155,132605,0
2017-09-26,24.224,24.307,24.184,24.224,127611,0
2017-09-27,24.253,24.253,24.125,24.135,137355,0
2017-09-28,24.145,24.352,24.145,24.303,145988,0
2017-09-29,24.323,24.461,24.313,24.421,146076,0
2017-10-02,24.491,24.501,24.392,24.491,125638,0
2017-10-03,24.411,24.521,24.382,24.521,108070,0
2017-10-04,24.531,24.531,24.452,24.494,97012,0
2017-10-05,24.441,24.504,24.402,24.421,100128,0
2017-10-06,24.402,24.501,24.302,24.471,91556,0
2017-10-09,24.521,24.521,24.352,24.431,95941,0
2017-10-10,24.471,24.521,24.432,24.471,100214,0
2017-10-11,24.531,24.61,24.471,24.61,97213,0
2017-10-12,24.6,24.629,24.531,24.531,80630,0
2017-10-13,24.59,24.64,24.481,24.59,66824,0
2017-10-16,24.63,24.799,24.531,24.779,131275,0
2017-10-17,24.759,24.769,24.64,24.739,105566,0
2017-10-18,24.69,24.728,24.6,24.6,132416,0
2017-10-19,24.59,24.71,24.461,24.521,141692,0
2017-10-20,24.551,24.59,24.421,24.488,94860,0
2017-10-23,24.441,24.61,24.421,24.561,154886,0
2017-10-24,24.6,24.7,24.541,24.65,147499,0
2017-10-25,24.57,24.6,24.302,24.382,169150,0
2017-10-26,24.411,24.531,24.382,24.481,118608,0
2017-10-27,24.541,24.63,24.472,24.501,106767,0
2017-10-30,24.531,24.64,24.522,24.63,83430,0
2017-10-31,24.61,24.692,24.59,24.65,119673,0
2017-11-01,24.72,24.85,24.65,24.67,117811,0
2017-11-02,24.71,24.73,24.5605,24.59,82888,0
2017-11-03,24.67,24.67,24.35,24.38,188655,0
2017-11-06,24.43,24.65,24.41,24.62,120636,0
2017-11-07,24.68,24.88,24.6066,24.85,200881,0
2017-11-08,24.82,24.86,24.71,24.77,105845,0
2017-11-09,24.67,24.72,24.586,24.64,99215,0
2017-11-10,24.61,24.72,24.53,24.59,101616,0
