Date,Open,High,Low,Close,Volume,OpenInt
2009-11-17,27.8,28.001,27.687,27.843,47127,0
2009-11-18,28.316,28.415,27.926,28.019,223742,0
2009-11-19,28.14,28.14,26.802,27.264,115842,0
2009-11-20,27.317,27.317,27.013,27.086,32288,0
2009-11-23,27.826,27.962,27.52,27.743,31734,0
2009-11-24,27.889,27.889,27.374,27.861,81601,0
2009-11-25,27.743,28.158,27.743,28.102,67386,0
2009-11-27,27.659,27.697,27.225,27.586,23350,0
2009-11-30,27.697,27.697,27.364,27.53,11790,0
2009-12-01,27.753,28.326,27.725,28.203,35012,0
2009-12-02,28.353,28.621,28.194,28.353,17799,0
2009-12-03,29.118,29.118,28.168,28.251,33560,0
2009-12-04,28.584,28.805,28.064,28.406,20992,0
2009-12-07,28.26,28.785,28.26,28.713,17313,0
2009-12-08,28.704,28.704,28.297,28.473,14389,0
2009-12-09,28.722,28.722,28.064,28.38,12021,0
2009-12-10,28.194,28.536,28.194,28.5,16307,0
2009-12-11,28.628,28.676,28.492,28.628,10568,0
2009-12-14,29.369,29.369,28.574,29.137,20208,0
2009-12-15,29.118,29.266,28.805,29.127,18444,0
2009-12-16,29.313,29.524,29.257,29.388,22394,0
2009-12-17,29.285,29.285,28.833,28.907,20359,0
2009-12-18,29.147,29.156,28.86,29.156,33525,0
2009-12-21,29.063,29.478,28.925,29.415,15041,0
2009-12-22,29.606,29.893,29.606,29.814,24537,0
2009-12-23,30.015,30.015,29.644,29.893,18841,0
2009-12-24,30.088,30.088,29.922,30.088,118560,0
2009-12-28,30.005,30.162,29.903,30.025,20438,0
2009-12-29,30.117,30.117,29.804,29.865,16361,0
2009-12-30,29.969,29.969,29.692,29.831,11399,0
2009-12-31,29.988,29.988,29.653,29.653,10677,0
2010-01-04,29.998,30.337,29.998,30.309,12618,0
2010-01-05,30.476,30.642,30.383,30.523,23139,0
2010-01-06,30.567,30.918,30.567,30.809,16195,0
2010-01-07,30.735,30.828,30.393,30.818,26794,0
2010-01-08,30.772,30.937,30.541,30.937,27694,0
2010-01-11,31.141,31.141,30.671,30.809,24658,0
2010-01-12,30.818,30.818,30.317,30.495,24527,0
2010-01-13,30.671,30.847,30.135,30.818,15118,0
2010-01-14,30.847,30.903,30.706,30.754,10284,0
2010-01-15,30.532,30.532,29.708,29.922,14988,0
2010-01-19,29.893,30.172,29.682,30.172,5616,0
2010-01-20,29.736,29.785,29.201,29.488,21686,0
2010-01-21,29.644,29.644,28.584,28.741,26938,0
2010-01-22,28.805,28.805,27.772,27.772,44016,0
2010-01-25,28.907,28.907,27.88,28.026,27051,0
2010-01-26,28.045,28.26,27.706,27.861,45279,0
2010-01-27,27.962,27.962,27.346,27.944,52272,0
2010-01-28,27.991,28.045,27.187,27.374,37106,0
2010-01-29,27.384,27.852,27.132,27.179,27157,0
2010-02-01,27.539,27.687,27.384,27.604,26646,0
2010-02-02,27.716,28.073,27.614,28.055,61721,0
2010-02-03,27.79,28.036,27.678,27.753,3625,0
2010-02-04,27.264,27.264,26.689,26.689,18803,0
2010-02-05,26.689,26.689,25.856,26.44,18613,0
2010-02-08,26.569,26.746,26.273,26.282,5370,0
2010-02-09,26.404,27.021,26.404,26.773,23687,0
2010-02-10,26.634,26.727,26.365,26.634,6846,0
2010-02-11,26.802,27.076,26.413,26.985,2557,0
2010-02-12,26.874,26.874,26.394,26.764,4574,0
2010-02-16,26.792,27.512,26.792,27.151,9591,0
2010-02-17,27.317,27.355,27.179,27.216,5011,0
2010-02-18,27.003,27.753,27.003,27.706,3316,0
2010-02-19,27.402,27.687,27.264,27.687,3519,0
2010-02-22,27.935,27.935,27.586,27.651,2327,0
2010-02-23,27.292,27.292,27.021,27.132,2596,0
2010-02-24,27.17,27.346,27.132,27.197,2555,0
2010-02-25,26.764,26.782,26.497,26.782,5105,0
2010-02-26,26.737,26.855,26.727,26.847,28902,0
2010-03-01,28.185,28.185,27.031,27.364,92133,0
2010-03-02,27.576,27.772,27.503,27.642,64332,0
2010-03-03,27.79,28.102,27.762,27.852,30122,0
2010-03-04,27.972,27.991,27.632,27.826,33365,0
2010-03-05,28.045,28.14,27.852,28.093,27709,0
2010-03-08,28.326,28.326,28.064,28.149,31043,0
2010-03-09,28.122,28.185,27.889,28.011,44017,0
2010-03-10,28.213,28.316,28.055,28.203,9247,0
2010-03-11,28.158,28.435,28.055,28.435,24274,0
2010-03-12,28.628,28.628,28.334,28.526,20816,0
2010-03-15,28.565,28.565,28.064,28.168,23129,0
2010-03-16,28.38,28.482,28.222,28.482,8144,0
2010-03-17,28.647,28.741,28.594,28.594,12187,0
2010-03-18,28.647,28.647,28.361,28.5,7267,0
2010-03-19,28.326,28.334,28.011,28.073,9988,0
2010-03-22,27.935,28.406,27.889,28.406,4038,0
2010-03-23,28.526,28.795,28.38,28.795,8793,0
2010-03-24,28.741,28.741,28.396,28.406,7847,0
2010-03-25,28.518,28.805,28.371,28.371,8637,0
2010-03-26,28.676,28.676,28.353,28.435,8476,0
2010-03-29,28.594,28.685,28.594,28.685,3226,0
2010-03-30,28.86,28.86,28.454,28.508,5386,0
2010-03-31,28.316,28.666,28.316,28.387,23273,0
2010-04-01,28.647,28.731,28.565,28.685,7885,0
2010-04-05,28.916,28.935,28.814,28.925,5542,0
2010-04-06,28.942,29.127,28.907,29.127,17711,0
2010-04-07,29.137,29.165,29.019,29.073,4746,0
2010-04-08,28.907,29.238,28.878,29.238,6440,0
2010-04-09,29.229,29.36,29.229,29.333,7663,0
2010-04-12,29.351,29.424,29.313,29.369,8727,0
2010-04-13,29.333,29.333,29.045,29.333,10220,0
2010-04-14,29.415,29.434,29.415,29.434,1462,0
2010-04-15,29.496,29.875,29.496,29.865,4650,0
2010-04-16,29.682,29.682,29.137,29.229,16172,0
2010-04-19,28.878,28.962,28.611,28.907,10833,0
2010-04-20,29.137,29.644,29.137,29.625,8238,0
2010-04-21,29.57,29.579,29.351,29.444,6197,0
2010-04-22,29.191,29.444,28.942,29.444,4309,0
2010-04-23,29.452,29.765,29.452,29.765,10849,0
2010-04-26,29.615,29.941,29.615,29.682,7510,0
2010-04-27,29.469,29.57,28.741,28.795,11048,0
2010-04-28,28.86,28.86,28.415,28.694,16741,0
2010-04-29,28.99,29.579,28.99,29.579,6759,0
2010-04-30,29.785,29.785,29.304,29.304,2818,0
2010-05-03,29.424,29.804,29.424,29.804,5925,0
2010-05-04,29.275,29.275,28.396,28.425,22019,0
2010-05-05,28.093,28.26,27.586,28.019,9575,0
2010-05-06,27.871,28.492,25.405,26.802,26988,0
2010-05-07,27.086,27.245,26.31,26.672,14891,0
2010-05-10,28.415,28.415,27.916,28.083,6374,0
2010-05-11,28.073,28.492,27.826,28.149,33071,0
2010-05-12,28.5,28.86,28.5,28.86,4018,0
2010-05-13,29.073,29.285,28.925,28.952,11671,0
2010-05-14,28.628,28.628,27.991,28.093,11742,0
2010-05-17,28.158,28.185,27.466,28.045,16090,0
2010-05-18,28.473,28.603,27.586,27.659,19491,0
2010-05-19,27.706,27.706,26.903,27.392,7970,0
2010-05-20,26.782,26.782,25.903,26.127,21033,0
2010-05-21,25.856,26.689,25.839,26.468,7573,0
2010-05-24,26.329,26.497,26.156,26.156,1838,0
2010-05-25,25.425,25.941,24.934,25.839,25107,0
2010-05-26,26.459,26.507,26.035,26.035,953,0
2010-05-27,26.792,27.013,26.764,27.013,5333,0
2010-05-28,27.161,27.161,26.597,26.698,3791,0
2010-06-01,26.681,27.059,26.302,26.32,9416,0
2010-06-02,26.394,26.847,26.192,26.838,9172,0
2010-06-03,27.235,27.235,26.959,27.122,5679,0
2010-06-04,27.049,27.049,26.089,26.089,6417,0
2010-06-07,26.207,26.207,25.325,25.333,6970,0
2010-06-08,25.396,25.415,25.017,25.156,5549,0
2010-06-09,25.629,25.821,25.25,25.359,9097,0
2010-06-10,25.848,26.273,25.848,26.273,11586,0
2010-06-11,26.224,26.672,26.224,26.672,2295,0
2010-06-14,27.021,27.161,26.838,26.838,5632,0
2010-06-15,27.245,27.706,27.179,27.706,8931,0
2010-06-16,27.604,27.926,27.604,27.762,7433,0
2010-06-17,28.011,28.011,27.493,27.687,5154,0
2010-06-18,27.687,27.687,27.651,27.651,1140,0
2010-06-21,28.131,28.14,27.485,27.512,3357,0
2010-06-22,27.503,27.623,27.003,27.059,15421,0
2010-06-23,26.698,27.105,26.552,26.922,3659,0
2010-06-24,26.883,26.883,26.282,26.282,7216,0
2010-06-25,26.459,26.634,26.192,26.634,4807,0
2010-06-28,26.689,26.855,26.394,26.552,3329,0
2010-06-29,26.192,26.192,25.316,25.386,45587,0
2010-06-30,25.48,25.714,25.182,25.192,2666,0
2010-07-01,25.379,25.48,24.786,25.369,14437,0
2010-07-02,25.379,25.396,25.129,25.396,2139,0
2010-07-06,26.089,26.32,25.782,25.782,5840,0
2010-07-07,25.782,26.449,25.774,26.449,14646,0
2010-07-08,26.708,26.829,26.542,26.819,1625,0
2010-07-09,26.838,27.059,26.792,27.059,6575,0
2010-07-12,27.132,27.132,26.81,26.81,1948,0
2010-07-13,27.317,27.576,27.307,27.576,1302,0
2010-07-14,27.493,27.706,27.466,27.568,2242,0
2010-07-15,27.843,27.843,27.206,27.697,7894,0
2010-07-16,27.475,27.493,26.468,26.542,6535,0
2010-07-19,26.421,26.792,26.421,26.792,1408,0
2010-07-20,26.282,26.864,26.224,26.864,3271,0
2010-07-21,26.913,27.04,26.578,26.597,5679,0
2010-07-22,27.076,27.935,27.076,27.935,3761,0
2010-07-23,27.843,28.444,27.843,28.396,15982,0
2010-07-26,28.611,28.833,28.361,28.833,5147,0
2010-07-27,28.767,28.767,28.518,28.594,2094,0
2010-07-28,28.628,28.628,28.093,28.14,4575,0
2010-07-29,28.574,28.603,27.88,28.194,20246,0
2010-07-30,28.213,28.868,28.213,28.647,3507,0
2010-08-02,29.36,29.452,29.313,29.333,10217,0
2010-08-03,28.952,29.238,28.952,28.999,5844,0
2010-08-04,28.962,28.962,28.741,28.897,2935,0
2010-08-05,28.851,28.86,28.731,28.758,5124,0
2010-08-06,28.713,28.713,28.38,28.637,2397,0
2010-08-09,28.666,28.925,28.666,28.925,4610,0
2010-08-10,28.666,28.666,28.122,28.545,2926,0
2010-08-11,27.953,27.953,27.216,27.216,2289,0
2010-08-12,26.737,27.04,26.662,26.81,4981,0
2010-08-13,26.819,26.819,26.617,26.662,753,0
2010-08-16,26.375,26.792,26.375,26.626,1082,0
2010-08-17,26.883,27.485,26.883,27.438,1426,0
2010-08-18,27.197,27.447,27.197,27.364,2321,0
2010-08-19,27.151,27.151,26.597,26.672,7817,0
2010-08-20,26.497,26.497,26.253,26.338,4149,0
2010-08-23,26.329,26.365,26.329,26.365,368,0
2010-08-24,25.932,25.932,25.452,25.639,8129,0
2010-08-25,25.203,25.592,25.102,25.592,3632,0
2010-08-26,25.629,25.629,25.489,25.6,3061,0
2010-08-27,25.684,26.302,25.684,26.302,5142,0
2010-08-30,26.273,26.273,25.831,25.831,862,0
2010-08-31,25.647,25.978,25.592,25.774,9500,0
2010-09-01,26.147,26.773,26.147,26.773,4052,0
2010-09-02,26.913,26.985,26.737,26.976,8458,0
2010-09-03,27.076,27.161,27.076,27.161,1743,0
2010-09-07,27.245,27.245,26.708,26.727,25829,0
2010-09-08,26.829,27.021,26.829,26.855,14823,0
2010-09-09,27.179,27.179,26.802,26.939,5902,0
2010-09-10,26.995,27.059,26.995,27.059,1329,0
2010-09-13,27.604,27.604,27.392,27.475,4877,0
2010-09-14,27.428,27.706,27.428,27.53,9545,0
2010-09-15,27.292,27.384,27.17,27.17,4227,0
2010-09-16,27.151,27.161,26.966,27.031,3415,0
2010-09-17,27.151,27.151,26.708,26.855,5941,0
2010-09-20,27.132,27.457,27.132,27.457,2321,0
2010-09-21,27.197,27.548,27.197,27.402,4822,0
2010-09-22,27.346,27.428,27.254,27.292,2365,0
2010-09-23,26.903,27.122,26.838,27.003,2437,0
2010-09-24,27.52,27.687,27.52,27.669,6281,0
2010-09-27,27.669,27.79,27.512,27.632,13705,0
2010-09-28,27.632,27.816,27.418,27.816,7620,0
2010-09-29,27.716,28.001,27.716,27.962,3463,0
2010-09-30,28.001,28.213,27.916,27.926,6326,0
2010-10-01,28.297,28.297,27.935,28.083,8242,0
2010-10-04,27.962,27.991,27.539,27.604,2042,0
2010-10-05,28.073,28.454,28.073,28.415,9986,0
2010-10-06,28.584,28.758,28.565,28.628,22039,0
2010-10-07,28.897,28.952,28.621,28.935,11988,0
2010-10-08,28.971,29.036,28.656,29.009,14097,0
2010-10-11,28.833,29.101,28.833,28.888,5125,0
2010-10-12,28.814,29.108,28.814,29.073,1462,0
2010-10-13,29.36,29.708,29.36,29.579,3302,0
2010-10-14,29.682,29.831,29.673,29.673,8650,0
2010-10-15,30.015,30.015,29.56,29.692,2218,0
2010-10-18,29.903,29.903,29.794,29.848,1880,0
2010-10-19,29.156,29.452,28.952,28.999,5690,0
2010-10-20,29.351,29.57,29.351,29.57,8254,0
2010-10-21,29.615,30.015,29.55,29.55,5694,0
2010-10-22,29.831,29.848,29.822,29.848,7372,0
2010-10-25,29.988,30.088,29.941,30.042,2854,0
2010-10-26,29.7,29.903,29.7,29.884,920,0
2010-10-27,29.496,29.496,29.333,29.396,3654,0
2010-10-28,29.663,29.727,29.663,29.727,650,0
2010-10-29,29.222,29.222,29.046,29.102,1374,0
2010-11-01,28.868,28.868,28.574,28.676,4063,0
2010-11-02,29.156,29.175,29.091,29.175,1027,0
2010-11-03,29.444,29.444,28.86,29.082,7001,0
2010-11-04,29.396,29.913,29.379,29.858,5425,0
2010-11-05,29.478,29.673,29.478,29.57,2426,0
2010-11-08,29.653,29.653,29.452,29.589,6342,0
2010-11-09,29.369,29.369,28.814,28.86,1673,0
2010-11-10,29.247,29.247,28.628,28.907,4688,0
2010-11-11,28.425,28.584,28.387,28.584,4584,0
2010-11-12,28.518,28.518,27.962,28.112,2378,0
2010-11-15,28.241,28.396,28.185,28.185,4448,0
2010-11-16,27.8,27.836,27.254,27.355,26147,0
2010-11-17,27.355,27.826,27.355,27.586,4774,0
2010-11-18,28.149,28.343,28.149,28.287,1867,0
2010-11-19,28.001,28.073,27.898,28.073,995,0
2010-11-22,27.861,28.001,27.861,28.001,1191,0
2010-11-23,27.669,27.861,27.418,27.539,5701,0
2010-11-24,27.908,28.036,27.852,28.011,7255,0
2010-11-26,27.418,27.852,27.418,27.8,39139,0
2010-11-29,27.447,27.678,27.264,27.678,3468,0
2010-11-30,27.245,27.503,27.245,27.438,865,0
2010-12-01,28.073,28.213,28.011,28.158,2813,0
2010-12-02,28.158,28.685,28.158,28.685,7842,0
2010-12-03,28.603,28.925,28.603,28.925,5063,0
2010-12-06,28.962,29.082,28.907,29.082,2620,0
2010-12-07,29.118,29.478,29.036,29.036,10411,0
2010-12-08,29.191,29.191,28.916,29.063,3775,0
2010-12-09,29.027,29.127,29.009,29.127,1525,0
2010-12-10,29.137,29.424,29.073,29.424,1003,0
2010-12-13,29.55,29.644,29.452,29.452,2986,0
2010-12-14,29.496,29.634,29.396,29.406,4052,0
2010-12-15,29.342,29.615,29.266,29.294,7652,0
2010-12-16,29.019,29.175,28.962,29.118,8284,0
2010-12-17,29.091,29.156,28.952,29.091,10735,0
2010-12-20,29.091,29.257,29.091,29.247,7271,0
2010-12-21,29.36,29.515,29.36,29.515,3855,0
2010-12-22,29.333,29.532,29.333,29.434,5784,0
2010-12-23,29.147,29.351,28.785,29.285,3702,0
2010-12-27,29.21,29.415,29.21,29.238,1948,0
2010-12-28,29.238,29.247,29.118,29.247,42853,0
2010-12-29,28.99,29.345,28.99,29.306,24487,0
2010-12-30,29.335,29.418,29.269,29.269,2912,0
2010-12-31,29.331,29.351,29.322,29.341,18669,0
2011-01-03,29.542,29.717,29.532,29.597,6426,0
2011-01-04,29.589,29.717,29.369,29.597,11561,0
2011-01-05,29.247,29.57,29.22,29.542,9315,0
2011-01-06,29.579,29.579,29.579,29.579,650,0
2011-01-07,29.478,29.478,29.147,29.147,1082,0
2011-01-10,29.22,29.478,29.118,29.452,3588,0
2011-01-11,29.625,29.903,29.625,29.673,5180,0
2011-01-12,29.727,30.033,29.727,30.025,4441,0
2011-01-13,30.244,30.29,30.145,30.145,3735,0
2011-01-14,30.172,30.364,30.152,30.364,5212,0
2011-01-18,30.402,30.652,30.327,30.623,5563,0
2011-01-19,30.828,30.828,30.402,30.402,1472,0
2011-01-20,30.005,30.207,30.005,30.19,2689,0
2011-01-21,30.532,30.604,30.495,30.604,794,0
2011-01-24,30.632,31.04,30.532,30.903,22232,0
2011-01-25,31.058,31.058,30.801,30.857,2770,0
2011-01-26,31.141,31.188,31.049,31.169,5089,0
2011-01-27,31.39,31.537,31.344,31.537,6678,0
2011-01-28,31.243,31.243,30.688,30.697,18538,0
2011-01-31,30.737,30.98,30.681,30.921,4242,0
2011-02-01,31.408,31.842,31.408,31.815,3557,0
2011-02-02,31.502,31.788,31.502,31.769,742,0
2011-02-03,31.483,31.621,31.344,31.474,2002,0
2011-02-04,31.261,31.584,31.03,31.537,7033,0
2011-02-07,31.815,31.871,31.621,31.621,2760,0
2011-02-08,32.537,32.537,31.76,31.778,2222,0
2011-02-09,31.824,31.862,31.667,31.769,3050,0
2011-02-10,31.493,31.741,31.493,31.658,4762,0
2011-02-11,31.796,31.842,31.631,31.722,1376,0
2011-02-14,31.631,31.76,31.631,31.703,2946,0
2011-02-15,31.862,31.862,31.537,31.631,11836,0
2011-02-16,31.925,31.953,31.639,31.88,2508,0
2011-02-18,32.268,32.323,32.175,32.232,1971,0
2011-02-22,31.703,32.093,31.37,31.37,8120,0
2011-02-23,31.04,31.344,30.688,31.133,4329,0
2011-02-24,31.224,31.224,30.927,31.085,4323,0
2011-02-25,31.502,31.502,31.483,31.483,352,0
2011-02-28,31.905,32.025,31.609,31.691,1768,0
2011-03-01,32.074,32.074,31.207,31.243,639,0
2011-03-02,31.474,31.474,31.279,31.38,4539,0
2011-03-03,31.815,31.89,31.815,31.89,714,0
2011-03-04,31.612,31.612,31.483,31.511,1687,0
2011-03-07,31.898,31.898,31.288,31.288,1861,0
2011-03-08,31.325,31.483,31.207,31.408,4980,0
2011-03-09,31.399,31.584,31.37,31.37,865,0
2011-03-10,30.586,30.744,30.523,30.586,2546,0
2011-03-11,30.244,30.421,29.692,30.421,2164,0
2011-03-14,30.356,30.356,30.015,30.3,13247,0
2011-03-15,29.238,30.309,29.101,30.244,2144,0
2011-03-16,30.05,30.234,29.663,29.682,7195,0
2011-03-17,30.392,30.532,30.252,30.299,3642,0
2011-03-18,30.652,30.772,30.652,30.772,1301,0
2011-03-21,31.288,31.344,31.288,31.317,832,0
2011-03-22,31.307,31.335,31.261,31.288,1330,0
2011-03-23,30.975,31.198,30.875,31.198,1351,0
2011-03-24,31.297,31.445,31.297,31.436,4520,0
2011-03-25,31.344,31.399,31.344,31.399,387,0
2011-03-28,31.436,31.566,31.408,31.408,5399,0
2011-03-29,31.399,31.788,31.335,31.769,30438,0
2011-03-30,32.268,32.415,32.203,32.415,6834,0
2011-03-31,32.374,32.374,32.33,32.33,2096,0
2011-04-01,32.461,32.48,32.415,32.48,487,0
2011-04-04,32.831,33.081,32.601,32.637,6116,0
2011-04-05,32.499,32.564,32.386,32.386,3195,0
2011-04-06,31.584,32.185,31.584,31.898,10876,0
2011-04-07,31.603,31.963,31.547,31.712,9874,0
2011-04-08,31.741,31.741,31.39,31.426,2807,0
2011-04-11,31.445,31.493,31.215,31.215,3302,0
2011-04-12,30.937,30.995,30.725,30.985,3395,0
2011-04-13,30.985,30.985,30.613,30.688,1134,0
2011-04-14,30.809,30.847,30.468,30.838,3455,0
2011-04-15,30.791,30.956,30.782,30.903,3572,0
2011-04-18,30.356,30.402,30.025,30.402,3809,0
2011-04-19,30.449,30.541,30.346,30.393,3493,0
2011-04-20,30.857,31.049,30.828,31.049,5135,0
2011-04-21,31.234,31.297,31.234,31.297,399,0
2011-04-25,31.317,31.38,31.279,31.325,758,0
2011-04-26,31.436,31.89,31.436,31.833,27918,0
2011-04-27,32.017,32.017,32.017,32.017,178,0
2011-04-28,32.045,32.212,31.945,32.203,4175,0
2011-04-29,32.144,32.339,32.144,32.339,4626,0
2011-05-02,32.415,32.452,32.185,32.185,1314,0
2011-05-03,32.194,32.194,31.806,31.907,1478,0
2011-05-04,31.307,31.307,31.179,31.243,382,0
2011-05-05,30.847,31.123,30.791,30.947,5225,0
2011-05-06,31.252,31.252,31.03,31.03,3763,0
2011-05-09,31.085,31.27,31.077,31.151,912,0
2011-05-10,31.621,31.788,31.575,31.788,2040,0
2011-05-11,31.594,31.732,31.151,31.169,2549,0
2011-05-12,31.03,31.169,31.03,31.151,4007,0
2011-05-13,31.077,31.179,30.735,30.735,4385,0
2011-05-16,30.912,30.927,30.688,30.725,2806,0
2011-05-17,30.431,30.495,30.431,30.495,271,0
2011-05-19,30.763,30.763,30.623,30.754,1539,0
2011-05-20,30.272,30.485,30.272,30.431,431,0
2011-05-23,29.959,29.959,29.634,29.922,3783,0
2011-05-24,29.893,29.903,29.55,29.579,1428,0
2011-05-25,29.606,29.822,29.313,29.822,2649,0
2011-05-26,30.107,30.225,30.107,30.225,422,0
2011-05-27,30.133,30.133,30.057,30.057,25147,0
2011-05-31,30.494,30.793,30.494,30.736,4225,0
2011-06-01,30.558,30.558,30.198,30.198,624,0
2011-06-02,29.95,30.182,29.95,30.182,2888,0
2011-06-03,29.884,29.998,29.804,29.804,1150,0
2011-06-06,29.875,29.875,29.515,29.515,1027,0
2011-06-07,29.771,29.994,29.771,29.994,25107,0
2011-06-08,29.78,29.78,29.472,29.536,3003,0
2011-06-10,29.611,29.611,29.231,29.326,2381,0
2011-06-13,29.323,29.323,29.118,29.21,4256,0
2011-06-14,29.611,29.611,29.611,29.611,215,0
2011-06-15,29.482,29.482,28.953,29,4283,0
2011-06-16,28.833,29.064,28.833,28.953,624,0
2011-06-17,29.287,29.297,29.185,29.185,1867,0
2011-06-20,29.193,29.212,29.139,29.212,4872,0
2011-06-21,29.472,29.828,29.472,29.828,1732,0
2011-06-23,29.11,29.354,28.841,29.335,3240,0
2011-06-24,29.177,29.177,29.177,29.177,429,0
2011-06-27,29.158,29.601,29.158,29.601,747,0
2011-06-28,29.619,29.712,29.447,29.712,2691,0
2011-06-29,29.937,30.133,29.937,30.095,1489,0
2011-06-30,30.737,30.784,30.69,30.707,11436,0
2011-07-01,30.755,31.107,30.755,31.107,3269,0
2011-07-05,30.887,30.887,30.793,30.83,2533,0
2011-07-06,30.707,30.745,30.514,30.697,9507,0
2011-07-07,30.877,31.061,30.877,30.988,4251,0
2011-07-08,30.586,30.643,30.411,30.567,3898,0
2011-07-11,30.114,30.114,29.658,29.695,1272,0
2011-07-12,29.687,29.722,29.629,29.677,3798,0
2011-07-13,29.937,30.179,29.909,29.909,2743,0
2011-07-14,29.649,30.151,29.649,29.649,484,0
2011-07-15,29.845,29.845,29.518,29.639,1649,0
2011-07-18,29.372,29.428,29.129,29.24,1886,0
2011-07-19,29.447,29.761,29.447,29.732,1146,0
2011-07-20,29.809,29.899,29.8,29.88,2828,0
2011-07-21,30.189,30.355,30.189,30.307,538,0
2011-07-22,30.532,30.532,30.233,30.401,3415,0
2011-07-25,30.43,30.476,30.299,30.476,11095,0
2011-07-26,30.307,30.307,30.085,30.17,1469,0
2011-07-27,29.761,29.761,29.139,29.139,2871,0
2011-07-28,29.129,29.129,28.675,28.675,4288,0
2011-07-29,28.619,28.693,28.394,28.693,2360,0
2011-08-01,28.137,28.257,28.137,28.257,2378,0
2011-08-02,27.93,28.079,27.132,27.132,14190,0
2011-08-03,27.283,27.579,26.911,27.579,4178,0
2011-08-04,26.744,26.79,25.897,25.934,20698,0
2011-08-05,26.297,26.297,25.396,26,10650,0
2011-08-08,25.053,25.072,23.958,24.132,6415,0
2011-08-09,24.645,24.885,24.15,24.412,7595,0
2011-08-10,24.489,24.551,24.031,24.198,4466,0
2011-08-11,24.041,25.526,24.041,25.433,18189,0
2011-08-12,25.867,25.867,25.658,25.756,36121,0
2011-08-15,26.092,26.203,26.092,26.187,16947,0
2011-08-16,26.029,26.076,25.714,25.804,2181,0
2011-08-17,25.775,26.048,25.471,25.498,3787,0
2011-08-18,24.312,24.33,23.901,23.901,1954,0
2011-08-19,23.606,24.086,23.55,23.606,3972,0
2011-08-22,24.023,24.023,23.567,23.567,5160,0
2011-08-23,23.788,24.56,23.788,24.551,3095,0
2011-08-24,24.755,25.091,24.755,25.091,774,0
2011-08-25,25.154,25.154,24.698,24.773,2646,0
2011-08-26,24.524,25.452,24.524,25.415,11841,0
2011-08-29,25.981,26.195,25.954,26.195,2412,0
2011-08-30,26.195,26.37,26.131,26.37,1239,0
2011-08-31,26.564,26.851,26.508,26.629,1345,0
2011-09-01,26.494,26.494,26.057,26.057,972,0
2011-09-02,25.473,25.603,25.297,25.297,3832,0
2011-09-06,24.208,24.507,24.013,24.422,3545,0
2011-09-07,25.072,25.202,25.053,25.202,942,0
2011-09-08,25.22,25.22,24.811,24.811,3171,0
2011-09-09,24.142,24.142,23.836,23.873,1586,0
2011-09-12,23.678,23.938,23.587,23.938,3108,0
2011-09-13,24.198,24.403,24.198,24.385,750,0
2011-09-14,24.348,25.006,24.321,25.006,1185,0
2011-09-15,25.351,25.369,25.248,25.296,1345,0
2011-09-16,24.988,24.988,24.988,24.988,538,0
2011-09-19,24.264,24.385,24.264,24.376,543,0
2011-09-20,24.524,24.597,24.245,24.245,3923,0
2011-09-21,24.179,24.179,23.495,23.495,933,0
2011-09-22,22.648,22.956,22.305,22.479,7522,0
2011-09-23,22.36,22.741,22.36,22.657,1812,0
2011-09-26,22.75,22.76,22.231,22.76,2965,0
2011-09-27,23.429,23.826,23.429,23.495,1845,0
2011-09-28,23.495,23.55,22.861,22.861,4025,0
2011-09-29,23.316,23.419,22.936,23.186,1326,0
2011-09-30,22.873,22.873,22.686,22.723,1062,0
2011-10-03,22.341,22.406,21.422,21.479,8876,0
2011-10-04,21.08,21.562,20.577,21.313,10928,0
2011-10-05,22.119,22.731,22.119,22.731,2105,0
2011-10-06,22.731,23.401,22.731,23.401,11620,0
2011-10-07,23.495,23.495,22.908,23.113,10448,0
2011-10-10,23.779,23.797,23.661,23.797,1271,0
2011-10-11,23.695,23.788,23.695,23.788,538,0
2011-10-12,24.403,24.607,24.376,24.542,2155,0
2011-10-13,24.264,24.403,24.264,24.357,1990,0
2011-10-14,24.68,24.68,24.57,24.68,1807,0
2011-10-17,24.792,24.792,24.095,24.095,3198,0
2011-10-18,24.273,24.34,24.273,24.33,646,0
2011-10-19,24.208,24.302,23.892,24.031,24323,0
2011-10-20,23.816,23.816,23.401,23.616,14254,0
2011-10-24,24.394,24.831,24.385,24.831,1393,0
2011-10-26,24.46,24.46,24.041,24.376,2741,0
2011-10-27,25.239,25.867,25.239,25.813,3883,0
2011-10-28,25.611,25.611,25.489,25.489,969,0
2011-10-31,25.018,25.018,24.385,24.385,3065,0
2011-11-01,23.243,23.513,23.243,23.457,1023,0
2011-11-03,24.226,24.792,24.142,24.782,2583,0
2011-11-04,24.205,24.29,24.205,24.28,755,0
2011-11-07,24.086,24.086,24.086,24.086,105,0
2011-11-08,24.34,24.367,24.33,24.367,1617,0
2011-11-09,23.616,23.616,22.928,22.965,3337,0
2011-11-10,22.956,22.956,22.956,22.956,323,0
2011-11-11,23.644,23.948,23.644,23.797,1795,0
2011-11-14,23.475,23.495,23.309,23.309,4789,0
2011-11-16,23.225,23.325,22.946,22.946,2180,0
2011-11-17,22.928,22.981,22.46,22.46,4660,0
2011-11-18,22.693,22.693,22.693,22.693,214,0
2011-11-21,22.062,22.062,21.796,21.87,5646,0
2011-11-22,21.978,21.997,21.832,21.878,2270,0
2011-11-23,21.581,21.581,21.283,21.283,969,0
2011-11-25,21.08,21.08,21.08,21.08,261,0
2011-11-28,22.053,22.053,21.914,21.914,1484,0
2011-11-29,22.147,22.165,22.072,22.072,10387,0
2011-11-30,22.911,23.135,22.557,23.02,4016,0
2011-12-02,23.272,23.372,23.131,23.141,4034,0
2011-12-05,23.695,23.695,23.316,23.316,4125,0
2011-12-06,23.266,23.346,23.154,23.346,998,0
2011-12-07,22.949,23.237,22.949,23.209,5719,0
2011-12-08,22.762,22.762,22.436,22.5,5355,0
2011-12-09,22.733,22.984,22.733,22.959,5945,0
2011-12-12,22.452,22.498,22.378,22.378,5061,0
2011-12-13,22.469,22.507,22.24,22.24,1569,0
2011-12-14,21.842,21.942,21.804,21.804,2759,0
2011-12-15,21.997,22.1,21.997,22.053,646,0
2011-12-16,22.286,22.286,22.128,22.165,1294,0
2011-12-19,22.277,22.285,21.978,21.997,4236,0
2011-12-20,22.638,22.721,22.628,22.721,2703,0
2011-12-21,22.63,22.713,22.37,22.678,12671,0
2011-12-22,22.892,23.135,22.892,23.106,8666,0
2011-12-23,23.077,23.246,23.049,23.246,4947,0
2011-12-27,23.164,23.246,23.144,23.172,1739,0
2011-12-28,23.058,23.18,22.836,22.873,2414,0
2011-12-29,22.921,23.087,22.921,23.087,78733,0
2011-12-30,23.125,23.257,23.116,23.228,4010,0
2012-01-03,23.85,23.888,23.85,23.87,1771,0
2012-01-04,23.452,23.452,23.452,23.452,105,0
2012-01-06,23.366,23.423,23.303,23.303,970,0
2012-01-10,24.028,24.038,23.916,24.038,3009,0
2012-01-11,24.205,24.232,24.205,24.224,475,0
2012-01-12,24.497,24.497,24.374,24.374,428,0
2012-01-13,24.215,24.224,23.964,24.205,2788,0
2012-01-17,24.365,24.531,24.309,24.309,3379,0
2012-01-18,24.569,24.707,24.487,24.707,2231,0
2012-01-19,24.98,25.015,24.941,25.006,5043,0
2012-01-23,25.231,25.231,24.931,25.006,3649,0
2012-01-24,24.707,24.839,24.707,24.839,1480,0
2012-01-25,24.717,25.249,24.717,25.249,3674,0
2012-01-26,25.397,25.397,25.259,25.269,9271,0
2012-01-27,25.388,25.529,25.388,25.5,1849,0
2012-01-30,25.175,25.289,25.025,25.221,4482,0
2012-01-31,25.617,25.617,25.363,25.457,3644,0
2012-02-01,25.975,26.042,25.975,26.042,696,0
2012-02-02,26.079,26.126,26.079,26.126,215,0
2012-02-03,26.385,26.657,26.116,26.657,3113,0
2012-02-06,26.432,26.508,26.432,26.47,1209,0
2012-02-07,26.581,26.61,26.581,26.61,549,0
2012-02-08,26.647,26.722,26.647,26.722,374,0
2012-02-09,26.684,26.684,26.675,26.675,1084,0
2012-02-10,26.339,26.339,26.339,26.339,536,0
2012-02-13,26.46,26.47,26.302,26.47,2952,0
2012-02-14,26.087,26.087,26.087,26.087,739,0
2012-02-15,26.126,26.155,26.126,26.155,367,0
2012-02-16,26.59,26.684,26.508,26.684,3297,0
2012-02-17,26.684,26.702,26.6,26.702,1970,0
2012-02-21,26.777,26.869,26.767,26.824,2681,0
2012-02-22,26.702,26.722,26.702,26.702,1019,0
2012-02-23,26.545,26.61,26.545,26.61,1762,0
2012-02-24,26.814,26.814,26.647,26.647,698,0
2012-02-27,26.356,26.741,26.356,26.712,1165,0
2012-02-28,26.787,26.787,26.692,26.692,671,0
2012-02-29,26.746,26.746,26.633,26.633,847,0
2012-03-01,26.62,26.712,26.508,26.637,2280,0
2012-03-02,26.39,26.427,26.296,26.418,858,0
2012-03-05,26.191,26.191,26.096,26.191,960,0
2012-03-06,25.337,25.737,25.337,25.337,753,0
2012-03-07,25.58,25.58,25.58,25.58,105,0
2012-03-08,26.036,26.238,26.036,26.238,1583,0
2012-03-09,26.082,26.305,25.97,26.177,8505,0
2012-03-12,26.182,26.182,26.07,26.173,2871,0
2012-03-13,26.356,26.665,26.32,26.665,1170,0
2012-03-14,26.564,26.564,26.366,26.405,1564,0
2012-03-15,26.712,26.712,26.712,26.712,213,0
2012-03-16,26.697,26.707,26.68,26.68,1929,0
2012-03-19,26.647,26.797,26.647,26.797,953,0
2012-03-20,26.347,26.366,26.347,26.347,752,0
2012-03-21,26.315,26.315,26.315,26.315,105,0
2012-03-22,25.979,26.017,25.894,26.017,1395,0
2012-03-23,26.074,26.168,26.074,26.168,2358,0
2012-03-26,26.585,26.615,26.585,26.615,965,0
2012-03-27,26.633,26.642,26.576,26.605,4589,0
2012-03-28,26.504,26.504,26.158,26.158,896,0
2012-04-02,25.989,26.305,25.989,26.305,715,0
2012-04-03,25.979,25.979,25.932,25.932,591,0
2012-04-04,25.522,25.522,25.522,25.522,105,0
2012-04-05,25.319,25.319,25.243,25.243,301,0
2012-04-09,24.813,24.842,24.748,24.748,654,0
2012-04-10,24.682,24.682,24.292,24.301,832,0
2012-04-11,24.719,24.719,24.691,24.691,965,0
2012-04-12,24.804,24.991,24.804,24.991,782,0
2012-04-13,24.983,24.991,24.738,24.766,3383,0
2012-04-16,24.719,25.037,24.719,25.037,857,0
2012-04-17,25.41,25.457,25.41,25.457,1109,0
2012-04-18,25.196,25.196,25.196,25.196,322,0
2012-04-19,25.027,25.027,24.85,24.944,2261,0
2012-04-20,25.282,25.282,25.282,25.282,213,0
2012-04-23,24.823,24.823,24.636,24.636,750,0
2012-04-24,24.999,24.999,24.999,24.999,481,0
2012-04-25,25.046,25.046,25.018,25.018,1395,0
2012-04-27,25.177,25.328,25.177,25.328,1351,0
2012-04-30,25.391,25.391,25.148,25.196,1648,0
2012-05-01,25.57,25.772,25.57,25.772,1668,0
2012-05-03,25.541,25.541,25.186,25.186,408,0
2012-05-04,24.983,25.018,24.983,25.018,322,0
2012-05-07,24.85,24.999,24.85,24.934,3682,0
2012-05-08,24.766,24.766,24.422,24.748,655,0
2012-05-09,24.376,24.489,24.376,24.489,1254,0
2012-05-10,24.499,24.533,24.499,24.533,6296,0
2012-05-11,24.46,24.46,24.46,24.46,643,0
2012-05-14,23.926,24.075,23.881,24.075,5914,0
2012-05-15,23.842,23.842,23.785,23.785,3538,0
2012-05-16,23.794,23.833,23.583,23.612,1189,0
2012-05-17,23.21,23.228,23.172,23.228,428,0
2012-05-21,23.285,23.444,23.087,23.424,2419,0
2012-05-22,23.555,23.794,23.555,23.667,2105,0
2012-05-23,23.357,23.367,23.19,23.21,2893,0
2012-05-24,23.63,23.63,23.462,23.462,744,0
2012-05-25,23.583,23.583,23.583,23.583,623,0
2012-05-29,23.74,23.833,23.721,23.813,1331,0
2012-05-30,23.415,23.49,23.415,23.434,1117,0
2012-05-31,23.077,23.396,23.039,23.396,20282,0
2012-06-01,22.911,22.921,22.762,22.856,2869,0
2012-06-04,22.743,22.743,22.743,22.743,243,0
2012-06-05,22.695,22.695,22.695,22.695,158,0
2012-06-06,23.38,23.495,23.38,23.495,2304,0
2012-06-07,23.8,23.8,23.8,23.8,374,0
2012-06-08,23.588,23.636,23.588,23.626,730,0
2012-06-11,23.871,23.871,23.592,23.592,679,0
2012-06-12,23.396,23.509,23.367,23.509,1609,0
2012-06-13,23.509,23.509,23.509,23.509,105,0
2012-06-14,23.415,23.573,23.406,23.573,369,0
2012-06-15,23.746,23.746,23.746,23.746,163,0
2012-06-18,24.011,24.039,24.011,24.039,965,0
2012-06-19,24.187,24.385,24.187,24.385,967,0
2012-06-20,24.403,24.403,24.403,24.403,261,0
2012-06-21,24.185,24.185,23.8,23.8,362,0
2012-06-22,23.896,23.896,23.896,23.896,105,0
2012-06-26,23.288,23.428,23.288,23.428,1313,0
2012-06-27,23.428,23.654,23.428,23.654,321,0
2012-06-28,23.541,23.654,23.541,23.654,212,0
2012-06-29,24.459,24.834,24.459,24.834,2052,0
2012-07-02,25.001,25.133,25.001,25.133,1677,0
2012-07-05,25.246,25.341,25.227,25.304,4112,0
2012-07-06,24.889,24.918,24.889,24.918,747,0
2012-07-10,24.58,24.58,24.58,24.58,428,0
2012-07-11,24.608,24.608,24.347,24.507,1293,0
2012-07-12,24.109,24.375,24.1,24.375,2325,0
2012-07-13,24.691,24.691,24.691,24.691,1066,0
2012-07-16,24.682,24.682,24.682,24.682,105,0
2012-07-17,24.682,24.7,24.674,24.674,1283,0
2012-07-18,24.655,24.896,24.655,24.739,747,0
2012-07-19,24.72,24.739,24.71,24.71,1283,0
2012-07-20,24.393,24.411,24.338,24.338,1909,0
2012-07-23,23.82,23.887,23.82,23.887,694,0
2012-07-24,23.662,23.671,23.662,23.671,212,0
2012-07-26,24.27,24.27,24.176,24.252,694,0
2012-07-27,24.636,24.842,24.636,24.795,2237,0
2012-07-30,24.861,24.991,24.852,24.991,1357,0
2012-07-31,25.04,25.04,24.985,24.985,321,0
2012-08-01,24.927,24.927,24.927,24.927,538,0
2012-08-02,24.863,24.863,24.682,24.682,776,0
2012-08-03,25.313,25.634,25.313,25.584,3483,0
2012-08-06,25.929,26.072,25.929,26.072,1170,0
2012-08-07,26.216,26.236,26.158,26.236,747,0
2012-08-08,25.929,26.005,25.929,26.005,212,0
2012-08-09,26.005,26.014,26.005,26.014,426,0
2012-08-10,26.071,26.073,26.071,26.073,212,0
2012-08-13,25.929,25.997,25.929,25.979,1553,0
2012-08-14,26.052,26.054,26.052,26.054,372,0
2012-08-15,26.127,26.127,26.043,26.127,1703,0
2012-08-16,26.426,26.605,26.426,26.605,1877,0
2012-08-17,26.566,26.762,26.566,26.652,1314,0
2012-08-20,26.529,26.529,26.464,26.464,747,0
2012-08-21,26.81,26.81,26.575,26.575,4919,0
2012-08-22,26.521,26.521,26.521,26.521,2135,0
2012-08-23,26.342,26.342,26.342,26.342,426,0
2012-08-27,26.342,26.398,26.342,26.398,321,0
2012-08-31,26.127,26.127,26.127,26.127,212,0
2012-09-04,26.108,26.108,26.108,26.108,411,0
2012-09-05,26.236,26.264,26.156,26.165,865,0
2012-09-06,26.454,26.839,26.454,26.839,1255,0
2012-09-07,27.176,27.233,27.176,27.184,1066,0
2012-09-10,27.29,27.445,27.223,27.252,2242,0
2012-09-12,27.561,27.561,27.561,27.561,532,0
2012-09-13,27.651,27.891,27.532,27.877,2581,0
2012-09-14,28.244,28.543,28.244,28.329,1656,0
2012-09-17,28.178,28.178,28.084,28.084,532,0
2012-09-18,27.991,28.15,27.981,27.981,4486,0
2012-09-20,27.748,27.803,27.748,27.803,318,0
2012-09-21,28.018,28.261,28.01,28.01,7319,0
2012-09-24,27.587,27.901,27.587,27.702,756,0
2012-09-25,27.831,27.831,27.351,27.351,1400,0
2012-09-26,26.994,27.164,26.965,26.965,1715,0
2012-09-27,27.239,27.47,27.239,27.47,10278,0
2012-09-28,27.259,27.259,27.005,27.005,745,0
2012-10-01,27.278,27.43,27.05,27.05,1696,0
2012-10-02,27.435,27.435,27.351,27.435,850,0
2012-10-03,27.474,27.492,27.332,27.381,2475,0
2012-10-04,27.399,27.539,27.399,27.539,2801,0
2012-10-08,27.548,27.558,27.548,27.558,1914,0
2012-10-09,27.512,27.512,27.089,27.089,1262,0
2012-10-11,27.013,27.259,26.965,26.965,4150,0
2012-10-12,27.097,27.097,27.077,27.077,2318,0
2012-10-15,26.958,27.144,26.958,27.134,1085,0
2012-10-16,27.19,27.399,27.19,27.399,576,0
2012-10-17,27.593,27.593,27.513,27.513,482,0
2012-10-18,27.53,27.634,27.53,27.634,966,0
2012-10-19,27.087,27.087,26.665,26.742,718,0
2012-10-22,26.619,26.693,26.527,26.693,2188,0
2012-10-23,26.229,26.229,26.091,26.091,211,0
2012-10-24,26.159,26.159,26.065,26.065,425,0
2012-10-25,26.091,26.195,26.091,26.15,1068,0
2012-10-26,25.998,26,25.998,26,1672,0
2012-10-31,26.507,26.526,26.179,26.211,3101,0
2012-11-01,26.675,26.675,26.523,26.523,381,0
2012-11-02,26.675,26.675,26.526,26.526,320,0
2012-11-05,26.269,26.507,26.269,26.288,1282,0
2012-11-06,26.59,27.182,26.59,26.948,2194,0
2012-11-07,26.307,26.607,26.298,26.607,1495,0
2012-11-08,26.179,26.22,26.179,26.22,850,0
2012-11-09,25.941,26.008,25.941,26.008,638,0
2012-11-13,25.838,25.855,25.707,25.717,1703,0
2012-11-14,25.717,25.717,25.208,25.208,1058,0
2012-11-15,25.179,25.179,24.861,25.141,1384,0
2012-11-19,25.652,25.661,25.415,25.49,2499,0
2012-11-20,25.717,25.717,25.544,25.544,2096,0
2012-11-21,25.71,25.795,25.671,25.671,2340,0
2012-11-26,26.191,26.288,26.191,26.229,1573,0
2012-11-27,25.988,26,25.969,26,638,0
2012-11-28,25.838,26.182,25.838,26.091,682,0
2012-11-30,26.656,26.732,26.656,26.732,1759,0
2012-12-03,26.59,26.646,26.59,26.646,1178,0
2012-12-04,26.586,26.693,26.586,26.629,1009,0
2012-12-05,26.825,26.835,26.825,26.835,477,0
2012-12-06,26.507,26.63,26.507,26.63,450,0
2012-12-07,26.421,26.592,26.421,26.592,1384,0
2012-12-10,26.753,26.753,26.753,26.753,508,0
2012-12-11,26.966,27.017,26.966,27.017,212,0
2012-12-13,27.21,27.21,27.05,27.05,584,0
2012-12-14,27.347,27.47,27.323,27.339,1410,0
2012-12-17,27.226,27.227,27.226,27.227,692,0
2012-12-18,27.512,27.512,27.512,27.512,168,0
2012-12-19,27.671,27.849,27.671,27.849,1718,0
2012-12-20,27.831,27.913,27.709,27.87,6025,0
2012-12-21,27.795,27.795,27.795,27.795,211,0
2012-12-26,27.445,27.624,27.445,27.624,1384,0
2012-12-27,27.502,27.52,27.332,27.332,425,0
2012-12-28,27.445,27.502,27.313,27.361,3407,0
2012-12-31,27.426,27.532,27.426,27.474,3942,0
2013-01-02,28.169,28.196,28.073,28.196,3136,0
2013-01-03,28.301,28.301,28.281,28.291,850,0
2013-01-04,28.638,28.799,28.603,28.603,2340,0
2013-01-07,28.685,28.685,28.383,28.465,10011,0
2013-01-08,28.311,28.422,28.311,28.377,7624,0
2013-01-09,28.329,28.627,28.329,28.627,5212,0
2013-01-10,28.677,28.818,28.544,28.687,2831,0
2013-01-11,28.715,28.931,28.715,28.931,815,0
2013-01-16,29.034,29.062,28.987,29.013,931,0
2013-01-17,28.939,29.133,28.939,29.114,1479,0
2013-01-18,29.034,29.113,29.034,29.09,489,0
2013-01-22,29.137,29.382,29.137,29.374,18575,0
2013-01-23,29.346,29.346,29.269,29.346,657,0
2013-01-24,29.411,29.411,29.382,29.382,1306,0
2013-01-25,29.7,29.797,29.479,29.797,717,0
2013-01-28,29.568,29.568,29.568,29.568,105,0
2013-01-29,29.624,29.777,29.449,29.7,2096,0
2013-01-30,29.605,29.673,29.605,29.605,1435,0
2013-02-01,29.568,29.568,29.568,29.568,131,0
2013-02-04,29.239,29.239,28.717,28.764,1574,0
2013-02-05,29.245,29.245,29.137,29.245,244,0
2013-02-06,29.127,29.356,29.09,29.239,4891,0
2013-02-07,29.062,29.062,29.016,29.016,904,0
2013-02-11,29.127,29.411,29.127,29.404,2400,0
2013-02-12,29.401,29.693,29.317,29.548,920,0
2013-02-13,29.989,30.115,29.937,29.937,1082,0
2013-02-14,30.106,30.416,30.086,30.416,2442,0
2013-02-15,30.317,30.317,30.292,30.292,243,0
2013-02-19,30.65,30.66,30.65,30.66,1277,0
2013-02-21,30.076,30.076,29.984,29.984,853,0
2013-02-22,30.329,30.556,30.329,30.49,958,0
2013-02-25,30.592,30.773,29.869,29.869,2464,0
2013-02-27,30.311,30.311,30.311,30.311,105,0
2013-02-28,30.482,30.482,30.482,30.482,211,0
2013-03-01,30.076,30.303,30.076,30.108,1835,0
2013-03-04,30.086,30.463,30.076,30.463,1465,0
2013-03-05,30.584,30.728,30.538,30.622,829,0
2013-03-07,30.783,30.913,30.716,30.716,1172,0
2013-03-08,30.81,30.941,30.81,30.82,768,0
2013-03-11,30.82,31.019,30.82,31,2424,0
2013-03-12,31.159,31.159,30.859,31.027,3192,0
2013-03-13,31.036,31.111,31.019,31.111,2022,0
2013-03-14,31.187,31.487,31.079,31.487,2758,0
2013-03-15,31.516,31.516,31.223,31.298,2003,0
2013-03-18,31,31,30.773,30.773,692,0
2013-03-19,30.83,30.83,30.547,30.556,1673,0
2013-03-20,30.888,30.888,30.888,30.888,105,0
2013-03-21,30.567,30.577,30.432,30.503,693,0
2013-03-22,30.666,30.884,30.637,30.711,904,0
2013-03-25,30.741,30.741,30.543,30.543,560,0
2013-03-26,30.561,30.561,30.561,30.561,211,0
2013-03-27,30.073,30.073,30.073,30.073,211,0
2013-04-01,30.007,30.007,29.865,29.865,2194,0
2013-04-02,29.893,29.925,29.802,29.802,1668,0
2013-04-03,29.619,29.875,29.619,29.619,638,0
2013-04-04,29.36,29.369,29.233,29.369,4046,0
2013-04-05,29.133,29.342,29.133,29.255,4132,0
2013-04-08,29.293,29.47,29.293,29.425,2342,0
2013-04-09,29.508,29.875,29.508,29.875,2021,0
2013-04-10,30.017,30.459,30.017,30.459,1501,0
2013-04-11,30.477,30.477,30.375,30.375,530,0
2013-04-12,30.167,30.26,30.117,30.26,1187,0
2013-04-15,29.848,29.848,29.254,29.272,3140,0
2013-04-16,29.283,29.322,29.283,29.322,425,0
2013-04-17,29.048,29.048,28.569,28.569,1381,0
2013-04-18,28.719,28.719,28.388,28.388,3143,0
2013-04-19,28.747,28.747,28.747,28.747,1724,0
2013-04-22,29.312,29.449,29.217,29.449,1082,0
2013-04-23,29.688,29.725,29.678,29.678,320,0
2013-04-24,30.078,30.402,30.036,30.402,2897,0
2013-04-25,30.526,30.694,30.516,30.694,530,0
2013-04-26,30.354,30.354,30.354,30.354,271,0
2013-04-29,30.561,30.685,30.402,30.637,4010,0
2013-04-30,30.561,30.561,30.307,30.459,1488,0
2013-05-02,30.413,30.413,30.413,30.413,156,0
2013-05-03,30.694,31.184,30.694,30.957,4374,0
2013-05-07,30.768,30.768,30.676,30.676,4472,0
2013-05-08,30.986,31.051,30.856,30.918,2721,0
2013-05-09,30.478,30.478,30.411,30.411,603,0
2013-05-10,30.355,30.656,30.355,30.656,1440,0
2013-05-13,30.653,30.653,30.393,30.459,1518,0
2013-05-15,30.976,31.042,30.976,31.042,789,0
2013-05-16,30.894,31.165,30.894,31.04,2100,0
2013-05-17,30.937,31.174,30.937,31.174,392,0
2013-05-20,31.397,31.634,31.369,31.456,2183,0
2013-05-21,31.606,32.021,31.549,31.99,4891,0
2013-05-22,31.925,31.925,31.323,31.323,6963,0
2013-05-23,30.807,31.276,30.807,30.964,2342,0
2013-05-24,30.884,31.162,30.884,30.936,1574,0
2013-05-28,31.032,31.067,31.032,31.067,676,0
2013-05-29,30.874,30.967,30.779,30.884,6036,0
2013-05-30,31.165,31.426,31.165,31.26,3115,0
2013-05-31,31.061,31.061,31.061,31.061,422,0
2013-06-04,31.436,31.436,30.506,30.506,1583,0
2013-06-05,30.685,30.685,30.292,30.292,425,0
2013-06-06,30.44,30.607,30.251,30.598,2956,0
2013-06-07,30.477,30.957,30.477,30.957,15019,0
2013-06-10,30.846,30.937,30.74,30.826,1218,0
2013-06-11,30.769,30.856,30.625,30.625,24615,0
2013-06-12,30.683,30.683,30.399,30.425,1179,0
2013-06-13,29.882,30.385,29.882,30.385,1899,0
2013-06-14,30.311,30.311,30.221,30.221,556,0
2013-06-17,30.637,30.637,30.28,30.474,1718,0
2013-06-19,30.484,30.627,30.456,30.456,1926,0
2013-06-20,29.892,29.892,29.705,29.705,737,0
2013-06-21,29.303,29.303,29.122,29.122,325,0
2013-06-24,28.761,28.761,28.551,28.559,316,0
2013-06-25,29.141,29.141,29.033,29.033,488,0
2013-06-27,29.409,29.941,29.409,29.941,661,0
2013-06-28,29.882,29.922,29.704,29.704,1489,0
2013-07-02,29.805,29.836,29.805,29.836,347,0
2013-07-05,29.511,30.169,29.511,30.169,1268,0
2013-07-08,30.179,30.308,30.179,30.308,734,0
2013-07-09,30.387,30.75,30.339,30.635,685,0
2013-07-10,30.349,30.456,30.34,30.456,1685,0
2013-07-11,30.92,30.92,30.92,30.92,104,0
2013-07-12,30.74,30.74,30.74,30.74,148,0
2013-07-15,30.895,31.207,30.895,31.207,768,0
2013-07-16,31.294,31.294,31.14,31.159,1429,0
2013-07-17,31.424,31.548,31.406,31.406,1953,0
2013-07-18,31.606,31.729,31.483,31.483,1054,0
2013-07-19,31.826,32.042,31.826,32.042,716,0
2013-07-22,32.102,32.112,32.102,32.112,516,0
2013-07-23,31.872,32.149,31.816,32.102,2041,0
2013-07-24,32.102,32.102,31.652,31.678,672,0
2013-07-25,31.795,31.795,31.795,31.795,209,0
2013-07-26,31.653,31.653,31.653,31.653,209,0
2013-07-29,31.577,31.577,31.386,31.396,640,0
2013-07-30,31.396,31.396,31.396,31.396,618,0
2013-07-31,31.366,31.52,31.366,31.52,550,0
2013-08-01,31.987,32.005,31.957,31.957,364,0
2013-08-02,31.872,31.872,31.872,31.872,134,0
2013-08-05,31.974,32.072,31.974,32.072,3101,0
2013-08-06,32.004,32.004,31.668,31.791,1214,0
2013-08-08,31.709,31.968,31.709,31.968,594,0
2013-08-09,31.773,31.773,31.773,31.773,235,0
2013-08-12,31.512,31.851,31.454,31.767,2470,0
2013-08-13,31.882,31.968,31.698,31.789,1879,0
2013-08-14,31.787,31.787,31.787,31.787,229,0
2013-08-16,31.414,31.414,31.311,31.311,788,0
2013-08-19,30.929,30.949,30.837,30.837,471,0
2013-08-20,30.979,30.979,30.979,30.979,114,0
2013-08-21,30.465,30.865,30.465,30.861,2135,0
2013-08-23,31.282,31.282,31.282,31.282,657,0
2013-08-26,30.708,31.063,30.708,31.063,472,0
2013-08-27,30.74,30.74,30.74,30.74,3376,0
2013-08-28,30.123,30.596,30.123,30.587,4724,0
2013-08-29,30.7,30.837,30.639,30.827,839,0
2013-09-04,30.083,30.665,30.083,30.522,14774,0
2013-09-05,30.596,30.596,30.596,30.596,337,0
2013-09-06,30.893,30.893,30.893,30.893,114,0
2013-09-09,30.843,30.936,30.843,30.936,826,0
2013-09-10,31.33,31.454,31.33,31.366,11285,0
2013-09-11,31.625,31.739,31.33,31.568,4360,0
2013-09-12,31.739,31.777,31.739,31.777,524,0
2013-09-16,31.796,32.282,31.603,31.603,1600,0
2013-09-17,32.215,32.215,32.168,32.215,569,0
2013-09-18,32.004,32.675,32.004,32.135,644,0
2013-09-19,32.414,32.453,32.311,32.311,788,0
2013-09-20,32.273,32.273,32.26,32.26,1921,0
2013-09-23,32.702,32.702,32.443,32.477,1050,0
2013-09-24,32.804,32.804,32.804,32.804,104,0
2013-09-25,32.433,32.492,32.433,32.472,1787,0
2013-09-27,32.433,32.834,32.384,32.692,1682,0
2013-09-30,32.053,32.244,32.053,32.244,614,0
2013-10-01,32.521,32.824,32.521,32.824,1109,0
2013-10-02,32.472,32.472,32.472,32.472,104,0
2013-10-03,32.082,32.32,32.082,32.206,3776,0
2013-10-04,32.301,32.814,32.301,32.814,840,0
2013-10-08,32.301,32.301,31.854,31.882,1470,0
2013-10-09,31.825,31.825,31.758,31.758,524,0
2013-10-10,32.414,32.587,32.301,32.587,6200,0
2013-10-11,32.702,32.969,32.597,32.929,25429,0
2013-10-14,32.939,33.101,32.804,32.949,15340,0
2013-10-15,32.909,32.909,32.625,32.643,2941,0
2013-10-16,32.854,32.854,32.578,32.765,19597,0
2013-10-17,32.597,33.129,32.597,33.072,17442,0
2013-10-18,33.312,33.662,33.312,33.538,8765,0
2013-10-21,33.872,33.889,33.748,33.823,4098,0
2013-10-22,34.48,34.48,34.48,34.48,316,0
2013-10-23,34.291,34.31,34.043,34.31,1787,0
2013-10-24,34.5,34.795,34.5,34.691,5675,0
2013-10-25,34.49,34.49,34.431,34.431,1365,0
2013-10-28,34.187,34.47,34.071,34.47,10926,0
2013-10-29,34.347,34.662,34.347,34.662,524,0
2013-10-30,34.45,34.718,34.45,34.46,840,0
2013-10-31,34.47,34.566,34.45,34.566,1157,0
2013-11-01,34.224,34.224,34.052,34.052,316,0
2013-11-04,34.081,34.403,34.081,34.403,420,0
2013-11-06,34.365,34.772,34.319,34.71,2065,0
2013-11-07,34.327,34.327,34.281,34.281,686,0
2013-11-08,33.889,33.889,33.613,33.776,840,0
2013-11-11,33.976,34.177,33.976,34.177,2416,0
2013-11-12,33.787,33.912,33.787,33.912,1060,0
2013-11-13,33.88,33.956,33.84,33.956,2879,0
2013-11-14,33.976,33.976,33.919,33.976,840,0
2013-11-15,33.948,33.966,33.804,33.966,1682,0
2013-11-18,34.062,34.196,33.928,33.976,1890,0
2013-11-19,33.785,33.785,33.367,33.442,14185,0
2013-11-20,33.662,33.662,33.178,33.178,1315,0
2013-11-21,33.339,33.718,33.339,33.718,1994,0
2013-11-22,33.889,33.889,33.643,33.643,631,0
2013-11-26,33.976,33.976,33.976,33.976,209,0
2013-11-27,33.985,33.985,33.985,33.985,104,0
2013-11-29,34.196,34.519,34.196,34.519,460,0
2013-12-02,33.776,33.813,33.767,33.785,3258,0
2013-12-03,33.662,33.662,33.168,33.168,946,0
2013-12-04,33.282,33.282,32.979,32.979,961,0
2013-12-05,33.016,33.016,33.016,33.016,115,0
2013-12-06,33.469,33.469,33.469,33.469,209,0
2013-12-09,33.479,33.479,33.376,33.376,420,0
2013-12-10,33.072,33.367,33.072,33.367,631,0
2013-12-12,32.597,32.597,32.597,32.597,316,0
2013-12-13,32.643,32.643,32.643,32.643,104,0
2013-12-16,32.979,33.188,32.979,33.188,1050,0
2013-12-17,32.79,33.223,32.79,32.948,910,0
2013-12-18,33.14,33.387,33.14,33.283,2203,0
2013-12-19,33.303,33.303,33.303,33.303,104,0
2013-12-20,33.797,33.805,33.797,33.805,1399,0
2013-12-23,33.834,33.931,33.834,33.911,2411,0
2013-12-26,34.637,34.637,34.141,34.141,1783,0
2013-12-27,34.541,34.541,34.464,34.541,1259,0
2013-12-30,34.265,34.406,34.265,34.397,1573,0
2014-01-03,34.558,34.558,34.131,34.141,3609,0
2014-01-06,34.504,34.504,34.444,34.444,315,0
2014-01-07,34.217,34.617,34.217,34.321,6185,0
2014-01-08,34.637,34.637,34.637,34.637,315,0
2014-01-10,35.294,35.294,35.191,35.191,523,0
2014-01-13,35.294,35.294,35.191,35.191,5031,0
2014-01-14,35.809,35.809,35.809,35.809,209,0
2014-01-15,35.944,36.122,35.77,36.085,845,0
2014-01-16,36.093,36.336,35.849,36.307,1678,0
2014-01-17,36.487,36.487,36.307,36.317,1259,0
2014-01-21,35.972,35.972,35.972,35.972,104,0
2014-01-22,36.182,36.182,36.182,36.182,209,0
2014-01-23,36.113,36.123,36.009,36.009,1462,0
2014-01-24,35.447,35.752,35.447,35.752,898,0
2014-01-27,35.075,35.085,34.818,35.085,2599,0
2014-01-28,35.199,35.294,35.199,35.199,454,0
2014-01-29,35.124,35.124,35.104,35.104,1362,0
2014-01-30,35.294,35.294,34.828,35.144,315,0
2014-02-03,34.816,35.255,33.851,34.1,3221,0
2014-02-04,34.318,34.35,34.073,34.241,2334,0
2014-02-06,34.388,34.388,34.388,34.388,788,0
2014-02-07,34.84,35.265,34.84,35.255,2690,0
2014-02-10,34.99,35.085,34.799,35.085,1791,0
2014-02-11,35.294,35.495,34.961,35.495,4711,0
2014-02-12,35.486,35.562,35.486,35.562,485,0
2014-02-13,35.154,35.934,35.154,35.934,780,0
2014-02-14,35.865,36.383,35.865,36.383,1914,0
2014-02-18,36.421,36.631,36.248,36.366,3408,0
2014-02-19,36.298,36.651,36.268,36.534,4409,0
2014-02-20,36.142,37.002,36.142,36.603,738,0
2014-02-21,36.741,36.741,36.741,36.741,346,0
2014-02-24,36.951,36.951,36.951,36.951,631,0
2014-02-25,36.688,37.097,36.688,36.937,16821,0
2014-02-26,37.336,37.336,37.336,37.336,212,0
2014-02-27,36.916,37.002,36.916,36.998,1849,0
2014-02-28,37.012,37.441,37.012,37.279,3931,0
2014-03-03,36.516,36.516,36.516,36.516,842,0
2014-03-04,37.527,37.555,36.992,37.555,1145,0
2014-03-05,37.83,37.83,37.557,37.602,1366,0
2014-03-06,37.784,37.784,37.765,37.784,544,0
2014-03-07,37.794,37.83,37.336,37.457,922,0
2014-03-10,37.408,37.507,37.408,37.505,1044,0
2014-03-11,37.849,37.897,37.031,37.031,2746,0
2014-03-12,37.016,37.024,37.014,37.014,942,0
2014-03-13,37.041,37.172,36.631,36.631,5073,0
2014-03-14,36.583,36.583,36.534,36.534,489,0
2014-03-17,37.287,37.536,37.287,37.536,8118,0
2014-03-18,36.992,37.736,36.992,37.715,973,0
2014-03-19,37.849,37.859,37.372,37.372,5974,0
2014-03-20,37.073,37.466,37.073,37.336,2751,0
2014-03-21,37.536,37.536,37.432,37.432,955,0
2014-03-24,37.849,37.849,36.744,36.832,693,0
2014-03-25,37.421,37.43,37.038,37.43,2634,0
2014-03-26,37.839,37.839,37.373,37.373,3762,0
2014-03-27,36.971,37.019,36.913,37.019,1691,0
2014-03-28,37.192,37.449,37.153,37.153,26503,0
2014-03-31,37.031,37.343,37.031,37.287,2464,0
2014-04-01,37.238,37.629,37.238,37.607,1669,0
2014-04-02,37.83,37.83,37.735,37.754,4407,0
2014-04-03,37.791,37.791,37.688,37.688,809,0
2014-04-04,37.879,37.965,37.161,37.161,7856,0
2014-04-07,36.507,37.116,36.483,36.483,934,0
2014-04-08,36.558,36.747,36.444,36.747,1703,0
2014-04-09,37.085,37.123,37.085,37.094,949,0
2014-04-10,36.912,36.912,36.453,36.453,1738,0
2014-04-11,36.331,36.35,36.292,36.292,420,0
2014-04-14,36.022,36.022,35.946,35.946,955,0
2014-04-15,36.156,36.224,36.156,36.224,695,0
2014-04-16,36.665,36.837,36.665,36.837,760,0
2014-04-17,36.769,37.248,36.769,36.883,4207,0
2014-04-21,37.066,37.104,37.035,37.035,2689,0
2014-04-22,37.505,37.505,37.505,37.505,1084,0
2014-04-23,37.564,37.564,37.091,37.104,1363,0
2014-04-24,37.18,37.294,37.085,37.294,1878,0
2014-04-25,37.334,37.334,36.892,36.95,2135,0
2014-04-28,36.808,36.932,36.808,36.932,707,0
2014-04-30,36.511,36.511,36.511,36.511,109,0
2014-05-01,36.558,36.558,36.37,36.397,1106,0
2014-05-02,36.37,36.49,36.37,36.49,1099,0
2014-05-05,36.47,36.608,36.276,36.608,404,0
2014-05-06,36.259,36.259,36.186,36.186,650,0
2014-05-07,35.929,35.929,35.706,35.706,436,0
2014-05-08,35.822,35.822,35.428,35.428,1667,0
2014-05-09,35.154,35.2,35.104,35.2,6037,0
2014-05-12,35.285,35.736,35.285,35.477,23510,0
2014-05-13,35.852,35.852,35.409,35.626,15651,0
2014-05-14,35.496,35.496,35.333,35.496,1099,0
2014-05-15,34.74,35.2,34.462,34.465,4057,0
2014-05-16,34.931,34.99,34.684,34.99,2147,0
2014-05-19,35.171,35.2,35.144,35.191,3758,0
2014-05-20,34.85,35.01,34.704,34.887,2071,0
2014-05-21,34.704,35.055,34.704,35.055,896,0
2014-05-22,35.093,35.093,34.75,34.75,357,0
2014-05-23,34.827,35.382,34.827,35.382,1552,0
2014-05-27,35.639,35.956,35.639,35.677,3218,0
2014-05-28,35.966,36.004,35.697,35.938,1390,0
2014-05-30,35.922,35.922,35.672,35.672,498,0
2014-06-02,36.07,36.07,35.438,35.784,908,0
2014-06-03,35.504,35.697,35.311,35.467,1456,0
2014-06-04,35.114,35.114,35.114,35.114,189,0
2014-06-05,36.05,36.05,36.042,36.05,1050,0
2014-06-06,36.309,36.341,36.215,36.341,467,0
2014-06-09,36.369,36.37,36.369,36.37,967,0
2014-06-10,36.511,36.511,36.107,36.37,35946,0
2014-06-11,35.888,36.117,35.888,36.117,761,0
2014-06-12,36.126,36.126,35.612,35.746,18970,0
2014-06-13,35.898,35.898,35.458,35.458,497,0
2014-06-16,35.87,35.87,35.647,35.687,3236,0
2014-06-17,35.888,36.032,35.852,36.032,17440,0
2014-06-19,36.511,36.511,36.389,36.389,870,0
2014-06-20,36.041,36.37,36.041,36.166,13408,0
2014-06-23,36.176,36.272,35.822,36.088,3009,0
2014-06-24,36.04,36.165,35.953,35.953,1350,0
2014-06-25,35.587,36.03,35.587,36.006,1714,0
2014-06-27,35.972,36.198,35.866,36.198,11108,0
2014-06-30,35.858,36.385,35.858,36.385,1618,0
2014-07-01,36.223,36.705,36.223,36.705,1299,0
2014-07-02,36.58,36.58,36.204,36.503,3524,0
2014-07-03,36.493,36.541,36.34,36.36,1329,0
2014-07-08,35.682,35.963,35.682,35.731,2546,0
2014-07-09,36.049,36.105,35.834,35.834,687,0
2014-07-10,35.549,35.549,35.441,35.52,1075,0
2014-07-11,35.662,35.662,35.124,35.461,1983,0
2014-07-14,35.49,35.711,35.403,35.711,1262,0
2014-07-15,35.529,35.533,35.451,35.451,873,0
2014-07-16,35.702,35.866,35.49,35.866,513,0
2014-07-17,35.297,35.403,35.287,35.403,1634,0
2014-07-18,35.51,35.52,35.412,35.412,2067,0
2014-07-21,35.451,35.451,35.201,35.201,990,0
2014-07-22,35.606,36.049,35.606,35.963,2008,0
2014-07-23,35.656,36.049,35.656,36.04,2385,0
2014-07-24,35.734,35.734,35.734,35.734,256,0
2014-07-25,35.267,35.597,35.267,35.597,2073,0
2014-07-28,35.818,35.818,35.48,35.48,396,0
2014-07-29,35.638,35.638,35.307,35.441,9580,0
2014-07-30,35.104,35.218,35.056,35.114,8137,0
2014-07-31,34.728,34.728,34.356,34.356,2953,0
2014-08-01,34.11,34.342,34.043,34.342,2276,0
2014-08-04,34.218,34.401,34.218,34.401,1671,0
2014-08-05,34.399,34.399,34.08,34.08,303,0
2014-08-06,34.475,34.475,34.475,34.475,145,0
2014-08-07,34.097,34.169,34.097,34.169,2042,0
2014-08-11,35.215,35.215,35.144,35.144,647,0
2014-08-13,34.821,34.821,34.821,34.821,197,0
2014-08-14,34.95,35.238,34.95,35.238,720,0
2014-08-15,35.633,35.633,35.068,35.257,1797,0
2014-08-18,35.318,35.601,35.318,35.601,364,0
2014-08-19,35.5,35.578,35.384,35.574,4222,0
2014-08-20,35.578,35.578,35.578,35.578,311,0
2014-08-21,35.345,35.884,35.345,35.672,4815,0
2014-08-22,35.519,35.692,35.519,35.692,1921,0
2014-08-25,35.615,35.692,35.608,35.608,1545,0
2014-08-26,35.798,36.044,35.769,36.044,1214,0
2014-08-27,35.866,35.866,35.798,35.798,521,0
2014-08-28,35.712,35.981,35.712,35.958,2521,0
2014-08-29,35.805,35.981,35.805,35.972,3422,0
2014-09-02,35.749,36.267,35.749,36.267,2941,0
2014-09-03,36.546,36.551,36.165,36.462,2488,0
2014-09-04,36.629,36.629,36.235,36.513,1770,0
2014-09-05,36.61,36.887,36.301,36.411,4624,0
2014-09-08,36.209,36.417,36.209,36.404,2100,0
2014-09-09,36.292,36.301,36.068,36.223,1773,0
2014-09-10,36.125,36.223,35.838,36.223,6222,0
2014-09-11,35.924,36.211,35.924,36.211,567,0
2014-09-12,36.068,36.068,35.735,35.735,4470,0
2014-09-15,35.981,35.981,35.51,35.51,4091,0
2014-09-16,35.345,35.838,35.345,35.838,3096,0
2014-09-17,35.828,35.838,35.828,35.828,3032,0
2014-09-18,36.095,36.095,35.606,35.954,2371,0
2014-09-19,35.915,35.915,35.642,35.749,8929,0
2014-09-22,35.315,35.36,35.315,35.35,790,0
2014-09-23,34.539,36.152,34.539,34.539,3439,0
2014-09-24,34.881,34.945,34.655,34.886,5265,0
2014-09-25,34.51,34.51,34.403,34.403,3744,0
2014-09-26,35.052,35.052,34.529,34.687,2502,0
2014-09-29,34.481,34.481,34.47,34.47,404,0
2014-09-30,34.298,34.298,34.275,34.275,369,0
2014-10-01,33.756,33.756,33.642,33.642,777,0
2014-10-02,33.409,34.268,33.128,33.399,6910,0
2014-10-06,33.62,33.62,33.62,33.62,684,0
2014-10-07,33.484,33.484,33.484,33.484,175,0
2014-10-09,32.955,33.078,32.25,32.259,5421,0
2014-10-10,31.804,31.958,31.804,31.958,568,0
2014-10-13,31.795,31.795,31.407,31.407,961,0
2014-10-14,31.562,31.639,31.456,31.456,1027,0
2014-10-15,31.262,31.37,31.021,31.311,2170,0
2014-10-16,31.649,31.697,31.098,31.552,3763,0
2014-10-17,31.852,32.121,31.852,31.893,2515,0
2014-10-20,32.015,32.172,32.015,32.172,1915,0
2014-10-21,32.828,32.828,32.828,32.828,312,0
2014-10-23,32.721,33.195,32.712,33.195,2277,0
2014-10-24,33.071,33.071,33.071,33.071,161,0
2014-10-28,33.685,33.685,33.685,33.685,270,0
2014-10-29,34.161,34.161,34.161,34.161,224,0
2014-10-30,33.707,33.707,33.707,33.707,314,0
2014-10-31,34.674,34.778,34.298,34.778,1065,0
2014-11-04,34.746,34.746,34.346,34.439,686,0
2014-11-05,34.491,34.491,34.491,34.491,250,0
2014-11-06,34.482,34.482,34.457,34.457,536,0
2014-11-10,34.705,34.743,34.646,34.708,6438,0
2014-11-11,34.78,34.78,34.78,34.78,105,0
2014-11-12,34.52,34.52,34.52,34.52,259,0
2014-11-13,34.547,34.547,34.547,34.547,199,0
2014-11-14,34.346,34.346,34.24,34.299,1877,0
2014-11-17,34.133,34.307,34.133,34.307,391,0
2014-11-18,34.573,34.741,34.556,34.741,5797,0
2014-11-19,34.859,34.859,34.213,34.298,938,0
2014-11-21,34.79,34.809,34.705,34.722,2242,0
2014-11-24,34.974,34.974,34.974,34.974,211,0
2014-11-26,35.158,35.158,35.13,35.158,847,0
2014-11-28,34.575,34.575,34.451,34.451,274,0
2014-12-02,34.034,34.034,34.034,34.034,292,0
2014-12-03,34.501,34.501,34.501,34.501,330,0
2014-12-04,34.363,34.363,34.363,34.363,482,0
2014-12-05,34.451,34.451,34.451,34.451,105,0
2014-12-08,34.371,34.371,33.92,33.92,593,0
2014-12-09,33.773,33.773,33.717,33.773,342,0
2014-12-10,33.756,33.92,33.644,33.644,1814,0
2014-12-11,33.944,33.944,33.944,33.944,845,0
2014-12-12,33.431,33.431,33.37,33.431,1263,0
2014-12-15,32.858,32.869,32.63,32.869,1499,0
2014-12-16,33.187,33.187,33.032,33.032,246,0
2014-12-17,32.759,32.975,32.759,32.975,1008,0
2014-12-19,34.085,34.085,34.085,34.085,222,0
2014-12-22,34.203,34.258,34.113,34.181,1315,0
2014-12-23,34.413,34.628,34.403,34.558,1482,0
2014-12-26,34.753,34.753,34.753,34.753,962,0
2014-12-29,34.884,34.884,34.884,34.884,454,0
2014-12-30,34.588,34.588,34.51,34.531,882,0
2014-12-31,34.462,34.707,34.462,34.578,1455,0
2015-01-02,33.891,34.356,33.891,34.356,950,0
2015-01-06,32.693,33.06,32.673,32.975,855,0
2015-01-07,32.837,32.837,32.837,32.837,267,0
2015-01-08,33.329,33.42,33.329,33.42,593,0
2015-01-09,33.147,33.234,33.147,33.234,510,0
2015-01-12,32.89,32.895,32.784,32.858,1030,0
2015-01-13,32.945,32.945,32.684,32.684,601,0
2015-01-15,32.7,32.7,32.46,32.46,317,0
2015-01-20,32.806,32.806,32.749,32.749,1138,0
2015-01-21,32.995,33.096,32.995,33.096,1422,0
2015-01-22,33.37,33.37,33.37,33.37,1345,0
2015-01-23,33.514,33.514,33.514,33.514,206,0
2015-01-26,33.737,33.757,33.708,33.757,789,0
2015-01-27,33.641,33.641,33.35,33.485,995,0
2015-01-28,33.234,33.234,33.176,33.176,646,0
2015-01-29,32.858,33.206,32.858,33.206,445,0
2015-01-30,33.35,33.35,32.881,32.881,407,0
2015-02-02,33.37,33.37,33.264,33.264,4497,0
2015-02-03,33.97,34.278,33.901,34.104,2302,0
2015-02-04,33.864,33.864,33.727,33.727,2235,0
2015-02-05,34.14,34.203,34.14,34.203,392,0
2015-02-06,34.124,34.139,33.801,33.801,1807,0
2015-02-09,33.793,33.793,33.737,33.737,498,0
2015-02-11,33.891,33.913,33.767,33.785,1686,0
2015-02-12,33.989,34.326,33.989,34.326,1882,0
2015-02-13,34.381,34.381,34.289,34.337,2394,0
2015-02-17,34.238,34.588,34.238,34.301,837,0
2015-02-18,34.507,34.507,34.507,34.507,470,0
2015-02-19,34.777,34.777,34.695,34.695,461,0
2015-02-20,34.413,34.755,34.318,34.755,636,0
2015-02-23,34.432,34.432,34.432,34.432,720,0
2015-02-24,34.25,34.947,34.25,34.917,1023,0
2015-02-25,35.054,35.072,35.054,35.072,905,0
2015-02-26,34.811,34.811,34.811,34.811,593,0
2015-02-27,34.566,34.756,34.566,34.667,1731,0
2015-03-02,34.628,34.879,34.628,34.879,724,0
2015-03-03,34.714,34.714,34.452,34.452,826,0
2015-03-04,34.134,34.413,34.134,34.337,826,0
2015-03-05,34.269,34.394,34.269,34.394,1242,0
2015-03-06,33.901,34.086,33.747,34.086,2070,0
2015-03-09,33.901,33.901,33.708,33.708,3205,0
2015-03-10,33.66,33.66,33.66,33.66,311,0
2015-03-11,33.167,33.167,33.167,33.167,103,0
2015-03-12,33.786,33.834,33.747,33.805,1138,0
2015-03-13,33.439,33.439,33.439,33.439,103,0
2015-03-16,33.688,33.911,33.688,33.911,2481,0
2015-03-17,33.475,33.882,33.429,33.429,3515,0
2015-03-18,33.446,33.854,33.446,33.854,724,0
2015-03-20,34.203,34.318,34.114,34.318,1551,0
2015-03-23,34.996,35.035,34.996,35.006,2378,0
2015-03-24,35.015,35.235,34.996,35.215,3515,0
2015-03-25,34.586,34.586,34.586,34.586,206,0
2015-03-26,34.539,34.741,34.45,34.45,826,0
2015-03-27,34.45,34.45,34.201,34.257,724,0
2015-03-30,35.321,35.321,34.539,35.321,516,0
2015-03-31,34.374,36.463,34.374,35.119,5351,0
2015-04-01,36.659,36.659,34.849,35.033,1654,0
2015-04-02,34.751,35.575,34.705,34.8,621,0
2015-04-06,34.596,35.796,34.112,35.786,1757,0
2015-04-07,35.635,35.635,35.206,35.206,1047,0
2015-04-08,34.78,36.114,34.78,35.448,3203,0
2015-04-09,34.76,36.744,34.76,36.697,573,0
2015-04-13,36.407,36.774,35.767,36.774,724,0
2015-04-14,36.359,36.774,34.859,36.114,5270,0
2015-04-15,35.253,36.764,35.253,36.735,1948,0
2015-04-16,35.575,36.774,35.119,36.009,3270,0
2015-04-17,36.59,36.59,35.293,35.739,3720,0
2015-04-20,36.369,36.773,34.78,34.915,6089,0
2015-04-21,34.974,36.764,34.974,36.493,1095,0
2015-04-22,36.349,36.349,36.291,36.291,562,0
2015-04-23,35.942,35.942,35.448,35.942,414,0
2015-04-24,35.477,36.184,35.013,35.67,1344,0
2015-04-27,36.057,36.241,36.057,36.241,1032,0
2015-04-28,36.184,36.184,35.409,35.409,498,0
2015-04-30,35.546,36.291,35.546,35.565,929,0
2015-05-01,36.271,36.271,36.271,36.271,311,0
2015-05-04,36.281,36.764,35.321,35.321,16845,0
2015-05-05,35.033,35.419,34.829,34.935,5891,0
2015-05-06,34.915,35.033,34.257,34.267,12389,0
2015-05-07,34.335,34.345,34.335,34.345,414,0
2015-05-08,34.886,34.984,34.829,34.829,1032,0
2015-05-11,35.177,35.206,34.975,35.119,1550,0
2015-05-12,34.877,35.263,34.79,34.971,1558,0
2015-05-14,35.312,35.69,35.312,35.69,311,0
2015-05-20,36.764,36.774,35.64,36.668,1032,0
2015-05-21,35.874,36.029,35.874,36.029,724,0
2015-05-22,35.913,35.913,35.913,35.913,103,0
2015-05-26,36.725,36.725,35.052,35.224,958,0
2015-05-27,35.419,35.767,35.419,35.757,1137,0
2015-06-01,35.361,35.477,35.361,35.477,281,0
2015-06-03,36.193,36.193,36.193,36.193,103,0
2015-06-04,36.33,36.33,36.33,36.33,311,0
2015-06-08,35.98,35.98,35.98,35.98,206,0
2015-06-10,35.903,35.903,35.903,35.903,129,0
2015-06-11,35.605,35.605,35.605,35.605,509,0
2015-06-12,35.923,35.923,35.923,35.923,311,0
2015-06-15,35.776,35.776,35.776,35.776,516,0
2015-06-18,35.263,35.263,35.263,35.263,103,0
2015-06-19,35.477,35.786,35.263,35.786,516,0
2015-06-22,35.719,36.463,35.719,36.463,826,0
2015-06-23,36.56,36.56,36.56,36.56,163,0
2015-06-24,35.636,36.27,35.636,36.27,1026,0
2015-06-25,35.617,36.28,35.617,35.617,617,0
2015-06-26,36.036,36.036,35.588,35.588,821,0
2015-06-29,35.285,35.285,35.255,35.255,513,0
2015-06-30,35.236,35.236,34.186,34.848,765,0
2015-07-01,35.305,35.305,35.305,35.305,411,0
2015-07-02,34.196,34.779,34.196,34.779,1643,0
2015-07-06,34.088,34.186,34.088,34.088,719,0
2015-07-07,33.31,34.303,32.762,34.303,821,0
2015-07-10,34.527,34.527,34.527,34.527,411,0
2015-07-13,35.208,35.275,35.15,35.159,1336,0
2015-07-15,34.495,34.495,34.495,34.495,191,0
2015-07-16,34.283,35.081,34.283,35.081,309,0
2015-07-17,34.068,34.068,34.068,34.068,205,0
2015-07-22,33.6,34.584,33.542,33.962,2055,0
2015-07-23,33.6,33.757,33.31,33.31,21664,0
2015-07-28,32.501,32.501,32.501,32.501,205,0
2015-07-29,32.871,33.377,32.851,33.211,1232,0
2015-07-30,32.831,33.172,32.831,33.026,2669,0
2015-07-31,33.113,33.463,33.113,33.463,1130,0
2015-08-03,33.463,33.994,33.368,33.994,6072,0
2015-08-05,33.66,33.708,33.66,33.708,309,0
2015-08-07,32.54,33.66,32.54,33.66,309,0
2015-08-11,33.796,33.796,33.796,33.796,441,0
2015-08-12,32.491,32.491,32.491,32.491,102,0
2015-08-13,32.618,33.6,32.618,33.6,1130,0
2015-08-17,33.727,33.727,33.727,33.727,102,0
2015-08-18,32.762,33.59,32.762,33.58,411,0
2015-08-19,33.523,33.523,33.192,33.192,513,0
2015-08-20,31.546,32.714,31.478,32.714,2669,0
2015-08-21,30.807,30.807,30.807,30.807,923,0
2015-08-24,26.988,31.488,26.988,28.118,2558,0
2015-08-27,31.78,31.78,30.68,30.885,617,0
2015-08-28,32.228,32.228,30.767,32.15,719,0
2015-08-31,32.14,32.14,32.14,32.14,102,0
2015-09-01,30.348,31.068,30.348,31.068,617,0
2015-09-02,31.166,31.166,30.23,30.23,617,0
2015-09-03,30.514,30.68,30.514,30.65,1130,0
2015-09-04,29.978,30.212,29.978,30.184,2464,0
2015-09-09,31.273,31.449,31.166,31.449,513,0
2015-09-10,31.204,31.204,31.204,31.204,266,0
2015-09-11,30.826,30.826,30.826,30.826,205,0
2015-09-14,30.581,31.399,30.581,30.836,2258,0
2015-09-15,30.787,31.166,30.767,31.166,821,0
2015-09-16,31.146,31.186,31.146,31.186,411,0
2015-09-17,31.136,31.459,31.136,31.156,641,0
2015-09-18,31.673,31.673,31.673,31.673,205,0
2015-09-21,31.166,31.166,30.68,30.767,1232,0
2015-09-24,29.393,29.393,29.393,29.393,391,0
2015-09-25,30.699,30.759,30.699,30.759,616,0
2015-09-29,30.155,30.602,29.47,30.602,921,0
2015-09-30,30.339,30.907,30.339,30.907,410,0
2015-10-01,29.919,29.919,29.919,29.919,205,0
2015-10-02,30.769,31.228,30.769,31.228,616,0
2015-10-05,31.331,31.332,31.305,31.332,532,0
2015-10-06,31.345,31.677,31.257,31.677,410,0
2015-10-08,32.398,32.398,32.398,32.398,205,0
2015-10-09,32.711,32.711,32.711,32.711,102,0
2015-10-13,31.863,31.959,31.863,31.959,205,0
2015-10-15,33.092,33.092,32.027,32.027,512,0
2015-10-16,32.332,32.332,32.332,32.332,308,0
2015-10-21,32.076,32.359,31.373,31.373,2151,0
2015-10-23,31.745,31.745,31.745,31.745,205,0
2015-10-26,32.076,32.359,32.076,32.359,616,0
2015-10-27,31.647,31.814,31.647,31.814,616,0
2015-10-28,31.755,31.755,31.715,31.715,308,0
2015-10-30,32.653,32.653,32.214,32.234,1742,0
2015-11-02,33.17,33.17,33.073,33.17,771,0
2015-11-03,33.053,33.16,32.575,32.575,717,0
2015-11-04,31.667,31.667,31.667,31.667,246,0
2015-11-06,31.12,32.204,31.091,31.775,2050,0
2015-11-09,32.135,32.135,32.135,32.135,229,0
2015-11-10,32.185,32.185,31.492,32.185,921,0
2015-11-11,32.302,32.302,31.345,31.345,1126,0
2015-11-12,31.081,31.081,30.877,30.877,410,0
2015-11-13,31.55,31.55,31.55,31.55,308,0
2015-11-16,31.725,31.725,31.696,31.696,1024,0
2015-11-17,31.295,32.253,31.295,32.253,616,0
2015-11-19,32.527,32.527,32.457,32.457,205,0
2015-11-20,31.628,32.595,31.628,32.595,717,0
2015-11-23,32.711,32.759,31.637,32.224,1742,0
2015-11-24,31.804,32.204,31.423,32.204,512,0
2015-11-25,32.175,32.175,32.175,32.175,308,0
2015-11-30,32.214,32.615,32.214,32.332,1333,0
2015-12-01,32.224,32.224,32.224,32.224,453,0
2015-12-02,32.798,33.088,32.125,32.125,817,0
2015-12-03,32.125,32.643,32.125,32.643,560,0
2015-12-04,33.2,33.2,32.692,32.692,410,0
2015-12-07,32.283,32.976,32.283,32.35,1024,0
2015-12-08,31.907,31.907,31.907,31.907,299,0
2015-12-10,31.433,31.433,31.433,31.433,10654,0
2015-12-14,30.907,31.069,30.907,31.069,436,0
2015-12-15,30.954,32.076,30.954,31.969,1844,0
2015-12-16,31.325,31.364,31.325,31.364,410,0
2015-12-17,32.438,32.438,31.785,31.785,308,0
2015-12-18,31.041,31.93,31.031,31.93,616,0
2015-12-21,30.897,32.155,30.897,32.155,308,0
2015-12-22,32.106,32.293,31.696,32.293,2112,0
2015-12-23,32.818,32.818,32.818,32.818,102,0
2015-12-24,32.995,32.995,32.349,32.995,389,0
2015-12-28,31.801,32.868,31.801,32.868,1259,0
2015-12-29,32.58,32.976,32.338,32.338,953,0
2015-12-30,32.149,32.149,32.149,32.149,293,0
2015-12-31,33.024,33.024,31.896,32.672,1666,0
2016-01-04,31.918,31.918,31.918,31.918,104,0
2016-01-05,31.899,31.899,31.4,31.557,8642,0
2016-01-06,31.341,31.439,30.823,31.439,697,0
2016-01-07,30.919,30.919,30.029,30.039,2174,0
2016-01-08,30.496,30.496,30.496,30.496,205,0
2016-01-11,30.02,30.353,30.02,30.273,4923,0
2016-01-13,29.782,29.782,28.924,28.924,1249,0
2016-01-14,29.585,29.736,29.585,29.736,285,0
2016-01-15,29.217,29.217,28.545,28.545,591,0
2016-01-19,28.64,29.668,28.542,28.542,2964,0
2016-01-20,29.306,29.306,27.282,28.125,719,0
2016-01-22,29.274,29.747,29.274,29.292,756,0
2016-01-26,29.931,29.931,29.8,29.8,215,0
2016-01-28,28.582,29.073,28.582,29.073,42898,0
2016-01-29,29.061,29.908,28.953,29.908,1868,0
2016-02-01,29.042,29.482,29.042,29.482,681,0
2016-02-02,29.535,29.614,29.468,29.468,1330,0
2016-02-03,29.453,29.463,29.453,29.463,205,0
2016-02-04,29.786,30.086,29.296,29.296,1648,0
2016-02-10,28.865,28.865,28.864,28.864,484,0
2016-02-11,27.625,27.713,27.625,27.713,457,0
2016-02-12,27.604,27.844,27.604,27.818,409,0
2016-02-16,28.533,28.533,28.533,28.533,102,0
2016-02-17,29.488,29.488,29.179,29.306,1982,0
2016-02-22,30.087,30.087,30.046,30.046,827,0
2016-02-23,29.887,29.887,29.887,29.887,155,0
2016-02-24,29.326,29.598,29.195,29.316,9810,0
2016-02-25,30.234,30.626,30.089,30.089,5262,0
2016-02-26,30.636,31.664,30.587,30.724,16026,0
2016-02-29,30.529,30.724,30.387,30.656,1890,0
2016-03-01,30.724,31.663,30.724,31.36,10885,0
2016-03-02,30.999,31.449,30.999,31.439,1943,0
2016-03-03,31.508,32.261,31.389,31.976,21590,0
2016-03-04,31.605,32.486,31.605,32.291,29229,0
2016-03-07,32.271,32.681,32.264,32.536,9607,0
2016-03-08,31.948,32.34,31.948,32.173,8465,0
2016-03-09,31.856,32.549,31.856,32.094,27496,0
2016-03-10,32.192,32.788,32.084,32.476,44803,0
2016-03-11,32.281,33.024,32.281,32.681,15966,0
2016-03-14,33.053,33.239,32.466,32.926,34390,0
2016-03-15,32.691,32.739,32.32,32.387,31602,0
2016-03-16,32.249,32.739,32.241,32.729,7768,0
2016-03-17,33.357,33.641,33.102,33.641,3602,0
2016-03-18,34.091,34.091,33.24,33.24,702,0
2016-03-21,33.22,33.581,33.121,33.151,9664,0
2016-03-22,33.689,33.748,32.926,33.493,3380,0
2016-03-23,32.926,33.463,32.926,33.26,2571,0
2016-03-24,32.779,32.926,32.584,32.589,4823,0
2016-03-28,31.116,31.116,31.116,31.116,108,0
2016-03-30,33.249,34.061,33.249,34.003,2248,0
2016-04-01,33.738,34.101,33.708,34.003,1293,0
2016-04-04,34.413,34.413,33.305,33.581,8383,0
2016-04-06,33.406,33.591,33.406,33.426,1093,0
2016-04-07,33.229,33.229,33.229,33.229,102,0
2016-04-08,33.725,33.725,33.134,33.434,2619,0
2016-04-11,33.426,34.071,33.426,33.552,2964,0
2016-04-12,33.503,33.836,33.483,33.621,2351,0
2016-04-13,34.668,34.668,34.396,34.396,209,0
2016-04-14,35.043,35.043,34.393,34.412,1829,0
2016-04-15,34.325,34.325,34.325,34.325,475,0
2016-04-19,34.387,35.343,34.387,35.343,576,0
2016-04-20,34.866,34.866,34.866,34.866,205,0
2016-04-21,35.225,35.539,35.225,35.539,205,0
2016-04-22,36.312,36.312,35.881,35.881,548,0
2016-04-25,35.577,35.577,34.347,34.347,886,0
2016-04-26,34.393,35.353,34.316,35.127,1840,0
2016-04-27,34.903,35.572,34.846,35.572,829,0
2016-04-29,35.566,35.566,35.566,35.566,593,0
2016-05-03,35.617,35.617,35.617,35.617,51377,0
2016-05-04,35.426,35.426,34.892,34.892,5456,0
2016-05-05,35.206,35.206,35.206,35.206,105,0
2016-05-06,34.835,34.932,34.835,34.932,2964,0
2016-05-10,35.157,35.264,35.037,35.076,2812,0
2016-05-11,35.177,35.666,35.078,35.363,9423,0
2016-05-12,35.197,35.833,35.197,35.568,5974,0
2016-05-13,34.962,35.51,34.785,34.785,15910,0
2016-05-16,34.11,35.097,34.11,34.874,4601,0
2016-05-17,34.698,34.756,34.452,34.475,3733,0
2016-05-18,34.629,34.629,34.296,34.296,409,0
2016-05-19,34.619,34.619,34.619,34.619,307,0
2016-05-20,33.964,34.492,33.964,34.365,3328,0
2016-05-24,34.355,35.843,34.355,35.843,2520,0
2016-05-25,35.353,35.871,35.227,35.637,775,0
2016-05-26,35.911,35.911,35.494,35.541,615,0
2016-05-27,35.343,35.813,35.343,35.759,5978,0
2016-05-31,36.135,36.135,35.5,35.763,5447,0
2016-06-01,35.104,35.823,35.104,35.617,3367,0
2016-06-02,35.5,35.803,35.46,35.666,3577,0
2016-06-03,35.42,35.773,35.389,35.57,3883,0
2016-06-06,35.806,36.327,35.363,36.327,1239,0
2016-06-07,36.147,36.518,35.9,36.058,57521,0
2016-06-08,36.273,36.273,36.207,36.207,205,0
2016-06-10,35.706,35.716,35.276,35.402,1073,0
2016-06-13,34.962,34.962,34.962,34.962,339,0
2016-06-14,34.531,34.531,33.934,34.119,7278,0
2016-06-15,34.716,34.942,34.716,34.716,13490,0
2016-06-16,33.993,34.003,33.826,34.003,1635,0
2016-06-17,35.068,35.068,34.698,34.866,5978,0
2016-06-21,34.855,35.549,34.855,35.549,1198,0
2016-06-22,35.596,35.596,35.596,35.596,101,0
2016-06-23,35.537,36.22,35.537,36.22,2351,0
2016-06-24,33.179,34.035,33.179,33.531,528,0
2016-06-27,33.288,33.288,32.667,32.667,204,0
2016-06-28,32.284,33.065,32.284,33.065,1657,0
2016-06-30,32.794,34.432,32.794,34.432,1413,0
2016-07-01,34.448,34.813,34.448,34.813,205,0
2016-07-05,33.71,33.818,33.71,33.818,555,0
2016-07-06,33.612,33.749,33.612,33.749,484,0
2016-07-08,33.74,35.097,33.74,35.097,6168,0
2016-07-11,35.097,35.777,35.097,35.384,7724,0
2016-07-12,36.25,36.397,35.314,36.092,5533,0
2016-07-13,35.827,36.003,35.767,35.895,711,0
2016-07-14,36.101,36.563,36.101,36.563,377,0
2016-07-15,35.541,36.22,35.226,36.092,2199,0
2016-07-18,35.729,36.221,35.729,36.172,2369,0
2016-07-19,36.437,36.508,35.757,35.875,4503,0
2016-07-21,36.22,36.398,35.868,35.885,881,0
2016-07-22,36.315,36.315,35.827,35.827,917,0
2016-07-25,35.577,36.417,35.577,36.186,1846,0
2016-07-26,35.66,36.338,35.66,36.338,1530,0
2016-07-27,36.008,36.678,35.477,36.678,1125,0
2016-07-28,36.859,36.859,36.859,36.859,178,0
2016-07-29,37.008,37.008,37.008,37.008,107,0
2016-08-01,36.807,36.859,36.751,36.794,798,0
2016-08-02,36.625,36.625,36.33,36.486,435,0
2016-08-03,36.314,36.314,36.314,36.314,585,0
2016-08-08,36.604,36.849,36.604,36.849,445,0
2016-08-09,37.175,37.546,36.988,36.988,2350,0
2016-08-10,37.343,37.343,37.343,37.343,128,0
2016-08-11,36.652,36.652,36.652,36.652,463,0
2016-08-12,36.476,37.412,36.476,37.234,6894,0
2016-08-15,37.853,37.853,37.009,37.508,4855,0
2016-08-16,37.402,37.795,37.402,37.795,4850,0
2016-08-18,36.82,37.846,36.82,37.846,1117,0
2016-08-19,37.828,37.828,37.828,37.828,101,0
2016-08-22,36.949,38.375,36.949,38.012,3668,0
2016-08-23,37.568,38.364,37.568,38.091,9465,0
2016-08-24,37.657,37.834,37.353,37.717,4190,0
2016-08-25,37.303,37.843,37.303,37.843,610,0
2016-08-26,38.375,38.375,37.343,37.776,1174,0
2016-08-29,37.402,37.647,37.402,37.613,2362,0
2016-08-30,38.356,38.356,37.647,37.907,1753,0
2016-08-31,37.967,37.972,37.201,37.201,355,0
2016-09-01,37.704,37.77,37.704,37.77,654,0
2016-09-02,38.385,38.385,37.41,37.41,422,0
2016-09-06,38.79,39.065,38.494,38.494,1274,0
2016-09-08,38.227,38.227,38.227,38.227,305,0
2016-09-09,38.286,38.286,37.72,38.002,4620,0
2016-09-12,37.042,37.105,36.958,37.105,707,0
2016-09-14,37.141,37.141,36.733,36.733,482,0
2016-09-15,37.271,37.555,37.271,37.555,517,0
2016-09-16,37.165,37.598,37.165,37.598,835,0
2016-09-19,37.548,37.548,37.451,37.451,204,0
2016-09-20,37.724,37.746,37.724,37.746,2809,0
2016-09-21,38.126,38.126,37.651,37.651,735,0
2016-09-22,38.787,38.787,38.537,38.537,337,0
2016-09-23,37.997,38.136,37.997,38.136,209,0
2016-09-26,37.007,37.007,37.007,37.007,511,0
2016-09-27,38.441,38.569,37.587,38.421,2551,0
2016-09-29,39.24,39.24,38.846,38.846,460,0
2016-09-30,38.906,39.102,38.906,39.102,1923,0
2016-10-03,39.349,39.349,38.708,38.74,2814,0
2016-10-04,38.872,38.925,38.491,38.5,2129,0
2016-10-05,39.112,39.329,38.519,38.903,13469,0
2016-10-06,39.102,39.289,38.829,39.215,3911,0
2016-10-07,39.102,39.132,38.954,39.044,16500,0
2016-10-10,38.962,39.2,38.519,38.561,714,0
2016-10-11,38.539,38.539,37.701,38.194,10133,0
2016-10-12,38.224,38.362,37.898,38.047,21195,0
2016-10-13,38.076,38.135,37.332,38.135,6294,0
2016-10-14,37.651,38.384,37.651,37.957,1744,0
2016-10-17,38.25,38.25,38.25,38.25,183,0
2016-10-18,38.431,38.589,38.019,38.313,16803,0
2016-10-19,38.007,38.451,37.997,38.214,7220,0
2016-10-20,37.898,38.516,37.898,38.292,9538,0
2016-10-21,38.086,38.424,37.894,38.096,9995,0
2016-10-24,38.224,38.529,37.785,38.522,11603,0
2016-10-25,38.126,38.292,37.651,37.651,16431,0
2016-10-26,37.848,38.156,37.552,37.552,11112,0
2016-10-27,37.898,37.898,37.01,37.572,24850,0
2016-10-28,37.578,37.578,37.541,37.541,437,0
2016-10-31,37.711,37.878,37.257,37.306,4281,0
2016-11-01,37.552,38.086,37.06,37.06,3084,0
2016-11-02,37.06,37.109,36.517,36.517,14351,0
2016-11-03,36.813,38.069,36.813,38.069,1968,0
2016-11-04,36.941,37.159,36.082,36.832,31419,0
2016-11-07,35.529,37.621,35.529,37.356,66588,0
2016-11-08,37.05,38.194,37.005,38.056,127638,0
2016-11-09,36.591,38.538,35.411,37.878,87012,0
2016-11-10,37.592,39.496,37.592,37.977,92574,0
2016-11-11,38.282,39.23,37.908,38.539,86939,0
2016-11-14,38.491,39.113,38.139,39.092,64344,0
2016-11-15,38.885,39.083,38.608,39.034,29114,0
2016-11-16,38.658,39.034,38.638,38.984,15839,0
2016-11-17,38.589,39.458,38.534,39.063,74246,0
2016-11-18,38.865,39.014,38.604,38.737,7176,0
2016-11-21,38.608,39.339,38.608,39.083,33135,0
2016-11-22,38.895,39.754,38.895,39.754,33627,0
2016-11-23,39.23,39.23,38.954,38.984,28054,0
2016-11-25,39.014,40.158,38.944,39.23,34556,0
2016-11-28,39.24,40.316,39.24,39.695,36993,0
2016-11-29,39.695,40.839,39.292,40.829,44237,0
2016-11-30,39.97,39.97,39.309,39.527,52906,0
2016-12-01,39.21,39.655,39.035,39.615,13004,0
2016-12-02,39.289,39.547,39.083,39.507,19940,0
2016-12-05,39.438,40.01,39.26,39.794,35349,0
2016-12-06,39.556,40.385,39.556,40.089,13816,0
2016-12-07,40.039,40.997,40.039,40.997,17517,0
2016-12-08,40.997,41.066,40.632,40.937,6204,0
2016-12-09,40.672,41.234,40.632,40.7,4518,0
2016-12-12,40.72,41.225,40.642,40.662,12216,0
2016-12-13,40.967,41.405,40.71,40.937,23301,0
2016-12-14,41.333,41.333,40.525,40.525,1288,0
2016-12-15,40.465,40.899,39.744,40.149,20370,0
2016-12-16,41.232,41.232,40.592,40.592,3719,0
2016-12-19,40.899,40.899,40.819,40.819,350,0
2016-12-20,41.5,41.648,40.564,40.859,25727,0
2016-12-21,40.877,40.877,40.707,40.798,3460,0
2016-12-22,40.462,40.69,40.184,40.283,13595,0
2016-12-23,40.412,40.718,40.184,40.717,17014,0
2016-12-27,40.718,42.012,40.606,40.64,7170,0
2016-12-28,41.53,42.153,39.888,39.888,8740,0
2016-12-29,39.936,40.115,39.739,39.828,9228,0
2016-12-30,39.842,40.333,39.842,40.085,5231,0
2017-01-03,40.224,40.244,39.522,39.763,8408,0
2017-01-04,39.897,41.877,39.888,40.936,50788,0
2017-01-05,41.432,41.461,40.194,40.362,33963,0
2017-01-06,40.566,40.856,40.566,40.618,795,0
2017-01-09,41.234,41.234,40.137,40.324,1709,0
2017-01-10,40.319,41.628,40.319,40.432,1997,0
2017-01-11,40.778,40.986,40.085,40.956,1971,0
2017-01-12,40.774,40.774,40.63,40.63,1568,0
2017-01-13,40.827,41.352,40.827,41.342,1789,0
2017-01-17,41.569,41.706,40.63,41.199,1889,0
2017-01-18,40.778,40.827,40.245,40.581,5180,0
2017-01-19,40.738,41.263,40.184,40.184,3415,0
2017-01-20,40.225,40.372,40.225,40.372,706,0
2017-01-23,40.758,40.758,40.382,40.382,735,0
2017-01-24,41.005,41.005,40.313,40.76,1883,0
2017-01-25,40.897,41.827,40.827,41.827,22725,0
2017-01-26,43.341,43.341,41.047,41.234,36588,0
2017-01-27,41.352,41.352,41.035,41.071,12899,0
2017-01-30,41.392,41.392,40.204,40.476,9669,0
2017-01-31,40.66,40.867,40.367,40.382,5431,0
2017-02-01,40.748,41.412,40.333,40.405,18418,0
2017-02-02,40.827,41.033,40.827,41.033,553,0
2017-02-03,40.778,41.402,40.698,40.798,11708,0
2017-02-06,40.926,41.044,40.68,40.813,5254,0
2017-02-07,41.432,41.432,40.55,40.714,2045,0
2017-02-08,40.382,40.519,40.333,40.519,1225,0
2017-02-09,40.373,40.68,40.373,40.68,2209,0
2017-02-10,40.667,40.667,40.667,40.667,710,0
2017-02-13,41.56,41.56,40.61,40.61,2604,0
2017-02-14,40.581,41.119,40.581,41.093,2599,0
2017-02-15,41.025,41.06,40.581,41.035,14638,0
2017-02-16,41.372,41.372,40.698,40.976,21618,0
2017-02-17,40.738,40.838,40.581,40.6,5972,0
2017-02-21,41.569,41.569,40.748,40.809,13781,0
2017-02-22,41.094,41.095,40.609,40.68,2387,0
2017-02-23,40.778,40.885,40.184,40.885,59053,0
2017-02-24,39.946,40.68,39.946,40.214,24737,0
2017-02-27,40.531,42.329,40.501,40.68,18794,0
2017-02-28,40.61,40.63,40.096,40.184,7884,0
2017-03-01,40.976,41.07,40.484,41.035,20274,0
2017-03-02,40.718,40.86,40.204,40.323,23658,0
2017-03-03,40.243,40.452,40.105,40.244,11832,0
2017-03-06,40.333,40.372,39.926,39.947,11301,0
2017-03-07,40.085,40.222,39.809,39.935,8258,0
2017-03-08,39.975,39.986,39.768,39.838,48577,0
2017-03-09,39.739,40.068,39.64,39.64,23367,0
2017-03-10,39.838,40.549,39.838,40.154,17591,0
2017-03-13,40.452,40.698,40.085,40.333,16178,0
2017-03-14,39.769,39.897,39.729,39.759,6719,0
2017-03-15,40.6,40.845,39.888,40.61,7352,0
2017-03-16,40.581,40.946,40.581,40.827,4083,0
2017-03-17,41.54,41.54,40.67,40.729,3228,0
2017-03-20,40.837,41.075,40.837,40.887,2462,0
2017-03-21,41.51,41.51,40.975,41.105,1930,0
2017-03-22,40.63,40.63,40.079,40.079,1851,0
2017-03-23,40.298,41.075,40.298,41.075,1049,0
2017-03-24,40.095,40.698,40.095,40.491,969,0
2017-03-27,42.202,42.202,40.055,40.68,17555,0
2017-03-28,40.561,40.991,40.551,40.917,12475,0
2017-03-29,40.68,41.33,40.68,41.052,2457,0
2017-03-30,41.065,41.333,41.045,41.174,5767,0
2017-03-31,41.392,41.53,41.392,41.468,1715,0
2017-04-03,41.589,41.679,40.66,41.132,7786,0
2017-04-04,41.184,41.184,41.122,41.122,211,0
2017-04-05,40.738,40.798,40.343,40.798,8806,0
2017-04-06,40.847,41.016,40.61,40.807,3546,0
2017-04-07,41.386,41.386,40.881,41.132,981,0
2017-04-10,42.045,42.045,40.916,41.105,4108,0
2017-04-11,40.827,41.144,40.758,41.13,104336,0
2017-04-12,40.867,40.867,40.551,40.63,1945,0
2017-04-13,40.462,40.718,40.462,40.58,4708,0
2017-04-17,40.343,40.343,40.343,40.343,181,0
2017-04-18,40.462,40.629,40.462,40.629,10238,0
2017-04-19,40.523,40.523,40.523,40.523,299,0
2017-04-20,41.184,41.5,41.184,41.286,3336,0
2017-04-21,41.36,41.382,41.325,41.325,1863,0
2017-04-24,43.955,43.955,42.391,42.877,7711,0
2017-04-25,43.331,43.341,43.015,43.285,21724,0
2017-04-26,42.688,43.45,42.688,43.09,1361,0
2017-04-27,44.001,44.001,43.312,43.312,5866,0
2017-04-28,44.331,44.331,42.736,42.736,3867,0
2017-05-01,43.549,44.316,42.858,42.874,3852,0
2017-05-02,43.49,43.49,43.262,43.391,7809,0
2017-05-03,44.133,44.133,42.434,42.434,40091,0
2017-05-05,43.896,44.391,43.896,43.896,632,0
2017-05-09,42.923,42.952,42.8,42.8,1311,0
2017-05-10,42.963,42.963,42.764,42.962,567,0
2017-05-11,43.599,43.893,41.976,42.273,4456,0
2017-05-12,42.914,42.914,42.283,42.283,304,0
2017-05-16,42.293,42.45,42.293,42.45,568,0
2017-05-17,42.134,42.134,41.679,41.738,3003,0
2017-05-18,41.817,41.817,41.569,41.569,688,0
2017-05-19,41.579,42.904,41.579,41.966,1320,0
2017-05-22,41.867,42.243,41.827,42.214,2308,0
2017-05-23,42.407,42.589,42.407,42.589,1809,0
2017-05-24,42.172,42.172,42.172,42.172,111,0
2017-05-26,42.629,42.629,42.559,42.559,455,0
2017-05-30,42.559,42.639,42.273,42.361,20819,0
2017-05-31,42.609,42.912,42.49,42.649,3040,0
2017-06-01,42.931,43.164,42.714,43.164,387,0
2017-06-02,43.817,44.014,43.728,44.004,5561,0
2017-06-05,44.044,44.044,43.955,44.004,1008,0
2017-06-06,43.569,43.569,43.175,43.461,2848,0
2017-06-07,43.639,43.743,43.639,43.639,721,0
2017-06-08,43.322,43.925,43.322,43.925,748,0
2017-06-12,43.549,43.549,43.484,43.484,1672,0
2017-06-13,44.143,44.153,43.918,44.047,1450,0
2017-06-14,44.222,44.242,43.391,43.569,27861,0
2017-06-15,43.222,43.232,43.055,43.095,9079,0
2017-06-16,43.48,43.48,43.298,43.375,1333,0
2017-06-19,44.381,44.391,43.559,43.589,3133,0
2017-06-20,43.896,43.896,43.411,43.493,967,0
2017-06-21,43.322,43.401,43.065,43.118,4222,0
2017-06-23,44.005,44.005,44.005,44.005,117,0
2017-06-26,43.77,43.874,43.77,43.848,396,0
2017-06-27,43.995,43.995,43.476,43.686,3176,0
2017-06-28,43.546,43.965,43.546,43.965,2313,0
2017-06-29,43.446,43.446,43.038,43.166,1768,0
2017-06-30,43.511,43.511,43.511,43.511,267,0
2017-07-03,43.196,43.925,43.196,43.601,1932,0
2017-07-05,43.276,43.396,43.166,43.166,2113,0
2017-07-06,43.204,43.296,42.947,42.947,6052,0
2017-07-07,43.216,43.736,43.216,43.736,13906,0
2017-07-10,43.945,43.945,43.336,43.916,14242,0
2017-07-11,43.916,43.916,43.527,43.676,10543,0
2017-07-12,44.055,44.605,44.055,44.46,2506,0
2017-07-13,44.485,44.695,44.255,44.695,34175,0
2017-07-14,44.794,44.794,44.545,44.734,11078,0
2017-07-17,44.774,45.114,44.774,45.099,4407,0
2017-07-18,45.244,45.269,45.244,45.244,4107,0
2017-07-19,45.412,45.783,45.412,45.783,1163,0
2017-07-20,45.503,45.683,45.503,45.683,801,0
2017-07-21,44.513,45.104,44.513,45.104,435,0
2017-07-24,45.104,45.374,44.975,45.353,2826,0
2017-07-25,45.723,45.723,45.606,45.606,346,0
2017-07-26,45.514,45.803,45.139,45.567,1383,0
2017-07-27,45.873,45.883,45.713,45.713,3111,0
2017-07-28,45.524,45.524,45.331,45.484,1573,0
2017-07-31,45.404,45.605,45.404,45.605,590,0
2017-08-01,45.903,46.143,45.651,46.143,3940,0
2017-08-02,45.923,45.983,45.623,45.937,1008,0
2017-08-03,46.203,46.208,45.726,46.018,2036,0
2017-08-04,45.963,46.143,45.943,46.143,641,0
2017-08-07,46.103,46.352,46.088,46.163,1355,0
2017-08-08,46.143,46.238,46.133,46.238,1191,0
2017-08-09,46.243,46.422,46.153,46.422,1900,0
2017-08-10,46.203,46.203,45.394,45.464,7173,0
2017-08-11,45.733,45.933,44.944,45.264,21106,0
2017-08-14,45.633,46.073,45.633,45.853,2519,0
2017-08-15,45.943,46.013,45.708,45.743,7233,0
2017-08-16,46.023,46.023,45.716,45.753,3205,0
2017-08-17,45.683,45.683,45.094,45.094,2669,0
2017-08-18,45.074,45.463,44.98,44.98,949,0
2017-08-21,45.104,45.104,44.914,44.984,2341,0
2017-08-22,44.994,45.453,44.944,44.984,13552,0
2017-08-23,45.334,45.334,45.334,45.334,135,0
2017-08-24,45.344,45.464,45.274,45.396,1262,0
2017-08-25,45.803,45.823,45.622,45.823,1741,0
2017-08-28,45.733,45.775,45.693,45.775,1102,0
2017-08-29,45.823,45.823,45.418,45.707,2407,0
2017-08-30,45.474,46.013,45.474,45.933,18179,0
2017-08-31,46.133,46.512,45.974,46.502,1617,0
2017-09-01,46.734,46.734,46.734,46.734,233,0
2017-09-05,46.425,46.425,46.253,46.392,771,0
2017-09-06,46.712,46.712,46.521,46.521,447,0
2017-09-07,46.922,46.982,46.792,46.982,1051,0
2017-09-08,46.862,47.092,46.862,46.972,24524,0
2017-09-11,47.241,47.535,47.241,47.241,1304,0
2017-09-12,47.601,47.601,47.181,47.461,2178,0
2017-09-13,47.231,47.671,47.149,47.509,1586,0
2017-09-14,47.301,47.681,46.992,47.681,3847,0
2017-09-15,47.521,47.861,47.521,47.73,11259,0
2017-09-18,48.415,48.74,48.212,48.471,4722,0
2017-09-19,48.61,48.767,48.453,48.535,3090,0
2017-09-20,48.899,48.969,48.331,48.35,4340,0
2017-09-21,49.49,49.5,48.5349,48.68,2239,0
2017-09-22,48.49,48.6,48.4558,48.542,2428,0
2017-09-25,48.365,48.46,48.17,48.25,1435,0
2017-09-26,48.2,48.585,48.2,48.585,2185,0
2017-09-27,48.4218,49.05,48.4218,48.8941,2210,0
2017-09-28,48.78,49.0552,48.6435,48.8642,3529,0
2017-09-29,49.0716,49.1292,49.01,49.1,2320,0
2017-10-02,49.37,49.52,49.2702,49.2702,18483,0
2017-10-03,49.65,49.95,49.65,49.7,2637,0
2017-10-04,49.55,49.745,49.36,49.5775,3732,0
2017-10-05,49.46,50.07,49.46,49.8,4928,0
2017-10-06,49.41,49.621,49.41,49.4201,2458,0
2017-10-09,49.941,50.02,49.75,49.78,2831,0
2017-10-10,50,50.3485,50,50.131,2408,0
2017-10-11,50.3186,50.54,50.3186,50.4626,1197,0
2017-10-12,50.43,50.49,50.28,50.28,2435,0
2017-10-13,50.4532,50.535,50.4532,50.52,2126,0
2017-10-16,50.33,50.73,50.33,50.49,3612,0
2017-10-17,50.13,50.301,50.13,50.2878,2084,0
2017-10-18,50.42,50.45,50.35,50.45,2844,0
2017-10-19,50.16,50.16,50,50.0137,2333,0
2017-10-20,50.01,50.459,50.01,50.16,2808,0
2017-10-23,50.19,50.19,50.0555,50.08,1549,0
2017-10-24,50.0474,50.2933,50.0474,50.2933,973,0
2017-10-25,50.2805,50.3299,49.8729,49.9572,2410,0
2017-10-26,50.05,50.29,50.05,50.203,3552,0
2017-10-27,50.21,50.38,50.21,50.27,13978,0
2017-10-30,50.4855,50.6642,50.35,50.45,11423,0
2017-10-31,50.69,50.69,50.69,50.69,584,0
2017-11-01,50.6401,50.6401,50.23,50.36,1321,0
2017-11-02,50.04,50.04,49.58,49.59,4219,0
2017-11-03,49.98,50.0258,49.88,50.02,1021,0
2017-11-06,50.08,50.46,50.08,50.4,6279,0
2017-11-07,50,50,49.9249,49.96,1455,0
2017-11-08,49.86,50.08,49.8187,50.0218,2096,0
2017-11-09,49.3687,49.5462,49.2106,49.5462,1790,0
2017-11-10,49.3747,49.58,49.35,49.41,3516,0
