Date,Open,High,Low,Close,Volume,OpenInt
2011-07-19,40.027,40.077,40.027,40.077,300,0
2011-07-20,40.127,40.127,40.127,40.127,200,0
2011-07-21,40.137,40.316,40.137,40.306,7210,0
2011-07-22,40.256,40.336,40.057,40.256,168004,0
2011-07-25,40.256,40.266,40.256,40.266,6409,0
2011-07-26,40.316,40.316,40.167,40.236,3104,0
2011-07-27,40.047,40.047,39.947,39.947,4550,0
2011-07-28,39.887,40.007,39.887,39.927,2603,0
2011-07-29,39.887,39.887,39.887,39.887,100,0
2011-08-01,40.067,40.067,39.877,39.877,771,0
2011-08-02,39.697,39.697,39.547,39.547,1817,0
2011-08-03,39.408,39.408,39.388,39.388,10138,0
2011-08-04,39.108,39.108,38.958,38.958,2003,0
2011-08-05,38.958,38.958,38.579,38.738,27656,0
2011-08-08,38.149,38.149,37.83,37.89,551,0
2011-08-09,38.139,38.249,38.139,38.249,4171,0
2011-08-10,38.109,38.109,37.999,37.999,2243,0
2011-08-11,38.289,38.289,38.229,38.229,3893,0
2011-08-12,38.609,38.609,38.449,38.449,876,0
2011-08-16,38.619,38.639,38.609,38.609,370,0
2011-08-17,38.778,38.898,38.698,38.698,28588,0
2011-08-18,38.698,38.698,38.069,38.069,2395,0
2011-08-19,38.539,38.549,37.92,37.92,110698,0
2011-08-22,39.048,39.048,39.048,39.048,300,0
2011-08-23,38.549,38.549,38.549,38.549,100,0
2011-08-25,39.038,39.038,38.189,38.209,1088,0
2011-08-26,38.309,38.309,38.309,38.309,150,0
2011-08-30,38.499,38.768,38.499,38.768,2616,0
2011-08-31,44.201,44.201,38.808,38.808,1312,0
2011-09-01,38.748,38.888,38.748,38.748,1502,0
2011-09-02,38.419,38.419,38.419,38.419,100,0
2011-09-06,38.029,38.029,37.88,37.969,3405,0
2011-09-07,38.479,38.479,38.479,38.479,300,0
2011-09-08,37.81,38.569,37.81,38.569,901,0
2011-09-09,38.179,38.179,38.179,38.179,1001,0
2011-09-12,37.959,37.959,37.79,37.92,300,0
2011-09-13,38.139,38.139,38.139,38.139,200,0
2011-09-15,38.309,38.309,38.309,38.309,200,0
2011-09-19,38.209,38.209,38.149,38.159,1252,0
2011-09-20,38.399,38.399,38.369,38.369,601,0
2011-09-21,38.059,38.069,38.009,38.009,1602,0
2011-09-22,37.3,37.3,37.2,37.2,1604,0
2011-09-23,37.34,37.34,37.34,37.34,100,0
2011-09-26,37.43,37.46,37.41,37.41,6409,0
2011-09-27,38.009,38.099,38.009,38.029,1202,0
2011-09-28,37.949,38.009,37.77,37.77,3830,0
2011-09-30,37.55,37.55,37.55,37.55,300,0
2011-10-03,37.42,37.42,37.42,37.42,112,0
2011-10-04,36.931,37.151,36.132,37.151,4181,0
2011-10-05,37.4,37.4,37.4,37.4,250,0
2011-10-07,37.989,37.989,37.989,37.989,29825,0
2011-10-10,38.209,38.249,38.209,38.249,896,0
2011-10-12,38.499,38.659,38.479,38.659,13602,0
2011-10-13,38.449,38.529,38.419,38.449,2078,0
2011-10-14,38.689,38.728,38.679,38.718,12289,0
2011-10-17,38.299,38.299,38.299,38.299,501,0
2011-10-18,38.509,38.509,38.469,38.499,330,0
2011-10-19,38.649,38.649,38.639,38.639,601,0
2011-10-21,38.539,38.639,38.539,38.639,1051,0
2011-10-25,39.388,39.388,38.748,38.748,1724,0
2011-10-26,38.828,38.828,38.828,38.828,501,0
2011-10-27,39.577,39.577,39.577,39.577,200,0
2011-10-28,39.457,39.677,39.457,39.677,601,0
2011-11-01,38.698,38.698,38.619,38.619,300,0
2011-11-03,39.058,39.058,39.038,39.058,1887,0
2011-11-04,38.838,39.028,38.838,39.028,2051,0
2011-11-07,39.048,39.048,39.048,39.048,479,0
2011-11-08,39.168,39.168,39.168,39.168,250,0
2011-11-09,38.778,38.808,38.619,38.619,3304,0
2011-11-10,38.689,38.689,38.689,38.689,130,0
2011-11-11,39.048,39.048,39.048,39.048,501,0
2011-11-14,38.109,38.888,38.109,38.828,701,0
2011-11-15,38.728,38.898,38.728,38.898,766,0
2011-11-17,38.599,38.629,38.599,38.629,1202,0
2011-11-18,38.449,38.499,38.449,38.499,406,0
2011-11-21,38.029,38.119,38.029,38.119,421,0
2011-11-23,38.029,38.029,37.72,37.77,5246,0
2011-11-25,37.85,37.91,37.64,37.64,50277,0
2011-11-28,38.129,38.129,38.119,38.119,25033,0
2011-11-29,38.319,38.319,38.319,38.319,126,0
2011-12-01,38.868,38.868,38.868,38.868,501,0
2011-12-05,38.948,38.948,38.948,38.948,1371,0
2011-12-06,38.998,38.998,38.998,38.998,320,0
2011-12-07,38.898,38.898,38.838,38.848,34891,0
2011-12-08,38.728,38.738,38.669,38.669,5316,0
2011-12-09,38.838,38.898,38.838,38.898,1695,0
2011-12-12,38.569,38.579,38.549,38.559,4963,0
2011-12-13,38.489,38.489,38.489,38.489,200,0
2011-12-14,38.309,38.309,38.309,38.309,401,0
2011-12-19,38.289,38.299,38.229,38.229,1031,0
2011-12-21,38.509,38.559,38.489,38.559,1926,0
2011-12-23,38.778,38.778,38.778,38.778,300,0
2011-12-27,38.788,39.348,38.788,38.788,200,0
2011-12-28,38.629,38.629,38.569,38.569,2651,0
2011-12-30,38.778,38.818,38.718,38.808,4254,0
2012-01-03,39.108,39.108,38.998,38.998,901,0
2012-01-05,38.848,38.848,38.848,38.848,801,0
2012-01-09,38.908,38.908,38.848,38.848,1888,0
2012-01-10,38.948,38.948,38.948,38.948,187,0
2012-01-12,39.447,39.447,39.078,39.078,1101,0
2012-01-13,38.928,38.928,38.928,38.928,1001,0
2012-01-17,39.208,39.208,39.178,39.178,385,0
2012-01-18,39.268,39.268,39.268,39.268,1162,0
2012-01-23,39.517,39.517,39.517,39.517,851,0
2012-01-24,39.398,39.847,39.298,39.457,3225,0
2012-01-25,39.637,39.647,39.627,39.637,2569,0
2012-01-27,40.047,40.097,40.047,40.097,1417,0
2012-01-30,39.617,39.617,39.477,39.477,798,0
2012-01-31,39.657,39.707,39.577,39.607,2698,0
2012-02-01,39.128,40.007,39.128,39.867,2896,0
2012-02-02,39.907,39.917,39.907,39.917,905,0
2012-02-03,40.127,40.196,39.967,40.196,901,0
2012-02-06,40.057,40.057,40.047,40.047,1402,0
2012-02-07,40.077,40.077,40.017,40.017,325,0
2012-02-09,40.067,40.067,40.067,40.067,688,0
2012-02-10,39.727,39.817,39.507,39.817,693,0
2012-02-13,39.947,39.947,39.907,39.947,1679,0
2012-02-14,39.867,39.867,39.817,39.827,801,0
2012-02-15,40.406,40.406,39.907,39.927,6781,0
2012-02-16,39.907,39.967,39.907,39.967,850,0
2012-02-17,40.117,40.117,40.117,40.117,200,0
2012-02-21,40.137,40.157,39.977,39.987,2362,0
2012-02-22,39.967,39.967,39.967,39.967,391,0
2012-02-23,39.927,40.406,39.927,40.037,7024,0
2012-02-27,40.286,40.286,39.897,39.897,2908,0
2012-02-28,40.067,40.117,40.037,40.047,3403,0
2012-02-29,40.127,40.137,40.127,40.137,1176,0
2012-03-02,39.897,39.937,39.767,39.787,6087,0
2012-03-05,39.717,39.717,39.627,39.707,3983,0
2012-03-06,39.447,39.467,39.358,39.467,3214,0
2012-03-07,39.398,39.398,39.398,39.398,426,0
2012-03-09,39.717,39.837,39.717,39.837,2549,0
2012-03-12,39.697,39.717,39.657,39.717,644,0
2012-03-14,39.877,39.897,39.737,39.737,2628,0
2012-03-15,39.807,39.807,39.807,39.807,1001,0
2012-03-16,40.027,40.027,40.027,40.027,125,0
2012-03-19,40.027,40.027,39.957,39.957,312,0
2012-03-20,39.747,39.797,39.697,39.797,2784,0
2012-03-21,39.727,39.767,39.687,39.757,3905,0
2012-03-22,39.607,39.607,39.537,39.587,2203,0
2012-03-23,39.567,39.747,39.567,39.737,13542,0
2012-03-26,39.927,39.927,39.857,39.857,552,0
2012-03-27,39.927,39.937,39.847,39.847,2253,0
2012-03-28,39.647,39.667,39.647,39.667,1213,0
2012-03-29,39.617,39.617,39.617,39.617,250,0
2012-04-02,39.807,39.877,39.767,39.877,2669,0
2012-04-03,39.837,39.857,39.647,39.647,872,0
2012-04-04,39.457,39.457,39.428,39.428,511,0
2012-04-05,39.368,39.368,39.368,39.368,100,0
2012-04-09,39.767,39.767,39.218,39.218,300,0
2012-04-10,38.968,38.968,38.938,38.948,2102,0
2012-04-11,39.168,39.168,39.068,39.068,1052,0
2012-04-12,39.278,39.378,39.278,39.308,1862,0
2012-04-13,39.767,39.767,39.028,39.148,5373,0
2012-04-16,39.188,39.198,39.088,39.198,4972,0
2012-04-17,38.958,39.368,38.958,39.368,711,0
2012-04-18,39.258,39.268,39.188,39.268,1833,0
2012-04-19,39.198,39.258,39.188,39.198,3675,0
2012-04-20,39.338,39.398,39.298,39.388,5188,0
2012-04-23,39.727,39.727,38.978,39.018,3879,0
2012-04-24,39.128,42.513,39.068,39.068,29062,0
2012-04-25,39.238,39.288,39.238,39.288,857,0
2012-04-26,39.288,39.388,39.288,39.388,1605,0
2012-04-27,39.378,39.807,39.318,39.447,14703,0
2012-04-30,39.637,39.637,39.338,39.338,861,0
2012-05-01,39.497,39.497,39.378,39.398,1191,0
2012-05-02,39.218,39.278,39.168,39.238,78961,0
2012-05-03,39.208,39.238,39.108,39.128,3721,0
2012-05-04,38.988,38.988,38.948,38.968,1316,0
2012-05-07,38.978,39.048,38.978,39.048,2899,0
2012-05-08,38.958,38.958,38.798,38.918,5852,0
2012-05-09,38.679,38.818,38.609,38.738,3344,0
2012-05-10,38.868,38.868,38.838,38.868,905,0
2012-05-11,38.768,38.798,38.768,38.798,1535,0
2012-05-14,38.509,38.619,38.509,38.619,3164,0
2012-05-15,38.549,38.549,38.439,38.449,968,0
2012-05-16,38.299,38.379,38.299,38.379,401,0
2012-05-17,38.169,38.169,38.129,38.129,3805,0
2012-05-18,38.079,38.119,38.029,38.029,4102,0
2012-05-21,38.219,38.219,38.139,38.139,601,0
2012-05-22,38.319,38.738,38.189,38.189,6167,0
2012-05-23,38.069,38.509,37.969,38.179,2227,0
2012-05-24,38.079,38.119,37.959,38.059,1363,0
2012-05-25,38.139,38.149,38.099,38.099,3803,0
2012-05-29,38.199,38.249,38.199,38.229,2804,0
2012-05-30,38.069,38.079,38.029,38.029,2486,0
2012-05-31,37.82,38.109,37.82,38.109,3766,0
2012-06-01,37.3,38.499,37.3,37.77,9451,0
2012-06-05,37.8,37.89,37.8,37.89,954,0
2012-06-06,38.229,38.229,38.219,38.219,224,0
2012-06-07,38.369,38.379,38.249,38.249,8529,0
2012-06-08,38.099,38.219,38.099,38.169,3130,0
2012-06-11,38.339,38.339,38.109,38.139,1761,0
2012-06-12,38.249,38.259,38.239,38.259,1899,0
2012-06-13,38.269,38.289,38.229,38.229,2053,0
2012-06-14,38.169,38.299,38.169,38.269,23607,0
2012-06-15,38.449,38.529,38.419,38.529,5378,0
2012-06-18,38.489,38.489,38.439,38.449,2734,0
2012-06-19,38.649,38.758,38.649,38.738,3790,0
2012-06-20,38.788,38.788,38.639,38.758,5527,0
2012-06-21,38.429,38.559,38.399,38.479,32593,0
2012-06-22,38.459,38.499,38.389,38.389,969,0
2012-06-25,38.259,38.259,38.219,38.219,208,0
2012-06-26,38.309,38.359,38.309,38.359,361,0
2012-06-27,38.379,38.419,38.379,38.419,452,0
2012-06-28,38.279,38.339,38.279,38.339,427,0
2012-06-29,38.878,38.918,38.878,38.918,779,0
2012-07-02,38.978,39.058,38.978,39.028,20474,0
2012-07-03,39.148,39.218,39.148,39.218,43770,0
2012-07-05,39.068,39.138,39.068,39.118,934,0
2012-07-06,38.958,38.978,38.958,38.958,1275,0
2012-07-09,39.058,39.058,38.848,38.878,3174,0
2012-07-10,38.968,38.968,38.848,38.848,2089,0
2012-07-12,38.609,38.738,38.609,38.728,2076,0
2012-07-13,38.818,38.868,38.818,38.868,420,0
2012-07-16,38.778,38.778,38.778,38.778,1001,0
2012-07-17,38.868,38.898,38.818,38.898,6288,0
2012-07-18,38.848,38.978,38.848,38.938,5109,0
2012-07-19,38.998,38.998,38.998,38.998,205,0
2012-07-20,38.788,38.808,38.728,38.768,947,0
2012-07-23,38.449,38.499,38.449,38.499,1202,0
2012-07-24,38.479,38.479,38.309,38.359,5894,0
2012-07-26,38.579,38.708,38.579,38.659,7371,0
2012-07-30,38.978,38.988,38.958,38.958,2961,0
2012-07-31,38.908,38.958,38.848,38.848,1025,0
2012-08-01,39.248,39.248,38.898,38.908,2086,0
2012-08-02,38.649,38.698,38.649,38.698,3405,0
2012-08-03,39.507,40.916,37.86,39.148,15540,0
2012-08-06,39.168,39.228,39.068,39.198,11920,0
2012-08-07,39.318,39.348,39.298,39.298,5659,0
2012-08-09,39.318,39.348,39.288,39.318,4133,0
2012-08-10,39.268,39.308,39.238,39.308,4384,0
2012-08-13,39.248,39.258,39.198,39.218,3659,0
2012-08-14,39.268,39.268,39.208,39.208,2582,0
2012-08-15,39.248,39.268,39.238,39.268,2723,0
2012-08-16,39.298,39.807,39.298,39.348,6088,0
2012-08-20,39.298,39.298,39.288,39.288,396,0
2012-08-21,39.457,39.457,39.457,39.457,192,0
2012-08-22,39.218,39.308,39.198,39.308,1344,0
2012-08-23,39.178,39.178,39.178,39.178,253,0
2012-08-24,39.078,39.178,39.078,39.178,1124,0
2012-08-27,39.108,39.168,39.108,39.158,1355,0
2012-08-28,39.008,39.118,39.008,39.118,541,0
2012-08-30,38.938,38.978,38.928,38.948,1793,0
2012-08-31,38.978,39.048,38.968,38.968,7667,0
2012-09-04,38.978,38.978,38.928,38.928,1846,0
2012-09-05,38.898,39.018,38.888,38.888,3010,0
2012-09-06,39.398,39.398,39.058,39.268,2822,0
2012-09-07,39.428,39.438,39.408,39.408,1449,0
2012-09-10,39.368,39.378,39.248,39.298,1763,0
2012-09-11,39.408,39.467,39.348,39.428,24394,0
2012-09-12,39.517,39.527,39.517,39.527,968,0
2012-09-13,39.358,39.667,39.358,39.667,4635,0
2012-09-14,39.877,39.877,39.737,39.737,1903,0
2012-09-17,39.667,39.787,39.667,39.737,501,0
2012-09-18,39.827,39.827,39.647,39.697,3630,0
2012-09-19,39.847,39.847,39.697,39.727,2454,0
2012-09-20,39.597,39.637,39.597,39.597,1285,0
2012-09-21,40.007,40.007,39.667,39.667,20608,0
2012-09-24,39.647,39.717,39.577,39.687,7277,0
2012-09-25,39.647,39.657,39.477,39.517,3342,0
2012-09-26,39.438,39.438,39.408,39.408,365,0
2012-09-27,39.487,39.597,39.487,39.597,229,0
2012-09-28,39.457,39.457,39.428,39.428,821,0
2012-10-01,39.637,39.637,39.537,39.557,824,0
2012-10-02,39.497,39.497,39.497,39.497,227,0
2012-10-04,39.917,39.917,39.627,39.627,541,0
2012-10-05,39.707,39.707,39.627,39.627,4109,0
2012-10-08,39.537,40.746,39.537,39.567,60684,0
2012-10-09,39.657,39.657,39.408,39.408,2790,0
2012-10-10,39.408,39.477,39.268,39.338,2089,0
2012-10-11,39.467,39.467,39.318,39.398,3551,0
2012-10-12,39.398,39.398,39.338,39.338,1526,0
2012-10-15,39.428,39.467,39.408,39.428,3931,0
2012-10-16,39.577,39.617,39.547,39.567,5057,0
2012-10-17,39.997,39.997,39.647,39.697,17398,0
2012-10-18,39.627,39.627,39.597,39.597,2074,0
2012-10-19,39.438,39.467,39.428,39.467,2117,0
2012-10-22,39.467,39.497,39.467,39.497,341,0
2012-10-23,39.268,39.298,39.238,39.238,3731,0
2012-10-24,39.248,39.248,39.248,39.248,326,0
2012-10-25,39.497,39.497,39.318,39.358,25422,0
2012-10-26,39.328,39.328,39.328,39.328,791,0
2012-10-31,39.328,39.328,39.298,39.308,2271,0
2012-11-01,39.398,39.467,39.358,39.467,2776,0
2012-11-02,39.388,39.388,39.328,39.338,1530,0
2012-11-05,39.338,39.348,39.308,39.348,2139,0
2012-11-06,39.408,39.507,39.388,39.467,6717,0
2012-11-07,39.358,39.368,39.198,39.198,5313,0
2012-11-08,39.068,39.168,39.028,39.168,1611,0
2012-11-09,39.128,39.128,39.128,39.128,165,0
2012-11-12,39.238,39.328,39.178,39.178,2543,0
2012-11-13,39.148,39.188,39.068,39.068,3452,0
2012-11-14,38.918,39.028,38.918,38.968,401,0
2012-11-15,38.828,38.838,38.798,38.838,1328,0
2012-11-16,38.978,38.998,38.878,38.898,5207,0
2012-11-19,39.178,39.188,39.098,39.098,809,0
2012-11-21,39.248,39.248,39.208,39.208,801,0
2012-11-26,39.597,39.597,39.338,39.388,1949,0
2012-11-27,39.388,39.388,39.308,39.308,2760,0
2012-11-29,39.567,39.567,39.507,39.507,381,0
2012-11-30,39.527,39.537,39.438,39.537,3652,0
2012-12-04,39.438,39.517,39.418,39.418,5398,0
2012-12-05,39.537,39.647,39.537,39.607,7983,0
2012-12-06,39.547,39.547,39.547,39.547,100,0
2012-12-07,39.647,39.647,39.637,39.637,557,0
2012-12-10,39.707,39.717,39.707,39.707,1676,0
2012-12-11,39.807,39.917,39.727,39.727,3984,0
2012-12-12,39.877,39.877,39.757,39.817,4423,0
2012-12-13,39.797,39.807,39.707,39.707,1523,0
2012-12-14,39.737,39.777,39.677,39.737,5954,0
2012-12-17,39.797,39.937,39.777,39.777,300,0
2012-12-18,39.867,39.867,39.787,39.847,388,0
2012-12-19,39.967,39.977,39.967,39.977,966,0
2012-12-20,40.396,40.396,40.027,40.027,1189,0
2012-12-21,39.817,39.817,39.817,39.817,100,0
2012-12-26,39.94,39.95,39.88,39.88,714,0
2012-12-28,39.86,39.86,39.81,39.81,766,0
2012-12-31,39.89,39.93,39.89,39.93,734,0
2013-01-02,40.65,40.65,40.22,40.37,2419,0
2013-01-03,40.24,40.36,40.19,40.25,6266,0
2013-01-04,40.34,40.5,40.18,40.28,10278,0
2013-01-07,40.3,40.34,40.17,40.33,11858,0
2013-01-08,40.22,40.22,40.19,40.22,1458,0
2013-01-09,40.23,40.31,40.16,40.22,9745,0
2013-01-10,40.3,40.39,40.22,40.34,2026,0
2013-01-14,40.15,40.34,40.15,40.26,3024,0
2013-01-15,40.31,40.33,40.19,40.29,2511,0
2013-01-16,40.17,40.4,40.15,40.3,473649,0
2013-01-17,40.35,40.43,40.34,40.41,10716,0
2013-01-18,40.4,40.4,40.31,40.31,833,0
2013-01-22,40.4,40.44,40.4,40.44,7292,0
2013-01-23,40.65,40.65,40.37,40.42,3000,0
2013-01-24,40.22,40.4,40.22,40.4,2615,0
2013-01-25,40.45,40.45,40.37,40.44,3552,0
2013-01-28,40.38,40.39,40.35,40.39,5120,0
2013-01-29,40.41,40.55,40.41,40.48,27854,0
2013-01-30,40.49,40.55,40.46,40.51,16104,0
2013-02-01,40.53,40.54,40.45,40.45,10242,0
2013-02-04,40.71,40.71,40.32,40.37,20394,0
2013-02-05,40.38,40.43,40.38,40.43,2825,0
2013-02-06,40.73,40.73,40.3,40.42,7325,0
2013-02-07,40.31,40.35,40.28,40.34,3588,0
2013-02-08,40.36,40.43,40.36,40.38,944,0
2013-02-11,40.4,40.41,40.33,40.4,7144,0
2013-02-12,40.41,40.43,40.37,40.41,6831,0
2013-02-13,40.48,40.54,40.45,40.51,14049,0
2013-02-14,40.45,40.49,40.44,40.47,6765,0
2013-02-15,40.43,40.52,40.36,40.4,13480,0
2013-02-19,40.42,40.55,40.41,40.55,10124,0
2013-02-20,40.53,40.57,40.35,40.37,5351,0
2013-02-21,40.15,40.18,40.12,40.18,1080,0
2013-02-22,40.2,40.33,39.71,40.3,32994,0
2013-02-25,40.39,40.39,40.17,40.17,974,0
2013-02-26,40.12,40.17,40.12,40.17,7920,0
2013-02-27,40.2,40.33,39.44,40.33,9259,0
2013-02-28,40.32,40.36,40.29,40.34,4329,0
2013-03-01,40.21,40.3,40.21,40.3,3522,0
2013-03-04,40.26,40.3,40.22,40.3,2433,0
2013-03-05,40.43,40.5,40.43,40.43,7006,0
2013-03-06,40.5,40.51,40.42,40.51,1216,0
2013-03-07,40.51,40.51,40.51,40.51,600,0
2013-03-08,40.45,40.52,40.45,40.52,1167,0
2013-03-11,40.52,40.54,40.52,40.54,208,0
2013-03-12,40.72,40.72,40.47,40.49,17816,0
2013-03-13,40.48,40.52,40.42,40.48,7500,0
2013-03-14,40.58,40.74,40.49,40.57,5602,0
2013-03-15,40.55,40.59,40.53,40.53,5181,0
2013-03-18,40.42,40.5,40.38,40.42,2013,0
2013-03-19,40.33,40.38,40.31,40.34,5662,0
2013-03-20,40.43,40.5,40.43,40.5,1600,0
2013-03-21,40.42,40.42,40.36,40.41,14578,0
2013-03-25,40.3,40.39,40.3,40.38,2054,0
2013-03-26,40.5,40.5,40.49,40.5,1316,0
2013-03-28,40.5,40.56,40.48,40.5,13507,0
2013-04-01,40.56,40.56,40.34,40.35,3273,0
2013-04-02,40.48,40.51,40.44,40.44,9262,0
2013-04-03,40.37,40.37,40.32,40.32,577,0
2013-04-04,40.22,40.33,40.22,40.3,1641,0
2013-04-05,40.18,40.18,40.16,40.16,584,0
2013-04-08,40.16,40.24,40.16,40.24,1858,0
2013-04-09,40.21,40.39,40.12,40.38,6215,0
2013-04-10,40.57,40.58,40.51,40.51,4544,0
2013-04-11,40.6,40.62,40.6,40.61,3470,0
2013-04-12,40.69,41.04,40.49,40.5,19740,0
2013-04-15,40.48,40.48,40.21,40.26,2370,0
2013-04-16,40.39,40.43,40.35,40.43,3053,0
2013-04-17,40.2,40.2,40.13,40.19,11748,0
2013-04-18,40.2,40.21,40.14,40.14,3899,0
2013-04-19,40.29,40.3,40.26,40.3,635,0
2013-04-23,40.47,40.56,40.42,40.48,5138,0
2013-04-24,40.73,40.73,40.56,40.57,6375,0
2013-04-25,40.65,40.72,40.63,40.63,14541,0
2013-04-26,40.95,40.95,40.5,40.54,45037,0
2013-04-29,40.74,40.74,40.68,40.74,800,0
2013-04-30,40.71,40.81,40.71,40.81,3321,0
2013-05-01,40.73,40.73,40.62,40.62,1544,0
2013-05-02,40.74,40.76,40.74,40.74,489,0
2013-05-03,40.89,40.93,40.88,40.88,4290,0
2013-05-06,40.92,40.92,40.9,40.9,200,0
2013-05-07,40.95,41.01,40.9,41,35569,0
2013-05-08,41.02,41.07,41,41.05,3364,0
2013-05-09,40.95,40.98,40.93,40.98,1387,0
2013-05-10,40.91,40.98,40.91,40.98,5338,0
2013-05-13,40.99,41.04,40.96,41.01,26896,0
2013-05-14,41.12,41.12,41.04,41.08,3210,0
2013-05-15,41.14,41.15,41.07,41.11,2602,0
2013-05-16,41.13,41.16,41.08,41.1,5379,0
2013-05-17,41.27,41.27,41.11,41.19,2669,0
2013-05-20,41.2,41.2,41.12,41.15,15927,0
2013-05-21,41.17,41.24,41.13,41.21,1913,0
2013-05-22,41.1,41.1,41.01,41.01,711,0
2013-05-23,40.82,40.94,40.71,40.92,2949,0
2013-05-24,41.14,41.14,40.82,40.84,1063,0
2013-05-28,41.03,41.04,40.95,40.95,1873,0
2013-05-29,40.73,40.86,40.73,40.83,10418,0
2013-05-30,40.84,40.86,40.84,40.86,577,0
2013-05-31,40.65,40.65,40.65,40.65,100,0
2013-06-03,40.51,40.7,40.51,40.7,1758,0
2013-06-04,40.67,40.7,40.54,40.54,41966,0
2013-06-05,40.68,40.68,40.25,40.37,16698,0
2013-06-06,40.26,40.39,40.22,40.39,778511,0
2013-06-07,40.43,40.53,40.41,40.5,21884,0
2013-06-10,40.49,40.49,40.41,40.41,600,0
2013-06-11,40.25,40.4,40.25,40.28,13636,0
2013-06-12,40.37,40.37,40.19,40.19,3363,0
2013-06-13,40.3,40.36,40.3,40.36,4218,0
2013-06-14,40.69,40.69,40.25,40.27,5822,0
2013-06-17,40.41,40.43,40.38,40.43,46516,0
2013-06-18,40.42,40.47,40.42,40.43,934,0
2013-06-19,40.43,40.43,40.39,40.39,600,0
2013-06-20,40.23,40.23,39.72,39.72,10728,0
2013-06-21,39.75,39.9,39.75,39.86,4730,0
2013-06-24,39.56,39.71,39.56,39.65,1581,0
2013-06-25,39.77,39.82,39.73,39.82,1306,0
2013-06-26,39.94,39.95,39.86,39.87,2662,0
2013-06-27,40.1,40.12,40.06,40.11,4600,0
2013-06-28,40.13,40.18,40.05,40.15,12858,0
2013-07-01,40.25,40.29,40.21,40.22,4157,0
2013-07-02,40.23,40.23,40.01,40.01,4522,0
2013-07-03,40.01,40.12,40.01,40.11,7051,0
2013-07-05,40.04,40.13,40.01,40.13,4097,0
2013-07-08,40.17,40.17,40.14,40.17,318,0
2013-07-09,40.29,40.3,40.25,40.3,3714,0
2013-07-10,40.28,40.33,40.27,40.29,5011,0
2013-07-11,40.53,40.56,40.49,40.54,3708,0
2013-07-12,40.55,40.55,40.51,40.52,1243,0
2013-07-15,40.72,40.72,40.63,40.69,1766,0
2013-07-16,40.67,40.67,40.67,40.67,107,0
2013-07-17,40.66,40.7,40.65,40.67,4339,0
2013-07-18,40.73,40.81,40.68,40.69,7130,0
2013-07-22,40.73,40.75,40.7,40.73,4474,0
2013-07-23,40.72,40.84,40.72,40.76,20690,0
2013-07-24,40.77,40.77,40.65,40.65,1498,0
2013-07-25,40.74,40.74,40.68,40.68,320,0
2013-07-26,40.64,40.69,40.62,40.66,1617,0
2013-07-29,40.64,40.64,40.58,40.58,748,0
2013-07-30,40.6,40.62,40.53,40.57,4261,0
2013-07-31,40.56,40.58,40.49,40.5,12963,0
2013-08-01,40.71,40.78,40.66,40.78,2274,0
2013-08-02,40.81,40.81,40.81,40.81,195,0
2013-08-05,40.78,40.78,40.76,40.76,2268,0
2013-08-06,40.76,40.76,40.64,40.66,1130,0
2013-08-07,40.61,40.63,40.52,40.56,9033,0
2013-08-08,40.62,40.71,40.62,40.71,1400,0
2013-08-09,40.74,40.77,40.71,40.72,1954,0
2013-08-12,40.78,40.8,40.69,40.72,6289,0
2013-08-13,40.86,40.86,40.82,40.82,668,0
2013-08-14,40.82,40.82,40.81,40.81,200,0
2013-08-15,40.7,40.7,40.56,40.59,7614,0
2013-08-16,40.65,40.65,40.65,40.65,100,0
2013-08-19,40.56,40.56,40.45,40.51,15854,0
2013-08-20,40.45,40.5,40.37,40.43,2269,0
2013-08-21,40.39,40.39,40.39,40.39,390,0
2013-08-22,40.44,40.44,40.42,40.42,664,0
2013-08-23,40.37,40.53,40.37,40.51,1081,0
2013-08-26,40.5,40.5,40.45,40.45,276,0
2013-08-27,40.26,40.26,40.2,40.2,519,0
2013-08-28,40.24,40.26,40.22,40.22,814,0
2013-08-30,40.28,40.28,40.22,40.22,200,0
2013-09-03,40.31,40.42,40.31,40.42,5416,0
2013-09-04,40.85,40.85,40.45,40.53,1668,0
2013-09-05,40.96,40.97,40.53,40.6,2427,0
2013-09-06,40.73,40.76,40.62,40.68,7681,0
2013-09-09,40.82,40.82,40.81,40.81,600,0
2013-09-10,41.04,41.05,40.99,41.03,3845,0
2013-09-11,41.01,41.05,41.01,41.02,48873,0
2013-09-12,40.83,41.04,40.83,40.95,9194,0
2013-09-13,41,41,41,41,112,0
2013-09-16,41.07,41.18,41.07,41.14,701,0
2013-09-17,41.05,41.13,41.04,41.13,2582,0
2013-09-18,41.1,41.37,41.02,41.34,4212,0
2013-09-19,41.47,41.47,41.37,41.42,1130,0
2013-09-20,41.22,41.32,41.15,41.22,4552,0
2013-09-23,41.21,41.3,41.2,41.25,13186,0
2013-09-24,41.24,41.27,41.18,41.2,9569,0
2013-09-25,41.23,41.23,41.16,41.16,4320,0
2013-09-26,41.19,41.22,41.12,41.22,1747,0
2013-09-27,41.09,41.12,41.06,41.11,7821,0
2013-09-30,40.96,40.97,40.94,40.97,550,0
2013-10-01,41.05,41.18,41.05,41.08,15445,0
2013-10-02,41.04,41.16,41.04,41.16,14209,0
2013-10-03,41.08,41.13,40.98,41.13,3200,0
2013-10-04,41.16,41.2,41.15,41.2,1179,0
2013-10-07,41.16,41.16,41.12,41.12,2470,0
2013-10-08,41.06,41.08,40.95,40.95,3862,0
2013-10-09,40.94,40.94,40.94,40.94,769,0
2013-10-10,41.14,41.22,41.12,41.15,4055,0
2013-10-11,41.34,41.34,41.32,41.32,439,0
2013-10-14,41.3,41.43,41.23,41.42,44047,0
2013-10-15,41.32,41.32,41.28,41.32,714,0
2013-10-16,41.36,41.39,41.36,41.39,408,0
2013-10-17,41.47,41.54,41.45,41.54,3770,0
2013-10-18,41.57,41.57,41.55,41.55,1199,0
2013-10-21,41.54,41.6,41.54,41.6,419,0
2013-10-22,41.7,41.71,41.58,41.71,1815,0
2013-10-23,41.47,41.47,41.47,41.47,178,0
2013-10-24,41.58,41.58,41.44,41.49,2781,0
2013-10-25,41.54,41.54,41.49,41.49,965,0
2013-10-28,41.58,41.62,41.58,41.62,486,0
2013-10-29,41.61,41.61,41.61,41.61,100,0
2013-10-30,41.69,41.69,41.58,41.61,6047,0
2013-10-31,41.65,41.79,41.65,41.79,300,0
2013-11-01,41.32,41.48,41.32,41.48,1130,0
2013-11-04,41.53,41.54,41.47,41.53,4098,0
2013-11-05,41.43,41.45,41.43,41.44,7834,0
2013-11-06,41.5,41.5,41.49,41.5,83954,0
2013-11-07,41.4,41.4,41.26,41.26,46137,0
2013-11-08,41.24,41.25,41.2,41.25,1274,0
2013-11-11,41.33,41.33,41.31,41.32,362,0
2013-11-12,41.31,41.31,41.26,41.28,50006,0
2013-11-13,41.16,41.16,41.15,41.15,968,0
2013-11-14,41.47,41.48,41.47,41.48,1460,0
2013-11-15,41.67,41.67,41.51,41.62,1574,0
2013-11-18,41.6,41.64,41.55,41.55,2370,0
2013-11-19,41.54,41.54,41.53,41.53,370,0
2013-11-20,41.58,41.58,41.5,41.51,1443,0
2013-11-21,41.46,41.5,41.45,41.49,1430,0
2013-11-22,41.51,41.56,41.49,41.51,8507,0
2013-11-25,41.58,41.58,41.48,41.48,3056,0
2013-11-26,41.49,41.6,41.45,41.6,10594,0
2013-11-27,41.57,41.62,41.5,41.55,10890,0
2013-11-29,41.58,41.67,41.57,41.67,782,0
2013-12-02,41.53,41.53,41.53,41.53,516,0
2013-12-04,41.55,41.55,41.29,41.45,4887,0
2013-12-06,41.61,41.61,41.54,41.54,478,0
2013-12-09,41.43,41.58,41.43,41.57,580,0
2013-12-10,41.57,41.59,41.5,41.58,7335,0
2013-12-11,41.35,41.35,41.35,41.35,220,0
2013-12-12,41.28,41.31,41.19,41.26,2120,0
2013-12-13,41.19,41.32,41.19,41.32,2554,0
2013-12-16,41.44,41.44,41.32,41.37,3451,0
2013-12-17,41.34,41.34,41.31,41.31,1418,0
2013-12-18,41.24,41.58,41.11,41.48,7290,0
2013-12-19,41.39,41.46,41.35,41.4,3325,0
2013-12-20,41.52,41.55,41.39,41.55,6575,0
2013-12-23,41.63,42.49,41.57,41.57,11168,0
2013-12-24,41.68,41.68,41.67,41.67,624,0
2013-12-26,41.62,41.67,41.57,41.67,4177,0
2013-12-27,41.71,41.71,41.62,41.62,12218,0
2013-12-30,41.83,41.83,41.74,41.76,4234,0
2013-12-31,41.78,41.78,41.65,41.72,18519,0
2014-01-02,41.53,41.53,41.42,41.44,3967,0
2014-01-03,41.5,41.5,41.39,41.5,13706,0
2014-01-06,41.58,41.58,41.32,41.4,7206,0
2014-01-07,41.43,41.49,41.43,41.48,3319,0
2014-01-08,41.48,41.48,41.34,41.4,12769,0
2014-01-09,41.43,41.43,41.36,41.43,2091,0
2014-01-10,41.4,41.62,41.4,41.62,25203,0
2014-01-13,41.46,41.51,41.38,41.38,1835,0
2014-01-14,41.37,41.52,41.37,41.52,11737,0
2014-01-15,41.54,41.56,41.5,41.56,3281,0
2014-01-16,41.44,41.53,41.44,41.51,7070,0
2014-01-17,41.48,41.48,41.39,41.39,1125,0
2014-01-21,41.5,41.5,41.39,41.41,2382,0
2014-01-22,41.54,41.55,41.46,41.48,2153,0
2014-01-23,41.42,41.42,41.25,41.25,3423,0
2014-01-24,41.13,41.13,40.97,41,1932,0
2014-01-27,40.88,41.01,40.81,40.9,5763,0
2014-01-28,41.06,41.06,40.84,40.95,25220,0
2014-01-29,40.88,40.96,40.85,40.88,2302,0
2014-01-30,40.76,40.98,40.76,40.91,1928,0
2014-01-31,40.9,40.96,40.84,40.96,1823,0
2014-02-03,40.83,40.83,40.68,40.68,864,0
2014-02-04,40.72,40.76,40.64,40.76,1939,0
2014-02-05,40.68,40.72,40.65,40.65,5022,0
2014-02-06,40.82,40.95,40.82,40.95,4489,0
2014-02-07,41,41.05,40.99,41.05,5484,0
2014-02-10,40.92,41.02,40.92,40.94,5829,0
2014-02-11,41.22,41.22,41.22,41.22,844,0
2014-02-12,41.27,41.28,41.16,41.16,4452,0
2014-02-13,41.14,41.14,41.14,41.14,441,0
2014-02-14,41.41,41.44,41.38,41.38,9917,0
2014-02-18,41.45,41.45,41.32,41.32,3691,0
2014-02-19,41.41,41.41,41.28,41.29,1028,0
2014-02-20,41.35,41.38,41.29,41.36,6247,0
2014-02-21,41.27,41.46,41.27,41.35,14525,0
2014-02-24,41.48,41.49,41.38,41.38,5439,0
2014-02-25,41.55,41.55,41.33,41.4,2535,0
2014-02-26,41.34,41.34,41.34,41.34,189,0
2014-02-27,41.47,41.47,41.42,41.42,1451,0
2014-02-28,41.42,41.53,41.4,41.5,1943,0
2014-03-03,41.17,41.4,41.17,41.28,1965,0
2014-03-04,41.49,41.62,41.49,41.56,2877,0
2014-03-05,41.5,41.64,41.5,41.55,2442,0
2014-03-06,41.67,41.69,41.67,41.69,862,0
2014-03-07,41.67,41.67,41.56,41.56,408,0
2014-03-11,41.61,41.61,41.41,41.41,1327,0
2014-03-12,41.35,41.48,41.33,41.48,29192,0
2014-03-13,41.35,41.35,41.29,41.31,1206,0
2014-03-14,41.34,41.34,41.3,41.33,2553,0
2014-03-18,41.49,41.6,41.48,41.6,5384,0
2014-03-19,41.53,41.53,41.39,41.39,897,0
2014-03-21,41.74,41.74,41.45,41.45,1928,0
2014-03-24,41.45,41.45,41.38,41.38,3346,0
2014-03-25,41.53,41.57,41.48,41.56,910,0
2014-03-26,41.56,41.56,41.56,41.56,300,0
2014-03-27,41.52,41.55,41.49,41.49,1809,0
2014-03-28,41.63,41.65,41.52,41.52,5261,0
2014-03-31,41.75,41.75,41.66,41.66,1079,0
2014-04-01,41.71,41.71,41.61,41.71,503,0
2014-04-02,41.85,41.88,41.85,41.88,583,0
2014-04-03,41.91,41.91,41.74,41.78,1319,0
2014-04-04,42.12,42.13,41.62,41.62,39951,0
2014-04-07,41.73,41.73,41.65,41.67,1022,0
2014-04-08,41.7,41.71,41.7,41.71,764,0
2014-04-10,41.84,41.84,41.72,41.72,33869,0
2014-04-11,41.56,41.61,41.4,41.4,4521,0
2014-04-14,41.56,41.56,41.56,41.56,220,0
2014-04-15,41.58,41.63,41.28,41.56,14373,0
2014-04-16,41.51,41.66,41.3,41.66,2973,0
2014-04-17,41.66,41.89,41.66,41.76,11525,0
2014-04-21,41.75,41.76,41.59,41.76,1992,0
2014-04-22,42,42,41.71,41.82,3809,0
2014-04-23,41.66,41.77,41.66,41.68,3148,0
2014-04-24,41.63,41.63,41.56,41.6,1810,0
2014-04-25,41.66,41.66,41.49,41.5,15140,0
2014-04-28,41.91,41.91,41.47,41.55,3609,0
2014-04-29,41.71,41.73,41.63,41.71,1142,0
2014-04-30,41.68,41.73,41.64,41.73,2115,0
2014-05-01,41.73,41.76,41.61,41.72,2963,0
2014-05-02,41.74,41.74,41.73,41.73,778,0
2014-05-05,41.71,41.71,41.66,41.66,181152,0
2014-05-06,41.63,41.65,41.57,41.65,1148,0
2014-05-07,41.56,41.62,41.54,41.59,1252,0
2014-05-08,41.63,41.69,41.63,41.63,531,0
2014-05-09,41.63,41.65,41.63,41.65,499,0
2014-05-12,41.72,41.88,41.7,41.85,1552,0
2014-05-13,41.79,41.81,41.79,41.81,1275,0
2014-05-14,41.79,41.81,41.79,41.81,1895,0
2014-05-15,41.67,41.67,41.61,41.61,5329,0
2014-05-16,41.68,41.74,41.68,41.74,1204,0
2014-05-19,41.75,41.8,41.75,41.8,3095,0
2014-05-20,41.65,41.71,41.59,41.65,2512,0
2014-05-21,41.77,41.79,41.77,41.79,4871,0
2014-05-22,41.79,41.86,41.78,41.8,3836,0
2014-05-23,41.86,41.91,41.83,41.91,514,0
2014-05-27,41.91,41.98,41.88,41.97,5459,0
2014-05-28,41.97,41.97,41.96,41.96,1004,0
2014-05-29,42,42.03,41.99,42.03,1740,0
2014-05-30,41.93,41.96,41.93,41.96,1067,0
2014-06-03,41.98,41.98,41.98,41.98,643,0
2014-06-04,41.59,41.97,41.59,41.93,11552,0
2014-06-05,42.13,42.15,42.13,42.15,632,0
2014-06-06,42.2,42.26,42.18,42.26,1213,0
2014-06-09,42.28,42.34,42.23,42.29,860,0
2014-06-10,42.27,42.55,42.21,42.3,1800,0
2014-06-11,42.24,42.39,42.22,42.22,636,0
2014-06-12,41.37,42.15,41.37,42.15,3397,0
2014-06-13,42.14,42.18,42.14,42.18,1844,0
2014-06-16,42.17,42.17,42.15,42.15,480,0
2014-06-17,42.2,42.22,42.18,42.22,771,0
2014-06-18,42.21,42.38,42.21,42.38,1608,0
2014-06-19,42.34,42.35,42.23,42.35,1031,0
2014-06-20,42.33,42.34,42.33,42.34,701,0
2014-06-23,42.3,42.33,42.28,42.32,4364,0
2014-06-24,42.39,42.62,42.28,42.28,3788,0
2014-06-25,42.25,42.3,42.21,42.3,2372,0
2014-06-26,42.24,42.31,42.24,42.31,5281,0
2014-06-27,42.28,42.3,42.25,42.25,1058,0
2014-06-30,42.35,42.36,42.28,42.31,1519,0
2014-07-01,42.47,42.49,42.46,42.48,2414,0
2014-07-02,42.52,42.52,42.46,42.46,1000,0
2014-07-03,42.5,42.52,42.49,42.51,2383,0
2014-07-07,42.47,42.47,42.46,42.46,1290,0
2014-07-08,42.24,42.36,42.23,42.34,3258,0
2014-07-09,42.34,42.4,42.34,42.4,2418,0
2014-07-10,42.07,42.33,42.07,42.32,2916,0
2014-07-11,42.32,42.32,42.27,42.3,1532,0
2014-07-14,42.34,42.35,42.34,42.35,2153,0
2014-07-15,42.37,42.37,42.28,42.32,1711,0
2014-07-16,42.69,42.69,42.33,42.35,1914,0
2014-07-17,42.3,42.33,42.24,42.24,1560,0
2014-07-18,42.41,42.41,42.24,42.34,1893,0
2014-07-21,42.22,42.31,42.22,42.31,792,0
2014-07-22,42.42,42.42,42.36,42.36,3552,0
2014-07-23,42.41,42.43,42.41,42.41,1591,0
2014-07-24,42.41,42.45,42.41,42.43,1809,0
2014-07-25,42.39,42.39,42.36,42.36,2015,0
2014-07-28,42.31,42.37,42.27,42.35,3415,0
2014-07-29,42.39,42.4,42.33,42.33,68471,0
2014-07-30,42.32,42.34,42.27,42.29,14981,0
2014-07-31,42.18,42.18,42.04,42.09,2249,0
2014-08-01,42.03,42.03,41.93,42.01,2803,0
2014-08-04,41.92,42.09,41.85,42.09,5771,0
2014-08-05,42.03,42.05,41.92,41.92,5677,0
2014-08-06,41.88,42.11,41.88,41.91,23881,0
2014-08-07,41.97,41.97,41.8,41.85,2646,0
2014-08-08,41.84,41.93,41.84,41.93,1008,0
2014-08-11,42.07,42.09,42.06,42.09,2232,0
2014-08-12,42.06,42.06,42.02,42.02,2843,0
2014-08-13,42.07,42.13,42.07,42.13,493,0
2014-08-14,42.16,42.19,42.16,42.19,1020,0
2014-08-15,42.26,42.26,42.12,42.12,364,0
2014-08-18,42.25,42.33,42.25,42.28,1423,0
2014-08-19,42.36,42.41,42.36,42.41,1561,0
2014-08-20,42.82,42.82,42.35,42.4,1616,0
2014-08-21,42.4,42.44,42.33,42.4,4174,0
2014-08-22,42.36,42.41,42.36,42.38,953,0
2014-08-25,42.45,42.51,42.45,42.47,1076,0
2014-08-26,42.56,42.56,42.55,42.55,1468,0
2014-08-27,42.53,42.53,42.51,42.51,1124,0
2014-08-28,42.49,42.5,42.49,42.5,735,0
2014-09-02,42.51,42.54,42.5,42.54,4183,0
2014-09-03,42.75,42.76,42.53,42.58,3792,0
2014-09-04,42.64,42.64,42.57,42.57,1296,0
2014-09-05,42.52,42.56,42.51,42.56,5362,0
2014-09-08,42.53,42.53,42.46,42.52,2748,0
2014-09-09,42.44,42.48,42.38,42.38,2874,0
2014-09-10,42.35,42.4,42.32,42.4,1152,0
2014-09-11,42.36,42.4,42.36,42.4,757,0
2014-09-12,42.3,42.31,42.3,42.31,858,0
2014-09-15,42.27,42.28,42.25,42.28,840,0
2014-09-16,42.35,42.36,42.35,42.36,867,0
2014-09-17,42.33,42.37,42.33,42.34,2037,0
2014-09-18,42.37,42.41,42.37,42.39,2862,0
2014-09-19,42.34,42.34,42.32,42.32,1563,0
2014-09-22,42.24,42.25,42.12,42.17,7417,0
2014-09-23,42.13,42.15,42.07,42.11,9325,0
2014-09-24,42.04,42.19,42.03,42.14,12515,0
2014-09-25,41.96,42.06,41.93,41.93,2909,0
2014-09-26,41.99,42,41.96,42,5913,0
2014-09-29,41.92,41.97,41.92,41.93,1448,0
2014-09-30,41.91,41.92,41.89,41.89,1921,0
2014-10-01,41.53,41.8,41.53,41.62,32903,0
2014-10-02,41.51,41.75,41.49,41.75,4542,0
2014-10-03,41.76,41.82,41.76,41.82,264,0
2014-10-06,41.78,41.82,41.78,41.82,1797,0
2014-10-07,41.71,41.71,41.59,41.59,1257,0
2014-10-08,41.5,41.74,41.5,41.74,35145,0
2014-10-09,41.65,41.65,41.43,41.53,4770,0
2014-10-10,41.36,41.4,41.27,41.4,28056,0
2014-10-13,41.15,41.36,41.15,41.19,9444,0
2014-10-14,41.45,41.45,41.25,41.27,1314,0
2014-10-15,41.07,41.22,41.07,41.14,1831,0
2014-10-16,41.13,41.13,41.02,41.13,3188,0
2014-10-17,41.1,41.42,41.06,41.34,3856,0
2014-10-20,41.32,41.41,41.32,41.36,3352,0
2014-10-21,41.54,41.6,41.54,41.6,408,0
2014-10-22,41.65,41.65,41.52,41.52,3362,0
2014-10-23,41.68,41.72,41.63,41.72,370,0
2014-10-24,41.69,41.77,41.69,41.74,2626,0
2014-10-27,41.64,41.74,41.62,41.69,35870,0
2014-10-28,41.82,41.9,41.78,41.88,7328,0
2014-10-29,42.03,42.04,41.89,41.94,5596,0
2014-10-30,41.87,42.06,41.84,42.06,2640,0
2014-10-31,42.27,42.28,42.24,42.26,1065,0
2014-11-03,42.22,42.22,42.19,42.19,2435,0
2014-11-04,42.09,42.12,42.09,42.12,4109,0
2014-11-05,42.23,42.29,42.17,42.19,39951,0
2014-11-06,42.18,42.24,42.15,42.24,9642,0
2014-11-07,42.18,42.2,42.18,42.2,842,0
2014-11-10,42.24,42.24,42.24,42.24,539,0
2014-11-11,42.33,42.33,42.29,42.29,1537,0
2014-11-12,42.24,42.32,42.24,42.32,1561,0
2014-11-13,42.32,42.32,42.25,42.27,10881,0
2014-11-14,42.26,42.29,42.25,42.28,6156,0
2014-11-17,42.2,42.23,42.2,42.23,1187,0
2014-11-18,42.31,42.34,42.31,42.32,3276,0
2014-11-19,42.18,42.26,42.18,42.26,5887,0
2014-11-20,42.2,42.28,42.2,42.27,3271,0
2014-11-21,42.43,42.44,42.39,42.43,804,0
2014-11-24,42.45,42.48,42.45,42.48,415,0
2014-11-26,42.45,42.52,42.45,42.52,3613,0
2014-12-01,42.95,42.95,42.26,42.3,2592,0
2014-12-02,42.36,42.37,42.32,42.37,2413,0
2014-12-03,42.37,42.44,42.37,42.44,29718,0
2014-12-04,42.34,42.36,42.3,42.32,13927,0
2014-12-05,42.44,42.45,42.4,42.4,20350,0
2014-12-08,42.39,42.4,42.28,42.28,7301,0
2014-12-09,42.14,42.27,42.1,42.22,12419,0
2014-12-10,42.18,42.18,42.03,42.03,1514,0
2014-12-11,42.14,42.14,42,42,1274,0
2014-12-12,41.86,41.93,41.8,41.8,6046,0
2014-12-15,41.55,41.57,41.55,41.57,496,0
2014-12-16,41.66,41.7,41.59,41.59,8277,0
2014-12-17,41.69,41.82,41.69,41.82,5873,0
2014-12-18,42.2,42.28,42.04,42.09,3504,0
2014-12-19,42.64,42.64,42.12,42.2,1721,0
2014-12-23,42.31,42.31,42.29,42.3,1109,0
2014-12-24,42.38,42.38,42.38,42.38,359,0
2014-12-26,42.51,42.51,42.38,42.48,2281,0
2014-12-29,42.37,42.42,42.37,42.42,1294,0
2014-12-30,42.29,42.36,42.29,42.31,5315,0
2014-12-31,42.35,42.35,42.29,42.29,746,0
2015-01-02,42.11,42.14,42.09,42.11,1435,0
2015-01-05,42,42,41.54,41.88,6543,0
2015-01-06,42.15,42.15,41.64,41.67,23337,0
2015-01-07,41.77,41.88,41.77,41.82,9210,0
2015-01-08,42.13,42.13,42.06,42.09,3173,0
2015-01-09,42.1,42.32,42.02,42.32,21526,0
2015-01-12,41.99,42.08,41.86,41.95,7499,0
2015-01-13,42.18,42.18,41.85,42.07,6454,0
2015-01-14,41.92,41.92,41.83,41.9,2398,0
2015-01-15,42.01,42.01,41.9,41.97,30001,0
2015-01-16,42.14,42.14,41.97,42.14,3814,0
2015-01-20,42.09,42.2,42.09,42.14,2926,0
2015-01-21,42.2,42.25,42.15,42.25,2476,0
2015-01-22,42.09,42.44,42.09,42.4,27814,0
2015-01-23,42.46,42.49,42.39,42.49,5026,0
2015-01-26,42.45,42.54,42.42,42.51,1370,0
2015-01-27,42.33,42.48,42.33,42.47,4322,0
2015-01-28,42.4,42.51,42.27,42.3,7054,0
2015-01-29,42.33,42.39,42.2,42.35,5674,0
2015-01-30,42.28,42.28,42.21,42.22,3323,0
2015-02-02,42.23,42.24,42.14,42.22,4250,0
2015-02-03,42.5,42.53,42.46,42.53,58741,0
2015-02-04,42.64,42.64,42.48,42.62,47570,0
2015-02-05,42.53,42.71,42.46,42.71,2198,0
2015-02-06,42.67,42.73,42.57,42.62,17582,0
2015-02-09,42.53,42.59,42.48,42.55,7383,0
2015-02-10,42.62,42.66,42.52,42.6,4488,0
2015-02-11,42.62,42.66,42.57,42.63,952,0
2015-02-12,42.74,42.76,42.73,42.73,3040,0
2015-02-13,42.89,42.96,42.8,42.9,2236,0
2015-02-17,42.89,43.07,42.88,42.92,2254,0
2015-02-18,43.05,43.06,42.89,42.97,4419,0
2015-02-19,43.03,43.07,42.94,42.95,7390,0
2015-02-20,42.98,43.02,42.98,43.02,3017,0
2015-02-23,43.03,43.04,43.03,43.04,854,0
2015-02-24,43.05,43.11,43.05,43.11,3833,0
2015-02-25,43.1,43.19,43.06,43.14,3288,0
2015-02-26,43.13,43.14,43.13,43.14,789,0
2015-02-27,43.17,43.23,43.12,43.12,7170,0
2015-03-02,43.11,43.11,43.11,43.11,200,0
2015-03-03,43.19,43.28,43.07,43.15,4900,0
2015-03-04,43.05,43.13,43.05,43.07,1400,0
2015-03-05,43.1,43.21,43.06,43.14,10900,0
2015-03-06,43.12,43.12,42.96,43.02,10600,0
2015-03-09,42.98,43.04,42.93,43.04,16000,0
2015-03-10,42.82,42.87,42.79,42.79,2800,0
2015-03-11,42.85,42.95,42.82,42.95,10000,0
2015-03-12,43.04,43.04,43.04,43.04,400,0
2015-03-13,43,43,43,43,1100,0
2015-03-16,43.15,43.16,43.15,43.16,1000,0
2015-03-17,43.07,43.15,43.06,43.1,3700,0
2015-03-18,43.06,43.34,43.06,43.34,4500,0
2015-03-19,43.26,43.28,43.25,43.28,1300,0
2015-03-20,43.15,43.43,43.15,43.35,6300,0
2015-03-23,43.41,43.41,43.36,43.4,3600,0
2015-03-24,43.21,43.4,43.21,43.34,12000,0
2015-03-25,43.28,43.29,43.13,43.13,2000,0
2015-03-26,42.94,43.1,42.94,43.1,600,0
2015-03-27,43.04,43.09,43.04,43.09,600,0
2015-03-30,43.2,43.26,43.19,43.2,2000,0
2015-03-31,43.11,43.19,42.95,43.12,10669,0
2015-04-01,43.08,43.1,43,43.05,106101,0
2015-04-02,43.11,43.17,43.1,43.1,2500,0
2015-04-06,43.26,43.29,43.25,43.26,3900,0
2015-04-07,43.33,43.37,43.26,43.26,6330,0
2015-04-08,43.37,43.43,43.33,43.38,11300,0
2015-04-09,43.4,43.46,43.39,43.45,6621,0
2015-04-10,43.48,43.48,43.4,43.48,1600,0
2015-04-13,43.54,43.65,43.46,43.46,9100,0
2015-04-14,43.43,43.48,43.4,43.47,2400,0
2015-04-15,43.49,43.59,43.47,43.49,933,0
2015-04-16,43.55,43.57,43.47,43.56,2940,0
2015-04-17,43.28,43.47,43.28,43.31,2100,0
2015-04-20,43.35,43.41,43.28,43.36,4541,0
2015-04-21,43.51,43.54,43.49,43.49,2978,0
2015-04-22,43.5,43.59,43.45,43.46,2204,0
2015-04-23,43.43,43.58,43.43,43.57,4200,0
2015-04-24,43.49,43.6,43.49,43.54,1200,0
2015-04-27,43.69,43.69,43.52,43.55,1700,0
2015-04-28,43.53,43.65,43.49,43.49,2500,0
2015-04-29,43.45,43.57,43.35,43.35,4300,0
2015-04-30,43.27,43.27,43.15,43.22,900,0
2015-05-01,43.25,43.27,43.17,43.26,3300,0
2015-05-04,43.34,43.39,43.32,43.32,4600,0
2015-05-05,43.2,43.21,43.14,43.18,1900,0
2015-05-06,43.12,43.12,43.01,43.04,4265,0
2015-05-07,43.13,43.13,43.03,43.11,3906,0
2015-05-08,43.36,43.38,43.36,43.38,600,0
2015-05-11,43.35,43.39,43.28,43.28,27300,0
2015-05-12,43.25,43.25,43.25,43.25,413,0
2015-05-13,43.27,43.3,43.22,43.28,5400,0
2015-05-14,43.44,43.44,43.3,43.42,2800,0
2015-05-15,43.38,43.43,43.37,43.43,1433,0
2015-05-18,43.41,43.48,43.41,43.46,818,0
2015-05-19,43.49,43.51,43.49,43.51,600,0
2015-05-20,43.48,43.53,43.48,43.53,2700,0
2015-05-21,43.56,43.59,43.55,43.59,1800,0
2015-05-22,43.52,43.56,43.49,43.56,1800,0
2015-05-26,43.43,43.44,43.43,43.44,1119,0
2015-05-27,43.45,43.51,43.45,43.51,700,0
2015-05-28,43.38,43.43,43.38,43.43,851,0
2015-05-29,43.35,43.36,43.35,43.36,900,0
2015-06-01,43.4,43.4,43.28,43.39,3793,0
2015-06-02,43.34,43.34,43.29,43.32,1335,0
2015-06-03,43.4,43.41,43.35,43.37,5100,0
2015-06-04,43.24,43.24,43.17,43.17,1100,0
2015-06-05,43.13,43.29,43.11,43.17,21100,0
2015-06-08,43.13,43.13,43,43,900,0
2015-06-09,43,43,42.94,42.94,812,0
2015-06-10,43.22,43.22,43.19,43.2,2322,0
2015-06-11,43.28,43.28,43.28,43.28,303,0
2015-06-12,43.13,43.15,43.11,43.11,1500,0
2015-06-15,43.08,43.22,43,43.11,2200,0
2015-06-16,43.11,43.11,43,43.09,1200,0
2015-06-17,43.33,43.33,43.08,43.16,2800,0
2015-06-18,43.06,43.24,42.99,43.2,1500,0
2015-06-19,43.25,43.25,43.15,43.15,900,0
2015-06-22,43.42,43.42,43.34,43.42,5500,0
2015-06-23,43.49,43.49,43.37,43.39,5277,0
2015-06-24,43.37,43.37,43.37,43.37,600,0
2015-06-25,43.29,43.34,43.2,43.2,5800,0
2015-06-26,43.42,43.42,43.31,43.35,1900,0
2015-06-29,43.01,43.02,43.01,43.02,1400,0
2015-06-30,43,43,43,43,512,0
2015-07-01,43.14,43.15,42.93,42.98,3700,0
2015-07-02,43.08,43.08,42.89,42.89,2900,0
2015-07-06,42.8,42.85,42.8,42.81,22000,0
2015-07-07,42.7,42.76,42.7,42.76,700,0
2015-07-08,42.5,42.5,42.5,42.5,14300,0
2015-07-09,42.77,42.78,42.64,42.77,5600,0
2015-07-10,43.02,43.08,42.89,43.06,4600,0
2015-07-13,43.17,43.2,43.09,43.09,1100,0
2015-07-14,43.24,43.44,43.18,43.2,3436,0
2015-07-15,43.19,43.33,43.19,43.32,3270,0
2015-07-16,43.42,43.42,43.34,43.41,1600,0
2015-07-17,43.4,43.42,43.28,43.42,2600,0
2015-07-20,43.46,43.56,43.36,43.36,2900,0
2015-07-21,43.34,43.36,43.26,43.32,5300,0
2015-07-22,43.15,43.29,43.15,43.24,6300,0
2015-07-23,43.25,43.28,43.03,43.05,21700,0
2015-07-24,42.94,42.94,42.89,42.9,1200,0
2015-07-27,42.76,42.76,42.76,42.76,300,0
2015-07-28,42.96,43.05,42.92,43.05,1000,0
2015-07-29,43.23,43.23,43.04,43.06,1700,0
2015-07-30,42.94,43.16,42.94,43.16,13800,0
2015-07-31,43.22,43.22,43.05,43.17,5400,0
2015-08-03,43.35,43.35,43.01,43.02,3768,0
2015-08-04,43.01,43.01,43,43.01,600,0
2015-08-05,43.26,43.28,43.16,43.16,1400,0
2015-08-06,43.08,43.08,42.94,42.94,2143,0
2015-08-07,43.26,43.26,42.94,43.05,7800,0
2015-08-10,43.21,43.21,43.09,43.09,2000,0
2015-08-11,43.06,43.06,42.85,43.03,1533,0
2015-08-12,42.76,42.93,42.7,42.93,31300,0
2015-08-13,42.85,42.93,42.85,42.93,1200,0
2015-08-14,42.9,42.99,42.82,42.99,1400,0
2015-08-17,42.94,42.99,42.9,42.9,900,0
2015-08-18,42.99,42.99,42.87,42.96,10200,0
2015-08-19,42.73,42.82,42.73,42.81,1200,0
2015-08-20,42.63,42.63,42.39,42.39,1600,0
2015-08-21,42.01,42.18,41.94,41.94,1400,0
2015-08-24,38.87,41.8,37.17,41.73,11686,0
2015-08-25,41.73,41.78,41.7,41.7,2600,0
2015-08-26,41.6,41.67,41.44,41.58,5600,0
2015-08-27,42.2,42.2,41.87,42.09,6300,0
2015-08-28,42.11,42.21,42.03,42.19,6500,0
2015-08-31,42.02,42.12,42,42.01,1100,0
2015-09-01,41.77,41.78,41.53,41.53,4500,0
2015-09-02,41.66,41.77,41.65,41.77,3100,0
2015-09-03,41.76,41.98,41.76,41.82,3200,0
2015-09-04,41.49,41.5,41.49,41.5,1600,0
2015-09-08,41.79,41.87,41.79,41.87,7100,0
2015-09-09,41.99,42.03,41.75,41.75,1400,0
2015-09-10,41.81,41.95,41.81,41.88,29910,0
2015-09-11,41.91,41.92,41.82,41.82,11900,0
2015-09-14,41.86,41.89,41.77,41.8,2900,0
2015-09-15,41.87,41.91,41.85,41.9,16400,0
2015-09-16,42.17,42.23,42.09,42.21,15900,0
2015-09-17,42.11,42.21,42.02,42.04,2664,0
2015-09-18,41.94,41.98,41.79,41.79,6700,0
2015-09-21,42.04,42.04,41.83,41.87,3500,0
2015-09-22,41.6,41.6,41.56,41.59,15600,0
2015-09-23,41.56,41.66,41.56,41.57,1600,0
2015-09-24,41.43,41.51,41.33,41.51,12024,0
2015-09-25,41.62,41.62,41.47,41.47,1100,0
2015-09-28,41.34,41.34,41.15,41.18,3094,0
2015-09-29,41.2,41.23,41.12,41.16,19800,0
2015-09-30,41.43,41.45,41.43,41.45,1000,0
2015-10-01,41.52,41.52,41.42,41.45,1200,0
2015-10-02,41.36,41.62,41.36,41.62,3800,0
2015-10-05,41.69,41.99,41.69,41.99,1744,0
2015-10-06,41.87,42.04,41.87,41.94,5900,0
2015-10-07,42.13,42.13,42.01,42.02,18900,0
2015-10-08,42.18,42.31,42.18,42.31,500,0
2015-10-09,42.35,42.35,42.22,42.23,1500,0
2015-10-12,42.26,42.28,42.21,42.22,1675,0
2015-10-13,42.21,42.25,42.14,42.14,1900,0
2015-10-14,42.08,42.08,42.02,42.02,94001,0
2015-10-15,42.14,42.3,42.14,42.3,200,0
2015-10-16,42.27,42.35,42.27,42.35,300,0
2015-10-19,42.35,42.35,42.29,42.29,800,0
2015-10-20,42.25,42.286,42.236,42.25,1218,0
2015-10-21,42.25,42.25,42.25,42.25,300,0
2015-10-22,42.25,42.25,42.25,42.25,100,0
2015-10-23,42.59,42.6,42.51,42.56,2200,0
2015-10-26,42.5,42.5,42.48,42.48,2000,0
2015-10-27,42.4,42.46,42.35,42.46,13600,0
2015-10-28,42.55,42.55,42.55,42.55,200,0
2015-10-29,42.52,42.52,42.47,42.47,1600,0
2015-10-30,42.47,42.53,42.46,42.53,1600,0
2015-11-02,42.53,42.53,42.53,42.53,338,0
2015-11-03,42.7,42.75,42.7,42.75,300,0
2015-11-04,42.49,42.64,42.49,42.59,1505,0
2015-11-05,42.59,42.65,42.59,42.65,900,0
2015-11-06,42.68,42.68,42.58,42.62,6200,0
2015-11-09,42.41,42.47,42.41,42.47,1046,0
2015-11-10,42.4,42.47,42.39,42.39,80101,0
2015-11-11,42.43,42.5,42.4,42.49,4000,0
2015-11-12,42.34,42.34,42.23,42.23,2700,0
2015-11-13,42.13,42.13,42.11,42.11,1600,0
2015-11-16,42.2,42.28,42.12,42.23,5000,0
2015-11-17,42.07,42.32,42.07,42.32,1400,0
2015-11-18,42.33,42.41,42.32,42.41,8600,0
2015-11-19,42.43,42.49,42.4,42.43,9200,0
2015-11-20,42.57,42.61,42.54,42.54,2300,0
2015-11-23,42.54,42.54,42.54,42.54,100,0
2015-11-24,42.29,42.31,42.29,42.31,400,0
2015-11-25,42.55,42.55,42.55,42.55,300,0
2015-11-27,42.55,42.55,42.55,42.55,400,0
2015-11-30,42.5,42.5,42.5,42.5,200,0
2015-12-01,42.52,42.61,42.51,42.53,3048,0
2015-12-02,42.62,42.64,42.42,42.46,4353,0
2015-12-03,42.3,42.34,42.26,42.34,1308,0
2015-12-04,42.42,42.42,42.24,42.34,15100,0
2015-12-07,42.27,42.27,42.24,42.24,16100,0
2015-12-08,42.08,42.13,42.06,42.12,1835,0
2015-12-09,42.16,42.26,41.97,42,24600,0
2015-12-10,42.26,42.26,42.05,42.05,800,0
2015-12-11,41.91,41.99,41.78,41.78,58200,0
2015-12-14,41.93,41.96,41.67,41.75,5842,0
2015-12-15,41.94,41.99,41.83,41.92,10400,0
2015-12-16,41.97,42.02,41.89,41.98,66801,0
2015-12-17,41.97,42.09,41.91,41.98,72801,0
2015-12-18,41.83,41.96,41.77,41.9,16000,0
2015-12-21,41.78,41.88,41.77,41.79,11500,0
2015-12-22,42.05,42.06,41.78,42.04,8637,0
2015-12-23,42.03,42.21,42.03,42.16,61500,0
2015-12-24,42.19,42.31,42.17,42.2,17044,0
2015-12-28,42.25,42.25,42.042,42.18,28310,0
2015-12-29,42.67,42.67,42.17,42.32,16972,0
2015-12-30,42.26,42.29,42.12,42.21,36855,0
2015-12-31,42.0991,42.13,42.01,42.0855,7932,0
2016-01-04,41.8,41.8,41.62,41.73,8803,0
2016-01-05,41.7,41.78,41.6901,41.7713,2730,0
2016-01-06,41.72,41.72,41.49,41.51,5050,0
2016-01-07,41.32,41.47,41.2301,41.31,2190,0
2016-01-08,41.35,41.39,41.04,41.04,28992,0
2016-01-11,41.13,41.15,40.976,41.07,13615,0
2016-01-12,41.28,41.28,41.05,41.1,5050,0
2016-01-13,41.09,41.18,40.83,40.9599,2048,0
2016-01-14,40.98,41.02,40.9446,41.02,2737,0
2016-01-15,40.734,40.7494,40.5442,40.6554,2436,0
2016-01-19,40.9,40.9,40.6,40.6,8400,0
2016-01-20,40.52,40.52,40.345,40.44,3946,0
2016-01-21,40.47,40.75,40.44,40.65,24672,0
2016-01-22,40.8,40.9263,40.78,40.8601,4340,0
2016-01-25,40.86,40.9099,40.7851,40.7851,1486,0
2016-01-26,40.7,40.99,40.7,40.8601,13183,0
2016-01-27,40.8301,40.9419,40.79,40.79,4586,0
2016-01-28,40.92,40.92,40.92,40.92,701,0
2016-01-29,40.99,41.08,40.99,41.075,2186,0
2016-02-01,41.05,41.19,40.96,41.072,6900,0
2016-02-02,40.782,40.85,40.77,40.7849,4933,0
2016-02-03,41.1,41.1,40.6375,40.82,17594,0
2016-02-04,40.8872,40.99,40.84,40.84,6919,0
2016-02-05,40.72,40.738,40.62,40.65,9651,0
2016-02-08,40.3901,40.44,40.29,40.41,4112,0
2016-02-09,40.31,40.31,40.21,40.26,11187,0
2016-02-10,40.4,40.458,40.35,40.351,3524,0
2016-02-11,40.06,40.18,40.06,40.18,1285,0
2016-02-12,40.24,40.29,40.24,40.2481,889,0
2016-02-16,40.5,40.6384,40.5,40.6384,3461,0
2016-02-17,40.77,40.8636,40.76,40.8636,870,0
2016-02-18,40.8026,40.8026,40.776,40.776,527,0
2016-02-19,40.7675,40.9,40.75,40.8,62175,0
2016-02-22,40.96,41.006,40.93,40.97,9755,0
2016-02-23,40.85,40.85,40.8151,40.8151,579,0
2016-02-24,40.72,40.74,40.72,40.74,200,0
2016-02-26,41.05,41.05,41.05,41.05,613,0
2016-02-29,40.98,40.98,40.9316,40.9316,2045,0
2016-03-02,41.3899,41.44,41.3001,41.3001,63627,0
2016-03-03,41.3901,41.3901,41.39,41.3901,2107,0
2016-03-04,41.79,41.79,41.5628,41.59,8683,0
2016-03-07,41.66,41.75,41.6,41.68,8659,0
2016-03-08,41.59,41.64,41.53,41.53,1627,0
2016-03-09,41.555,41.555,41.43,41.4394,4345,0
2016-03-10,41.5495,41.5495,41.386,41.386,2142,0
2016-03-11,41.6631,41.7233,41.6,41.7233,2829,0
2016-03-14,41.6887,41.79,41.6717,41.77,20873,0
2016-03-15,41.65,41.65,41.65,41.65,414,0
2016-03-16,41.595,41.595,41.56,41.56,518,0
2016-03-17,41.62,41.72,41.62,41.7,9447,0
2016-03-18,41.76,41.76,41.76,41.76,706,0
2016-03-21,41.87,41.87,41.73,41.8476,38542,0
2016-03-22,42.1,42.1,41.7718,41.7718,7534,0
2016-03-23,41.689,41.689,41.6566,41.6566,1071,0
2016-03-24,41.47,41.5198,41.458,41.5198,613,0
2016-03-28,41.574,41.67,41.57,41.6265,6152,0
2016-03-29,41.5,41.82,41.5,41.8199,6567,0
2016-03-30,41.86,41.91,41.86,41.86,8499,0
2016-03-31,41.8,41.8343,41.75,41.75,5356,0
2016-04-01,41.638,41.6575,41.638,41.6401,702,0
2016-04-04,41.72,41.72,41.66,41.66,1025,0
2016-04-05,41.41,41.4119,41.4,41.4119,2140,0
2016-04-06,41.5464,41.5464,41.5464,41.5464,154,0
2016-04-07,41.4843,41.493,41.3701,41.3701,7839,0
2016-04-08,41.6484,41.6484,41.53,41.5515,724,0
2016-04-11,41.52,41.6425,41.52,41.6425,681,0
2016-04-12,41.64,41.77,41.62,41.77,2487,0
2016-04-13,41.94,42.0638,41.92,42.01,68460,0
2016-04-14,42.02,42.0884,42.02,42.0633,4866,0
2016-04-15,41.98,42.0516,41.97,41.99,7036,0
2016-04-18,42.31,42.31,42.0489,42.1025,1915,0
2016-04-19,42.14,42.345,42.14,42.22,10591,0
2016-04-20,42.28,42.38,42.28,42.29,1580,0
2016-04-21,42.23,42.23,42.12,42.1625,4747,0
2016-04-22,42.02,42.26,42.02,42.14,2076,0
2016-04-25,42.05,42.0776,42.05,42.0601,1134,0
2016-04-27,42.15,42.24,42.15,42.24,332,0
2016-04-28,42.14,42.14,42.1,42.11,5253,0
2016-04-29,42.06,42.06,41.9872,41.9872,2563,0
2016-05-03,41.78,41.78,41.7615,41.7615,370,0
2016-05-04,41.77,41.77,41.7038,41.7038,755,0
2016-05-05,41.67,41.67,41.59,41.64,677,0
2016-05-06,41.71,41.71,41.5764,41.64,15859,0
2016-05-09,41.6511,41.6511,41.6511,41.6511,690,0
2016-05-10,41.82,41.82,41.7793,41.79,474,0
2016-05-11,41.7,41.7222,41.671,41.7144,1714,0
2016-05-13,41.561,41.561,41.48,41.48,1422,0
2016-05-17,41.6609,41.6609,41.6609,41.6609,127,0
2016-05-18,41.74,41.74,41.68,41.68,5051,0
2016-05-19,41.59,41.59,41.43,41.48,5467,0
2016-05-20,41.581,41.581,41.581,41.581,161,0
2016-05-23,41.61,41.627,41.595,41.595,590,0
2016-05-24,41.8,41.8366,41.8,41.8366,1066,0
2016-05-25,41.91,41.945,41.91,41.91,2527,0
2016-05-27,41.98,42.0396,41.98,41.98,2052,0
2016-05-31,42.3,42.3,42.05,42.0612,2645,0
2016-06-01,41.83,41.9814,41.83,41.9814,1286,0
2016-06-02,41.8,42.03,41.8,42.03,1833,0
2016-06-03,42.04,42.04,42.04,42.04,100,0
2016-06-06,42.2399,42.2399,42.14,42.21,1757,0
2016-06-07,42.35,42.36,42.24,42.24,1435,0
2016-06-09,42.07,42.1855,42.07,42.1855,1361,0
2016-06-10,42.35,42.35,41.85,41.85,4311,0
2016-06-13,41.79,41.79,41.67,41.677,3614,0
2016-06-15,41.8034,41.8034,41.8034,41.8034,2326,0
2016-06-16,41.629,41.6502,41.58,41.6502,1838,0
2016-06-17,41.7424,41.7835,41.66,41.692,17230,0
2016-06-20,41.84,42.043,41.84,41.9601,1985,0
2016-06-21,42.01,42.0827,41.99,42.042,18547,0
2016-06-22,42.13,42.13,41.88,41.88,3940,0
2016-06-23,41.9,42.2099,41.9,42.1575,2182,0
2016-06-24,41.5433,41.5433,41.2932,41.2932,1589,0
2016-06-27,41.35,41.35,41.103,41.103,530,0
2016-06-28,41.36,41.4194,41.36,41.4194,778,0
2016-06-29,41.6457,41.71,41.63,41.63,1351,0
2016-06-30,41.64,41.8,41.64,41.8,687,0
2016-07-01,41.67,41.892,41.67,41.892,1198,0
2016-07-05,41.678,41.678,41.67,41.67,252,0
2016-07-06,41.67,41.69,41.48,41.626,3038,0
2016-07-07,41.6212,41.662,41.6212,41.66,1935,0
2016-07-08,41.88,41.96,41.8725,41.95,871,0
2016-07-11,42.0001,42.0001,42.0001,42.0001,150,0
2016-07-12,42.05,42.26,42.05,42.26,1531,0
2016-07-14,42.2017,42.3,42.2017,42.3,662,0
2016-07-15,42.21,42.21,42.21,42.21,287,0
2016-07-18,42.2694,42.2694,42.2694,42.2694,231,0
2016-07-20,42.324,42.49,42.31,42.49,1189,0
2016-07-21,42.32,42.3415,42.225,42.225,1400,0
2016-07-22,42.3007,42.3259,42.3007,42.3259,421,0
2016-07-25,42.28,42.3343,42.24,42.24,1639,0
2016-07-26,42.3,42.3898,42.3,42.335,1144,0
2016-07-27,42.4,42.41,42.37,42.37,1863,0
2016-07-28,42.4103,42.4103,42.352,42.352,1587,0
2016-07-29,42.43,42.43,42.43,42.43,346,0
2016-08-02,42.27,42.27,42.2,42.26,3004,0
2016-08-03,42.27,42.3076,42.2201,42.27,783,0
2016-08-04,42.3981,42.3981,42.32,42.32,586,0
2016-08-05,42.49,42.49,42.4,42.48,33772,0
2016-08-08,42.6099,42.6099,42.5,42.51,4069,0
2016-08-09,42.57,42.5845,42.56,42.58,1882,0
2016-08-10,42.54,42.56,42.54,42.56,4372,0
2016-08-11,42.61,42.7242,42.58,42.58,16283,0
2016-08-12,42.651,42.651,42.651,42.651,345,0
2016-08-15,42.71,42.71,42.6328,42.6328,839,0
2016-08-16,42.673,42.6992,42.59,42.59,17270,0
2016-08-17,42.59,42.59,42.59,42.59,100,0
2016-08-18,42.7299,42.7299,42.63,42.71,8583,0
2016-08-19,42.57,42.64,42.55,42.6,16354,0
2016-08-23,42.41,42.707,42.41,42.707,7627,0
2016-08-24,42.7688,42.7688,42.7688,42.7688,241,0
2016-08-25,42.57,42.6115,42.57,42.6112,1884,0
2016-08-26,42.521,42.5538,42.51,42.5538,656,0
2016-08-29,42.65,42.65,42.59,42.6,1368,0
2016-08-30,42.49,42.5784,42.461,42.461,902,0
2016-08-31,42.68,42.69,42.49,42.497,1064,0
2016-09-01,42.52,42.58,42.52,42.58,1299,0
2016-09-02,42.68,42.729,42.67,42.729,3277,0
2016-09-06,42.79,42.8389,42.79,42.83,6065,0
2016-09-07,42.62,42.8767,42.62,42.87,6477,0
2016-09-08,42.83,42.86,42.83,42.83,3697,0
2016-09-09,42.81,42.83,42.5472,42.5472,3229,0
2016-09-12,42.51,42.51,42.42,42.5,2325,0
2016-09-13,42.407,42.407,42.31,42.31,474,0
2016-09-14,42.3666,42.3666,42.3666,42.3666,362,0
2016-09-15,42.4281,42.5,42.4281,42.46,1023,0
2016-09-19,42.26,42.48,42.26,42.48,558,0
2016-09-20,42.51,42.579,42.47,42.47,2320,0
2016-09-21,42.6113,42.805,42.6113,42.805,1040,0
2016-09-26,42.55,42.6312,42.55,42.57,755,0
2016-09-28,42.6482,42.74,42.6482,42.74,818,0
2016-09-30,42.82,42.82,42.71,42.71,801,0
2016-10-03,42.52,42.73,42.52,42.67,3539,0
2016-10-04,42.6157,42.6157,42.59,42.61,1147,0
2016-10-05,42.8,42.8299,42.7,42.76,75770,0
2016-10-06,42.86,42.86,42.74,42.74,549,0
2016-10-07,42.64,42.6874,42.63,42.6376,2716,0
2016-10-10,42.776,42.776,42.66,42.75,1508,0
2016-10-11,42.5077,42.54,42.5077,42.54,627,0
2016-10-12,42.59,42.6,42.47,42.5718,2537,0
2016-10-13,42.32,42.47,42.32,42.42,692,0
2016-10-14,42.68,42.68,42.4308,42.48,3209,0
2016-10-17,42.77,42.77,42.4258,42.4376,2530,0
2016-10-18,42.645,42.645,42.5652,42.574,3104,0
2016-10-19,42.51,42.6519,42.51,42.6519,1435,0
2016-10-20,42.68,42.72,42.618,42.618,7983,0
2016-10-21,42.5822,42.63,42.5774,42.63,1426,0
2016-10-24,42.52,42.68,42.52,42.64,4007,0
2016-10-25,42.64,42.66,42.6073,42.6073,8869,0
2016-10-26,42.606,42.606,42.518,42.518,1494,0
2016-10-27,42.4898,42.56,42.4898,42.56,2772,0
2016-10-28,42.466,42.466,42.3955,42.3955,955,0
2016-10-31,42.4586,42.47,42.4225,42.4366,2526,0
2016-11-01,42.42,42.42,42.28,42.3094,29519,0
2016-11-02,42.24,42.24,42.22,42.2373,73837,0
2016-11-03,42.2001,42.2162,42.13,42.13,3788,0
2016-11-04,42.1178,42.1471,42.08,42.08,1722,0
2016-11-07,42.5,42.5,42.36,42.42,10204,0
2016-11-08,42.2968,42.2968,42.2968,42.2968,171,0
2016-11-09,42.52,42.52,42.391,42.391,2140,0
2016-11-10,42.47,42.505,42.41,42.505,2604,0
2016-11-11,42.43,42.471,42.405,42.405,2270,0
2016-11-14,42.42,42.4837,42.42,42.4837,640,0
2016-11-15,42.54,42.6039,42.54,42.56,446,0
2016-11-16,42.73,42.73,42.4809,42.56,3311,0
2016-11-17,42.6062,42.6219,42.6062,42.6219,344,0
2016-11-18,42.67,42.67,42.5,42.5729,4663,0
2016-11-21,42.6333,42.6333,42.6333,42.6333,500,0
2016-11-22,42.6449,42.7476,42.62,42.7476,8114,0
2016-11-23,42.58,42.69,42.58,42.69,3398,0
2016-11-25,42.62,42.77,42.62,42.7689,4741,0
2016-11-28,42.69,42.7204,42.63,42.63,5651,0
2016-11-29,42.7436,42.7436,42.67,42.69,1871,0
2016-11-30,42.64,42.66,42.64,42.66,810,0
2016-12-01,42.49,42.64,42.49,42.5987,1607,0
2016-12-02,42.6141,42.6193,42.5694,42.6076,3125,0
2016-12-05,42.64,42.72,42.64,42.72,2493,0
2016-12-06,42.7804,42.83,42.7804,42.83,906,0
2016-12-07,42.88,43,42.86,43,7162,0
2016-12-08,43.0458,43.1433,43.0458,43.1301,408,0
2016-12-09,43.2002,43.2002,43.18,43.18,1020,0
2016-12-12,43.2577,43.2577,43.0552,43.0552,791,0
2016-12-13,43.0984,43.1705,43.0984,43.1495,2301,0
2016-12-14,43.09,43.15,43.0711,43.0711,3130,0
2016-12-15,43.08,43.08,42.98,43.02,2414,0
2016-12-16,43.0612,43.0612,43.0612,43.0612,707,0
2016-12-19,43.0954,43.16,43.0905,43.16,8821,0
2016-12-20,43.04,43.07,43.01,43.01,875,0
2016-12-21,43,43,43,43,571,0
2016-12-22,42.88,42.94,42.88,42.9198,1970,0
2016-12-23,42.988,42.988,42.911,42.9343,3165,0
2016-12-27,43.08,43.08,43.05,43.05,1278,0
2016-12-28,43.013,43.013,42.87,42.9185,1718,0
2016-12-29,42.9845,42.9934,42.964,42.964,946,0
2016-12-30,43.14,43.14,42.92,42.9293,45576,0
2017-01-03,43.11,43.1736,43.0378,43.0391,2880,0
2017-01-04,43.111,43.21,43.111,43.19,3304,0
2017-01-05,43.2152,43.2532,43.21,43.2532,4379,0
2017-01-06,43.2698,43.2698,43.1705,43.2144,7651,0
2017-01-09,43.24,43.24,43.12,43.17,11562,0
2017-01-10,43.17,43.21,43.1601,43.2028,1856,0
2017-01-11,43.29,43.29,43.2101,43.28,2099,0
2017-01-12,43.33,43.33,43.185,43.31,8104,0
2017-01-13,43.22,43.22,43.22,43.22,472,0
2017-01-17,43.31,43.31,43.16,43.16,34055,0
2017-01-18,43.29,43.29,43.18,43.215,3481,0
2017-01-19,43.07,43.31,43.07,43.1344,1528,0
2017-01-20,43.28,43.29,43.1101,43.1101,3388,0
2017-01-23,43.25,43.25,43.14,43.15,1429,0
2017-01-24,43.34,43.35,43.31,43.337,3067,0
2017-01-25,43.4809,43.5011,43.4352,43.4352,1380,0
2017-01-27,43.425,43.425,43.33,43.3998,1068,0
2017-01-30,43.31,43.31,43.1852,43.24,26544,0
2017-01-31,43.22,43.336,43.21,43.31,2881,0
2017-02-01,43.35,43.48,43.3499,43.48,1494,0
2017-02-02,43.315,43.387,43.315,43.387,1079,0
2017-02-03,43.41,43.45,43.41,43.45,1035,0
2017-02-06,43.45,43.45,43.4,43.4,939,0
2017-02-07,43.3193,43.35,43.3193,43.35,1039,0
2017-02-08,43.25,43.4,43.25,43.33,2537,0
2017-02-09,43.4484,43.4485,43.42,43.43,1620,0
2017-02-10,43.58,43.6,43.49,43.54,2676,0
2017-02-13,43.79,43.79,43.56,43.56,2264,0
2017-02-14,43.625,43.63,43.5348,43.57,2114,0
2017-02-15,43.43,43.67,43.43,43.66,1683,0
2017-02-16,43.61,43.6996,43.61,43.6378,42970,0
2017-02-17,43.6124,43.6124,43.54,43.571,9560,0
2017-02-21,43.53,43.81,43.53,43.64,1942,0
2017-02-22,43.4,43.6648,43.4,43.66,3218,0
2017-02-23,43.774,43.774,43.611,43.7182,1200,0
2017-02-24,43.5917,43.5917,43.515,43.515,1161,0
2017-02-27,43.6476,43.6476,43.54,43.5728,4415,0
2017-02-28,43.481,43.5366,43.481,43.5366,200,0
2017-03-01,43.7,43.79,43.655,43.71,12130,0
2017-03-02,43.59,43.7,43.5566,43.5566,10482,0
2017-03-03,43.58,43.74,43.41,43.41,9422,0
2017-03-06,43.47,43.5283,43.47,43.5,1426,0
2017-03-07,43.47,43.47,43.47,43.47,2226,0
2017-03-08,43.4442,43.4604,43.4442,43.4604,611,0
2017-03-09,43.4608,43.4608,43.3401,43.3401,2272,0
2017-03-10,43.41,43.41,43.34,43.4,5594,0
2017-03-13,43.5,43.5395,43.34,43.34,6237,0
2017-03-14,43.41,43.45,43.29,43.29,7013,0
2017-03-15,43.65,43.65,43.49,43.53,6243,0
2017-03-16,43.73,43.8099,43.73,43.7719,4340,0
2017-03-17,43.78,43.95,43.73,43.95,12612,0
2017-03-20,43.8997,43.8997,43.8384,43.8384,6730,0
2017-03-21,43.638,43.638,43.638,43.638,117,0
2017-03-23,43.718,43.718,43.6931,43.6931,823,0
2017-03-24,43.67,43.7456,43.66,43.73,1515,0
2017-03-27,43.74,43.74,43.58,43.74,6283,0
2017-03-28,43.67,43.7595,43.67,43.7595,7861,0
2017-03-29,43.7153,43.7831,43.7153,43.7831,990,0
2017-03-30,43.8832,43.91,43.83,43.83,1656,0
2017-03-31,43.9,43.9,43.8,43.84,1329,0
2017-04-03,43.93,43.94,43.74,43.74,1721,0
2017-04-04,43.7869,43.8282,43.7716,43.8282,1209,0
2017-04-05,43.9071,43.9071,43.8694,43.8694,696,0
2017-04-06,43.6,43.6,43.6,43.6,200,0
2017-04-07,43.76,43.86,43.74,43.82,31775,0
2017-04-10,43.82,43.82,43.659,43.7,825,0
2017-04-11,43.73,43.74,43.73,43.74,19157,0
2017-04-13,44.05,44.05,43.69,43.73,4353,0
2017-04-17,43.6799,43.69,43.511,43.5904,4606,0
2017-04-18,43.53,43.6847,43.53,43.6847,1567,0
2017-04-19,43.81,43.81,43.5296,43.62,1909,0
2017-04-21,44.03,44.03,43.76,43.76,2430,0
2017-04-24,43.92,43.94,43.7401,43.7925,2159,0
2017-04-25,44.04,44.05,43.984,44.05,5810,0
2017-04-26,43.84,43.875,43.84,43.875,1282,0
2017-04-27,44.08,44.08,43.97,44.07,1056,0
2017-04-28,43.97,44.04,43.942,44.04,2502,0
2017-05-01,43.84,43.87,43.81,43.87,17161,0
2017-05-02,43.9282,43.9282,43.9282,43.9282,226,0
2017-05-03,44.09,44.09,44.0242,44.0342,383,0
2017-05-05,43.8512,44.095,43.8512,44.07,6438,0
2017-05-08,44.0408,44.0408,44.0408,44.0408,147,0
2017-05-09,44.13,44.13,43.9759,44.1199,4893,0
2017-05-10,44.19,44.19,44.0918,44.0918,773,0
2017-05-11,44.13,44.15,44.13,44.15,2522,0
2017-05-12,44.17,44.17,44.1052,44.1052,892,0
2017-05-15,44.17,44.28,44.14,44.18,1875,0
2017-05-16,44.27,44.27,44.1161,44.17,32327,0
2017-05-17,43.93,44.32,43.93,44.0809,8128,0
2017-05-18,43.86,43.9607,43.86,43.9607,10688,0
2017-05-19,44.05,44.1,44.05,44.07,13725,0
2017-05-22,44.15,44.15,44.0686,44.0686,5095,0
2017-05-23,43.93,44.1399,43.93,44.1399,2018,0
2017-05-24,43.95,44.19,43.95,44.1185,7655,0
2017-05-25,44.16,44.23,44.1282,44.17,14830,0
2017-05-26,44.1585,44.1985,44.1585,44.1985,62776,0
2017-05-30,44.18,44.19,44,44.14,3117,0
2017-05-31,44.05,44.06,44.0106,44.0106,2693,0
2017-06-01,43.97,44.0881,43.97,44.0881,636,0
2017-06-02,44.2888,44.2888,44.2888,44.2888,199,0
2017-06-05,44.3,44.3,44.183,44.29,1079,0
2017-06-06,44.1662,44.1895,44.1,44.1895,1073,0
2017-06-07,44.16,44.25,44.15,44.18,58146,0
2017-06-08,44.23,44.31,44.1638,44.31,441,0
2017-06-09,44.3108,44.3582,44.21,44.21,12396,0
2017-06-12,44.18,44.2632,44.18,44.2632,1334,0
2017-06-13,44.32,44.32,44.25,44.32,19459,0
2017-06-14,44.34,44.34,44.25,44.25,814,0
2017-06-15,44.57,44.57,44.05,44.11,6563,0
2017-06-16,44.1699,44.1699,44.1492,44.1492,1492,0
2017-06-19,44.31,44.31,44.2674,44.2804,787,0
2017-06-20,44.35,44.35,44.25,44.2612,2141,0
2017-06-21,44.1,44.2,44.1,44.2,1241,0
2017-06-22,44.1558,44.1826,44.11,44.11,1493,0
2017-06-23,44.2216,44.2216,44.1401,44.1401,858,0
2017-06-26,44.4445,44.4445,44.4445,44.4445,257,0
2017-06-27,44.33,44.35,44.218,44.29,1822,0
2017-06-28,44.27,44.29,44.23,44.29,37434,0
2017-06-29,44.35,44.35,44.091,44.091,1470,0
2017-06-30,44.26,44.26,44.15,44.2,23783,0
2017-07-03,44.04,44.25,44.04,44.25,2284,0
2017-07-05,44.21,44.25,44.21,44.25,11213,0
2017-07-06,44.24,44.24,44.118,44.12,1687,0
2017-07-07,44.0908,44.15,44.08,44.0801,2180,0
2017-07-10,43.95,44.1699,43.95,44.14,3962,0
2017-07-11,44.18,44.18,44.1405,44.1405,2436,0
2017-07-12,44.29,44.45,44.29,44.37,6488,0
2017-07-13,44.3229,44.37,44.3229,44.3626,340,0
2017-07-14,44.45,44.49,44.45,44.49,300,0
2017-07-17,44.51,44.51,44.51,44.51,297,0
2017-07-18,44.3701,44.3924,44.3701,44.3924,338,0
2017-07-19,44.5389,44.5389,44.5389,44.5389,200,0
2017-07-20,44.57,44.57,44.5,44.56,653,0
2017-07-21,44.4233,44.4233,44.4233,44.4233,211,0
2017-07-24,44.32,44.45,44.32,44.4443,2561,0
2017-07-25,44.4788,44.4788,44.4409,44.45,3685,0
2017-07-27,44.4967,44.55,44.4802,44.4802,1449,0
2017-07-28,44.36,44.46,44.36,44.385,525,0
2017-07-31,44.49,44.49,44.36,44.36,7269,0
2017-08-01,44.45,44.46,44.41,44.45,1314,0
2017-08-02,44.3619,44.3619,44.31,44.31,702,0
2017-08-03,44.3281,44.3281,44.308,44.308,684,0
2017-08-07,44.3301,44.45,44.3301,44.45,4032,0
2017-08-08,44.4474,44.47,44.395,44.395,1471,0
2017-08-09,44.34,44.4,44.23,44.3452,34056,0
2017-08-10,44.3042,44.3042,44.3042,44.3042,1267,0
2017-08-11,44.11,44.11,44.03,44.03,1660,0
2017-08-14,44.19,44.19,44.1225,44.14,2108,0
2017-08-15,44.26,44.26,44.1421,44.1421,1565,0
2017-08-16,44.26,44.27,44.26,44.26,34979,0
2017-08-17,44.21,44.223,44.15,44.15,2672,0
2017-08-18,44.0253,44.0825,44.0253,44.0825,582,0
2017-08-21,44.075,44.0973,44.05,44.0973,536,0
2017-08-22,44.1974,44.23,44.12,44.23,9631,0
2017-08-23,44.259,44.259,44.2107,44.2107,614,0
2017-08-24,44.2507,44.28,44.2136,44.2137,3730,0
2017-08-25,44.39,44.39,44.3062,44.3081,1168,0
2017-08-28,44.29,44.33,44.25,44.33,2166,0
2017-08-29,44.29,44.32,44.212,44.32,65362,0
2017-08-30,44.31,44.31,44.25,44.255,14056,0
2017-08-31,44.3,44.38,44.281,44.38,34546,0
2017-09-05,44.3646,44.43,44.25,44.43,2736,0
2017-09-06,44.38,44.39,44.3042,44.37,2320,0
2017-09-07,44.34,44.3525,44.3379,44.3525,95130,0
2017-09-08,44.3742,44.3742,44.3742,44.3742,1586,0
2017-09-11,44.41,44.52,44.41,44.5142,2571,0
2017-09-12,44.63,44.63,44.52,44.62,5574,0
2017-09-13,44.48,44.5022,44.48,44.48,592,0
2017-09-14,44.52,44.52,44.4301,44.5,9619,0
2017-09-18,44.47,44.659,44.45,44.62,1469,0
2017-09-19,44.57,44.58,44.56,44.58,837,0
2017-09-20,44.65,44.6849,44.65,44.6849,798,0
2017-09-21,44.75,44.75,44.67,44.72,473,0
2017-09-22,44.7,44.75,44.64,44.74,16373,0
2017-09-25,44.55,44.675,44.55,44.675,66455,0
2017-09-26,44.58,44.69,44.53,44.55,21149,0
2017-09-27,44.51,44.7,44.5,44.695,6466,0
2017-09-28,44.64,44.64,44.64,44.64,653,0
2017-09-29,44.66,44.7963,44.66,44.7963,1030,0
2017-10-02,44.77,44.83,44.77,44.81,5495,0
2017-10-03,44.87,44.87,44.81,44.81,1209,0
2017-10-04,45.01,45.01,45.01,45.01,234,0
2017-10-05,44.94,44.9872,44.94,44.9872,484,0
2017-10-06,44.94,45.0058,44.93,44.96,4002,0
2017-10-09,44.931,44.9502,44.91,44.9502,927,0
2017-10-10,44.97,45.05,44.97,45.05,3916,0
2017-10-11,45.0299,45.03,45.02,45.02,1479,0
2017-10-12,45.0803,45.114,45.01,45.01,17650,0
2017-10-13,45.04,45.0805,45.04,45.0734,1392,0
2017-10-16,45.1182,45.14,45.09,45.091,5219,0
2017-10-17,45.14,45.17,45.05,45.05,32860,0
2017-10-18,45.081,45.1033,45.07,45.1032,2077,0
2017-10-19,45.1,45.1,45.0443,45.0443,1224,0
2017-10-20,45.0799,45.08,45.0435,45.0435,1877,0
2017-10-23,45.11,45.11,44.98,45.05,3913,0
2017-10-24,44.98,45.05,44.975,45.03,3118,0
2017-10-25,44.94,44.9633,44.9123,44.945,4628,0
2017-10-26,44.941,45.009,44.941,44.999,757,0
2017-10-27,45.03,45.11,44.9442,45.11,1148,0
2017-10-30,45.0585,45.0585,44.98,44.98,1745,0
2017-10-31,45,45.13,45,45.0788,2412,0
2017-11-01,45.2,45.3,45.0462,45.1891,50625,0
2017-11-02,45.18,45.2033,45.105,45.2033,407,0
2017-11-03,45.22,45.25,45.1,45.225,9039,0
2017-11-06,45.25,45.255,45.15,45.2,9137,0
2017-11-07,45.23,45.23,45.05,45.05,4385,0
2017-11-08,45.0401,45.21,45.04,45.091,7983,0
2017-11-09,45.28,45.97,44.99,44.99,31473,0
2017-11-10,45.0678,45.079,44.96,44.96,1228,0
