Date,Open,High,Low,Close,Volume,OpenInt
2014-02-07,22.43,22.43,22.43,22.43,531,0
2014-02-11,22.534,22.534,22.534,22.534,837,0
2014-02-12,22.722,22.722,22.722,22.722,761,0
2014-02-13,22.222,22.45,22.109,22.45,3221,0
2014-02-14,22.091,22.271,22.091,22.271,549,0
2014-02-18,22.75,22.75,22.741,22.741,2742,0
2014-02-19,22.627,22.694,22.627,22.694,937,0
2014-02-20,22.327,22.411,22.327,22.411,16805,0
2014-02-24,22.854,22.93,22.854,22.91,1046,0
2014-02-26,22.779,22.779,22.75,22.75,362,0
2014-02-27,22.636,22.636,22.636,22.636,423,0
2014-02-28,22.732,22.732,22.732,22.732,806,0
2014-03-03,22.139,22.139,22.139,22.139,637,0
2014-03-04,22.722,22.789,22.722,22.789,717,0
2014-03-05,22.627,22.627,22.627,22.627,268,0
2014-03-06,22.938,23.156,22.938,23.156,3931,0
2014-03-07,23.079,23.079,22.986,22.986,202868,0
2014-03-10,22.948,22.948,22.864,22.873,79061,0
2014-03-11,22.592,22.592,22.582,22.582,15443,0
2014-03-12,22.271,22.373,22.261,22.364,6539,0
2014-03-13,21.838,21.856,21.789,21.789,426,0
2014-03-14,21.405,21.556,21.405,21.433,280556,0
2014-03-17,21.705,21.705,21.686,21.686,467,0
2014-03-18,21.714,21.714,21.696,21.705,2486,0
2014-03-19,21.771,21.799,21.753,21.753,34195,0
2014-03-20,21.414,21.433,21.414,21.433,53947,0
2014-03-21,21.442,21.442,21.328,21.328,233,0
2014-03-25,21.565,21.565,21.556,21.556,2018,0
2014-03-28,22.307,22.403,22.271,22.271,4151,0
2014-03-31,22.44,22.44,22.44,22.44,133,0
2014-04-02,22.732,22.732,22.732,22.732,165,0
2014-04-03,22.656,22.656,22.61,22.61,990,0
2014-04-04,22.411,22.468,22.411,22.468,887,0
2014-04-07,22.289,22.289,22.289,22.289,908,0
2014-04-08,21.526,21.621,21.506,21.546,3995,0
2014-04-09,21.565,21.734,21.565,21.734,657,0
2014-04-15,21.328,21.405,21.131,21.405,92920,0
2014-04-17,21.846,21.969,21.846,21.969,2066,0
2014-04-21,21.95,22.017,21.95,21.959,603,0
2014-04-22,21.865,21.865,21.828,21.828,457,0
2014-04-25,21.658,21.658,21.621,21.621,1339,0
2014-04-29,21.903,21.903,21.903,21.903,318,0
2014-04-30,21.705,21.705,21.705,21.705,469,0
2014-05-01,21.988,22.017,21.988,22.017,5019,0
2014-05-05,21.856,21.856,21.856,21.856,531,0
2014-05-06,21.676,21.753,21.676,21.753,9258,0
2014-05-07,21.526,21.668,21.526,21.668,1511,0
2014-05-12,21.809,21.809,21.809,21.809,356,0
2014-05-14,22.008,22.008,22.008,22.008,531,0
2014-05-15,21.789,21.789,21.789,21.789,499,0
2014-05-20,21.489,21.489,21.46,21.46,2663,0
2014-05-22,21.988,22.054,21.988,22.054,637,0
2014-05-23,22.281,22.281,22.281,22.281,518,0
2014-05-28,22.383,22.393,22.364,22.364,1912,0
2014-05-29,22.486,22.486,22.486,22.486,492,0
2014-06-02,23.043,23.043,23.043,23.043,509,0
2014-06-03,23.024,23.024,23.024,23.024,674,0
2014-06-04,23.089,23.156,23.089,23.156,637,0
2014-06-05,23.211,23.211,23.211,23.211,318,0
2014-06-09,23.137,23.241,23.137,23.241,97060,0
2014-06-10,22.883,22.883,22.883,22.883,426,0
2014-06-11,23.004,23.024,22.977,22.977,23078,0
2014-06-12,23.249,23.249,22.958,22.958,1294,0
2014-06-13,23.192,23.201,23.156,23.201,5344,0
2014-06-16,23.137,23.146,23.127,23.146,4110,0
2014-06-17,23.185,23.192,23.185,23.185,2105,0
2014-06-18,23.334,23.448,23.287,23.448,104434,0
2014-06-19,23.721,23.75,23.721,23.75,2492,0
2014-06-20,23.899,23.899,23.899,23.899,128,0
2014-06-23,23.588,23.673,23.588,23.673,21955,0
2014-06-24,23.853,23.89,23.682,23.682,8658,0
2014-06-25,23.532,23.682,23.532,23.682,2123,0
2014-06-26,23.542,23.654,23.542,23.636,3751,0
2014-06-27,23.475,23.485,23.429,23.429,2420,0
2014-06-30,23.588,23.588,23.588,23.588,479,0
2014-07-01,23.946,23.974,23.908,23.965,4465,0
2014-07-02,23.842,24.033,23.842,24.023,3375,0
2014-07-03,24.05,24.08,24.05,24.05,20625,0
2014-07-07,23.88,23.88,23.813,23.813,1364,0
2014-07-08,23.7,23.7,23.652,23.662,8065,0
2014-07-09,23.784,23.813,23.784,23.813,592,0
2014-07-10,23.396,23.434,23.179,23.321,469221,0
2014-07-11,23.444,23.444,23.368,23.406,21469,0
2014-07-14,23.729,23.758,23.729,23.738,19283,0
2014-07-15,23.793,23.813,23.793,23.793,3482,0
2014-07-16,23.871,23.899,23.813,23.899,3714,0
2014-07-17,23.842,23.852,23.842,23.852,3010,0
2014-07-18,23.709,23.784,23.671,23.784,21647,0
2014-07-21,23.634,23.748,23.595,23.748,44888,0
2014-07-22,23.842,23.842,23.803,23.803,516,0
2014-07-23,23.793,23.842,23.784,23.813,5513,0
2014-07-24,23.768,23.793,23.768,23.793,2282,0
2014-07-25,23.871,23.937,23.871,23.899,68854,0
2014-07-28,24.04,24.126,24.04,24.06,25370,0
2014-07-29,24.126,24.146,23.993,23.993,32750,0
2014-07-30,24.193,24.269,24.164,24.249,15991,0
2014-07-31,23.993,24.003,23.899,23.928,31724,0
2014-08-01,23.833,23.889,23.7,23.813,56404,0
2014-08-04,23.729,23.823,23.662,23.823,11164,0
2014-08-05,23.519,23.549,23.368,23.444,23049,0
2014-08-06,23.189,23.302,23.15,23.226,22994,0
2014-08-07,23.386,23.416,23.036,23.073,164004,0
2014-08-08,22.941,23.064,22.931,23.064,1192,0
2014-08-11,23.406,23.434,23.406,23.434,5181,0
2014-08-12,23.416,23.416,23.34,23.406,31478,0
2014-08-13,23.624,23.69,23.624,23.662,361009,0
2014-08-14,23.69,23.69,23.634,23.634,1211,0
2014-08-15,23.614,23.833,23.577,23.614,8848,0
2014-08-18,23.813,23.813,23.784,23.813,676,0
2014-08-19,23.871,23.918,23.871,23.899,2331,0
2014-08-20,23.784,23.983,23.784,23.974,3899,0
2014-08-21,24.06,24.146,24.05,24.107,22983,0
2014-08-22,23.993,24.013,23.937,23.993,9307,0
2014-08-25,24.013,24.06,23.983,24.05,3627,0
2014-08-26,23.908,23.965,23.908,23.908,1378,0
2014-08-27,23.784,23.833,23.784,23.833,2795,0
2014-08-28,23.709,23.758,23.7,23.729,12013,0
2014-08-29,23.643,23.88,23.643,23.729,1958,0
2014-09-02,24.259,24.259,24.184,24.193,4509,0
2014-09-03,24.41,24.41,24.126,24.146,6713,0
2014-09-04,24.259,24.259,24.259,24.259,501,0
2014-09-05,23.889,24.013,23.889,24.003,3591,0
2014-09-08,24.174,24.259,24.174,24.259,16220,0
2014-09-09,24.155,24.155,24.033,24.033,2062,0
2014-09-10,24.449,24.488,24.449,24.488,335,0
2014-09-11,24.42,24.42,24.336,24.336,4115,0
2014-09-12,24.515,24.515,24.391,24.391,781,0
2014-09-15,24.439,24.439,24.336,24.439,2749,0
2014-09-16,24.42,24.515,24.42,24.488,1641,0
2014-09-17,24.279,24.488,24.279,24.488,3543,0
2014-09-18,24.751,24.751,24.714,24.714,170837,0
2014-09-19,24.846,24.885,24.81,24.81,311981,0
2014-09-22,24.923,24.923,24.819,24.836,4248,0
2014-09-23,24.791,24.826,24.714,24.781,43358,0
2014-09-24,24.876,24.989,24.81,24.951,188625,0
2014-09-25,25.139,25.139,24.791,24.81,253950,0
2014-09-26,25.066,25.169,25.046,25.131,2348,0
2014-09-29,24.914,24.979,24.846,24.941,264017,0
2014-09-30,24.751,24.905,24.742,24.905,368125,0
2014-10-01,24.667,24.667,24.289,24.354,28054,0
2014-10-02,23.793,23.852,23.434,23.768,455848,0
2014-10-03,24.336,24.469,24.249,24.363,97456,0
2014-10-06,24.06,24.289,24.06,24.06,7543,0
2014-10-07,23.946,23.946,23.69,23.748,51191,0
2014-10-08,23.719,23.993,23.559,23.993,54267,0
2014-10-09,23.444,23.453,23.169,23.169,20976,0
2014-10-10,23.14,23.14,22.856,22.856,2540,0
2014-10-13,22.885,22.903,22.705,22.705,4756,0
2014-10-14,22.761,22.781,22.496,22.592,14283,0
2014-10-15,22.155,22.315,21.907,22.315,11268,0
2014-10-16,21.946,22.372,21.946,22.354,62002,0
2014-10-17,22.382,22.457,22.249,22.457,20140,0
2014-10-20,22.801,22.98,22.791,22.923,19075,0
2014-10-21,22.781,22.903,22.781,22.903,2568,0
2014-10-22,23.169,23.206,23.017,23.017,11230,0
2014-10-23,23.358,23.577,23.349,23.358,19098,0
2014-10-24,23.349,23.425,23.349,23.425,49292,0
2014-10-27,23.321,23.378,23.321,23.378,1958,0
2014-10-28,23.559,23.662,23.491,23.662,32543,0
2014-10-29,23.871,23.974,23.738,23.918,4493,0
2014-10-30,24.003,26.334,24.003,24.211,6654,0
2014-10-31,26.098,26.098,25.844,26.07,44056,0
2014-11-03,26.45,26.752,26.393,26.62,221020,0
2014-11-04,25.747,25.927,25.614,25.871,561081,0
2014-11-05,26.05,26.156,25.937,26.023,2529953,0
2014-11-06,25.814,26.165,25.595,25.814,1097193,0
2014-11-07,25.605,25.672,25.453,25.614,3154489,0
2014-11-10,25.644,25.879,25.595,25.834,189315,0
2014-11-11,26.165,26.25,26.042,26.117,94784,0
2014-11-12,25.692,26.117,25.692,26.07,70887,0
2014-11-13,26.27,26.364,26.165,26.289,145260,0
2014-11-14,26.421,26.459,26.279,26.373,80893,0
2014-11-17,25.947,26.088,25.937,26.032,61061,0
2014-11-18,26.298,26.504,26.26,26.478,92043,0
2014-11-19,26.431,26.573,26.383,26.563,67683,0
2014-11-20,26.202,26.411,26.156,26.315,412162,0
2014-11-21,26.744,26.752,26.354,26.44,256386,0
2014-11-24,26.61,26.648,26.514,26.514,1032903,0
2014-11-25,26.62,26.638,26.411,26.573,594263,0
2014-11-26,26.373,26.514,26.373,26.468,40049,0
2014-11-28,26.554,26.62,26.514,26.582,22529,0
2014-12-01,26.686,26.714,26.563,26.657,91079,0
2014-12-02,27.055,27.102,26.96,27.046,234332,0
2014-12-03,27.084,27.17,27.027,27.15,361717,0
2014-12-04,27.084,27.17,26.951,27.084,30561,0
2014-12-05,27.359,27.501,27.359,27.463,343431,0
2014-12-08,27.01,27.102,26.828,26.828,41056,0
2014-12-09,26.582,26.781,26.26,26.744,1578924,0
2014-12-10,26.486,26.524,25.871,25.927,681159,0
2014-12-11,26.534,26.629,26.231,26.298,114668,0
2014-12-12,26.192,26.231,25.879,25.947,61376,0
2014-12-15,25.804,25.908,25.178,25.227,101228,0
2014-12-16,24.979,25.558,24.866,25.056,377877,0
2014-12-17,25.566,26.013,25.348,25.947,759136,0
2014-12-18,26.401,26.44,26.231,26.393,166363,0
2014-12-19,26.592,26.744,26.504,26.714,401553,0
2014-12-22,26.666,26.744,26.648,26.714,106196,0
2014-12-23,26.941,26.98,26.876,26.876,185612,0
2014-12-24,26.819,26.886,26.781,26.819,329237,0
2014-12-26,26.946,27.034,26.918,26.946,29630,0
2014-12-29,26.697,26.784,26.697,26.774,38550,0
2014-12-30,26.12,26.255,26.072,26.186,73461,0
2014-12-31,26.265,26.35,26.12,26.12,56468,0
2015-01-02,26.523,26.573,26.168,26.265,68037,0
2015-01-05,25.995,25.995,25.706,25.832,285482,0
2015-01-06,25.57,25.6,24.926,25.101,490254,0
2015-01-07,25.852,25.887,25.57,25.629,75890,0
2015-01-08,25.878,26.13,25.878,26.052,102785,0
2015-01-09,26.08,26.1,25.495,25.514,154258,0
2015-01-12,25.495,25.6,25.341,25.446,32966,0
2015-01-13,25.907,25.917,25.311,25.475,31281,0
2015-01-14,25.052,25.427,25.052,25.282,298335,0
2015-01-15,25.792,25.792,25.255,25.255,909487,0
2015-01-16,25.59,25.907,25.59,25.907,13996,0
2015-01-20,26.39,26.398,26.11,26.245,747338,0
2015-01-21,25.878,26.149,25.754,26.1,2631858,0
2015-01-22,26.033,26.448,25.792,26.438,164632,0
2015-01-23,26.265,26.37,26.11,26.168,86301,0
2015-01-26,26.513,26.667,26.418,26.649,604425,0
2015-01-27,26.448,26.61,26.398,26.476,37545,0
2015-01-28,26.754,26.774,26.33,26.36,223078,0
2015-01-29,26.533,26.87,26.476,26.832,44950,0
2015-01-30,26.398,26.476,26.12,26.12,451500,0
2015-02-02,26.448,26.543,26.255,26.485,609516,0
2015-02-03,26.303,26.408,26.225,26.398,1217098,0
2015-02-04,26.543,26.687,26.466,26.503,322774,0
2015-02-05,26.639,26.784,26.61,26.764,686774,0
2015-02-06,26.918,27.092,26.803,26.841,177410,0
2015-02-09,26.649,26.677,26.466,26.513,35303,0
2015-02-10,26.976,27.072,26.87,27.024,69898,0
2015-02-11,27.024,27.273,27.024,27.245,78067,0
2015-02-12,27.034,27.139,26.927,27.11,377256,0
2015-02-13,27.419,27.486,27.197,27.486,62541,0
2015-02-17,27.515,27.707,27.447,27.572,91513,0
2015-02-18,27.948,28.063,27.88,27.919,145147,0
2015-02-19,28.131,28.255,28.091,28.188,227837,0
2015-02-20,28.131,28.477,28.063,28.428,604906,0
2015-02-23,28.235,28.275,28.169,28.235,119288,0
2015-02-24,28.332,28.477,28.332,28.332,362251,0
2015-02-25,28.304,28.389,28.245,28.332,836911,0
2015-02-26,28.62,28.737,28.564,28.67,400468,0
2015-02-27,28.63,28.65,28.564,28.574,278251,0
2015-03-02,28.574,28.794,28.554,28.737,221298,0
2015-03-03,28.525,28.592,28.418,28.525,217556,0
2015-03-04,28.304,28.448,28.235,28.418,171509,0
2015-03-05,28.698,28.766,28.64,28.64,302375,0
2015-03-06,28.938,29.054,28.737,28.784,480848,0
2015-03-09,28.64,28.851,28.64,28.757,113610,0
2015-03-10,28.399,28.487,28.314,28.352,693518,0
2015-03-11,28.554,28.766,28.515,28.67,379917,0
2015-03-12,29.093,29.304,29.074,29.275,771580,0
2015-03-13,29.236,29.343,29.15,29.314,316615,0
2015-03-16,29.4,29.507,29.381,29.438,454341,0
2015-03-17,29.41,29.544,29.324,29.477,502780,0
2015-03-18,29.572,29.765,29.448,29.612,661711,0
2015-03-19,29.544,29.632,29.467,29.467,234914,0
2015-03-20,29.795,29.814,29.746,29.785,315992,0
2015-03-23,29.871,29.881,29.775,29.805,268593,0
2015-03-24,29.775,29.91,29.718,29.718,1716437,0
2015-03-25,29.805,29.834,29.582,29.592,331999,0
2015-03-26,29.227,29.419,29.159,29.266,253833,0
2015-03-27,29.285,29.41,29.256,29.372,529389,0
2015-03-30,29.612,29.765,29.572,29.727,762226,0
2015-03-31,29.14,29.189,29.093,29.103,376175,0
2015-04-01,28.976,29.179,28.881,29.179,442077,0
2015-04-02,29.41,29.517,29.304,29.419,895587,0
2015-04-06,29.448,29.746,29.4,29.709,317654,0
2015-04-07,30.015,30.122,29.987,29.996,357377,0
2015-04-08,30.045,30.132,30.015,30.015,236162,0
2015-04-09,29.996,30.188,29.929,30.188,187091,0
2015-04-10,29.987,30.132,29.959,30.103,829685,0
2015-04-13,29.949,29.978,29.843,29.862,191049,0
2015-04-14,29.91,29.949,29.736,29.929,300296,0
2015-04-15,29.996,30.045,29.929,29.959,598368,0
2015-04-16,30.006,30.065,29.978,30.035,2147011,0
2015-04-17,29.795,29.843,29.66,29.718,780936,0
2015-04-20,29.871,29.968,29.853,29.92,1415545,0
2015-04-21,30.545,30.594,30.497,30.497,228520,0
2015-04-22,30.756,30.834,30.671,30.804,173160,0
2015-04-23,30.661,30.728,30.621,30.671,293227,0
2015-04-24,30.681,30.728,30.585,30.621,2697986,0
2015-04-27,30.766,30.804,30.621,30.671,278778,0
2015-04-28,30.698,30.766,30.594,30.661,233772,0
2015-04-29,30.506,30.575,30.208,30.43,770956,0
2015-04-30,30.015,30.103,29.709,29.765,474922,0
2015-05-01,29.987,30.333,29.968,30.277,999114,0
2015-05-04,30.323,30.43,30.305,30.401,237306,0
2015-05-05,30.277,30.333,29.709,29.775,347799,0
2015-05-06,29.824,29.824,29.429,29.65,1020461,0
2015-05-07,29.572,29.775,29.527,29.775,228185,0
2015-05-08,30.257,30.506,30.151,30.44,1612596,0
2015-05-11,30.169,30.198,30.065,30.065,516916,0
2015-05-12,30.065,30.083,29.949,30.015,1389798,0
2015-05-13,30.218,30.277,30.025,30.055,296554,0
2015-05-14,29.949,30.169,29.949,30.16,164233,0
2015-05-15,30.458,30.478,30.313,30.401,359976,0
2015-05-18,30.69,30.814,30.69,30.804,184920,0
2015-05-19,30.909,31.074,30.909,30.988,467127,0
2015-05-20,30.988,31.191,30.988,31.151,366821,0
2015-05-21,31.093,31.181,31.037,31.181,388129,0
2015-05-22,31.141,31.276,31.131,31.227,224625,0
2015-05-26,31.421,31.45,31.122,31.247,271025,0
2015-05-27,31.497,31.624,31.44,31.564,1167505,0
2015-05-28,31.469,31.594,31.411,31.564,298570,0
2015-05-29,31.305,31.363,31.2,31.334,275348,0
2015-06-01,31.584,31.719,31.535,31.67,1407098,0
2015-06-02,31.411,31.45,31.315,31.353,1874313,0
2015-06-03,31.535,31.604,31.44,31.535,316511,0
2015-06-04,31.391,31.488,31.286,31.353,359441,0
2015-06-05,31.46,31.584,31.401,31.488,420769,0
2015-06-08,31.103,31.171,30.978,30.988,243334,0
2015-06-09,30.651,30.748,30.575,30.671,265980,0
2015-06-10,30.69,30.854,30.661,30.708,281649,0
2015-06-11,31.131,31.2,31.055,31.074,343104,0
2015-06-12,30.968,30.968,30.775,30.919,343537,0
2015-06-15,30.814,31.037,30.804,30.998,428148,0
2015-06-16,30.698,30.892,30.681,30.844,195833,0
2015-06-17,30.681,30.708,30.515,30.603,209656,0
2015-06-18,30.313,30.671,30.305,30.535,362559,0
2015-06-19,30.506,30.594,30.478,30.506,109245,0
2015-06-22,31.113,31.237,31.055,31.161,211527,0
2015-06-23,31.642,31.67,31.507,31.634,208694,0
2015-06-24,31.344,31.469,31.247,31.305,1299828,0
2015-06-25,31.344,31.421,31.237,31.237,847668,0
2015-06-26,31.478,31.535,31.44,31.44,184917,0
2015-06-29,30.814,30.814,30.313,30.323,264956,0
2015-06-30,30.641,30.661,30.372,30.478,424146,0
2015-07-01,30.863,30.968,30.785,30.892,114339,0
2015-07-02,30.804,30.873,30.738,30.863,230638,0
2015-07-06,30.466,30.698,30.399,30.514,361056,0
2015-07-07,30.505,30.66,30.175,30.602,238704,0
2015-07-08,29.345,29.422,28.736,28.842,1200557,0
2015-07-09,29.53,29.548,29.258,29.335,301691,0
2015-07-10,30.139,30.283,30.002,30.225,209022,0
2015-07-13,30.728,30.795,30.689,30.775,616620,0
2015-07-14,30.728,30.989,30.728,30.969,131172,0
2015-07-15,30.979,31.133,30.92,30.989,1451927,0
2015-07-16,31.299,31.299,31.173,31.229,599555,0
2015-07-17,31.327,31.327,31.249,31.299,167444,0
2015-07-20,31.356,31.463,31.327,31.356,409459,0
2015-07-21,31.269,31.279,31.018,31.173,435729,0
2015-07-22,30.91,31.105,30.91,31.028,624583,0
2015-07-23,31.173,31.173,30.902,30.949,399323,0
2015-07-24,30.92,30.979,30.64,30.68,576595,0
2015-07-27,30.302,30.409,30.175,30.389,1265508,0
2015-07-28,30.524,30.66,30.34,30.63,762242,0
2015-07-29,30.584,30.93,30.534,30.863,365504,0
2015-07-30,30.92,30.979,30.814,30.949,324445,0
2015-07-31,31.056,31.163,30.989,31.105,385258,0
2015-08-03,31.028,31.065,30.873,31.056,580348,0
2015-08-04,30.92,31.105,30.91,31.065,353713,0
2015-08-05,31.327,31.501,31.279,31.375,1397789,0
2015-08-06,31.366,31.366,31.153,31.259,345117,0
2015-08-07,31.375,31.385,31.163,31.249,279764,0
2015-08-10,31.638,31.801,31.638,31.762,241083,0
2015-08-11,31.269,31.404,31.249,31.356,452513,0
2015-08-12,30.738,30.949,30.448,30.93,1026597,0
2015-08-13,31.047,31.279,30.989,31.249,286383,0
2015-08-14,31.085,31.259,31.056,31.193,268697,0
2015-08-17,31.095,31.299,31.075,31.299,182752,0
2015-08-18,31.037,31.105,30.989,31.018,389809,0
2015-08-19,30.804,30.814,30.505,30.564,250702,0
2015-08-20,30.021,30.089,29.596,29.596,2621823,0
2015-08-21,29.131,29.286,28.252,28.272,1227344,0
2015-08-24,24.878,26.937,24.173,26.271,1842432,0
2015-08-25,26.792,28.087,26.511,26.571,1261474,0
2015-08-26,27.662,27.934,27.044,27.934,2158686,0
2015-08-27,28.329,28.891,28.233,28.756,2194471,0
2015-08-28,28.746,29.045,28.677,29.017,1313600,0
2015-08-31,28.532,28.669,28.369,28.475,273352,0
2015-09-01,26.86,27.218,26.735,26.821,691292,0
2015-09-02,27.565,27.565,27.083,27.489,722423,0
2015-09-03,27.537,27.847,27.518,27.585,925136,0
2015-09-04,26.59,26.725,26.347,26.492,862358,0
2015-09-08,27.121,27.325,27.044,27.295,659230,0
2015-09-09,28.03,28.04,27.362,27.392,3579021,0
2015-09-10,27.479,27.528,27.315,27.449,586730,0
2015-09-11,27.335,27.459,27.18,27.449,952442,0
2015-09-14,27.246,27.246,27.073,27.237,153378,0
2015-09-15,27.16,27.595,27.083,27.537,908796,0
2015-09-16,27.624,27.865,27.624,27.817,478340,0
2015-09-17,27.662,28.04,27.537,27.575,500060,0
2015-09-18,26.753,26.966,26.715,26.763,720459,0
2015-09-21,27.006,27.15,26.831,27.044,1003946,0
2015-09-22,26.445,26.608,26.309,26.541,224640,0
2015-09-23,26.628,26.676,26.396,26.571,282144,0
2015-09-24,26.155,26.347,25.796,26.328,797517,0
2015-09-25,27.335,27.392,26.937,27.14,464586,0
2015-09-28,26.783,26.792,26.231,26.3,682977,0
2015-09-29,25.971,26.106,25.816,25.971,1143983,0
2015-09-30,26.387,26.58,26.135,26.571,898349,0
2015-10-01,26.715,26.753,26.445,26.753,400669,0
2015-10-02,26.3,27.101,26.222,27.093,508127,0
2015-10-05,27.652,27.934,27.643,27.857,394778,0
2015-10-06,27.643,27.71,27.498,27.585,389085,0
2015-10-07,27.934,28.05,27.74,27.972,368503,0
2015-10-08,27.847,28.107,27.779,28.01,199817,0
2015-10-09,28.194,28.262,28.117,28.184,248841,0
2015-10-12,28.204,28.204,28.06,28.175,197344,0
2015-10-13,27.837,28.03,27.75,27.788,1251234,0
2015-10-14,27.547,27.634,27.18,27.237,1784392,0
2015-10-15,27.827,28.069,27.652,28.02,440901,0
2015-10-16,28.165,28.282,28.06,28.272,155654,0
2015-10-19,28.02,28.156,27.924,28.156,341820,0
2015-10-20,28.01,28.117,28.01,28.06,131243,0
2015-10-21,28.542,28.619,28.397,28.426,175616,0
2015-10-22,28.619,29.094,28.619,28.968,623652,0
2015-10-23,29.151,29.5,29.151,29.383,540189,0
2015-10-26,29.286,29.355,29.151,29.248,121731,0
2015-10-27,28.813,28.929,28.804,28.911,169721,0
2015-10-28,28.987,29.374,28.987,29.355,481444,0
2015-10-29,28.948,29.065,28.911,28.997,302725,0
2015-10-30,28.968,28.968,28.784,28.784,2199642,0
2015-11-02,28.687,29.055,28.687,29.035,114830,0
2015-11-03,29.025,29.191,28.997,29.075,472549,0
2015-11-04,29.035,29.121,28.958,29.045,287991,0
2015-11-05,29.326,29.441,29.21,29.326,309966,0
2015-11-06,29.5,29.626,29.403,29.616,693154,0
2015-11-09,29.693,29.76,29.335,29.49,739528,0
2015-11-10,29.751,29.81,29.693,29.77,450520,0
2015-11-11,29.935,29.993,29.839,29.857,490441,0
2015-11-12,29.596,29.703,29.432,29.432,550531,0
2015-11-13,29.51,29.566,29.326,29.355,294347,0
2015-11-16,29.539,29.78,29.48,29.78,162274,0
2015-11-17,29.839,30.011,29.78,29.857,1403788,0
2015-11-18,29.839,30.079,29.81,30.061,241290,0
2015-11-19,29.955,30.002,29.857,29.915,238291,0
2015-11-20,29.974,30.061,29.925,30.031,353506,0
2015-11-23,29.993,30.051,29.857,29.896,121111,0
2015-11-24,29.819,29.993,29.751,29.945,317410,0
2015-11-25,29.866,29.896,29.81,29.839,109113,0
2015-11-27,29.751,29.751,29.626,29.713,86774,0
2015-11-30,29.557,29.566,29.441,29.51,699462,0
2015-12-01,29.819,29.915,29.77,29.915,889369,0
2015-12-02,29.432,29.606,29.113,29.161,215148,0
2015-12-03,29.191,29.191,28.572,28.726,929668,0
2015-12-04,28.706,29.104,28.677,29.065,1155773,0
2015-12-07,29.094,29.104,28.881,28.997,312032,0
2015-12-08,28.407,28.591,28.339,28.552,598849,0
2015-12-09,28.301,28.446,27.847,27.934,1595847,0
2015-12-10,28.224,28.311,28.147,28.184,1590469,0
2015-12-11,27.71,27.759,27.431,27.585,523848,0
2015-12-14,27.779,27.857,27.392,27.827,574067,0
2015-12-15,27.827,28.01,27.807,27.865,532121,0
2015-12-16,28.407,28.756,28.242,28.669,327547,0
2015-12-17,28.92,28.92,28.552,28.552,2541566,0
2015-12-18,28.001,28.001,27.817,27.875,1632564,0
2015-12-21,28.078,28.107,27.682,27.904,491164,0
2015-12-22,27.924,28.137,27.797,28.087,1945369,0
2015-12-23,28.301,28.407,28.242,28.379,455587,0
2015-12-24,28.001,28.001,27.837,27.914,370405,0
2015-12-28,27.966,27.989,27.878,27.946,274232,0
2015-12-29,28.384,28.482,28.325,28.355,306934,0
2015-12-30,28.219,28.355,28.199,28.247,432814,0
2015-12-31,28.082,28.199,27.887,27.897,331685,0
2016-01-04,27.245,27.314,27.041,27.265,1272106,0
2016-01-05,27.431,27.576,27.334,27.498,752389,0
2016-01-06,26.876,27.003,26.73,26.886,292229,0
2016-01-07,26.38,26.612,26.204,26.243,505943,0
2016-01-08,26.33,26.38,25.64,25.65,1346800,0
2016-01-11,26.058,26.136,25.523,25.922,741214,0
2016-01-12,25.855,25.98,25.494,25.785,439406,0
2016-01-13,26.175,26.243,25.484,25.562,557568,0
2016-01-14,25.65,26.087,25.407,25.912,529763,0
2016-01-15,24.901,25.124,24.657,24.939,715070,0
2016-01-19,25.494,25.591,24.997,25.279,586815,0
2016-01-20,24.209,24.336,23.518,24.151,1157123,0
2016-01-21,23.859,24.453,23.703,24.2,2307152,0
2016-01-22,25.105,25.679,25.066,25.64,798839,0
2016-01-25,25.182,25.397,24.978,24.978,3629246,0
2016-01-26,25.153,25.403,25.046,25.357,2892232,0
2016-01-27,25.523,25.902,25.289,25.407,566627,0
2016-01-28,25.601,25.65,25.318,25.504,607356,0
2016-01-29,26.292,26.661,26.194,26.632,1349909,0
2016-02-01,26.477,26.632,26.273,26.505,573002,0
2016-02-02,26.33,26.34,25.864,25.98,2316640,0
2016-02-03,25.727,25.734,24.725,25.192,546345,0
2016-02-04,24.91,25.163,24.764,24.949,606149,0
2016-02-05,24.851,24.881,24.413,24.54,3231551,0
2016-02-08,24.492,24.502,23.84,24.181,2812262,0
2016-02-09,23.245,23.79,23.239,23.587,821373,0
2016-02-10,23.245,23.606,22.692,22.721,1357897,0
2016-02-11,22.204,22.274,21.767,22.049,2207007,0
2016-02-12,21.942,22.536,21.803,22.516,913217,0
2016-02-16,23.382,23.49,23.158,23.49,964156,0
2016-02-17,23.674,23.891,23.626,23.655,5151412,0
2016-02-18,23.976,23.976,23.441,23.518,812127,0
2016-02-19,23.315,23.334,23.158,23.237,666669,0
2016-02-22,23.82,23.878,23.655,23.743,226937,0
2016-02-23,23.392,23.421,23.1,23.14,415232,0
2016-02-24,22.974,23.392,22.697,23.352,4263562,0
2016-02-25,23.781,23.898,23.567,23.888,2741068,0
2016-02-26,24.181,24.376,24.052,24.112,1077043,0
2016-02-29,23.781,23.781,23.49,23.49,566717,0
2016-03-01,23.83,24.356,23.8,24.278,333718,0
2016-03-02,24.54,24.638,24.394,24.55,698440,0
2016-03-03,24.814,24.814,24.675,24.764,847256,0
2016-03-04,25.085,25.241,24.861,25.095,1641839,0
2016-03-07,24.706,24.822,24.579,24.706,502698,0
2016-03-08,24.423,24.492,24.25,24.316,964485,0
2016-03-09,24.376,24.492,24.284,24.443,430814,0
2016-03-10,24.814,24.978,24.054,24.306,1461618,0
2016-03-11,24.841,25.105,24.825,25.105,204759,0
2016-03-14,25.036,25.232,25.036,25.172,277508,0
2016-03-15,24.686,24.725,24.589,24.706,369667,0
2016-03-16,24.628,24.784,24.569,24.657,240141,0
2016-03-17,24.394,24.535,24.248,24.482,417781,0
2016-03-18,24.326,24.482,24.268,24.482,472729,0
2016-03-21,24.443,24.618,24.403,24.599,482895,0
2016-03-22,24.657,24.925,24.622,24.851,1824968,0
2016-03-23,24.774,24.784,24.53,24.579,2386282,0
2016-03-24,24.258,24.492,24.258,24.482,234328,0
2016-03-28,24.92,25.036,24.92,24.978,945986,0
2016-03-29,24.949,25.085,24.92,25.027,357769,0
2016-03-30,24.988,25.085,24.934,24.949,1950999,0
2016-03-31,24.569,24.706,24.55,24.599,516339,0
2016-04-01,23.733,23.966,23.655,23.79,327628,0
2016-04-04,23.83,23.83,23.591,23.693,900099,0
2016-04-05,22.905,23.07,22.842,22.934,1568969,0
2016-04-06,22.983,23.178,22.905,23.178,1306698,0
2016-04-07,22.944,22.944,22.622,22.759,883998,0
2016-04-08,23.518,23.626,23.343,23.372,937381,0
2016-04-11,23.451,23.48,23.188,23.207,715750,0
2016-04-12,23.753,24.005,23.713,23.888,323933,0
2016-04-13,24.618,24.814,24.599,24.764,708961,0
2016-04-14,24.814,24.956,24.774,24.901,308093,0
2016-04-15,24.657,24.667,24.502,24.53,582320,0
2016-04-18,24.376,24.725,24.366,24.706,1630510,0
2016-04-19,25.319,25.353,25.124,25.202,596892,0
2016-04-20,25.309,25.689,25.279,25.514,370366,0
2016-04-21,25.504,25.514,25.339,25.407,739946,0
2016-04-22,26.009,26.156,25.98,26.136,341050,0
2016-04-25,25.757,25.835,25.622,25.815,488958,0
2016-04-26,25.61,25.805,25.543,25.805,426032,0
2016-04-27,25.601,25.805,25.533,25.795,735382,0
2016-04-28,24.238,24.413,23.636,23.771,1316414,0
2016-04-29,23.518,23.626,23.158,23.173,746723,0
2016-05-02,23.645,23.733,23.587,23.655,400334,0
2016-05-03,23.402,23.431,23.237,23.392,2890572,0
2016-05-04,23.275,23.431,23.227,23.285,1227040,0
2016-05-05,23.46,23.558,23.405,23.518,286650,0
2016-05-06,23.421,23.665,23.343,23.606,306855,0
2016-05-09,24.005,24.112,23.864,23.878,494263,0
2016-05-10,24.366,24.715,24.366,24.706,6943684,0
2016-05-11,24.278,24.316,24.044,24.044,641614,0
2016-05-12,24.453,24.511,24.2,24.356,653841,0
2016-05-13,24.102,24.19,23.896,23.946,1209986,0
2016-05-16,24.112,24.394,24.112,24.326,265865,0
2016-05-17,24.376,24.443,24.181,24.2,323423,0
2016-05-18,24.346,24.589,24.346,24.502,412583,0
2016-05-19,24.2,24.292,24.131,24.248,625629,0
2016-05-20,24.453,24.569,24.376,24.423,252600,0
2016-05-23,24.248,24.296,24.141,24.151,1820173,0
2016-05-24,24.336,24.55,24.296,24.502,700257,0
2016-05-25,24.647,24.794,24.647,24.725,428051,0
2016-05-26,24.569,24.609,24.511,24.579,488385,0
2016-05-27,24.472,24.696,24.472,24.686,698736,0
2016-05-31,25.115,25.153,24.861,24.939,682389,0
2016-06-01,24.628,24.667,24.55,24.628,709706,0
2016-06-02,24.2,24.293,24.097,24.268,686374,0
2016-06-03,23.966,24.005,23.733,23.869,730222,0
2016-06-06,24.151,24.395,24.102,24.356,848235,0
2016-06-07,24.443,24.559,24.443,24.472,507196,0
2016-06-08,24.472,24.54,24.443,24.521,604226,0
2016-06-09,24.151,24.268,24.044,24.248,378322,0
2016-06-10,23.82,23.859,23.596,23.723,532989,0
2016-06-13,23.237,23.431,23.14,23.168,542661,0
2016-06-14,22.954,23.08,22.827,23.061,995333,0
2016-06-15,23.237,23.334,23.168,23.237,1915740,0
2016-06-16,22.507,22.759,22.224,22.73,1025105,0
2016-06-17,22.642,22.779,22.477,22.692,1084079,0
2016-06-20,23.325,23.47,23.09,23.13,1447760,0
2016-06-21,23.577,23.763,23.528,23.528,562983,0
2016-06-22,23.421,23.528,23.197,23.207,7145734,0
2016-06-23,23.995,24.131,23.859,24.131,2487809,0
2016-06-24,22.049,22.457,21.968,22.156,2970950,0
2016-06-27,21.972,21.972,21.544,21.942,4372971,0
2016-06-28,22.321,22.487,22.254,22.449,1940878,0
2016-06-29,22.749,22.837,22.662,22.799,2782569,0
2016-06-30,22.516,22.768,22.419,22.74,530558,0
2016-07-01,22.507,22.662,22.487,22.507,1207676,0
2016-07-05,22.38,22.422,22.254,22.331,498620,0
2016-07-06,21.983,22.238,21.913,22.218,1462645,0
2016-07-07,22.238,22.248,22.041,22.13,437791,0
2016-07-08,22.041,22.258,22.011,22.198,573774,0
2016-07-11,23.124,23.378,23.104,23.321,2006121,0
2016-07-12,23.832,23.96,23.767,23.911,2703929,0
2016-07-13,23.783,23.783,23.566,23.724,1861143,0
2016-07-14,24.039,24.112,23.95,23.97,3563245,0
2016-07-15,24.069,24.069,23.872,23.911,2819346,0
2016-07-18,23.95,24.136,23.881,24.107,717460,0
2016-07-19,24.097,24.097,23.891,23.96,536627,0
2016-07-20,24.216,24.364,24.187,24.314,628246,0
2016-07-21,23.979,24.039,23.825,23.901,746730,0
2016-07-22,23.989,24.097,23.97,24.039,404048,0
2016-07-25,24.019,24.029,23.832,23.891,443543,0
2016-07-26,23.626,23.773,23.616,23.645,8448124,0
2016-07-27,24.019,24.033,23.812,23.812,477950,0
2016-07-28,23.606,23.901,23.527,23.832,671823,0
2016-07-29,23.704,23.744,23.527,23.532,762477,0
2016-08-01,23.694,23.764,23.606,23.694,385964,0
2016-08-02,23.232,23.232,22.863,23.036,871011,0
2016-08-03,22.858,23.026,22.858,23.006,393597,0
2016-08-04,23.261,23.311,23.163,23.301,516110,0
2016-08-05,23.488,23.616,23.449,23.527,344540,0
2016-08-08,23.891,23.901,23.764,23.802,245287,0
2016-08-09,23.891,23.97,23.842,23.872,286075,0
2016-08-10,23.881,23.931,23.832,23.852,434711,0
2016-08-11,23.989,24.187,23.911,24.137,448177,0
2016-08-12,23.901,23.94,23.868,23.876,240324,0
2016-08-15,23.95,24.049,23.95,23.999,291146,0
2016-08-16,23.636,23.636,23.369,23.547,307676,0
2016-08-17,23.773,23.802,23.607,23.744,240954,0
2016-08-18,23.616,23.616,23.512,23.576,866454,0
2016-08-19,23.497,23.563,23.449,23.537,1326806,0
2016-08-22,23.665,23.714,23.596,23.709,4254967,0
2016-08-23,23.674,23.764,23.674,23.714,337143,0
2016-08-24,23.783,23.797,23.739,23.769,1199147,0
2016-08-25,23.684,23.744,23.684,23.684,335736,0
2016-08-26,23.527,23.802,23.527,23.783,1123648,0
2016-08-29,23.921,23.994,23.901,23.906,300969,0
2016-08-30,24.087,24.255,24.087,24.177,580925,0
2016-08-31,24.344,24.344,24.157,24.304,380794,0
2016-09-01,24.6,24.649,24.364,24.462,452448,0
2016-09-02,24.669,24.855,24.669,24.787,443143,0
2016-09-06,24.619,24.669,24.432,24.502,352567,0
2016-09-07,24.54,24.639,24.521,24.56,790326,0
2016-09-08,24.422,24.609,24.402,24.59,306562,0
2016-09-09,24.482,24.521,24.235,24.235,321097,0
2016-09-12,24.059,24.27,24.009,24.26,507799,0
2016-09-13,24.137,24.137,23.852,24.029,428392,0
2016-09-14,23.95,23.95,23.734,23.783,447425,0
2016-09-15,23.724,23.891,23.724,23.872,400367,0
2016-09-16,23.684,23.754,23.684,23.704,635603,0
2016-09-19,23.724,23.802,23.655,23.684,577857,0
2016-09-20,24.019,24.049,23.97,23.989,399549,0
2016-09-21,24.422,24.462,24.255,24.412,719080,0
2016-09-22,24.777,24.865,24.732,24.757,874305,0
2016-09-23,24.492,24.511,24.449,24.472,183356,0
2016-09-26,24.049,24.107,24.024,24.069,205354,0
2016-09-27,24.235,24.393,24.235,24.379,402799,0
2016-09-28,24.374,24.432,24.285,24.432,365457,0
2016-09-29,24.54,24.59,24.235,24.344,860405,0
2016-09-30,24.245,24.452,24.245,24.383,369962,0
2016-10-03,24.285,24.354,24.245,24.354,245917,0
2016-10-04,24.639,24.708,24.492,24.521,642633,0
2016-10-05,24.678,24.895,24.678,24.845,535411,0
2016-10-06,24.747,24.865,24.747,24.865,130922,0
2016-10-07,24.6,24.629,24.53,24.57,134919,0
2016-10-10,24.777,24.88,24.777,24.845,279560,0
2016-10-11,24.727,24.727,24.492,24.58,263729,0
2016-10-12,24.659,24.747,24.59,24.727,159205,0
2016-10-13,24.472,24.55,24.344,24.511,586104,0
2016-10-14,24.727,24.767,24.629,24.678,319323,0
2016-10-17,24.678,24.717,24.591,24.6,46688,0
2016-10-18,24.797,24.832,24.757,24.757,525878,0
2016-10-19,24.747,24.787,24.717,24.747,263829,0
2016-10-20,24.915,25.112,24.915,25.092,430969,0
2016-10-21,24.845,25.057,24.845,25.042,356317,0
2016-10-24,25.102,25.175,25.102,25.16,318537,0
2016-10-25,25.21,25.268,25.131,25.16,357393,0
2016-10-26,25.121,25.259,25.106,25.22,438766,0
2016-10-27,25.318,25.465,25.295,25.397,214967,0
2016-10-28,25.347,25.451,25.247,25.308,221809,0
2016-10-31,25.397,25.485,25.387,25.387,143182,0
2016-11-01,25.407,25.407,24.964,25.102,310521,0
2016-11-02,24.845,24.885,24.649,24.747,403156,0
2016-11-03,24.807,24.845,24.649,24.698,630644,0
2016-11-04,24.422,24.547,24.384,24.422,419850,0
2016-11-07,24.875,24.988,24.875,24.973,158261,0
2016-11-08,24.905,25.2,24.895,25.112,567436,0
2016-11-09,24.688,25.2,24.59,25.082,987391,0
2016-11-10,25.367,25.477,25.112,25.367,1473387,0
2016-11-11,25.22,25.387,25.22,25.387,3059762,0
2016-11-14,25.662,25.77,25.583,25.77,1345254,0
2016-11-15,25.85,26.046,25.79,25.987,786132,0
2016-11-16,25.977,26.056,25.84,25.85,631326,0
2016-11-17,26.095,26.42,26.056,26.41,518628,0
2016-11-18,26.105,26.243,26.095,26.213,2076083,0
2016-11-21,26.351,26.489,26.341,26.469,218821,0
2016-11-22,26.498,26.573,26.43,26.528,3596952,0
2016-11-23,26.636,26.902,26.626,26.873,5420807,0
2016-11-25,26.696,26.784,26.666,26.774,1410547,0
2016-11-28,26.883,26.883,26.725,26.784,2957949,0
2016-11-29,26.921,27.021,26.873,26.873,1058300,0
2016-11-30,27.138,27.302,27.089,27.236,4245961,0
2016-12-01,27.178,27.178,26.912,26.951,958670,0
2016-12-02,26.843,26.971,26.838,26.931,1567543,0
2016-12-05,27.069,27.193,26.912,26.961,1551786,0
2016-12-06,27.011,27.178,27.001,27.148,298860,0
2016-12-07,27.236,27.522,27.236,27.473,1566787,0
2016-12-08,27.778,27.936,27.768,27.847,440862,0
2016-12-09,28.082,28.231,28.054,28.211,569207,0
2016-12-12,28.092,28.127,27.87,27.906,495690,0
2016-12-13,28.132,28.27,28.132,28.25,446998,0
2016-12-14,28.064,28.394,28.014,28.27,2510048,0
2016-12-15,28.387,28.555,28.379,28.516,2931152,0
2016-12-16,28.289,28.359,28.152,28.221,673277,0
2016-12-19,28.24,28.289,28.162,28.25,466146,0
2016-12-20,28.506,28.535,28.417,28.496,5439811,0
2016-12-21,28.211,28.289,28.177,28.25,463439,0
2016-12-22,28.162,28.24,28.112,28.24,1801837,0
2016-12-23,28.27,28.27,28.152,28.221,1083342,0
2016-12-27,28.083,28.112,28.044,28.054,320420,0
2016-12-28,28.13,28.154,27.947,27.971,709828,0
2016-12-29,27.634,27.663,27.455,27.554,471056,0
2016-12-30,27.733,27.733,27.579,27.614,529816,0
2017-01-03,28.051,28.135,27.822,28.061,1428547,0
2017-01-04,28.329,28.557,28.329,28.547,693810,0
2017-01-05,28.379,28.413,28.18,28.249,1020128,0
2017-01-06,28.518,28.627,28.398,28.577,894211,0
2017-01-09,28.418,28.478,28.346,28.379,500619,0
2017-01-10,28.249,28.299,28.145,28.16,1274763,0
2017-01-11,28.379,28.537,28.011,28.309,2384079,0
2017-01-12,28.031,28.081,27.723,28.071,1753385,0
2017-01-13,28.269,28.339,28.16,28.259,769652,0
2017-01-17,27.554,27.619,27.42,27.455,1010554,0
2017-01-18,27.643,27.872,27.544,27.872,1351563,0
2017-01-19,28.051,28.1,27.852,27.902,1662976,0
2017-01-20,28.14,28.23,27.912,28.011,1705141,0
2017-01-23,27.753,27.822,27.504,27.683,992283,0
2017-01-24,27.673,27.961,27.604,27.912,992775,0
2017-01-25,28.071,28.174,28.011,28.071,662227,0
2017-01-26,28.488,28.567,28.443,28.448,803563,0
2017-01-27,28.398,28.438,28.314,28.369,353218,0
2017-01-30,28.081,28.14,27.792,27.941,1316600,0
2017-01-31,27.673,27.683,27.425,27.643,3188081,0
2017-02-01,28.041,28.085,27.877,27.902,2246217,0
2017-02-02,27.624,27.778,27.534,27.763,665770,0
2017-02-03,27.842,27.941,27.753,27.882,624320,0
2017-02-06,27.604,27.688,27.494,27.614,1362210,0
2017-02-07,27.693,27.773,27.609,27.733,938881,0
2017-02-08,27.683,27.753,27.624,27.733,696168,0
2017-02-09,27.683,28.081,27.648,28.011,1539743,0
2017-02-10,28.289,28.289,28.14,28.239,1017994,0
2017-02-13,28.448,28.488,28.408,28.408,599032,0
2017-02-14,28.11,28.395,28.081,28.359,1352415,0
2017-02-15,28.349,28.361,28.2,28.309,639051,0
2017-02-16,28.18,28.2,28.001,28.12,2452401,0
2017-02-17,27.882,28.031,27.852,28.021,653616,0
2017-02-21,28.379,28.478,28.379,28.448,866829,0
2017-02-22,28.299,28.428,28.259,28.319,548333,0
2017-02-23,28.309,28.309,28.15,28.23,416665,0
2017-02-24,27.961,28.061,27.922,28.011,655167,0
2017-02-27,27.912,28.09,27.842,28.081,885354,0
2017-02-28,27.892,27.932,27.763,27.902,812253,0
2017-03-01,28.557,28.637,28.518,28.577,1363668,0
2017-03-02,28.627,28.627,28.448,28.478,719367,0
2017-03-03,28.478,28.508,28.349,28.369,1431458,0
2017-03-06,28.269,28.337,28.22,28.309,670008,0
2017-03-07,28.329,28.369,28.264,28.269,860492,0
2017-03-08,28.369,28.388,28.23,28.259,789788,0
2017-03-09,28.329,28.418,28.299,28.418,796285,0
2017-03-10,28.627,28.677,28.523,28.567,1202466,0
2017-03-13,28.716,28.746,28.667,28.736,575314,0
2017-03-14,28.567,28.578,28.453,28.508,1014774,0
2017-03-15,28.537,28.617,28.438,28.438,1157678,0
2017-03-16,28.577,28.607,28.369,28.369,1028195,0
2017-03-17,28.428,28.468,28.289,28.329,833518,0
2017-03-20,28.408,28.443,28.249,28.304,521151,0
2017-03-21,28.398,28.398,27.852,27.892,1773505,0
2017-03-22,27.713,27.807,27.574,27.783,1541354,0
2017-03-23,27.663,27.892,27.614,27.773,1750743,0
2017-03-24,28.001,28.051,27.862,28.011,1005092,0
2017-03-27,27.634,27.902,27.594,27.872,2152513,0
2017-03-28,27.922,28.269,27.872,28.249,2469608,0
2017-03-29,28.14,28.185,28.071,28.16,649464,0
2017-03-30,28.021,28.22,28.011,28.21,699923,0
2017-03-31,27.832,27.872,27.776,27.842,825890,0
2017-04-03,27.892,27.917,27.733,27.862,6150850,0
2017-04-04,27.693,27.792,27.594,27.733,848358,0
2017-04-05,27.832,27.872,27.524,27.534,1784543,0
2017-04-06,27.375,27.475,27.311,27.425,1034186,0
2017-04-07,27.524,27.653,27.43,27.584,727464,0
2017-04-10,27.494,27.544,27.385,27.435,396091,0
2017-04-11,27.355,27.395,27.147,27.276,2142557,0
2017-04-12,27.107,27.192,27.043,27.057,5883811,0
2017-04-13,26.879,26.918,26.759,26.759,1961922,0
2017-04-17,26.889,27.082,26.846,27.067,1104490,0
2017-04-18,26.889,26.958,26.75,26.829,1921268,0
2017-04-19,27.028,27.097,26.889,26.938,1309690,0
2017-04-20,27.177,27.266,27.127,27.236,5970480,0
2017-04-21,27.256,27.316,27.177,27.276,4579416,0
2017-04-24,27.753,27.763,27.574,27.604,1161311,0
2017-04-25,28.001,28.145,27.992,28.081,1451972,0
2017-04-26,28.2,28.304,28.09,28.09,1835867,0
2017-04-27,28.22,28.264,28.1,28.15,863485,0
2017-04-28,28.13,28.15,28.071,28.071,629602,0
2017-05-01,28.2,28.319,28.17,28.289,965518,0
2017-05-02,28.498,28.528,28.428,28.438,553838,0
2017-05-03,28.468,28.711,28.443,28.667,1039013,0
2017-05-04,28.706,28.716,28.547,28.657,2115763,0
2017-05-05,28.756,28.855,28.716,28.845,599841,0
2017-05-08,28.974,29.069,28.929,29.024,1107767,0
2017-05-09,29.173,29.233,29.069,29.114,1209654,0
2017-05-10,29.014,29.119,29.014,29.094,1085638,0
2017-05-11,28.965,28.984,28.816,28.895,2260488,0
2017-05-12,28.845,28.895,28.832,28.855,411817,0
2017-05-15,28.965,29.054,28.965,29.044,560551,0
2017-05-16,29.044,29.064,28.825,28.885,1034299,0
2017-05-17,28.567,28.637,28.299,28.309,1830498,0
2017-05-18,28.249,28.577,28.22,28.508,1099730,0
2017-05-19,28.577,28.766,28.577,28.696,523869,0
2017-05-22,28.706,28.706,28.622,28.696,524188,0
2017-05-23,28.756,28.895,28.691,28.865,775954,0
2017-05-24,28.806,28.855,28.746,28.766,959327,0
2017-05-25,28.845,28.945,28.845,28.885,294439,0
2017-05-26,28.696,28.786,28.686,28.776,357652,0
2017-05-30,28.766,28.786,28.706,28.706,289576,0
2017-05-31,28.776,28.776,28.647,28.726,737904,0
2017-06-01,29.104,29.148,29.034,29.123,1046422,0
2017-06-02,29.392,29.511,29.352,29.501,739069,0
2017-06-05,29.441,29.451,29.402,29.421,325509,0
2017-06-06,29.143,29.223,29.123,29.153,575346,0
2017-06-07,29.233,29.268,29.133,29.253,628073,0
2017-06-08,29.253,29.302,29.189,29.243,525667,0
2017-06-09,29.183,29.258,28.92,29.034,981294,0
2017-06-12,29.024,29.049,28.945,29.024,458203,0
2017-06-13,29.193,29.248,29.153,29.223,480330,0
2017-06-14,29.104,29.133,28.925,29.114,518598,0
2017-06-15,28.955,29.173,28.92,29.163,691664,0
2017-06-16,29.233,29.272,29.148,29.272,642127,0
2017-06-19,29.421,29.551,29.421,29.551,523287,0
2017-06-20,29.58,29.62,29.507,29.521,355929,0
2017-06-21,29.541,29.546,29.436,29.451,344145,0
2017-06-22,29.461,29.526,29.441,29.491,213294,0
2017-06-23,29.431,29.491,29.412,29.481,151883,0
2017-06-26,29.551,29.6,29.511,29.551,375403,0
2017-06-27,29.531,29.63,29.521,29.561,2830354,0
2017-06-28,29.541,29.729,29.531,29.719,443566,0
2017-06-29,29.779,29.789,29.233,29.372,2501225,0
2017-06-30,29.501,29.61,29.461,29.6,364690,0
2017-07-03,29.71,29.759,29.67,29.67,639757,0
2017-07-05,29.64,29.66,29.059,29.64,790818,0
2017-07-06,29.44,29.465,29.36,29.42,1056534,0
2017-07-07,29.46,29.6169,29.46,29.59,552047,0
2017-07-10,29.59,29.62,29.54,29.55,235181,0
2017-07-11,29.74,29.76,29.63,29.7,444471,0
2017-07-12,29.69,29.77,29.67,29.73,420335,0
2017-07-13,29.68,29.73,29.67,29.71,756510,0
2017-07-14,29.61,29.61,29.55,29.61,456140,0
2017-07-17,29.6,29.715,29.55,29.58,334389,0
2017-07-18,29.53,29.58,29.48,29.57,383854,0
2017-07-19,29.59,29.68,29.56,29.66,288824,0
2017-07-20,29.86,29.86,29.71,29.81,425252,0
2017-07-21,29.64,29.655,29.58,29.64,643583,0
2017-07-24,29.54,29.59,29.465,29.59,489878,0
2017-07-25,29.62,29.72,29.58,29.67,716028,0
2017-07-26,29.68,29.7268,29.57,29.6,1159292,0
2017-07-27,29.79,29.84,29.58,29.69,943677,0
2017-07-28,29.67,29.68,29.6,29.61,754731,0
2017-07-31,29.68,29.695,29.61,29.61,540742,0
2017-08-01,29.92,29.92,29.8,29.84,750054,0
2017-08-02,29.96,29.97,29.83,29.91,427233,0
2017-08-03,29.86,29.865,29.76,29.77,550315,0
2017-08-04,29.95,30.01,29.93,29.98,712615,0
2017-08-07,29.93,29.975,29.93,29.97,301388,0
2017-08-08,29.85,29.96,29.81,29.83,557449,0
2017-08-09,29.53,29.57,29.48,29.56,1271550,0
2017-08-10,29.38,29.4,28.98,29.01,2301100,0
2017-08-11,29.02,29.07,28.94,28.96,924772,0
2017-08-14,29.29,29.34,29.25,29.33,1406056,0
2017-08-15,29.66,29.66,29.49,29.53,1262292,0
2017-08-16,29.64,29.66,29.5,29.54,813677,0
2017-08-17,29.46,29.5,29.14,29.15,2719467,0
2017-08-18,29.06,29.355,29,29.18,1146971,0
2017-08-21,29.06,29.0856,28.96,29.06,901696,0
2017-08-22,29.15,29.325,29.15,29.31,721601,0
2017-08-23,29.17,29.23,29.13,29.14,807271,0
2017-08-24,29.15,29.16,29.045,29.15,575858,0
2017-08-25,29.23,29.29,29.13,29.19,955349,0
2017-08-28,29.24,29.25,29.155,29.21,507939,0
2017-08-29,28.98,29.33,28.98,29.29,674893,0
2017-08-30,29.33,29.44,29.3,29.42,573806,0
2017-08-31,29.55,29.61,29.5253,29.56,1068787,0
2017-09-01,29.51,29.61,29.51,29.53,865295,0
2017-09-05,29.11,29.13,28.87,28.98,1594805,0
2017-09-06,29.16,29.3068,29.13,29.28,826468,0
2017-09-07,29.32,29.36,29.14,29.22,711509,0
2017-09-08,29.1,29.2,29.08,29.12,378151,0
2017-09-11,29.6,29.7491,29.6,29.72,304594,0
2017-09-12,29.94,29.96,29.86,29.95,959607,0
2017-09-13,29.87,30.01,29.87,29.99,476006,0
2017-09-14,29.89,30.02,29.88,29.98,541138,0
2017-09-15,30.03,30.125,30.02,30.11,357470,0
2017-09-18,30.26,30.34,30.26,30.27,483777,0
2017-09-19,30.44,30.485,30.395,30.47,1008609,0
2017-09-20,30.49,30.71,30.475,30.67,3093662,0
2017-09-21,30.6,30.65,30.525,30.62,788074,0
2017-09-22,30.5,30.545,30.4707,30.52,1136946,0
2017-09-25,30.6,30.64,30.4,30.49,2108430,0
2017-09-26,30.63,30.68,30.58,30.65,681019,0
2017-09-27,30.86,30.885,30.69,30.85,615994,0
2017-09-28,30.77,30.82,30.75,30.79,504754,0
2017-09-29,30.77,30.835,30.74,30.81,767532,0
2017-10-02,30.76,30.9,30.74,30.9,4558260,0
2017-10-03,30.98,31.09,30.945,31.09,890303,0
2017-10-04,31.02,31.1,31.01,31.06,904941,0
2017-10-05,30.95,31.09,30.95,31.09,569110,0
2017-10-06,31.11,31.16,30.985,31.03,424911,0
2017-10-09,31.11,31.12,31.015,31.05,149293,0
2017-10-10,31.16,31.22,31.1,31.2,1215433,0
2017-10-11,31.26,31.4,31.24,31.36,767278,0
2017-10-12,31.33,31.3941,31.28,31.3,479106,0
2017-10-13,31.52,31.59,31.48,31.58,609553,0
2017-10-16,31.7,31.8175,31.68,31.81,606250,0
2017-10-17,31.78,31.8,31.73,31.8,464216,0
2017-10-18,31.9,31.94,31.87,31.92,545130,0
2017-10-19,31.65,31.795,31.605,31.77,687699,0
2017-10-20,32.02,32.13,31.97,32.1,657324,0
2017-10-23,32.39,32.39,32.125,32.13,1093162,0
2017-10-24,32.51,32.61,32.44,32.56,506993,0
2017-10-25,32.39,32.4,32.11,32.26,1744877,0
2017-10-26,32.44,32.5472,32.43,32.5,1053769,0
2017-10-27,32.67,32.72,32.62,32.67,1100326,0
2017-10-30,32.57,32.59,32.44,32.5,3499628,0
2017-10-31,32.64,32.82,32.6,32.8,1917262,0
2017-11-01,33.19,33.2,33.03,33.12,1133428,0
2017-11-02,33.02,33.15,32.83,33.13,2204023,0
2017-11-03,33.13,33.26,33.07,33.24,709634,0
2017-11-06,33.12,33.17,33.03,33.14,1073309,0
2017-11-07,33.44,33.495,33.33,33.45,1065584,0
2017-11-08,33.58,33.69,33.5234,33.62,1885552,0
2017-11-09,33.14,33.23,32.81,33.2,2834410,0
2017-11-10,32.96,33.07,32.9,33,1153950,0
