Date,Open,High,Low,Close,Volume,OpenInt
2011-04-05,48.534,48.588,48.444,48.46,4122,0
2011-04-06,48.777,48.96,48.561,48.706,5079,0
2011-04-07,48.825,48.897,48.434,48.617,8069,0
2011-04-08,49.005,49.005,48.543,48.733,6869,0
2011-04-11,48.815,48.888,48.008,48.017,20297,0
2011-04-12,47.708,47.844,47.409,47.681,7880,0
2011-04-13,48.253,48.253,47.945,48.161,2135,0
2011-04-14,48.161,48.396,48.089,48.307,5150,0
2011-04-15,48.505,48.642,48.234,48.642,10638,0
2011-04-18,47.718,47.926,47.39,47.879,2058,0
2011-04-19,47.908,47.945,47.645,47.807,4232,0
2011-04-20,48.743,48.787,48.479,48.659,5836,0
2011-04-21,49.033,49.214,48.916,49.214,2320,0
2011-04-25,48.995,49.222,48.617,48.706,1056,0
2011-04-26,48.86,48.888,48.525,48.752,4741,0
2011-04-27,48.678,48.678,47.782,47.998,16645,0
2011-04-28,47.625,47.908,47.625,47.762,1014,0
2011-04-29,47.645,47.879,47.282,47.871,1984,0
2011-05-02,48.08,48.387,48.008,48.089,6115,0
2011-05-03,47.426,47.426,46.82,46.855,7274,0
2011-05-04,46.391,46.429,46.156,46.33,2142,0
2011-05-05,46.012,46.13,46.012,46.13,441,0
2011-05-06,47.01,47.01,46.283,46.283,8490,0
2011-05-09,46.564,46.982,46.438,46.81,29839,0
2011-05-10,46.928,47.045,46.928,47.001,5311,0
2011-05-11,46.955,46.955,46.139,46.139,2317,0
2011-05-12,46.249,46.249,46.249,46.249,109,0
2011-05-13,46.539,46.539,45.939,46.04,2156,0
2011-05-16,46.156,46.549,46.12,46.202,1561,0
2011-05-17,46.391,46.391,45.884,46.002,6185,0
2011-05-18,46.456,47.201,46.456,47.201,990,0
2011-05-19,46.847,47.31,46.847,46.955,7103,0
2011-05-20,46.673,46.8,46.564,46.692,4586,0
2011-05-23,45.631,45.631,45.441,45.441,3449,0
2011-05-24,46.166,46.202,45.684,45.83,13953,0
2011-05-25,45.74,46.166,45.74,46.139,5954,0
2011-05-26,46.219,46.219,45.875,46.166,2300,0
2011-05-27,46.602,46.638,46.491,46.519,5271,0
2011-05-31,47.518,47.555,47.318,47.555,1496,0
2011-06-01,47.508,47.508,46.864,46.864,1378,0
2011-06-02,46.7,47.019,46.602,47.019,16092,0
2011-06-03,46.266,46.411,46.21,46.219,2645,0
2011-06-06,46.068,46.068,45.912,45.912,346,0
2011-06-07,46.366,46.374,46.139,46.193,1655,0
2011-06-08,45.675,45.785,45.448,45.448,1229,0
2011-06-09,45.477,45.758,45.105,45.73,5623,0
2011-06-10,45.233,45.233,44.424,44.723,2868,0
2011-06-13,44.806,44.806,44.334,44.424,159475,0
2011-06-14,45.224,45.305,45.048,45.048,11928,0
2011-06-15,44.361,44.796,44.088,44.188,9962,0
2011-06-16,43.98,44.342,43.789,44.016,7772,0
2011-06-17,44.316,44.316,43.942,43.961,3328,0
2011-06-20,43.815,43.899,43.772,43.899,773,0
2011-06-21,44.334,44.75,44.334,44.723,4079,0
2011-06-22,43.473,43.661,43.463,43.463,2166,0
2011-06-23,42.691,42.981,42.6,42.909,4794,0
2011-06-24,44.243,44.243,43.861,43.89,1092,0
2011-06-27,44.27,44.651,44.243,44.651,5733,0
2011-06-28,44.451,44.958,44.451,44.842,3308,0
2011-06-29,44.614,44.895,44.496,44.895,2645,0
2011-06-30,45.322,45.331,45.322,45.331,442,0
2011-07-01,45.84,45.931,45.477,45.931,7563,0
2011-07-05,46.012,46.012,45.931,45.966,2645,0
2011-07-06,45.658,45.658,45.249,45.249,2852,0
2011-07-07,46.02,46.02,46.02,46.02,551,0
2011-07-08,45.257,45.257,45.257,45.257,109,0
2011-07-11,44.824,44.824,44.342,44.342,661,0
2011-07-12,43.915,44.088,43.915,43.915,990,0
2011-07-13,44.914,44.914,44.668,44.668,2205,0
2011-07-14,44.351,44.433,44.171,44.288,1103,0
2011-07-15,44.298,44.46,44.298,44.298,330,0
2011-07-18,44.088,44.18,43.808,44.116,3912,0
2011-07-19,44.378,44.496,44.351,44.451,586,0
2011-07-20,44.597,44.659,44.515,44.659,2746,0
2011-07-21,44.777,44.949,44.777,44.949,333,0
2011-07-22,45.177,45.295,45.177,45.295,748,0
2011-07-25,44.578,44.887,44.578,44.887,1324,0
2011-07-27,44.924,44.924,44.542,44.542,661,0
2011-07-28,44.887,45.014,44.723,44.949,18973,0
2011-07-29,45.014,45.014,45.014,45.014,216,0
2011-08-01,45.358,45.358,44.298,44.424,3382,0
2011-08-02,44.279,44.279,43.842,44.125,5512,0
2011-08-03,43.063,43.298,42.929,43.298,35637,0
2011-08-04,42.638,42.638,41.675,42.084,8351,0
2011-08-05,40.948,41.238,39.462,40.822,33083,0
2011-08-08,39.615,40.061,38.02,38.02,3253,0
2011-08-09,38.79,39.398,38.128,39.28,12315,0
2011-08-10,38.646,38.863,38.138,38.138,4300,0
2011-08-11,38.337,38.826,38.337,38.637,74913,0
2011-08-12,39.353,39.353,39.055,39.191,2329,0
2011-08-15,40.178,40.459,40.033,40.459,3875,0
2011-08-16,40.323,40.378,40.124,40.279,7303,0
2011-08-19,38.3,38.726,38.3,38.337,3732,0
2011-08-22,38.1,38.147,37.601,37.775,4603,0
2011-08-23,38.11,38.7,37.911,38.7,1511,0
2011-08-24,38.201,38.601,38.154,38.374,4531,0
2011-08-25,38.909,38.909,38.085,38.247,4132,0
2011-08-26,37.702,38.509,37.53,38.509,2645,0
2011-08-29,39.254,39.534,39.254,39.525,992,0
2011-08-30,39.643,39.815,39.362,39.78,1599,0
2011-08-31,40.507,40.641,40.279,40.478,9772,0
2011-09-02,39.597,39.597,39.372,39.372,1655,0
2011-09-06,38.173,38.909,38.065,38.782,12271,0
2011-09-09,37.883,37.883,37.883,37.883,661,0
2011-09-12,37.357,37.521,36.821,37.386,5294,0
2011-09-13,37.43,37.43,37.43,37.43,221,0
2011-09-14,37.202,37.402,36.976,37.402,2866,0
2011-09-15,37.693,37.693,37.693,37.693,115,0
2011-09-16,37.911,37.911,37.911,37.911,109,0
2011-09-19,36.821,36.821,36.821,36.821,661,0
2011-09-20,36.713,36.713,36.713,36.713,109,0
2011-09-21,36.223,36.223,35.905,35.905,2789,0
2011-09-22,33.774,33.774,32.803,32.957,6752,0
2011-09-23,33.204,33.702,33.204,33.566,5714,0
2011-09-26,32.568,33.112,32.568,33.112,2317,0
2011-09-27,34.744,35.188,34.608,34.689,2094,0
2011-09-28,34.689,34.689,34.073,34.228,992,0
2011-09-29,34.617,34.617,34.081,34.119,6173,0
2011-09-30,33.52,33.52,32.65,32.758,5733,0
2011-10-03,31.66,31.733,31.616,31.616,3308,0
2011-10-04,30.689,30.689,30.335,30.335,744,0
2011-10-05,31.814,32.203,31.814,32.203,757,0
2011-10-06,32.85,32.85,32.85,32.85,109,0
2011-10-07,33.536,33.837,33.038,33.038,2424,0
2011-10-10,34.228,34.528,34.228,34.528,2663,0
2011-10-11,34.455,35.262,34.455,35.262,3417,0
2011-10-12,36.323,36.668,36.323,36.659,1433,0
2011-10-13,36.023,36.023,36.023,36.023,330,0
2011-10-14,36.459,36.459,36.459,36.459,109,0
2011-10-17,36.214,36.333,35.587,35.715,3948,0
2011-10-18,35.108,35.108,34.573,34.573,1902,0
2011-10-19,35.262,35.653,35.053,35.488,96702,0
2011-10-20,33.855,33.855,33.855,33.855,1214,0
2011-10-24,36.35,37.185,36.023,37.03,2508,0
2011-10-25,36.677,36.868,36.488,36.623,4179,0
2011-10-26,37.494,37.494,36.94,36.94,6062,0
2011-10-27,39.036,40.431,38.981,39.697,6670,0
2011-10-28,39.553,39.752,39.462,39.625,2591,0
2011-10-31,38.436,38.436,38.192,38.192,2959,0
2011-11-01,36.614,37.328,36.614,37.328,368,0
2011-11-02,38.717,38.764,38.7,38.764,867,0
2011-11-03,39.135,39.697,39.135,39.398,5954,0
2011-11-04,38.473,38.473,38.473,38.473,109,0
2011-11-07,39.426,39.553,38.855,39.553,16055,0
2011-11-08,39.416,39.416,39.072,39.081,1324,0
2011-11-09,38.356,38.492,37.476,37.584,13586,0
2011-11-10,38.228,38.228,37.648,38.065,2073,0
2011-11-11,38.173,38.409,38.173,38.356,1473,0
2011-11-14,37.955,37.955,37.883,37.883,1202,0
2011-11-15,38.556,38.863,38.509,38.681,7144,0
2011-11-16,37.775,37.974,37.747,37.747,5053,0
2011-11-17,37.412,37.629,36.223,36.223,9371,0
2011-11-18,36.596,36.596,36.596,36.596,1269,0
2011-11-21,35.071,35.434,35.071,35.434,998,0
2011-11-22,35.135,35.135,35.135,35.135,330,0
2011-11-23,35.062,35.062,34.709,34.717,375989,0
2011-11-25,34.999,34.999,34.854,34.854,1738,0
2011-11-28,35.952,36.023,35.634,35.634,671,0
2011-11-29,36.195,36.214,36.014,36.014,390,0
2011-11-30,37.855,37.947,37.829,37.829,22966,0
2011-12-01,37.864,38.21,37.864,37.965,1149,0
2011-12-05,38.047,38.436,37.901,37.901,19092,0
2011-12-06,37.611,38.038,37.584,38.011,11926,0
2011-12-07,37.512,37.775,37.386,37.747,19817,0
2011-12-08,37.338,37.521,36.767,36.849,3665,0
2011-12-09,37.23,37.393,37.23,37.367,1875,0
2011-12-12,36.314,36.314,35.924,35.924,1362,0
2011-12-13,36.677,36.677,35.833,35.833,830,0
2011-12-14,35.68,35.715,35.544,35.544,1443,0
2011-12-15,35.516,35.516,35.516,35.516,22196,0
2011-12-16,36.214,36.214,35.896,35.896,1422288,0
2011-12-19,35.497,36.005,35.497,35.497,242,0
2011-12-20,36.159,36.404,36.159,36.404,2424,0
2011-12-21,35.624,36.251,35.561,36.251,4396,0
2011-12-22,36.479,36.868,36.479,36.704,13605,0
2011-12-23,36.786,36.905,36.63,36.905,5991,0
2011-12-27,36.469,36.469,36.469,36.469,1875,0
2011-12-28,36.214,36.214,36.052,36.052,2922,0
2011-12-29,36.279,36.305,36.141,36.214,3479,0
2011-12-30,36.279,36.503,36.279,36.494,6788,0
2012-01-03,37.194,37.466,37.021,37.239,2536,0
2012-01-05,36.813,37.293,36.813,37.293,31282,0
2012-01-06,36.84,36.84,36.431,36.431,2779,0
2012-01-09,37.057,37.23,37.03,37.03,661,0
2012-01-10,38.128,38.328,38.091,38.091,27984,0
2012-01-11,37.974,38.138,37.955,38.138,671025,0
2012-01-12,38.328,38.328,37.983,37.983,16793,0
2012-01-13,37.874,38.047,37.611,37.92,10361,0
2012-01-17,38.963,39.055,38.782,38.782,3969,0
2012-01-18,38.954,39.445,38.918,39.445,911697,0
2012-01-19,39.989,40.105,39.861,40.025,13518,0
2012-01-20,39.697,39.942,39.689,39.942,11582,0
2012-01-23,40.413,40.478,40.27,40.405,54384,0
2012-01-24,40.307,40.413,40.288,40.307,48403,0
2012-01-25,40.251,40.651,40.232,40.578,66443,0
2012-01-26,41.167,41.167,40.459,40.459,6451,0
2012-01-27,40.651,40.924,40.478,40.924,186373,0
2012-01-30,39.78,39.806,39.326,39.806,1262624,0
2012-01-31,40.307,40.307,39.861,40.08,557229,0
2012-02-01,40.695,41.104,40.695,40.805,42153,0
2012-02-02,41.332,41.44,40.958,41.031,949381,0
2012-02-03,41.731,41.856,41.685,41.685,40326,0
2012-02-06,41.23,41.23,40.958,41.104,224482,0
2012-02-07,41.122,41.122,41.095,41.095,441,0
2012-02-08,41.821,42.012,41.622,42.012,8790,0
2012-02-09,42.065,42.173,41.765,41.974,6593,0
2012-02-10,41.031,41.031,40.632,40.632,6016,0
2012-02-13,41.186,41.365,41.122,41.284,12678,0
2012-02-14,41.049,41.266,40.877,40.995,14834,0
2012-02-15,41.866,42.038,41.622,41.712,8639,0
2012-02-16,41.821,42.229,41.821,42.229,418491,0
2012-02-17,42.446,42.446,42.003,42.284,575617,0
2012-02-21,42.22,42.237,41.765,41.966,85567,0
2012-02-22,42.247,42.409,42.192,42.409,3087,0
2012-02-23,42.165,42.22,42.165,42.22,661,0
2012-02-24,42.392,42.574,42.284,42.465,27244,0
2012-02-27,41.731,42.056,41.731,42.056,8378,0
2012-02-28,42.528,42.528,42.274,42.52,3975,0
2012-02-29,42.665,42.681,42.456,42.456,16425,0
2012-03-01,42.256,42.6,42.182,42.51,57910,0
2012-03-02,42.366,42.565,42.366,42.409,69816,0
2012-03-05,42.103,42.103,41.44,41.521,5954,0
2012-03-06,39.97,40.061,39.833,39.952,6835,0
2012-03-07,40.279,40.37,40.124,40.261,297410,0
2012-03-08,41.238,41.238,41.031,41.222,196096,0
2012-03-09,41.458,41.712,41.458,41.702,1245,0
2012-03-12,41.521,41.539,41.356,41.356,394234,0
2012-03-13,41.837,42.501,41.712,42.473,543741,0
2012-03-14,42.103,42.103,41.365,41.365,31689,0
2012-03-15,41.375,41.666,41.356,41.666,582248,0
2012-03-16,41.622,41.866,41.503,41.656,29257,0
2012-03-19,40.85,41.003,40.813,40.86,10808,0
2012-03-20,39.833,40.061,39.833,40.061,8137,0
2012-03-21,39.889,40.141,39.734,40.033,570009,0
2012-03-22,39.716,39.806,39.372,39.58,24429,0
2012-03-23,39.508,39.78,39.489,39.744,490165,0
2012-03-26,40.033,40.124,39.915,40.124,221149,0
2012-03-27,40.37,40.37,40.08,40.124,54208,0
2012-03-28,39.861,39.861,39.307,39.508,47176,0
2012-03-29,38.945,38.981,38.572,38.981,429902,0
2012-03-30,39.661,39.661,39.381,39.48,1529440,0
2012-04-02,39.498,40.132,39.362,40.006,30882,0
2012-04-03,40.27,40.361,39.889,40.025,48906,0
2012-04-04,39.406,39.653,39.216,39.59,125679,0
2012-04-05,39.625,40.178,39.625,40.124,30240,0
2012-04-09,39.543,39.625,39.48,39.534,660165,0
2012-04-10,39.398,39.398,38.69,38.836,15939,0
2012-04-11,39.326,39.362,39.017,39.289,134218,0
2012-04-12,39.561,40.641,39.561,40.641,24727,0
2012-04-13,40.522,40.522,40.089,40.323,46816,0
2012-04-16,40.132,40.132,39.861,39.906,22750,0
2012-04-17,40.197,40.55,39.998,40.55,347961,0
2012-04-18,40.332,40.615,40.332,40.515,11600,0
2012-04-19,40.73,40.73,40.307,40.351,13941,0
2012-04-20,40.977,41.095,40.759,40.805,24149,0
2012-04-23,39.879,39.98,39.525,39.879,1618178,0
2012-04-24,40.114,40.241,39.961,39.961,46833,0
2012-04-25,40.215,40.341,40.215,40.232,4579,0
2012-04-26,40.55,40.778,40.507,40.778,18663,0
2012-04-27,40.73,40.83,40.55,40.83,95728,0
2012-04-30,40.94,40.94,40.641,40.687,19619,0
2012-05-01,40.623,41.521,40.623,41.167,56999,0
2012-05-02,41.059,41.167,40.704,41.167,49438,0
2012-05-03,41.205,41.205,40.85,40.948,41904,0
2012-05-04,40.288,40.388,40.27,40.332,30006,0
2012-05-07,40.132,40.151,39.989,39.989,20616,0
2012-05-08,39.471,39.471,39.026,39.298,37544,0
2012-05-09,38.799,38.99,38.536,38.935,8898,0
2012-05-10,38.872,38.892,38.637,38.637,3523,0
2012-05-11,38.364,38.7,38.264,38.39,42837,0
2012-05-14,37.684,37.702,37.457,37.521,1643260,0
2012-05-15,37.619,37.756,37.393,37.393,99158,0
2012-05-16,36.958,37.158,36.668,36.713,1144622,0
2012-05-17,36.63,36.777,36.141,36.141,71445,0
2012-05-18,36.279,36.343,35.905,35.952,19149,0
2012-05-21,36.133,36.64,36.133,36.64,141285,0
2012-05-22,36.849,36.967,36.287,36.605,396347,0
2012-05-23,36.087,36.333,35.743,36.333,54783,0
2012-05-24,36.469,36.469,35.653,35.933,179206,0
2012-05-25,35.696,35.914,35.579,35.772,15154,0
2012-05-29,36.94,37.149,36.786,36.985,143366,0
2012-05-30,36.513,36.64,36.414,36.568,80363,0
2012-05-31,36.74,36.95,36.649,36.831,17446,0
2012-06-01,36.062,36.104,35.924,35.986,57600,0
2012-06-04,35.814,35.905,35.497,35.806,37789,0
2012-06-05,35.861,35.87,35.571,35.823,29805,0
2012-06-06,36.205,36.75,36.195,36.75,84310,0
2012-06-07,37.874,37.874,37.094,37.185,275867,0
2012-06-08,36.459,36.605,36.232,36.422,151874,0
2012-06-11,37.021,37.021,36.305,36.386,85467,0
2012-06-12,36.913,37.23,36.686,37.23,31429,0
2012-06-13,37.14,37.548,37.094,37.094,32961,0
2012-06-14,37.021,37.328,36.84,37.257,37132,0
2012-06-15,37.693,37.847,37.629,37.785,11840,0
2012-06-18,37.939,38.183,37.929,38.11,228866,0
2012-06-19,38.32,38.717,38.32,38.546,30012,0
2012-06-20,38.509,38.509,38.055,38.3,80496,0
2012-06-21,36.985,36.985,35.933,35.96,90737,0
2012-06-22,36.251,36.251,35.879,36.079,13733,0
2012-06-25,35.324,35.398,35.108,35.288,354628,0
2012-06-26,35.914,35.914,35.497,35.605,434598,0
2012-06-27,36.205,36.242,36.123,36.242,40964,0
2012-06-28,35.762,35.833,35.579,35.833,13554,0
2012-06-29,36.759,37.113,36.74,37.113,55404,0
2012-07-02,37.13,37.257,36.94,37.158,37790,0
2012-07-03,37.194,37.73,37.194,37.73,130950,0
2012-07-05,37.348,37.674,37.338,37.53,139484,0
2012-07-06,37.094,37.094,36.649,36.93,944742,0
2012-07-09,36.659,36.659,36.333,36.449,62981,0
2012-07-10,36.74,36.74,35.715,35.861,1369782,0
2012-07-11,36.269,36.314,35.969,36.159,165593,0
2012-07-12,35.544,35.715,35.344,35.644,56029,0
2012-07-13,35.796,36.187,35.796,36.094,268334,0
2012-07-16,35.842,36.094,35.68,36.033,330370,0
2012-07-17,36.287,36.767,35.96,36.668,204600,0
2012-07-18,35.933,36.459,35.933,36.386,75490,0
2012-07-19,36.668,36.905,36.558,36.831,30139,0
2012-07-20,36.541,36.568,36.071,36.187,115348,0
2012-07-23,35.353,35.733,35.236,35.733,45336,0
2012-07-24,35.596,35.596,35.298,35.524,324703,0
2012-07-25,35.605,35.644,35.307,35.407,317353,0
2012-07-26,35.905,36.087,35.851,36.087,43983,0
2012-07-27,36.359,37.177,36.295,37.077,272026,0
2012-07-30,36.659,36.967,36.623,36.75,47283,0
2012-07-31,37.094,37.221,36.967,36.967,52961,0
2012-08-01,37.293,37.348,37.067,37.12,49030,0
2012-08-02,36.686,36.95,36.488,36.704,126372,0
2012-08-03,37.367,37.648,37.348,37.584,76953,0
2012-08-06,37.702,37.983,37.684,37.747,45599,0
2012-08-07,37.947,38.138,37.92,37.992,31179,0
2012-08-08,37.855,38.085,37.81,37.892,45006,0
2012-08-09,38.1,38.356,38.047,38.085,37389,0
2012-08-10,37.802,38.091,37.802,38.011,48179,0
2012-08-13,37.747,37.785,37.485,37.684,36607,0
2012-08-14,37.847,37.929,37.711,37.711,21698,0
2012-08-15,37.556,37.702,37.556,37.657,11249,0
2012-08-16,37.457,37.601,37.402,37.53,191049,0
2012-08-17,37.601,37.601,37.43,37.566,30322,0
2012-08-20,37.466,37.629,37.328,37.556,47124,0
2012-08-21,37.657,37.747,37.357,37.43,117943,0
2012-08-22,37.104,37.377,37.021,37.32,54002,0
2012-08-23,37.421,37.438,37.168,37.221,60688,0
2012-08-24,37.048,37.158,36.786,37.057,65081,0
2012-08-27,36.93,36.93,36.494,36.63,41917,0
2012-08-28,36.596,36.73,36.494,36.578,174194,0
2012-08-29,36.532,36.587,36.404,36.503,180491,0
2012-08-30,36.195,36.195,35.879,35.905,367127,0
2012-08-31,36.113,36.259,35.96,36.062,79086,0
2012-09-04,35.87,35.879,35.571,35.706,321675,0
2012-09-05,35.452,35.452,35.188,35.307,64221,0
2012-09-06,35.68,36.123,35.68,36.071,47083,0
2012-09-07,36.786,37.004,36.722,36.94,618765,0
2012-09-10,36.677,36.821,36.469,36.522,261111,0
2012-09-11,36.704,36.958,36.695,36.84,143727,0
2012-09-12,37.021,37.194,37.013,37.168,162718,0
2012-09-13,37.077,38.32,36.958,38.075,496697,0
2012-09-14,38.572,38.892,38.356,38.563,133474,0
2012-09-17,38.32,38.32,38.02,38.075,600660,0
2012-09-18,37.992,38.038,37.839,37.929,100037,0
2012-09-19,38.247,38.455,38.128,38.328,180447,0
2012-09-20,37.955,37.955,37.711,37.864,722895,0
2012-09-21,38.328,38.328,38.085,38.128,176309,0
2012-09-24,37.955,38.183,37.892,38.1,107610,0
2012-09-25,38.091,38.22,37.593,37.593,101574,0
2012-09-26,37.302,37.485,37.168,37.266,54026,0
2012-09-27,37.974,38.201,37.82,38.201,91281,0
2012-09-28,38.238,38.247,38.011,38.1,143199,0
2012-10-01,38.374,38.782,38.283,38.427,64320,0
2012-10-02,38.518,38.637,38.283,38.445,45903,0
2012-10-03,38.445,38.546,38.254,38.4,506034,0
2012-10-04,38.526,38.764,38.419,38.736,44786,0
2012-10-05,39.234,39.272,38.882,38.925,37135,0
2012-10-08,38.427,38.546,38.328,38.518,880265,0
2012-10-09,38.755,38.755,38.238,38.328,2162973,0
2012-10-10,38.672,38.745,38.473,38.563,544501,0
2012-10-11,39.263,39.471,39.254,39.298,724034,0
2012-10-12,39.406,39.57,39.326,39.48,186080,0
2012-10-15,39.508,39.707,39.353,39.625,1116536,0
2012-10-16,39.861,40.132,39.79,39.998,387920,0
2012-10-17,40.114,40.597,39.897,40.478,932519,0
2012-10-18,40.45,40.768,40.388,40.488,147201,0
2012-10-19,40.507,40.507,40.105,40.197,232882,0
2012-10-22,40.788,40.905,40.459,40.768,235847,0
2012-10-23,40.297,40.297,39.889,40.051,550395,0
2012-10-24,40.74,40.74,40.405,40.45,313123,0
2012-10-25,40.714,40.84,40.54,40.687,1885481,0
2012-10-26,40.323,40.388,40.033,40.207,154354,0
2012-10-31,40.54,40.668,40.16,40.241,187394,0
2012-11-01,41.332,41.575,41.205,41.44,300650,0
2012-11-02,41.83,41.994,41.23,41.238,249951,0
2012-11-05,41.503,41.722,41.332,41.702,1322435,0
2012-11-06,41.566,41.966,41.503,41.902,798170,0
2012-11-07,41.313,41.313,40.778,40.977,851316,0
2012-11-08,40.805,41.085,40.168,40.279,629138,0
2012-11-09,40.188,40.587,40.105,40.323,760331,0
2012-11-12,40.56,40.74,40.468,40.578,1056703,0
2012-11-13,39.97,40.197,39.697,39.961,368828,0
2012-11-14,40.279,40.279,39.525,39.625,379348,0
2012-11-15,39.615,39.633,39.353,39.58,82701,0
2012-11-16,39.553,39.625,39.234,39.553,675399,0
2012-11-19,40.168,40.478,40.08,40.45,492467,0
2012-11-20,39.869,40.07,39.689,40.07,265668,0
2012-11-21,40.297,40.605,40.188,40.388,1027430,0
2012-11-23,41.159,41.284,40.986,41.238,119954,0
2012-11-26,41.022,41.14,40.886,41.14,57617,0
2012-11-27,40.86,40.924,40.605,40.668,90054,0
2012-11-28,40.397,40.85,40.215,40.822,469647,0
2012-11-29,40.977,41.149,40.778,40.931,282576,0
2012-11-30,41.159,41.356,41.04,41.076,467959,0
2012-12-03,40.986,41.013,40.704,40.759,395407,0
2012-12-04,40.905,41.222,40.896,40.967,786563,0
2012-12-05,41.866,42.31,41.812,42.029,492968,0
2012-12-06,41.911,42.157,41.794,42.157,334921,0
2012-12-07,42.31,42.31,42.074,42.192,905119,0
2012-12-10,42.456,42.755,42.409,42.591,196925,0
2012-12-11,42.456,42.745,42.419,42.583,151384,0
2012-12-12,42.882,43.045,42.681,42.681,188927,0
2012-12-13,42.546,42.565,42.147,42.266,108640,0
2012-12-14,42.745,42.945,42.7,42.873,222732,0
2012-12-17,42.855,42.99,42.819,42.964,361410,0
2012-12-18,42.718,43.145,42.536,43.027,1354602,0
2012-12-19,43.2,43.2,42.971,42.971,112716,0
2012-12-20,43.252,43.427,43.063,43.38,226526,0
2012-12-21,42.536,42.836,42.52,42.836,637166,0
2012-12-24,42.7,42.836,42.638,42.728,89956,0
2012-12-26,43.127,43.363,43.127,43.136,76979,0
2012-12-27,43,43.2,42.828,43.127,55134,0
2012-12-28,43.027,43.291,42.919,43.154,104860,0
2012-12-31,43.4,44.043,43.4,43.999,251138,0
2013-01-02,44.887,45.404,44.887,45.349,560016,0
2013-01-03,45.276,45.486,45.014,45.158,798397,0
2013-01-04,45.105,45.233,44.887,45.133,330138,0
2013-01-07,44.934,44.949,44.768,44.905,602830,0
2013-01-08,44.415,44.415,43.971,44.279,368843,0
2013-01-09,44.659,44.796,44.578,44.659,829168,0
2013-01-10,44.986,45.322,44.85,45.186,1278773,0
2013-01-11,44.678,44.686,44.506,44.678,556081,0
2013-01-14,44.977,44.977,44.651,44.777,115070,0
2013-01-15,44.806,44.834,44.696,44.777,115226,0
2013-01-16,44.696,44.905,44.534,44.858,200033,0
2013-01-17,44.759,45.186,44.759,44.995,445634,0
2013-01-18,45.141,45.358,45.014,45.167,315715,0
2013-01-22,45.404,45.448,45.167,45.241,88362,0
2013-01-23,45.195,45.195,44.924,45.032,751569,0
2013-01-24,45.086,45.313,45.014,45.068,246984,0
2013-01-25,44.824,44.824,44.351,44.588,316178,0
2013-01-28,44.686,44.786,44.424,44.442,132667,0
2013-01-29,44.686,45.224,44.686,45.141,351298,0
2013-01-30,45.149,45.322,45.133,45.167,213930,0
2013-01-31,45.114,45.124,44.895,44.977,446673,0
2013-02-01,45.224,45.385,45.042,45.295,936230,0
2013-02-04,44.815,44.815,44.088,44.171,1648142,0
2013-02-05,44.307,44.46,44.088,44.351,1192629,0
2013-02-06,44.07,44.279,43.924,44.279,1497809,0
2013-02-07,43.909,43.909,43.317,43.516,1353158,0
2013-02-08,43.779,44.088,43.743,44.061,388357,0
2013-02-11,44.016,44.052,43.789,44.016,135356,0
2013-02-12,44.088,44.27,43.934,44.043,337427,0
2013-02-13,44.196,44.406,44.196,44.342,731150,0
2013-02-14,44.298,44.406,44.27,44.369,302607,0
2013-02-15,44.55,44.606,44.351,44.515,494537,0
2013-02-19,43.789,43.88,43.7,43.725,1557529,0
2013-02-20,43.825,43.842,43.262,43.327,709863,0
2013-02-21,42.836,42.855,42.419,42.691,1328742,0
2013-02-22,42.782,42.782,42.52,42.737,695376,0
2013-02-25,42.873,43.082,42.065,42.065,1099334,0
2013-02-26,42.074,42.266,41.774,42.103,1006899,0
2013-02-27,42.157,42.773,42.093,42.656,903259,0
2013-02-28,43.073,43.327,42.954,42.964,552553,0
2013-03-01,42.638,42.938,42.51,42.791,221936,0
2013-03-04,42.128,42.173,41.875,42.147,818016,0
2013-03-05,42.302,42.656,42.302,42.51,1081199,0
2013-03-06,42.773,42.845,42.546,42.691,446731,0
2013-03-07,42.673,42.865,42.628,42.836,702983,0
2013-03-08,43.4,43.491,43.1,43.344,561845,0
2013-03-11,42.981,43.118,42.765,42.836,1475708,0
2013-03-12,42.337,42.446,41.929,42.119,1162016,0
2013-03-13,41.622,41.695,41.313,41.365,672202,0
2013-03-14,41.83,42.038,41.731,41.984,1276727,0
2013-03-15,41.313,41.622,41.238,41.494,1158999,0
2013-03-18,40.931,40.977,40.714,40.759,236477,0
2013-03-19,40.641,40.651,40.089,40.441,438586,0
2013-03-20,41.503,41.566,41.222,41.421,554882,0
2013-03-21,41.14,41.284,40.915,40.995,2670270,0
2013-03-22,41.222,41.258,41.031,41.167,1054844,0
2013-03-25,41.258,41.356,40.778,40.896,796346,0
2013-03-26,41.205,41.53,41.205,41.413,1337743,0
2013-03-27,41.266,41.476,41.076,41.476,938892,0
2013-03-28,40.967,41.196,40.877,41.104,1146697,0
2013-04-01,41.049,41.085,40.531,40.641,680595,0
2013-04-02,40.85,40.958,40.651,40.695,205595,0
2013-04-03,40.659,40.695,39.998,40.098,1552678,0
2013-04-04,40.178,40.178,39.752,40.132,448458,0
2013-04-05,39.135,39.824,38.909,39.752,880467,0
2013-04-08,39.462,39.897,39.416,39.798,325148,0
2013-04-09,40.089,40.632,40.025,40.388,2703762,0
2013-04-10,40.515,40.896,40.515,40.695,560693,0
2013-04-11,40.55,40.704,40.441,40.531,235341,0
2013-04-12,40.388,40.388,39.843,40.168,392764,0
2013-04-15,39.561,39.57,39.007,39.017,554915,0
2013-04-16,39.57,39.744,39.398,39.734,140619,0
2013-04-17,39.225,39.225,38.681,38.998,397453,0
2013-04-18,39.307,39.381,38.909,39.145,641319,0
2013-04-19,40.132,40.422,40.051,40.279,877278,0
2013-04-22,40.597,40.659,40.279,40.659,667125,0
2013-04-23,40.089,40.651,40.08,40.507,687923,0
2013-04-24,40.515,41.022,40.441,40.868,364837,0
2013-04-25,41.104,41.556,41.104,41.303,794335,0
2013-04-26,41.547,41.547,40.822,41.031,396384,0
2013-04-29,41.238,41.639,41.122,41.539,308650,0
2013-04-30,41.539,41.929,41.404,41.902,159174,0
2013-05-01,41.765,41.765,41.248,41.303,168085,0
2013-05-02,41.404,41.556,41.248,41.556,228392,0
2013-05-03,41.794,42.22,41.794,41.966,153612,0
2013-05-06,42.029,42.173,41.937,42.103,134038,0
2013-05-07,42.583,42.7,42.436,42.574,191435,0
2013-05-08,42.718,42.971,42.6,42.971,161329,0
2013-05-09,42.665,42.791,42.465,42.583,335877,0
2013-05-10,42.755,42.828,42.574,42.765,134261,0
2013-05-13,42.229,42.229,42.074,42.128,197837,0
2013-05-14,41.937,42.274,41.937,42.173,1075191,0
2013-05-15,42.093,42.247,41.994,42.22,502138,0
2013-05-16,42.084,42.202,41.921,41.984,1262624,0
2013-05-17,42.192,42.446,42.192,42.436,115791,0
2013-05-20,42.7,42.865,42.609,42.855,383043,0
2013-05-21,42.6,42.828,42.373,42.7,376289,0
2013-05-22,42.419,42.745,41.757,41.947,303606,0
2013-05-23,41.085,41.722,40.788,41.712,1029712,0
2013-05-24,41.113,41.122,40.788,41.022,267276,0
2013-05-28,42.021,42.021,41.675,41.731,268854,0
2013-05-29,41.431,41.431,41.068,41.248,284703,0
2013-05-30,41.395,41.647,41.266,41.375,338478,0
2013-05-31,41.322,41.322,40.531,40.605,489512,0
2013-06-03,40.85,41.186,40.687,41.132,433857,0
2013-06-04,40.977,41.095,40.468,40.668,239267,0
2013-06-05,40.569,40.587,40.089,40.105,202539,0
2013-06-06,39.952,40.431,39.843,40.422,296218,0
2013-06-07,40.16,40.431,39.869,40.114,460227,0
2013-06-10,39.843,39.879,39.508,39.671,138175,0
2013-06-11,38.882,39.244,38.79,39.045,643155,0
2013-06-12,39.182,39.182,38.672,38.925,1242742,0
2013-06-13,38.502,39.426,38.502,39.353,1433343,0
2013-06-14,38.726,38.764,38.138,38.32,351191,0
2013-06-17,38.863,39.191,38.726,38.935,139031,0
2013-06-18,38.935,39.026,38.826,38.954,1426449,0
2013-06-19,38.563,38.745,37.794,37.855,2837237,0
2013-06-20,37.257,37.266,35.905,36.395,2276358,0
2013-06-21,36.878,37.194,36.259,36.821,1538649,0
2013-06-24,35.814,36.223,35.379,35.933,826435,0
2013-06-25,36.459,36.677,36.169,36.488,1304368,0
2013-06-26,37.286,37.393,36.94,37.276,521859,0
2013-06-27,37.441,37.906,37.441,37.693,445010,0
2013-06-28,37.822,38.165,37.617,37.925,311432,0
2013-07-01,38.148,38.148,37.683,37.813,602640,0
2013-07-02,37.805,37.953,37.023,37.285,1288872,0
2013-07-03,36.756,37.275,36.671,36.969,386165,0
2013-07-05,37.379,37.379,36.774,37.117,365618,0
2013-07-08,37.183,37.609,37.183,37.302,295032,0
2013-07-09,37.433,37.636,37.275,37.451,1486995,0
2013-07-10,37.46,37.609,37.265,37.379,531625,0
2013-07-11,38.676,39.354,38.658,39.288,463007,0
2013-07-12,38.584,38.676,38.353,38.492,216808,0
2013-07-15,38.695,39.001,38.676,38.891,169377,0
2013-07-16,38.992,39.103,38.77,39.085,474519,0
2013-07-17,39.288,39.438,39.066,39.131,840393,0
2013-07-18,39.048,39.17,38.862,38.891,149232,0
2013-07-19,38.891,39.112,38.805,38.983,264063,0
2013-07-22,38.853,39.141,38.751,39.103,203073,0
2013-07-23,40.004,40.328,39.801,40.089,557675,0
2013-07-24,40.105,40.105,39.466,39.762,274533,0
2013-07-25,39.827,40.152,39.762,40.098,166963,0
2013-07-26,39.977,40.254,39.641,40.17,420987,0
2013-07-29,39.745,39.809,39.549,39.641,411229,0
2013-07-30,39.92,39.967,39.577,39.66,239594,0
2013-07-31,39.688,39.977,39.373,39.503,406084,0
2013-08-01,40.133,40.672,40.013,40.43,437190,0
2013-08-02,40.264,40.617,40.264,40.522,175259,0
2013-08-05,40.254,40.254,39.977,40.142,233356,0
2013-08-06,40.079,40.105,39.745,39.892,169160,0
2013-08-07,39.559,39.577,39.214,39.271,673412,0
2013-08-08,39.66,40.079,39.391,39.939,274395,0
2013-08-09,39.977,40.337,39.929,40.114,201963,0
2013-08-12,40.82,41.265,40.765,41.237,532900,0
2013-08-13,41.74,42.027,41.581,41.823,187197,0
2013-08-14,41.869,42.02,41.823,41.924,981382,0
2013-08-15,41.684,41.731,41.332,41.545,658070,0
2013-08-16,41.796,41.869,41.434,41.452,597537,0
2013-08-19,41.694,41.712,41.237,41.256,560306,0
2013-08-20,40.736,41.006,40.672,40.794,646622,0
2013-08-21,40.395,40.404,39.827,40.059,659240,0
2013-08-22,40.785,41.127,40.785,41.044,372083,0
2013-08-23,40.905,41.062,40.599,41.006,372566,0
2013-08-26,41.212,41.293,40.775,40.905,107795,0
2013-08-27,40.726,40.726,40.226,40.302,723684,0
2013-08-28,40.114,40.522,39.958,40.273,922053,0
2013-08-29,40.477,40.699,40.282,40.357,396021,0
2013-08-30,40.551,40.654,40.17,40.571,2425980,0
2013-09-03,41.796,41.981,41.452,41.517,635871,0
2013-09-04,41.888,42.204,41.776,42.138,816835,0
2013-09-05,42.362,42.732,42.315,42.602,493125,0
2013-09-06,43.217,43.217,42.491,42.798,414731,0
2013-09-09,43.307,43.874,43.179,43.773,746215,0
2013-09-10,44.125,44.394,43.957,44.366,1506158,0
2013-09-11,43.893,44.051,43.679,43.947,434504,0
2013-09-12,43.8,43.8,43.355,43.437,256029,0
2013-09-13,43.457,43.735,43.392,43.716,877985,0
2013-09-16,44.265,44.274,43.884,44.014,1189232,0
2013-09-17,43.987,44.042,43.669,43.8,3491163,0
2013-09-18,43.642,44.746,43.382,44.7,594990,0
2013-09-19,44.45,44.485,44.023,44.357,358266,0
2013-09-20,44.589,44.589,43.8,43.846,574376,0
2013-09-23,44.033,44.357,43.967,44.218,693647,0
2013-09-24,43.836,43.947,43.548,43.716,241722,0
2013-09-25,43.773,43.81,43.392,43.485,423291,0
2013-09-26,43.373,43.605,43.169,43.437,786954,0
2013-09-27,43.29,43.336,43.094,43.251,216014,0
2013-09-30,42.668,42.788,42.463,42.741,385874,0
2013-10-01,42.834,43.327,42.834,43.327,299329,0
2013-10-02,42.973,43.42,42.964,43.42,383607,0
2013-10-03,43.66,43.725,43.011,43.261,244785,0
2013-10-04,43.53,43.987,43.53,43.865,706968,0
2013-10-07,43.27,43.596,43.217,43.42,231058,0
2013-10-08,43.8,43.893,43.336,43.336,358540,0
2013-10-09,43.605,43.744,43.226,43.587,986582,0
2013-10-10,43.725,44.227,43.699,44.198,605546,0
2013-10-11,43.996,44.469,43.977,44.422,216951,0
2013-10-14,44.069,44.764,44.051,44.627,145837,0
2013-10-15,44.422,44.476,43.996,44.06,267001,0
2013-10-16,44.097,44.422,44.069,44.245,809758,0
2013-10-17,43.846,44.198,43.764,44.125,241181,0
2013-10-18,44.384,44.515,44.227,44.227,660983,0
2013-10-21,44.525,44.551,44.357,44.413,399101,0
2013-10-22,44.495,44.803,44.366,44.384,640053,0
2013-10-23,43.242,43.28,42.992,43.059,1236253,0
2013-10-24,42.919,42.973,42.463,42.585,1149234,0
2013-10-25,42.566,42.612,42.408,42.585,119756,0
2013-10-28,42.713,42.919,42.612,42.659,170505,0
2013-10-29,43.085,43.217,43.03,43.076,490543,0
2013-10-30,43.836,43.836,43.336,43.512,131352,0
2013-10-31,43.884,43.938,43.503,43.577,397129,0
2013-11-01,43.855,44.078,43.577,43.874,355784,0
2013-11-04,43.947,44.069,43.828,43.957,1094484,0
2013-11-05,43.437,43.587,43.251,43.503,3010648,0
2013-11-06,43.735,43.735,43.411,43.437,145949,0
2013-11-07,43.345,43.345,42.677,42.741,317651,0
2013-11-08,42.65,42.881,42.427,42.826,568385,0
2013-11-11,43.382,43.382,43.03,43.066,424924,0
2013-11-12,43.059,43.059,42.566,42.77,300490,0
2013-11-13,42.102,42.622,41.832,42.547,762538,0
2013-11-14,42.641,43.122,42.427,43.02,575440,0
2013-11-15,44.19,45.231,44.033,44.719,1597782,0
2013-11-18,45.61,46.325,45.61,45.916,940975,0
2013-11-19,46,46.067,45.759,45.803,441520,0
2013-11-20,45.619,45.787,45.322,45.341,1129274,0
2013-11-21,45.275,45.639,45.173,45.516,1544619,0
2013-11-22,45.657,45.87,45.359,45.803,2140935,0
2013-11-25,45.526,45.582,44.968,44.997,300692,0
2013-11-26,45.109,45.509,45.072,45.397,1627226,0
2013-11-27,45.888,46.296,45.657,46.287,2812530,0
2013-11-29,46.306,46.388,46.082,46.296,441177,0
2013-12-02,46.483,46.483,45.591,45.665,1184554,0
2013-12-03,45.861,45.861,45.145,45.425,1266177,0
2013-12-04,45.312,45.935,45.256,45.722,467872,0
2013-12-05,45.778,45.803,45.406,45.489,338535,0
2013-12-06,46.195,46.519,46.067,46.37,729270,0
2013-12-09,46.019,46.287,46.019,46.12,380161,0
2013-12-10,45.749,46.11,45.712,46.075,275543,0
2013-12-11,45.434,45.444,44.627,44.755,436511,0
2013-12-12,44.636,44.636,44.274,44.413,314639,0
2013-12-13,44.914,44.914,44.469,44.719,181863,0
2013-12-16,44.738,45.072,44.681,44.681,227802,0
2013-12-17,44.459,44.469,44.033,44.097,331003,0
2013-12-18,44.375,45.094,43.779,44.842,353420,0
2013-12-19,44.04,44.115,43.611,43.946,773351,0
2013-12-20,43.872,43.927,43.583,43.656,572665,0
2013-12-23,43.779,43.936,43.554,43.611,920702,0
2013-12-24,44.058,44.506,43.825,44.302,96655,0
2013-12-26,44.181,44.181,43.656,43.965,146383,0
2013-12-27,44.357,44.692,44.357,44.664,347411,0
2013-12-30,44.413,44.572,44.311,44.486,152113,0
2013-12-31,44.59,44.961,44.496,44.961,97842,0
2014-01-02,44.506,44.506,43.593,43.639,515544,0
2014-01-03,43.491,43.544,43.06,43.221,560131,0
2014-01-06,42.995,42.995,42.567,42.567,1368227,0
2014-01-07,42.548,42.715,42.417,42.586,248932,0
2014-01-08,43.004,43.117,42.875,43.032,686983,0
2014-01-09,42.697,42.743,42.193,42.445,491845,0
2014-01-10,42.809,43.246,42.687,43.173,440060,0
2014-01-13,42.892,42.892,42.352,42.427,232854,0
2014-01-14,42.697,43.089,42.521,43.014,702596,0
2014-01-15,42.941,43.089,42.828,42.931,625576,0
2014-01-16,42.902,42.902,42.586,42.669,319864,0
2014-01-17,42.883,42.883,42.491,42.669,755207,0
2014-01-21,42.828,42.892,42.343,42.623,204954,0
2014-01-22,43.182,43.527,43.014,43.452,710827,0
2014-01-23,41.97,42.594,41.783,41.941,1894490,0
2014-01-24,41.558,41.558,40.711,40.728,788580,0
2014-01-27,40.44,41.009,40.318,40.59,721350,0
2014-01-28,40.841,41.14,40.813,41.009,745931,0
2014-01-29,40.944,41.074,40.507,40.87,552934,0
2014-01-30,41.232,41.382,40.962,40.962,347826,0
2014-01-31,40.728,41.112,40.412,40.944,576108,0
2014-02-03,40.87,40.87,39.853,39.881,288650,0
2014-02-04,40.002,40.609,39.975,40.412,1891726,0
2014-02-05,40.021,40.208,39.657,39.956,927662,0
2014-02-06,40.088,40.609,40.068,40.552,422363,0
2014-02-07,41.009,41.121,40.627,40.813,403645,0
2014-02-10,40.748,40.787,40.302,40.542,411670,0
2014-02-11,41.327,41.793,41.131,41.773,242707,0
2014-02-12,42.062,42.371,41.699,41.728,319460,0
2014-02-13,41.476,42.018,41.448,42.018,273260,0
2014-02-14,42.111,42.511,41.97,42.352,144133,0
2014-02-18,42.296,42.482,42.165,42.288,121512,0
2014-02-19,42.417,42.687,42.157,42.408,575037,0
2014-02-20,42.082,42.362,41.783,42.212,326384,0
2014-02-21,42.157,42.305,42.044,42.296,108718,0
2014-02-24,41.802,42.118,41.651,41.838,223809,0
2014-02-25,41.327,41.651,41,41.121,1179455,0
2014-02-26,41.466,41.661,41.288,41.308,292175,0
2014-02-27,42.222,42.482,42.072,42.38,328489,0
2014-02-28,42.705,42.705,42.025,42.212,388520,0
2014-03-03,41.802,41.886,41.457,41.783,810932,0
2014-03-04,42.315,42.38,42.091,42.259,431829,0
2014-03-05,41.783,41.877,41.531,41.848,196808,0
2014-03-06,42.118,42.521,41.848,42.305,552743,0
2014-03-07,41.867,42.174,41.514,41.773,1491654,0
2014-03-10,41.074,41.187,40.822,41.187,1343989,0
2014-03-11,41.298,41.337,40.542,40.655,1022261,0
2014-03-12,40.318,40.581,40.123,40.516,400076,0
2014-03-13,40.367,40.404,39.396,39.61,243140,0
2014-03-14,39.628,39.937,39.434,39.555,703377,0
2014-03-17,39.789,39.965,39.628,39.648,478032,0
2014-03-18,40.039,40.404,40.03,40.282,581349,0
2014-03-19,39.834,40.225,39.508,39.723,162999,0
2014-03-20,39.312,39.601,39.06,39.545,113155,0
2014-03-21,40.235,40.972,40.225,40.44,425195,0
2014-03-24,40.805,40.908,40.609,40.748,1466707,0
2014-03-25,40.918,41.207,40.841,41.037,726498,0
2014-03-26,41.241,41.372,40.927,40.934,184888,0
2014-03-27,40.99,41.251,40.952,41.14,436904,0
2014-03-28,41.681,42.203,41.681,41.895,395758,0
2014-03-31,41.97,42.183,41.895,41.951,244819,0
2014-04-01,42.398,42.398,42.054,42.288,935895,0
2014-04-02,42.259,42.482,42.147,42.398,471912,0
2014-04-03,42.127,42.333,41.895,42.305,439665,0
2014-04-04,42.464,42.8,41.877,41.951,664748,0
2014-04-07,42.054,42.203,41.821,42.082,1131369,0
2014-04-08,42.511,42.941,42.501,42.594,410344,0
2014-04-09,43.107,43.294,42.632,43.173,302263,0
2014-04-10,43.63,44.077,43.192,43.265,567440,0
2014-04-11,42.725,42.866,42.632,42.79,608545,0
2014-04-14,43.052,43.052,42.576,42.781,470530,0
2014-04-15,41.932,42.111,41.337,41.719,749509,0
2014-04-16,42.062,42.362,41.989,42.231,343894,0
2014-04-17,42.278,42.548,42.062,42.362,218284,0
2014-04-21,42.259,42.288,41.857,42.091,145524,0
2014-04-22,42.018,42.222,41.793,41.857,3027873,0
2014-04-23,41.521,41.521,41.215,41.457,216929,0
2014-04-24,41.514,41.568,41.112,41.448,867094,0
2014-04-25,40.934,41.103,40.627,41.083,219883,0
2014-04-28,40.683,40.805,40.449,40.655,691867,0
2014-04-29,40.952,41.402,40.952,41.177,475819,0
2014-04-30,40.777,40.918,40.683,40.879,222645,0
2014-05-01,40.927,41.159,40.787,40.944,198451,0
2014-05-02,40.981,41.241,40.927,41.14,197738,0
2014-05-05,40.728,40.813,40.581,40.767,106463,0
2014-05-06,40.795,41.037,40.646,40.777,83223,0
2014-05-07,40.523,40.683,40.347,40.646,1751772,0
2014-05-08,40.636,40.693,40.395,40.42,241292,0
2014-05-09,40.357,40.542,40.254,40.367,273935,0
2014-05-12,41.037,41.298,41.037,41.27,335764,0
2014-05-13,41.261,41.549,41.232,41.448,329421,0
2014-05-14,41.895,42.025,41.821,41.848,269967,0
2014-05-15,41.802,41.802,41.448,41.719,123130,0
2014-05-16,41.681,42.062,41.671,42.035,114796,0
2014-05-19,41.838,41.941,41.783,41.904,886627,0
2014-05-20,41.783,41.895,41.541,41.728,157840,0
2014-05-21,42.222,42.259,42.111,42.203,233842,0
2014-05-22,42.623,42.705,42.558,42.669,80398,0
2014-05-23,42.734,42.772,42.642,42.715,350093,0
2014-05-27,42.705,42.743,42.352,42.511,129537,0
2014-05-28,42.912,42.922,42.678,42.8,253336,0
2014-05-29,42.705,42.819,42.669,42.763,77302,0
2014-05-30,42.931,43.042,42.697,42.763,408854,0
2014-06-02,42.866,43.173,42.866,43.098,176611,0
2014-06-03,43.117,43.63,43.107,43.508,739483,0
2014-06-04,42.958,43.163,42.958,43.117,169040,0
2014-06-05,43.368,43.508,43.201,43.452,156209,0
2014-06-06,43.221,43.294,43.163,43.255,168348,0
2014-06-09,43.425,43.713,43.406,43.647,634835,0
2014-06-10,43.946,43.975,43.815,43.955,166657,0
2014-06-11,43.564,43.771,43.564,43.647,157140,0
2014-06-12,43.751,43.815,43.452,43.63,719339,0
2014-06-13,43.891,44.217,43.891,44.171,288944,0
2014-06-16,44.077,44.096,43.891,44.049,132162,0
2014-06-17,43.843,44.506,43.825,44.049,240018,0
2014-06-18,44.004,44.292,43.696,44.264,696776,0
2014-06-19,43.891,43.946,43.751,43.872,655116,0
2014-06-20,43.891,43.891,43.732,43.807,143855,0
2014-06-23,43.312,43.387,43.173,43.275,146564,0
2014-06-24,43.387,43.527,43.08,43.117,240330,0
2014-06-25,43.201,43.504,43.201,43.446,115546,0
2014-06-26,43.929,44.006,43.807,43.893,82275,0
2014-06-27,43.835,44.035,43.76,44.006,55886,0
2014-06-30,44.053,44.1,43.873,43.929,97194,0
2014-07-01,44.214,44.366,44.195,44.242,91433,0
2014-07-02,44.896,44.896,44.736,44.849,412823,0
2014-07-03,45.047,45.332,45.029,45.294,1257060,0
2014-07-07,45.264,45.418,45.17,45.418,146348,0
2014-07-08,45.294,45.294,44.971,45.161,88851,0
2014-07-09,44.697,45.029,44.668,45,304447,0
2014-07-10,44.091,44.736,44.072,44.726,162557,0
2014-07-11,44.753,44.952,44.641,44.926,75873,0
2014-07-14,45.332,45.437,45.21,45.437,42867,0
2014-07-15,45.427,45.54,45.2,45.446,145758,0
2014-07-16,45.587,45.759,45.568,45.73,74820,0
2014-07-17,45.389,45.418,44.971,45.066,1734156,0
2014-07-18,45.408,45.521,45.313,45.37,244304,0
2014-07-21,44.936,45.398,44.916,45.389,70077,0
2014-07-22,46.261,46.308,46.128,46.242,261462,0
2014-07-23,46.64,46.81,46.573,46.715,656330,0
2014-07-24,47.046,47.303,46.924,47.16,240456,0
2014-07-25,47.17,47.226,47,47.151,140300,0
2014-07-28,47.529,47.938,47.445,47.909,129709,0
2014-07-29,48.033,48.079,47.71,47.777,270311,0
2014-07-30,47.899,47.899,47.209,47.425,349637,0
2014-07-31,47.379,47.425,46.848,46.886,1225260,0
2014-08-01,46.848,47.473,46.848,47.312,1960780,0
2014-08-04,47.624,47.862,47.473,47.824,495126,0
2014-08-05,47.503,47.597,47.18,47.33,1106380,0
2014-08-06,47.16,47.369,47.075,47.132,857935,0
2014-08-07,47.199,47.199,46.657,46.82,979137,0
2014-08-08,47.236,47.682,47.209,47.605,167952,0
2014-08-11,47.929,48.24,47.919,48.127,707998,0
2014-08-12,48.042,48.213,47.929,48.213,707200,0
2014-08-13,48.656,48.828,48.525,48.695,639074,0
2014-08-14,48.25,48.288,48.136,48.24,648268,0
2014-08-15,48.487,48.487,47.965,48.223,427503,0
2014-08-18,48.44,48.571,48.363,48.515,209140,0
2014-08-19,48.621,48.648,48.505,48.601,254196,0
2014-08-20,48.381,48.611,48.381,48.487,179015,0
2014-08-21,48.231,48.24,47.919,47.965,357502,0
2014-08-22,48.223,48.231,47.929,47.994,376346,0
2014-08-25,48.25,48.363,48.193,48.363,223867,0
2014-08-26,48.223,48.391,48.223,48.371,264513,0
2014-08-27,48.107,48.136,48.023,48.117,70970,0
2014-08-28,47.369,47.473,47.246,47.445,143781,0
2014-08-29,47.682,47.832,47.425,47.493,805986,0
2014-09-02,47.852,47.929,47.72,47.786,400696,0
2014-09-03,49.264,49.359,49.046,49.197,169721,0
2014-09-04,49.464,49.568,49.131,49.235,299661,0
2014-09-05,49.33,49.663,49.178,49.663,459935,0
2014-09-08,49.49,49.529,49.206,49.387,307578,0
2014-09-09,49.339,49.339,48.951,48.998,2121449,0
2014-09-10,48.163,48.477,48.042,48.371,655312,0
2014-09-11,47.974,48.213,47.929,48.146,442269,0
2014-09-12,48.023,48.023,47.7,47.832,1319668,0
2014-09-15,47.455,47.529,47.123,47.209,582318,0
2014-09-16,46.753,47.984,46.695,47.558,1048618,0
2014-09-17,47.511,47.663,47.132,47.246,392571,0
2014-09-18,47.218,47.312,47.123,47.226,94715,0
2014-09-19,47.218,47.284,46.621,46.753,286511,0
2014-09-22,46.421,46.421,45.778,45.92,388003,0
2014-09-23,45.824,46.044,45.646,45.672,446651,0
2014-09-24,46.373,46.753,46.147,46.611,523884,0
2014-09-25,46.08,46.08,45.664,45.824,241857,0
2014-09-26,45.881,46.128,45.844,45.967,200138,0
2014-09-29,45.02,45.02,44.736,44.812,403206,0
2014-09-30,44.687,44.971,44.603,44.887,840495,0
2014-10-01,44.678,44.697,44.006,44.044,690710,0
2014-10-02,44.016,44.147,43.192,43.929,1274185,0
2014-10-03,44.841,44.877,44.518,44.641,795714,0
2014-10-06,45.607,45.682,45.427,45.521,1302108,0
2014-10-07,45.521,45.559,45.151,45.17,206582,0
2014-10-08,45.274,46.024,45.076,45.91,1028986,0
2014-10-09,45.654,45.711,45.096,45.246,1170597,0
2014-10-10,44.867,44.867,44.366,44.384,318098,0
2014-10-13,44.906,45.21,44.622,44.65,379395,0
2014-10-14,44.612,44.952,44.413,44.697,328715,0
2014-10-15,44.195,44.574,43.486,44.488,1451324,0
2014-10-16,43.664,44.668,43.599,44.328,573069,0
2014-10-17,45.01,45.19,44.744,44.782,407733,0
2014-10-20,44.603,44.916,44.537,44.896,226183,0
2014-10-21,44.961,45.284,44.887,45.039,295255,0
2014-10-22,45.2,45.264,44.877,44.936,307756,0
2014-10-23,45.255,45.418,45.125,45.19,255554,0
2014-10-24,45.161,45.484,45.125,45.313,117025,0
2014-10-27,44.612,44.831,44.508,44.831,313159,0
2014-10-28,45.654,45.995,45.587,45.91,496223,0
2014-10-29,46.328,46.441,45.824,46.053,1038314,0
2014-10-30,45.824,46.271,45.824,46.088,180888,0
2014-10-31,46.573,46.857,46.516,46.621,419841,0
2014-11-03,46.298,46.441,46.138,46.318,520512,0
2014-11-04,46.478,46.555,46.261,46.516,396404,0
2014-11-05,46.212,46.338,46.063,46.222,448205,0
2014-11-06,46.212,46.271,45.995,46.138,765669,0
2014-11-07,45.788,46.044,45.721,45.995,216966,0
2014-11-10,46.373,46.421,46.063,46.063,140856,0
2014-11-11,46.053,46.279,46.024,46.204,465974,0
2014-11-12,46.318,46.469,46.108,46.166,659861,0
2014-11-13,46.546,46.546,46.271,46.451,322719,0
2014-11-14,47.085,47.511,47.085,47.408,802459,0
2014-11-17,46.034,46.166,45.995,46.108,171245,0
2014-11-18,45.646,45.702,45.568,45.664,433767,0
2014-11-19,45.332,45.559,45.21,45.427,818539,0
2014-11-20,45.143,45.304,45.076,45.151,1682662,0
2014-11-21,46.8,47.095,46.65,46.735,808932,0
2014-11-24,46.914,46.914,46.65,46.705,410346,0
2014-11-25,46.83,46.83,46.347,46.383,474637,0
2014-11-26,47.445,47.72,47.379,47.682,151310,0
2014-11-28,47.369,47.463,47.085,47.16,172670,0
2014-12-01,46.108,46.108,45.814,45.967,408555,0
2014-12-02,46.771,47.056,46.745,46.914,304043,0
2014-12-03,46.469,46.745,46.392,46.64,456083,0
2014-12-04,47.758,47.862,47.529,47.748,342029,0
2014-12-05,48.117,48.213,47.767,48.213,294611,0
2014-12-08,48.173,48.183,47.654,47.72,349033,0
2014-12-09,46.044,46.271,45.92,46.222,309618,0
2014-12-10,46.526,46.592,45.91,45.967,651045,0
2014-12-11,46.08,46.657,46.063,46.252,984511,0
2014-12-12,45.967,46.118,45.578,45.607,557572,0
2014-12-15,45.891,45.957,45.039,45.427,442512,0
2014-12-16,44.877,45.948,44.762,45.255,338405,0
2014-12-17,45.666,46.651,45.237,46.318,1248075,0
2014-12-18,46.651,46.661,46.193,46.586,427794,0
2014-12-19,46.338,46.948,46.338,46.776,309699,0
2014-12-22,47.399,47.686,47.254,47.667,261944,0
2014-12-23,47.303,47.303,46.91,47.063,205967,0
2014-12-24,46.747,46.805,46.605,46.747,72036,0
2014-12-26,47.934,48.327,47.857,47.895,242012,0
2014-12-29,47.934,48.069,47.857,47.867,114700,0
2014-12-30,47.274,47.513,47.254,47.303,255179,0
2014-12-31,48.095,48.23,47.944,48.039,151268,0
2015-01-02,48.499,48.584,47.981,48.069,262139,0
2015-01-05,48.382,48.431,47.905,48.001,290927,0
2015-01-06,48.059,48.153,47.35,47.541,144333,0
2015-01-07,48.546,48.833,48.412,48.756,206993,0
2015-01-08,49.11,49.388,49.11,49.244,103855,0
2015-01-09,49.397,49.445,48.919,49.081,1083299,0
2015-01-12,48.976,49.062,48.546,48.634,166417,0
2015-01-13,49.445,49.646,48.747,49.187,453003,0
2015-01-14,48.784,48.937,48.422,48.679,317609,0
2015-01-15,49.531,49.616,48.947,48.966,144647,0
2015-01-16,48.212,48.814,48.202,48.728,423618,0
2015-01-20,48.222,48.422,48.144,48.355,1085962,0
2015-01-21,49.254,49.933,49.205,49.903,466785,0
2015-01-22,49.99,50.785,49.837,50.745,708761,0
2015-01-23,50.544,50.688,50.498,50.544,246746,0
2015-01-26,50.42,50.668,50.363,50.458,270356,0
2015-01-27,49.301,49.713,49.272,49.636,708139,0
2015-01-28,49.426,49.426,48.833,48.919,710480,0
2015-01-29,49.244,49.33,48.737,49.264,619788,0
2015-01-30,48.766,48.843,48.115,48.202,1493696,0
2015-02-02,48.594,48.947,48.527,48.871,300081,0
2015-02-03,49.272,49.683,49.254,49.57,577726,0
2015-02-04,50.325,50.678,49.903,49.961,552473,0
2015-02-05,49.578,50.019,49.502,49.893,748475,0
2015-02-06,49.091,49.234,48.775,48.804,382772,0
2015-02-09,48.669,48.804,48.479,48.565,526813,0
2015-02-10,48.852,48.957,48.669,48.871,191366,0
2015-02-11,48.669,48.843,48.507,48.824,410621,0
2015-02-12,49.359,49.626,49.168,49.55,474500,0
2015-02-13,49.856,49.933,49.683,49.847,458164,0
2015-02-17,50.076,50.171,49.827,50.086,467980,0
2015-02-18,49.903,49.999,49.742,49.913,217828,0
2015-02-19,49.78,49.99,49.656,49.856,107265,0
2015-02-20,49.771,50.21,49.656,50.2,148922,0
2015-02-23,50.028,50.191,49.722,49.818,201054,0
2015-02-24,50.22,50.593,50.038,50.41,758397,0
2015-02-25,50.335,50.391,50.181,50.248,504722,0
2015-02-26,50.765,50.89,50.668,50.765,354252,0
2015-02-27,50.909,50.928,50.631,50.745,510969,0
2015-03-02,50.574,50.975,50.507,50.975,218428,0
2015-03-03,49.78,49.943,49.636,49.732,413538,0
2015-03-04,49.196,49.244,48.947,49.234,460173,0
2015-03-05,49.11,49.215,48.881,48.966,307200,0
2015-03-06,48.775,48.852,48.372,48.441,617537,0
2015-03-09,48.947,49.081,48.852,48.871,327066,0
2015-03-10,47.953,48.001,47.704,47.819,204730,0
2015-03-11,47.981,48.222,47.837,48.086,1336080,0
2015-03-12,48.699,48.784,48.431,48.546,1755892,0
2015-03-13,48.756,48.756,48.422,48.718,845375,0
2015-03-16,49.406,49.597,49.369,49.57,730045,0
2015-03-17,49.215,49.971,49.168,49.865,4705977,0
2015-03-18,49.971,50.803,49.676,50.603,1037454,0
2015-03-19,50.668,50.678,50.248,50.488,569439,0
2015-03-20,50.574,50.87,50.468,50.658,467074,0
2015-03-23,50.725,50.735,50.478,50.593,567243,0
2015-03-24,50.239,50.458,50.239,50.391,585228,0
2015-03-25,50.354,50.391,49.751,49.798,1117235,0
2015-03-26,49.827,49.961,49.541,49.808,1223154,0
2015-03-27,50.631,50.658,50.305,50.534,2767625,0
2015-03-30,51.644,52.544,51.644,52.4,1427048,0
2015-03-31,51.778,52.18,51.663,52.123,1765357,0
2015-04-01,52.878,53.031,52.677,52.974,3003408,0
2015-04-02,53.308,53.72,53.308,53.625,876954,0
2015-04-06,53.749,54.475,53.749,54.236,436856,0
2015-04-07,54.562,54.619,54.275,54.275,688043,0
2015-04-08,57.44,57.928,57.201,57.584,1024070,0
2015-04-09,58.627,60.224,58.618,60.098,4014812,0
2015-04-10,59.143,59.688,58.818,59.535,948891,0
2015-04-13,60.797,60.939,60.013,60.032,2614756,0
2015-04-14,58.846,59.679,58.759,59.496,1674752,0
2015-04-15,59.63,59.802,59.286,59.746,1532454,0
2015-04-16,60.339,61.084,60.157,60.672,770767,0
2015-04-17,57.756,58.855,57.727,58.55,2844582,0
2015-04-20,58.521,59.055,58.521,58.875,618448,0
2015-04-21,60.51,60.529,60.071,60.147,672753,0
2015-04-22,61.113,61.304,60.912,61.276,933092,0
2015-04-23,60.414,60.959,60.29,60.759,262135,0
2015-04-24,60.759,60.855,60.643,60.769,272067,0
2015-04-27,61.514,61.763,61.322,61.59,372656,0
2015-04-28,61.419,61.678,61.151,61.62,2379494,0
2015-04-29,60.874,61.017,60.482,60.816,412807,0
2015-04-30,60.434,60.434,59.917,59.947,847885,0
2015-05-01,60.107,60.672,60.052,60.501,199503,0
2015-05-04,60.385,61.236,60.329,60.999,1736443,0
2015-05-05,59.459,59.64,58.989,59.143,1489994,0
2015-05-06,58.95,59.105,57.776,57.871,547578,0
2015-05-07,57.374,57.594,57.125,57.554,1163210,0
2015-05-08,58.828,59.228,58.654,58.894,1645580,0
2015-05-11,59.248,59.362,58.434,58.511,1649344,0
2015-05-12,57.785,58.253,57.746,58.215,967049,0
2015-05-13,57.966,58.177,57.584,57.689,389071,0
2015-05-14,58.023,58.186,57.918,58.099,1434786,0
2015-05-15,58.769,59.248,58.751,59.095,427950,0
2015-05-18,58.349,58.511,58.167,58.426,405000,0
2015-05-19,59.161,59.181,58.885,59.055,406428,0
2015-05-20,58.56,58.759,58.34,58.618,549781,0
2015-05-21,58.349,58.444,58.233,58.376,403605,0
2015-05-22,59.755,60.339,59.65,60.062,839624,0
2015-05-26,60.662,60.959,60.071,60.309,2609718,0
2015-05-27,59.937,60.309,59.802,60.252,321316,0
2015-05-28,58.119,58.282,57.831,58.119,1064734,0
2015-05-29,57.966,58.053,57.192,57.239,806269,0
2015-06-01,58.099,58.128,57.709,57.871,206493,0
2015-06-02,57.689,58.089,57.603,57.776,888584,0
2015-06-03,57.928,58.434,57.805,58.233,1175997,0
2015-06-04,58.023,58.072,57.584,57.717,867857,0
2015-06-05,57.067,57.43,56.886,57.325,248960,0
2015-06-08,57.594,57.651,57.384,57.45,855727,0
2015-06-09,56.235,56.627,56.071,56.627,647504,0
2015-06-10,55.594,56.265,55.575,56.206,2566619,0
2015-06-11,56.436,56.675,56.302,56.561,2477238,0
2015-06-12,57.057,57.144,56.923,57.029,274787,0
2015-06-15,55.49,55.624,55.278,55.509,837324,0
2015-06-16,54.61,54.954,54.408,54.762,274473,0
2015-06-17,55.059,55.24,54.667,55.021,907693,0
2015-06-18,54.772,55.355,54.762,55.288,575921,0
2015-06-19,54.686,55.049,54.628,54.762,423889,0
2015-06-22,55.46,55.72,55.346,55.423,879463,0
2015-06-23,56.675,56.799,56.589,56.752,1467054,0
2015-06-24,57.173,57.344,56.789,56.848,336791,0
2015-06-25,56.347,56.347,55.96,55.96,384873,0
2015-06-26,54.761,55.061,54.375,54.511,1434760,0
2015-06-29,53.514,53.65,52.954,52.964,1553686,0
2015-06-30,54.481,54.578,53.814,54.143,806980,0
2015-07-01,53.758,54.085,53.534,53.758,409872,0
2015-07-02,54.095,54.375,53.708,53.785,481808,0
2015-07-06,51.12,51.593,50.927,51.07,1469123,0
2015-07-07,48.357,49.11,47.68,49.003,2476209,0
2015-07-08,46.375,46.839,45.652,45.738,4169520,0
2015-07-09,48.628,49.351,48.009,48.037,4265984,0
2015-07-10,50.413,50.579,49.777,50.511,2897569,0
2015-07-13,50.994,51.207,50.722,50.772,3945021,0
2015-07-14,50.327,50.782,50.307,50.732,986310,0
2015-07-15,50.028,50.047,49.448,49.544,680834,0
2015-07-16,50.25,50.539,50.163,50.502,448272,0
2015-07-17,51.207,51.207,50.878,50.974,1572006,0
2015-07-20,50.722,50.944,50.452,50.752,516066,0
2015-07-21,51.139,51.332,50.964,51.032,754641,0
2015-07-22,50.588,50.627,50.337,50.385,669148,0
2015-07-23,50.829,50.859,50.327,50.375,859801,0
2015-07-24,50.24,50.25,49.496,49.815,846138,0
2015-07-27,47.806,48.114,47.341,47.602,3136558,0
2015-07-28,48.124,48.452,47.815,48.443,971791,0
2015-07-29,48.452,49.177,48.308,49.1,2249122,0
2015-07-30,48.308,48.51,48.067,48.433,618223,0
2015-07-31,48.588,48.78,48.124,48.347,615843,0
2015-08-03,47.806,47.806,47.331,47.593,554012,0
2015-08-04,47.922,48.172,47.728,47.825,1182005,0
2015-08-05,48.424,48.578,48.009,48.172,342078,0
2015-08-06,48.009,48.114,47.525,47.631,1010661,0
2015-08-07,48.384,48.394,47.979,48.124,267245,0
2015-08-10,48.868,49.419,48.868,49.225,640168,0
2015-08-11,48.328,48.664,48.085,48.618,312986,0
2015-08-12,47.331,47.787,47.091,47.68,3085118,0
2015-08-13,47.999,48.298,47.843,47.863,1481855,0
2015-08-14,47.863,48.114,47.863,48.047,258241,0
2015-08-17,47.428,47.863,47.341,47.833,184650,0
2015-08-18,46.879,47.032,46.723,46.791,618327,0
2015-08-19,46.288,46.288,45.361,45.777,569682,0
2015-08-20,44.791,44.974,44.375,44.414,916830,0
2015-08-21,44.048,44.346,43.022,43.062,2722650,0
2015-08-24,39.255,41.97,38.424,39.98,3052224,0
2015-08-25,43.072,43.244,40.772,41.198,3598389,0
2015-08-26,41.892,42.337,40.723,42.26,2398684,0
2015-08-27,43.38,44.491,43.235,44.309,2173773,0
2015-08-28,43.429,43.506,42.937,43.158,401075,0
2015-08-31,42.917,43.1,42.462,42.607,337213,0
2015-09-01,41.062,41.303,40.385,40.647,312891,0
2015-09-02,41.148,41.168,40.579,41.168,164673,0
2015-09-03,41.478,42.181,41.313,41.41,380685,0
2015-09-04,40.588,40.588,39.931,40.26,1751893,0
2015-09-08,42.878,43.003,42.491,42.907,544425,0
2015-09-09,43.92,43.999,42.839,42.897,1967180,0
2015-09-10,42.83,43.458,42.82,43.072,464844,0
2015-09-11,42.859,43.4,42.752,43.38,288774,0
2015-09-14,42.907,42.965,42.569,42.945,370955,0
2015-09-15,42.955,43.583,42.887,43.448,234076,0
2015-09-16,44.366,44.878,44.23,44.742,493710,0
2015-09-17,43.824,45.081,43.69,44.115,2411805,0
2015-09-18,43.593,43.93,43.139,43.235,568233,0
2015-09-21,43.893,44.163,43.709,43.999,316409,0
2015-09-22,43.226,43.342,42.897,43.284,320550,0
2015-09-23,42.917,42.955,42.433,42.578,1256216,0
2015-09-24,42.009,42.53,41.739,42.367,269309,0
2015-09-25,42.917,42.984,42.066,42.181,307507,0
2015-09-28,41.863,41.863,41.12,41.188,2654238,0
2015-09-29,41.168,41.545,40.954,41.274,550327,0
2015-09-30,42.231,42.424,41.873,42.327,446306,0
2015-10-01,42.617,42.772,42.201,42.617,413185,0
2015-10-02,42.917,44.336,42.83,44.289,1023129,0
2015-10-05,44.617,44.993,44.521,44.888,709424,0
2015-10-06,44.346,44.559,44.221,44.289,852245,0
2015-10-07,45.854,46.22,45.458,45.902,837133,0
2015-10-08,45.458,46.279,45.458,46.24,545772,0
2015-10-09,46.192,46.356,45.679,45.932,653207,0
2015-10-12,46.366,46.375,45.922,45.999,194181,0
2015-10-13,45.622,46.048,45.448,45.448,217046,0
2015-10-14,45.689,45.989,45.458,45.515,505923,0
2015-10-15,46.608,47.168,46.423,47.168,917347,0
2015-10-16,46.945,47.264,46.82,47.264,742014,0
2015-10-19,46.898,46.916,46.598,46.849,364642,0
2015-10-20,46.771,46.974,46.675,46.859,209764,0
2015-10-21,46.636,46.752,46.163,46.27,597833,0
2015-10-22,46.713,47.458,46.713,47.351,541736,0
2015-10-23,48.114,48.374,47.777,48.202,613877,0
2015-10-26,47.207,47.351,46.994,47.245,1608750,0
2015-10-27,46.781,46.945,46.626,46.888,315788,0
2015-10-28,46.743,46.916,45.932,46.338,638097,0
2015-10-29,45.844,46.028,45.777,45.844,891990,0
2015-10-30,45.97,45.97,45.689,45.699,409976,0
2015-11-02,45.652,46.173,45.622,46.143,300746,0
2015-11-03,45.795,46.443,45.787,46.21,356465,0
2015-11-04,47.225,47.321,46.54,46.713,559972,0
2015-11-05,46.916,47.158,46.762,46.936,975724,0
2015-11-06,46.385,46.743,46.094,46.636,437404,0
2015-11-09,46.279,46.338,45.507,45.661,491964,0
2015-11-10,45.507,45.573,45.226,45.371,377580,0
2015-11-11,45.795,45.795,45.38,45.448,206281,0
2015-11-12,45.922,45.97,45.361,45.399,314235,0
2015-11-13,44.888,44.937,44.443,44.636,509131,0
2015-11-16,44.723,45.458,44.723,45.399,802356,0
2015-11-17,45.312,45.419,45.051,45.167,2824289,0
2015-11-18,45.081,45.622,45.081,45.612,380270,0
2015-11-19,45.679,45.999,45.632,45.699,581480,0
2015-11-20,46.25,46.559,46.25,46.394,1040828,0
2015-11-23,46.153,46.24,45.932,46.018,255446,0
2015-11-24,45.429,46.22,45.429,46.028,312062,0
2015-11-25,45.882,45.97,45.679,45.872,816950,0
2015-11-27,44.714,44.907,44.491,44.694,1952793,0
2015-11-30,44.655,45.187,44.636,45.167,1984568,0
2015-12-01,45.11,45.439,45.061,45.361,2260471,0
2015-12-02,45.371,45.448,44.907,44.984,2227410,0
2015-12-03,45.217,45.217,44.472,44.694,685195,0
2015-12-04,44.617,45.322,44.617,45.167,525692,0
2015-12-07,44.927,44.927,44.462,44.704,695438,0
2015-12-08,43.7,44.163,43.498,44.076,943977,0
2015-12-09,43.805,44.318,43.498,43.68,718726,0
2015-12-10,43.438,43.66,43.217,43.4,1998955,0
2015-12-11,42.53,42.55,42.086,42.181,1092165,0
2015-12-14,42.521,42.742,42.095,42.703,589737,0
2015-12-15,43.332,43.709,43.254,43.419,1046417,0
2015-12-16,43.96,44.327,43.498,44.143,644617,0
2015-12-17,44.182,44.279,43.583,43.593,1194840,0
2015-12-18,43.844,44.085,43.583,43.814,3092363,0
2015-12-21,44.345,44.355,43.806,44.237,2756005,0
2015-12-22,44.11,44.433,43.943,44.365,984556,0
2015-12-23,44.806,45.1,44.776,45.021,903155,0
2015-12-24,44.894,45.031,44.83,44.884,181310,0
2015-12-28,44.307,44.355,44.003,44.297,1323731,0
2015-12-29,44.452,44.571,44.247,44.384,4810017,0
2015-12-30,43.914,44.09,43.801,43.855,945457,0
2015-12-31,43.748,44.003,43.62,43.718,408683,0
2016-01-04,42.189,42.327,41.74,42.199,660599,0
2016-01-05,42.189,42.287,41.905,42.16,1192158,0
2016-01-06,41.288,41.68,41.22,41.455,2716369,0
2016-01-07,40.084,40.827,39.731,39.76,2003533,0
2016-01-08,40.034,40.162,39.173,39.173,1675602,0
2016-01-11,39.299,39.457,38.584,39.005,907864,0
2016-01-12,39.211,39.486,38.789,39.113,3886792,0
2016-01-13,39.231,39.338,38.123,38.27,1398214,0
2016-01-14,38.251,38.947,37.837,38.761,1681923,0
2016-01-15,37.016,37.257,36.398,37.035,1224176,0
2016-01-19,38.202,38.378,37.487,37.878,1043593,0
2016-01-20,36.556,37.124,35.86,36.781,1997648,0
2016-01-21,36.722,37.409,36.37,36.957,984721,0
2016-01-22,38.123,38.242,37.771,38.162,1073676,0
2016-01-25,37.82,37.898,37.349,37.379,1089368,0
2016-01-26,37.329,37.732,37.241,37.633,426692,0
2016-01-27,37.193,37.713,36.85,37.055,617359,0
2016-01-28,37.761,37.888,37.124,37.399,2306141,0
2016-01-29,38.055,38.506,37.957,38.486,992750,0
2016-02-01,37.732,37.967,37.545,37.848,500131,0
2016-02-02,37.271,37.305,36.992,37.134,1617283,0
2016-02-03,37.016,37.399,36.242,37.339,1110754,0
2016-02-04,37.213,37.555,36.81,36.977,416973,0
2016-02-05,37.164,37.164,36.428,36.615,428279,0
2016-02-08,36.057,36.114,35.361,35.84,863659,0
2016-02-09,35.272,35.792,35.076,35.321,1836182,0
2016-02-10,35.782,36.36,35.575,35.605,885567,0
2016-02-11,34.674,35.253,34.557,34.978,738216,0
2016-02-12,35.272,35.85,35.204,35.82,539044,0
2016-02-16,36.938,37.291,36.918,37.266,1236705,0
2016-02-17,37.477,37.981,37.447,37.878,405034,0
2016-02-18,38.162,38.202,37.467,37.526,988496,0
2016-02-19,37.633,37.957,37.507,37.761,298192,0
2016-02-22,38.387,38.809,38.378,38.751,363933,0
2016-02-23,38.26,38.35,37.703,37.712,543003,0
2016-02-24,37.134,37.908,36.791,37.771,809311,0
2016-02-25,37.144,37.624,36.87,37.614,1284796,0
2016-02-26,38.026,38.143,37.643,37.653,564459,0
2016-02-29,37.653,38.016,37.555,37.565,826708,0
2016-03-01,38.27,38.975,38.232,38.878,893663,0
2016-03-02,39.173,39.564,39.074,39.524,1591835,0
2016-03-03,39.143,39.564,39.103,39.505,685101,0
2016-03-04,40.004,40.773,39.79,40.573,2234810,0
2016-03-07,40.054,40.377,39.867,40.166,908121,0
2016-03-08,39.711,39.711,39.201,39.27,886481,0
2016-03-09,39.505,39.642,39.299,39.417,826765,0
2016-03-10,39.534,39.682,38.671,39.103,1102126,0
2016-03-11,39.966,40.485,39.916,40.475,606268,0
2016-03-14,40.495,40.671,40.495,40.495,511376,0
2016-03-15,40.21,40.26,40.21,40.21,423278,0
2016-03-16,40.652,40.749,40.652,40.652,595686,0
2016-03-17,40.563,41.043,40.435,40.917,625960,0
2016-03-18,41.298,41.582,41.298,41.298,1099490,0
2016-03-21,41.523,41.7,41.523,41.523,724451,0
2016-03-22,41.23,41.436,41.23,41.23,621863,0
2016-03-23,40.603,41.141,40.603,40.603,764223,0
2016-03-24,40.406,40.415,40.406,40.406,2487949,0
2016-03-28,40.425,40.749,40.368,40.71,495024,0
2016-03-29,40.397,41.248,40.309,41.211,461944,0
2016-03-30,41.778,42.053,41.67,41.71,997744,0
2016-03-31,41.7,41.935,41.552,41.65,991767,0
2016-04-01,40.818,41.641,40.632,41.504,680034,0
2016-04-04,41.514,41.602,40.964,41.024,556074,0
2016-04-05,40.534,40.613,40.122,40.171,520978,0
2016-04-06,40.348,41.063,40.289,41.053,686034,0
2016-04-07,40.661,40.71,40.151,40.358,518250,0
2016-04-08,41.063,41.161,40.652,40.729,1126131,0
2016-04-11,41.356,41.641,41.171,41.181,665643,0
2016-04-12,41.455,41.984,41.181,41.758,511880,0
2016-04-13,42.935,43.257,42.935,43.209,1084024,0
2016-04-14,43.091,43.247,42.992,43.14,941557,0
2016-04-15,42.905,42.915,42.553,42.591,1128046,0
2016-04-18,42.601,43.101,42.454,42.905,603261,0
2016-04-19,43.052,43.385,42.954,43.346,932286,0
2016-04-20,42.581,43.17,42.503,42.915,1778445,0
2016-04-21,42.983,42.983,42.493,42.591,676360,0
2016-04-22,42.572,42.817,42.249,42.405,692980,0
2016-04-25,42.091,42.16,41.847,42.062,727117,0
2016-04-26,42.082,42.219,41.915,42.151,719042,0
2016-04-27,41.866,42.483,41.847,42.317,860159,0
2016-04-28,42.033,42.375,41.876,41.915,840543,0
2016-04-29,41.523,41.69,41.132,41.416,1030831,0
2016-05-02,41.533,41.533,41.073,41.248,1087534,0
2016-05-03,40.72,40.72,40.24,40.25,1253357,0
2016-05-04,40.132,40.23,39.711,39.858,1556375,0
2016-05-05,40.22,40.377,39.867,39.981,814869,0
2016-05-06,39.622,39.996,39.554,39.818,1083810,0
2016-05-09,39.554,39.672,39.143,39.173,1276109,0
2016-05-10,39.466,39.916,39.466,39.858,1132956,0
2016-05-11,39.544,39.721,39.387,39.397,987628,0
2016-05-12,39.593,39.682,39.113,39.201,696805,0
2016-05-13,39.005,39.133,38.452,38.594,1031323,0
2016-05-16,39.191,39.708,39.163,39.544,2343386,0
2016-05-17,39.486,39.682,39.26,39.407,462823,0
2016-05-18,39.191,39.602,38.869,39.064,1158901,0
2016-05-19,38.839,38.937,38.481,38.681,3841002,0
2016-05-20,39.123,39.338,39.083,39.191,2292279,0
2016-05-23,39.123,39.338,39.074,39.143,1374083,0
2016-05-24,39.407,40.024,39.378,39.877,869562,0
2016-05-25,40.132,40.435,40.132,40.27,1130103,0
2016-05-26,40.22,40.309,40.093,40.289,783564,0
2016-05-27,40.632,40.784,40.435,40.671,1111466,0
2016-05-31,41.082,41.562,40.945,41.436,3422237,0
2016-06-01,41.073,41.161,40.847,40.936,1358508,0
2016-06-02,40.954,41.338,40.887,41.283,747430,0
2016-06-03,41.258,41.366,40.945,41.268,1488293,0
2016-06-06,41.552,41.945,41.475,41.827,837531,0
2016-06-07,42.16,42.317,42.072,42.121,1990998,0
2016-06-08,42.101,42.209,41.925,42.024,1596982,0
2016-06-09,41.602,41.847,41.543,41.768,1006510,0
2016-06-10,40.837,40.974,40.578,40.729,1135350,0
2016-06-13,40.014,40.435,39.926,39.986,1087398,0
2016-06-14,40.014,40.255,39.682,40.112,1625294,0
2016-06-15,40.397,40.661,40.25,40.318,1218311,0
2016-06-16,39.682,40.338,39.358,40.27,1180131,0
2016-06-17,40.064,40.064,39.701,39.956,921496,0
2016-06-20,40.603,40.927,40.573,40.622,1052758,0
2016-06-21,40.887,41.043,40.661,40.936,1164911,0
2016-06-22,41.304,41.521,41.107,41.146,1750798,0
2016-06-23,41.719,42.084,41.62,42.055,1329024,0
2016-06-24,39.873,40.86,39.686,39.853,2149546,0
2016-06-27,39.833,39.833,39.044,39.479,2117491,0
2016-06-28,40.258,40.554,40.051,40.455,1976551,0
2016-06-29,41.107,41.314,41.107,41.226,1502953,0
2016-06-30,41.472,42.084,41.413,41.837,877272,0
2016-07-01,41.995,42.311,41.827,42.143,697645,0
2016-07-05,41.443,41.531,41.127,41.294,950818,0
2016-07-06,40.751,41.254,40.584,41.235,1356702,0
2016-07-07,41.304,41.512,40.968,41.156,1205277,0
2016-07-08,41.472,41.866,41.353,41.788,1186991,0
2016-07-11,41.926,42.533,41.926,42.37,773999,0
2016-07-12,42.834,43.145,42.834,42.991,1124393,0
2016-07-13,42.854,42.864,42.533,42.735,1150319,0
2016-07-14,43.16,43.436,43.11,43.377,1296458,0
2016-07-15,43.446,43.446,43.12,43.258,861925,0
2016-07-18,43.16,43.663,43.061,43.653,564525,0
2016-07-19,43.16,43.248,42.884,42.982,889136,0
2016-07-20,43.387,43.554,43.307,43.524,332170,0
2016-07-21,43.496,43.683,43.322,43.446,1055572,0
2016-07-22,43.524,43.712,43.486,43.712,358230,0
2016-07-25,43.623,43.623,43.288,43.387,378940,0
2016-07-26,43.594,43.89,43.574,43.89,329448,0
2016-07-27,43.782,43.89,43.436,43.782,875763,0
2016-07-28,43.703,43.703,43.486,43.643,497695,0
2016-07-29,43.278,43.564,43.1,43.446,753153,0
2016-08-01,43.534,43.703,43.357,43.436,862507,0
2016-08-02,43.258,43.406,42.933,43.258,1304669,0
2016-08-03,43.051,43.387,43.001,43.347,865855,0
2016-08-04,43.426,43.643,43.307,43.476,564434,0
2016-08-05,43.792,44.166,43.792,44.166,566332,0
2016-08-08,44.364,44.512,44.344,44.413,758996,0
2016-08-09,44.669,44.867,44.601,44.709,177062,0
2016-08-10,44.778,44.887,44.561,44.64,1402937,0
2016-08-11,45.321,45.657,45.291,45.577,1476922,0
2016-08-12,45.518,45.982,45.518,45.953,917432,0
2016-08-15,46.486,46.787,46.396,46.762,2067359,0
2016-08-16,46.792,46.792,46.416,46.634,1180325,0
2016-08-17,46.426,46.609,46.11,46.555,2999788,0
2016-08-18,46.742,46.905,46.653,46.841,1153502,0
2016-08-19,46.683,46.792,46.456,46.752,1116027,0
2016-08-22,46.594,46.594,46.209,46.328,1477524,0
2016-08-23,46.555,46.732,46.239,46.239,978456,0
2016-08-24,46.259,46.259,45.923,46.032,1371320,0
2016-08-25,45.834,46.14,45.834,46.022,814479,0
2016-08-26,46.14,46.673,45.617,45.973,1449140,0
2016-08-29,46.17,46.396,46.052,46.229,1078792,0
2016-08-30,46.505,46.801,46.495,46.575,424363,0
2016-08-31,46.318,46.318,45.893,46.15,1480732,0
2016-09-01,46.386,46.614,46.259,46.486,741135,0
2016-09-02,47.137,47.473,47.107,47.314,1884569,0
2016-09-06,48.055,48.509,48.055,48.489,2422881,0
2016-09-07,48.41,48.41,48.173,48.272,1713372,0
2016-09-08,48.43,48.785,48.39,48.618,1389092,0
2016-09-09,48.302,48.302,47.354,47.404,1377344,0
2016-09-12,46.594,47.827,46.525,47.729,1361095,0
2016-09-13,46.91,47.117,46.288,46.792,3329230,0
2016-09-14,47.078,47.324,46.851,46.93,2700304,0
2016-09-15,47.255,47.867,47.127,47.7,1981894,0
2016-09-16,47.512,47.621,47.207,47.581,1182808,0
2016-09-19,47.729,47.927,47.414,47.443,1144836,0
2016-09-20,47.827,47.857,47.463,47.463,611609,0
2016-09-21,47.946,48.855,47.946,48.755,1768929,0
2016-09-22,49.032,49.298,48.992,49.234,1474722,0
2016-09-23,48.726,48.76,48.43,48.44,769937,0
2016-09-26,47.739,47.837,47.443,47.463,882057,0
2016-09-27,47.867,48.173,47.818,48.075,1994644,0
2016-09-28,48.163,48.469,47.769,48.41,1157022,0
2016-09-29,48.272,48.37,47.571,47.779,2083051,0
2016-09-30,47.808,48.055,47.601,47.769,1140745,0
2016-10-03,47.847,48.026,47.68,47.976,924222,0
2016-10-04,48.114,48.332,47.66,47.808,1002804,0
2016-10-05,48.41,48.825,48.351,48.815,2453497,0
2016-10-06,48.716,48.864,48.499,48.795,546297,0
2016-10-07,48.716,48.726,48.124,48.342,884098,0
2016-10-10,48.548,49.278,48.548,49.111,1378116,0
2016-10-11,48.242,48.342,47.512,47.729,2368359,0
2016-10-12,47.611,47.774,47.423,47.749,2654137,0
2016-10-13,46.752,47.127,46.416,47.008,1757788,0
2016-10-14,47.443,47.601,47.098,47.216,1055618,0
2016-10-17,46.901,47.147,46.891,46.949,1045254,0
2016-10-18,47.867,47.867,47.581,47.63,875783,0
2016-10-19,47.68,47.857,47.561,47.779,425303,0
2016-10-20,47.64,47.798,47.503,47.621,866158,0
2016-10-21,47.423,47.759,47.364,47.72,809515,0
2016-10-24,48.006,48.143,47.887,47.956,813317,0
2016-10-25,48.045,48.045,47.744,47.769,879663,0
2016-10-26,47.404,47.551,47.177,47.314,876244,0
2016-10-27,47.088,47.197,46.841,46.901,513291,0
2016-10-28,46.722,46.881,46.308,46.486,1167597,0
2016-10-31,46.575,46.634,46.416,46.456,1010524,0
2016-11-01,46.969,46.969,46.042,46.456,1094083,0
2016-11-02,46.367,46.406,45.459,45.696,1445513,0
2016-11-03,45.766,45.873,45.499,45.637,1567302,0
2016-11-04,45.36,45.474,45.153,45.252,1890852,0
2016-11-07,46.298,46.901,46.298,46.683,2714518,0
2016-11-08,46.426,47.235,46.348,46.959,1471816,0
2016-11-09,45.785,46.328,45.647,45.804,3738022,0
2016-11-10,45.913,45.963,44.788,45.153,1998800,0
2016-11-11,44.413,44.847,44.038,44.689,1918513,0
2016-11-14,44.383,44.502,43.742,44.028,2376832,0
2016-11-15,44.315,45.049,44.315,44.907,4089678,0
2016-11-16,44.413,44.689,44.32,44.452,1755476,0
2016-11-17,44.719,44.897,44.631,44.768,2122454,0
2016-11-18,44.847,44.907,44.522,44.709,500948,0
2016-11-21,44.945,45.124,44.887,45.045,746821,0
2016-11-22,45.637,45.637,45.331,45.509,1077027,0
2016-11-23,45.173,45.331,45.025,45.261,785135,0
2016-11-25,45.676,45.766,45.538,45.627,600122,0
2016-11-28,45.834,46.09,45.716,45.785,1059437,0
2016-11-29,45.746,46.199,45.687,46.062,1012534,0
2016-11-30,46.259,46.259,45.903,46.012,1272893,0
2016-12-01,46.052,46.052,45.479,45.617,900063,0
2016-12-02,45.38,45.577,45.223,45.291,652389,0
2016-12-05,45.134,45.44,45.115,45.351,1016188,0
2016-12-06,45.41,45.41,45.188,45.321,615599,0
2016-12-07,45.43,46.022,45.341,45.913,1598796,0
2016-12-08,45.686,45.963,45.627,45.903,1685830,0
2016-12-09,45.518,45.652,45.469,45.607,1162145,0
2016-12-12,44.857,44.907,44.492,44.679,1110218,0
2016-12-13,44.985,45.37,44.975,45.203,1069763,0
2016-12-14,44.738,45.271,44.216,44.334,1478547,0
2016-12-15,44.009,44.097,43.815,43.83,3553787,0
2016-12-16,43.683,43.84,43.352,43.436,1591128,0
2016-12-19,43.347,43.466,43.228,43.317,981905,0
2016-12-20,43.278,43.421,43.248,43.337,963541,0
2016-12-21,43.408,43.408,43.169,43.209,901918,0
2016-12-22,42.9,42.9,42.591,42.74,2682331,0
2016-12-23,42.561,42.77,42.561,42.651,791604,0
2016-12-27,42.68,42.94,42.68,42.82,956527,0
2016-12-28,43.258,43.393,43.079,43.139,645772,0
2016-12-29,43.527,43.856,43.527,43.687,865504,0
2016-12-30,43.846,43.966,43.478,43.577,812779,0
2017-01-03,44.026,44.305,43.936,44.036,1302961,0
2017-01-04,44.185,44.778,44.185,44.634,1072960,0
2017-01-05,45.022,45.56,45.022,45.451,3092770,0
2017-01-06,45.341,45.341,45.002,45.212,1374744,0
2017-01-09,45.341,45.51,45.239,45.351,906717,0
2017-01-10,45.73,46.338,45.69,46.039,2090650,0
2017-01-11,46.188,46.318,45.854,46.208,1978824,0
2017-01-12,46.019,46.098,45.75,46.009,1389709,0
2017-01-13,46.019,46.278,46.019,46.148,972857,0
2017-01-17,46.059,46.108,45.899,46.059,786082,0
2017-01-18,46.377,46.467,46.138,46.248,672500,0
2017-01-19,46.208,46.238,45.889,46.029,1368001,0
2017-01-20,46.079,46.128,45.76,45.969,586482,0
2017-01-23,46.049,46.377,46.009,46.338,808850,0
2017-01-24,46.577,46.866,46.557,46.781,1556859,0
2017-01-25,46.886,47.125,46.876,47.115,528189,0
2017-01-26,47.224,47.304,47.051,47.115,804394,0
2017-01-27,47.035,47.105,46.856,46.975,834025,0
2017-01-30,46.696,46.826,46.527,46.786,710704,0
2017-01-31,46.647,46.961,46.647,46.846,710621,0
2017-02-01,47.125,47.175,46.736,46.856,1217356,0
2017-02-02,46.816,46.965,46.686,46.936,1385940,0
2017-02-03,46.945,47.035,46.826,46.945,1124210,0
2017-02-06,47.075,47.244,47.075,47.125,541788,0
2017-02-07,47.284,47.374,47.04,47.105,912723,0
2017-02-08,47.523,47.922,47.439,47.793,476841,0
2017-02-09,48.101,48.341,48.042,48.201,567805,0
2017-02-10,48.171,48.4,48.121,48.351,1167853,0
2017-02-13,48.54,48.859,48.526,48.6,2570919,0
2017-02-14,48.4,48.58,48.141,48.49,945667,0
2017-02-15,48.729,49.098,48.719,49.058,1524090,0
2017-02-16,49.158,49.287,49.008,49.068,1610504,0
2017-02-17,48.669,48.869,48.6,48.839,1329920,0
2017-02-21,49.048,49.297,48.978,49.237,1099147,0
2017-02-22,49.467,49.736,49.467,49.656,1307660,0
2017-02-23,49.825,49.845,49.357,49.506,1668436,0
2017-02-24,48.829,48.938,48.709,48.909,1151465,0
2017-02-27,48.63,48.799,48.58,48.759,1169899,0
2017-02-28,48.56,48.69,48.445,48.54,1116195,0
2017-03-01,48.938,49.198,48.849,49.068,1025453,0
2017-03-02,48.54,48.58,48.261,48.261,1267120,0
2017-03-03,48.41,48.56,48.321,48.48,681166,0
2017-03-06,48.38,48.45,48.251,48.43,709459,0
2017-03-07,48.64,48.719,48.51,48.59,1233126,0
2017-03-08,48.849,48.919,48.545,48.64,941652,0
2017-03-09,48.201,48.341,47.892,48.171,762505,0
2017-03-10,48.37,48.48,48.241,48.43,469579,0
2017-03-13,49.208,49.347,49.078,49.218,853490,0
2017-03-14,49.158,49.183,48.899,48.938,1322375,0
2017-03-15,49.138,49.825,48.973,49.666,5228735,0
2017-03-16,50.264,50.324,50.144,50.244,4207869,0
2017-03-17,50.284,50.284,50.089,50.124,1912334,0
2017-03-20,50.613,50.892,50.538,50.822,2687820,0
2017-03-21,51.071,51.081,49.945,50.075,2100559,0
2017-03-22,49.865,50.363,49.786,50.254,1687139,0
2017-03-23,50.124,50.543,50.094,50.363,1310359,0
2017-03-24,50.254,50.493,50.204,50.403,956233,0
2017-03-27,49.825,50.279,49.696,50.214,1050037,0
2017-03-28,50.134,50.548,50.134,50.393,1526789,0
2017-03-29,50.164,50.413,50.144,50.383,952175,0
2017-03-30,50.015,50.164,49.985,50.104,763561,0
2017-03-31,49.815,49.873,49.686,49.756,1881981,0
2017-04-03,50.055,50.219,49.825,50.174,1159500,0
2017-04-04,50.104,50.314,50.015,50.194,1032584,0
2017-04-05,50.473,50.493,50.134,50.224,3953026,0
2017-04-06,50.164,50.234,50.01,50.214,1063363,0
2017-04-07,50.164,50.359,50.005,50.214,1124100,0
2017-04-10,49.995,50.174,49.955,50.124,817893,0
2017-04-11,49.985,50.015,49.537,49.825,1520693,0
2017-04-12,50.035,50.065,49.825,50.015,1355937,0
2017-04-13,50.065,50.244,49.795,49.795,1193522,0
2017-04-17,49.905,50.244,49.825,50.174,5070295,0
2017-04-18,49.467,49.626,49.342,49.487,928727,0
2017-04-19,49.616,49.781,49.347,49.417,462656,0
2017-04-20,49.945,50.244,49.925,50.204,1365538,0
2017-04-21,50.005,50.214,49.98,50.164,815816,0
2017-04-24,50.493,50.613,50.478,50.543,599151,0
2017-04-25,51.121,51.27,51.081,51.131,1070689,0
2017-04-26,51.111,51.206,50.981,51.041,2770305,0
2017-04-27,50.941,51.076,50.862,50.951,794786,0
2017-04-28,50.931,50.991,50.752,50.981,1428624,0
2017-05-01,51.101,51.345,51.041,51.181,475742,0
2017-05-02,51.111,51.35,51.051,51.161,1094223,0
2017-05-03,51.071,51.111,50.772,50.951,957587,0
2017-05-04,50.613,50.613,50.134,50.274,1269940,0
2017-05-05,50.124,50.453,50.035,50.443,1424306,0
2017-05-08,50.643,50.712,50.473,50.513,798196,0
2017-05-09,51.211,51.589,51.211,51.43,1822148,0
2017-05-10,51.759,51.918,51.639,51.898,1559798,0
2017-05-11,51.779,51.868,51.475,51.798,1428958,0
2017-05-12,52.008,52.267,51.988,52.227,1627347,0
2017-05-15,52.396,52.785,52.257,52.735,2252051,0
2017-05-16,52.606,53.004,52.606,52.984,1205400,0
2017-05-17,52.715,52.715,52.147,52.177,1613625,0
2017-05-18,51.848,52.466,51.5,52.297,1841894,0
2017-05-19,52.725,53.204,52.685,53.054,1004564,0
2017-05-22,53.502,53.74,53.423,53.662,984433,0
2017-05-23,53.552,53.662,53.253,53.328,3346541,0
2017-05-24,53.373,53.403,53.223,53.353,973456,0
2017-05-25,53.861,54.036,53.801,53.981,1255024,0
2017-05-26,53.881,54.041,53.841,54.001,758302,0
2017-05-30,53.851,54.066,53.821,54.031,1314399,0
2017-05-31,53.921,53.921,53.463,53.582,1336414,0
2017-06-01,53.841,54.24,53.752,54.24,1535877,0
2017-06-02,54.17,54.3,54.037,54.28,475226,0
2017-06-05,54.2,54.355,54.14,54.19,860973,0
2017-06-06,54.32,54.589,54.28,54.439,1198849,0
2017-06-07,54.409,54.609,54.355,54.609,800636,0
2017-06-08,55.814,55.874,55.152,55.605,2086557,0
2017-06-09,55.635,55.784,54.479,54.858,2785639,0
2017-06-12,54.419,54.579,53.961,54.399,3160673,0
2017-06-13,54.748,54.888,54.364,54.439,4263195,0
2017-06-14,54.619,54.698,54.036,54.2,1874550,0
2017-06-15,53.652,53.682,53.348,53.642,1932436,0
2017-06-16,53.811,53.811,53.473,53.712,2706443,0
2017-06-19,54.439,54.808,54.419,54.748,1481761,0
2017-06-20,54.47,54.542,54.27,54.31,1788537,0
2017-06-21,54.49,54.755,54.46,54.65,1530396,0
2017-06-22,55,55.1455,54.81,54.93,878894,0
2017-06-23,54.81,55.12,54.81,55.03,921642,0
2017-06-26,55.61,55.77,55.26,55.47,1806428,0
2017-06-27,55.42,55.45,54.91,54.92,1075718,0
2017-06-28,55.07,55.37,54.89,55.33,1362911,0
2017-06-29,55.13,55.13,54.14,54.58,2132605,0
2017-06-30,54.85,54.94,54.59,54.69,1700318,0
2017-07-03,55.19,55.36,54.95,55.03,995030,0
2017-07-05,54.68,55,54.42,54.95,1930681,0
2017-07-06,54.6,54.66,54.19,54.24,1011169,0
2017-07-07,54.37,54.44,54.14,54.31,1385140,0
2017-07-10,54.31,54.73,54.29,54.65,831465,0
2017-07-11,55.48,55.695,55.295,55.65,962981,0
2017-07-12,56.41,56.89,56.36,56.82,1679771,0
2017-07-13,56.88,56.965,56.72,56.93,1307437,0
2017-07-14,57.18,57.805,57.18,57.74,655212,0
2017-07-17,57.53,57.54,57.22,57.4,1518679,0
2017-07-18,57.31,57.75,57.14,57.7,734205,0
2017-07-19,58.48,58.715,58.36,58.44,2272341,0
2017-07-20,58.53,58.53,58.155,58.2,2546711,0
2017-07-21,58.11,58.165,57.94,58.14,596500,0
2017-07-24,58.39,58.55,58.345,58.48,1040559,0
2017-07-25,58.57,58.65,58.35,58.44,1020016,0
2017-07-26,58.58,59.06,58.455,59.04,1742683,0
2017-07-27,59.48,59.52,58.14,58.74,1675626,0
2017-07-28,58.78,59.335,58.57,59.26,1474891,0
2017-07-31,59.75,59.75,59.34,59.41,1030049,0
2017-08-01,60,60.03,59.7,59.81,935043,0
2017-08-02,59.82,59.83,59,59.34,1438238,0
2017-08-03,59.3,59.42,58.955,59.37,973768,0
2017-08-04,59.5,59.655,59.33,59.6,668222,0
2017-08-07,60,60.36,59.94,60.345,923235,0
2017-08-08,60.77,61.145,60.65,60.81,1052581,0
2017-08-09,60.59,60.67,60.195,60.67,1249437,0
2017-08-10,59.99,59.99,58.625,58.7,2141062,0
2017-08-11,58.32,58.76,58.04,58.6,1887022,0
2017-08-14,59.4,59.52,59.2,59.39,745169,0
2017-08-15,59.37,59.37,58.99,59.31,1356105,0
2017-08-16,60.35,60.5,60.24,60.38,2710464,0
2017-08-17,60.1,60.21,59.31,59.38,2301971,0
2017-08-18,59.52,60.02,59.29,59.67,1778902,0
2017-08-21,60.18,60.39,60.02,60.34,880133,0
2017-08-22,60.7,61.22,60.7,61.2,3209416,0
2017-08-23,60.95,61.66,60.95,61.58,1859712,0
2017-08-24,61.76,61.79,61.36,61.56,913223,0
2017-08-25,62.14,62.24,61.7,61.76,1474689,0
2017-08-28,61.76,61.76,61.16,61.27,1047111,0
2017-08-29,60.6,61.365,60.53,61.28,1096744,0
2017-08-30,61.52,61.845,61.42,61.76,1434371,0
2017-08-31,61.95,62.1,61.8,62,1177143,0
2017-09-01,62.08,62.21,61.86,62.12,775180,0
2017-09-05,61.59,61.79,60.98,61.32,1357487,0
2017-09-06,61.63,61.75,61.37,61.6,1332554,0
2017-09-07,61.76,62.02,61.63,62.02,923759,0
2017-09-08,62.06,62.06,61.51,61.54,1084000,0
2017-09-11,62.31,62.85,62.31,62.84,904116,0
2017-09-12,63.04,63.0463,62.785,62.98,1990813,0
2017-09-13,63,63.28,62.87,63.12,3194364,0
2017-09-14,62.88,63.21,62.81,63.1,3590581,0
2017-09-15,63.27,63.75,63.005,63.65,3057238,0
2017-09-18,64.09,64.34,64.05,64.26,888190,0
2017-09-19,64.39,64.41,64.07,64.38,830980,0
2017-09-20,64.62,64.71,63.54,64.27,2206447,0
2017-09-21,64.64,64.64,64.03,64.28,1059600,0
2017-09-22,63.84,63.925,63.65,63.83,1076098,0
2017-09-25,62.72,62.77,61.55,61.88,3234204,0
2017-09-26,62.45,62.59,61.91,62.02,3863311,0
2017-09-27,62.56,62.695,62.14,62.5,2153771,0
2017-09-28,61.82,62.28,61.82,62.2,1446958,0
2017-09-29,62.45,63.28,62.45,63.09,1816719,0
2017-10-02,63.5,63.795,63.35,63.42,1615275,0
2017-10-03,64.61,64.96,64.39,64.95,1552081,0
2017-10-04,64.9,65.07,64.77,64.86,1449660,0
2017-10-05,65.1,65.81,65.08,65.74,3488870,0
2017-10-06,65.02,65.35,64.9,65.31,1056923,0
2017-10-09,65.2,65.5,65.11,65.36,619911,0
2017-10-10,65.62,66.01,65.6,66.01,1551041,0
2017-10-11,65.42,65.78,65.385,65.75,1326601,0
2017-10-12,65.7,65.7,65.2701,65.38,1244672,0
2017-10-13,65.82,66.055,65.67,65.84,1137086,0
2017-10-16,66.21,66.23,65.97,66.15,664593,0
2017-10-17,66.03,66.15,65.54,65.58,1377248,0
2017-10-18,66.05,66.35,65.79,66.19,929615,0
2017-10-19,65.05,65.07,64.61,65.03,800882,0
2017-10-20,65.69,65.72,65.415,65.52,1126976,0
2017-10-23,65.5,65.5,64.86,64.89,828092,0
2017-10-24,65,65.28,64.78,64.84,781113,0
2017-10-25,65.26,65.36,64.03,64.53,1860530,0
2017-10-26,64.59,64.845,64.3,64.32,1371143,0
2017-10-27,64.555,65.21,64.335,65.17,1580244,0
2017-10-30,64.69,64.975,64.351,64.67,1564318,0
2017-10-31,64.96,65.31,64.88,65.3,844290,0
2017-11-01,66.03,66.27,65.68,65.75,1257716,0
2017-11-02,66.02,66.15,65.535,65.85,1489579,0
2017-11-03,65.92,66.1061,65.5,65.83,1221822,0
2017-11-06,66.19,66.88,66.18,66.81,1326919,0
2017-11-07,67.42,67.45,67.05,67.05,1705826,0
2017-11-08,67.18,67.259,66.97,67.2,1001576,0
2017-11-09,67.19,67.19,66.37,67.07,1961179,0
2017-11-10,67.34,67.42,67.09,67.39,1244106,0
