Date,Open,High,Low,Close,Volume,OpenInt
2013-04-24,48.879,48.879,48.749,48.749,1162,0
2013-04-25,48.984,48.984,48.984,48.984,369,0
2013-04-26,48.947,48.947,48.947,48.947,101,0
2013-04-29,49.023,49.354,49.023,49.229,5017,0
2013-04-30,48.804,49.098,48.804,49.014,1428,0
2013-05-01,48.975,48.975,48.975,48.975,101,0
2013-05-02,48.994,49.201,48.994,49.192,2645,0
2013-05-03,49.781,49.854,49.731,49.751,1050,0
2013-05-06,50.168,50.168,49.637,49.674,20551,0
2013-05-07,49.722,49.722,49.684,49.694,1587,0
2013-05-08,49.863,49.938,49.863,49.938,1692,0
2013-05-09,49.977,50.026,49.892,49.948,4947,0
2013-05-10,50.572,50.572,50.063,50.063,726,0
2013-05-13,50.288,50.298,50.193,50.193,4373,0
2013-05-14,50.412,50.639,50.412,50.629,2282,0
2013-05-15,50.808,51.084,50.779,50.798,3541,0
2013-05-16,50.659,50.697,50.582,50.582,5997,0
2013-05-17,50.678,50.678,50.459,50.478,2905,0
2013-05-20,50.486,50.486,50.395,50.412,4509,0
2013-05-21,50.62,50.629,50.62,50.629,636,0
2013-05-22,50.942,50.942,50.357,50.357,1918,0
2013-05-23,49.799,50.241,49.799,50.241,715,0
2013-05-24,50.279,50.279,50.231,50.269,1270,0
2013-05-28,50.875,50.923,50.357,50.496,4192,0
2013-05-29,50.115,50.115,49.754,49.819,2584,0
2013-05-30,50.006,50.034,49.854,49.854,13740,0
2013-05-31,49.668,49.677,49.164,49.164,2518,0
2013-06-03,48.691,48.889,48.634,48.889,2146,0
2013-06-04,48.823,48.861,48.482,48.861,8842,0
2013-06-05,48.311,48.472,48.035,48.187,5691,0
2013-06-06,47.893,48.549,47.893,48.549,10380,0
2013-06-07,49.173,49.363,49.08,49.363,1331,0
2013-06-10,50.11,50.11,49.164,49.268,8949,0
2013-06-11,48.777,49.287,48.777,49.042,15308,0
2013-06-12,49.297,49.297,48.501,48.531,3575,0
2013-06-13,48.239,49.145,48.239,49.145,2193,0
2013-06-14,49.287,49.287,49.192,49.192,740,0
2013-06-17,49.637,49.637,49.307,49.307,636,0
2013-06-18,49.562,49.562,49.515,49.515,1060,0
2013-06-19,49.637,49.637,49.042,49.042,1162,0
2013-06-20,48.314,48.314,47.452,47.452,2381,0
2013-06-21,47.855,47.855,47.323,47.692,1692,0
2013-06-24,47.34,47.385,47,47.385,546,0
2013-06-25,47.77,47.807,47.76,47.807,15358,0
2013-06-26,48.68,48.68,48.197,48.235,1383,0
2013-06-27,48.832,48.878,48.758,48.758,2540,0
2013-06-28,48.721,49.035,48.721,48.94,2550,0
2013-07-01,48.898,48.898,48.851,48.851,904,0
2013-07-02,48.975,48.975,48.758,48.758,1331,0
2013-07-03,48.604,48.814,48.604,48.814,708,0
2013-07-05,49.098,49.299,49.071,49.299,2312,0
2013-07-08,49.544,49.572,49.477,49.572,649,0
2013-07-09,49.886,49.991,49.886,49.912,1919,0
2013-07-10,49.941,50,49.932,49.932,211832,0
2013-07-11,50.579,50.854,50.569,50.854,28749,0
2013-07-12,50.893,50.987,50.815,50.968,11504,0
2013-07-15,50.977,51.168,50.968,51.083,107824,0
2013-07-16,51.158,51.187,50.778,50.883,39005,0
2013-07-17,51.016,51.118,51.007,51.118,35091,0
2013-07-18,51.148,51.357,51.148,51.357,31967,0
2013-07-19,51.519,51.624,51.519,51.585,1773,0
2013-07-22,52.249,52.249,51.575,51.651,1738,0
2013-07-23,51.729,51.729,51.509,51.566,2073,0
2013-07-24,51.709,51.709,51.272,51.386,93646,0
2013-07-25,51.499,51.774,51.406,51.774,134832,0
2013-07-26,51.575,51.898,51.366,51.898,33263,0
2013-07-29,51.928,51.928,51.642,51.821,4747,0
2013-07-30,52.004,52.004,51.661,51.719,27006,0
2013-07-31,51.966,51.966,51.661,51.67,5387,0
2013-08-01,52.162,52.162,51.947,52.107,18034,0
2013-08-02,52.107,52.355,52.041,52.355,26809,0
2013-08-05,52.24,52.288,52.181,52.201,7926,0
2013-08-06,52.59,52.59,51.783,52.013,15933,0
2013-08-07,52.317,52.317,51.605,51.821,60214,0
2013-08-08,52.013,52.013,51.699,51.879,6321,0
2013-08-09,52.059,52.059,51.615,51.746,7645,0
2013-08-12,51.984,51.984,51.509,51.605,1265,0
2013-08-13,51.67,51.783,51.386,51.651,8909,0
2013-08-14,51.633,51.633,51.216,51.224,7994,0
2013-08-15,51.433,51.433,50.255,50.343,6596,0
2013-08-16,50.067,50.274,50.02,50.105,8003,0
2013-08-19,50.39,57.041,49.922,50.02,6663,0
2013-08-20,50.226,50.293,49.734,50.264,10444,0
2013-08-21,50.255,50.255,49.754,49.922,11179,0
2013-08-22,50.048,52.438,50.048,50.313,13014,0
2013-08-23,50.196,50.456,50.196,50.456,6692,0
2013-08-26,50.531,50.675,50.274,50.353,8159,0
2013-08-27,49.847,49.912,49.629,49.629,6327,0
2013-08-28,49.22,49.886,49.22,49.734,7423,0
2013-08-29,50.067,50.144,49.991,49.991,6023,0
2013-08-30,50.007,50.064,49.938,50.017,6287,0
2013-09-03,50.162,50.255,49.922,50.115,26040,0
2013-09-04,50.246,50.4,50.206,50.303,8481,0
2013-09-05,50.382,50.382,50.246,50.246,3130,0
2013-09-06,50.428,50.456,50.293,50.293,6547,0
2013-09-09,50.437,50.665,50.39,50.656,119391,0
2013-09-10,51.396,51.396,50.769,51.007,13610,0
2013-09-11,50.94,51.128,50.845,51.128,3480,0
2013-09-12,50.921,51.366,50.921,51.244,29132,0
2013-09-13,51.376,51.499,51.376,51.489,3441,0
2013-09-16,51.937,51.994,51.783,51.851,6441,0
2013-09-17,51.869,52.004,51.869,51.975,22032,0
2013-09-18,51.879,52.716,51.879,52.6,2536,0
2013-09-19,53.029,53.029,52.468,52.59,17931,0
2013-09-20,52.458,52.458,52.221,52.259,1330,0
2013-09-23,51.879,52.191,51.821,51.908,3115,0
2013-09-24,51.884,52.341,51.712,51.722,14141,0
2013-09-25,51.674,51.741,51.445,51.463,2387,0
2013-09-26,51.758,51.778,51.531,51.674,4933,0
2013-09-27,51.569,51.732,51.492,51.645,15899,0
2013-09-30,51.368,51.512,51.311,51.33,14067,0
2013-10-01,51.559,51.835,51.453,51.768,9275,0
2013-10-02,51.559,51.796,51.407,51.796,13781,0
2013-10-03,51.588,51.617,51.15,51.303,3705,0
2013-10-04,51.683,51.722,51.627,51.674,7334,0
2013-10-07,51.294,51.417,51.294,51.339,3972,0
2013-10-08,51.064,51.084,50.52,50.674,3172,0
2013-10-09,50.331,50.605,50.331,50.483,4845,0
2013-10-10,51.246,51.417,51.188,51.417,3065,0
2013-10-11,51.787,52.017,51.787,52.008,1464,0
2013-10-14,51.645,52.217,51.645,52.167,4798,0
2013-10-15,52.167,52.283,51.97,51.97,15303,0
2013-10-16,52.398,52.816,52.264,52.816,12318,0
2013-10-17,52.845,53.475,52.807,53.475,26171,0
2013-10-18,53.703,53.761,53.36,53.761,19162,0
2013-10-21,53.732,53.732,53.436,53.541,7318,0
2013-10-22,53.885,54.257,53.885,54.199,9500,0
2013-10-23,54.008,54.056,53.903,54.046,3133,0
2013-10-24,54.218,54.218,54.036,54.121,6545,0
2013-10-25,54.257,54.257,54.017,54.159,734,0
2013-10-28,54.303,54.416,54.303,54.34,2020,0
2013-10-29,54.532,54.72,54.532,54.664,2219,0
2013-10-30,54.779,54.99,54.257,54.36,6397,0
2013-10-31,54.111,54.406,54.103,54.189,2729,0
2013-11-01,54.267,54.331,54.121,54.331,6847,0
2013-11-04,54.57,54.57,54.199,54.199,1207,0
2013-11-05,54.228,54.294,54.008,54.286,21523,0
2013-11-06,54.446,54.446,54.131,54.149,8197,0
2013-11-07,54.218,54.218,53.616,53.616,43459,0
2013-11-08,53.446,53.885,53.32,53.885,7672,0
2013-11-11,54.103,54.111,53.959,53.978,3701,0
2013-11-12,53.741,53.949,53.732,53.922,19270,0
2013-11-13,53.922,54.492,53.922,54.492,2423,0
2013-11-14,54.664,54.903,54.62,54.903,3125,0
2013-11-15,55,55.074,54.931,55.074,7872,0
2013-11-18,55.342,55.342,54.829,54.922,10348,0
2013-11-19,54.779,54.971,54.779,54.779,5050,0
2013-11-20,55.035,55.045,54.75,54.75,8515,0
2013-11-21,54.922,55.123,54.893,55.103,1919,0
2013-11-22,55.484,55.675,55.447,55.675,4334,0
2013-11-25,55.751,55.818,55.589,55.713,20879,0
2013-11-26,55.675,55.789,55.617,55.617,1456,0
2013-11-27,55.713,55.769,55.704,55.704,1408,0
2013-11-29,55.895,55.932,55.895,55.895,2548,0
2013-12-02,55.761,55.761,55.551,55.551,1631,0
2013-12-03,55.304,55.503,55.093,55.342,12466,0
2013-12-04,55.143,55.143,54.847,55.113,1168,0
2013-12-05,55.055,55.208,54.981,55.074,11907,0
2013-12-06,55.704,55.723,55.398,55.704,6287,0
2013-12-09,55.808,55.978,55.779,55.798,12169,0
2013-12-10,55.723,55.932,55.704,55.779,6417,0
2013-12-11,55.838,55.838,55,55,8736,0
2013-12-12,55.226,55.294,55.016,55.045,11449,0
2013-12-13,55.161,55.408,55.143,55.342,10530,0
2013-12-16,55.627,55.627,55.457,55.542,8190,0
2013-12-17,55.493,55.627,55.294,55.561,16347,0
2013-12-18,55.447,56.312,55.016,56.312,9789,0
2013-12-19,56.256,56.513,56.171,56.513,12704,0
2013-12-20,56.684,57.026,56.592,56.866,7148,0
2013-12-23,57.113,57.151,57.026,57.113,5895,0
2013-12-24,57.229,57.238,57.065,57.19,9346,0
2013-12-26,57.315,57.544,57.248,57.486,11051,0
2013-12-27,58.165,60.985,57.2,57.219,8985,0
2013-12-30,57.046,57.151,57.036,57.123,12166,0
2013-12-31,57.248,57.391,57.123,57.391,9014,0
2014-01-02,57.026,57.026,56.692,56.798,5368,0
2014-01-03,57.085,57.143,56.885,56.894,15453,0
2014-01-06,56.712,56.846,56.512,56.769,12891,0
2014-01-07,57.016,57.315,57.016,57.238,5976,0
2014-01-08,57.363,57.707,57.363,57.66,15898,0
2014-01-09,57.707,57.781,57.574,57.763,78286,0
2014-01-10,57.67,57.878,57.583,57.878,8565,0
2014-01-13,57.898,57.937,56.779,56.865,9798,0
2014-01-14,56.99,57.735,56.982,57.735,8247,0
2014-01-15,57.859,57.878,57.621,57.735,62940,0
2014-01-16,57.66,57.839,57.66,57.772,6763,0
2014-01-17,57.763,57.849,57.466,57.466,8971,0
2014-01-21,57.937,58.031,57.505,57.917,16884,0
2014-01-22,58.06,58.204,57.937,58.185,11172,0
2014-01-23,57.554,57.564,57.238,57.524,13040,0
2014-01-24,57.095,57.133,56.09,56.09,54165,0
2014-01-27,55.947,55.974,55.288,55.517,9123,0
2014-01-28,55.689,56.128,55.689,56.128,6960,0
2014-01-29,55.737,55.737,55.22,55.346,3461,0
2014-01-30,56.253,56.643,56.138,56.56,10983,0
2014-01-31,55.66,56.368,55.173,56.061,16341,0
2014-02-03,56.1,56.1,54.533,54.562,26835,0
2014-02-04,54.886,55.268,54.649,55.146,17278,0
2014-02-05,55.018,55.173,54.236,54.973,20636,0
2014-02-06,55.096,55.622,55.096,55.613,4167,0
2014-02-07,56.024,56.798,56.024,56.798,4418,0
2014-02-10,57,57,56.808,56.875,10112,0
2014-02-11,57.085,57.763,57.065,57.641,17761,0
2014-02-12,57.859,57.859,57.583,57.67,7723,0
2014-02-13,57.325,58.308,57.325,58.271,5662,0
2014-02-14,58.271,58.51,58.261,58.462,6965,0
2014-02-18,58.72,58.938,58.51,58.873,11635,0
2014-02-19,58.623,59.074,58.443,58.491,22780,0
2014-02-20,58.729,59.056,58.366,59.056,10160,0
2014-02-21,59.198,59.246,58.938,58.938,10756,0
2014-02-24,59.169,59.753,59.151,59.532,11411,0
2014-02-25,59.666,59.666,59.426,59.455,5777,0
2014-02-26,59.753,59.934,59.322,59.417,202982,0
2014-02-27,59.485,59.84,59.399,59.791,14798,0
2014-02-28,59.991,60.173,59.322,59.83,36477,0
2014-03-03,59.207,59.525,58.986,59.313,33927,0
2014-03-04,60.192,60.554,60.107,60.517,20682,0
2014-03-05,60.621,60.67,60.517,60.611,16082,0
2014-03-06,60.841,60.88,60.277,60.499,227188,0
2014-03-07,60.823,60.823,60.098,60.327,35525,0
2014-03-10,60.365,60.365,59.867,60.365,14839,0
2014-03-11,60.719,60.719,59.85,59.924,47182,0
2014-03-12,59.59,60.049,59.408,60,20434,0
2014-03-13,60.327,60.327,59.016,59.131,26779,0
2014-03-14,59.074,59.246,58.853,58.863,22064,0
2014-03-17,59.275,59.646,59.227,59.446,27174,0
2014-03-18,59.637,59.991,59.637,59.971,24502,0
2014-03-19,60.117,60.117,59.179,59.475,56568,0
2014-03-20,59.436,59.57,59.227,59.515,13824,0
2014-03-21,59.85,59.904,58.853,58.853,19442,0
2014-03-24,58.702,58.702,57.603,58.06,47071,0
2014-03-25,58.263,58.684,57.782,58.186,28363,0
2014-03-26,58.385,58.415,57.429,57.456,9192,0
2014-03-27,57.363,57.363,56.711,57.123,22440,0
2014-03-28,57.123,57.782,57.113,57.21,13824,0
2014-03-31,57.66,57.889,57.641,57.782,11186,0
2014-04-01,58.186,58.484,57.948,58.464,9961,0
2014-04-02,58.655,58.884,58.615,58.884,15233,0
2014-04-03,58.856,58.856,58.089,58.33,18883,0
2014-04-04,58.415,58.606,56.971,57.074,40310,0
2014-04-07,56.788,57.113,55.821,56.336,32642,0
2014-04-08,56.471,56.661,56.002,56.51,62727,0
2014-04-09,56.942,57.727,56.739,57.718,128632,0
2014-04-10,57.641,57.641,55.801,55.944,66296,0
2014-04-11,55.533,55.841,55.064,55.216,76223,0
2014-04-14,55.811,55.944,55.015,55.523,12501,0
2014-04-15,55.724,56.136,54.737,56.022,30445,0
2014-04-16,56.461,56.893,56.307,56.817,17263,0
2014-04-17,56.855,57.19,56.749,57.045,7772,0
2014-04-21,57.045,57.456,56.864,57.456,8194,0
2014-04-22,57.86,58.119,57.67,57.928,122129,0
2014-04-23,57.889,57.889,57.631,57.631,19918,0
2014-04-24,58.023,58.061,57.103,57.429,12066,0
2014-04-25,56.661,56.73,56.376,56.452,17453,0
2014-04-28,56.53,56.817,55.542,56.297,13348,0
2014-04-29,56.405,56.817,56.297,56.768,14604,0
2014-04-30,56.952,57.21,56.826,57.21,7950,0
2014-05-01,57.354,57.746,57.344,57.344,5956,0
2014-05-02,57.296,57.564,57.19,57.344,4506,0
2014-05-05,57.439,57.773,57.439,57.764,79603,0
2014-05-06,57.505,57.708,56.923,56.923,31975,0
2014-05-07,56.893,56.942,56.539,56.903,7974,0
2014-05-08,56.913,57.505,56.807,56.817,5771,0
2014-05-09,56.817,57.2,56.616,57.151,9552,0
2014-05-12,57.554,58.099,57.534,58.099,12684,0
2014-05-13,58.224,58.395,58.109,58.166,19324,0
2014-05-14,58.051,58.089,57.718,57.718,49617,0
2014-05-15,57.574,57.583,56.681,57.074,15900,0
2014-05-16,57.074,57.325,56.903,57.306,8253,0
2014-05-19,57.113,57.81,57.113,57.81,4174,0
2014-05-20,57.603,57.764,57.113,57.344,31263,0
2014-05-21,57.727,58.032,57.651,58.032,11546,0
2014-05-22,58.243,58.503,58.233,58.405,10735,0
2014-05-23,58.425,58.714,58.425,58.714,23838,0
2014-05-27,59.077,59.306,59.077,59.306,27292,0
2014-05-28,59.239,59.373,59.239,59.344,11601,0
2014-05-29,59.325,59.594,59.325,59.574,78902,0
2014-05-30,59.546,59.554,59.393,59.536,7104,0
2014-06-02,59.574,59.708,59.479,59.708,254607,0
2014-06-03,59.412,59.708,59.412,59.594,14268,0
2014-06-04,59.554,59.805,59.344,59.718,11288,0
2014-06-05,59.805,60.169,59.718,60.014,18457,0
2014-06-06,60.122,60.224,60.122,60.159,7468,0
2014-06-09,60.169,60.292,60.005,60.103,36605,0
2014-06-10,60.159,60.187,59.795,60.112,7101,0
2014-06-11,60.034,60.112,59.871,60.083,9769,0
2014-06-12,60.139,60.139,59.574,59.574,19490,0
2014-06-13,59.574,59.805,59.499,59.67,101393,0
2014-06-16,59.825,59.88,59.594,59.698,4481,0
2014-06-17,59.689,59.957,59.594,59.889,40117,0
2014-06-18,59.996,60.466,59.862,60.466,17169,0
2014-06-19,60.36,60.494,60.292,60.485,4501,0
2014-06-20,60.686,60.876,60.521,60.876,7723,0
2014-06-23,60.896,60.906,60.715,60.783,15876,0
2014-06-24,60.706,61.041,60.37,60.418,11051,0
2014-06-25,60.435,60.836,60.299,60.836,63639,0
2014-06-26,60.548,60.836,60.491,60.791,16252,0
2014-06-27,60.761,60.846,60.645,60.846,93595,0
2014-06-30,60.895,60.915,60.752,60.771,98141,0
2014-07-01,61.03,61.481,61.03,61.299,25327,0
2014-07-02,61.336,61.395,61.173,61.173,24255,0
2014-07-03,61.433,61.481,61.317,61.481,10454,0
2014-07-07,61.462,61.462,60.922,60.932,25331,0
2014-07-08,60.761,60.761,60.174,60.445,23988,0
2014-07-09,60.615,60.827,60.596,60.827,6419,0
2014-07-10,60.231,60.808,60.193,60.625,8540,0
2014-07-11,60.654,60.855,60.615,60.855,12485,0
2014-07-14,61.145,61.231,61.098,61.153,25103,0
2014-07-15,61.173,61.221,60.781,60.865,4424,0
2014-07-16,61.145,61.145,60.761,60.915,19963,0
2014-07-17,60.645,60.654,60.07,60.07,3011,0
2014-07-18,60.464,60.99,60.464,60.951,3997,0
2014-07-21,60.761,60.98,60.761,60.97,89656,0
2014-07-22,61.211,61.433,61.211,61.385,73835,0
2014-07-23,61.567,61.674,61.481,61.674,9536,0
2014-07-24,61.885,62.009,61.837,61.875,6407,0
2014-07-25,61.837,61.922,61.654,61.674,28292,0
2014-07-28,61.71,61.807,61.356,61.567,19651,0
2014-07-29,61.778,61.817,61.365,61.365,19876,0
2014-07-30,61.625,61.625,61.289,61.462,82697,0
2014-07-31,60.895,60.905,60.135,60.135,153373,0
2014-08-01,60.183,60.425,59.8,60.145,19392,0
2014-08-04,60.299,60.684,59.953,60.606,175954,0
2014-08-05,60.193,60.576,59.54,59.924,19574,0
2014-08-06,59.454,59.839,59.454,59.665,9960,0
2014-08-07,59.636,59.703,59.3,59.357,5631,0
2014-08-08,59.348,60.001,59.348,60.001,187446,0
2014-08-11,60.425,60.425,60.183,60.222,9257,0
2014-08-12,60.222,60.222,60.04,60.165,5445,0
2014-08-13,60.415,60.752,60.386,60.674,37952,0
2014-08-14,60.905,61.069,60.905,61,4727,0
2014-08-15,61.326,61.346,60.836,61.135,11368,0
2014-08-18,61.424,61.683,61.424,61.528,21790,0
2014-08-19,61.778,61.98,61.701,61.97,17942,0
2014-08-20,61.846,62.221,61.846,62.221,8497,0
2014-08-21,61.597,62.365,61.597,62.336,9930,0
2014-08-22,62.221,62.442,62.221,62.365,7829,0
2014-08-25,62.672,62.759,62.615,62.681,18976,0
2014-08-26,62.701,62.854,62.691,62.741,22840,0
2014-08-27,62.795,62.795,62.595,62.653,16648,0
2014-08-28,62.527,62.624,62.471,62.595,8173,0
2014-08-29,62.768,62.902,62.663,62.902,16154,0
2014-09-02,62.942,63.22,62.854,63.095,25728,0
2014-09-03,63.382,63.382,63.056,63.095,225934,0
2014-09-04,63.143,63.499,62.951,62.981,7160,0
2014-09-05,63.095,63.353,62.768,63.353,6590,0
2014-09-08,63.353,63.441,63.153,63.353,26727,0
2014-09-09,63.21,63.21,62.845,62.902,16810,0
2014-09-10,62.815,63.229,62.815,63.229,9566,0
2014-09-11,62.922,63.114,62.922,63.114,7753,0
2014-09-12,62.892,63.046,62.586,62.721,24710,0
2014-09-15,62.576,62.586,62.173,62.385,150132,0
2014-09-16,62.527,63.171,62.517,63.075,80233,0
2014-09-17,63.161,63.48,62.942,63.171,58915,0
2014-09-18,63.334,63.519,63.334,63.519,58809,0
2014-09-19,63.729,63.729,63.239,63.441,60971,0
2014-09-22,63.201,63.363,62.566,62.721,98445,0
2014-09-23,62.442,62.854,62.442,62.497,44480,0
2014-09-24,62.648,63.225,62.648,63.167,42661,0
2014-09-25,62.56,63.06,62.28,62.309,78800,0
2014-09-26,62.407,62.947,62.339,62.83,11091,0
2014-09-29,62.501,62.917,62.309,62.781,42537,0
2014-09-30,62.927,63.003,62.483,62.483,27326,0
2014-10-01,62.319,62.319,61.357,61.568,148416,0
2014-10-02,61.492,61.665,60.741,61.519,48390,0
2014-10-03,61.895,62.521,61.895,62.417,32678,0
2014-10-06,62.754,62.754,62.088,62.261,133837,0
2014-10-07,61.887,61.954,61.182,61.182,53811,0
2014-10-08,61.396,62.417,60.845,62.407,29063,0
2014-10-09,62.271,62.271,60.921,60.921,87337,0
2014-10-10,60.845,61.03,60.037,60.037,21406,0
2014-10-13,59.998,60.106,58.629,58.629,37192,0
2014-10-14,58.824,59.141,58.081,58.37,72781,0
2014-10-15,57.782,58.168,56.531,58.071,96123,0
2014-10-16,57.639,58.881,57.059,58.448,27442,0
2014-10-17,59.189,59.758,59.074,59.439,66839,0
2014-10-20,59.266,59.95,59.266,59.911,13135,0
2014-10-21,60.508,61.406,60.443,61.406,115895,0
2014-10-22,61.347,61.655,60.94,60.96,214512,0
2014-10-23,61.79,62.261,61.732,61.915,15171,0
2014-10-24,62.069,62.59,62.021,62.57,13751,0
2014-10-27,62.368,62.491,62.088,62.407,20957,0
2014-10-28,62.715,63.149,62.638,63.149,13790,0
2014-10-29,63.032,63.099,62.455,62.763,11819,0
2014-10-30,62.657,63.408,62.609,63.245,84322,0
2014-10-31,64.12,64.12,63.736,63.918,70727,0
2014-11-03,64.12,64.257,63.936,64.015,90056,0
2014-11-04,63.956,63.956,63.6,63.91,23384,0
2014-11-05,64.371,64.371,63.986,64.229,17423,0
2014-11-06,64.361,64.613,64.238,64.565,35446,0
2014-11-07,64.67,64.726,64.14,64.284,26003,0
2014-11-10,64.322,64.546,64.247,64.526,9495,0
2014-11-11,64.575,64.68,64.467,64.555,9004,0
2014-11-12,64.419,64.613,64.342,64.584,14398,0
2014-11-13,64.765,64.834,64.313,64.457,12817,0
2014-11-14,64.437,64.457,64.266,64.381,37009,0
2014-11-17,64.266,64.699,64.266,64.496,71694,0
2014-11-18,64.853,65.345,64.853,65.277,15459,0
2014-11-19,64.98,65.121,64.824,64.998,67430,0
2014-11-20,64.871,65.102,64.66,64.951,30076,0
2014-11-21,65.595,65.624,65.2,65.306,28958,0
2014-11-24,65.527,65.662,65.517,65.633,79819,0
2014-11-25,65.825,65.863,65.614,65.74,24456,0
2014-11-26,65.932,66.2,65.843,66.2,22531,0
2014-11-28,66.299,66.674,66.299,66.319,15335,0
2014-12-01,65.863,66.171,65.796,65.853,29735,0
2014-12-02,66.077,66.366,65.942,66.289,36411,0
2014-12-03,66.347,66.489,66.2,66.413,17217,0
2014-12-04,66.404,66.587,66.22,66.441,16992,0
2014-12-05,66.692,66.768,66.498,66.665,25982,0
2014-12-08,66.656,66.895,66.21,66.431,62874,0
2014-12-09,65.74,66.413,65.537,66.413,36163,0
2014-12-10,66.142,66.142,65.355,65.411,22917,0
2014-12-11,65.805,66.422,65.576,65.769,30554,0
2014-12-12,65.18,65.863,65.008,65.026,46242,0
2014-12-15,65.306,65.365,64.274,64.575,22817,0
2014-12-16,64.332,65.219,63.862,63.862,16287,0
2014-12-17,64.025,65.036,63.976,64.951,36192,0
2014-12-18,65.843,66.656,65.71,66.656,19021,0
2014-12-19,67.068,67.183,66.587,66.683,58551,0
2014-12-22,66.538,66.74,66.404,66.692,16239,0
2014-12-23,67.03,67.03,66.132,66.347,33812,0
2014-12-24,66.575,66.624,66.429,66.439,37018,0
2014-12-26,66.711,66.904,66.644,66.749,37257,0
2014-12-29,66.691,66.924,66.624,66.731,103156,0
2014-12-30,66.739,66.759,66.207,66.207,216733,0
2014-12-31,66.516,66.701,65.695,65.782,26812,0
2015-01-02,66.103,66.266,65.271,65.677,13995,0
2015-01-05,65.241,65.368,64.71,64.826,28322,0
2015-01-06,65.124,65.261,63.985,64.274,76141,0
2015-01-07,65.001,65.511,64.855,65.339,199806,0
2015-01-08,66.034,66.759,65.898,66.673,112790,0
2015-01-09,66.605,66.991,66.093,66.326,48526,0
2015-01-12,66.449,66.449,65.782,65.938,43326,0
2015-01-13,66.691,66.894,65.32,65.715,46887,0
2015-01-14,65.085,65.638,65.085,65.491,73705,0
2015-01-15,65.61,65.8,64.923,65.058,45669,0
2015-01-16,65.183,65.958,64.903,65.849,38224,0
2015-01-20,66.276,66.336,65.472,66.207,95789,0
2015-01-21,66.093,66.664,66.053,66.469,28708,0
2015-01-22,66.982,67.609,66.286,67.609,231707,0
2015-01-23,67.648,67.754,67.368,67.475,41747,0
2015-01-26,67.33,67.619,67.098,67.541,41372,0
2015-01-27,66.691,67.039,66.158,66.682,31893,0
2015-01-28,66.943,67.241,65.918,65.918,57291,0
2015-01-29,65.81,66.673,65.501,66.546,63449,0
2015-01-30,66.354,66.373,65.241,65.33,32400,0
2015-02-02,65.339,65.82,64.661,65.81,81917,0
2015-02-03,66.187,66.459,65.638,66.439,54915,0
2015-02-04,66.187,66.739,66.103,66.336,50098,0
2015-02-05,66.777,67.078,66.644,67.058,127740,0
2015-02-06,67.165,67.183,66.344,66.411,22183,0
2015-02-09,66.306,66.363,65.82,65.996,21741,0
2015-02-10,66.42,67.068,66.246,66.914,27483,0
2015-02-11,67.117,67.349,66.855,67.261,87942,0
2015-02-12,67.55,67.697,67.271,67.697,42653,0
2015-02-13,67.803,67.86,67.493,67.783,22351,0
2015-02-17,67.754,68.123,67.754,68.074,17171,0
2015-02-18,67.803,68.276,67.803,68.276,25177,0
2015-02-19,68.304,68.528,68.209,68.314,61279,0
2015-02-20,68.314,68.924,68.161,68.878,34868,0
2015-02-23,69.049,69.166,68.971,69.116,21367,0
2015-02-24,69.107,69.272,68.99,69.196,95386,0
2015-02-25,69.069,69.292,68.933,69.03,28419,0
2015-02-26,69.039,69.186,68.868,69.136,29638,0
2015-02-27,69.156,69.156,68.838,68.878,31551,0
2015-03-02,69.079,69.348,69.039,69.299,40973,0
2015-03-03,69.176,69.299,68.501,68.838,57627,0
2015-03-04,68.372,68.818,68.276,68.75,33419,0
2015-03-05,69.069,69.079,68.642,68.906,30211,0
2015-03-06,68.519,68.632,67.803,67.803,37557,0
2015-03-09,68.014,68.276,67.852,68.219,25244,0
2015-03-10,67.658,67.687,67.165,67.165,36832,0
2015-03-11,67.174,67.446,67.02,67.02,36108,0
2015-03-12,67.078,67.803,67.078,67.773,31762,0
2015-03-13,67.59,67.754,67.155,67.483,16142,0
2015-03-16,67.899,68.586,67.687,68.519,19660,0
2015-03-17,68.286,68.595,68.19,68.566,20796,0
2015-03-18,68.229,69.524,67.994,69.299,22967,0
2015-03-19,69.427,69.475,69.156,69.397,15208,0
2015-03-20,69.9,70.065,69.6,69.919,21623,0
2015-03-23,69.716,69.9,69.562,69.562,38901,0
2015-03-24,69.591,69.823,69.216,69.216,27418,0
2015-03-25,69.302,69.302,67.772,67.782,27440,0
2015-03-26,67.209,68.151,67.153,67.802,25892,0
2015-03-27,68.064,68.442,67.831,68.305,24551,0
2015-03-30,68.8,69.003,68.752,68.935,24653,0
2015-03-31,68.442,68.732,68.034,68.151,88298,0
2015-04-01,67.491,67.918,67.133,67.588,79429,0
2015-04-02,67.879,68.004,67.667,67.753,14236,0
2015-04-06,67.376,68.324,67.376,68.093,26303,0
2015-04-07,68.422,68.557,68.074,68.074,84565,0
2015-04-08,68.286,68.452,68.142,68.305,18878,0
2015-04-09,68.432,68.634,68.142,68.539,16321,0
2015-04-10,68.596,68.944,68.529,68.926,56837,0
2015-04-13,69.052,69.159,68.567,68.567,38270,0
2015-04-14,68.654,68.654,68.151,68.492,124714,0
2015-04-15,68.916,68.944,68.624,68.713,71221,0
2015-04-16,68.624,68.86,68.557,68.752,114229,0
2015-04-17,68.393,68.393,67.637,67.918,29501,0
2015-04-20,68.344,68.752,68.305,68.654,74881,0
2015-04-21,69.119,69.119,68.752,68.86,29123,0
2015-04-22,68.713,69.149,68.539,69.091,33890,0
2015-04-23,68.88,69.381,68.81,69.189,11864,0
2015-04-24,69.189,69.391,69.189,69.302,14441,0
2015-04-27,69.566,69.566,68.704,68.762,23209,0
2015-04-28,68.752,69.052,68.161,68.83,30636,0
2015-04-29,68.605,68.704,67.976,68.383,100264,0
2015-04-30,68.2,68.2,67.123,67.444,23418,0
2015-05-01,67.792,68.512,67.792,68.472,22694,0
2015-05-04,68.8,68.964,68.587,68.634,14958,0
2015-05-05,68.452,68.452,67.598,67.617,14029,0
2015-05-06,67.434,67.908,66.959,67.348,25313,0
2015-05-07,67.568,67.986,67.424,67.918,39587,0
2015-05-08,68.752,68.87,68.548,68.79,19392,0
2015-05-11,68.86,68.935,68.529,68.567,30533,0
2015-05-12,67.879,68.52,67.879,68.324,14759,0
2015-05-13,68.81,68.81,68.315,68.403,19598,0
2015-05-14,68.713,69.421,68.694,69.361,13513,0
2015-05-15,69.644,69.644,69.286,69.508,57039,0
2015-05-18,69.518,69.993,69.518,69.876,20724,0
2015-05-19,69.827,70.071,69.76,69.857,28161,0
2015-05-20,69.644,70.108,69.605,69.837,36206,0
2015-05-21,69.74,70.062,69.711,69.935,35484,0
2015-05-22,69.905,70.071,69.8,69.827,33114,0
2015-05-26,69.75,69.75,68.993,69.119,23112,0
2015-05-27,69.361,70.052,69.361,70.032,14236,0
2015-05-28,69.935,69.954,69.644,69.935,11068,0
2015-05-29,69.885,69.964,69.361,69.711,51886,0
2015-06-01,69.8,70.012,69.361,69.77,24034,0
2015-06-02,69.469,69.74,69.391,69.469,19557,0
2015-06-03,69.595,69.77,69.498,69.576,25480,0
2015-06-04,69.411,69.538,68.86,69.033,35383,0
2015-06-05,68.83,69.033,68.654,68.83,17019,0
2015-06-08,68.654,68.762,68.383,68.422,10933,0
2015-06-09,68.432,68.539,67.869,68.482,21897,0
2015-06-10,68.634,69.371,68.634,69.312,10467,0
2015-06-11,69.605,69.721,69.469,69.508,22150,0
2015-06-12,69.266,69.302,69.062,69.129,13615,0
2015-06-15,68.587,69.266,68.587,69.082,12586,0
2015-06-16,69.159,69.595,69.159,69.538,17743,0
2015-06-17,69.837,69.885,69.342,69.644,21559,0
2015-06-18,69.915,70.7,69.915,70.633,18259,0
2015-06-19,70.584,70.759,70.487,70.574,108208,0
2015-06-22,70.972,71.156,70.855,70.893,14648,0
2015-06-23,71.068,71.068,70.828,71.031,20514,0
2015-06-24,70.88,71.008,70.355,70.405,23961,0
2015-06-25,70.61,70.9,70.561,70.795,13163,0
2015-06-26,70.852,70.998,70.385,70.58,27457,0
2015-06-29,69.997,70.23,69.15,69.268,55941,0
2015-06-30,69.85,69.85,69.288,69.471,17598,0
2015-07-01,70.036,70.142,69.84,70.122,39282,0
2015-07-02,70.318,70.318,69.714,69.967,20258,0
2015-07-06,69.52,70.102,69.373,69.822,38253,0
2015-07-07,70.065,70.27,68.975,70.26,211427,0
2015-07-08,69.939,69.939,69.19,69.23,51109,0
2015-07-09,69.997,69.997,69.383,69.51,87921,0
2015-07-10,70.375,70.686,70.102,70.59,124429,0
2015-07-13,71.174,71.378,71.018,71.338,234461,0
2015-07-14,71.406,71.825,71.396,71.747,55987,0
2015-07-15,71.707,71.805,71.444,71.611,59791,0
2015-07-16,71.678,72.028,71.583,72.02,46584,0
2015-07-17,71.765,72.02,71.687,72.02,124429,0
2015-07-20,72.097,72.409,72.057,72.252,438998,0
2015-07-21,72.252,72.252,71.573,71.844,97691,0
2015-07-22,71.464,71.913,71.425,71.874,239295,0
2015-07-23,72.097,72.145,71.444,71.514,73732,0
2015-07-24,72.361,72.494,71.222,71.348,40620,0
2015-07-27,71.065,71.184,70.795,70.795,122785,0
2015-07-28,71.29,71.727,70.88,71.697,38563,0
2015-07-29,71.903,72.165,71.765,72.165,67460,0
2015-07-30,71.962,72.175,71.593,72.097,45759,0
2015-07-31,72.252,72.409,72.028,72.106,42674,0
2015-08-03,72.282,72.379,71.659,72.028,285908,0
2015-08-04,71.913,71.942,71.543,71.756,55326,0
2015-08-05,71.707,72.194,71.669,72.048,141602,0
2015-08-06,72.165,72.165,70.638,70.755,214201,0
2015-08-07,70.715,70.87,70.102,70.706,89157,0
2015-08-10,71.164,71.494,71.075,71.241,145202,0
2015-08-11,70.825,71.144,70.501,70.815,56707,0
2015-08-12,70.191,70.706,69.443,70.59,123195,0
2015-08-13,70.706,71.193,70.677,70.844,117229,0
2015-08-14,70.686,71.047,70.648,71.018,77742,0
2015-08-17,70.89,71.737,70.696,71.737,227983,0
2015-08-18,71.884,71.942,71.583,71.64,78361,0
2015-08-19,71.435,71.775,70.92,71.358,161450,0
2015-08-20,70.785,70.785,69.608,69.608,93167,0
2015-08-21,69.16,69.16,67.293,67.293,120624,0
2015-08-24,66.427,66.845,53.486,64.628,270340,0
2015-08-25,65.271,67.185,64.424,64.453,111059,0
2015-08-26,66.049,67.138,64.951,67.011,132656,0
2015-08-27,68.062,74.199,67.323,68.654,303051,0
2015-08-28,68.372,68.732,68.13,68.528,115483,0
2015-08-31,68.372,68.556,67.643,67.779,547898,0
2015-09-01,67.1,67.1,65.621,65.942,765700,0
2015-09-02,66.593,67.43,66.342,67.43,66225,0
2015-09-03,67.713,68.254,67.185,67.42,69516,0
2015-09-04,66.807,66.992,66.164,66.749,338322,0
2015-09-08,67.693,68.431,67.45,68.372,139442,0
2015-09-09,68.965,69.024,67.4,67.45,40002,0
2015-09-10,67.39,68.274,67.39,67.819,39828,0
2015-09-11,67.683,68.624,67.683,68.624,161450,0
2015-09-14,68.85,68.85,68.207,68.236,69927,0
2015-09-15,68.491,69.304,68.274,69.111,97898,0
2015-09-16,69.19,69.608,68.87,69.589,120934,0
2015-09-17,69.443,70.686,69.443,69.773,311129,0
2015-09-18,68.9,69.589,68.752,68.762,39384,0
2015-09-21,69.296,69.694,68.604,69.24,202891,0
2015-09-22,68.323,68.604,68.022,68.451,114147,0
2015-09-23,68.501,68.762,68.254,68.538,90392,0
2015-09-24,68.012,68.159,67.214,68.022,77187,0
2015-09-25,68.731,68.731,67.18,67.629,67903,0
2015-09-28,67.229,67.247,65.065,65.514,89643,0
2015-09-29,65.484,66.031,64.58,65.026,97240,0
2015-09-30,65.885,66.547,65.631,66.497,483427,0
2015-10-01,66.596,67.065,66.12,67.065,736477,0
2015-10-02,66.195,68.049,65.904,68.039,113856,0
2015-10-05,68.489,68.869,68.36,68.751,134964,0
2015-10-06,68.683,68.761,67.466,67.873,146064,0
2015-10-07,68.206,68.225,67.436,68.078,323926,0
2015-10-08,67.932,68.643,67.446,68.537,1072815,0
2015-10-09,68.594,68.975,68.489,68.907,166888,0
2015-10-12,68.761,69.268,68.663,69.17,166608,0
2015-10-13,69.15,69.541,68.731,68.779,60313,0
2015-10-14,68.839,69.073,68.196,68.234,65339,0
2015-10-15,68.35,69.18,68.262,69.18,72416,0
2015-10-16,69.354,69.755,69.325,69.755,75904,0
2015-10-19,69.561,70.145,69.551,70.078,78263,0
2015-10-20,70.018,70.038,69.249,69.482,81383,0
2015-10-21,69.638,69.638,68.585,68.926,96007,0
2015-10-22,69.19,69.414,68.926,69.384,350287,0
2015-10-23,70.525,70.545,69.832,70.301,232021,0
2015-10-26,70.223,70.819,70.223,70.69,173348,0
2015-10-27,70.486,70.935,70.468,70.935,102368,0
2015-10-28,71.052,71.549,70.671,71.51,84827,0
2015-10-29,71.441,71.782,71.441,71.628,219198,0
2015-10-30,71.676,71.802,71.364,71.364,89958,0
2015-11-02,71.49,71.822,71.306,71.724,293942,0
2015-11-03,71.579,71.772,71.237,71.579,119703,0
2015-11-04,71.763,71.812,71.266,71.598,154177,0
2015-11-05,71.802,72.212,71.549,72.075,92932,0
2015-11-06,71.647,71.949,71.384,71.628,65339,0
2015-11-09,71.53,71.53,70.584,70.983,132891,0
2015-11-10,70.839,71.539,70.839,71.48,510095,0
2015-11-11,71.763,71.851,71.354,71.384,64006,0
2015-11-12,70.993,71.246,70.408,70.418,273050,0
2015-11-13,70.135,70.223,69.268,69.268,255203,0
2015-11-16,69.13,70.203,69.083,70.164,114574,0
2015-11-17,70.388,70.895,70.243,70.448,66570,0
2015-11-18,70.642,71.704,70.584,71.657,116830,0
2015-11-19,71.354,71.579,71.179,71.218,113958,0
2015-11-20,71.647,72.008,71.647,71.92,62468,0
2015-11-23,71.949,72.32,71.881,72.075,111086,0
2015-11-24,71.657,72.143,71.334,71.998,91189,0
2015-11-25,72.123,72.34,72.123,72.24,165350,0
2015-11-27,72.31,72.493,72.173,72.398,77442,0
2015-11-30,72.523,72.523,71.704,71.744,87084,0
2015-12-01,72.055,72.611,71.969,72.573,94617,0
2015-12-02,72.602,72.768,72.114,72.192,170029,0
2015-12-03,72.398,72.408,70.769,71.013,269583,0
2015-12-04,71.208,72.671,71.198,72.573,88314,0
2015-12-07,72.641,72.718,71.9,72.27,254072,0
2015-12-08,71.608,72.503,71.608,72.349,84263,0
2015-12-09,72.055,72.436,71.07,71.334,136935,0
2015-12-10,71.276,71.92,71.227,71.393,129447,0
2015-12-11,70.68,70.974,70.125,70.164,147294,0
2015-12-14,70.301,70.935,69.785,70.895,519975,0
2015-12-15,71.589,71.792,71.246,71.315,245149,0
2015-12-16,71.744,72.573,71.47,72.436,363007,0
2015-12-17,72.563,72.563,71.589,71.608,576871,0
2015-12-18,71.374,71.374,70.505,70.515,199196,0
2015-12-21,70.993,71.189,70.662,71.139,233764,0
2015-12-22,71.539,71.704,71.003,71.549,699885,0
2015-12-23,71.988,71.988,71.724,71.978,217968,0
2015-12-24,71.902,72.048,71.784,71.804,164851,0
2015-12-28,71.685,71.99,71.451,71.99,393829,0
2015-12-29,72.372,72.987,72.372,72.859,152015,0
2015-12-30,72.81,72.829,72.411,72.468,211465,0
2015-12-31,72.233,72.429,71.648,71.648,182894,0
2016-01-04,70.466,70.466,69.536,70.2,505714,0
2016-01-05,70.446,70.838,70.192,70.533,327125,0
2016-01-06,69.624,70.493,69.624,70.161,268638,0
2016-01-07,68.901,69.771,68.466,68.597,216867,0
2016-01-08,69.124,69.208,67.79,67.942,581323,0
2016-01-11,68.227,68.588,67.474,68.352,470620,0
2016-01-12,68.978,69.283,68.294,69.087,216343,0
2016-01-13,69.31,69.31,66.832,66.955,345996,0
2016-01-14,67.083,68.217,66.211,67.709,355023,0
2016-01-15,65.84,66.779,59.379,66.398,329301,0
2016-01-19,67.218,67.435,66.341,66.896,286213,0
2016-01-20,65.919,66.807,64.34,66.271,903628,0
2016-01-21,66.437,67.218,65.988,66.494,964096,0
2016-01-22,67.327,67.923,67.257,67.806,811362,0
2016-01-25,67.709,67.962,67.034,67.083,500709,0
2016-01-26,67.317,67.806,67.053,67.669,380313,0
2016-01-27,67.669,67.893,66.291,66.663,537414,0
2016-01-28,67.58,67.836,66.711,67.629,284590,0
2016-01-29,67.512,68.94,67.445,68.92,309000,0
2016-02-01,68.616,69.585,68.606,69.293,436173,0
2016-02-02,68.882,68.988,68.07,68.304,776279,0
2016-02-03,68.568,68.782,66.593,67.59,625491,0
2016-02-04,67.287,67.317,66.437,66.906,415915,0
2016-02-05,66.701,66.701,64.678,64.902,436972,0
2016-02-08,63.886,63.915,62.488,63.426,644861,0
2016-02-09,62.751,64.431,62.751,63.768,623832,0
2016-02-10,64.403,65.377,64.393,64.462,683668,0
2016-02-11,63.465,64.364,63.26,63.964,306222,0
2016-02-12,64.6,64.872,64.286,64.834,517818,0
2016-02-16,65.607,65.959,65.205,65.949,149547,0
2016-02-17,66.417,67.161,66.231,67.004,209793,0
2016-02-18,67.122,67.122,66.331,66.447,128636,0
2016-02-19,66.181,66.847,65.95,66.827,94757,0
2016-02-22,67.376,67.919,67.376,67.836,193369,0
2016-02-23,67.826,68.04,67.455,67.503,121115,0
2016-02-24,66.945,67.981,66.485,67.893,112603,0
2016-02-25,68.07,68.92,67.876,68.92,253771,0
2016-02-26,69.253,69.293,68.558,68.686,109794,0
2016-02-29,68.588,69.008,68.04,68.04,245948,0
2016-03-01,68.616,69.604,68.42,69.604,302082,0
2016-03-02,69.496,69.555,69.047,69.467,294932,0
2016-03-03,69.32,69.429,68.822,69.419,274136,0
2016-03-04,69.496,69.653,69.067,69.263,586030,0
2016-03-07,68.969,69.008,68.178,68.588,342513,0
2016-03-08,68.207,68.969,68.07,68.333,621932,0
2016-03-09,68.706,68.715,68.284,68.676,77635,0
2016-03-10,68.978,69.27,68.109,68.754,128242,0
2016-03-11,69.33,69.868,69.236,69.848,166753,0
2016-03-14,69.634,70.125,69.634,69.996,236678,0
2016-03-15,69.546,70.025,69.546,69.956,198797,0
2016-03-16,69.937,70.474,69.712,70.338,287415,0
2016-03-17,70.23,70.446,69.917,70.298,464846,0
2016-03-18,70.621,70.689,70.2,70.436,191620,0
2016-03-21,70.386,70.645,70.201,70.563,239865,0
2016-03-22,70.23,70.828,70.23,70.592,293339,0
2016-03-23,70.396,70.729,70.278,70.503,83857,0
2016-03-24,70.24,70.484,69.965,70.484,259083,0
2016-03-28,70.632,70.895,70.553,70.69,267684,0
2016-03-29,70.573,71.543,70.573,71.494,412156,0
2016-03-30,71.867,72.025,71.749,71.847,145387,0
2016-03-31,71.828,71.994,71.563,71.651,429083,0
2016-04-01,71.328,72.483,71.328,72.435,373602,0
2016-04-04,72.493,72.493,71.896,72.072,424901,0
2016-04-05,71.474,71.64,71.229,71.328,314490,0
2016-04-06,71.377,72.229,71.377,72.21,183687,0
2016-04-07,71.925,71.994,71.21,71.514,336128,0
2016-04-08,71.925,71.925,71.2,71.396,352392,0
2016-04-11,71.612,71.759,70.925,70.955,184567,0
2016-04-12,70.975,71.433,70.651,71.367,796829,0
2016-04-13,71.788,71.837,71.385,71.768,194908,0
2016-04-14,71.828,72.014,71.657,71.699,117450,0
2016-04-15,71.778,71.878,71.605,71.867,338074,0
2016-04-18,71.699,72.406,71.699,72.386,207462,0
2016-04-19,72.738,72.738,71.828,72.131,229190,0
2016-04-20,72.229,72.553,71.994,72.258,189257,0
2016-04-21,72.328,72.328,71.719,71.788,169302,0
2016-04-22,71.387,71.494,70.757,71.328,237851,0
2016-04-25,71.072,71.454,70.984,71.454,142879,0
2016-04-26,71.573,71.759,71.21,71.377,176422,0
2016-04-27,71.377,71.553,70.95,71.367,267816,0
2016-04-28,71.504,71.974,70.905,71.082,177161,0
2016-04-29,71.21,71.308,70.661,71.171,341103,0
2016-05-02,71.347,72.151,71.347,72.102,360233,0
2016-05-03,71.593,71.945,71.396,71.612,180711,0
2016-05-04,71.191,71.641,71.141,71.543,149420,0
2016-05-05,71.514,71.728,71.338,71.425,50086,0
2016-05-06,71.347,71.886,71.102,71.877,140058,0
2016-05-09,71.857,72.582,71.857,72.386,103564,0
2016-05-10,72.738,73.357,72.65,73.357,143633,0
2016-05-11,73.307,73.307,72.563,72.563,212767,0
2016-05-12,72.925,73.011,72.288,72.738,79569,0
2016-05-13,72.641,72.866,72.229,72.338,69362,0
2016-05-16,72.357,73.003,72.171,72.807,184003,0
2016-05-17,72.641,72.71,71.612,71.828,206999,0
2016-05-18,71.573,72.19,71.308,71.778,275568,0
2016-05-19,71.357,71.646,71.092,71.534,128371,0
2016-05-20,71.719,72.072,71.719,71.857,106680,0
2016-05-23,71.857,71.916,71.543,71.563,448670,0
2016-05-24,71.818,72.778,71.818,72.71,236135,0
2016-05-25,72.826,72.945,72.661,72.748,148429,0
2016-05-26,72.876,72.994,72.718,72.896,113522,0
2016-05-27,72.994,73.217,72.935,73.121,91262,0
2016-05-31,73.268,73.287,72.691,72.945,346058,0
2016-06-01,72.738,73.161,72.738,73.151,152293,0
2016-06-02,73.053,73.347,72.953,73.347,181215,0
2016-06-03,73.406,73.75,73.19,73.63,205170,0
2016-06-06,73.7,73.778,73.387,73.591,424010,0
2016-06-07,73.7,73.876,73.582,73.611,228420,0
2016-06-08,73.69,74.121,73.62,74.062,177210,0
2016-06-09,73.885,74.405,73.885,74.336,166068,0
2016-06-10,73.955,74.09,73.666,73.905,177746,0
2016-06-13,73.66,73.964,73.395,73.435,194560,0
2016-06-14,73.287,73.513,73.09,73.513,166960,0
2016-06-15,73.611,73.72,73.287,73.367,431684,0
2016-06-16,73.141,73.68,72.925,73.64,228667,0
2016-06-17,73.7,73.7,72.837,73.199,220399,0
2016-06-20,73.71,73.955,73.562,73.611,162751,0
2016-06-21,73.79,73.918,73.714,73.761,141897,0
2016-06-22,73.839,73.908,73.554,73.584,161993,0
2016-06-23,74.075,74.252,73.8,74.252,227293,0
2016-06-24,72.512,73.629,72.07,72.68,315282,0
2016-06-27,72.256,72.434,71.903,72.336,340939,0
2016-06-28,72.866,73.249,72.64,73.22,281814,0
2016-06-29,73.632,74.105,73.632,74.055,430658,0
2016-06-30,74.184,75.097,74.165,75.097,300220,0
2016-07-01,75.186,75.411,75.146,75.166,181735,0
2016-07-05,75.117,75.501,75.117,75.411,212611,0
2016-07-06,75.176,75.884,75.146,75.845,330108,0
2016-07-07,75.845,75.854,75.256,75.471,358862,0
2016-07-08,75.884,76.389,75.629,76.375,287063,0
2016-07-11,76.512,76.704,76.337,76.532,410765,0
2016-07-12,76.641,76.709,76.356,76.356,346502,0
2016-07-13,76.542,76.617,76.385,76.473,247471,0
2016-07-14,76.641,76.785,76.454,76.612,181238,0
2016-07-15,76.798,76.837,76.347,76.522,433316,0
2016-07-18,76.641,76.723,76.504,76.691,336204,0
2016-07-19,76.503,76.867,76.473,76.867,230782,0
2016-07-20,77.045,77.112,76.887,77.005,223495,0
2016-07-21,76.995,76.995,76.459,76.691,137252,0
2016-07-22,76.641,77.152,76.641,77.152,229553,0
2016-07-25,77.112,77.142,76.719,76.945,224119,0
2016-07-26,76.945,77.005,76.493,76.701,141117,0
2016-07-27,76.828,76.877,76.138,76.444,216136,0
2016-07-28,76.592,76.897,76.375,76.808,99451,0
2016-07-29,76.945,77.417,76.877,77.112,212825,0
2016-08-01,77.083,77.408,77.045,77.23,193704,0
2016-08-02,77.21,77.21,76.665,76.897,214756,0
2016-08-03,76.818,76.905,76.443,76.592,157861,0
2016-08-04,76.661,76.945,76.582,76.758,140899,0
2016-08-05,76.965,77.054,76.876,76.965,343535,0
2016-08-08,77.064,77.102,76.719,76.798,122363,0
2016-08-09,76.847,77.28,76.758,77.015,407610,0
2016-08-10,77.074,77.161,76.975,77.132,103312,0
2016-08-11,77.21,77.408,77.161,77.369,166903,0
2016-08-12,77.28,77.436,77.201,77.339,248879,0
2016-08-15,77.399,77.399,77.102,77.122,133470,0
2016-08-16,76.965,76.965,76.347,76.375,169452,0
2016-08-17,76.385,76.641,76.02,76.632,190517,0
2016-08-18,76.572,76.641,76.473,76.622,163957,0
2016-08-19,76.473,76.522,76.228,76.404,280109,0
2016-08-22,76.404,76.602,76.278,76.512,119960,0
2016-08-23,76.738,76.837,76.532,76.552,169823,0
2016-08-24,76.503,76.503,75.973,76.119,149236,0
2016-08-25,75.924,76.278,75.688,76.081,179867,0
2016-08-26,76.138,76.552,75.543,75.857,275295,0
2016-08-29,75.924,76.366,75.914,76.347,148093,0
2016-08-30,76.308,76.424,75.854,76.022,182945,0
2016-08-31,75.933,76.002,75.658,75.963,264709,0
2016-09-01,75.993,76.1,75.735,76.09,131638,0
2016-09-02,76.317,76.671,76.258,76.493,241995,0
2016-09-06,76.661,76.945,76.532,76.935,372933,0
2016-09-07,76.915,76.915,76.528,76.729,202677,0
2016-09-08,76.622,76.632,76.283,76.394,653143,0
2016-09-09,75.924,75.924,74.31,74.32,249508,0
2016-09-12,74.065,75.531,73.976,75.441,196306,0
2016-09-13,74.999,75.028,74.195,74.399,153884,0
2016-09-14,74.419,74.862,74.272,74.499,204055,0
2016-09-15,74.439,75.325,74.34,75.196,180684,0
2016-09-16,75.087,75.286,74.812,75.048,155096,0
2016-09-19,75.295,75.531,75.067,75.206,92927,0
2016-09-20,75.441,75.58,75.226,75.286,268483,0
2016-09-21,75.471,76.394,75.334,76.347,216833,0
2016-09-22,76.651,77.025,76.651,76.925,109685,0
2016-09-23,76.729,76.768,76.522,76.582,221888,0
2016-09-26,76.357,76.357,76.071,76.1,131418,0
2016-09-27,76.159,76.761,76.149,76.599,81877,0
2016-09-28,76.654,76.751,76.32,76.712,179987,0
2016-09-29,76.674,76.761,75.933,76.071,190460,0
2016-09-30,76.318,76.594,76.159,76.338,99071,0
2016-10-03,76.189,76.189,75.834,76.061,316718,0
2016-10-04,76.129,76.129,75.05,75.322,184363,0
2016-10-05,75.499,75.628,75.173,75.273,97099,0
2016-10-06,75.203,75.578,75.054,75.499,138404,0
2016-10-07,75.509,75.588,74.834,75.203,91360,0
2016-10-10,75.439,75.608,75.439,75.538,579379,0
2016-10-11,75.379,75.379,74.423,74.6,380121,0
2016-10-12,74.64,75.213,74.64,75.094,131603,0
2016-10-13,74.669,75.213,74.463,75.014,195982,0
2016-10-14,75.243,75.479,74.938,74.938,229866,0
2016-10-17,74.947,75.024,74.739,74.798,142642,0
2016-10-18,75.253,75.445,75.034,75.193,204387,0
2016-10-19,75.273,75.292,74.985,75.153,156729,0
2016-10-20,75.114,75.213,74.883,75.064,334392,0
2016-10-21,74.956,75.144,74.848,75.124,126150,0
2016-10-24,75.369,75.638,75.369,75.628,338638,0
2016-10-25,75.588,75.725,75.193,75.203,286184,0
2016-10-26,74.985,75.1,74.64,74.749,147214,0
2016-10-27,74.985,75.034,74.245,74.265,166603,0
2016-10-28,74.235,74.918,74.235,74.423,435883,0
2016-10-31,74.562,74.937,74.503,74.858,209649,0
2016-11-01,74.938,75.044,73.792,74.138,296720,0
2016-11-02,74.028,74.138,73.555,73.623,192047,0
2016-11-03,73.506,73.633,73.131,73.209,217560,0
2016-11-04,73.219,73.545,73.082,73.131,172460,0
2016-11-07,73.988,74.62,73.929,74.591,144377,0
2016-11-08,74.59,75.359,74.59,75.134,179875,0
2016-11-09,74.314,74.975,73.998,74.818,333260,0
2016-11-10,75.034,75.034,73.318,73.861,737370,0
2016-11-11,73.871,74.014,73.545,73.782,159422,0
2016-11-14,73.89,73.89,73.072,73.161,401837,0
2016-11-15,73.378,73.88,73.318,73.851,304617,0
2016-11-16,73.673,74.068,73.673,74.068,227040,0
2016-11-17,74.148,74.502,74.088,74.473,182105,0
2016-11-18,74.562,74.61,74.168,74.265,214947,0
2016-11-21,74.354,74.773,74.354,74.768,717317,0
2016-11-22,74.995,75.144,74.84,75.024,256712,0
2016-11-23,74.868,75.183,74.738,75.183,224254,0
2016-11-25,75.104,75.349,75.104,75.312,53114,0
2016-11-28,75.233,75.488,75.233,75.283,178634,0
2016-11-29,75.34,75.734,75.34,75.578,231894,0
2016-11-30,75.459,75.459,74.413,74.413,211943,0
2016-12-01,74.413,74.413,72.914,73.012,362671,0
2016-12-02,73.111,73.648,73.022,73.447,219797,0
2016-12-05,73.782,74.048,73.58,73.988,367588,0
2016-12-06,74.108,74.206,73.955,74.177,265079,0
2016-12-07,74.148,75.202,74.068,75.144,135108,0
2016-12-08,75.153,75.369,75.019,75.114,153264,0
2016-12-09,75.359,75.359,75.094,75.332,437935,0
2016-12-12,75.124,75.273,74.939,75.243,157994,0
2016-12-13,75.439,76.129,75.439,75.864,195871,0
2016-12-14,75.953,76.189,75.312,75.409,193903,0
2016-12-15,75.469,75.973,75.455,75.794,199717,0
2016-12-16,75.953,76.269,75.419,75.588,142081,0
2016-12-19,75.744,76.042,75.687,75.844,293625,0
2016-12-20,76.1,76.229,75.973,76.09,266068,0
2016-12-21,76.1,76.11,75.954,76.002,426611,0
2016-12-22,76.042,76.13,75.763,75.973,408402,0
2016-12-23,75.843,76.11,75.843,76.11,178580,0
2016-12-27,76.14,76.517,76.14,76.448,120028,0
2016-12-28,76.567,76.567,75.61,75.665,107719,0
2016-12-29,75.616,75.823,75.526,75.823,127922,0
2016-12-30,75.903,75.963,75.019,75.229,225923,0
2017-01-03,75.496,75.823,75.099,75.446,286472,0
2017-01-04,75.606,76.017,75.606,75.893,217227,0
2017-01-05,75.903,76.18,75.753,76.14,396773,0
2017-01-06,76.13,76.726,75.963,76.577,250945,0
2017-01-09,76.607,76.715,76.438,76.547,159462,0
2017-01-10,76.577,76.754,76.369,76.507,183779,0
2017-01-11,76.487,76.755,76.27,76.755,176781,0
2017-01-12,76.527,76.687,76.032,76.667,170223,0
2017-01-13,76.706,76.964,76.457,76.854,1068785,0
2017-01-17,76.795,76.874,76.467,76.677,398205,0
2017-01-18,76.775,76.963,76.657,76.904,455465,0
2017-01-19,76.904,77.073,76.637,76.815,276578,0
2017-01-20,77.122,77.357,76.864,76.974,262227,0
2017-01-23,76.825,77.004,76.506,76.805,158721,0
2017-01-24,76.924,77.539,76.914,77.429,340667,0
2017-01-25,77.758,78.065,77.688,78.065,428172,0
2017-01-26,78.045,78.055,77.827,77.955,461805,0
2017-01-27,78.114,78.163,77.947,78.075,207707,0
2017-01-30,77.846,77.946,77.261,77.598,126169,0
2017-01-31,77.381,77.628,77.241,77.598,311047,0
2017-02-01,77.876,77.876,77.311,77.776,555882,0
2017-02-02,77.588,77.965,77.41,77.916,269491,0
2017-02-03,77.975,78.322,77.975,78.233,154417,0
2017-02-06,78.233,78.233,77.992,78.193,163404,0
2017-02-07,78.432,78.53,78.252,78.432,348217,0
2017-02-08,78.372,78.65,78.284,78.63,639243,0
2017-02-09,78.69,78.917,78.63,78.779,248189,0
2017-02-10,78.907,79.146,78.769,79.027,150841,0
2017-02-13,79.204,79.317,79.136,79.264,179430,0
2017-02-14,79.146,79.284,78.917,79.254,321086,0
2017-02-15,79.204,79.701,79.195,79.631,358815,0
2017-02-16,79.661,79.801,79.442,79.776,151835,0
2017-02-17,79.581,79.869,79.444,79.869,109043,0
2017-02-21,79.988,80.495,79.988,80.435,138216,0
2017-02-22,80.325,80.527,80.305,80.515,156013,0
2017-02-23,80.592,80.612,79.944,80.315,169499,0
2017-02-24,79.928,80.505,79.84,80.485,109575,0
2017-02-27,80.485,80.662,80.345,80.652,108278,0
2017-02-28,80.632,80.722,80.405,80.545,396793,0
2017-03-01,80.931,81.536,80.894,81.386,258741,0
2017-03-02,81.316,81.316,80.901,80.901,435034,0
2017-03-03,80.921,81.049,80.722,81.029,79801,0
2017-03-06,80.742,80.979,80.58,80.901,228666,0
2017-03-07,80.712,81.123,80.712,80.882,155691,0
2017-03-08,80.862,81.099,80.746,80.852,193945,0
2017-03-09,80.812,81.048,80.672,80.989,166487,0
2017-03-10,81.326,81.476,81.079,81.476,229854,0
2017-03-13,81.476,81.773,81.446,81.763,143597,0
2017-03-14,81.615,81.635,81.238,81.466,141475,0
2017-03-15,81.595,82.346,81.526,82.19,204637,0
2017-03-16,82.27,82.279,81.833,81.982,127171,0
2017-03-17,82.18,82.428,82.11,82.175,128213,0
2017-03-20,82.19,82.398,82.063,82.22,198549,0
2017-03-21,82.378,82.569,81.199,81.258,177425,0
2017-03-22,81.219,81.743,81.189,81.684,160052,0
2017-03-23,81.546,81.933,81.416,81.526,525013,0
2017-03-24,81.889,82.067,81.342,81.699,136925,0
2017-03-27,81.053,81.719,80.925,81.601,158651,0
2017-03-28,81.521,82.055,81.411,81.929,104049,0
2017-03-29,81.809,82.187,81.685,82.167,194504,0
2017-03-30,82.147,82.376,82.087,82.197,296338,0
2017-03-31,82.167,82.485,82.107,82.197,160182,0
2017-04-03,82.317,82.386,81.729,82.197,532170,0
2017-04-04,81.929,82.157,81.851,82.147,206801,0
2017-04-05,82.267,82.803,81.949,82.008,197877,0
2017-04-06,82.107,82.32,81.898,82.187,111227,0
2017-04-07,82.227,82.405,81.998,82.157,102945,0
2017-04-10,82.257,82.416,81.989,82.137,184722,0
2017-04-11,82.028,82.087,81.511,82.048,127745,0
2017-04-12,81.998,81.998,81.621,81.739,287932,0
2017-04-13,81.621,81.93,81.351,81.351,187899,0
2017-04-17,81.521,82.227,81.521,82.207,142889,0
2017-04-18,81.959,82.287,81.959,82.157,1467744,0
2017-04-19,82.445,82.625,82.187,82.287,383686,0
2017-04-20,82.455,82.887,82.197,82.764,178229,0
2017-04-21,82.724,82.842,82.565,82.744,157374,0
2017-04-24,83.46,83.699,83.344,83.589,143969,0
2017-04-25,83.788,84.156,83.758,84.067,242691,0
2017-04-26,84.126,84.146,83.749,83.788,242935,0
2017-04-27,83.888,84.325,83.878,84.186,182741,0
2017-04-28,84.544,84.604,84.146,84.315,128784,0
2017-05-01,84.504,84.842,84.355,84.753,298587,0
2017-05-02,84.793,84.793,84.474,84.604,1349104,0
2017-05-03,84.504,84.634,84.176,84.365,289839,0
2017-05-04,84.484,84.574,84.226,84.504,1760884,0
2017-05-05,84.773,84.952,84.604,84.942,168011,0
2017-05-08,85.022,85.022,84.683,84.882,479028,0
2017-05-09,85.002,85.101,84.733,84.852,1376882,0
2017-05-10,85.17,85.469,84.972,85.459,247673,0
2017-05-11,85.22,85.509,84.962,85.429,106868,0
2017-05-12,85.479,85.578,85.37,85.578,901614,0
2017-05-15,85.758,86.244,85.588,86.234,296844,0
2017-05-16,86.414,86.414,86.116,86.374,151584,0
2017-05-17,85.728,85.926,84.723,84.753,146109,0
2017-05-18,84.703,85.638,84.534,85.38,287619,0
2017-05-19,85.718,86.126,85.499,85.896,146148,0
2017-05-22,86.126,86.702,86.126,86.682,149639,0
2017-05-23,86.882,86.902,86.652,86.802,155947,0
2017-05-24,87.04,87.277,86.97,87.25,318954,0
2017-05-25,87.568,88.084,87.409,87.946,263655,0
2017-05-26,87.976,88.084,87.766,88.084,148880,0
2017-05-30,88.035,88.324,88.025,88.284,134924,0
2017-05-31,88.502,88.572,88.002,88.334,120672,0
2017-06-01,88.532,88.96,88.254,88.96,655611,0
2017-06-02,88.98,89.626,88.82,89.427,368257,0
2017-06-05,89.497,89.666,89.228,89.268,430713,0
2017-06-06,89.049,89.358,88.936,89.049,718515,0
2017-06-07,89.328,89.676,89.233,89.586,325249,0
2017-06-08,89.755,90.024,89.397,89.885,262180,0
2017-06-09,90.193,90.541,88.134,88.97,340395,0
2017-06-12,88.572,88.751,87.896,88.682,2204243,0
2017-06-13,89.03,89.437,88.86,89.417,295917,0
2017-06-14,89.417,89.426,88.701,89.238,168582,0
2017-06-15,88.462,89.149,88.403,89.069,144378,0
2017-06-16,89.159,89.159,88.682,88.96,135432,0
2017-06-19,89.477,90.332,89.278,90.292,163383,0
2017-06-20,90.113,90.214,89.487,89.527,844555,0
2017-06-21,89.775,89.825,89.432,89.566,238677,0
2017-06-22,89.487,89.646,89.228,89.358,230765,0
2017-06-23,89.427,89.497,89.049,89.198,108158,0
2017-06-26,89.556,89.746,88.811,89.109,223967,0
2017-06-27,88.988,89.267,88.33,88.33,173803,0
2017-06-28,88.768,89.606,88.738,89.496,204199,0
2017-06-29,89.785,89.785,87.861,88.669,356729,0
2017-06-30,89.097,89.147,88.529,88.639,178325,0
2017-07-03,89.137,89.247,88.639,88.639,80250,0
2017-07-05,88.898,89.526,88.753,89.446,1281565,0
2017-07-06,89.008,89.456,88.669,88.888,429919,0
2017-07-07,89.237,89.965,89.237,89.755,229353,0
2017-07-10,89.726,90.323,89.596,90.164,657790,0
2017-07-11,90.134,90.354,89.676,90.124,448311,0
2017-07-12,90.553,91.002,90.543,90.942,250274,0
2017-07-13,91.002,91.255,90.783,91.042,217341,0
2017-07-14,90.932,91.566,90.713,91.401,1938201,0
2017-07-17,91.431,91.54,91.178,91.381,208038,0
2017-07-18,91.102,91.311,90.763,91.311,316616,0
2017-07-19,91.55,91.791,91.451,91.78,203656,0
2017-07-20,91.889,92.179,91.274,91.69,167643,0
2017-07-21,91.451,91.729,91.381,91.67,148938,0
2017-07-24,91.64,91.778,91.476,91.72,327365,0
2017-07-25,92.089,92.218,91.879,91.989,210842,0
2017-07-26,92.298,92.428,91.85,92.009,286035,0
2017-07-27,92.328,92.348,90.699,91.491,371076,0
2017-07-28,91.171,91.6,91.101,91.501,440740,0
2017-07-31,91.999,92.159,91.612,91.72,520193,0
2017-08-01,92.059,92.298,91.8,91.999,357543,0
2017-08-02,92.079,92.468,91.56,92.039,318530,0
2017-08-03,92.199,92.199,91.72,91.929,276366,0
2017-08-04,92.238,92.633,92.215,92.368,409871,0
2017-08-07,92.717,92.847,92.458,92.827,485029,0
2017-08-08,92.917,93.425,92.502,92.727,1066489,0
2017-08-09,92.428,92.807,92.089,92.787,290686,0
2017-08-10,92.398,92.438,91.032,91.092,359295,0
2017-08-11,91.301,91.421,90.932,91.171,304305,0
2017-08-14,92.019,92.777,92.019,92.667,293449,0
2017-08-15,93.096,93.196,92.548,92.687,246535,0
2017-08-16,93.086,93.156,92.518,92.837,323512,0
2017-08-17,92.597,92.617,91.032,91.042,245304,0
2017-08-18,90.942,91.64,90.683,91.032,293699,0
2017-08-21,91.042,91.092,90.417,90.942,301485,0
2017-08-22,91.371,92.418,91.364,92.338,360879,0
2017-08-23,92.199,92.199,91.79,91.909,277736,0
2017-08-24,92.318,92.318,91.59,91.8,253797,0
2017-08-25,92.209,92.368,91.73,91.84,212704,0
2017-08-28,92.114,92.114,91.71,91.909,152945,0
2017-08-29,91.68,92.099,91.112,91.939,200587,0
2017-08-30,92.059,92.677,91.86,92.558,270862,0
2017-08-31,93.016,93.156,92.737,93.066,276375,0
2017-09-01,93.305,93.475,93.236,93.305,380708,0
2017-09-05,92.917,92.917,91.691,92.139,281727,0
2017-09-06,92.587,92.607,92.05,92.418,633133,0
2017-09-07,92.587,92.587,91.72,91.909,221305,0
2017-09-08,91.75,92.218,91.75,91.949,194855,0
2017-09-11,92.717,93.156,92.717,93.116,203827,0
2017-09-12,93.375,93.664,93.246,93.565,186324,0
2017-09-13,93.435,93.744,93.325,93.684,182604,0
2017-09-14,93.595,93.904,93.485,93.555,275648,0
2017-09-15,93.575,94.023,93.405,94.023,173000,0
2017-09-18,94.323,94.861,94.323,94.652,281993,0
2017-09-19,94.841,95.011,94.542,94.871,267145,0
2017-09-20,94.981,94.981,94.362,94.851,236654,0
2017-09-21,94.981,94.981,94.283,94.582,322725,0
2017-09-22,94.352,94.662,94.283,94.622,130138,0
2017-09-25,94.462,94.462,93.315,93.734,252302,0
2017-09-26,94.29,94.29,93.59,93.76,428806,0
2017-09-27,94.5,95.27,94.3,94.99,633238,0
2017-09-28,95.13,95.13,94.6101,95.09,179308,0
2017-09-29,95.29,95.72,95.09,95.68,256097,0
2017-10-02,96.01,96.12,95.7,96.07,337393,0
2017-10-03,96.44,96.45,96.105,96.37,489120,0
2017-10-04,96.34,96.47,96.07,96.4,272310,0
2017-10-05,96.79,97,96.45,96.99,252697,0
2017-10-06,96.98,97.09,96.82,97.09,278359,0
2017-10-09,97.3,97.3,96.75,96.97,422522,0
2017-10-10,97.25,97.29,96.7199,97.15,206916,0
2017-10-11,97.28,97.28,96.8601,97.28,489091,0
2017-10-12,97.35,97.36,96.9,96.99,581225,0
2017-10-13,97.26,97.31,96.782,97.2,421552,0
2017-10-16,97.41,97.74,97.39,97.74,219493,0
2017-10-17,97.92,97.92,97.68,97.78,363269,0
2017-10-18,98.08,98.217,97.77,98.03,401781,0
2017-10-19,97.91,98.36,97.3401,98.33,267450,0
2017-10-20,99.09,99.45,99.01,99.35,364224,0
2017-10-23,99.7,99.7,99.05,99.14,414012,0
2017-10-24,99.64,99.8,99.345,99.71,326480,0
2017-10-25,99.68,99.68,98.4001,99.11,555069,0
2017-10-26,99.09,99.59,99.08,99.29,429343,0
2017-10-27,99.66,100.618,99.66,100.51,321389,0
2017-10-30,100.36,100.62,100.003,100.23,323230,0
2017-10-31,100.71,100.8,100.405,100.5,438043,0
2017-11-01,101.18,101.18,99.951,100.27,472936,0
2017-11-02,100.4,100.709,99.9,100.66,327851,0
2017-11-03,101,101.15,100.475,101.15,720786,0
2017-11-06,101.2,101.4,101.05,101.31,638199,0
2017-11-07,101.56,101.62,100.77,101.02,767243,0
2017-11-08,101.03,101.16,100.6,100.97,319623,0
2017-11-09,100.25,100.579,99.32,100.2,511487,0
2017-11-10,100.31,100.6,100.23,100.49,502926,0
