Date,Open,High,Low,Close,Volume,OpenInt
2013-08-06,23.052,23.052,22.547,22.601,12722,0
2013-08-07,22.547,22.547,22.43,22.466,9924,0
2013-08-08,22.484,22.619,22.448,22.583,65291,0
2013-08-09,22.736,22.736,22.502,22.547,8520,0
2013-08-12,22.547,22.718,22.529,22.547,5508,0
2013-08-13,22.799,22.799,22.394,22.556,2277,0
2013-08-14,22.619,22.619,22.484,22.484,6669,0
2013-08-15,22.502,22.502,22.097,22.123,6319,0
2013-08-16,21.979,21.996,21.862,21.862,8280,0
2013-08-19,21.826,21.826,21.7,21.7,1997,0
2013-08-20,21.88,22.024,21.87,22.015,4324,0
2013-08-21,21.87,21.88,21.78,21.87,2729,0
2013-08-22,21.988,23.449,21.87,21.97,1331,0
2013-08-23,22.078,22.078,21.996,22.015,1053,0
2013-08-26,22.25,22.25,22.15,22.15,1090,0
2013-08-27,22.006,22.006,21.843,21.843,244,0
2013-08-29,21.735,21.843,21.735,21.798,1290,0
2013-08-30,21.42,21.42,21.42,21.42,111,0
2013-09-03,21.547,21.635,21.547,21.564,444,0
2013-09-04,21.582,21.582,21.582,21.582,2217,0
2013-09-05,21.671,21.725,21.671,21.725,444,0
2013-09-06,21.862,21.862,21.78,21.843,3985,0
2013-09-09,21.87,21.87,21.826,21.87,679,0
2013-09-10,21.96,21.979,21.951,21.979,3326,0
2013-09-11,22.006,22.006,22.006,22.006,111,0
2013-09-16,21.888,22.141,21.888,22.078,665,0
2013-09-17,22.097,22.186,22.097,22.186,1792,0
2013-09-18,22.231,22.367,22.06,22.367,5654,0
2013-09-19,22.339,22.339,22.339,22.339,111,0
2013-09-20,22.069,22.069,22.06,22.06,222,0
2013-09-23,22.015,22.015,22.015,22.015,111,0
2013-09-24,21.916,21.916,21.898,21.898,776,0
2013-09-25,21.951,22.114,21.951,22.087,3659,0
2013-09-26,22.195,22.195,22.195,22.195,222,0
2013-10-01,22.511,22.521,22.511,22.521,332,0
2013-10-02,22.638,22.638,22.638,22.638,1441,0
2013-10-03,22.899,22.899,22.313,22.313,1553,0
2013-10-07,22.304,22.304,22.276,22.276,3326,0
2013-10-08,22.015,22.06,22.015,22.06,1109,0
2013-10-09,21.916,21.916,21.916,21.916,155,0
2013-10-10,22.258,22.412,22.258,22.412,687,0
2013-10-11,22.521,22.556,22.367,22.556,3132,0
2013-10-15,22.521,22.521,22.511,22.521,2217,0
2013-10-16,22.782,22.782,22.782,22.782,167,0
2013-10-17,22.899,22.998,22.854,22.998,1996,0
2013-10-21,23.25,23.25,23.25,23.25,642,0
2013-10-22,23.503,23.503,23.377,23.377,555,0
2013-10-23,23.358,23.358,23.358,23.358,1074,0
2013-10-24,23.449,23.449,23.449,23.449,4434,0
2013-10-28,23.26,23.26,23.214,23.241,555,0
2013-11-05,22.998,23.088,22.998,23.042,2256,0
2013-11-08,22.899,22.899,22.899,22.899,111,0
2013-11-12,23.078,23.078,23.07,23.07,557,0
2013-11-13,23.349,23.349,23.349,23.349,111,0
2013-11-18,23.773,23.773,23.62,23.62,555,0
2013-11-20,23.224,23.224,23.224,23.224,111,0
2013-11-22,23.665,23.665,23.647,23.647,405,0
2013-11-26,24.089,24.089,24.089,24.089,111,0
2013-12-03,23.746,23.883,23.746,23.837,488,0
2013-12-04,23.711,23.72,23.503,23.503,1106,0
2013-12-12,23.538,23.538,23.268,23.268,832,0
2013-12-16,23.584,23.584,23.584,23.584,2329,0
2013-12-17,23.538,23.538,23.512,23.512,7763,0
2013-12-18,23.72,23.72,23.711,23.72,293,0
2013-12-19,23.692,23.692,23.692,23.692,477,0
2013-12-20,23.899,24.134,23.899,24.134,998,0
2013-12-23,24.197,24.378,24.197,24.378,4601,0
2013-12-24,24.548,24.548,24.477,24.504,2549,0
2013-12-26,24.531,24.531,24.531,24.531,1143,0
2013-12-27,24.452,24.452,24.397,24.397,330,0
2013-12-30,24.534,24.534,24.416,24.416,2875,0
2013-12-31,24.752,24.752,24.752,24.752,1144,0
2014-01-02,24.679,24.679,24.551,24.588,30916,0
2014-01-03,24.888,24.897,24.688,24.688,48203,0
2014-01-06,25.088,25.088,24.515,24.543,133063,0
2014-01-07,24.752,24.869,24.688,24.688,41109,0
2014-01-08,24.58,24.679,24.515,24.588,20360,0
2014-01-09,23.543,24.971,23.534,24.971,62363,0
2014-01-10,24.897,24.897,24.651,24.824,62694,0
2014-01-13,24.861,24.861,24.333,24.442,45831,0
2014-01-14,24.76,24.779,24.551,24.688,141741,0
2014-01-15,24.779,24.824,24.679,24.788,120864,0
2014-01-16,24.551,24.742,24.497,24.734,169536,0
2014-01-17,24.679,24.824,24.416,24.416,112585,0
2014-01-21,24.705,24.705,24.515,24.624,139767,0
2014-01-22,24.616,24.651,24.515,24.606,92904,0
2014-01-23,24.479,24.543,24.343,24.352,46993,0
2014-01-24,24.015,24.015,23.961,23.961,4012,0
2014-01-27,23.989,24.189,23.726,24.034,28623,0
2014-01-28,24.08,24.179,23.998,24.025,29483,0
2014-01-29,23.78,23.961,23.716,23.716,2889,0
2014-01-30,23.835,23.889,23.752,23.788,18930,0
2014-01-31,23.661,23.77,23.543,23.77,16398,0
2014-02-03,23.689,23.689,22.915,22.97,18159,0
2014-02-04,23.098,23.126,22.98,22.98,30275,0
2014-02-05,22.853,23.043,22.398,22.816,12755,0
2014-02-06,23.161,23.243,23.025,23.243,1541,0
2014-02-07,23.197,23.289,23.134,23.197,28504,0
2014-02-10,23.434,23.434,23.079,23.116,42590,0
2014-02-11,23.053,23.453,23.053,23.27,85369,0
2014-02-12,23.552,23.579,23.325,23.434,27293,0
2014-02-13,23.543,23.607,23.434,23.515,49490,0
2014-02-14,23.733,23.816,23.697,23.697,17004,0
2014-02-19,23.979,23.979,23.852,23.852,7373,0
2014-02-20,23.798,23.798,23.788,23.798,555,0
2014-02-21,24.061,24.061,24.061,24.061,114,0
2014-02-24,24.288,24.297,24.271,24.271,710,0
2014-02-25,24.288,24.288,24.07,24.07,3021,0
2014-02-26,24.442,24.588,24.442,24.588,771,0
2014-02-27,24.597,24.597,24.551,24.551,660,0
2014-02-28,24.715,24.715,24.715,24.715,220,0
2014-03-03,24.525,24.525,24.525,24.525,550,0
2014-03-06,24.897,24.897,24.824,24.861,1011,0
2014-03-07,24.807,24.807,24.752,24.77,545,0
2014-03-10,24.624,24.624,24.606,24.606,528,0
2014-03-11,24.616,24.616,24.425,24.425,1981,0
2014-03-17,24.425,24.425,24.333,24.352,21808,0
2014-03-18,24.734,24.788,24.669,24.788,4143,0
2014-03-19,24.734,24.742,24.734,24.742,2018,0
2014-03-20,24.588,24.588,24.525,24.543,1266,0
2014-03-24,24.507,24.507,24.507,24.507,519,0
2014-03-31,24.379,24.488,24.379,24.379,35097,0
2014-04-01,24.643,24.669,24.525,24.661,87737,0
2014-04-02,24.77,24.77,24.705,24.705,11574,0
2014-04-03,24.807,24.807,24.77,24.797,771,0
2014-04-08,23.97,23.97,23.97,23.97,110,0
2014-04-09,24.333,24.333,24.333,24.333,228,0
2014-04-16,23.924,23.924,23.897,23.897,346,0
2014-04-17,23.979,23.979,23.979,23.979,1145,0
2014-04-21,23.979,23.979,23.979,23.979,269,0
2014-04-22,24.207,24.207,24.153,24.189,5063,0
2014-04-23,24.015,24.08,23.835,23.835,79570,0
2014-04-24,23.897,24.006,23.835,23.835,31390,0
2014-04-25,23.979,24.052,23.943,24.043,12658,0
2014-04-29,24.052,24.052,24.015,24.025,1497,0
2014-05-01,24.278,24.278,24.271,24.271,771,0
2014-05-05,24.288,24.288,24.252,24.252,1729,0
2014-05-06,24.216,24.234,24.216,24.234,248,0
2014-05-08,23.707,23.716,23.624,23.624,460,0
2014-05-09,23.634,23.634,23.543,23.543,991,0
2014-05-12,24.161,24.189,24.08,24.08,58889,0
2014-05-13,24.179,24.297,24.08,24.08,71761,0
2014-05-14,23.952,23.979,23.889,23.889,1620,0
2014-05-15,23.361,23.38,23.361,23.38,220,0
2014-05-16,23.425,23.425,23.425,23.425,550,0
2014-05-19,23.78,23.78,23.661,23.689,15415,0
2014-05-20,23.507,23.57,23.444,23.461,12222,0
2014-05-21,23.598,23.624,23.57,23.57,1101,0
2014-05-30,24.37,24.37,24.325,24.325,2147,0
2014-06-03,24.461,24.461,24.388,24.388,880,0
2014-06-04,24.534,24.534,24.534,24.534,237,0
2014-06-05,25.079,25.079,25.079,25.079,220,0
2014-06-06,25.352,25.352,25.352,25.352,1101,0
2014-06-09,25.442,25.442,25.442,25.442,556,0
2014-06-10,25.352,25.352,25.352,25.352,991,0
2014-06-12,24.861,24.861,24.861,24.861,143,0
2014-06-16,25.042,25.042,25.042,25.042,166,0
2014-06-18,25.106,25.106,25.042,25.042,1111,0
2014-06-19,25.361,25.361,25.361,25.361,110,0
2014-06-20,25.406,25.406,25.406,25.406,110,0
2014-06-25,25.06,25.115,25.06,25.115,2114,0
2014-06-27,25.088,25.088,25.088,25.088,6794,0
2014-06-30,25.015,25.024,25.015,25.024,771,0
2014-07-01,25.343,25.352,25.297,25.333,2012,0
2014-07-02,25.333,25.333,25.333,25.333,110,0
2014-07-07,25.133,25.133,25.133,25.133,441,0
2014-07-08,24.942,24.942,24.942,24.942,275,0
2014-07-09,25.215,25.215,25.215,25.215,232,0
2014-07-14,25.07,25.115,25.07,25.115,664,0
2014-07-15,25.07,25.07,25.07,25.07,226,0
2014-07-18,25.451,25.57,25.424,25.57,10223,0
2014-07-21,25.279,25.279,25.279,25.279,881,0
2014-07-22,25.76,25.76,25.76,25.76,1201,0
2014-07-23,25.788,25.788,25.788,25.788,8473,0
2014-07-24,25.779,25.779,25.779,25.779,482,0
2014-07-28,25.842,25.842,25.824,25.824,590,0
2014-07-29,26.052,26.052,26.052,26.052,220,0
2014-07-30,26.088,26.232,26.088,26.178,1690,0
2014-07-31,26.433,26.433,25.687,25.842,11154,0
2014-08-01,25.642,25.642,25.406,25.406,2752,0
2014-08-04,25.997,25.997,25.516,25.661,822,0
2014-08-05,25.706,25.706,25.679,25.687,496,0
2014-08-06,25.914,25.997,25.897,25.997,8842,0
2014-08-07,26.061,26.578,25.906,25.969,764,0
2014-08-08,26.488,26.488,25.906,26.169,1659,0
2014-08-11,26.215,26.251,26.16,26.16,4182,0
2014-08-12,26.133,26.187,25.924,25.924,3191,0
2014-08-13,26.278,26.278,26.278,26.278,457,0
2014-08-14,26.351,26.351,26.351,26.351,1103,0
2014-08-15,26.496,26.505,26.187,26.333,1416,0
2014-08-18,26.742,26.742,26.742,26.742,148,0
2014-08-19,27.069,27.159,27.069,27.069,4733,0
2014-08-20,26.932,26.932,26.932,26.932,775,0
2014-08-21,26.768,26.768,26.768,26.768,1122,0
2014-08-22,26.424,26.932,26.424,26.932,2725,0
2014-08-25,27.196,27.196,27.196,27.196,121,0
2014-08-26,26.915,27.024,26.915,27.014,5066,0
2014-08-28,26.915,26.987,26.869,26.987,930,0
2014-08-29,27.151,27.151,27.142,27.142,431,0
2014-09-02,27.169,27.169,27.087,27.087,22497,0
2014-09-03,27.142,27.142,27.142,27.142,112,0
2014-09-05,26.959,26.959,26.805,26.805,775,0
2014-09-08,26.978,27.05,26.787,26.787,1453,0
2014-09-09,26.995,27.024,26.995,27.024,550,0
2014-09-10,26.742,26.742,26.742,26.742,143,0
2014-09-15,27.078,27.078,27.078,27.078,2309,0
2014-09-16,27.014,27.014,26.987,26.987,1638,0
2014-09-18,27.151,27.151,27.096,27.096,2006,0
2014-09-19,27.041,27.041,27.041,27.041,489,0
2014-09-22,26.659,26.659,26.587,26.587,3412,0
2014-09-25,26.351,26.351,26.341,26.341,1651,0
2014-09-26,26.451,26.451,26.451,26.451,148,0
2014-09-29,26.333,26.333,26.333,26.333,11747,0
2014-10-01,25.715,25.805,25.715,25.751,591,0
2014-10-02,25.487,25.869,25.487,25.869,263,0
2014-10-03,26.069,26.069,26.069,26.069,160,0
2014-10-09,25.67,25.67,25.67,25.67,555,0
2014-10-10,25.516,25.516,25.369,25.442,1376,0
2014-10-13,25.151,25.151,25.151,25.151,226,0
2014-10-14,25.169,25.224,25.115,25.188,1605,0
2014-10-15,24.534,24.534,24.534,24.534,783,0
2014-10-17,25.606,25.769,25.379,25.442,7161,0
2014-10-20,25.661,25.661,25.661,25.661,330,0
2014-10-21,26.341,26.341,26.324,26.324,296,0
2014-10-22,26.187,26.187,26.187,26.187,233,0
2014-10-23,26.597,26.597,26.568,26.597,760,0
2014-10-24,26.696,26.696,26.696,26.696,110,0
2014-10-31,27.596,27.632,27.596,27.632,502,0
2014-11-03,26.651,27.668,26.651,27.668,485,0
2014-11-04,27.579,27.987,27.224,27.224,1864,0
2014-11-05,27.296,27.296,27.296,27.296,110,0
2014-11-07,27.259,27.259,27.259,27.259,176,0
2014-11-10,27.441,27.65,27.313,27.313,2039,0
2014-11-11,27.323,27.323,27.323,27.323,198,0
2014-11-12,27.259,27.287,27.259,27.287,761,0
2014-11-13,27.313,27.313,26.987,27.313,237,0
2014-11-14,27.096,27.096,27.096,27.096,111,0
2014-11-17,27.259,27.259,27.078,27.078,1364,0
2014-11-18,27.35,27.35,27.342,27.342,993,0
2014-11-19,26.978,27.096,26.978,27.096,1309,0
2014-11-21,27.987,27.987,27.951,27.951,325,0
2014-11-24,27.859,28.032,27.832,27.859,1314,0
2014-11-25,27.968,27.968,27.968,27.968,220,0
2014-11-26,27.959,27.987,27.959,27.987,528,0
2014-11-28,28.16,28.16,27.951,27.951,1552,0
2014-12-01,27.741,27.741,27.741,27.741,443,0
2014-12-02,27.832,27.896,27.832,27.896,255,0
2014-12-03,28.168,28.177,28.168,28.177,1603,0
2014-12-04,28.077,28.24,28.077,28.232,1177,0
2014-12-05,28.35,28.35,28.35,28.35,270,0
2014-12-09,28.05,28.05,28.05,28.05,166,0
2014-12-10,28.341,28.359,28.05,28.05,1431,0
2014-12-11,28.394,28.394,28.394,28.394,313,0
2014-12-12,27.941,27.941,27.941,27.941,652,0
2014-12-16,27.668,27.668,27.668,27.668,137,0
2014-12-17,27.733,28.223,27.733,28.223,323,0
2014-12-18,28.66,28.66,28.66,28.66,166,0
2014-12-22,28.84,28.84,28.577,28.84,1303,0
2014-12-23,28.923,28.923,28.923,28.923,496,0
2014-12-24,29.113,29.113,29.113,29.113,205,0
2014-12-26,29.233,29.28,29.168,29.224,21182,0
2014-12-29,29.457,29.466,29.261,29.261,1623,0
2014-12-31,29.401,29.401,29.317,29.317,278,0
2015-01-05,29.428,29.428,28.48,28.48,547,0
2015-01-06,28.657,28.657,28.191,28.191,376,0
2015-01-07,28.555,28.647,28.499,28.647,591,0
2015-01-08,28.991,29.131,28.991,29.131,1216,0
2015-01-09,29.038,29.066,29.038,29.066,236,0
2015-01-12,29.308,29.308,28.545,28.675,1508,0
2015-01-13,29.056,29.056,28.842,28.842,860,0
2015-01-15,28.191,28.191,27.912,27.912,640,0
2015-01-20,28.322,28.563,28.284,28.303,968,0
2015-01-21,28.098,28.098,28.098,28.098,538,0
2015-01-22,28.377,28.824,28.237,28.824,54209,0
2015-01-23,28.842,28.842,28.657,28.657,1881,0
2015-01-26,28.908,28.908,28.908,28.908,973,0
2015-01-27,28.768,28.768,28.768,28.768,436,0
2015-01-28,28.61,28.61,28.61,28.61,697,0
2015-01-30,28.489,28.489,28.48,28.48,378,0
2015-02-02,28.293,28.293,28.293,28.293,467,0
2015-02-04,28.796,28.796,28.796,28.796,108,0
2015-02-05,29.094,29.131,29.094,29.131,233,0
2015-02-06,29.28,29.28,29.28,29.28,134,0
2015-02-13,29.289,29.289,29.289,29.289,120,0
2015-02-17,29.531,29.624,29.531,29.54,643,0
2015-02-18,29.596,29.671,29.596,29.671,509,0
2015-02-20,29.54,29.586,29.54,29.586,420,0
2015-02-23,29.568,29.671,29.513,29.568,919,0
2015-02-26,30.108,30.108,30.108,30.108,108,0
2015-02-27,30.285,30.285,30.238,30.238,548,0
2015-03-02,30.238,30.238,30.238,30.238,108,0
2015-03-03,30.154,30.154,30.154,30.154,108,0
2015-03-04,30.108,30.108,29.857,29.857,538,0
2015-03-05,30.052,30.052,30.052,30.052,430,0
2015-03-06,29.634,29.634,29.634,29.634,215,0
2015-03-09,29.494,29.661,29.243,29.661,1289,0
2015-03-11,29.494,29.522,29.494,29.522,2580,0
2015-03-12,29.996,29.996,29.996,29.996,108,0
2015-03-13,29.996,29.996,29.996,29.996,108,0
2015-03-16,29.996,29.996,29.996,29.996,108,0
2015-03-17,29.996,29.996,29.996,29.996,108,0
2015-03-18,30.127,30.127,30.127,30.127,108,0
2015-03-19,30.127,30.127,30.127,30.127,108,0
2015-03-20,30.871,30.871,30.871,30.871,430,0
2015-03-23,31.094,31.168,30.917,31.038,1935,0
2015-03-24,31.038,31.038,31.038,31.038,108,0
2015-03-25,31.038,31.038,31.038,31.038,108,0
2015-03-27,30.164,30.164,30.164,30.164,215,0
2015-03-31,30.164,30.164,30.164,30.164,108,0
2015-04-01,30.285,30.285,30.285,30.285,108,0
2015-04-02,30.619,30.657,30.619,30.657,215,0
2015-04-06,30.657,30.657,30.657,30.657,323,0
2015-04-07,30.796,30.796,30.703,30.703,451,0
2015-04-08,30.703,30.703,30.703,30.703,108,0
2015-04-09,30.703,30.703,30.638,30.648,544,0
2015-04-10,30.703,30.964,30.694,30.694,538,0
2015-04-13,30.703,30.703,30.703,30.703,1182,0
2015-04-14,30.629,30.629,30.508,30.508,323,0
2015-04-15,30.508,30.508,30.508,30.508,139,0
2015-04-16,30.927,30.927,30.648,30.657,2588,0
2015-04-17,30.657,30.657,30.657,30.657,108,0
2015-04-20,30.434,30.434,30.368,30.368,529,0
2015-04-21,30.368,30.368,30.368,30.368,41,0
2015-04-22,30.629,30.815,30.629,30.815,719,0
2015-04-23,31.029,31.411,31.029,31.029,538,0
2015-04-24,31.075,31.746,30.964,30.964,1720,0
2015-04-27,30.825,31.085,30.563,30.694,8061,0
2015-04-28,30.694,30.694,30.694,30.694,215,0
2015-04-29,30.47,31.326,30.145,30.164,6772,0
2015-04-30,30.238,30.238,29.987,29.987,860,0
2015-05-01,29.69,29.838,29.69,29.717,753,0
2015-05-04,30.191,30.201,30.108,30.108,753,0
2015-05-05,30.062,30.062,29.549,29.549,860,0
2015-05-06,29.299,29.299,29.299,29.299,380,0
2015-05-07,29.187,29.522,29.187,29.522,699,0
2015-05-08,29.754,30.108,29.671,29.763,2795,0
2015-05-11,29.782,29.782,29.726,29.726,323,0
2015-05-12,29.252,29.252,29.243,29.243,571,0
2015-05-13,29.233,29.261,29.224,29.224,430,0
2015-05-14,29.243,29.522,29.196,29.522,4837,0
2015-05-15,29.829,29.829,29.829,29.829,279,0
2015-05-18,30.359,30.359,30.359,30.359,196,0
2015-05-19,30.397,30.397,30.397,30.397,108,0
2015-05-20,30.173,30.293,30.173,30.293,538,0
2015-05-21,30.293,30.293,30.293,30.293,108,0
2015-05-26,30.293,30.293,30.293,30.293,123,0
2015-05-27,30.397,30.397,30.397,30.397,108,0
2015-05-28,30.415,30.415,30.397,30.397,255,0
2015-05-29,30.397,30.397,30.397,30.397,215,0
2015-06-01,30.098,30.098,30.098,30.098,323,0
2015-06-02,30.098,30.098,30.098,30.098,221,0
2015-06-03,30.062,30.341,30.062,30.322,645,0
2015-06-04,30.052,30.052,30.052,30.052,215,0
2015-06-08,29.977,29.977,29.977,29.977,538,0
2015-06-09,29.977,29.977,29.977,29.977,130,0
2015-06-10,30.424,30.424,30.424,30.424,323,0
2015-06-11,30.601,30.601,30.461,30.461,423,0
2015-06-12,30.415,30.415,30.415,30.415,215,0
2015-06-15,30.415,30.415,30.415,30.415,108,0
2015-06-16,30.453,30.453,30.453,30.453,323,0
2015-06-17,30.563,30.563,30.545,30.545,538,0
2015-06-18,30.759,30.796,30.648,30.648,430,0
2015-06-19,30.825,30.825,30.434,30.582,753,0
2015-06-22,30.582,30.582,30.582,30.582,108,0
2015-06-23,30.573,30.573,30.453,30.573,215,0
2015-06-24,30.536,30.536,30.312,30.312,1720,0
2015-06-25,31.001,31.001,31.001,31.001,108,0
2015-06-26,31.206,31.206,31.206,31.206,108,0
2015-06-29,31.029,31.029,31.029,31.029,323,0
2015-07-01,31.056,31.056,31.056,31.056,108,0
2015-07-02,31.252,31.252,31.029,31.048,860,0
2015-07-06,31.048,31.048,31.048,31.048,108,0
2015-07-07,31.075,31.112,31.075,31.112,538,0
2015-07-08,30.684,30.684,30.684,30.684,645,0
2015-07-09,30.889,30.983,30.889,30.889,5589,0
2015-07-10,31.197,31.764,31.001,31.197,1289,0
2015-07-13,31.197,31.197,31.197,31.197,108,0
2015-07-14,31.197,31.197,31.197,31.197,94,0
2015-07-15,31.197,31.197,31.197,31.197,127,0
2015-07-16,31.494,31.494,31.438,31.438,1074,0
2015-07-17,31.215,31.262,31.206,31.262,1397,0
2015-07-20,31.197,31.624,30.992,30.992,2795,0
2015-07-21,30.973,30.973,30.611,30.889,860,0
2015-07-23,30.74,30.75,30.74,30.75,753,0
2015-07-27,29.559,30.47,29.559,29.736,2257,0
2015-07-28,29.382,29.382,29.382,29.382,215,0
2015-07-29,29.382,29.382,29.382,29.382,108,0
2015-07-30,30.499,30.499,30.453,30.453,1504,0
2015-07-31,30.453,30.453,30.453,30.453,108,0
2015-08-03,30.489,30.489,30.489,30.489,1289,0
2015-08-04,30.033,30.033,29.931,29.931,538,0
2015-08-05,30.489,30.508,30.135,30.508,8814,0
2015-08-06,29.085,29.085,29.085,29.085,123,0
2015-08-07,29.866,29.866,29.54,29.773,1720,0
2015-08-10,29.959,30.964,29.959,30.88,6234,0
2015-08-11,30.898,30.908,30.238,30.238,1292,0
2015-08-12,30.526,30.722,28.861,30.722,4407,0
2015-08-13,32.564,32.564,31.634,31.634,323,0
2015-08-14,31.634,31.634,29.773,31.168,4084,0
2015-08-17,30.983,31.168,30.983,31.085,3224,0
2015-08-18,31.159,31.159,30.787,30.787,645,0
2015-08-19,29.792,30.303,29.792,30.303,430,0
2015-08-20,30.88,30.88,29.773,29.819,1397,0
2015-08-21,30.108,30.108,30.108,30.108,753,0
2015-08-24,30.145,30.145,28.098,28.098,6463,0
2015-08-25,28.173,28.759,27.624,27.651,6019,0
2015-08-26,27.121,27.382,27,27.233,19561,0
2015-08-27,27.792,27.809,27.484,27.809,8061,0
2015-08-28,28.061,28.061,27.819,27.819,20529,0
2015-08-31,28.181,28.181,27.819,27.819,9781,0
2015-09-01,26.982,26.982,26.879,26.935,3654,0
2015-09-02,27.121,27.298,27.121,27.298,645,0
2015-09-03,27.763,27.763,27.605,27.605,1074,0
2015-09-04,27.26,27.26,27.242,27.26,2150,0
2015-09-08,27.586,27.698,27.586,27.698,15477,0
2015-09-09,27.698,27.698,27.698,27.698,108,0
2015-09-10,28.164,28.164,27.437,27.447,6356,0
2015-09-11,27.447,27.503,27.447,27.503,1397,0
2015-09-14,27.503,27.503,27.503,27.503,108,0
2015-09-16,27.549,27.549,27.549,27.549,108,0
2015-09-17,27.549,27.549,27.549,27.549,159,0
2015-09-18,27.549,27.549,27.549,27.549,108,0
2015-09-22,27.549,27.549,27.549,27.549,108,0
2015-09-24,26.842,26.842,26.767,26.767,914,0
2015-09-25,26.982,26.982,26.749,26.749,538,0
2015-09-28,25.763,25.763,25.763,25.763,377,0
2015-09-29,25.67,25.67,25.67,25.67,215,0
2015-09-30,25.624,26.052,25.624,26.023,538,0
2015-10-02,25.698,25.698,25.698,25.698,108,0
2015-10-05,26.107,26.805,26.107,26.703,1026,0
2015-10-06,26.703,26.703,26.703,26.703,108,0
2015-10-07,26.703,26.703,26.703,26.703,108,0
2015-10-08,26.963,26.963,26.963,26.963,323,0
2015-10-09,26.963,26.963,26.963,26.963,108,0
2015-10-12,27.252,27.252,27.252,27.252,119,0
2015-10-13,26.982,26.982,26.907,26.917,1827,0
2015-10-14,26.917,26.917,26.917,26.917,108,0
2015-10-15,26.339,26.842,26.339,26.414,430,0
2015-10-16,26.786,26.786,26.786,26.786,215,0
2015-10-19,26.888,26.888,26.888,26.888,108,0
2015-10-20,26.759,26.991,26.759,26.982,3658,0
2015-10-21,26.982,26.982,26.982,26.982,108,0
2015-10-22,25.763,25.772,25.726,25.726,2150,0
2015-10-23,26.247,26.247,25.967,26.172,968,0
2015-10-26,26.107,26.107,26.107,26.107,108,0
2015-10-27,25.716,25.716,25.716,25.716,215,0
2015-10-30,25.716,25.716,25.716,25.716,108,0
2015-11-02,26.424,26.424,26.424,26.424,142,0
2015-11-03,26.591,26.786,26.591,26.786,430,0
2015-11-04,27.084,27.084,26.73,26.73,472,0
2015-11-05,26.796,26.907,26.796,26.907,538,0
2015-11-06,26.982,27.075,26.982,27.075,430,0
2015-11-09,26.982,26.982,26.982,26.982,189,0
2015-11-10,26.833,26.833,26.833,26.833,323,0
2015-11-11,26.87,26.87,26.312,26.312,1074,0
2015-11-12,26.191,26.191,26.144,26.144,1612,0
2015-11-13,25.586,25.586,25.539,25.539,323,0
2015-11-16,25.539,25.539,25.539,25.539,323,0
2015-11-17,25.539,25.539,25.539,25.539,108,0
2015-11-19,25.539,25.539,25.539,25.539,108,0
2015-11-20,25.661,25.661,25.661,25.661,753,0
2015-11-23,25.661,25.661,25.661,25.661,108,0
2015-11-25,26.228,26.228,26.228,26.228,108,0
2015-12-01,26.07,26.07,26.07,26.07,108,0
2015-12-02,26.125,26.125,25.865,25.865,1749,0
2015-12-03,25.865,25.865,25.865,25.865,2227,0
2015-12-04,25.865,25.865,25.865,25.865,108,0
2015-12-07,25.614,25.614,25.418,25.418,860,0
2015-12-08,25.418,25.418,25.418,25.418,3,0
2015-12-09,25.325,25.325,25.325,25.325,215,0
2015-12-10,25.354,25.549,25.344,25.549,2365,0
2015-12-11,25.121,25.121,25.121,25.121,215,0
2015-12-14,24.749,25.065,24.665,24.767,3653,0
2015-12-15,24.767,24.767,24.767,24.767,108,0
2015-12-16,25.046,25.139,25.046,25.131,3654,0
2015-12-17,25.028,25.037,25.019,25.037,11500,0
2015-12-21,25.037,25.167,25.028,25.028,1935,0
2015-12-22,25.167,25.242,25.158,25.242,6277,0
2015-12-23,25.512,25.624,25.512,25.624,323,0
2015-12-24,25.651,25.651,25.586,25.586,792,0
2015-12-28,26.207,26.501,25.323,25.411,1370,0
2015-12-29,25.588,25.588,25.588,25.588,212,0
2015-12-30,25.641,25.641,25.474,25.475,383,0
2015-12-31,25.411,25.578,25.411,25.47,761,0
2016-01-04,25.274,25.274,24.886,25.048,1766,0
2016-01-05,25.166,25.281,25.137,25.227,41831,0
2016-01-06,25.058,25.058,24.665,24.763,1354,0
2016-01-07,24.556,24.626,24.214,24.243,715,0
2016-01-08,24.405,24.405,23.929,23.929,734,0
2016-01-11,24.189,24.194,24.189,24.194,356,0
2016-01-12,24.115,24.115,24.115,24.115,183,0
2016-01-13,23.75,23.75,23.183,23.183,432,0
2016-01-19,23.624,23.683,23.32,23.32,17925,0
2016-01-20,22.528,23.305,22.528,23.305,1630,0
2016-01-21,23.271,23.271,23.271,23.271,509,0
2016-01-22,23.723,23.732,23.723,23.732,1057,0
2016-01-26,24.271,24.271,24.271,24.271,407,0
2016-01-29,24.344,24.344,24.344,24.344,194,0
2016-02-04,24.013,24.013,24.013,24.013,255,0
2016-02-08,22.868,23.325,22.868,23.325,1020,0
2016-02-19,23.398,23.398,23.398,23.398,522,0
2016-02-24,23.471,23.899,23.467,23.899,11535,0
2016-03-02,23.311,24.4,23.311,24.4,672,0
2016-03-03,24.626,24.626,24.626,24.626,102,0
2016-03-07,24.626,24.626,24.626,24.626,102,0
2016-03-10,23.313,23.313,23.313,23.313,102,0
2016-03-11,24.781,24.97,23.438,24.97,1736,0
2016-03-14,24.979,24.979,24.979,24.979,204,0
2016-03-15,24.243,24.243,24.243,24.243,317,0
2016-03-16,24.547,24.547,24.547,24.547,214,0
2016-03-17,24.547,24.547,24.547,24.547,407,0
2016-03-28,24.128,24.434,24.001,24.434,407,0
2016-03-29,24.547,24.547,24.547,24.547,102,0
2016-03-31,25.038,25.909,25.038,25.909,633,0
2016-04-05,24.95,24.95,24.95,24.95,102,0
2016-04-06,25.126,25.126,25.126,25.126,212,0
2016-04-08,24.793,25.038,24.793,24.901,1222,0
2016-04-11,25.657,25.657,25.657,25.657,180,0
2016-04-20,26.178,26.315,25.804,26.315,5913,0
2016-04-21,26.44,26.44,26.44,26.44,509,0
2016-04-22,26.492,26.658,25.814,26.658,1885,0
2016-04-25,25.575,25.575,25.575,25.575,236,0
2016-05-02,25.529,25.529,25.529,25.529,184,0
2016-05-03,25.195,25.47,25.195,25.196,1120,0
2016-05-04,24.959,25.5,24.959,25.5,631,0
2016-05-05,25.5,25.5,25.5,25.5,560,0
2016-05-10,26.199,26.232,26.148,26.232,1418,0
2016-05-16,25.343,25.391,25.343,25.391,1029,0
2016-05-17,25.412,25.412,25.412,25.412,153,0
2016-05-19,25.037,25.037,25.037,25.037,122,0
2016-05-24,25.068,25.068,25.068,25.068,4260,0
2016-05-27,25.686,25.981,25.686,25.932,1948,0
2016-06-01,26.148,26.148,26.05,26.109,509,0
2016-06-06,26.423,26.55,26.423,26.501,4178,0
2016-06-07,26.973,26.983,26.56,26.668,3768,0
2016-06-09,26.659,26.732,26.659,26.732,244,0
2016-06-10,26.766,26.766,26.766,26.766,596,0
2016-06-17,25.971,25.981,25.961,25.981,611,0
2016-06-22,26.501,26.521,26.501,26.521,3351,0
2016-06-23,26.246,26.744,26.246,26.744,1202,0
2016-06-24,24.596,25.775,24.596,25.745,1709,0
2016-06-29,25.441,26.217,25.137,26.158,12140,0
2016-07-01,26.453,26.453,26.453,26.453,102,0
2016-07-11,26.833,26.833,26.747,26.747,219,0
2016-07-14,26.894,26.904,26.894,26.904,2159,0
2016-07-15,26.56,26.565,26.55,26.552,4084,0
2016-07-20,26.708,26.708,26.609,26.688,1120,0
2016-07-28,27.104,27.104,27.104,27.104,161,0
2016-07-29,26.865,26.914,26.865,26.894,407,0
2016-08-02,26.806,26.806,26.364,26.364,859,0
2016-08-04,26.462,26.502,26.462,26.502,3055,0
2016-08-08,26.638,26.668,26.63,26.63,607,0
2016-08-10,26.914,26.914,26.884,26.894,6895,0
2016-08-11,26.609,26.609,26.139,26.139,927,0
2016-08-15,26.609,26.609,26.609,26.609,601,0
2016-08-16,26.741,26.741,26.649,26.649,1823,0
2016-08-18,25.529,25.529,25.529,25.529,102,0
2016-08-22,26.649,26.649,26.649,26.649,190,0
2016-08-24,26.344,26.344,26.344,26.344,127,0
2016-08-25,26.009,26.009,26.009,26.009,306,0
2016-09-06,25.979,26.04,25.979,26.04,217,0
2016-09-12,25.529,25.696,25.529,25.529,611,0
2016-09-14,25.382,25.382,25.284,25.284,611,0
2016-09-16,25.372,25.372,25.372,25.372,102,0
2016-09-20,25.451,25.529,25.235,25.235,2220,0
2016-09-28,25.333,25.333,25.191,25.191,1905,0
2016-09-29,25.313,25.313,25.313,25.313,293,0
2016-09-30,25.5,25.5,25.5,25.5,3183,0
2016-10-03,25.068,25.068,24.479,24.94,19423,0
2016-10-04,25.382,25.382,25.382,25.382,1120,0
2016-10-07,24.793,25.048,24.793,25.048,451,0
2016-10-10,24.744,24.744,24.744,24.744,206,0
2016-10-11,25.176,25.176,24.857,24.955,2195,0
2016-10-17,24.646,24.646,24.538,24.538,509,0
2016-10-18,24.498,24.932,24.498,24.932,1677,0
2016-10-20,25.166,25.166,24.782,24.782,366,0
2016-10-21,24.567,24.567,24.567,24.567,204,0
2016-10-24,24.675,24.675,24.675,24.675,102,0
2016-10-28,23.575,23.575,23.575,23.575,272,0
2016-11-07,22.845,22.845,22.845,22.845,140,0
2016-11-08,23.358,23.358,23.358,23.358,1261,0
2016-11-09,22.603,23.236,22.323,23.236,1453,0
2016-11-10,23.516,23.766,23.516,23.742,2707,0
2016-11-14,24.665,24.675,24.665,24.675,362,0
2016-11-15,24.95,25.087,24.95,25.009,842,0
2016-11-17,25.266,25.266,25.266,25.266,102,0
2016-11-21,25.284,25.284,25.284,25.284,203,0
2016-11-23,26.334,26.334,25.952,25.952,306,0
2016-11-25,25.863,25.863,25.863,25.863,3265,0
2016-11-28,25.863,25.863,25.249,25.249,2245,0
2016-12-01,26.08,26.08,26.08,26.08,1018,0
2016-12-02,26.384,26.384,26.384,26.384,3188,0
2016-12-05,26.341,26.341,26.341,26.341,108,0
2016-12-07,26.511,27.018,26.511,26.757,6612,0
2016-12-08,27.346,27.346,27.346,27.346,3183,0
2016-12-09,27.778,27.778,27.199,27.471,691,0
2016-12-12,27.395,27.395,27.012,27.012,615,0
2016-12-14,26.57,26.57,26.57,26.57,102,0
2016-12-15,26.99,27.128,26.983,27.128,557,0
2016-12-16,27.032,27.032,27.032,27.032,210,0
2016-12-20,26.923,26.923,26.923,26.923,102,0
2016-12-21,27.296,27.296,26.924,26.924,1163,0
2016-12-22,26.933,26.933,26.933,26.933,33608,0
2016-12-27,27.19,27.19,26.89,26.9736,2135,0
2016-12-30,26.7021,26.9079,26.69,26.69,1814,0
2017-01-04,27.3728,27.4976,27.3728,27.4976,310,0
2017-01-05,27.21,27.2917,27.21,27.21,1486,0
2017-01-06,27.1023,27.1572,27.1023,27.1572,923,0
2017-01-09,26.86,27.3579,26.76,27.3579,367,0
2017-01-10,27.3298,27.3298,27.3298,27.3298,116,0
2017-01-11,28.1475,28.1475,28.1475,28.1475,100,0
2017-01-13,27.56,27.5601,27.56,27.5601,300,0
2017-01-24,27.6075,27.7901,27.6075,27.79,1239,0
2017-01-25,27.935,27.9827,27.935,27.9827,444,0
2017-01-26,27.951,27.951,27.951,27.951,550,0
2017-01-27,27.69,27.7177,27.69,27.7177,1528,0
2017-01-30,27.32,27.4097,27.32,27.4097,601,0
2017-01-31,27.44,27.44,27.44,27.44,286,0
2017-02-07,27.39,27.49,27.39,27.4174,1794,0
2017-02-09,27.8254,28.2,27.8254,28.1501,869,0
2017-02-13,28.19,28.2646,28.09,28.09,1148,0
2017-02-16,28.606,28.606,28.606,28.606,220,0
2017-02-17,28.571,28.571,28.571,28.571,172,0
2017-02-21,28.96,29.1056,28.96,29.04,3097,0
2017-02-22,29.39,29.39,29.2975,29.2975,312,0
2017-02-27,29.01,29.25,28.96,29.2365,2511,0
2017-03-20,28.4468,28.4468,28.4468,28.4468,617,0
2017-03-21,28.4468,28.4468,28.4468,28.4468,0,0
2017-03-22,27.4516,27.4516,27.4516,27.4516,150,0
2017-03-23,27.7701,27.8275,27.77,27.8275,800,0
2017-03-29,27.84,27.84,27.84,27.84,240,0
2017-03-31,27.77,28.43,27.77,28.43,200,0
2017-04-06,28.2136,28.2136,28.2136,28.2136,100,0
2017-04-12,28.1353,28.1353,28.1353,28.1353,335,0
2017-04-24,28.14,28.14,28.14,28.14,100,0
2017-04-25,28.4001,28.4001,28.4001,28.4001,349,0
2017-04-27,28.4514,28.4514,28.4514,28.4514,334,0
2017-05-03,28.5789,28.5789,28.5789,28.5789,200,0
2017-05-15,28.58,28.58,28.58,28.58,155,0
2017-05-17,28.1879,28.1879,28.1879,28.1879,100,0
2017-05-19,27.6,28.2164,27.6,28.2164,939,0
2017-05-22,28.11,28.22,28.04,28.22,1601,0
2017-05-23,28.17,28.17,27.98,28,1002,0
2017-06-01,27.723,27.723,27.723,27.723,166,0
2017-06-21,28.21,28.2618,28.21,28.2618,237,0
2017-06-22,28.7222,28.8282,28.7222,28.8282,1289,0
2017-06-23,28.62,28.7622,28.62,28.7622,1121,0
2017-06-28,28.99,29.046,28.99,29.046,300,0
2017-06-29,29.25,29.25,28.8425,28.995,1350,0
2017-07-13,29.1,29.1,28.43,28.43,200,0
2017-07-17,27.91,27.91,27.91,27.91,500,0
2017-07-18,28.27,28.34,28.27,28.34,541,0
2017-07-25,28.36,28.36,28.36,28.36,2058,0
2017-07-28,27.6477,27.6477,27.57,27.581,1304,0
2017-07-31,27.68,27.68,27.68,27.68,300,0
2017-08-01,27.32,27.428,27.32,27.428,710,0
2017-08-02,27.6399,27.6399,26.932,26.94,1544,0
2017-08-04,26.96,27.166,26.81,27.166,2092,0
2017-08-08,27.1501,27.1501,27.1501,27.1501,204,0
2017-08-09,26.128,26.128,26.128,26.128,510,0
2017-08-11,26.043,26.043,26.043,26.043,100,0
2017-08-14,26.29,26.29,26.29,26.29,300,0
2017-08-15,25.9811,25.9811,25.9811,25.9811,202,0
2017-08-18,25.48,25.48,25.48,25.48,300,0
2017-08-21,25.66,25.66,25.66,25.66,300,0
2017-08-24,26.13,26.1301,26.01,26.01,750,0
2017-08-29,26.1,26.16,26.0812,26.16,803,0
2017-09-05,26.4973,26.4973,26.4973,26.4973,1199,0
2017-09-06,26.501,26.501,26.501,26.501,402,0
2017-09-13,26.9,27.1504,26.9,27.1261,1706,0
2017-09-14,26.98,27.01,26.93,26.93,800,0
2017-09-19,26.83,26.83,26.56,26.56,200,0
2017-09-20,26.94,26.94,26.94,26.94,100,0
2017-09-21,26.94,26.94,26.94,26.94,0,0
2017-09-25,26.93,26.93,26.85,26.9037,1523,0
2017-09-26,27.16,27.16,27.16,27.16,300,0
2017-09-28,27.65,27.65,27.65,27.65,300,0
2017-10-04,27.8,27.8831,27.62,27.62,3610,0
2017-10-06,27.48,27.48,27.48,27.48,0,0
2017-10-11,26.98,26.98,26.98,26.98,300,0
2017-10-12,26.69,26.7975,26.69,26.7975,520,0
2017-10-18,26.96,26.96,26.96,26.96,100,0
2017-10-19,27,27,27,27,200,0
2017-10-20,27.4,27.4,27.2428,27.2428,1151,0
2017-10-24,27.2,27.2,26.65,26.66,1700,0
2017-10-26,26.6707,26.6707,26.6707,26.6707,100,0
2017-10-30,26.6197,26.6197,26.6197,26.6197,400,0
2017-11-03,26.23,26.34,26.23,26.34,400,0
2017-11-06,26.3,26.3,26.3,26.3,104,0
2017-11-07,25.52,25.52,25.44,25.46,300,0
2017-11-08,25.47,25.5462,25.34,25.34,800,0
2017-11-09,25.7,25.7,25.59,25.59,500,0
2017-11-10,25.89,25.9674,25.6,25.6127,1200,0
