Date,Open,High,Low,Close,Volume,OpenInt
2012-07-20,14.99,14.99,14.873,14.88,84356,0
2012-07-23,14.845,14.909,14.837,14.894,338678,0
2012-07-24,14.9,14.917,14.788,14.829,152857,0
2012-07-25,14.909,14.909,14.799,14.807,51136,0
2012-07-26,14.867,14.888,14.837,14.888,80658,0
2012-07-27,14.975,14.983,14.918,14.983,85254,0
2012-07-30,15.033,15.042,14.962,14.983,97283,0
2012-07-31,14.985,15.006,14.985,15.006,28221,0
2012-08-01,15.106,15.106,14.969,14.99,134049,0
2012-08-02,14.983,15.068,14.925,15.013,273750,0
2012-08-03,15.042,15.052,15.026,15.042,45171,0
2012-08-06,15.183,15.441,15.09,15.106,490349,0
2012-08-07,15.147,15.197,15.076,15.098,262830,0
2012-08-08,15.133,15.141,15.09,15.112,171851,0
2012-08-09,15.213,15.213,15.119,15.147,138947,0
2012-08-10,15.415,15.415,15.126,15.141,132045,0
2012-08-13,15.147,15.153,15.112,15.119,151713,0
2012-08-14,15.159,15.243,15.098,15.098,174711,0
2012-08-15,15.159,15.159,15.09,15.119,136413,0
2012-08-16,15.147,15.153,15.112,15.153,140433,0
2012-08-17,15.168,15.205,15.147,15.205,134221,0
2012-08-20,15.252,15.252,15.168,15.219,220974,0
2012-08-21,15.205,15.205,15.106,15.159,140679,0
2012-08-22,15.141,15.147,15.098,15.141,94330,0
2012-08-23,15.141,15.141,15.09,15.133,112633,0
2012-08-24,15.147,15.159,15.112,15.153,138241,0
2012-08-27,15.153,15.183,15.133,15.177,140206,0
2012-08-28,15.177,15.177,15.141,15.159,70428,0
2012-08-29,15.191,15.197,15.168,15.197,64364,0
2012-08-30,15.205,15.205,15.141,15.159,58049,0
2012-08-31,15.257,15.257,15.163,15.202,147877,0
2012-09-04,15.201,15.201,15.172,15.194,91650,0
2012-09-05,15.201,15.238,15.194,15.238,84766,0
2012-09-06,15.285,15.324,15.272,15.309,108322,0
2012-09-07,15.341,15.389,15.327,15.373,64542,0
2012-09-10,15.42,15.42,15.334,15.356,104461,0
2012-09-11,15.389,15.389,15.327,15.327,66494,0
2012-09-12,15.282,15.373,15.282,15.347,125522,0
2012-09-13,15.373,15.434,15.347,15.434,81539,0
2012-09-14,15.69,15.69,15.455,15.455,180968,0
2012-09-17,15.763,15.763,15.416,15.434,142542,0
2012-09-18,15.442,15.458,15.416,15.458,102571,0
2012-09-19,15.458,15.505,15.45,15.472,347872,0
2012-09-20,15.505,15.505,15.416,15.427,88242,0
2012-09-21,15.486,15.486,15.405,15.432,129462,0
2012-09-24,15.434,15.434,15.347,15.393,107654,0
2012-09-25,15.416,15.416,15.32,15.341,90381,0
2012-09-26,15.339,15.339,15.24,15.301,92130,0
2012-09-27,15.347,15.347,15.31,15.333,116633,0
2012-09-28,15.33,15.33,15.278,15.299,45973,0
2012-10-01,15.256,15.346,15.256,15.293,75469,0
2012-10-02,15.249,15.363,15.249,15.363,85153,0
2012-10-03,15.294,15.392,15.294,15.379,57653,0
2012-10-04,15.355,15.414,15.355,15.399,68613,0
2012-10-05,15.432,15.477,15.412,15.432,81182,0
2012-10-08,15.486,15.486,15.419,15.432,115309,0
2012-10-09,15.432,15.447,15.369,15.405,161037,0
2012-10-10,15.439,15.439,15.391,15.391,80154,0
2012-10-11,15.447,15.455,15.391,15.391,151822,0
2012-10-12,15.439,15.47,15.425,15.47,49719,0
2012-10-15,15.486,15.486,15.405,15.412,70102,0
2012-10-16,15.502,15.502,15.432,15.47,70765,0
2012-10-17,15.534,15.534,15.47,15.52,94364,0
2012-10-18,15.57,15.609,15.52,15.592,217594,0
2012-10-19,15.663,15.663,15.514,15.537,78087,0
2012-10-22,15.57,15.57,15.464,15.502,112269,0
2012-10-23,15.481,15.481,15.389,15.4,166531,0
2012-10-24,15.464,15.464,15.346,15.361,178377,0
2012-10-25,15.455,15.455,15.361,15.369,103670,0
2012-10-26,15.379,15.379,15.301,15.339,106614,0
2012-10-31,15.102,15.707,15.102,15.571,176379,0
2012-11-01,15.603,15.603,15.489,15.55,247081,0
2012-11-02,15.65,15.65,15.496,15.505,43019,0
2012-11-05,15.489,15.496,15.426,15.458,132377,0
2012-11-06,15.459,15.516,15.459,15.507,87522,0
2012-11-07,15.481,15.497,15.389,15.408,79296,0
2012-11-08,15.42,15.427,15.347,15.347,75592,0
2012-11-09,15.347,15.371,15.286,15.347,43501,0
2012-11-12,15.371,15.371,15.31,15.363,71087,0
2012-11-13,15.426,15.426,15.318,15.333,30204,0
2012-11-14,15.407,15.407,15.078,15.123,539288,0
2012-11-15,15.156,15.156,14.925,15.015,199103,0
2012-11-16,15.136,15.15,14.983,15.144,127085,0
2012-11-19,15.232,15.273,15.217,15.273,42284,0
2012-11-20,15.24,15.294,15.217,15.294,57385,0
2012-11-21,15.318,15.333,15.273,15.286,120357,0
2012-11-23,15.31,15.372,15.31,15.34,15904,0
2012-11-26,15.294,15.371,15.294,15.325,127866,0
2012-11-27,15.355,15.379,15.318,15.339,44856,0
2012-11-28,15.318,15.339,15.286,15.339,30870,0
2012-11-29,15.339,15.407,15.339,15.407,78280,0
2012-11-30,15.45,15.458,15.353,15.378,116869,0
2012-12-03,15.472,15.544,15.294,15.294,59447,0
2012-12-04,15.329,15.35,15.29,15.329,28777,0
2012-12-05,15.333,15.34,15.274,15.31,252267,0
2012-12-06,15.326,15.333,15.274,15.318,44599,0
2012-12-07,15.31,15.347,15.31,15.347,29759,0
2012-12-10,15.38,15.38,15.318,15.347,76330,0
2012-12-11,15.393,15.393,15.318,15.318,41490,0
2012-12-12,15.393,15.393,15.326,15.372,146960,0
2012-12-13,15.372,15.372,15.286,15.326,82578,0
2012-12-14,15.364,15.364,15.266,15.266,55990,0
2012-12-17,15.347,15.372,15.281,15.31,89216,0
2012-12-18,15.347,15.372,15.294,15.372,36707,0
2012-12-19,15.427,15.49,15.416,15.459,408957,0
2012-12-20,15.497,15.497,15.416,15.466,62353,0
2012-12-21,15.459,15.529,15.408,15.45,328170,0
2012-12-24,15.49,15.49,15.389,15.443,48000,0
2012-12-26,15.481,15.481,15.393,15.45,69861,0
2012-12-27,15.461,15.491,15.401,15.467,34632,0
2012-12-28,15.539,15.539,15.451,15.499,48479,0
2012-12-31,15.535,15.615,15.462,15.615,81534,0
2013-01-02,15.661,15.712,15.625,15.639,81290,0
2013-01-03,15.682,15.748,15.647,15.705,113952,0
2013-01-04,15.726,15.756,15.69,15.74,114747,0
2013-01-07,15.782,15.782,15.674,15.705,81316,0
2013-01-08,15.726,15.756,15.682,15.721,647493,0
2013-01-09,15.744,15.778,15.736,15.778,547547,0
2013-01-10,15.818,15.831,15.753,15.818,144813,0
2013-01-11,15.807,15.822,15.791,15.807,237068,0
2013-01-14,15.827,15.827,15.782,15.798,82091,0
2013-01-15,15.822,15.855,15.782,15.814,123763,0
2013-01-16,15.814,15.822,15.721,15.748,126434,0
2013-01-17,15.748,15.791,15.748,15.791,114454,0
2013-01-18,15.824,15.831,15.778,15.831,128555,0
2013-01-22,15.951,15.993,15.791,15.827,125481,0
2013-01-23,15.833,15.833,15.795,15.795,120522,0
2013-01-24,15.827,15.835,15.807,15.822,283737,0
2013-01-25,15.824,15.846,15.811,15.846,164053,0
2013-01-28,15.86,15.868,15.803,15.818,173196,0
2013-01-29,15.831,15.831,15.778,15.787,102666,0
2013-01-30,16.058,16.058,15.736,15.753,114619,0
2013-01-31,15.74,15.748,15.726,15.734,168335,0
2013-02-01,15.851,15.851,15.753,15.803,176819,0
2013-02-04,15.803,15.876,15.702,15.73,52368,0
2013-02-05,15.87,15.87,15.717,15.745,71975,0
2013-02-06,15.789,15.789,15.731,15.771,53537,0
2013-02-07,15.795,15.795,15.717,15.754,28600,0
2013-02-08,15.847,15.847,15.737,15.762,47870,0
2013-02-11,15.744,15.769,15.744,15.769,77312,0
2013-02-12,15.803,15.803,15.753,15.803,53189,0
2013-02-13,15.876,15.876,15.787,15.818,111821,0
2013-02-14,15.736,15.793,15.702,15.702,83492,0
2013-02-15,15.702,15.717,15.67,15.679,51030,0
2013-02-19,15.664,15.723,15.664,15.708,57343,0
2013-02-20,15.82,15.82,15.621,15.628,107039,0
2013-02-21,15.62,15.62,15.527,15.571,110125,0
2013-02-22,15.679,15.695,15.558,15.628,76307,0
2013-02-25,15.657,15.67,15.571,15.571,32285,0
2013-02-26,15.588,15.613,15.513,15.603,35541,0
2013-02-27,15.643,15.657,15.596,15.657,81502,0
2013-02-28,15.675,15.683,15.616,15.647,43176,0
2013-03-01,15.695,15.695,15.536,15.588,75517,0
2013-03-04,15.588,15.613,15.536,15.588,82413,0
2013-03-05,15.624,15.691,15.617,15.647,96777,0
2013-03-06,15.691,15.741,15.647,15.674,53836,0
2013-03-07,15.706,15.706,15.655,15.683,92745,0
2013-03-08,15.7,15.721,15.691,15.706,47868,0
2013-03-11,15.709,15.709,15.664,15.709,92652,0
2013-03-12,15.709,15.737,15.688,15.709,88393,0
2013-03-13,15.688,15.717,15.651,15.717,31550,0
2013-03-14,15.695,15.745,15.695,15.717,59019,0
2013-03-15,15.75,15.767,15.706,15.75,47077,0
2013-03-18,15.695,15.737,15.688,15.724,42362,0
2013-03-19,15.745,15.795,15.664,15.688,68627,0
2013-03-20,15.728,15.758,15.691,15.741,75702,0
2013-03-21,15.691,15.75,15.691,15.735,49686,0
2013-03-22,15.721,15.75,15.691,15.706,44224,0
2013-03-25,15.735,15.735,15.683,15.706,77679,0
2013-03-26,15.735,15.735,15.674,15.706,186834,0
2013-03-27,15.728,15.728,15.683,15.706,41038,0
2013-03-28,15.728,15.741,15.7,15.741,23724,0
2013-04-01,15.801,15.845,15.691,15.706,111489,0
2013-04-02,15.712,16.039,15.69,15.704,121970,0
2013-04-03,15.785,15.785,15.661,15.691,105484,0
2013-04-04,15.712,15.712,15.681,15.698,76312,0
2013-04-05,15.7,15.758,15.607,15.691,64174,0
2013-04-08,15.674,15.706,15.661,15.683,56149,0
2013-04-09,15.691,15.741,15.661,15.706,188210,0
2013-04-10,15.734,15.809,15.698,15.792,81746,0
2013-04-11,15.829,15.859,15.767,15.85,90556,0
2013-04-12,15.844,15.858,15.809,15.837,69875,0
2013-04-15,15.845,15.845,15.7,15.721,120280,0
2013-04-16,15.801,15.81,15.75,15.81,119083,0
2013-04-17,15.829,15.858,15.72,15.757,65226,0
2013-04-18,15.793,15.829,15.728,15.75,94290,0
2013-04-19,16.039,16.039,15.757,15.783,35042,0
2013-04-22,15.865,15.926,15.726,15.765,88272,0
2013-04-23,15.783,15.815,15.783,15.809,97108,0
2013-04-24,15.985,15.985,15.822,15.891,101837,0
2013-04-25,15.985,15.985,15.9,15.948,144395,0
2013-04-26,15.941,15.96,15.882,15.932,71001,0
2013-04-29,15.985,16.013,15.941,16.005,110835,0
2013-04-30,16.021,16.038,15.983,16.011,147984,0
2013-05-01,16.048,16.067,15.97,15.985,182849,0
2013-05-02,16.002,16.072,16.002,16.057,132220,0
2013-05-03,16.15,16.164,16.082,16.15,273509,0
2013-05-06,16.15,16.15,16.107,16.142,84699,0
2013-05-07,16.111,16.191,16.103,16.191,59733,0
2013-05-08,16.191,16.223,16.139,16.207,129065,0
2013-05-09,16.231,16.246,16.198,16.231,121057,0
2013-05-10,16.257,16.277,16.178,16.249,28328,0
2013-05-13,16.15,16.249,16.048,16.156,111361,0
2013-05-14,16.218,16.218,16.115,16.15,53689,0
2013-05-15,16.075,16.164,16.054,16.142,84211,0
2013-05-16,16.142,16.142,16.107,16.142,79655,0
2013-05-17,16.139,16.231,16.139,16.231,209086,0
2013-05-20,16.233,16.264,16.218,16.249,85194,0
2013-05-21,16.264,16.277,16.218,16.269,50111,0
2013-05-22,16.293,16.308,16.178,16.21,96485,0
2013-05-23,16.125,16.125,16.031,16.125,55961,0
2013-05-24,16.139,16.139,16.087,16.13,62796,0
2013-05-28,16.207,16.223,16.139,16.139,44132,0
2013-05-29,16.142,16.185,15.93,15.996,125003,0
2013-05-30,15.937,16.087,15.937,16.064,67445,0
2013-05-31,16.064,16.095,15.911,15.92,69487,0
2013-06-03,15.905,15.93,15.707,15.778,93400,0
2013-06-04,15.7,15.871,15.7,15.825,60256,0
2013-06-05,15.861,15.861,15.647,15.714,100853,0
2013-06-06,15.624,15.769,15.624,15.752,53669,0
2013-06-07,15.752,15.841,15.752,15.794,35788,0
2013-06-10,15.761,15.794,15.715,15.722,104249,0
2013-06-11,15.676,15.676,15.48,15.48,85067,0
2013-06-12,15.48,15.561,15.221,15.231,170562,0
2013-06-13,15.208,15.53,15.141,15.48,150747,0
2013-06-14,15.551,15.631,15.528,15.589,53987,0
2013-06-17,15.693,15.744,15.608,15.618,51141,0
2013-06-18,15.574,15.692,15.567,15.667,57868,0
2013-06-19,15.625,15.803,15.516,15.516,29098,0
2013-06-20,15.321,15.336,14.747,15.208,209411,0
2013-06-21,15.156,15.27,15.121,15.18,84148,0
2013-06-24,14.983,15.08,14.823,14.946,121538,0
2013-06-25,15.057,15.106,14.83,15.075,48785,0
2013-06-26,15.075,15.3,15.075,15.235,44772,0
2013-06-27,15.364,15.438,15.347,15.417,31066,0
2013-06-28,15.575,15.738,15.575,15.724,28698,0
2013-07-01,15.667,15.667,15.464,15.504,81599,0
2013-07-02,15.573,15.605,15.452,15.467,134641,0
2013-07-03,15.515,15.515,15.39,15.423,9389,0
2013-07-05,15.402,15.445,15.253,15.253,178968,0
2013-07-08,15.226,15.332,15.18,15.226,60532,0
2013-07-09,15.226,15.325,15.226,15.3,40942,0
2013-07-10,15.253,15.381,15.219,15.364,54541,0
2013-07-11,15.574,15.574,15.445,15.537,47781,0
2013-07-12,15.537,15.589,15.477,15.477,43384,0
2013-07-15,15.567,15.624,15.504,15.574,49219,0
2013-07-16,15.527,15.567,15.502,15.55,33212,0
2013-07-17,15.553,15.642,15.553,15.609,36490,0
2013-07-18,15.655,15.662,15.567,15.639,22619,0
2013-07-19,15.661,15.682,15.615,15.682,22394,0
2013-07-22,15.714,15.752,15.655,15.692,49031,0
2013-07-23,15.735,15.735,15.675,15.683,16236,0
2013-07-24,15.647,15.675,15.551,15.606,184797,0
2013-07-25,15.616,15.631,15.504,15.56,31621,0
2013-07-26,15.493,15.63,15.493,15.597,13273,0
2013-07-29,15.567,15.623,15.475,15.475,22572,0
2013-07-30,15.52,15.558,15.502,15.52,15438,0
2013-07-31,15.467,15.55,15.452,15.485,27670,0
2013-08-01,15.495,15.522,15.402,15.417,55318,0
2013-08-02,15.379,15.52,15.379,15.427,24189,0
2013-08-05,15.392,15.475,15.392,15.392,61945,0
2013-08-06,15.364,15.372,15.292,15.292,35866,0
2013-08-07,15.29,15.306,15.259,15.259,41772,0
2013-08-08,15.276,15.353,15.276,15.323,38091,0
2013-08-09,15.259,15.416,15.259,15.361,35233,0
2013-08-12,15.392,15.427,15.353,15.361,23025,0
2013-08-13,15.353,15.37,15.232,15.232,46463,0
2013-08-14,15.29,15.315,15.104,15.154,53661,0
2013-08-15,15.08,15.087,14.911,14.981,71845,0
2013-08-16,14.959,14.995,14.858,14.888,76818,0
2013-08-19,14.801,14.88,14.695,14.695,75059,0
2013-08-20,14.727,14.879,14.623,14.828,173531,0
2013-08-21,14.702,14.88,14.634,14.811,266736,0
2013-08-22,14.879,14.981,14.834,14.951,44867,0
2013-08-23,14.959,15.111,14.92,15.088,25937,0
2013-08-26,15.171,15.195,15.027,15.027,18742,0
2013-08-27,15.072,15.08,14.959,14.959,83664,0
2013-08-28,14.8,15.063,14.8,15.036,23656,0
2013-08-29,15.088,15.119,15.014,15.111,28348,0
2013-08-30,15.264,15.35,15.264,15.311,31821,0
2013-09-03,15.063,15.147,14.989,15.036,31067,0
2013-09-04,14.966,15.147,14.966,15.104,45643,0
2013-09-05,15.119,15.155,15.046,15.046,19756,0
2013-09-06,15.147,15.171,15.111,15.126,14478,0
2013-09-09,15.179,15.202,15.133,15.147,45687,0
2013-09-10,15.234,15.252,15.063,15.211,28585,0
2013-09-11,15.277,15.277,15.155,15.218,51539,0
2013-09-12,15.283,15.283,15.119,15.126,27313,0
2013-09-13,15.195,15.195,15.104,15.126,23200,0
2013-09-16,15.147,15.277,15.027,15.155,25406,0
2013-09-17,15.179,15.252,15.171,15.218,25337,0
2013-09-18,15.155,15.402,15.155,15.364,28512,0
2013-09-19,15.478,15.488,15.299,15.299,15789,0
2013-09-20,15.224,15.308,15.218,15.224,21222,0
2013-09-23,15.277,15.292,15.162,15.162,53403,0
2013-09-24,15.179,15.269,15.179,15.218,35324,0
2013-09-25,15.202,15.269,15.202,15.224,28032,0
2013-09-26,15.26,15.317,15.26,15.269,7211,0
2013-09-27,15.269,15.324,15.188,15.188,49434,0
2013-09-30,15.321,15.513,15.321,15.513,28122,0
2013-10-01,15.192,15.428,15.192,15.282,12415,0
2013-10-02,15.221,15.282,15.04,15.239,24300,0
2013-10-03,15.239,15.239,15.184,15.192,23542,0
2013-10-04,15.296,15.305,15.216,15.266,24931,0
2013-10-07,15.322,15.322,15.192,15.192,38621,0
2013-10-08,15.23,15.23,15.115,15.115,26969,0
2013-10-09,15.137,15.137,15.091,15.137,15289,0
2013-10-10,15.282,15.37,15.159,15.249,25731,0
2013-10-11,15.296,15.296,15.216,15.266,43489,0
2013-10-14,15.288,15.288,15.216,15.266,14661,0
2013-10-15,15.296,15.296,15.151,15.151,30191,0
2013-10-16,15.216,15.274,15.192,15.221,26070,0
2013-10-17,15.266,15.379,15.249,15.314,73932,0
2013-10-18,15.437,15.445,15.345,15.4,32998,0
2013-10-21,15.463,15.494,15.392,15.392,23678,0
2013-10-22,15.514,15.6,15.494,15.583,33016,0
2013-10-23,15.633,15.633,15.477,15.568,27323,0
2013-10-24,15.544,15.591,15.486,15.568,18298,0
2013-10-25,15.514,15.583,15.486,15.552,28780,0
2013-10-28,15.463,15.576,15.453,15.514,36779,0
2013-10-29,15.463,15.591,15.445,15.494,104012,0
2013-10-30,15.56,15.6,15.514,15.521,25336,0
2013-10-31,15.592,15.727,15.577,15.671,29346,0
2013-11-01,15.583,15.583,15.503,15.56,33174,0
2013-11-04,15.6,15.6,15.552,15.568,6975,0
2013-11-05,15.6,15.6,15.494,15.494,23972,0
2013-11-06,15.568,15.568,15.476,15.476,22325,0
2013-11-07,15.543,15.552,15.463,15.463,18363,0
2013-11-08,15.36,15.513,15.36,15.444,58387,0
2013-11-11,15.369,15.552,15.369,15.427,105294,0
2013-11-12,15.36,15.468,15.36,15.453,28996,0
2013-11-13,15.378,15.476,15.378,15.436,35680,0
2013-11-14,15.351,15.503,15.313,15.444,36082,0
2013-11-15,15.494,15.583,15.486,15.543,47109,0
2013-11-18,15.476,15.6,15.476,15.543,28291,0
2013-11-19,15.543,15.56,15.463,15.494,20549,0
2013-11-20,15.576,15.6,15.436,15.436,17624,0
2013-11-21,15.388,15.521,15.313,15.444,78697,0
2013-11-22,15.391,15.576,15.391,15.576,23527,0
2013-11-25,15.576,15.576,15.494,15.56,30958,0
2013-11-26,15.6,15.6,15.503,15.503,24239,0
2013-11-27,15.436,15.591,15.436,15.529,359408,0
2013-11-29,15.665,15.671,15.61,15.627,11130,0
2013-12-02,15.592,15.634,15.444,15.444,45017,0
2013-12-03,15.476,15.494,15.421,15.427,37530,0
2013-12-04,15.486,15.486,15.343,15.351,68535,0
2013-12-05,15.416,15.416,15.237,15.281,53761,0
2013-12-06,15.399,15.399,15.237,15.273,30127,0
2013-12-09,15.343,15.387,15.264,15.264,57236,0
2013-12-10,15.321,15.351,15.237,15.237,41722,0
2013-12-11,15.19,15.246,15.142,15.149,118163,0
2013-12-12,15.142,15.142,15.055,15.088,64405,0
2013-12-13,15.134,15.149,15.055,15.112,48266,0
2013-12-16,15.063,15.221,15.063,15.142,46740,0
2013-12-17,15.08,15.213,15.08,15.12,38335,0
2013-12-18,15.096,15.237,15.096,15.197,122864,0
2013-12-19,15.213,15.237,15.112,15.197,45088,0
2013-12-20,15.273,15.281,15.19,15.256,71962,0
2013-12-23,15.281,15.294,15.134,15.197,56831,0
2013-12-24,15.156,15.273,15.156,15.264,29063,0
2013-12-26,15.08,15.246,15.08,15.174,132063,0
2013-12-27,15.274,15.296,15.181,15.214,98503,0
2013-12-30,15.165,15.238,15.165,15.221,194632,0
2013-12-31,15.238,15.288,15.181,15.282,81810,0
2014-01-02,15.221,15.363,15.221,15.346,16901,0
2014-01-03,15.305,15.448,15.305,15.402,40053,0
2014-01-06,15.508,15.572,15.472,15.54,13240,0
2014-01-07,15.525,15.615,15.48,15.566,75000,0
2014-01-08,15.572,15.588,15.54,15.548,31517,0
2014-01-09,15.623,15.631,15.557,15.605,38115,0
2014-01-10,15.623,15.756,15.623,15.756,25220,0
2014-01-13,15.8,15.81,15.732,15.765,11618,0
2014-01-14,15.717,15.81,15.708,15.708,17957,0
2014-01-15,15.784,15.81,15.738,15.784,26160,0
2014-01-16,15.853,15.861,15.747,15.774,33458,0
2014-01-17,15.847,15.871,15.81,15.84,22137,0
2014-01-21,15.961,15.961,15.774,15.8,56875,0
2014-01-22,15.792,15.925,15.792,15.925,107274,0
2014-01-23,15.84,15.897,15.824,15.84,20465,0
2014-01-24,15.765,15.81,15.694,15.702,24278,0
2014-01-27,15.694,15.747,15.647,15.702,11088,0
2014-01-28,15.702,15.831,15.702,15.824,47618,0
2014-01-29,15.765,15.817,15.732,15.765,16962,0
2014-01-30,15.81,15.88,15.81,15.853,15296,0
2014-01-31,15.831,15.853,15.774,15.847,42066,0
2014-02-03,15.8,15.847,15.676,15.676,28368,0
2014-02-04,15.737,15.737,15.685,15.694,37711,0
2014-02-05,15.676,15.716,15.667,15.708,16274,0
2014-02-06,15.737,15.84,15.731,15.81,71007,0
2014-02-07,15.871,15.898,15.81,15.84,73234,0
2014-02-10,15.871,15.917,15.84,15.847,154562,0
2014-02-11,15.84,15.985,15.831,15.985,147624,0
2014-02-12,15.961,15.992,15.932,15.948,143270,0
2014-02-13,15.971,16.081,15.898,16.066,111696,0
2014-02-14,16.017,16.16,16.017,16.126,54660,0
2014-02-18,16.181,16.181,16.126,16.16,52405,0
2014-02-19,16.206,16.206,16.135,16.135,13708,0
2014-02-20,16.206,16.215,16.144,16.176,83193,0
2014-02-21,16.16,16.231,16.144,16.215,24270,0
2014-02-24,16.248,16.248,16.189,16.223,58520,0
2014-02-25,16.197,16.215,16.126,16.166,12182,0
2014-02-26,16.231,16.239,16.166,16.166,55492,0
2014-02-27,16.197,16.248,16.197,16.239,13432,0
2014-02-28,16.257,16.278,16.231,16.278,25970,0
2014-03-03,16.335,16.335,16.159,16.248,19835,0
2014-03-04,16.311,16.311,16.248,16.278,135804,0
2014-03-05,16.248,16.304,15.98,16.295,35166,0
2014-03-06,16.335,16.343,16.257,16.319,115810,0
2014-03-07,16.311,16.36,16.239,16.319,62353,0
2014-03-10,16.343,16.343,16.215,16.231,30843,0
2014-03-11,16.311,16.311,16.231,16.286,14970,0
2014-03-12,16.223,16.343,16.223,16.327,47611,0
2014-03-13,16.353,16.385,16.327,16.335,24007,0
2014-03-14,16.428,16.428,16.36,16.377,4569,0
2014-03-17,16.428,16.5,16.428,16.479,153115,0
2014-03-18,16.434,16.556,16.434,16.507,137144,0
2014-03-19,16.47,16.58,16.421,16.451,86932,0
2014-03-20,16.278,16.5,16.278,16.5,22733,0
2014-03-21,16.5,16.606,16.484,16.548,539905,0
2014-03-24,16.507,16.658,16.484,16.58,1089464,0
2014-03-25,16.622,16.622,16.533,16.596,88588,0
2014-03-26,16.606,16.606,16.572,16.596,59100,0
2014-03-27,16.668,16.668,16.572,16.606,17499,0
2014-03-28,16.606,16.676,16.606,16.649,92033,0
2014-03-31,16.658,16.751,16.63,16.698,35572,0
2014-04-01,16.664,16.694,16.609,16.645,53354,0
2014-04-02,16.711,16.711,16.681,16.704,24545,0
2014-04-03,16.733,16.733,16.618,16.725,39205,0
2014-04-04,16.688,16.757,16.645,16.704,18398,0
2014-04-07,16.783,16.783,16.694,16.704,224383,0
2014-04-08,16.757,16.757,16.688,16.733,24943,0
2014-04-09,16.757,16.757,16.694,16.74,48630,0
2014-04-10,16.748,16.801,16.704,16.74,27550,0
2014-04-11,16.757,16.757,16.688,16.711,29330,0
2014-04-14,16.748,16.757,16.711,16.748,54199,0
2014-04-15,16.748,16.748,16.694,16.748,26191,0
2014-04-16,16.748,16.81,16.694,16.766,91203,0
2014-04-17,16.816,16.848,16.766,16.816,32506,0
2014-04-21,16.748,16.793,16.733,16.74,41940,0
2014-04-22,16.757,16.831,16.74,16.757,66895,0
2014-04-23,16.816,16.857,16.783,16.824,80573,0
2014-04-24,16.865,16.884,16.783,16.865,58325,0
2014-04-25,16.884,16.884,16.801,16.831,43599,0
2014-04-28,16.923,17.006,16.884,16.974,97008,0
2014-04-29,17.041,17.041,16.948,17.014,97310,0
2014-04-30,17.065,17.08,16.982,17.08,43684,0
2014-05-01,17.143,17.143,17.072,17.101,58472,0
2014-05-02,17.143,17.293,17.021,17.021,52038,0
2014-05-05,17.062,17.118,17.021,17.118,75203,0
2014-05-06,17.062,17.111,17.062,17.072,30758,0
2014-05-07,17.118,17.118,17.062,17.094,42413,0
2014-05-08,17.118,17.118,17.072,17.077,41436,0
2014-05-09,17.086,17.094,16.98,17.038,36087,0
2014-05-12,17.094,17.094,17.03,17.054,77174,0
2014-05-13,17.111,17.111,17.077,17.101,59903,0
2014-05-14,17.111,17.126,17.094,17.126,33670,0
2014-05-15,17.111,17.126,17.045,17.086,38621,0
2014-05-16,17.101,17.101,17.072,17.101,16652,0
2014-05-19,17.086,17.126,17.045,17.126,43854,0
2014-05-20,17.126,17.143,17.054,17.094,63454,0
2014-05-21,17.143,17.143,17.072,17.101,24829,0
2014-05-22,17.8,17.8,17.054,17.072,38883,0
2014-05-23,17.062,17.094,16.987,17.094,34258,0
2014-05-27,17.118,17.118,17.045,17.094,27341,0
2014-05-28,17.054,17.111,17.045,17.054,94883,0
2014-05-29,17.101,17.135,17.062,17.126,51389,0
2014-05-30,17.086,17.159,17.086,17.111,39184,0
2014-06-02,17.198,17.198,17.141,17.149,38712,0
2014-06-03,17.141,17.158,17.045,17.07,42407,0
2014-06-04,17.183,17.183,16.777,16.894,106429,0
2014-06-05,16.85,17.01,16.826,16.992,34442,0
2014-06-06,17.053,17.075,16.992,17.019,37688,0
2014-06-09,16.95,17.06,16.95,17.019,32268,0
2014-06-10,16.95,17.01,16.919,16.935,33657,0
2014-06-11,16.912,16.992,16.833,16.85,97517,0
2014-06-12,16.85,16.96,16.826,16.96,25815,0
2014-06-13,17.029,17.029,16.877,16.919,30354,0
2014-06-16,16.919,16.968,16.904,16.912,31462,0
2014-06-17,16.95,17.019,16.919,17.01,34629,0
2014-06-18,17.053,17.093,16.992,17.084,28642,0
2014-06-19,17.117,17.141,17.07,17.117,60533,0
2014-06-20,17.198,17.198,17.075,17.141,36727,0
2014-06-23,17.149,17.174,17.109,17.149,39050,0
2014-06-24,17.192,17.192,17.117,17.133,19065,0
2014-06-25,17.133,17.174,17.124,17.174,25793,0
2014-06-26,17.198,17.39,17.124,17.207,18551,0
2014-06-27,17.174,17.234,17.174,17.217,37618,0
2014-06-30,17.174,17.259,17.174,17.242,42736,0
2014-07-01,17.326,17.326,17.165,17.259,21538,0
2014-07-02,17.207,17.311,17.207,17.259,41977,0
2014-07-03,17.293,17.293,17.157,17.191,21518,0
2014-07-07,17.14,17.259,17.14,17.182,24868,0
2014-07-08,17.165,17.191,17.165,17.173,21543,0
2014-07-09,17.191,17.217,17.165,17.217,17346,0
2014-07-10,17.207,17.217,17.191,17.217,20647,0
2014-07-11,17.165,17.285,17.148,17.275,245431,0
2014-07-14,17.343,17.362,17.242,17.275,37973,0
2014-07-15,17.333,17.377,17.267,17.333,50942,0
2014-07-16,17.371,17.44,17.311,17.333,21512,0
2014-07-17,17.311,17.343,17.14,17.242,36234,0
2014-07-18,17.207,17.319,17.207,17.293,28378,0
2014-07-21,17.353,17.391,17.293,17.311,46349,0
2014-07-22,17.391,17.391,17.251,17.293,24153,0
2014-07-23,17.353,17.432,17.285,17.285,163530,0
2014-07-24,17.333,17.333,17.285,17.311,16114,0
2014-07-25,17.319,17.333,17.275,17.333,17913,0
2014-07-28,17.362,17.377,17.275,17.362,36456,0
2014-07-29,17.319,17.384,17.311,17.362,28066,0
2014-07-30,17.371,17.371,17.275,17.302,47170,0
2014-07-31,17.267,17.267,17.068,17.068,33864,0
2014-08-01,17.047,17.179,16.938,16.962,72295,0
2014-08-04,17.055,17.145,16.921,16.953,33377,0
2014-08-05,17.047,17.047,16.86,16.887,66309,0
2014-08-06,16.869,17.129,16.86,16.895,28320,0
2014-08-07,16.971,17.047,16.945,16.995,39598,0
2014-08-08,17.072,17.088,17.023,17.064,17998,0
2014-08-11,17.145,17.203,17.088,17.114,23467,0
2014-08-12,17.12,17.137,17.064,17.064,32642,0
2014-08-13,17.104,17.154,17.079,17.154,25983,0
2014-08-14,17.231,17.317,17.197,17.265,92716,0
2014-08-15,17.299,17.317,17.222,17.299,21830,0
2014-08-18,17.299,17.35,17.282,17.35,18864,0
2014-08-19,17.299,17.35,17.299,17.35,14773,0
2014-08-20,17.368,17.404,17.282,17.389,18756,0
2014-08-21,17.359,17.397,17.317,17.331,57692,0
2014-08-22,17.359,17.368,17.291,17.359,20261,0
2014-08-25,17.368,17.42,17.317,17.42,43184,0
2014-08-26,17.374,17.453,17.374,17.42,28336,0
2014-08-27,17.453,17.453,17.42,17.447,28627,0
2014-08-28,17.437,17.525,17.437,17.463,42966,0
2014-08-29,17.525,17.576,17.453,17.473,81991,0
2014-09-02,17.525,17.525,17.381,17.412,51605,0
2014-09-03,17.534,17.534,17.374,17.42,34054,0
2014-09-04,17.482,17.608,17.256,17.298,71819,0
2014-09-05,17.33,17.389,17.256,17.316,35938,0
2014-09-08,17.374,17.404,17.264,17.298,40083,0
2014-09-09,17.307,17.33,17.238,17.264,37507,0
2014-09-10,17.29,17.323,17.196,17.256,18964,0
2014-09-11,17.281,17.29,17.202,17.23,25937,0
2014-09-12,17.238,17.256,17.086,17.153,35573,0
2014-09-15,17.178,17.196,17.102,17.153,36122,0
2014-09-16,17.161,17.212,17.153,17.202,17482,0
2014-09-17,17.316,17.316,17.178,17.202,41279,0
2014-09-18,17.256,17.307,17.212,17.256,30444,0
2014-09-19,17.256,17.29,17.221,17.23,13848,0
2014-09-22,17.23,17.264,17.161,17.186,31802,0
2014-09-23,17.161,17.339,17.077,17.127,43088,0
2014-09-24,17.186,17.212,17.094,17.127,37861,0
2014-09-25,17.51,17.51,17.03,17.119,103205,0
2014-09-26,17.656,17.674,17.054,17.153,82866,0
2014-09-29,17.144,17.178,17.072,17.144,25536,0
2014-09-30,17.119,17.238,17.072,17.238,32057,0
2014-10-01,17.812,17.812,17.172,17.191,64023,0
2014-10-02,17.364,17.364,17.116,17.243,78546,0
2014-10-03,17.335,17.335,17.131,17.217,98818,0
2014-10-06,17.172,17.243,17.172,17.243,88858,0
2014-10-07,17.207,17.225,17.172,17.198,25622,0
2014-10-08,17.172,17.286,17.122,17.286,40933,0
2014-10-09,17.313,17.313,17.139,17.207,37856,0
2014-10-10,17.131,17.182,17.097,17.122,55803,0
2014-10-13,17.122,17.294,17.048,17.048,25549,0
2014-10-14,17.131,17.217,17.116,17.116,62018,0
2014-10-15,17.122,17.276,16.963,17.048,40566,0
2014-10-16,16.953,17.156,16.953,17.131,26281,0
2014-10-17,17.217,17.252,17.097,17.131,80774,0
2014-10-20,17.139,17.182,17.09,17.131,190504,0
2014-10-21,17.243,17.286,17.164,17.235,58827,0
2014-10-22,17.304,17.401,17.268,17.294,40717,0
2014-10-23,17.385,17.427,17.294,17.32,55746,0
2014-10-24,17.304,17.364,17.252,17.345,26205,0
2014-10-27,17.335,17.378,17.304,17.378,33385,0
2014-10-28,17.385,17.427,17.335,17.393,123978,0
2014-10-29,17.598,17.598,17.313,17.327,40401,0
2014-10-30,17.708,17.771,17.373,17.434,31750,0
2014-10-31,17.47,17.591,17.401,17.46,33804,0
2014-11-03,17.524,17.524,17.479,17.524,35860,0
2014-11-04,17.524,17.574,17.417,17.453,43476,0
2014-11-05,17.487,17.557,17.444,17.549,26748,0
2014-11-06,17.524,17.566,17.479,17.557,86452,0
2014-11-07,17.566,17.616,17.487,17.616,46270,0
2014-11-10,17.762,17.762,17.591,17.635,181814,0
2014-11-11,17.683,17.715,17.591,17.626,197499,0
2014-11-12,17.649,17.819,17.54,17.598,266925,0
2014-11-13,17.598,17.598,17.557,17.582,50568,0
2014-11-14,17.644,17.788,17.566,17.608,124998,0
2014-11-17,17.635,17.692,17.582,17.674,93587,0
2014-11-18,17.709,17.733,17.656,17.656,107491,0
2014-11-19,17.674,17.743,17.608,17.616,134513,0
2014-11-20,17.626,17.656,17.566,17.644,110513,0
2014-11-21,17.665,17.715,17.608,17.7,75730,0
2014-11-24,17.733,17.753,17.608,17.674,66125,0
2014-11-25,17.656,17.724,17.644,17.674,107252,0
2014-11-26,18.074,18.074,17.656,17.788,146128,0
2014-11-28,17.772,17.871,17.724,17.753,28086,0
2014-12-01,17.897,17.973,17.665,17.7,105318,0
2014-12-02,17.743,17.827,17.665,17.743,119430,0
2014-12-03,17.827,17.827,17.649,17.683,67300,0
2014-12-04,17.881,18.05,17.556,17.556,81117,0
2014-12-05,17.59,17.635,17.539,17.635,56349,0
2014-12-08,17.644,17.656,17.548,17.607,71203,0
2014-12-09,17.548,18.075,17.523,17.573,67823,0
2014-12-10,17.683,17.683,17.459,17.523,40528,0
2014-12-11,17.539,17.665,17.452,17.523,104398,0
2014-12-12,17.565,17.573,17.434,17.478,45107,0
2014-12-15,17.496,17.532,17.301,17.333,67726,0
2014-12-16,17.333,17.581,17.283,17.362,117060,0
2014-12-17,17.401,17.486,17.333,17.469,44595,0
2014-12-18,17.556,17.7,17.469,17.597,50332,0
2014-12-19,17.532,17.656,17.486,17.656,63988,0
2014-12-22,17.656,17.724,17.59,17.656,68563,0
2014-12-23,17.656,17.692,17.625,17.656,67270,0
2014-12-24,17.581,17.788,17.581,17.635,19951,0
2014-12-26,17.7,17.733,17.665,17.665,27258,0
2014-12-29,17.768,17.886,17.758,17.793,92453,0
2014-12-30,17.817,17.85,17.758,17.85,103409,0
2014-12-31,17.85,17.894,17.705,17.713,102808,0
2015-01-02,17.777,17.972,17.72,17.81,109707,0
2015-01-05,17.834,17.85,17.639,17.687,156827,0
2015-01-06,17.705,17.777,17.66,17.72,113997,0
2015-01-07,17.868,17.868,17.739,17.802,143505,0
2015-01-08,17.824,17.904,17.824,17.894,241471,0
2015-01-09,17.947,17.957,17.81,17.886,106223,0
2015-01-12,17.904,17.937,17.802,17.858,102803,0
2015-01-13,17.793,17.966,17.768,17.824,160023,0
2015-01-14,17.802,17.834,17.72,17.793,133794,0
2015-01-15,17.81,17.841,17.758,17.824,105993,0
2015-01-16,17.894,17.937,17.824,17.922,157694,0
2015-01-20,17.978,18.024,17.904,18.007,262199,0
2015-01-21,17.947,18.056,17.937,18.016,112864,0
2015-01-22,18.066,18.272,18.016,18.049,156367,0
2015-01-23,18.056,18.084,18.016,18.074,92863,0
2015-01-26,18.074,18.094,17.978,18.094,144285,0
2015-01-27,18.056,18.272,18.04,18.084,221717,0
2015-01-28,18.129,18.221,18.066,18.094,215075,0
2015-01-29,18.103,18.162,18.04,18.074,69832,0
2015-01-30,18.094,18.12,17.987,18.032,189209,0
2015-02-02,18.116,18.116,17.974,18.079,165814,0
2015-02-03,18.116,18.184,18.07,18.184,113814,0
2015-02-04,18.149,18.184,18.019,18.079,163457,0
2015-02-05,18.028,18.157,18.028,18.141,92897,0
2015-02-06,18.184,18.233,17.961,17.966,175814,0
2015-02-09,17.982,18.01,17.941,17.966,94407,0
2015-02-10,17.966,18.035,17.941,17.974,71790,0
2015-02-11,18.028,18.044,17.951,18.001,98205,0
2015-02-12,18.098,18.116,17.961,18.061,100488,0
2015-02-13,18.01,18.141,18.01,18.116,67087,0
2015-02-17,18.175,18.175,18.01,18.053,170697,0
2015-02-18,18.079,18.079,17.941,18.019,69068,0
2015-02-19,18.07,18.098,17.982,18.07,108850,0
2015-02-20,18.098,18.116,18.001,18.089,125181,0
2015-02-23,18.141,18.149,18.07,18.07,117231,0
2015-02-24,18.116,18.157,18.079,18.157,55941,0
2015-02-25,18.149,18.517,18.133,18.166,383099,0
2015-02-26,18.193,18.303,18.079,18.124,101883,0
2015-02-27,18.21,18.242,18.089,18.141,386129,0
2015-03-02,18.193,18.58,18.079,18.149,710257,0
2015-03-03,18.21,18.21,18.089,18.149,271780,0
2015-03-04,18.175,18.5,18.07,18.116,167393,0
2015-03-05,18.141,18.141,18.07,18.098,82885,0
2015-03-06,18.098,18.098,17.819,17.827,242188,0
2015-03-09,17.889,17.889,17.732,17.771,123695,0
2015-03-10,17.68,17.804,17.68,17.732,83697,0
2015-03-11,17.761,17.796,17.732,17.788,52135,0
2015-03-12,17.819,17.871,17.779,17.788,38267,0
2015-03-13,17.844,17.881,17.68,17.732,104506,0
2015-03-16,17.813,17.881,17.742,17.761,68206,0
2015-03-17,17.653,17.94,17.64,17.742,279526,0
2015-03-18,17.68,17.95,17.661,17.861,119994,0
2015-03-19,17.813,17.94,17.813,17.881,101613,0
2015-03-20,18.07,18.07,17.889,17.974,82538,0
2015-03-23,18.001,18.035,17.966,18.001,128432,0
2015-03-24,18.01,18.01,17.95,17.974,85546,0
2015-03-25,18.053,18.053,17.96,17.981,1731147,0
2015-03-26,18.019,18.019,17.827,17.897,107281,0
2015-03-27,17.924,17.924,17.813,17.861,84390,0
2015-03-30,17.907,18.044,17.861,17.924,68901,0
2015-03-31,17.95,18.035,17.907,17.95,72017,0
2015-04-01,17.844,17.897,17.708,17.813,111557,0
2015-04-02,17.853,17.907,17.779,17.871,144501,0
2015-04-06,17.819,17.94,17.813,17.853,347616,0
2015-04-07,17.897,17.96,17.853,17.932,68675,0
2015-04-08,17.861,17.932,17.819,17.924,70979,0
2015-04-09,17.915,17.932,17.889,17.924,65290,0
2015-04-10,17.889,17.932,17.871,17.932,67394,0
2015-04-13,17.95,17.974,17.871,17.889,51210,0
2015-04-14,17.94,17.974,17.907,17.966,76069,0
2015-04-15,17.924,18.035,17.924,18.028,61920,0
2015-04-16,18.035,18.035,17.95,17.96,408913,0
2015-04-17,17.991,17.991,17.813,17.881,685638,0
2015-04-20,17.94,17.974,17.861,17.924,521123,0
2015-04-21,17.907,17.94,17.861,17.932,47837,0
2015-04-22,17.95,17.974,17.871,17.95,82040,0
2015-04-23,17.924,18.028,17.924,18.01,67166,0
2015-04-24,18.028,18.053,17.974,18.035,40464,0
2015-04-27,17.96,18.035,17.96,17.991,113406,0
2015-04-28,17.991,18.035,17.966,18.01,88434,0
2015-04-29,17.991,18.035,17.966,18.028,82885,0
2015-04-30,18.035,18.035,17.95,17.991,81152,0
2015-05-01,17.96,18.061,17.96,17.991,117747,0
2015-05-04,18.053,18.079,18.028,18.053,58587,0
2015-05-05,18.044,18.061,17.924,17.932,77268,0
2015-05-06,17.94,18.028,17.688,17.722,213360,0
2015-05-07,17.741,17.827,17.67,17.76,119812,0
2015-05-08,17.803,17.991,17.803,17.95,45325,0
2015-05-11,17.94,17.974,17.803,17.812,162379,0
2015-05-12,17.76,17.95,17.731,17.907,101986,0
2015-05-13,17.95,18.001,17.907,17.974,70114,0
2015-05-14,17.991,18.116,17.974,18.108,526225,0
2015-05-15,18.124,18.149,18.098,18.133,45908,0
2015-05-18,18.149,18.149,18.035,18.141,103191,0
2015-05-19,18.108,18.149,18.01,18.07,57086,0
2015-05-20,18.098,18.124,18.028,18.089,64469,0
2015-05-21,18.124,18.149,18.079,18.133,44857,0
2015-05-22,18.133,18.149,18.061,18.098,67004,0
2015-05-26,18.035,18.141,18.035,18.108,94785,0
2015-05-27,18.124,18.141,18.061,18.079,86955,0
2015-05-28,18.141,18.141,18.07,18.108,66105,0
2015-05-29,18.149,18.149,18.053,18.07,101717,0
2015-06-01,18.114,18.164,17.989,18.051,105873,0
2015-06-02,18.026,18.218,17.972,17.979,63447,0
2015-06-03,17.972,18.042,17.948,17.989,89661,0
2015-06-04,18.042,18.042,17.938,17.938,149431,0
2015-06-05,17.972,17.979,17.858,17.938,88168,0
2015-06-08,17.958,17.958,17.841,17.904,60117,0
2015-06-09,17.841,17.904,17.817,17.841,60049,0
2015-06-10,17.878,17.922,17.792,17.841,80711,0
2015-06-11,17.858,17.938,17.81,17.817,109575,0
2015-06-12,17.81,17.886,17.792,17.841,51728,0
2015-06-15,17.81,17.824,17.776,17.824,57708,0
2015-06-16,17.85,17.886,17.792,17.834,109430,0
2015-06-17,17.938,17.938,17.817,17.886,94601,0
2015-06-18,17.912,17.948,17.817,17.834,90006,0
2015-06-19,17.85,17.894,17.792,17.834,84258,0
2015-06-22,17.841,17.886,17.841,17.868,25751,0
2015-06-23,17.886,17.894,17.817,17.868,64256,0
2015-06-24,17.834,17.878,17.801,17.85,47013,0
2015-06-25,17.817,17.834,17.767,17.801,90348,0
2015-06-26,17.785,17.834,17.712,17.748,64140,0
2015-06-29,17.719,17.792,17.573,17.644,97475,0
2015-06-30,17.626,17.657,17.59,17.59,75434,0
2015-07-01,17.631,17.725,17.359,17.631,148631,0
2015-07-02,17.585,17.763,17.359,17.611,54437,0
2015-07-06,17.526,17.603,17.526,17.569,44848,0
2015-07-07,17.543,17.691,17.51,17.64,106701,0
2015-07-08,17.7,17.7,17.526,17.543,50898,0
2015-07-09,17.611,17.64,17.553,17.595,63908,0
2015-07-10,17.631,17.64,17.585,17.595,27163,0
2015-07-13,17.621,17.744,17.621,17.744,154979,0
2015-07-14,17.754,17.773,17.681,17.734,60047,0
2015-07-15,17.734,17.763,17.709,17.716,44246,0
2015-07-16,17.744,17.847,17.716,17.807,51587,0
2015-07-17,17.831,17.838,17.763,17.799,107049,0
2015-07-20,17.815,17.865,17.744,17.754,28301,0
2015-07-21,17.79,17.856,17.7,17.709,33324,0
2015-07-22,17.709,17.79,17.631,17.654,70413,0
2015-07-23,17.585,17.672,17.569,17.621,65278,0
2015-07-24,17.648,17.654,17.518,17.526,56488,0
2015-07-27,17.585,17.648,17.5,17.51,86049,0
2015-07-28,17.526,17.662,17.51,17.631,71327,0
2015-07-29,17.595,17.662,17.569,17.621,58431,0
2015-07-30,17.648,17.716,17.611,17.662,37774,0
2015-07-31,17.681,17.744,17.621,17.709,124965,0
2015-08-03,17.672,17.734,17.662,17.691,80050,0
2015-08-04,17.662,17.79,17.662,17.681,108551,0
2015-08-05,17.691,17.782,17.681,17.681,44947,0
2015-08-06,17.734,17.799,17.654,17.79,129313,0
2015-08-07,17.716,17.79,17.691,17.744,44718,0
2015-08-10,17.754,17.903,17.662,17.857,57349,0
2015-08-11,17.807,17.876,17.799,17.821,53497,0
2015-08-12,17.782,17.885,17.773,17.866,54050,0
2015-08-13,17.821,17.903,17.807,17.838,43578,0
2015-08-14,17.911,17.911,17.821,17.847,87388,0
2015-08-17,17.866,17.966,17.831,17.893,59057,0
2015-08-18,17.928,17.947,17.815,17.921,38006,0
2015-08-19,17.928,17.957,17.838,17.838,38006,0
2015-08-20,17.821,17.876,17.807,17.807,46762,0
2015-08-21,17.782,17.866,17.662,17.662,56437,0
2015-08-24,17.489,17.489,15.364,17.146,512051,0
2015-08-25,17.243,17.461,17.146,17.146,79197,0
2015-08-26,17.155,17.427,17.155,17.288,82263,0
2015-08-27,17.391,17.552,17.358,17.409,89547,0
2015-08-28,17.384,17.569,17.207,17.471,55984,0
2015-08-31,17.471,17.577,17.409,17.517,42554,0
2015-09-01,17.454,17.554,17.165,17.37,35388,0
2015-09-02,17.464,17.492,17.36,17.43,29832,0
2015-09-03,17.502,17.579,17.483,17.492,20869,0
2015-09-04,17.492,17.537,17.378,17.412,57507,0
2015-09-08,17.43,17.572,17.43,17.502,41740,0
2015-09-09,17.545,17.554,17.447,17.447,31985,0
2015-09-10,17.492,17.537,17.412,17.43,48365,0
2015-09-11,17.464,17.52,17.37,17.43,226849,0
2015-09-14,17.43,17.511,17.43,17.437,27335,0
2015-09-15,17.378,17.537,17.378,17.464,61927,0
2015-09-16,17.502,17.588,17.42,17.545,142461,0
2015-09-17,17.554,17.606,17.42,17.52,64508,0
2015-09-18,17.52,17.545,17.483,17.492,35734,0
2015-09-21,17.502,17.545,17.454,17.483,63972,0
2015-09-22,17.412,17.528,17.308,17.378,48661,0
2015-09-23,17.42,17.437,17.308,17.331,325078,0
2015-09-24,17.29,17.402,17.28,17.402,32196,0
2015-09-25,17.437,17.437,17.331,17.37,59661,0
2015-09-28,17.412,17.412,17.147,17.156,103387,0
2015-09-29,17.219,17.271,17.104,17.114,84842,0
2015-09-30,17.121,17.271,17.121,17.271,416952,0
2015-10-01,17.227,17.281,17.075,17.103,158770,0
2015-10-02,17.156,17.254,17.023,17.165,129708,0
2015-10-05,17.184,17.45,17.184,17.44,102493,0
2015-10-06,17.413,17.557,17.396,17.496,50716,0
2015-10-07,17.515,17.567,17.457,17.532,146650,0
2015-10-08,17.593,17.593,17.423,17.593,65977,0
2015-10-09,17.601,17.662,17.549,17.567,183455,0
2015-10-12,17.523,17.601,17.467,17.515,169507,0
2015-10-13,17.44,17.629,17.44,17.467,182445,0
2015-10-14,17.506,17.54,17.423,17.486,71925,0
2015-10-15,17.557,17.647,17.467,17.647,160900,0
2015-10-16,17.638,17.654,17.54,17.638,150017,0
2015-10-19,17.681,17.709,17.593,17.647,127800,0
2015-10-20,17.601,17.725,17.467,17.716,203134,0
2015-10-21,17.662,17.735,17.629,17.691,61823,0
2015-10-22,17.593,17.774,17.593,17.709,198603,0
2015-10-23,17.709,17.783,17.672,17.709,139021,0
2015-10-26,17.745,17.745,17.601,17.662,53856,0
2015-10-27,17.691,17.691,17.532,17.593,188953,0
2015-10-28,17.654,17.654,17.54,17.549,51836,0
2015-10-29,17.619,17.791,17.496,17.506,202753,0
2015-10-30,17.576,17.619,17.496,17.601,191193,0
2015-11-02,17.636,17.659,17.521,17.659,151656,0
2015-11-03,17.598,17.669,17.564,17.626,230812,0
2015-11-04,17.688,17.697,17.598,17.608,128683,0
2015-11-05,17.616,17.659,17.564,17.598,256094,0
2015-11-06,17.598,17.598,17.392,17.453,342247,0
2015-11-09,17.473,17.521,17.376,17.446,218862,0
2015-11-10,17.446,17.473,17.323,17.419,134704,0
2015-11-11,17.482,17.482,17.339,17.411,38266,0
2015-11-12,17.446,17.521,17.358,17.376,36809,0
2015-11-13,17.339,17.411,17.339,17.358,36809,0
2015-11-16,17.411,17.436,17.358,17.358,61871,0
2015-11-17,17.368,17.401,17.323,17.323,75407,0
2015-11-18,17.33,17.429,17.33,17.349,144103,0
2015-11-19,17.339,17.446,17.339,17.358,192213,0
2015-11-20,17.385,17.473,17.368,17.368,26406,0
2015-11-23,17.358,17.463,17.349,17.392,146565,0
2015-11-24,17.419,17.473,17.358,17.411,56612,0
2015-11-25,17.446,17.473,17.401,17.436,37703,0
2015-11-27,17.419,17.521,17.401,17.453,70373,0
2015-11-30,17.473,17.608,17.429,17.429,31664,0
2015-12-01,17.392,17.453,17.385,17.392,101320,0
2015-12-02,17.429,17.436,17.277,17.287,53256,0
2015-12-03,17.33,17.368,17.151,17.179,30018,0
2015-12-04,17.169,17.223,17.169,17.179,70933,0
2015-12-07,17.169,17.223,17.072,17.124,56164,0
2015-12-08,17.133,17.142,17.009,17.054,57314,0
2015-12-09,17.072,17.169,17.063,17.108,46765,0
2015-12-10,17.151,17.179,17.108,17.117,51242,0
2015-12-11,17.117,17.117,16.955,16.955,100020,0
2015-12-14,16.865,17.385,16.56,16.615,169882,0
2015-12-15,16.456,16.814,16.32,16.758,141753,0
2015-12-16,16.74,16.99,16.74,16.955,59075,0
2015-12-17,16.921,17.072,16.921,16.99,40163,0
2015-12-18,16.945,17.063,16.945,17.018,50012,0
2015-12-21,17.072,17.072,16.982,17.028,143990,0
2015-12-22,17.045,17.124,17.018,17.098,367061,0
2015-12-23,17.142,17.268,17.142,17.215,80781,0
2015-12-24,17.205,17.296,17.188,17.215,53923,0
2015-12-28,17.179,17.31,17,17.169,197491,0
2015-12-29,17.28,17.333,17.207,17.253,97536,0
2015-12-30,17.207,17.362,17.126,17.262,221038,0
2015-12-31,17.28,17.317,17.226,17.262,169311,0
2016-01-04,17.171,17.396,17.153,17.396,71303,0
2016-01-05,17.478,17.524,17.362,17.458,66837,0
2016-01-06,17.432,17.468,17.308,17.405,89907,0
2016-01-07,17.353,17.413,17.317,17.333,44126,0
2016-01-08,17.388,17.432,17.308,17.347,50774,0
2016-01-11,17.379,17.405,17.171,17.299,242681,0
2016-01-12,17.262,17.353,17.135,17.181,139245,0
2016-01-13,17.171,17.27,17,17.064,145311,0
2016-01-14,17.054,17.18,17.029,17.109,94274,0
2016-01-15,17.029,17.109,16.874,16.945,147968,0
2016-01-19,17.046,17.073,16.929,16.982,285330,0
2016-01-20,16.902,16.982,16.566,16.819,176417,0
2016-01-21,16.784,17.054,16.784,17.019,212117,0
2016-01-22,17.126,17.235,17.037,17.235,151111,0
2016-01-25,17.171,17.235,16.965,16.965,248553,0
2016-01-26,17.091,17.198,17.019,17.118,198562,0
2016-01-27,17.064,17.217,17.064,17.135,142238,0
2016-01-28,17.217,17.217,17.064,17.19,125447,0
2016-01-29,17.19,17.396,17.19,17.353,107400,0
2016-02-01,17.412,17.412,17.268,17.393,117744,0
2016-02-02,17.369,17.369,17.233,17.233,128046,0
2016-02-03,17.385,17.385,17.205,17.34,191475,0
2016-02-04,17.287,17.448,17.287,17.402,194004,0
2016-02-05,17.412,17.485,17.314,17.369,218630,0
2016-02-08,17.277,17.377,17.015,17.087,224616,0
2016-02-09,16.97,17.159,16.816,16.996,217898,0
2016-02-10,17.025,17.247,16.924,16.943,164800,0
2016-02-11,16.924,16.98,16.577,16.761,84644,0
2016-02-12,16.808,16.869,16.743,16.799,43892,0
2016-02-16,16.879,17.087,16.859,16.996,346078,0
2016-02-17,17.159,17.268,17.087,17.242,73742,0
2016-02-18,17.35,17.377,17.24,17.305,61623,0
2016-02-19,17.34,17.43,17.204,17.242,43221,0
2016-02-22,17.259,17.42,17.259,17.385,196169,0
2016-02-23,17.412,17.448,17.377,17.42,79600,0
2016-02-24,17.377,17.505,17.359,17.448,80723,0
2016-02-25,17.505,17.594,17.43,17.594,55542,0
2016-02-26,17.584,17.702,17.515,17.639,185590,0
2016-02-29,17.602,17.702,17.594,17.648,118471,0
2016-03-01,17.777,17.777,17.629,17.767,52639,0
2016-03-02,17.786,17.786,17.682,17.786,51862,0
2016-03-03,17.717,17.845,17.717,17.845,70629,0
2016-03-04,17.884,17.937,17.767,17.874,109069,0
2016-03-07,17.884,17.937,17.794,17.92,51813,0
2016-03-08,17.947,18.029,17.794,17.794,438030,0
2016-03-09,17.902,17.92,17.777,17.864,387194,0
2016-03-10,17.864,17.932,17.825,17.898,83553,0
2016-03-11,17.957,18.037,17.845,18.037,60693,0
2016-03-14,17.973,18.029,17.929,17.973,60028,0
2016-03-15,18.01,18.01,17.902,17.92,99169,0
2016-03-16,17.892,18.064,17.892,18.046,58431,0
2016-03-17,18.046,18.119,18.01,18.102,99154,0
2016-03-18,18.146,18.146,18.073,18.073,63511,0
2016-03-21,18.138,18.146,18.065,18.083,102920,0
2016-03-22,18.102,18.146,18.083,18.146,68951,0
2016-03-23,18.155,18.155,18.083,18.098,152253,0
2016-03-24,18.064,18.11,18.02,18.093,160190,0
2016-03-28,18.102,18.174,18.073,18.164,179191,0
2016-03-29,18.193,18.272,18.093,18.253,120874,0
2016-03-30,18.281,18.326,18.227,18.291,151042,0
2016-03-31,18.346,18.385,18.291,18.301,108031,0
2016-04-01,18.309,18.346,18.183,18.232,271424,0
2016-04-04,18.253,18.301,18.101,18.173,147561,0
2016-04-05,18.154,18.183,18.044,18.044,124429,0
2016-04-06,18.145,18.227,18.145,18.21,92953,0
2016-04-07,18.219,18.253,18.125,18.163,146194,0
2016-04-08,18.163,18.272,18.163,18.245,82306,0
2016-04-11,18.245,18.319,18.21,18.291,165617,0
2016-04-12,18.262,18.421,18.227,18.421,288872,0
2016-04-13,18.44,18.44,18.326,18.401,102675,0
2016-04-14,18.421,18.43,18.355,18.375,148301,0
2016-04-15,18.411,18.44,18.382,18.421,128275,0
2016-04-18,18.421,18.43,18.365,18.401,136678,0
2016-04-19,18.44,18.536,18.401,18.508,131268,0
2016-04-20,18.508,18.571,18.49,18.49,168656,0
2016-04-21,18.527,18.527,18.44,18.44,146267,0
2016-04-22,18.474,18.559,18.474,18.5,155369,0
2016-04-25,18.545,18.565,18.448,18.508,121239,0
2016-04-26,18.545,18.574,18.49,18.555,133771,0
2016-04-27,18.574,18.69,18.574,18.658,217695,0
2016-04-28,18.692,18.702,18.574,18.603,192928,0
2016-04-29,18.658,18.667,18.555,18.603,327945,0
2016-05-02,18.67,18.679,18.596,18.67,186281,0
2016-05-03,18.679,18.732,18.521,18.596,190060,0
2016-05-04,18.596,18.634,18.577,18.606,91495,0
2016-05-05,18.651,18.67,18.483,18.587,171814,0
2016-05-06,18.615,18.679,18.539,18.634,172372,0
2016-05-09,18.732,18.76,18.606,18.643,197088,0
2016-05-10,18.741,18.76,18.643,18.727,179180,0
2016-05-11,18.741,18.768,18.71,18.722,135203,0
2016-05-12,18.768,18.788,18.703,18.714,115783,0
2016-05-13,18.741,18.788,18.686,18.714,83149,0
2016-05-16,18.76,18.86,18.695,18.76,237113,0
2016-05-17,18.778,18.778,18.704,18.704,312175,0
2016-05-18,18.686,18.768,18.468,18.625,249179,0
2016-05-19,18.568,18.634,18.445,18.548,140597,0
2016-05-20,18.596,18.633,18.498,18.596,86117,0
2016-05-23,18.596,18.661,18.596,18.596,100441,0
2016-05-24,18.625,18.661,18.577,18.661,184788,0
2016-05-25,18.679,18.731,18.596,18.695,123408,0
2016-05-26,18.852,18.852,18.679,18.722,119943,0
2016-05-27,18.824,18.824,18.643,18.768,143856,0
2016-05-31,18.788,18.807,18.714,18.788,241714,0
2016-06-01,18.841,18.841,18.702,18.758,187493,0
2016-06-02,18.729,18.858,18.729,18.786,114090,0
2016-06-03,18.805,18.962,18.776,18.887,146222,0
2016-06-06,18.942,19.025,18.896,18.933,140499,0
2016-06-07,18.979,19.042,18.933,19.042,714423,0
2016-06-08,18.942,19.035,18.942,18.962,402115,0
2016-06-09,18.979,19.003,18.913,18.942,153668,0
2016-06-10,18.905,18.947,18.796,18.834,328001,0
2016-06-13,18.814,18.902,18.748,18.778,216585,0
2016-06-14,18.823,18.85,18.702,18.758,138990,0
2016-06-15,18.758,18.85,18.758,18.832,168793,0
2016-06-16,18.832,18.846,18.758,18.823,197460,0
2016-06-17,18.823,18.923,18.814,18.905,93278,0
2016-06-20,19.006,19.006,18.913,18.996,149904,0
2016-06-21,19.035,19.07,18.989,19.006,235266,0
2016-06-22,19.035,19.061,18.962,18.962,166597,0
2016-06-23,19.247,19.247,18.962,19.035,182500,0
2016-06-24,18.913,18.969,18.85,18.883,305614,0
2016-06-27,18.923,18.952,18.748,18.796,257661,0
2016-06-28,18.887,18.982,18.885,18.965,282702,0
2016-06-29,19.125,19.191,18.989,19.08,209656,0
2016-06-30,19.191,19.191,19.062,19.181,161428,0
2016-07-01,19.191,19.301,19.171,19.181,384462,0
2016-07-05,19.272,19.272,19.079,19.106,193426,0
2016-07-06,19.098,19.133,19.039,19.098,178715,0
2016-07-07,19.125,19.181,19.096,19.125,216302,0
2016-07-08,19.411,19.411,19.161,19.229,147590,0
2016-07-11,19.229,19.272,19.191,19.229,210808,0
2016-07-12,19.282,19.318,19.237,19.301,184582,0
2016-07-13,19.328,19.347,19.282,19.318,173034,0
2016-07-14,19.328,19.384,19.282,19.318,174625,0
2016-07-15,19.347,19.366,19.29,19.366,196444,0
2016-07-18,19.431,19.431,19.347,19.356,168146,0
2016-07-19,19.392,19.421,19.31,19.376,267722,0
2016-07-20,19.431,19.441,19.328,19.356,243565,0
2016-07-21,19.392,19.392,19.34,19.376,371646,0
2016-07-22,19.392,19.506,19.371,19.478,207470,0
2016-07-25,19.487,19.568,19.401,19.45,165102,0
2016-07-26,19.478,19.487,19.401,19.441,230450,0
2016-07-27,19.45,19.468,19.376,19.421,314252,0
2016-07-28,19.441,20.151,19.392,19.468,170645,0
2016-07-29,19.533,19.533,19.459,19.533,157604,0
2016-08-01,19.595,19.595,19.399,19.439,141710,0
2016-08-02,19.457,19.476,19.308,19.346,157111,0
2016-08-03,19.364,19.399,19.337,19.399,161264,0
2016-08-04,19.419,19.457,19.383,19.449,225697,0
2016-08-05,19.476,19.495,19.308,19.449,130502,0
2016-08-08,19.485,19.523,19.41,19.523,172987,0
2016-08-09,19.551,19.575,19.48,19.513,164507,0
2016-08-10,19.513,19.546,19.466,19.466,152964,0
2016-08-11,19.513,19.528,19.419,19.449,238849,0
2016-08-12,19.466,19.513,19.427,19.449,180389,0
2016-08-15,19.476,19.495,19.429,19.457,144181,0
2016-08-16,19.476,19.485,19.364,19.399,161063,0
2016-08-17,19.39,19.485,19.326,19.383,171361,0
2016-08-18,19.409,19.495,19.374,19.476,149325,0
2016-08-19,19.466,19.466,19.365,19.409,204053,0
2016-08-22,19.429,19.457,19.374,19.409,130559,0
2016-08-23,19.439,19.457,19.383,19.419,172377,0
2016-08-24,19.485,19.485,19.39,19.429,369437,0
2016-08-25,19.449,19.449,19.354,19.429,103196,0
2016-08-26,19.485,19.485,19.399,19.399,104121,0
2016-08-29,19.485,19.485,19.409,19.449,125935,0
2016-08-30,19.495,19.495,19.439,19.439,191807,0
2016-08-31,19.485,19.485,19.409,19.457,117945,0
2016-09-01,19.439,19.476,19.364,19.364,218583,0
2016-09-02,19.419,19.419,19.364,19.409,92006,0
2016-09-06,19.457,19.466,19.39,19.466,95988,0
2016-09-07,19.495,19.504,19.439,19.466,198982,0
2016-09-08,19.466,19.513,19.466,19.495,164192,0
2016-09-09,19.485,19.485,19.207,19.252,381591,0
2016-09-12,19.177,19.27,19.129,19.258,236103,0
2016-09-13,19.279,19.279,19.103,19.122,207765,0
2016-09-14,19.103,19.184,19.103,19.137,113068,0
2016-09-15,19.157,19.252,19.142,19.235,77234,0
2016-09-16,19.207,19.245,19.112,19.207,102084,0
2016-09-19,19.157,19.257,19.147,19.225,72565,0
2016-09-20,19.235,19.31,19.187,19.252,118964,0
2016-09-21,19.235,19.364,19.216,19.362,136176,0
2016-09-22,19.364,19.476,19.356,19.439,135715,0
2016-09-23,19.504,19.504,19.439,19.471,130080,0
2016-09-26,19.439,19.457,19.419,19.419,102384,0
2016-09-27,19.485,19.485,19.395,19.399,143605,0
2016-09-28,19.476,19.476,19.383,19.39,158571,0
2016-09-29,19.383,19.456,19.306,19.331,101714,0
2016-09-30,19.336,19.364,19.307,19.331,163855,0
2016-10-03,19.286,19.301,19.258,19.296,58333,0
2016-10-04,19.371,19.371,19.143,19.173,159943,0
2016-10-05,19.153,19.212,19.153,19.173,109371,0
2016-10-06,19.203,19.207,19.108,19.176,147869,0
2016-10-07,19.153,19.173,19.099,19.153,72702,0
2016-10-10,19.126,19.189,19.126,19.163,86524,0
2016-10-11,19.163,19.163,18.909,19.005,171649,0
2016-10-12,19.014,19.024,18.909,18.958,179500,0
2016-10-13,18.901,19.042,18.901,19.042,78625,0
2016-10-14,19.08,19.09,19.02,19.09,126743,0
2016-10-17,19.051,19.108,18.968,19.042,119238,0
2016-10-18,19.07,19.183,19.042,19.173,185410,0
2016-10-19,19.203,19.212,19.149,19.203,149369,0
2016-10-20,19.193,19.208,19.153,19.183,83372,0
2016-10-21,19.241,19.241,19.153,19.203,158513,0
2016-10-24,19.304,19.323,19.267,19.276,128878,0
2016-10-25,19.333,19.333,19.276,19.276,103925,0
2016-10-26,19.343,19.343,19.203,19.203,141771,0
2016-10-27,19.276,19.276,19.163,19.203,79939,0
2016-10-28,19.212,19.212,18.929,18.929,514515,0
2016-10-31,19.07,19.108,18.987,18.995,205320,0
2016-11-01,19.033,19.065,18.861,18.881,115667,0
2016-11-02,18.825,18.884,18.71,18.71,122337,0
2016-11-03,18.691,18.749,18.645,18.65,88257,0
2016-11-04,18.628,18.683,18.589,18.638,97142,0
2016-11-07,18.683,18.946,18.674,18.683,174962,0
2016-11-08,18.71,18.768,18.683,18.701,120758,0
2016-11-09,18.655,18.683,18.541,18.541,176375,0
2016-11-10,18.541,18.553,18.146,18.155,463021,0
2016-11-11,18.09,18.138,18.007,18.09,288566,0
2016-11-14,18.042,18.042,17.844,17.893,622720,0
2016-11-15,17.921,18.268,17.921,18.223,317226,0
2016-11-16,18.223,18.43,18.21,18.343,301279,0
2016-11-17,18.363,18.429,18.232,18.232,115381,0
2016-11-18,18.223,18.323,18.119,18.119,166428,0
2016-11-21,18.128,18.242,18.128,18.233,104089,0
2016-11-22,18.233,18.323,18.233,18.269,107499,0
2016-11-23,18.223,18.332,18.223,18.269,677963,0
2016-11-25,18.343,18.343,18.194,18.307,359105,0
2016-11-28,18.353,18.43,18.316,18.316,123661,0
2016-11-29,18.353,18.361,18.307,18.316,125696,0
2016-11-30,18.373,18.373,18.223,18.223,80453,0
2016-12-01,18.165,18.26,17.967,17.967,138981,0
2016-12-02,18.042,18.223,18.042,18.165,95775,0
2016-12-05,18.146,18.237,18.146,18.233,136874,0
2016-12-06,18.185,18.248,18.155,18.204,201333,0
2016-12-07,18.242,18.422,18.219,18.317,256198,0
2016-12-08,18.299,18.42,18.299,18.317,137949,0
2016-12-09,18.307,18.409,18.27,18.279,235156,0
2016-12-12,18.279,18.299,18.194,18.194,169035,0
2016-12-13,18.185,18.279,18.183,18.233,183608,0
2016-12-14,18.233,18.282,18.155,18.165,301411,0
2016-12-15,18.155,18.211,18.09,18.165,202330,0
2016-12-16,18.185,18.251,18.175,18.251,264592,0
2016-12-19,18.27,18.344,18.237,18.299,233411,0
2016-12-20,18.307,18.344,18.251,18.317,179059,0
2016-12-21,18.299,18.441,18.299,18.431,242062,0
2016-12-22,18.441,18.469,18.403,18.422,149130,0
2016-12-23,18.412,18.497,18.412,18.457,170284,0
2016-12-27,18.431,18.497,18.37,18.497,171558,0
2016-12-28,18.525,18.525,18.353,18.393,116441,0
2016-12-29,18.353,18.424,18.343,18.368,156487,0
2016-12-30,18.431,18.441,18.343,18.402,243973,0
2017-01-03,18.353,18.497,18.323,18.441,409093,0
2017-01-04,18.497,18.705,18.441,18.696,184494,0
2017-01-05,18.705,18.734,18.592,18.683,194102,0
2017-01-06,18.65,18.774,18.631,18.696,151480,0
2017-01-09,18.724,18.774,18.66,18.715,196717,0
2017-01-10,18.734,18.764,18.65,18.744,121867,0
2017-01-11,18.754,18.804,18.705,18.804,232954,0
2017-01-12,18.784,18.831,18.734,18.814,215522,0
2017-01-13,18.774,18.831,18.75,18.784,59365,0
2017-01-17,18.813,18.847,18.754,18.804,271188,0
2017-01-18,18.831,18.843,18.754,18.804,193521,0
2017-01-19,18.774,18.794,18.609,18.679,221209,0
2017-01-20,18.65,18.734,18.64,18.64,85188,0
2017-01-23,18.612,18.744,18.6,18.744,245963,0
2017-01-24,18.764,18.802,18.705,18.754,335061,0
2017-01-25,18.734,18.784,18.68,18.715,256715,0
2017-01-26,18.687,18.813,18.687,18.774,267569,0
2017-01-27,18.764,18.794,18.756,18.774,61303,0
2017-01-30,18.744,18.813,18.705,18.784,286990,0
2017-01-31,18.804,18.831,18.774,18.804,220677,0
2017-02-01,18.839,18.905,18.812,18.839,123949,0
2017-02-02,18.839,18.92,18.839,18.877,179425,0
2017-02-03,18.914,19.032,18.877,18.98,251157,0
2017-02-06,18.983,19.032,18.954,19.002,283741,0
2017-02-07,19.012,19.032,18.954,19.012,169222,0
2017-02-08,19.012,19.107,18.992,19.098,281464,0
2017-02-09,19.107,19.126,19.051,19.06,194897,0
2017-02-10,19.04,19.143,19.04,19.129,194912,0
2017-02-13,19.143,19.163,19.094,19.126,238517,0
2017-02-14,19.153,19.173,19.079,19.098,262281,0
2017-02-15,19.079,19.126,19.07,19.117,281579,0
2017-02-16,19.126,19.163,19.098,19.107,197842,0
2017-02-17,19.107,19.117,19.079,19.089,267690,0
2017-02-21,19.153,19.173,19.108,19.163,260832,0
2017-02-22,19.163,19.193,19.126,19.173,180391,0
2017-02-23,19.203,19.222,19.153,19.173,324937,0
2017-02-24,19.203,19.27,19.183,19.222,94686,0
2017-02-27,19.222,19.261,19.203,19.232,297213,0
2017-02-28,19.251,19.251,19.153,19.203,190960,0
2017-03-01,19.225,19.284,19.12,19.206,173413,0
2017-03-02,19.196,19.196,19.136,19.136,131858,0
2017-03-03,19.166,19.183,19.072,19.156,259600,0
2017-03-06,19.127,19.159,19.095,19.12,116088,0
2017-03-07,19.136,19.138,19.082,19.092,155588,0
2017-03-08,19.063,19.082,18.889,18.899,321122,0
2017-03-09,18.889,18.953,18.784,18.831,140048,0
2017-03-10,18.869,18.916,18.831,18.903,108061,0
2017-03-13,18.869,18.965,18.869,18.869,206433,0
2017-03-14,18.869,18.916,18.856,18.869,167554,0
2017-03-15,18.916,19.094,18.889,19.092,218612,0
2017-03-16,19.1,19.136,19.053,19.136,251600,0
2017-03-17,19.11,19.166,19.093,19.136,97842,0
2017-03-20,19.146,19.166,19.072,19.146,251103,0
2017-03-21,19.12,19.127,19.043,19.072,174181,0
2017-03-22,19.1,19.127,19.034,19.1,140228,0
2017-03-23,19.082,19.166,19.082,19.146,179413,0
2017-03-24,19.11,19.186,19.11,19.176,360180,0
2017-03-27,19.146,19.156,19.1,19.156,309835,0
2017-03-28,19.156,19.176,19.12,19.176,115904,0
2017-03-29,19.176,19.216,19.136,19.216,83389,0
2017-03-30,19.216,19.264,19.196,19.255,178567,0
2017-03-31,19.255,19.284,19.216,19.284,168823,0
2017-04-03,19.346,19.393,19.259,19.393,304530,0
2017-04-04,19.354,19.402,19.336,19.402,144912,0
2017-04-05,19.442,19.442,19.323,19.364,83204,0
2017-04-06,19.393,19.412,19.346,19.412,141524,0
2017-04-07,19.422,19.452,19.364,19.412,94983,0
2017-04-10,19.412,19.459,19.412,19.442,93960,0
2017-04-11,19.412,19.442,19.364,19.432,156682,0
2017-04-12,19.402,19.432,19.393,19.432,65956,0
2017-04-13,19.442,19.442,19.317,19.336,322426,0
2017-04-17,19.374,19.442,19.374,19.422,125449,0
2017-04-18,19.393,19.432,19.336,19.432,67697,0
2017-04-19,19.402,19.412,19.354,19.374,70548,0
2017-04-20,19.336,19.393,19.336,19.364,108223,0
2017-04-21,19.383,19.432,19.374,19.432,64521,0
2017-04-24,19.481,19.481,19.442,19.462,119115,0
2017-04-25,19.481,19.5,19.452,19.491,78178,0
2017-04-26,19.481,19.55,19.433,19.51,81372,0
2017-04-27,19.481,19.535,19.481,19.53,64855,0
2017-04-28,19.5,19.541,19.5,19.52,49358,0
2017-05-01,19.549,19.559,19.48,19.519,91455,0
2017-05-02,19.519,19.567,19.486,19.539,152373,0
2017-05-03,19.519,19.539,19.431,19.47,77250,0
2017-05-04,19.509,19.519,19.374,19.392,176414,0
2017-05-05,19.392,19.461,19.382,19.461,69201,0
2017-05-08,19.431,19.49,19.421,19.49,132561,0
2017-05-09,19.509,19.509,19.401,19.431,122124,0
2017-05-10,19.421,19.458,19.42,19.431,82994,0
2017-05-11,19.421,19.458,19.401,19.431,135879,0
2017-05-12,19.451,19.461,19.421,19.461,105234,0
2017-05-15,19.441,19.509,19.441,19.509,86308,0
2017-05-16,19.48,19.498,19.461,19.47,77500,0
2017-05-17,19.47,19.519,19.431,19.451,140619,0
2017-05-18,19.421,19.456,19.382,19.431,103529,0
2017-05-19,19.411,19.519,19.411,19.431,100673,0
2017-05-22,19.461,19.567,19.461,19.549,74083,0
2017-05-23,19.529,19.586,19.511,19.575,97138,0
2017-05-24,19.559,19.575,19.541,19.575,63747,0
2017-05-25,19.595,19.605,19.567,19.595,76599,0
2017-05-26,19.595,19.615,19.595,19.595,60361,0
2017-05-30,19.595,19.615,19.539,19.567,83828,0
2017-05-31,19.559,19.604,19.539,19.585,67457,0
2017-06-01,19.575,19.605,19.508,19.558,187050,0
2017-06-02,19.567,19.654,19.567,19.595,46853,0
2017-06-05,19.634,19.654,19.595,19.634,124532,0
2017-06-06,19.625,19.667,19.585,19.585,72660,0
2017-06-07,19.595,19.664,19.595,19.625,100183,0
2017-06-08,19.605,19.615,19.558,19.575,136584,0
2017-06-09,19.615,19.627,19.575,19.595,79212,0
2017-06-12,19.595,19.605,19.567,19.605,69170,0
2017-06-13,19.625,19.674,19.605,19.674,98073,0
2017-06-14,19.674,19.693,19.615,19.664,158605,0
2017-06-15,19.644,19.703,19.644,19.693,60170,0
2017-06-16,19.703,19.703,19.664,19.684,77056,0
2017-06-19,19.693,19.723,19.693,19.723,111230,0
2017-06-20,19.733,19.742,19.674,19.713,112639,0
2017-06-21,19.733,19.733,19.605,19.637,123237,0
2017-06-22,19.605,19.684,19.605,19.634,123969,0
2017-06-23,19.634,19.684,19.634,19.684,126827,0
2017-06-26,19.693,19.723,19.674,19.723,109618,0
2017-06-27,19.743,19.753,19.634,19.644,291108,0
2017-06-28,19.654,19.693,19.615,19.644,309930,0
2017-06-29,19.644,19.703,19.595,19.605,147488,0
2017-06-30,19.615,19.674,19.615,19.664,128843,0
2017-07-03,19.713,19.743,19.625,19.713,104461,0
2017-07-05,19.664,19.679,19.634,19.644,149875,0
2017-07-06,19.674,19.674,19.615,19.634,138354,0
2017-07-07,19.625,19.693,19.625,19.693,77871,0
2017-07-10,19.625,19.723,19.625,19.684,117099,0
2017-07-11,19.693,19.701,19.644,19.674,134034,0
2017-07-12,19.664,19.713,19.644,19.654,244302,0
2017-07-13,19.674,19.713,19.644,19.684,165768,0
2017-07-14,19.684,19.753,19.684,19.743,71077,0
2017-07-17,19.733,19.763,19.713,19.713,103846,0
2017-07-18,19.713,19.763,19.703,19.743,127422,0
2017-07-19,19.743,19.801,19.743,19.783,74037,0
2017-07-20,19.763,19.811,19.763,19.783,106839,0
2017-07-21,19.783,19.86,19.783,19.86,75913,0
2017-07-24,19.87,19.88,19.825,19.85,99804,0
2017-07-25,19.87,19.87,19.773,19.82,218850,0
2017-07-26,19.792,19.85,19.783,19.84,114230,0
2017-07-27,19.84,19.86,19.811,19.83,70624,0
2017-07-28,19.83,19.87,19.83,19.87,83137,0
2017-07-31,19.87,19.88,19.792,19.792,181550,0
2017-08-01,19.83,19.91,19.811,19.89,102376,0
2017-08-02,19.92,19.93,19.87,19.93,111890,0
2017-08-03,19.93,19.93,19.85,19.86,132120,0
2017-08-04,19.91,19.91,19.84,19.86,76071,0
2017-08-07,19.86,19.91,19.83,19.83,65688,0
2017-08-08,19.84,19.88,19.83,19.85,93805,0
2017-08-09,19.84,19.84,19.773,19.783,133353,0
2017-08-10,19.763,19.784,19.633,19.663,266171,0
2017-08-11,19.693,19.733,19.614,19.693,112345,0
2017-08-14,19.703,19.781,19.703,19.763,53465,0
2017-08-15,19.743,19.781,19.733,19.743,66236,0
2017-08-16,19.773,19.811,19.753,19.753,56212,0
2017-08-17,19.753,19.792,19.705,19.713,163963,0
2017-08-18,19.693,19.773,19.673,19.753,118378,0
2017-08-21,19.723,19.773,19.713,19.763,60541,0
2017-08-22,19.763,19.783,19.748,19.753,71662,0
2017-08-23,19.763,19.811,19.763,19.763,120655,0
2017-08-24,19.763,19.801,19.733,19.783,82302,0
2017-08-25,19.792,19.84,19.773,19.83,61414,0
2017-08-28,19.84,19.84,19.803,19.84,79205,0
2017-08-29,19.83,19.87,19.83,19.86,86803,0
2017-08-30,19.86,19.88,19.811,19.87,68564,0
2017-08-31,19.86,19.91,19.86,19.9,74228,0
2017-09-01,19.9,19.965,19.9,19.94,77385,0
2017-09-05,19.91,19.93,19.87,19.89,110729,0
2017-09-06,19.87,19.91,19.87,19.88,79768,0
2017-09-07,19.91,19.939,19.86,19.88,123010,0
2017-09-08,19.9,19.92,19.811,19.83,95905,0
2017-09-11,19.87,19.93,19.86,19.91,93147,0
2017-09-12,19.93,19.95,19.9,19.93,115246,0
2017-09-13,19.9,19.93,19.86,19.87,91661,0
2017-09-14,19.86,19.89,19.84,19.84,86419,0
2017-09-15,19.86,19.91,19.85,19.89,53584,0
2017-09-18,19.87,19.939,19.801,19.87,84816,0
2017-09-19,19.89,19.917,19.87,19.9,75094,0
2017-09-20,19.91,19.93,19.87,19.89,146351,0
2017-09-21,19.89,19.93,19.86,19.86,133417,0
2017-09-22,19.85,19.889,19.85,19.87,90431,0
2017-09-25,19.86,19.92,19.86,19.89,89750,0
2017-09-26,19.92,19.93,19.884,19.92,116416,0
2017-09-27,19.9,19.92,19.83,19.85,300763,0
2017-09-28,19.89,19.89,19.83,19.84,254841,0
2017-09-29,19.89,19.91,19.845,19.88,168170,0
2017-10-02,19.92,20.01,19.86,19.86,194047,0
2017-10-03,19.84,19.88,19.83,19.847,113969,0
2017-10-04,19.87,19.89,19.835,19.87,155096,0
2017-10-05,19.88,19.89,19.84,19.84,94534,0
2017-10-06,19.83,19.862,19.761,19.761,176787,0
2017-10-09,19.781,19.82,19.741,19.751,161106,0
2017-10-10,19.731,19.801,19.721,19.8,54679,0
2017-10-11,19.771,19.82,19.771,19.82,71483,0
2017-10-12,19.791,19.86,19.781,19.855,117970,0
2017-10-13,19.88,19.92,19.88,19.89,77942,0
2017-10-16,19.89,19.91,19.87,19.9,125949,0
2017-10-17,19.87,19.92,19.85,19.88,104677,0
2017-10-18,19.91,19.91,19.85,19.87,150466,0
2017-10-19,19.87,19.92,19.851,19.92,82799,0
2017-10-20,19.9,19.95,19.9,19.94,78621,0
2017-10-23,19.95,20,19.95,19.98,249309,0
2017-10-24,19.974,19.999,19.93,19.97,75559,0
2017-10-25,19.92,19.929,19.82,19.85,214415,0
2017-10-26,19.86,19.919,19.84,19.88,252071,0
2017-10-27,19.87,19.96,19.87,19.9,76913,0
2017-10-30,19.959,19.959,19.9,19.91,58193,0
2017-10-31,19.93,19.95,19.9,19.94,150396,0
2017-11-01,19.92,20.0024,19.881,19.93,91876,0
2017-11-02,19.9,19.93,19.8111,19.82,335225,0
2017-11-03,19.82,19.9,19.82,19.86,96666,0
2017-11-06,19.85,19.89,19.82,19.85,149847,0
2017-11-07,19.85,19.9,19.8167,19.84,105725,0
2017-11-08,19.9,19.9,19.78,19.81,192484,0
2017-11-09,19.81,19.82,19.72,19.76,230578,0
2017-11-10,19.74,19.769,19.72,19.75,116542,0
