Date,Open,High,Low,Close,Volume,OpenInt
2011-05-10,22.996,23.079,22.996,23.079,1397,0
2011-05-11,22.868,22.959,22.568,22.605,2932,0
2011-05-12,22.521,22.735,22.521,22.706,1820,0
2011-05-16,22.493,22.493,22.493,22.493,103,0
2011-05-18,22.195,22.195,22.195,22.195,332,0
2011-05-23,21.84,21.858,21.813,21.813,2470,0
2011-05-26,22.121,22.297,22.121,22.297,967,0
2011-05-27,22.422,22.488,22.422,22.422,362,0
2011-05-31,22.735,22.735,22.735,22.735,213,0
2011-06-01,22,22.038,22,22.038,213,0
2011-06-02,21.991,21.991,21.748,21.748,321,0
2011-06-03,21.589,21.589,21.589,21.589,537,0
2011-06-06,21.421,21.421,21.421,21.421,103,0
2011-06-08,21.165,21.192,21.165,21.165,321,0
2011-06-13,20.62,20.62,20.62,20.62,856,0
2011-06-14,20.809,21.005,20.809,21.005,1479,0
2011-06-15,20.566,20.828,20.481,20.481,1933,0
2011-06-16,20.472,20.575,20.472,20.575,3544,0
2011-06-17,20.575,20.632,20.427,20.501,28332,0
2011-06-22,21.21,21.21,20.968,20.978,1164,0
2011-06-23,20.558,20.919,20.511,20.903,2544,0
2011-06-24,20.903,20.903,20.652,20.652,1818,0
2011-06-27,20.661,20.725,20.661,20.725,1608,0
2011-06-28,20.912,21.239,20.912,21.22,189201,0
2011-06-29,21.305,21.583,21.305,21.492,73650,0
2011-06-30,21.596,21.831,21.578,21.765,169925,0
2011-07-01,21.807,22.152,21.807,22.152,378554,0
2011-07-05,22.023,22.142,21.995,22.125,146037,0
2011-07-06,21.947,21.995,21.862,21.985,12948,0
2011-07-07,22.33,22.508,22.293,22.469,121529,0
2011-07-08,22.062,22.132,21.901,22.132,12633,0
2011-07-11,21.789,21.789,21.36,21.36,90670,0
2011-07-12,21.333,21.454,21.257,21.257,6527,0
2011-07-13,21.454,21.724,21.434,21.63,69152,0
2011-07-14,21.492,21.565,21.089,21.137,13480,0
2011-07-15,21.165,21.295,21.165,21.295,25421,0
2011-07-18,21.22,21.305,20.828,20.929,41333,0
2011-07-19,21.315,21.547,21.315,21.519,94502,0
2011-07-20,21.648,21.667,21.556,21.658,90193,0
2011-07-21,21.807,21.995,21.807,21.995,93214,0
2011-07-22,21.975,22.132,21.947,22.132,3576,0
2011-07-25,21.967,22.088,21.891,21.967,186348,0
2011-07-26,21.781,21.902,21.781,21.817,94529,0
2011-07-27,21.333,21.387,21.024,21.069,182597,0
2011-07-28,21.182,21.257,20.893,20.893,10289,0
2011-07-29,20.61,20.91,20.61,20.91,5342,0
2011-08-01,20.929,20.929,20.481,20.67,20136,0
2011-08-02,20.62,20.62,20.067,20.097,99180,0
2011-08-03,19.896,19.933,19.336,19.829,447461,0
2011-08-04,19.559,19.559,18.561,18.561,55211,0
2011-08-05,18.747,18.815,17.554,18.075,159985,0
2011-08-08,17.246,17.554,16.052,16.211,235503,0
2011-08-09,16.742,17.145,16.315,17.145,110565,0
2011-08-10,16.768,17.118,16.417,16.417,142468,0
2011-08-11,16.677,17.723,16.677,17.723,13903,0
2011-08-12,17.834,17.9,17.433,17.527,17546,0
2011-08-15,17.816,18.038,17.609,18.038,19332,0
2011-08-16,17.816,18.011,17.554,17.686,88585,0
2011-08-17,17.965,17.965,17.554,17.6,9076,0
2011-08-18,17.04,17.04,16.23,16.362,50730,0
2011-08-19,16.071,16.583,15.893,15.893,4147,0
2011-08-22,16.484,16.484,15.772,15.883,10599,0
2011-08-23,15.855,16.437,15.743,16.437,12430,0
2011-08-24,16.873,16.873,16.825,16.825,6217,0
2011-08-26,16.315,17.032,16.127,16.939,106661,0
2011-08-29,17.489,17.816,17.433,17.816,8082,0
2011-08-30,17.686,18.011,17.686,17.935,81494,0
2011-08-31,18.221,18.436,18.005,18.079,284951,0
2011-09-01,17.935,18.075,17.648,17.648,5192,0
2011-09-02,17.144,17.181,16.869,16.972,32331,0
2011-09-06,16.252,16.737,16.13,16.728,149667,0
2011-09-07,17.188,17.607,17.188,17.607,6073,0
2011-09-08,17.486,17.627,17.234,17.234,3388,0
2011-09-09,16.802,17.046,16.568,16.681,3195,0
2011-09-12,16.564,16.788,16.397,16.788,7033,0
2011-09-13,17.055,17.055,16.989,16.989,3057,0
2011-09-14,17.214,17.533,17.055,17.381,8712,0
2011-09-15,17.676,17.807,17.676,17.807,3015,0
2011-09-16,17.963,17.963,17.607,17.814,7668,0
2011-09-19,17.356,17.356,17.356,17.356,4273,0
2011-09-20,17.561,17.589,17.159,17.159,11299,0
2011-09-21,17.141,17.188,16.318,16.328,69701,0
2011-09-22,15.532,15.542,15.157,15.363,15474,0
2011-09-23,15.249,15.588,15.212,15.437,10357,0
2011-09-26,15.514,15.829,15.494,15.793,2515,0
2011-09-27,16.391,16.718,16.232,16.232,8593,0
2011-09-28,16.262,16.27,15.642,15.671,40699,0
2011-09-29,15.999,15.999,15.773,15.829,53798,0
2011-10-03,14.95,15.019,14.24,14.24,145217,0
2011-10-04,14.005,14.989,13.884,14.989,316388,0
2011-10-05,14.84,15.542,14.84,15.542,32946,0
2011-10-06,15.465,16.018,15.465,16.018,12391,0
2011-10-07,15.971,16.262,15.456,15.662,26675,0
2011-10-10,16.14,16.401,16.14,16.346,12617,0
2011-10-11,16.308,16.596,16.308,16.596,13346,0
2011-10-12,16.792,17.104,16.756,16.97,47751,0
2011-10-13,16.811,16.811,16.497,16.802,5239,0
2011-10-14,17.188,17.224,16.897,17.224,11512,0
2011-10-17,17.085,17.085,16.504,16.539,49692,0
2011-10-18,16.606,17.309,16.46,17.253,221584,0
2011-10-19,17.159,17.243,16.737,16.764,189939,0
2011-10-20,16.625,16.962,16.625,16.927,65839,0
2011-10-21,17.262,17.467,17.253,17.467,53751,0
2011-10-24,17.58,27.592,17.58,18.094,203037,0
2011-10-25,18.019,18.019,17.496,17.589,80963,0
2011-10-26,17.666,18.038,17.486,17.814,15176,0
2011-10-27,18.748,19.122,18.451,18.984,570639,0
2011-10-28,19.003,19.253,18.909,19.187,145282,0
2011-10-31,18.644,18.699,18.341,18.341,84620,0
2011-11-01,17.421,17.851,17.374,17.741,42609,0
2011-11-02,17.861,18.178,17.823,17.981,35354,0
2011-11-03,18.367,18.507,17.971,18.507,17238,0
2011-11-04,18.286,18.503,18.089,18.476,20744,0
2011-11-07,18.554,18.554,18.235,18.451,15022,0
2011-11-08,18.748,18.807,18.347,18.787,155827,0
2011-11-09,18.159,18.178,17.675,17.704,76101,0
2011-11-10,18.853,18.853,17.684,17.851,8556,0
2011-11-11,18.863,18.863,18.198,18.402,43003,0
2011-11-14,18.337,18.337,18.075,18.159,5119,0
2011-11-15,18.038,18.318,17.991,18.29,55543,0
2011-11-16,18.159,18.375,18.01,18.01,20538,0
2011-11-17,18.517,18.517,17.381,17.476,20428,0
2011-11-18,17.597,17.666,17.309,17.43,16648,0
2011-11-21,17.132,17.132,16.625,17.018,54737,0
2011-11-22,16.811,16.917,16.625,16.764,21832,0
2011-11-23,16.374,16.587,15.755,16.204,47667,0
2011-11-25,16.28,16.308,16.055,16.12,16975,0
2011-11-28,16.849,17.036,16.681,16.811,13678,0
2011-11-29,16.83,16.917,16.718,16.84,9886,0
2011-11-30,17.637,18.284,17.598,18.04,114660,0
2011-12-01,17.954,18.075,17.767,17.954,80864,0
2011-12-02,18.258,18.313,18.069,18.069,280122,0
2011-12-05,18.48,18.639,18.282,18.412,404772,0
2011-12-06,18.333,18.446,18.221,18.362,24091,0
2011-12-07,18.107,18.371,18.051,18.371,61647,0
2011-12-08,18.116,18.116,17.545,17.593,58200,0
2011-12-09,17.752,18.079,17.752,18.079,38786,0
2011-12-12,17.656,17.656,17.329,17.329,9455,0
2011-12-13,17.752,17.817,16.981,17.106,134903,0
2011-12-14,16.861,16.889,16.636,16.729,35023,0
2011-12-15,16.944,16.944,16.728,16.728,13102,0
2011-12-16,16.928,17.01,16.775,16.851,5237,0
2011-12-19,16.946,16.946,16.364,16.392,18165,0
2011-12-20,16.963,17.275,16.946,17.275,17883,0
2011-12-21,16.909,17.948,16.909,17.369,43011,0
2011-12-22,17.451,17.678,17.414,17.678,8532,0
2011-12-23,17.669,17.761,17.659,17.761,22398,0
2011-12-27,17.761,17.809,17.669,17.669,39092,0
2011-12-28,17.303,17.743,17.283,17.293,6783,0
2011-12-29,17.369,17.564,17.369,17.554,26795,0
2011-12-30,17.57,17.665,17.57,17.596,60903,0
2012-01-03,18.23,18.387,18.145,18.163,82974,0
2012-01-04,18.079,18.249,17.919,18.203,161698,0
2012-01-05,18.079,18.436,18.014,18.333,33605,0
2012-01-06,18.352,18.397,18.24,18.323,53767,0
2012-01-09,18.378,18.493,18.333,18.333,3314,0
2012-01-10,18.541,18.896,18.427,18.813,273406,0
2012-01-11,18.784,18.971,18.745,18.961,48105,0
2012-01-12,19.019,19.075,18.813,19.038,54576,0
2012-01-13,18.672,18.823,18.635,18.823,28415,0
2012-01-17,19.075,19.075,18.803,18.823,28478,0
2012-01-18,18.784,19.356,18.568,19.356,70897,0
2012-01-19,19.524,19.655,19.505,19.589,48867,0
2012-01-20,19.524,19.571,19.477,19.505,99053,0
2012-01-23,19.74,19.806,19.581,19.645,18228,0
2012-01-24,19.327,19.767,19.252,19.731,289018,0
2012-01-25,19.645,19.975,19.571,19.975,256625,0
2012-01-26,20.002,20.021,19.767,19.767,20932,0
2012-01-27,19.487,19.767,19.487,19.767,249737,0
2012-01-30,19.374,19.581,19.317,19.561,94061,0
2012-01-31,19.691,19.691,19.454,19.482,93048,0
2012-02-01,19.767,19.993,19.589,19.853,127977,0
2012-02-02,19.908,20.03,19.824,19.938,491196,0
2012-02-03,20.302,20.583,20.302,20.537,104147,0
2012-02-06,20.379,20.547,20.379,20.537,35861,0
2012-02-07,20.46,20.621,20.35,20.565,364025,0
2012-02-08,20.65,20.772,20.527,20.669,645803,0
2012-02-09,20.772,20.79,20.565,20.742,87007,0
2012-02-10,20.397,20.489,20.321,20.406,39392,0
2012-02-13,20.687,20.687,20.479,20.66,55706,0
2012-02-14,20.583,20.583,20.292,20.46,20280,0
2012-02-15,20.583,20.631,20.35,20.424,26850,0
2012-02-16,20.424,20.799,20.424,20.781,93585,0
2012-02-17,20.929,20.929,20.732,20.857,23106,0
2012-02-21,20.978,21.006,20.762,20.837,21038,0
2012-02-22,20.837,20.837,20.565,20.565,180232,0
2012-02-23,20.556,20.818,20.556,20.818,18223,0
2012-02-24,20.903,20.903,20.762,20.781,13383,0
2012-02-27,21.156,21.156,20.518,20.781,30596,0
2012-02-28,20.742,20.885,20.434,20.742,394777,0
2012-02-29,20.804,20.863,20.464,20.464,47415,0
2012-03-01,20.601,20.818,20.601,20.66,74589,0
2012-03-02,20.632,20.689,20.416,20.52,28580,0
2012-03-05,20.321,20.321,20.021,20.105,71722,0
2012-03-06,19.75,19.75,19.458,19.524,224284,0
2012-03-07,19.685,19.843,19.685,19.815,164408,0
2012-03-08,19.938,20.202,19.938,20.136,51011,0
2012-03-09,20.229,20.462,20.202,20.293,46019,0
2012-03-12,20.087,20.35,20.067,20.125,10639,0
2012-03-13,20.426,20.783,20.398,20.774,23723,0
2012-03-14,20.829,20.859,20.642,20.698,437762,0
2012-03-15,20.762,21.07,20.732,21.035,178022,0
2012-03-16,21.338,21.338,21.063,21.177,27019,0
2012-03-19,21.169,21.43,21.159,21.28,72174,0
2012-03-20,20.971,21.073,20.839,21.046,108869,0
2012-03-21,21.073,21.112,20.941,20.961,22619,0
2012-03-22,20.725,20.725,20.398,20.49,66576,0
2012-03-23,20.389,20.698,20.389,20.689,89979,0
2012-03-26,20.971,20.971,20.783,20.914,188143,0
2012-03-27,20.971,20.971,20.783,20.791,19373,0
2012-03-28,20.725,20.744,20.398,20.584,115031,0
2012-03-29,20.407,20.51,20.22,20.481,23769,0
2012-03-30,20.662,20.662,20.38,20.566,9557,0
2012-04-02,20.51,20.905,20.51,20.791,34319,0
2012-04-03,20.754,20.754,20.416,20.594,106117,0
2012-04-04,20.351,20.371,20.145,20.22,51426,0
2012-04-05,20.248,20.303,20.058,20.116,67635,0
2012-04-09,19.732,19.796,19.487,19.732,28480,0
2012-04-10,19.599,19.714,18.96,19.241,105729,0
2012-04-11,19.468,19.609,19.468,19.477,6436,0
2012-04-12,19.655,20.068,19.645,20.049,29817,0
2012-04-13,19.882,19.882,19.599,19.599,10346,0
2012-04-16,19.619,19.768,19.432,19.552,35451,0
2012-04-17,19.768,20.013,19.768,19.929,9179,0
2012-04-18,19.787,19.843,19.655,19.675,47903,0
2012-04-19,19.796,19.843,19.505,19.637,80998,0
2012-04-20,19.714,19.74,19.524,19.524,26934,0
2012-04-23,19.213,19.298,19.056,19.27,4221,0
2012-04-24,18.69,19.524,18.624,19.458,18200,0
2012-04-25,19.714,19.778,19.561,19.768,26341,0
2012-04-26,19.768,20.003,19.599,20.003,172635,0
2012-04-27,19.957,20.013,19.834,20.013,12646,0
2012-04-30,19.926,19.926,19.05,19.898,39305,0
2012-05-01,19.919,20.303,19.919,20.126,58546,0
2012-05-02,20.04,20.04,19.882,19.938,201738,0
2012-05-03,19.317,19.929,19.317,19.552,27900,0
2012-05-04,19.384,19.384,19.038,19.1,13752,0
2012-05-07,18.97,19.165,18.942,19.064,151823,0
2012-05-08,18.802,18.895,18.531,18.895,12089,0
2012-05-09,18.492,18.858,18.483,18.849,36959,0
2012-05-10,18.913,18.96,18.714,18.734,22294,0
2012-05-11,18.464,18.868,18.464,18.672,13235,0
2012-05-14,18.36,18.454,18.284,18.294,139328,0
2012-05-15,18.341,18.341,17.965,18.002,42460,0
2012-05-16,18.151,18.256,17.713,17.713,26181,0
2012-05-17,17.759,17.768,17.271,17.309,124882,0
2012-05-18,17.365,17.381,16.997,17.026,289662,0
2012-05-21,17.103,17.533,17.103,17.533,127720,0
2012-05-22,17.571,17.843,17.42,17.542,53798,0
2012-05-23,17.3,17.607,17.13,17.607,505336,0
2012-05-24,17.751,17.751,17.365,17.42,224041,0
2012-05-25,17.542,17.637,17.533,17.58,4950,0
2012-05-29,17.872,18.012,17.788,17.806,15199,0
2012-05-30,17.657,17.657,17.374,17.381,23440,0
2012-05-31,17.335,17.418,16.956,17.287,218781,0
2012-06-01,16.81,16.819,16.536,16.536,465781,0
2012-06-04,16.573,16.593,16.191,16.369,162213,0
2012-06-05,16.436,16.735,16.436,16.726,329982,0
2012-06-06,16.906,17.303,16.906,17.254,30934,0
2012-06-07,17.641,17.679,17.207,17.207,38614,0
2012-06-08,17.16,17.303,16.828,17.303,16496,0
2012-06-11,17.515,17.515,16.817,16.817,40974,0
2012-06-12,16.979,17.18,16.81,17.151,283737,0
2012-06-13,17.105,17.17,16.934,16.944,22503,0
2012-06-14,16.932,17.122,16.875,17.064,18469,0
2012-06-15,17.207,17.394,17.125,17.394,28904,0
2012-06-18,17.235,17.349,17.207,17.321,378567,0
2012-06-19,17.461,17.819,17.451,17.745,246537,0
2012-06-20,17.745,17.95,17.611,17.763,93520,0
2012-06-21,17.745,17.801,17.075,17.075,14811,0
2012-06-22,17.125,17.254,17.105,17.254,4614,0
2012-06-25,16.781,16.8,16.407,16.699,2828,0
2012-06-26,16.642,16.828,16.622,16.828,32447,0
2012-06-27,16.953,17.235,16.944,17.235,16037,0
2012-06-28,17.207,17.311,16.97,17.303,90770,0
2012-06-29,17.797,17.965,17.645,17.965,84183,0
2012-07-02,18.138,18.148,17.772,17.912,470762,0
2012-07-03,18.016,18.317,18.016,18.298,30618,0
2012-07-05,18.167,18.242,18.054,18.102,69630,0
2012-07-06,17.772,17.847,17.689,17.819,43517,0
2012-07-09,17.641,17.641,17.565,17.631,4073,0
2012-07-10,17.67,17.67,17.17,17.245,19223,0
2012-07-11,17.303,17.423,17.235,17.274,44902,0
2012-07-12,16.979,17.142,16.979,17.142,27231,0
2012-07-13,17.254,17.565,17.254,17.528,35892,0
2012-07-16,17.489,17.528,17.331,17.47,53089,0
2012-07-17,17.601,17.67,17.274,17.621,69552,0
2012-07-18,17.731,17.881,17.703,17.767,29281,0
2012-07-19,17.857,17.931,17.801,17.828,28614,0
2012-07-20,17.699,17.745,17.545,17.565,34656,0
2012-07-23,17.151,17.321,17.075,17.321,12346,0
2012-07-24,17.146,17.211,16.956,17.06,53296,0
2012-07-25,17.245,17.245,16.979,16.999,21849,0
2012-07-26,17.509,17.519,17.34,17.479,16818,0
2012-07-27,17.708,18.12,17.611,17.998,24105,0
2012-07-30,17.969,18.054,17.828,17.941,36059,0
2012-07-31,17.9,18.04,17.872,17.89,19479,0
2012-08-01,17.969,17.969,17.801,17.876,32810,0
2012-08-02,17.754,17.819,17.47,17.584,66020,0
2012-08-03,18.063,18.271,18.063,18.215,71357,0
2012-08-06,18.421,18.461,18.347,18.357,60248,0
2012-08-07,18.461,18.846,18.461,18.721,104721,0
2012-08-08,18.601,18.81,18.601,18.741,10233,0
2012-08-09,18.721,18.968,18.721,18.93,20207,0
2012-08-10,18.846,18.958,18.79,18.949,11434,0
2012-08-13,18.828,18.866,18.76,18.866,7167,0
2012-08-14,19.026,19.026,18.79,18.8,6757,0
2012-08-15,18.837,18.902,18.82,18.902,18346,0
2012-08-16,18.921,19.221,18.902,19.155,280104,0
2012-08-17,19.24,19.25,19.164,19.221,184079,0
2012-08-20,19.054,19.182,19.046,19.182,7741,0
2012-08-21,19.365,19.542,19.182,19.212,44109,0
2012-08-22,19.192,19.326,19.092,19.25,1740129,0
2012-08-23,19.155,19.155,18.939,18.939,88667,0
2012-08-24,18.837,19.118,18.82,19.082,98513,0
2012-08-27,19.155,19.155,18.949,18.949,22424,0
2012-08-28,18.93,19.026,18.875,18.93,13291,0
2012-08-29,18.949,18.968,18.8,18.93,13149,0
2012-08-30,18.76,18.76,18.573,18.621,165573,0
2012-08-31,18.766,18.852,18.665,18.786,147496,0
2012-09-04,18.796,18.796,18.503,18.636,91179,0
2012-09-05,18.655,18.674,18.551,18.617,53886,0
2012-09-06,18.746,19.285,18.746,19.208,869392,0
2012-09-07,19.398,19.661,19.398,19.661,25561,0
2012-09-10,19.714,19.768,19.515,19.515,165421,0
2012-09-11,19.589,19.807,19.589,19.807,187980,0
2012-09-12,19.939,20.014,19.844,19.977,81960,0
2012-09-13,19.901,20.522,19.825,20.409,70381,0
2012-09-14,20.566,21.048,20.566,20.879,69891,0
2012-09-17,20.665,22.462,20.473,20.568,878939,0
2012-09-18,20.519,20.575,20.282,20.389,478273,0
2012-09-19,20.435,20.49,20.35,20.425,35419,0
2012-09-20,20.172,20.264,20.02,20.237,427295,0
2012-09-21,20.398,20.398,20.172,20.172,22669,0
2012-09-24,19.973,20.104,19.926,20.038,23971,0
2012-09-25,20.076,20.076,19.521,19.557,299630,0
2012-09-26,19.482,19.482,19.198,19.332,793878,0
2012-09-27,19.501,19.701,19.417,19.661,293344,0
2012-09-28,19.545,19.592,19.442,19.488,86306,0
2012-10-01,19.625,19.822,19.464,19.521,49052,0
2012-10-02,19.605,19.642,19.482,19.539,29387,0
2012-10-03,19.539,19.567,19.436,19.491,9621,0
2012-10-04,19.765,19.841,19.681,19.841,83646,0
2012-10-05,20.001,20.056,19.765,19.812,54843,0
2012-10-08,19.681,19.784,19.681,19.737,26889,0
2012-10-09,19.775,19.831,19.615,19.625,31893,0
2012-10-10,19.615,19.625,19.398,19.436,12367,0
2012-10-11,19.691,19.812,19.642,19.691,1003175,0
2012-10-12,19.625,19.625,19.361,19.454,55970,0
2012-10-15,19.436,19.681,19.436,19.661,47223,0
2012-10-16,19.775,19.991,19.765,19.945,552875,0
2012-10-17,20.011,20.218,19.973,20.211,38155,0
2012-10-18,20.144,20.322,20.114,20.211,32015,0
2012-10-19,20.047,20.066,19.691,19.756,87547,0
2012-10-22,19.747,19.908,19.567,19.765,42499,0
2012-10-23,19.285,19.472,19.236,19.427,40767,0
2012-10-24,19.436,19.445,19.217,19.236,18032,0
2012-10-25,19.361,19.379,19.17,19.332,9997,0
2012-10-26,19.293,19.303,19.088,19.217,25799,0
2012-10-31,19.275,19.275,19.151,19.246,32877,0
2012-11-01,19.342,19.661,19.342,19.661,220642,0
2012-11-02,19.765,19.822,19.361,19.369,147528,0
2012-11-05,19.322,19.577,19.322,19.511,27544,0
2012-11-06,19.634,19.86,19.615,19.784,423526,0
2012-11-07,19.332,19.482,19.06,19.17,325281,0
2012-11-08,19.188,19.303,18.889,18.917,463327,0
2012-11-09,18.806,19.16,18.806,18.88,50511,0
2012-11-12,19.032,19.05,18.917,19.003,36676,0
2012-11-13,18.843,19.114,18.843,18.889,42845,0
2012-11-14,18.955,18.955,18.446,18.513,89607,0
2012-11-15,18.513,18.682,18.077,18.558,66259,0
2012-11-16,18.542,18.674,18.332,18.636,106094,0
2012-11-19,19.114,19.114,18.984,19.105,52724,0
2012-11-20,19.042,19.133,18.945,19.088,13059,0
2012-11-21,19.114,19.188,19.05,19.188,35431,0
2012-11-23,19.246,19.472,19.246,19.464,5715,0
2012-11-26,19.388,19.388,19.227,19.379,63854,0
2012-11-27,19.398,19.398,19.188,19.236,45001,0
2012-11-28,19.088,19.427,18.955,19.427,110710,0
2012-11-29,19.557,19.642,19.445,19.577,153557,0
2012-11-30,19.631,19.631,19.488,19.592,30960,0
2012-12-03,19.747,19.747,19.454,19.482,17004,0
2012-12-04,19.567,19.596,19.379,19.491,40435,0
2012-12-05,19.539,19.728,19.501,19.615,657530,0
2012-12-06,19.681,19.747,19.652,19.737,40268,0
2012-12-07,19.88,19.916,19.793,19.916,31488,0
2012-12-10,19.85,19.973,19.85,19.964,28248,0
2012-12-11,20.056,20.218,20.056,20.153,32199,0
2012-12-12,20.264,20.406,20.181,20.218,43670,0
2012-12-13,20.201,20.264,20.011,20.066,33412,0
2012-12-14,20.047,20.172,20.047,20.104,354343,0
2012-12-17,20.264,20.37,20.191,20.37,88953,0
2012-12-18,20.452,20.83,20.452,20.83,58716,0
2012-12-19,20.85,20.923,20.745,20.745,99545,0
2012-12-20,20.735,20.915,20.735,20.897,181179,0
2012-12-21,20.481,20.664,20.472,20.654,73738,0
2012-12-24,20.549,20.567,20.511,20.559,22079,0
2012-12-26,20.614,20.72,20.529,20.539,10862,0
2012-12-27,20.549,20.559,20.2,20.481,36366,0
2012-12-28,20.282,20.398,20.172,20.181,123239,0
2012-12-31,20.308,20.754,20.232,20.744,73424,0
2013-01-02,21.268,21.346,21.127,21.346,115131,0
2013-01-03,21.278,21.552,21.268,21.372,492192,0
2013-01-04,21.419,21.684,21.419,21.665,83192,0
2013-01-07,21.552,21.608,21.477,21.58,45402,0
2013-01-08,21.525,21.525,21.278,21.399,47684,0
2013-01-09,21.497,21.562,21.372,21.449,107078,0
2013-01-10,21.599,21.656,21.439,21.646,38549,0
2013-01-11,21.59,21.59,21.458,21.571,74786,0
2013-01-14,21.429,21.477,21.399,21.467,5351,0
2013-01-15,21.419,21.636,21.419,21.628,21283,0
2013-01-16,21.608,21.674,21.599,21.646,245610,0
2013-01-17,21.733,21.911,21.733,21.854,73014,0
2013-01-18,21.892,21.931,21.76,21.921,87757,0
2013-01-22,21.94,22.157,21.854,22.157,88143,0
2013-01-23,22.167,22.177,22.047,22.137,296665,0
2013-01-24,22.206,22.366,22.093,22.186,80082,0
2013-01-25,22.328,22.432,22.262,22.432,86712,0
2013-01-28,22.479,22.479,22.216,22.318,83838,0
2013-01-29,22.282,22.403,22.243,22.346,131130,0
2013-01-30,22.356,22.422,22.216,22.216,89260,0
2013-01-31,22.235,22.412,22.129,22.337,5043248,0
2013-02-01,22.451,22.65,22.412,22.565,582289,0
2013-02-04,22.412,22.469,22.291,22.318,55311,0
2013-02-05,22.461,22.632,22.432,22.594,161080,0
2013-02-06,22.422,22.632,22.412,22.632,49440,0
2013-02-07,22.632,22.632,22.299,22.509,99356,0
2013-02-08,22.536,22.622,22.536,22.622,62307,0
2013-02-11,22.622,22.679,22.546,22.65,100670,0
2013-02-12,22.697,22.898,22.697,22.851,88379,0
2013-02-13,22.871,22.954,22.792,22.861,49034,0
2013-02-14,22.821,23.039,22.744,23.01,34421,0
2013-02-15,22.99,23.049,22.744,22.821,71521,0
2013-02-19,22.841,23.02,22.841,23.02,46742,0
2013-02-20,22.973,23.01,22.337,22.366,324300,0
2013-02-21,22.243,22.243,21.817,22.008,222249,0
2013-02-22,22.216,22.243,22.027,22.243,76991,0
2013-02-25,22.384,22.412,21.497,21.497,100291,0
2013-02-26,21.525,21.704,21.363,21.636,355758,0
2013-02-27,21.665,22.056,21.59,21.978,64144,0
2013-02-28,21.989,22.149,21.941,21.941,161276,0
2013-03-01,21.769,21.959,21.645,21.862,368792,0
2013-03-04,21.835,21.921,21.713,21.902,58317,0
2013-03-05,22.157,22.356,22.083,22.225,135917,0
2013-03-06,22.451,22.49,22.328,22.403,77792,0
2013-03-07,22.48,22.651,22.461,22.632,102428,0
2013-03-08,22.773,22.89,22.687,22.842,79571,0
2013-03-11,22.821,22.982,22.762,22.982,128173,0
2013-03-12,22.983,23.031,22.822,22.926,202866,0
2013-03-13,22.991,23.011,22.862,22.983,73640,0
2013-03-14,23.104,23.191,23.069,23.153,34598,0
2013-03-15,23.143,23.21,23.069,23.143,101446,0
2013-03-18,22.822,23.021,22.716,22.881,101537,0
2013-03-19,22.926,22.926,22.461,22.632,117255,0
2013-03-20,22.842,22.926,22.745,22.862,48013,0
2013-03-21,22.687,22.755,22.509,22.527,41756,0
2013-03-22,22.566,22.613,22.499,22.575,67555,0
2013-03-25,22.697,22.726,22.346,22.461,33697,0
2013-03-26,22.603,22.651,22.509,22.641,23798,0
2013-03-27,22.412,22.632,22.366,22.622,61499,0
2013-03-28,22.594,22.68,22.556,22.67,49926,0
2013-04-01,22.632,22.68,22.282,22.328,634690,0
2013-04-02,22.337,22.385,22.12,22.167,65677,0
2013-04-03,22.196,22.196,21.683,21.75,132372,0
2013-04-04,21.779,21.872,21.703,21.826,23668,0
2013-04-05,21.457,21.817,21.326,21.807,46806,0
2013-04-08,21.853,22.083,21.713,22.083,49315,0
2013-04-09,22.111,22.451,22.065,22.366,48965,0
2013-04-10,22.451,22.661,22.375,22.632,52342,0
2013-04-11,22.518,22.812,22.518,22.68,1122260,0
2013-04-12,22.585,22.585,22.282,22.403,55421,0
2013-04-15,22.235,22.235,21.466,21.466,96315,0
2013-04-16,21.693,21.93,21.589,21.93,159069,0
2013-04-17,21.683,21.683,21.191,21.361,73436,0
2013-04-18,21.379,21.466,21.086,21.2,201065,0
2013-04-19,21.276,21.379,21.116,21.379,53644,0
2013-04-22,21.448,21.543,21.116,21.505,33482,0
2013-04-23,21.598,21.902,21.598,21.834,41408,0
2013-04-24,21.939,22.235,21.892,22.186,84210,0
2013-04-25,22.318,22.622,22.318,22.403,75674,0
2013-04-26,22.375,22.375,22.177,22.291,52822,0
2013-04-29,22.432,22.546,22.366,22.499,37590,0
2013-04-30,22.415,22.587,22.33,22.587,27610,0
2013-05-01,22.509,22.509,22.235,22.282,57845,0
2013-05-02,22.366,22.697,22.366,22.641,64431,0
2013-05-03,22.936,23.294,22.908,23.153,212676,0
2013-05-06,23.219,23.465,23.219,23.4,162767,0
2013-05-07,23.55,23.638,23.372,23.598,111755,0
2013-05-08,23.608,23.871,23.57,23.871,142222,0
2013-05-09,23.852,23.968,23.742,23.78,64716,0
2013-05-10,23.835,24.007,23.742,24.007,111041,0
2013-05-13,23.928,24.014,23.891,23.938,146790,0
2013-05-14,23.968,24.348,23.968,24.348,223826,0
2013-05-15,24.28,24.48,24.226,24.415,39684,0
2013-05-16,24.28,24.405,24.14,24.168,50230,0
2013-05-17,24.358,24.638,24.309,24.629,109487,0
2013-05-20,24.594,24.877,24.594,24.755,217797,0
2013-05-21,24.783,24.868,24.62,24.715,102589,0
2013-05-22,24.764,25.021,24.178,24.3,128576,0
2013-05-23,23.891,24.319,23.798,24.29,164170,0
2013-05-24,24.082,24.208,23.919,24.198,139778,0
2013-05-28,24.567,24.668,24.368,24.49,91242,0
2013-05-29,24.364,24.496,24.213,24.401,187228,0
2013-05-30,24.538,24.735,24.387,24.586,88010,0
2013-05-31,24.517,24.657,24.166,24.166,85226,0
2013-06-03,24.28,24.338,23.79,24.208,912508,0
2013-06-04,24.222,24.392,23.839,23.963,136446,0
2013-06-05,23.933,23.933,23.545,23.545,80900,0
2013-06-06,23.582,23.876,23.468,23.866,58249,0
2013-06-07,24.106,24.24,23.923,24.232,155698,0
2013-06-10,24.28,24.29,24.12,24.243,76163,0
2013-06-11,24.019,24.057,23.765,23.765,59465,0
2013-06-12,23.911,24.033,23.455,23.492,56546,0
2013-06-13,23.482,24.052,23.482,24.014,41892,0
2013-06-14,24.019,24.067,23.707,23.755,49791,0
2013-06-17,23.997,24.208,23.948,24.091,4117438,0
2013-06-18,24.126,24.42,24.126,24.364,257666,0
2013-06-19,24.42,24.42,24.047,24.047,45477,0
2013-06-20,23.876,23.876,23.26,23.347,230579,0
2013-06-21,23.516,23.516,22.987,23.318,140042,0
2013-06-24,23.089,23.089,22.482,22.835,259292,0
2013-06-25,23.214,23.27,23.004,23.241,173386,0
2013-06-26,23.45,23.486,23.278,23.413,107307,0
2013-06-27,23.661,23.839,23.642,23.746,155678,0
2013-06-28,23.632,23.765,23.516,23.565,56496,0
2013-07-01,23.737,24.002,23.737,23.839,49259,0
2013-07-02,23.896,24.029,23.69,23.849,116117,0
2013-07-03,23.707,23.866,23.642,23.794,43878,0
2013-07-05,23.943,24.173,23.83,24.173,56582,0
2013-07-08,24.374,24.374,24.136,24.155,79185,0
2013-07-09,24.267,24.457,24.267,24.42,71992,0
2013-07-10,24.401,24.467,24.305,24.42,62835,0
2013-07-11,24.77,24.826,24.634,24.789,113541,0
2013-07-12,24.816,24.884,24.76,24.845,66035,0
2013-07-15,24.97,24.97,24.874,24.913,41171,0
2013-07-16,24.98,24.98,24.634,24.751,105985,0
2013-07-17,24.854,24.903,24.741,24.864,45906,0
2013-07-18,24.951,25.227,24.951,25.179,232346,0
2013-07-19,25.092,25.237,25.047,25.237,49156,0
2013-07-22,25.35,25.35,25.197,25.285,116518,0
2013-07-23,25.369,25.388,25.169,25.217,71674,0
2013-07-24,25.237,25.237,24.826,24.913,64612,0
2013-07-25,24.835,24.98,24.732,24.942,31916,0
2013-07-26,24.826,24.826,24.617,24.789,103885,0
2013-07-29,24.77,24.78,24.582,24.664,60464,0
2013-07-30,24.751,24.835,24.702,24.826,74601,0
2013-07-31,24.808,25.083,24.808,24.864,66951,0
2013-08-01,25.179,25.493,25.179,25.433,122720,0
2013-08-02,25.397,25.503,25.275,25.493,29072,0
2013-08-05,25.415,25.56,25.359,25.443,42072,0
2013-08-06,25.473,25.473,25.12,25.189,74632,0
2013-08-07,25.129,25.129,24.845,25,61084,0
2013-08-08,25.207,25.303,25.038,25.257,43593,0
2013-08-09,25.257,25.379,25.197,25.313,76263,0
2013-08-12,25.275,25.379,25.227,25.295,32148,0
2013-08-13,25.388,25.443,25.207,25.407,37071,0
2013-08-14,25.397,25.433,25.275,25.275,74885,0
2013-08-15,25.092,25.092,24.76,24.942,76046,0
2013-08-16,24.884,25.047,24.835,24.903,73303,0
2013-08-19,24.894,24.894,24.467,24.496,53342,0
2013-08-20,24.457,24.874,24.411,24.77,71044,0
2013-08-21,24.674,24.816,24.534,24.591,30665,0
2013-08-22,24.741,25.303,24.741,25.028,57336,0
2013-08-23,25.075,25.092,24.932,25.075,24548,0
2013-08-26,25.066,25.217,24.961,24.961,34838,0
2013-08-27,24.674,24.674,24.295,24.315,66844,0
2013-08-28,24.267,24.572,24.257,24.467,61347,0
2013-08-29,24.449,24.712,24.449,24.534,94864,0
2013-08-30,24.608,24.608,24.276,24.324,40026,0
2013-09-03,24.647,24.819,24.489,24.611,28492,0
2013-09-04,24.676,25.032,24.676,24.984,70910,0
2013-09-05,25.078,25.183,25.069,25.105,69533,0
2013-09-06,25.251,25.307,24.974,25.133,48781,0
2013-09-09,25.207,25.605,25.207,25.569,119168,0
2013-09-10,25.818,25.895,25.726,25.858,114055,0
2013-09-11,25.803,25.995,25.721,25.995,65899,0
2013-09-12,25.986,26.005,25.74,25.76,113496,0
2013-09-13,25.828,25.828,25.677,25.808,53372,0
2013-09-16,26.23,26.23,25.958,25.995,164862,0
2013-09-17,26.047,26.144,26.038,26.115,82806,0
2013-09-18,26.135,26.542,26.019,26.447,406355,0
2013-09-19,26.572,26.62,26.255,26.304,176719,0
2013-09-20,26.362,26.382,25.971,26.029,205377,0
2013-09-23,25.925,25.925,25.61,25.745,89931,0
2013-09-24,25.735,26.087,25.677,25.867,42904,0
2013-09-25,25.867,26.105,25.867,25.962,43111,0
2013-09-26,26.077,26.077,25.867,25.962,62178,0
2013-09-27,25.867,25.886,25.755,25.808,66859,0
2013-09-30,25.438,25.763,25.41,25.697,140482,0
2013-10-01,25.677,26.009,25.677,25.944,446896,0
2013-10-02,25.781,26.057,25.745,26.047,59074,0
2013-10-03,26.009,26.009,25.555,25.798,226488,0
2013-10-04,25.838,26.144,25.781,26.096,104224,0
2013-10-07,25.781,25.962,25.763,25.763,33618,0
2013-10-08,25.745,25.818,25.259,25.269,174082,0
2013-10-09,25.317,25.401,24.994,25.279,74888,0
2013-10-10,25.648,26.009,25.648,25.971,80500,0
2013-10-11,25.925,26.284,25.915,26.21,175240,0
2013-10-14,25.808,26.353,25.808,26.334,179521,0
2013-10-15,26.314,26.409,26.057,26.144,109752,0
2013-10-16,26.372,26.581,26.304,26.562,205577,0
2013-10-17,26.437,26.877,26.437,26.867,160214,0
2013-10-18,27.017,27.159,26.896,27.149,234333,0
2013-10-21,27.14,27.265,26.997,27.075,192353,0
2013-10-22,27.228,27.446,27.111,27.312,148210,0
2013-10-23,27.121,27.121,26.837,26.951,196267,0
2013-10-24,27.007,27.149,26.877,27.149,93696,0
2013-10-25,27.159,27.237,27.065,27.237,150090,0
2013-10-28,27.228,27.274,27.121,27.219,95819,0
2013-10-29,27.219,27.446,27.219,27.446,53365,0
2013-10-30,27.475,27.511,27.104,27.284,79814,0
2013-10-31,27.219,27.361,27.085,27.131,193515,0
2013-11-01,27.237,27.284,26.997,27.237,78852,0
2013-11-04,27.379,27.511,27.312,27.511,92674,0
2013-11-05,27.437,27.437,27.247,27.37,73718,0
2013-11-06,27.437,27.475,27.159,27.255,228659,0
2013-11-07,27.407,27.407,26.714,26.743,167627,0
2013-11-08,26.887,27.274,26.857,27.274,43878,0
2013-11-11,27.255,27.379,27.209,27.341,51207,0
2013-11-12,27.322,27.341,27.095,27.209,90772,0
2013-11-13,27.149,27.55,27.149,27.541,262966,0
2013-11-14,27.579,27.723,27.446,27.723,219240,0
2013-11-15,27.723,27.835,27.703,27.797,154409,0
2013-11-18,27.883,27.903,27.501,27.589,96267,0
2013-11-19,27.599,27.666,27.351,27.398,157715,0
2013-11-20,27.465,27.616,27.265,27.361,199337,0
2013-11-21,27.541,27.777,27.465,27.753,53369,0
2013-11-22,27.761,27.864,27.723,27.854,56151,0
2013-11-25,27.913,27.913,27.723,27.777,40710,0
2013-11-26,27.835,27.971,27.787,27.874,52833,0
2013-11-27,27.951,28.028,27.903,28.008,46992,0
2013-11-29,28.046,28.092,27.932,27.961,41886,0
2013-12-02,27.998,28.139,27.835,27.913,93067,0
2013-12-03,27.761,27.903,27.599,27.713,85571,0
2013-12-04,27.589,27.844,27.398,27.684,66157,0
2013-12-05,27.693,27.693,27.493,27.521,164014,0
2013-12-06,27.807,27.913,27.743,27.835,50839,0
2013-12-09,27.874,28.073,27.874,27.903,56192,0
2013-12-10,27.844,28.111,27.844,27.922,52698,0
2013-12-11,27.942,27.942,27.37,27.398,87364,0
2013-12-12,27.427,27.521,27.322,27.407,2057855,0
2013-12-13,27.437,27.589,27.389,27.511,218826,0
2013-12-16,27.743,27.951,26.969,27.883,72718,0
2013-12-17,27.951,27.951,27.753,27.864,73284,0
2013-12-18,27.961,28.339,27.626,28.319,249491,0
2013-12-19,28.264,28.368,28.227,28.348,106851,0
2013-12-20,28.436,28.635,28.426,28.576,66722,0
2013-12-23,28.682,28.818,28.682,28.788,66072,0
2013-12-24,28.808,28.933,28.788,28.903,22227,0
2013-12-26,28.988,29.075,28.96,29.035,123677,0
2013-12-27,29.085,29.085,28.969,29.016,77715,0
2013-12-30,29.105,29.105,28.969,28.988,81835,0
2013-12-31,29.065,29.189,29.065,29.189,53100,0
2014-01-02,29.113,29.113,28.808,28.855,546902,0
2014-01-03,28.903,29.016,28.808,28.874,126105,0
2014-01-06,28.978,28.978,28.7,28.779,61842,0
2014-01-07,28.846,29.007,28.846,28.951,119551,0
2014-01-08,28.997,29.105,28.942,29.065,92175,0
2014-01-09,29.179,29.199,28.951,29.105,123707,0
2014-01-10,29.169,29.217,29.055,29.217,40669,0
2014-01-13,29.169,29.169,28.576,28.643,159287,0
2014-01-14,28.73,29.121,28.73,29.113,123962,0
2014-01-15,29.179,29.217,29.095,29.179,137091,0
2014-01-16,29.179,29.179,28.997,29.161,94123,0
2014-01-17,29.169,29.209,29.007,29.035,71407,0
2014-01-21,29.225,29.225,28.874,29.055,74943,0
2014-01-22,29.095,29.209,29.065,29.209,75453,0
2014-01-23,29.065,29.065,28.662,28.828,94645,0
2014-01-24,28.559,28.559,27.881,27.901,367377,0
2014-01-27,27.93,28.055,27.376,27.721,381375,0
2014-01-28,27.825,28.139,27.825,28.111,85156,0
2014-01-29,27.785,28.148,27.751,27.863,113523,0
2014-01-30,28.254,28.368,28.148,28.292,135662,0
2014-01-31,27.843,28.319,27.843,28.119,103137,0
2014-02-03,27.969,28.101,27.233,27.291,295180,0
2014-02-04,27.404,27.673,27.272,27.606,434107,0
2014-02-05,27.508,27.597,27.195,27.518,112503,0
2014-02-06,27.508,28.017,27.508,27.998,58451,0
2014-02-07,28.197,28.463,28.035,28.426,189623,0
2014-02-10,28.463,28.463,28.292,28.387,69628,0
2014-02-11,28.493,28.818,28.426,28.74,722173,0
2014-02-12,28.798,28.942,28.769,28.808,674368,0
2014-02-13,28.549,29.035,28.533,29.016,96789,0
2014-02-14,29.045,29.189,28.951,29.131,411394,0
2014-02-18,29.141,29.331,29.131,29.314,216439,0
2014-02-19,29.217,29.493,29.095,29.131,120152,0
2014-02-20,29.161,29.351,29.065,29.314,99072,0
2014-02-21,29.389,29.493,29.351,29.351,1874859,0
2014-02-24,29.399,29.845,29.399,29.62,339711,0
2014-02-25,29.571,29.675,29.417,29.551,73484,0
2014-02-26,29.417,29.694,29.417,29.532,8283883,0
2014-02-27,29.512,29.713,29.446,29.657,674289,0
2014-02-28,29.638,29.875,29.522,29.723,290850,0
2014-03-03,29.38,29.561,29.294,29.437,143106,0
2014-03-04,29.761,30.008,29.761,29.98,116513,0
2014-03-05,29.998,30.077,29.97,30.018,43740,0
2014-03-06,30.134,30.286,30.125,30.191,74270,0
2014-03-07,30.286,30.371,30.047,30.163,81527,0
2014-03-10,30.144,30.144,29.855,30.057,69001,0
2014-03-11,30.087,30.173,29.713,29.796,123842,0
2014-03-12,29.6,29.796,29.474,29.779,89915,0
2014-03-13,29.865,29.875,29.189,29.285,125156,0
2014-03-14,29.209,29.399,29.169,29.255,102885,0
2014-03-17,29.446,29.638,29.437,29.532,90715,0
2014-03-18,29.638,29.895,29.6,29.875,74293,0
2014-03-19,29.942,29.98,29.647,29.826,31079,0
2014-03-20,29.742,30.077,29.694,30.018,52430,0
2014-03-21,30.174,30.25,29.886,29.924,77400,0
2014-03-24,29.999,30.009,29.492,29.666,40007,0
2014-03-25,29.789,29.933,29.581,29.761,296764,0
2014-03-26,29.943,29.943,29.37,29.37,305244,0
2014-03-27,29.293,29.445,29.119,29.225,53036,0
2014-03-28,29.303,29.666,29.303,29.436,39984,0
2014-03-31,29.638,29.827,29.61,29.789,186410,0
2014-04-01,29.933,30.174,29.915,30.165,405600,0
2014-04-02,30.221,30.383,30.146,30.346,235923,0
2014-04-03,30.383,30.383,30.089,30.231,46214,0
2014-04-04,30.346,30.393,29.61,29.675,756927,0
2014-04-07,29.6,29.6,28.9,29.063,197464,0
2014-04-08,29.073,29.244,28.843,29.197,63028,0
2014-04-09,29.303,29.666,29.234,29.666,96161,0
2014-04-10,29.591,29.638,28.825,28.861,71655,0
2014-04-11,28.602,28.852,28.353,28.383,257775,0
2014-04-14,28.565,28.834,28.449,28.717,107749,0
2014-04-15,28.949,28.986,28.373,28.939,42053,0
2014-04-16,29.197,29.416,29.111,29.416,82742,0
2014-04-17,29.454,29.703,29.454,29.61,32074,0
2014-04-21,29.62,29.713,29.542,29.694,36691,0
2014-04-22,29.742,30.069,29.723,29.981,29552,0
2014-04-23,30.039,30.039,29.886,29.943,167793,0
2014-04-24,30.099,30.146,29.742,29.961,814822,0
2014-04-25,29.807,29.807,29.416,29.473,103039,0
2014-04-28,29.551,29.629,28.976,29.303,73180,0
2014-04-29,29.436,29.61,29.416,29.561,814742,0
2014-04-30,29.542,29.836,29.482,29.836,254208,0
2014-05-01,29.752,30.009,29.694,29.789,82238,0
2014-05-02,29.971,30.136,29.817,29.876,33608,0
2014-05-05,29.675,29.866,29.512,29.846,50562,0
2014-05-06,29.807,29.866,29.551,29.551,37255,0
2014-05-07,29.685,29.685,29.293,29.675,53421,0
2014-05-08,29.6,29.981,29.492,29.581,1843686,0
2014-05-09,29.61,29.647,29.37,29.551,160292,0
2014-05-12,29.666,30.136,29.638,30.118,80398,0
2014-05-13,30.126,30.268,30.059,30.089,159998,0
2014-05-14,30.009,30.009,29.78,29.807,34049,0
2014-05-15,29.6,29.685,29.033,29.313,33961,0
2014-05-16,29.35,29.416,29.119,29.407,15085,0
2014-05-19,29.331,29.703,29.331,29.685,27851,0
2014-05-20,29.629,29.629,29.234,29.379,30238,0
2014-05-21,29.426,29.694,29.426,29.675,28103,0
2014-05-22,29.77,29.999,29.685,29.876,73702,0
2014-05-23,29.906,30.174,29.906,30.155,53127,0
2014-05-27,30.241,30.487,30.241,30.459,88754,0
2014-05-28,30.536,30.536,30.365,30.44,1171503,0
2014-05-29,30.546,30.613,30.403,30.594,43429,0
2014-05-30,30.632,30.632,30.374,30.507,261880,0
2014-06-02,30.575,30.671,30.317,30.661,44783,0
2014-06-03,30.556,30.681,30.487,30.671,92440,0
2014-06-04,30.652,30.902,30.623,30.854,164352,0
2014-06-05,30.949,31.101,30.805,31.054,24100,0
2014-06-06,31.177,31.418,31.177,31.418,180282,0
2014-06-09,31.418,31.568,31.32,31.438,59023,0
2014-06-10,31.458,31.458,31.284,31.448,893273,0
2014-06-11,31.284,31.408,31.236,31.378,56615,0
2014-06-12,31.388,31.428,30.996,31.101,59260,0
2014-06-13,31.148,31.255,30.959,31.187,31279,0
2014-06-16,31.111,31.284,31.035,31.255,379258,0
2014-06-17,31.246,31.578,31.226,31.532,125663,0
2014-06-18,31.506,31.763,31.368,31.763,30615,0
2014-06-19,31.801,31.801,31.54,31.657,62164,0
2014-06-20,31.738,31.758,31.661,31.738,29399,0
2014-06-23,31.728,31.767,31.671,31.708,33403,0
2014-06-24,31.795,32.064,31.562,31.622,56343,0
2014-06-25,31.48,31.824,31.48,31.814,106459,0
2014-06-26,31.861,31.861,31.517,31.814,166415,0
2014-06-27,31.738,31.891,31.728,31.871,21315,0
2014-06-30,31.871,31.996,31.861,31.919,191510,0
2014-07-01,31.996,32.42,31.996,32.351,294024,0
2014-07-02,32.341,32.4,32.256,32.312,550860,0
2014-07-03,32.429,32.622,32.4,32.594,62678,0
2014-07-07,32.475,32.475,32.188,32.207,49457,0
2014-07-08,32.139,32.207,31.671,31.832,49739,0
2014-07-09,31.881,32.074,31.861,32.045,60124,0
2014-07-10,31.535,31.949,31.48,31.824,56723,0
2014-07-11,31.699,31.959,31.699,31.929,39854,0
2014-07-14,32.331,32.331,32.074,32.198,64745,0
2014-07-15,32.217,32.217,31.824,32.005,35217,0
2014-07-16,32.198,32.198,31.9,32.025,384773,0
2014-07-17,31.9,31.959,31.411,31.451,176420,0
2014-07-18,31.671,31.891,31.543,31.881,74335,0
2014-07-21,31.738,31.852,31.651,31.805,180637,0
2014-07-22,31.978,32.101,31.919,32.055,234995,0
2014-07-23,32.11,32.227,32.055,32.207,32368,0
2014-07-24,32.198,32.246,32.139,32.158,39805,0
2014-07-25,32.015,32.064,31.909,31.959,29032,0
2014-07-28,32.025,32.025,31.661,31.805,91475,0
2014-07-29,31.852,32.015,31.708,31.728,45462,0
2014-07-30,31.814,31.891,31.602,31.728,82490,0
2014-07-31,31.47,31.517,30.98,31.008,203625,0
2014-08-01,30.98,31.161,30.624,30.894,105294,0
2014-08-04,31.017,31.278,30.846,31.18,449083,0
2014-08-05,31.123,31.278,30.807,30.941,98977,0
2014-08-06,30.721,31.151,30.702,30.988,62259,0
2014-08-07,31.18,31.18,30.653,30.731,45390,0
2014-08-08,30.807,31.17,30.807,31.141,23230,0
2014-08-11,31.258,31.451,31.249,31.322,27007,0
2014-08-12,31.361,31.381,31.074,31.19,504576,0
2014-08-13,31.371,31.553,31.322,31.5,50514,0
2014-08-14,31.517,31.708,31.5,31.708,55258,0
2014-08-15,31.861,31.861,31.381,31.661,33130,0
2014-08-18,31.9,32.074,31.881,32.055,83907,0
2014-08-19,32.188,32.256,32.168,32.227,56579,0
2014-08-20,32.158,32.42,32.158,32.38,64056,0
2014-08-21,32.38,32.475,32.266,32.4,74918,0
2014-08-22,32.331,32.544,32.331,32.484,73348,0
2014-08-25,32.632,32.763,32.632,32.703,84159,0
2014-08-26,32.733,32.868,32.694,32.802,149609,0
2014-08-27,32.743,32.763,32.64,32.713,33231,0
2014-08-28,32.554,32.64,32.429,32.594,35820,0
2014-08-29,32.675,32.763,32.554,32.713,31828,0
2014-09-02,32.763,32.934,32.685,32.831,90626,0
2014-09-03,32.974,32.974,32.703,32.743,309357,0
2014-09-04,32.86,33.003,32.594,32.657,63770,0
2014-09-05,32.647,32.763,32.439,32.753,32953,0
2014-09-08,32.743,32.86,32.603,32.763,104911,0
2014-09-09,32.743,32.772,32.4,32.42,34616,0
2014-09-10,32.429,32.666,32.39,32.632,23785,0
2014-09-11,32.484,32.666,32.467,32.657,321546,0
2014-09-12,32.657,32.675,32.429,32.544,97854,0
2014-09-15,32.564,32.612,32.158,32.266,60499,0
2014-09-16,32.11,32.603,32.101,32.554,699119,0
2014-09-17,32.657,32.733,32.38,32.594,39284,0
2014-09-18,32.723,32.877,32.723,32.841,78208,0
2014-09-19,33.002,33.002,32.512,32.638,84551,0
2014-09-22,32.552,32.63,32.043,32.156,45172,0
2014-09-23,31.984,32.234,31.937,31.976,1216658,0
2014-09-24,32.062,32.359,31.917,32.359,21977,0
2014-09-25,32.196,32.254,31.736,31.784,145019,0
2014-09-26,31.907,32.156,31.86,32.09,23265,0
2014-09-29,31.765,32.062,31.659,31.984,202155,0
2014-09-30,31.994,32.053,31.746,31.85,36711,0
2014-10-01,31.746,31.746,31.12,31.168,902704,0
2014-10-02,31.246,31.358,30.746,31.246,103543,0
2014-10-03,31.515,31.803,31.497,31.726,77338,0
2014-10-06,31.84,31.86,31.477,31.57,51926,0
2014-10-07,31.187,31.408,30.882,30.882,1256490,0
2014-10-08,30.967,31.477,30.544,31.438,105669,0
2014-10-09,31.368,31.368,30.534,30.602,93491,0
2014-10-10,30.485,30.592,29.802,29.802,187295,0
2014-10-13,29.842,30.025,29.076,29.096,288472,0
2014-10-14,29.374,29.661,29.096,29.287,151077,0
2014-10-15,28.807,29.344,28.335,29.248,514746,0
2014-10-16,28.892,29.566,28.442,29.411,212333,0
2014-10-17,29.939,30.18,29.718,29.92,214691,0
2014-10-20,29.882,30.247,29.882,30.247,77203,0
2014-10-21,30.63,31.13,30.524,31.11,129013,0
2014-10-22,31.1,31.216,30.689,30.699,247638,0
2014-10-23,31.11,31.497,31.014,31.216,87471,0
2014-10-24,31.216,31.507,31.091,31.497,104559,0
2014-10-27,31.448,31.497,31.158,31.458,73400,0
2014-10-28,31.58,32.043,31.58,32.023,90703,0
2014-10-29,32.072,32.108,31.678,31.898,114449,0
2014-10-30,31.879,32.244,31.746,32.138,195916,0
2014-10-31,32.82,32.82,32.542,32.656,221582,0
2014-11-03,32.762,32.859,32.601,32.646,91028,0
2014-11-04,32.388,32.582,32.274,32.492,63868,0
2014-11-05,32.742,32.742,32.465,32.562,391988,0
2014-11-06,32.532,32.762,32.427,32.752,73659,0
2014-11-07,32.646,32.781,32.62,32.712,29844,0
2014-11-10,32.781,32.923,32.781,32.923,100285,0
2014-11-11,32.992,33.032,32.886,32.943,249465,0
2014-11-12,32.81,32.953,32.781,32.933,23427,0
2014-11-13,32.992,33.042,32.702,32.915,61882,0
2014-11-14,32.923,32.963,32.771,32.923,33249,0
2014-11-17,32.876,32.876,32.665,32.742,56514,0
2014-11-18,33.022,33.166,32.915,33.089,249698,0
2014-11-19,32.973,33.032,32.801,32.923,23298,0
2014-11-20,32.81,33.08,32.702,33.002,61856,0
2014-11-21,33.369,33.425,33.156,33.225,194009,0
2014-11-24,33.396,33.425,33.31,33.415,157963,0
2014-11-25,33.491,33.559,33.291,33.405,38147,0
2014-11-26,33.359,33.444,33.329,33.415,48289,0
2014-11-28,33.243,33.378,33.042,33.061,163547,0
2014-12-01,32.886,33.012,32.408,32.562,229818,0
2014-12-02,32.63,32.886,32.63,32.83,92683,0
2014-12-03,32.85,33.215,32.85,33.185,392052,0
2014-12-04,33.109,33.215,32.953,33.119,380608,0
2014-12-05,33.156,33.349,33.156,33.243,108745,0
2014-12-08,33.225,33.282,32.742,32.85,74582,0
2014-12-09,32.378,32.923,32.31,32.915,112809,0
2014-12-10,32.742,32.85,32.166,32.205,44522,0
2014-12-11,32.283,32.752,32.264,32.302,37545,0
2014-12-12,31.937,32.156,31.697,31.697,119339,0
2014-12-15,31.937,31.984,31.339,31.497,91960,0
2014-12-16,31.216,31.879,31.091,31.1,70317,0
2014-12-17,31.13,31.967,31.13,31.869,94035,0
2014-12-18,32.474,32.771,32.398,32.752,228702,0
2014-12-19,32.926,33.229,32.87,33.122,46449,0
2014-12-22,33.209,33.209,32.956,33.112,59354,0
2014-12-23,33.238,33.238,33.122,33.132,132197,0
2014-12-24,33.189,33.267,33.102,33.199,21567,0
2014-12-26,33.229,33.382,33.229,33.295,38391,0
2014-12-29,33.247,33.42,33.247,33.382,38168,0
2014-12-30,33.189,33.305,33.142,33.16,21008,0
2014-12-31,33.199,33.276,32.889,32.889,32967,0
2015-01-02,33.132,33.132,32.622,32.812,36432,0
2015-01-05,32.686,32.686,31.839,31.956,74904,0
2015-01-06,31.946,31.993,31.173,31.425,314134,0
2015-01-07,31.686,31.878,31.578,31.734,103003,0
2015-01-08,32.128,32.419,32.108,32.399,96267,0
2015-01-09,32.428,32.543,31.984,32.108,47273,0
2015-01-12,31.975,32.146,31.578,31.647,211739,0
2015-01-13,32.052,32.186,31.299,31.531,76769,0
2015-01-14,31.134,31.317,30.819,31.252,114144,0
2015-01-15,31.365,31.425,30.663,30.663,53629,0
2015-01-16,30.742,31.232,30.596,31.212,62377,0
2015-01-20,31.435,31.435,31.011,31.346,72980,0
2015-01-21,31.173,31.714,31.173,31.647,73013,0
2015-01-22,31.782,32.215,31.474,32.138,350636,0
2015-01-23,32.176,32.176,31.966,32.002,162863,0
2015-01-26,31.888,32.225,31.859,32.215,46753,0
2015-01-27,31.772,32.072,31.608,31.821,99807,0
2015-01-28,32.032,32.032,31.282,31.282,77732,0
2015-01-29,31.252,31.705,31.087,31.695,61141,0
2015-01-30,31.465,31.811,31.356,31.405,50869,0
2015-02-02,31.514,31.811,31.116,31.782,371781,0
2015-02-03,32.082,32.475,31.966,32.457,42449,0
2015-02-04,32.234,32.448,32.176,32.196,57115,0
2015-02-05,32.35,32.573,32.293,32.523,31486,0
2015-02-06,32.622,32.754,32.428,32.428,229699,0
2015-02-09,32.264,32.438,32.225,32.264,43867,0
2015-02-10,31.647,32.724,31.608,32.704,33883,0
2015-02-11,32.658,32.764,32.533,32.658,37046,0
2015-02-12,32.976,33.276,32.976,33.267,39135,0
2015-02-13,33.295,33.564,33.295,33.554,183258,0
2015-02-17,33.468,33.718,33.468,33.66,114484,0
2015-02-18,33.477,33.727,33.468,33.679,27107,0
2015-02-19,33.621,33.931,33.614,33.872,37470,0
2015-02-20,33.891,34.181,33.679,34.181,61716,0
2015-02-23,33.98,34.036,33.862,33.961,100639,0
2015-02-24,33.998,34.094,33.911,34.055,15876,0
2015-02-25,33.921,34.209,33.911,34.143,37880,0
2015-02-26,34.153,34.199,33.824,33.931,23213,0
2015-02-27,34.016,34.016,33.756,33.766,36291,0
2015-03-02,33.756,33.989,33.679,33.971,911732,0
2015-03-03,33.766,33.921,33.727,33.834,61953,0
2015-03-04,33.727,33.747,33.343,33.66,1370091,0
2015-03-05,33.604,33.718,33.574,33.718,38601,0
2015-03-06,33.545,33.766,33.189,33.238,71499,0
2015-03-09,33.276,33.305,33.102,33.209,751406,0
2015-03-10,32.87,32.879,32.503,32.503,501007,0
2015-03-11,32.553,32.724,32.483,32.632,79488,0
2015-03-12,32.714,33.005,32.714,33.005,53958,0
2015-03-13,32.861,32.918,32.448,32.754,369736,0
2015-03-16,32.899,33.189,32.793,33.189,672747,0
2015-03-17,33.083,33.17,32.899,33.092,32274,0
2015-03-18,32.966,33.776,32.909,33.65,54377,0
2015-03-19,33.449,33.477,33.219,33.391,43583,0
2015-03-20,33.61,33.868,33.61,33.782,24966,0
2015-03-23,33.782,33.849,33.6,33.6,40314,0
2015-03-24,33.58,33.665,33.482,33.492,33369,0
2015-03-25,33.454,33.58,32.941,32.941,73788,0
2015-03-26,32.739,33.107,32.709,32.904,50989,0
2015-03-27,32.913,32.971,32.788,32.931,40730,0
2015-03-30,33.29,33.396,33.127,33.358,55860,0
2015-03-31,33.049,33.3,33.049,33.097,26155,0
2015-04-01,33.069,33.078,32.768,32.98,339610,0
2015-04-02,33.02,33.29,32.931,33.194,75239,0
2015-04-06,33.194,33.675,33.088,33.56,38760,0
2015-04-07,33.675,33.743,33.482,33.482,37157,0
2015-04-08,33.714,33.714,33.502,33.619,24872,0
2015-04-09,33.743,33.947,33.59,33.917,28242,0
2015-04-10,33.927,33.947,33.849,33.937,27462,0
2015-04-13,34.013,34.052,33.849,33.849,21037,0
2015-04-14,33.947,34.022,33.772,34.004,37206,0
2015-04-15,34.188,34.582,34.13,34.505,52298,0
2015-04-16,34.351,34.563,34.294,34.439,32715,0
2015-04-17,34.09,34.15,33.84,33.994,97934,0
2015-04-20,34.265,34.351,34.226,34.265,36774,0
2015-04-21,34.467,34.467,34.169,34.226,58838,0
2015-04-22,34.14,34.495,34.14,34.429,13711,0
2015-04-23,34.381,34.689,34.381,34.582,34303,0
2015-04-24,34.429,34.543,34.331,34.39,38346,0
2015-04-27,34.449,34.553,34.159,34.178,35029,0
2015-04-28,34.15,34.313,34.11,34.304,872398,0
2015-04-29,34.14,34.505,34.14,34.381,527500,0
2015-04-30,34.275,34.322,33.868,33.994,1245792,0
2015-05-01,34.331,34.4,34.13,34.331,181154,0
2015-05-04,34.419,34.534,34.304,34.371,48708,0
2015-05-05,34.419,34.543,33.937,33.957,130892,0
2015-05-06,34.13,34.13,33.56,33.772,75734,0
2015-05-07,33.695,33.82,33.55,33.782,42481,0
2015-05-08,34.15,34.265,34.004,34.236,472781,0
2015-05-11,34.246,34.294,34.1,34.12,95033,0
2015-05-12,33.84,34.042,33.782,33.967,21300,0
2015-05-13,34.11,34.188,33.976,34.004,52646,0
2015-05-14,34.322,34.322,34.061,34.169,73064,0
2015-05-15,34.236,34.256,34.042,34.12,370249,0
2015-05-18,34.09,34.322,34.071,34.304,184347,0
2015-05-19,34.236,34.284,33.897,33.957,191414,0
2015-05-20,34.013,34.08,33.792,33.937,147782,0
2015-05-21,34.052,34.265,34.032,34.206,62386,0
2015-05-22,34.246,34.256,34.1,34.15,41452,0
2015-05-26,34.061,34.061,33.541,33.59,99012,0
2015-05-27,33.695,33.976,33.59,33.937,960175,0
2015-05-28,33.868,33.868,33.56,33.723,48095,0
2015-05-29,33.6,33.647,33.445,33.502,30675,0
2015-06-01,33.502,33.647,33.318,33.492,479501,0
2015-06-02,33.482,33.849,33.435,33.685,372596,0
2015-06-03,33.665,33.907,33.647,33.656,2572004,0
2015-06-04,33.464,33.55,33.252,33.3,42388,0
2015-06-05,33.318,33.6,33.204,33.522,180325,0
2015-06-08,33.396,33.454,33.175,33.214,26737,0
2015-06-09,33.318,33.358,33.147,33.204,59486,0
2015-06-10,33.435,33.762,33.435,33.675,30819,0
2015-06-11,33.772,33.772,33.61,33.619,36550,0
2015-06-12,33.541,33.541,33.328,33.406,17100,0
2015-06-15,33.107,33.318,32.99,33.214,58552,0
2015-06-16,33.271,33.435,33.204,33.396,76482,0
2015-06-17,33.6,33.619,33.281,33.445,60730,0
2015-06-18,33.58,33.849,33.58,33.704,59072,0
2015-06-19,33.739,33.739,33.497,33.497,99899,0
2015-06-22,33.798,33.875,33.739,33.856,27143,0
2015-06-23,33.944,33.944,33.817,33.904,73230,0
2015-06-24,33.865,33.865,33.565,33.595,12798,0
2015-06-25,33.565,33.575,33.313,33.352,10423,0
2015-06-26,33.218,33.322,33.12,33.256,29929,0
2015-06-29,32.819,32.954,32.334,32.334,123637,0
2015-06-30,32.663,32.711,32.423,32.498,46417,0
2015-07-01,32.829,32.829,32.344,32.452,354292,0
2015-07-02,32.548,32.588,32.344,32.423,46133,0
2015-07-06,32.085,32.354,31.898,32.045,157693,0
2015-07-07,31.889,32.314,31.374,32.287,54078,0
2015-07-08,31.803,31.985,31.317,31.424,45203,0
2015-07-09,31.879,31.985,31.618,31.667,82974,0
2015-07-10,32.005,32.005,31.744,31.928,401250,0
2015-07-13,32.121,32.314,32.093,32.305,41178,0
2015-07-14,32.354,32.598,32.354,32.528,33883,0
2015-07-15,32.538,32.538,32.085,32.199,45705,0
2015-07-16,32.364,32.488,32.344,32.423,10940,0
2015-07-17,32.452,32.452,32.121,32.189,641812,0
2015-07-20,32.159,32.238,31.938,31.938,42417,0
2015-07-21,31.948,32.075,31.783,31.86,46336,0
2015-07-22,31.637,31.695,31.539,31.608,77401,0
2015-07-23,31.812,31.86,31.464,31.503,69558,0
2015-07-24,31.404,31.444,30.708,30.814,89888,0
2015-07-27,30.455,30.571,30.261,30.339,121984,0
2015-07-28,30.629,31.036,30.367,30.987,45408,0
2015-07-29,31.026,31.345,30.959,31.317,40351,0
2015-07-30,31.036,31.345,31.036,31.345,23943,0
2015-07-31,31.364,31.414,31.131,31.161,43449,0
2015-08-03,31.123,31.151,30.804,30.883,37970,0
2015-08-04,30.987,31.161,30.892,30.997,36947,0
2015-08-05,31.28,31.53,31.074,31.103,109500,0
2015-08-06,30.959,31.084,30.824,30.997,20380,0
2015-08-07,30.902,31.064,30.678,30.785,849558,0
2015-08-10,31.22,31.598,31.21,31.578,25076,0
2015-08-11,31.22,31.22,30.94,31.103,65985,0
2015-08-12,30.765,31.28,30.503,31.21,13210,0
2015-08-13,31.045,31.113,30.978,30.978,29103,0
2015-08-14,31.103,31.103,30.902,31.026,309089,0
2015-08-17,30.883,31.22,30.785,31.21,19918,0
2015-08-18,31.123,31.191,30.94,31.016,43345,0
2015-08-19,30.883,30.883,30.329,30.542,35812,0
2015-08-20,30.242,30.329,29.603,29.66,58720,0
2015-08-21,29.313,29.495,28.651,28.67,176371,0
2015-08-24,27.053,28.488,26.105,27.402,269117,0
2015-08-25,28.498,28.498,26.957,26.957,255114,0
2015-08-26,27.744,28.062,27.189,28.003,400423,0
2015-08-27,28.528,29.331,28.528,29.264,65327,0
2015-08-28,29.37,29.679,29.37,29.515,20539,0
2015-08-31,29.34,29.757,29.166,29.584,32095,0
2015-09-01,28.779,29.09,28.401,28.498,39321,0
2015-09-02,28.943,28.982,28.411,28.972,16307,0
2015-09-03,29.08,29.613,28.992,29.09,104028,0
2015-09-04,28.68,28.769,28.556,28.67,22189,0
2015-09-08,29.303,29.603,29.09,29.603,9082,0
2015-09-09,29.873,30.018,29.1,29.147,27762,0
2015-09-10,29.264,29.505,28.972,29.293,34756,0
2015-09-11,29.1,29.175,28.846,29.175,12280,0
2015-09-14,29.224,29.224,28.952,29.08,17029,0
2015-09-15,29.175,29.574,29.175,29.515,43138,0
2015-09-16,29.613,30.068,29.613,30.048,13932,0
2015-09-17,30.068,30.445,29.853,29.863,62057,0
2015-09-18,29.402,29.486,29.061,29.101,17680,0
2015-09-21,29.216,29.441,29.091,29.149,12432,0
2015-09-22,28.699,28.699,28.389,28.537,27536,0
2015-09-23,28.593,28.593,28.126,28.155,6986,0
2015-09-24,27.893,28.097,27.542,28,43138,0
2015-09-25,28.35,28.37,27.795,27.951,22399,0
2015-09-28,27.729,27.729,26.862,26.902,24039,0
2015-09-29,26.822,27.251,26.784,26.931,302597,0
2015-09-30,27.338,27.699,27.261,27.68,27948,0
2015-10-01,27.834,27.864,27.454,27.775,16132,0
2015-10-02,27.406,28.537,27.318,28.537,51169,0
2015-10-05,28.769,29.431,28.769,29.353,55099,0
2015-10-06,29.363,29.607,29.276,29.558,36373,0
2015-10-07,29.828,30.161,29.528,30.044,48498,0
2015-10-08,30.034,30.598,29.868,30.511,58054,0
2015-10-09,30.588,30.618,30.249,30.404,33805,0
2015-10-12,30.267,30.287,29.984,30.122,11881,0
2015-10-13,29.975,30.219,29.655,29.683,23221,0
2015-10-14,29.888,30.024,29.742,29.965,7912,0
2015-10-15,29.994,30.384,29.798,30.384,27434,0
2015-10-16,30.287,30.365,29.908,30.151,20652,0
2015-10-19,29.937,30.024,29.723,29.888,17262,0
2015-10-20,29.994,30.171,29.888,29.97,15433,0
2015-10-21,30.113,30.113,29.742,29.742,10993,0
2015-10-22,30.171,30.384,30.074,30.209,50759,0
2015-10-23,30.453,30.588,30.296,30.55,17365,0
2015-10-26,30.326,30.345,30.171,30.18,11096,0
2015-10-27,29.908,29.947,29.673,29.838,12432,0
2015-10-28,30.151,30.355,29.965,30.326,81482,0
2015-10-29,30.2,30.365,30.171,30.258,11406,0
2015-10-30,30.404,30.754,30.355,30.55,29901,0
2015-11-02,30.55,31.084,30.55,30.987,50897,0
2015-11-03,30.997,31.456,30.997,31.281,30516,0
2015-11-04,31.386,31.386,31.007,31.104,15827,0
2015-11-05,31.054,31.202,30.892,30.997,6370,0
2015-11-06,30.997,31.104,30.892,31.104,5036,0
2015-11-09,30.883,30.883,30.727,30.853,12140,0
2015-11-10,30.687,30.697,30.423,30.608,19111,0
2015-11-11,30.598,30.598,30.267,30.267,4110,0
2015-11-12,29.878,30.044,29.664,29.664,61753,0
2015-11-13,29.655,29.828,29.392,29.528,24968,0
2015-11-16,29.469,30.064,29.441,30.064,37915,0
2015-11-17,30.044,30.316,29.947,29.984,20242,0
2015-11-18,30.18,30.657,30.18,30.657,47882,0
2015-11-19,30.559,30.569,30.404,30.453,16338,0
2015-11-20,30.578,30.578,30.316,30.345,13871,0
2015-11-23,30.394,30.578,30.296,30.384,44798,0
2015-11-24,30.306,30.813,30.306,30.727,21577,0
2015-11-25,30.53,30.843,30.53,30.707,7398,0
2015-11-27,30.559,30.608,30.54,30.598,8322,0
2015-11-30,30.628,30.784,30.628,30.677,6679,0
2015-12-01,30.784,31.054,30.784,31.054,40135,0
2015-12-02,31.007,31.064,30.443,30.453,19702,0
2015-12-03,30.667,30.667,29.888,29.956,17287,0
2015-12-04,29.918,30.258,29.781,30.171,107887,0
2015-12-07,29.918,29.918,29.197,29.305,18391,0
2015-12-08,28.895,29.246,28.828,29.012,22708,0
2015-12-09,29.061,29.558,28.709,28.953,38737,0
2015-12-10,29.111,29.363,29.071,29.168,5960,0
2015-12-11,28.69,28.69,28.185,28.185,21783,0
2015-12-14,28.155,28.155,27.709,27.981,20481,0
2015-12-15,28.097,28.68,28.097,28.65,10686,0
2015-12-16,28.818,28.973,28.497,28.915,23221,0
2015-12-17,28.983,28.983,28.195,28.225,26819,0
2015-12-18,28.027,28.104,27.684,27.684,120909,0
2015-12-21,27.87,27.978,27.724,27.948,19307,0
2015-12-22,28.124,28.369,28.036,28.31,53761,0
2015-12-23,28.651,29.211,28.651,29.211,14609,0
2015-12-24,29.181,29.3,29.102,29.211,7754,0
2015-12-28,28.946,28.946,28.565,28.73,252267,0
2015-12-29,29.006,29.153,28.94,29.133,37879,0
2015-12-30,28.946,29.074,28.76,28.77,20801,0
2015-12-31,28.671,28.888,28.603,28.661,19329,0
2016-01-04,28.144,28.388,27.899,28.388,17485,0
2016-01-05,28.545,28.545,28.173,28.301,25136,0
2016-01-06,27.734,27.734,27.116,27.31,52356,0
2016-01-07,26.705,26.96,26.273,26.323,59435,0
2016-01-08,26.519,26.637,25.891,25.891,28882,0
2016-01-11,25.99,26.03,25.125,25.441,71720,0
2016-01-12,25.755,25.891,25.019,25.471,120861,0
2016-01-13,25.618,25.735,24.317,24.457,28116,0
2016-01-14,24.581,25.158,24.051,25.001,64146,0
2016-01-15,24.051,24.247,23.729,24.209,145352,0
2016-01-19,24.531,24.647,23.572,23.837,37796,0
2016-01-20,23.377,23.954,22.662,23.671,315607,0
2016-01-21,23.661,24.423,23.622,24.051,267766,0
2016-01-22,24.687,24.89,24.376,24.628,29214,0
2016-01-25,24.541,24.541,23.796,23.798,20096,0
2016-01-26,24.101,24.464,23.803,24.405,21859,0
2016-01-27,24.405,24.767,24.051,24.21,268986,0
2016-01-28,24.647,24.707,24.081,24.317,239987,0
2016-01-29,24.502,25.138,24.502,25.138,27505,0
2016-02-01,24.757,25.121,24.667,24.983,16334,0
2016-02-02,24.667,24.667,24.004,24.081,21932,0
2016-02-03,24.395,24.677,23.542,24.637,52302,0
2016-02-04,24.647,25.461,24.647,24.844,21067,0
2016-02-05,24.697,24.814,24.229,24.297,9714,0
2016-02-08,23.847,23.847,23.101,23.454,24781,0
2016-02-09,23.044,23.406,22.869,23.16,30774,0
2016-02-10,23.367,23.681,23.111,23.111,30612,0
2016-02-11,22.614,22.916,22.299,22.652,32573,0
2016-02-12,23.034,23.542,22.849,23.513,36766,0
2016-02-16,23.954,24.18,23.691,24.17,50749,0
2016-02-17,24.473,24.993,24.473,24.914,23596,0
2016-02-18,25.069,25.069,24.502,24.571,78462,0
2016-02-19,24.425,24.425,24.229,24.366,9796,0
2016-02-22,24.854,25.227,24.854,25.227,50990,0
2016-02-23,25.05,25.059,24.474,24.475,5762,0
2016-02-24,23.965,24.795,23.88,24.795,14405,0
2016-02-25,24.581,24.924,24.571,24.924,19398,0
2016-02-26,25.551,25.657,25.257,25.384,82607,0
2016-02-29,25.421,25.579,25.148,25.178,13559,0
2016-03-01,25.491,26.01,25.197,26.01,59348,0
2016-03-02,25.882,26.724,25.882,26.724,44974,0
2016-03-03,26.657,27.384,26.657,27.384,26357,0
2016-03-04,27.605,28.361,27.399,27.918,166597,0
2016-03-07,27.781,28.405,27.781,28.213,235536,0
2016-03-08,27.928,27.928,26.902,26.902,20698,0
2016-03-09,27.263,27.38,26.804,27.214,50348,0
2016-03-10,27.233,27.243,26.842,27.174,6908,0
2016-03-11,27.714,28.144,27.714,28.124,71503,0
2016-03-14,27.948,28.046,27.694,27.978,101304,0
2016-03-15,27.635,27.635,27.233,27.536,102749,0
2016-03-16,27.566,28.114,27.566,28.114,33435,0
2016-03-17,28.163,28.651,27.948,28.507,144503,0
2016-03-18,28.782,28.948,28.625,28.762,29674,0
2016-03-21,28.663,28.859,28.479,28.732,17239,0
2016-03-22,28.469,28.879,28.469,28.752,21098,0
2016-03-23,28.595,28.635,27.822,27.831,80639,0
2016-03-24,27.43,27.851,27.238,27.851,12767,0
2016-03-28,27.929,27.929,27.517,27.755,233678,0
2016-03-29,27.507,27.956,27.272,27.929,18442,0
2016-03-30,28.214,28.331,27.919,28.075,19635,0
2016-03-31,27.998,28.204,27.949,28.204,18458,0
2016-04-01,27.831,28.075,27.626,28.047,428155,0
2016-04-04,27.796,28.115,27.677,27.715,9930,0
2016-04-05,27.44,27.603,27.381,27.42,10692,0
2016-04-06,27.587,27.919,27.342,27.9,11978,0
2016-04-07,27.705,27.939,27.312,27.479,258663,0
2016-04-08,27.949,28.105,27.782,27.822,247411,0
2016-04-11,28.125,28.371,28.037,28.037,65285,0
2016-04-12,28.224,29.016,28.219,28.879,17022,0
2016-04-13,29.116,29.525,29.116,29.467,39681,0
2016-04-14,29.477,29.477,29.331,29.407,11421,0
2016-04-15,29.282,29.312,29.066,29.193,24032,0
2016-04-18,28.869,29.516,28.673,29.438,48261,0
2016-04-19,29.635,29.983,29.625,29.879,26678,0
2016-04-20,29.879,30.437,29.839,30.242,80752,0
2016-04-21,30.3,30.467,30.076,30.124,35476,0
2016-04-22,30.202,30.605,30.202,30.525,37849,0
2016-04-25,30.349,30.427,29.921,30.066,499659,0
2016-04-26,30.28,30.525,30.255,30.525,16955,0
2016-04-27,30.84,31.054,30.593,31.006,54834,0
2016-04-28,30.81,30.996,30.34,30.368,44682,0
2016-04-29,30.388,30.545,29.701,30.056,36933,0
2016-05-02,30.27,30.27,29.732,30.046,413895,0
2016-05-03,29.615,29.62,29.096,29.252,236003,0
2016-05-04,29.127,29.282,28.547,28.762,395904,0
2016-05-05,29.036,29.203,28.693,28.752,44393,0
2016-05-06,28.557,28.832,28.509,28.625,237084,0
2016-05-09,28.635,28.635,28.085,28.164,50175,0
2016-05-10,28.311,28.755,28.311,28.742,15976,0
2016-05-11,28.683,29.101,28.595,28.802,13558,0
2016-05-12,28.938,28.938,28.321,28.519,17510,0
2016-05-13,28.321,28.585,28.085,28.1,19951,0
2016-05-16,28.351,28.663,28.351,28.557,20357,0
2016-05-17,28.585,29.021,28.499,28.673,105814,0
2016-05-18,28.575,29.017,28.519,28.575,52019,0
2016-05-19,28.42,28.558,28.154,28.539,15319,0
2016-05-20,28.899,28.968,28.792,28.879,33531,0
2016-05-23,28.972,29.056,28.909,28.938,13383,0
2016-05-24,29.155,29.438,29.057,29.428,50704,0
2016-05-25,29.879,30.004,29.799,29.948,32423,0
2016-05-26,30.134,30.134,29.74,29.789,12201,0
2016-05-27,29.723,29.929,29.713,29.919,23709,0
2016-05-31,30.086,30.27,29.922,30.056,520588,0
2016-06-01,29.596,30.183,29.586,30.124,400271,0
2016-06-02,29.992,30.242,29.986,30.232,13209,0
2016-06-03,30.124,30.124,29.683,29.948,10078,0
2016-06-06,30.124,30.613,30.115,30.555,267986,0
2016-06-07,30.583,30.889,30.457,30.733,24851,0
2016-06-08,30.899,30.992,30.723,30.738,7856,0
2016-06-09,30.27,30.408,30.222,30.368,48213,0
2016-06-10,29.996,29.996,29.34,29.447,15313,0
2016-06-13,29.262,29.654,29.145,29.155,231168,0
2016-06-14,29.331,29.331,28.663,28.938,13978,0
2016-06-15,29.026,29.428,28.969,29.017,18440,0
2016-06-16,28.752,28.85,28.262,28.832,32051,0
2016-06-17,29.07,29.141,28.952,29.09,6618,0
2016-06-20,29.777,29.854,29.474,29.491,40883,0
2016-06-21,29.581,29.656,29.316,29.62,11230,0
2016-06-22,29.718,29.825,29.511,29.511,55325,0
2016-06-23,29.905,30.307,29.887,30.307,49801,0
2016-06-24,28.363,29.1,28.216,28.313,113324,0
2016-06-27,27.891,27.891,26.68,26.797,148983,0
2016-06-28,27.391,27.793,27.36,27.755,23696,0
2016-06-29,28.156,28.57,28.076,28.521,42565,0
2016-06-30,28.578,28.834,28.255,28.834,806256,0
2016-07-01,28.735,29.216,28.735,29.03,213704,0
2016-07-05,28.598,28.598,27.891,28.086,39730,0
2016-07-06,27.881,28.304,27.705,28.294,220312,0
2016-07-07,28.531,28.853,28.166,28.353,36063,0
2016-07-08,28.735,29.11,28.686,29.012,122111,0
2016-07-11,29.246,29.423,29.159,29.177,75062,0
2016-07-12,29.659,30.259,29.659,30.18,32718,0
2016-07-13,30.2,30.297,29.757,29.992,48235,0
2016-07-14,30.395,30.405,30.158,30.287,33882,0
2016-07-15,30.385,30.464,30.249,30.327,29576,0
2016-07-18,30.327,30.543,30.171,30.513,16083,0
2016-07-19,30.375,30.375,30.141,30.219,35772,0
2016-07-20,30.209,30.58,30.012,30.513,48042,0
2016-07-21,30.572,30.838,30.385,30.415,44180,0
2016-07-22,30.503,30.513,30.287,30.493,24554,0
2016-07-25,30.415,30.464,30.171,30.267,462271,0
2016-07-26,30.209,30.641,30.209,30.621,31660,0
2016-07-27,30.838,30.911,30.327,30.464,164205,0
2016-07-28,30.346,30.553,30.307,30.513,41794,0
2016-07-29,30.267,30.651,30.161,30.631,33787,0
2016-08-01,30.473,30.473,30.022,30.072,35752,0
2016-08-02,30.239,30.239,29.537,29.915,54739,0
2016-08-03,29.825,30.493,29.787,30.493,100798,0
2016-08-04,30.464,30.601,30.267,30.415,37978,0
2016-08-05,30.631,31.005,30.621,30.965,60895,0
2016-08-08,31.082,31.338,31.072,31.112,97366,0
2016-08-09,31.201,31.246,30.975,31.034,29557,0
2016-08-10,30.995,31.014,30.631,30.691,40744,0
2016-08-11,30.878,31.194,30.788,31.112,53783,0
2016-08-12,31.082,31.118,30.927,31.053,28954,0
2016-08-15,31.201,31.544,31.201,31.487,527083,0
2016-08-16,31.427,31.534,31.299,31.407,25533,0
2016-08-17,31.387,31.421,31.201,31.407,60522,0
2016-08-18,31.554,31.849,31.534,31.849,18733,0
2016-08-19,31.731,31.83,31.663,31.799,64001,0
2016-08-22,31.623,31.643,31.437,31.623,42052,0
2016-08-23,31.721,32.026,31.721,31.977,26055,0
2016-08-24,31.917,32.026,31.533,31.554,514847,0
2016-08-25,31.534,31.744,31.507,31.633,28886,0
2016-08-26,31.781,32.036,31.534,31.751,35050,0
2016-08-29,31.761,32.016,31.751,31.937,66483,0
2016-08-30,31.937,32.152,31.811,31.986,2124636,0
2016-08-31,31.878,31.957,31.468,31.682,124430,0
2016-09-01,31.663,31.771,31.299,31.554,954347,0
2016-09-02,31.829,31.888,31.731,31.801,113086,0
2016-09-06,31.859,31.946,31.633,31.907,219379,0
2016-09-07,31.986,32.142,31.986,32.104,455020,0
2016-09-08,32.172,32.527,32.046,32.487,134658,0
2016-09-09,32.202,32.344,31.573,31.583,105914,0
2016-09-12,31.328,32.17,31.23,32.123,174073,0
2016-09-13,31.751,31.751,31.131,31.308,1189764,0
2016-09-14,31.309,31.554,31.014,31.151,223326,0
2016-09-15,31.25,31.721,31.161,31.613,123347,0
2016-09-16,31.44,31.47,31.225,31.44,48181,0
2016-09-19,31.667,31.785,31.341,31.38,472844,0
2016-09-20,31.51,31.51,31.223,31.223,66226,0
2016-09-21,31.43,31.815,31.425,31.785,44616,0
2016-09-22,32.07,32.167,31.941,32.02,66402,0
2016-09-23,31.892,32.089,31.597,31.696,40476,0
2016-09-26,31.577,31.676,31.322,31.322,37368,0
2016-09-27,31.243,31.46,31.027,31.46,67820,0
2016-09-28,31.597,32.157,31.275,32.145,55776,0
2016-09-29,32.138,32.482,31.71,31.887,110864,0
2016-09-30,32.05,32.492,32.018,32.335,157346,0
2016-10-03,32.345,32.394,32.139,32.335,6016470,0
2016-10-04,32.463,32.532,32.138,32.247,247408,0
2016-10-05,32.453,32.984,32.453,32.861,450035,0
2016-10-06,32.876,32.924,32.572,32.797,365197,0
2016-10-07,32.837,32.837,32.414,32.562,164318,0
2016-10-10,32.827,33.034,32.807,32.845,259652,0
2016-10-11,32.688,32.688,31.901,32.108,187806,0
2016-10-12,32.07,32.187,31.901,32.01,253142,0
2016-10-13,31.686,31.812,31.229,31.667,98890,0
2016-10-14,31.931,32.109,31.672,31.683,78265,0
2016-10-17,31.647,31.755,31.38,31.45,116923,0
2016-10-18,31.892,31.91,31.63,31.795,202221,0
2016-10-19,31.911,32.335,31.911,32.247,161489,0
2016-10-20,32.138,32.394,32.025,32.305,531872,0
2016-10-21,32.06,32.207,31.951,32.167,1315793,0
2016-10-24,32.305,32.404,32.03,32.177,113837,0
2016-10-25,32.237,32.325,31.931,31.941,62550,0
2016-10-26,31.825,32.147,31.706,32.147,141386,0
2016-10-27,32.355,32.355,32.06,32.167,98674,0
2016-10-28,32.227,32.384,31.806,31.979,147576,0
2016-10-31,32.08,32.08,31.765,31.775,535067,0
2016-11-01,32,32.07,31.213,31.647,1614886,0
2016-11-02,31.46,31.552,31.065,31.273,101686,0
2016-11-03,31.351,31.587,31.203,31.243,246432,0
2016-11-04,31.243,31.548,31.046,31.203,83987,0
2016-11-07,31.815,32.028,31.815,32,565272,0
2016-11-08,31.825,32.167,31.65,32.01,131802,0
2016-11-09,32.611,33.369,32.06,33.181,642627,0
2016-11-10,33.428,34.185,33.325,33.781,1997054,0
2016-11-11,33.731,33.741,33.172,33.693,279779,0
2016-11-14,33.998,34.43,33.969,34.322,904557,0
2016-11-15,34.47,34.873,34.244,34.853,450673,0
2016-11-16,34.746,34.746,34.381,34.47,294506,0
2016-11-17,34.607,34.795,34.57,34.646,476049,0
2016-11-18,34.538,34.853,34.538,34.716,189364,0
2016-11-21,35.071,35.286,35.039,35.286,381720,0
2016-11-22,35.354,35.404,34.923,35.257,336565,0
2016-11-23,35.128,35.542,35.083,35.533,236508,0
2016-11-25,35.533,35.63,35.336,35.443,160729,0
2016-11-28,35.433,35.433,34.903,34.953,481674,0
2016-11-29,34.756,34.883,34.521,34.666,497784,0
2016-11-30,35.443,36.034,35.443,35.868,5855855,0
2016-12-01,36.25,36.427,35.815,35.878,333035,0
2016-12-02,35.848,36.044,35.745,35.924,454267,0
2016-12-05,36.29,36.554,36.26,36.359,244176,0
2016-12-06,36.3,36.761,36.201,36.731,254494,0
2016-12-07,36.684,37.225,36.655,37.205,211707,0
2016-12-08,37.362,37.696,37.185,37.528,310101,0
2016-12-09,37.696,37.696,37.382,37.528,264520,0
2016-12-12,37.794,37.798,37.045,37.076,314156,0
2016-12-13,37.263,37.441,36.901,37.235,342314,0
2016-12-14,37.037,37.367,36.585,36.684,663525,0
2016-12-15,36.684,37.134,36.565,36.889,155895,0
2016-12-16,37.08,37.09,36.665,36.723,136241,0
2016-12-19,36.743,36.826,36.556,36.723,154700,0
2016-12-20,36.952,37.08,36.852,36.902,235005,0
2016-12-21,36.99,36.99,36.854,36.902,251340,0
2016-12-22,36.962,36.981,36.713,36.783,117366,0
2016-12-23,36.753,36.892,36.753,36.892,128967,0
2016-12-27,37.01,37.14,37.01,37.06,179837,0
2016-12-28,37.169,37.209,36.447,36.507,263389,0
2016-12-29,36.526,36.601,36.141,36.289,241568,0
2016-12-30,36.359,36.456,36.051,36.175,203654,0
2017-01-03,36.713,37.067,36.349,36.763,6566876,0
2017-01-04,36.852,37.229,36.852,37.189,299478,0
2017-01-05,37.189,37.347,36.77,37.149,173708,0
2017-01-06,37.248,37.327,36.981,37.229,153864,0
2017-01-09,37.02,37.11,36.803,36.852,199264,0
2017-01-10,36.952,37.209,36.892,37,226577,0
2017-01-11,37.05,37.248,36.882,37.239,241914,0
2017-01-12,37.189,37.189,36.576,36.942,218566,0
2017-01-13,36.99,37.209,36.972,37.06,173575,0
2017-01-17,36.962,36.972,36.566,36.656,239044,0
2017-01-18,36.586,36.783,36.428,36.773,267036,0
2017-01-19,36.793,36.813,36.467,36.566,171030,0
2017-01-20,36.783,36.981,36.685,36.813,113664,0
2017-01-23,36.743,36.786,36.368,36.616,164935,0
2017-01-24,36.813,37.346,36.813,37.189,209985,0
2017-01-25,37.486,37.723,37.486,37.703,282464,0
2017-01-26,37.772,37.901,37.594,37.643,198441,0
2017-01-27,37.643,37.643,37.397,37.476,261785,0
2017-01-30,37.268,37.317,36.546,36.952,647357,0
2017-01-31,36.872,36.904,36.55,36.892,180767,0
2017-02-01,37.169,37.327,36.773,37.01,251097,0
2017-02-02,36.793,36.983,36.656,36.892,198117,0
2017-02-03,37.14,37.457,37.09,37.427,393274,0
2017-02-06,37.298,37.437,37.096,37.199,180969,0
2017-02-07,37.209,37.229,36.783,36.924,124790,0
2017-02-08,36.695,36.862,36.397,36.823,167152,0
2017-02-09,37.01,37.367,37.01,37.307,225731,0
2017-02-10,37.564,37.643,37.437,37.574,203711,0
2017-02-13,37.663,37.87,37.514,37.772,208678,0
2017-02-14,37.753,38.05,37.654,38.03,160057,0
2017-02-15,38.059,38.277,37.871,38.198,196679,0
2017-02-16,38.198,38.375,37.743,37.846,205746,0
2017-02-17,37.643,37.821,37.54,37.821,177693,0
2017-02-21,37.98,38.118,37.965,38.059,662996,0
2017-02-22,37.851,37.934,37.673,37.713,256425,0
2017-02-23,37.96,37.96,37.397,37.623,244937,0
2017-02-24,37.239,37.417,37.07,37.337,389584,0
2017-02-27,37.427,37.712,37.317,37.643,192639,0
2017-02-28,37.476,37.524,37.278,37.347,2042196,0
2017-03-01,38.01,38.35,38.01,38.208,1149702,0
2017-03-02,38.128,38.128,37.604,37.614,672632,0
2017-03-03,37.673,37.791,37.574,37.653,821200,0
2017-03-06,37.476,37.663,37.219,37.457,471500,0
2017-03-07,37.397,37.407,37.13,37.159,299147,0
2017-03-08,37.307,37.417,36.823,36.872,213391,0
2017-03-09,36.842,37.02,36.561,36.882,248105,0
2017-03-10,37.169,37.169,36.676,36.962,349255,0
2017-03-13,37.02,37.199,36.992,37.13,411147,0
2017-03-14,36.872,36.872,36.428,36.803,313774,0
2017-03-15,36.952,37.397,36.852,37.298,266335,0
2017-03-16,37.457,37.457,37.189,37.258,128976,0
2017-03-17,37.393,37.403,36.968,36.996,147089,0
2017-03-20,36.928,37.016,36.7,36.868,151839,0
2017-03-21,37.056,37.066,35.829,35.907,953564,0
2017-03-22,35.769,36.057,35.522,35.987,2099355,0
2017-03-23,35.947,36.334,35.859,36.086,413066,0
2017-03-24,36.244,36.363,35.907,36.096,238509,0
2017-03-27,35.542,36.076,35.324,36.027,193130,0
2017-03-28,36.007,36.709,36.007,36.571,1759421,0
2017-03-29,36.651,37.061,36.601,36.977,160380,0
2017-03-30,37.026,37.403,37.026,37.254,188108,0
2017-03-31,37.225,37.373,37.195,37.215,104684,0
2017-04-03,37.284,37.403,36.581,36.948,364884,0
2017-04-04,36.82,37.027,36.789,37.026,132018,0
2017-04-05,37.333,37.571,36.68,36.719,250575,0
2017-04-06,36.838,37.246,36.729,37.136,203250,0
2017-04-07,37.056,37.264,36.846,37.066,160453,0
2017-04-10,37.145,37.373,37.007,37.155,102943,0
2017-04-11,37.106,37.136,36.656,37.136,179204,0
2017-04-12,37.145,37.145,36.611,36.661,95795,0
2017-04-13,36.581,36.789,36.195,36.205,163912,0
2017-04-17,36.324,36.601,36.185,36.601,88155,0
2017-04-18,36.363,36.571,36.096,36.354,240761,0
2017-04-19,36.541,36.7,36.195,36.284,889185,0
2017-04-20,36.452,36.799,36.423,36.68,595272,0
2017-04-21,36.651,36.651,36.304,36.432,209523,0
2017-04-24,37.006,37.088,36.908,36.958,142502,0
2017-04-25,37.185,37.264,37.078,37.244,568296,0
2017-04-26,37.126,37.492,37.038,37.215,179074,0
2017-04-27,37.155,37.155,36.641,36.938,109203,0
2017-04-28,37.056,37.056,36.69,36.7,100252,0
2017-05-01,36.799,36.938,36.631,36.749,7591169,0
2017-05-02,36.789,36.848,36.561,36.69,174132,0
2017-05-03,36.531,36.769,36.482,36.729,172570,0
2017-05-04,36.759,36.759,36.344,36.502,223384,0
2017-05-05,36.591,36.853,36.541,36.848,110061,0
2017-05-08,36.779,36.888,36.7,36.829,38884,0
2017-05-09,36.908,36.968,36.757,36.799,68202,0
2017-05-10,36.868,37.079,36.809,37.036,39653,0
2017-05-11,36.977,36.977,36.602,36.769,33446,0
2017-05-12,36.69,36.69,36.472,36.531,98919,0
2017-05-15,36.779,37.034,36.739,36.908,136554,0
2017-05-16,36.987,36.987,36.709,36.898,85020,0
2017-05-17,36.403,36.442,35.71,35.789,232277,0
2017-05-18,35.68,36.103,35.581,35.897,289187,0
2017-05-19,36.136,36.601,36.136,36.423,254746,0
2017-05-22,36.631,36.671,36.414,36.571,102424,0
2017-05-23,36.621,36.714,36.373,36.641,71510,0
2017-05-24,36.709,36.749,36.512,36.621,146315,0
2017-05-25,36.749,36.958,36.469,36.482,91028,0
2017-05-26,36.442,36.512,36.338,36.492,1332381,0
2017-05-30,36.363,36.379,36.234,36.264,334494,0
2017-05-31,36.294,36.294,35.739,36.116,109985,0
2017-06-01,36.304,36.639,36.096,36.561,113657,0
2017-06-02,36.452,36.512,36.254,36.363,365429,0
2017-06-05,36.344,36.462,36.259,36.274,112471,0
2017-06-06,36.086,36.373,35.957,36.274,57133,0
2017-06-07,36.294,36.442,35.997,36.116,101548,0
2017-06-08,36.126,36.611,36.028,36.442,271970,0
2017-06-09,36.571,36.977,36.571,36.868,73451,0
2017-06-12,37.056,37.056,36.819,36.977,74631,0
2017-06-13,37.126,37.303,37.038,37.303,50702,0
2017-06-14,37.175,37.175,36.621,36.848,495485,0
2017-06-15,36.696,36.719,36.541,36.651,51079,0
2017-06-16,36.754,36.754,36.53,36.685,26946,0
2017-06-19,36.894,37.113,36.894,37.063,61030,0
2017-06-20,36.884,36.884,36.615,36.665,99278,0
2017-06-21,36.714,36.714,36.226,36.346,47108,0
2017-06-22,36.366,36.489,36.256,36.351,442769,0
2017-06-23,36.429,36.515,36.316,36.445,16304,0
2017-06-26,36.545,36.737,36.445,36.525,21902,0
2017-06-27,36.564,36.739,36.346,36.346,28795,0
2017-06-28,36.555,36.993,36.555,36.874,364502,0
2017-06-29,37.173,37.233,36.639,36.874,53702,0
2017-06-30,37.113,37.133,36.834,37.023,105437,0
2017-07-03,37.193,37.541,37.193,37.452,72372,0
2017-07-05,37.432,37.432,37.173,37.352,721125,0
2017-07-06,37.243,37.312,36.874,36.924,272908,0
2017-07-07,36.995,37.173,36.844,37.153,245313,0
2017-07-10,37.173,37.505,37.163,37.432,56639,0
2017-07-11,37.422,37.492,37.272,37.432,36242,0
2017-07-12,37.671,37.86,37.671,37.721,66363,0
2017-07-13,37.751,37.93,37.731,37.9,103213,0
2017-07-14,37.82,38.159,37.82,38.059,78812,0
2017-07-17,38.069,38.109,38,38.03,85418,0
2017-07-18,37.92,37.92,37.721,37.86,40210,0
2017-07-19,38,38.309,38,38.289,51699,0
2017-07-20,38.408,38.408,38.068,38.149,33512,0
2017-07-21,38.04,38.139,37.95,38.079,26503,0
2017-07-24,38.109,38.169,38.109,38.159,14582,0
2017-07-25,38.398,38.687,38.398,38.488,36521,0
2017-07-26,38.657,38.657,38.229,38.269,57663,0
2017-07-27,38.229,38.319,37.96,38.139,92347,0
2017-07-28,37.96,38.069,37.86,38,21334,0
2017-07-31,38.089,38.099,37.95,37.97,127858,0
2017-08-01,38.04,38.04,37.701,37.88,105569,0
2017-08-02,37.88,37.88,37.541,37.761,36985,0
2017-08-03,37.79,37.9,37.551,37.611,51706,0
2017-08-04,37.857,37.972,37.781,37.87,50868,0
2017-08-07,37.87,37.877,37.762,37.82,63686,0
2017-08-08,37.721,38.125,37.611,37.661,124822,0
2017-08-09,37.541,37.641,37.365,37.521,169381,0
2017-08-10,37.352,37.352,36.646,36.665,61699,0
2017-08-11,36.615,36.814,36.565,36.685,132699,0
2017-08-14,37.023,37.203,36.983,37.033,636726,0
2017-08-15,37.193,37.21,36.954,37.023,43416,0
2017-08-16,37.173,37.243,36.904,37.033,38776,0
2017-08-17,36.884,36.884,36.127,36.127,75846,0
2017-08-18,36.107,36.426,35.957,36.157,94971,0
2017-08-21,36.157,36.183,35.937,36.057,33992,0
2017-08-22,36.186,36.558,36.186,36.515,49873,0
2017-08-23,36.296,36.607,36.296,36.455,28024,0
2017-08-24,36.565,36.565,36.352,36.426,22759,0
2017-08-25,36.565,36.645,36.451,36.515,21878,0
2017-08-28,36.576,36.59,36.312,36.416,19777,0
2017-08-29,36.077,36.424,36.059,36.406,31510,0
2017-08-30,36.396,36.744,36.316,36.665,32364,0
2017-08-31,36.834,37.003,36.814,36.914,148348,0
2017-09-01,37.023,37.322,37.023,37.272,69365,0
2017-09-05,37.153,37.153,36.575,36.704,97907,0
2017-09-06,36.874,37.078,36.724,36.964,218972,0
2017-09-07,37.013,37.013,36.724,36.824,154118,0
2017-09-08,36.784,36.854,36.714,36.764,52826,0
2017-09-11,37.003,37.297,37.003,37.262,20544,0
2017-09-12,37.422,37.731,37.392,37.661,25133,0
2017-09-13,37.611,37.834,37.611,37.83,28579,0
2017-09-14,37.8,37.93,37.776,37.81,106884,0
2017-09-15,37.8,37.926,37.771,37.92,27983,0
2017-09-18,38.16,38.31,38.15,38.29,658275,0
2017-09-19,38.36,38.47,38.25,38.4,31134,0
2017-09-20,38.47,38.53,38.35,38.53,51791,0
2017-09-21,38.48,38.61,38.47,38.55,46114,0
2017-09-22,38.48,38.77,38.48,38.75,59939,0
2017-09-25,38.71,38.84,38.539,38.72,151307,0
2017-09-26,38.8,38.889,38.76,38.78,84981,0
2017-09-27,39.11,39.37,38.991,39.31,88878,0
2017-09-28,39.31,39.31,39.1,39.28,48946,0
2017-09-29,39.28,39.47,39.27,39.43,87056,0
2017-10-02,39.49,39.68,39.36,39.68,1385130,0
2017-10-03,39.68,39.89,39.655,39.89,471072,0
2017-10-04,39.91,40.0208,39.84,39.9,76104,0
2017-10-05,39.921,40.14,39.921,40.0601,36173,0
2017-10-06,40,40.08,39.89,40.015,265710,0
2017-10-09,39.99,40.04,39.9,39.965,47672,0
2017-10-10,40.18,40.27,39.985,40.04,3790097,0
2017-10-11,40.04,40.085,39.911,40.05,127482,0
2017-10-12,39.95,40.08,39.92,40.02,181351,0
2017-10-13,40.16,40.22,40.04,40.08,153602,0
2017-10-16,40.22,40.31,40.16,40.305,147840,0
2017-10-17,40.33,40.33,40.05,40.09,87002,0
2017-10-18,40.29,40.29,40.0456,40.17,70773,0
2017-10-19,39.91,40.08,39.7679,40.08,39142,0
2017-10-20,40.37,40.55,40.37,40.52,83608,0
2017-10-23,40.72,40.72,40.25,40.28,40602,0
2017-10-24,40.5,40.62,40.4639,40.56,32738,0
2017-10-25,40.44,40.44,39.67,39.91,312424,0
2017-10-26,40.11,40.18,40.005,40.11,145065,0
2017-10-27,40,40.18,39.81,40.18,117929,0
2017-10-30,40.07,40.2,39.99,40.03,608442,0
2017-10-31,40.1,40.269,40.07,40.12,90236,0
2017-11-01,40.43,41.69,40.08,40.14,1620097,0
2017-11-02,40.11,40.27,40,40.19,72517,0
2017-11-03,40.22,40.3549,40.13,40.33,65504,0
2017-11-06,40.33,40.8101,40.33,40.805,86369,0
2017-11-07,40.79,40.81,40.3901,40.46,42469,0
2017-11-08,40.41,40.4301,40.23,40.43,82060,0
2017-11-09,40.15,40.31,38.5024,40.07,103845,0
2017-11-10,40.07,40.18,40.07,40.11,58517,0
