Date,Open,High,Low,Close,Volume,OpenInt
2011-10-10,26.815,26.949,26.555,26.746,53490,0
2011-10-11,26.843,26.843,26.843,26.843,104,0
2011-10-12,27.161,27.43,27.161,27.411,7341,0
2011-10-13,27.508,27.508,27.141,27.469,5199,0
2011-10-14,27.796,27.883,27.691,27.883,7995,0
2011-10-17,27.921,28.288,27.036,27.036,3882,0
2011-10-18,23.156,27.113,23.156,27.113,726,0
2011-10-20,27.681,27.681,27.181,27.181,1039,0
2011-10-21,27.777,27.874,27.777,27.874,2519,0
2011-10-24,28.547,28.614,28.547,28.566,2610,0
2011-10-25,29.683,29.683,28.181,28.181,3193,0
2011-10-27,29.116,29.346,28.874,29.346,1839,0
2011-10-28,29.404,29.991,29.404,29.433,415,0
2011-10-31,28.99,28.99,28.788,28.788,1377,0
2011-11-04,28.566,28.566,28.566,28.566,104,0
2011-11-09,28.364,28.364,28.144,28.144,520,0
2011-11-10,28.288,28.288,28.288,28.288,422,0
2011-11-11,28.952,28.99,28.952,28.99,624,0
2011-11-14,29.423,29.423,28.576,28.674,3150,0
2011-11-15,28.537,29,28.537,29,582,0
2011-11-16,29.885,29.885,28.624,28.874,1680,0
2011-11-17,27.95,27.95,27.95,27.95,208,0
2011-11-18,27.901,27.901,27.874,27.874,311,0
2011-11-21,27.19,27.391,27.19,27.373,1900,0
2011-11-22,27.391,27.391,27.19,27.257,570,0
2011-11-23,26.729,26.765,26.67,26.67,2181,0
2011-12-01,28.691,28.691,28.47,28.47,415,0
2011-12-02,28.682,28.682,28.682,28.682,1133,0
2011-12-05,28.788,28.788,28.788,28.788,311,0
2011-12-06,28.788,28.788,28.788,28.788,155,0
2011-12-08,28.422,28.422,28.422,28.422,311,0
2011-12-09,28.71,28.71,28.71,28.71,311,0
2011-12-13,28.654,28.654,28.654,28.654,104,0
2011-12-15,27.883,27.901,27.845,27.874,542,0
2011-12-19,27.777,27.777,27.777,27.777,208,0
2011-12-20,28.336,28.336,28.336,28.336,104,0
2011-12-21,27.845,28.345,27.574,28.345,5572,0
2011-12-29,28.614,28.942,28.614,28.933,1918,0
2011-12-30,28.865,29.673,28.846,28.903,1198,0
2012-01-03,29.279,29.279,29.27,29.27,208,0
2012-01-04,28.961,28.98,28.961,28.98,308,0
2012-01-06,29.365,29.365,29.365,29.365,520,0
2012-01-09,29.289,29.289,29.289,29.289,260,0
2012-01-13,29.626,29.626,29.626,29.626,415,0
2012-01-17,29.76,29.76,29.76,29.76,208,0
2012-01-18,30.069,30.069,30.069,30.069,311,0
2012-01-19,30.589,30.589,30.501,30.54,883,0
2012-01-20,31.002,31.002,30.54,30.569,1860,0
2012-01-25,30.791,30.791,30.791,30.791,311,0
2012-01-26,30.791,30.791,30.791,30.791,104,0
2012-01-30,30.791,31.011,30.714,30.955,1350,0
2012-01-31,31.002,31.002,30.819,30.819,726,0
2012-02-06,31.783,31.783,31.774,31.774,415,0
2012-02-07,31.676,32.033,31.676,32.033,2848,0
2012-02-08,32.544,32.544,32.052,32.052,208,0
2012-02-09,32.061,32.061,32.061,32.061,3116,0
2012-02-10,32.148,32.148,31.898,31.898,208,0
2012-02-14,31.955,31.984,31.898,31.898,1247,0
2012-02-15,32.004,32.004,32.004,32.004,208,0
2012-02-16,32.216,32.418,32.196,32.418,1864,0
2012-02-17,32.35,32.35,32.254,32.254,489,0
2012-02-21,32.976,32.976,32.052,32.052,6029,0
2012-02-22,32.043,32.245,31.927,31.965,11682,0
2012-02-23,32.014,32.139,31.84,32.129,8309,0
2012-02-24,32.263,32.321,32.158,32.158,7340,0
2012-02-27,32.139,32.245,31.878,32.158,11289,0
2012-02-28,32.081,32.235,32.071,32.235,3531,0
2012-02-29,32.273,32.273,31.927,31.927,4050,0
2012-03-01,32.1,32.109,32.1,32.109,415,0
2012-03-02,31.974,31.974,31.878,31.878,3428,0
2012-03-06,31.099,31.099,30.858,30.858,3064,0
2012-03-07,31.137,31.234,31.137,31.234,1795,0
2012-03-08,31.676,31.676,31.648,31.648,2181,0
2012-03-12,31.801,31.801,31.774,31.801,415,0
2012-03-13,31.965,32.196,31.965,32.196,3900,0
2012-03-14,32.36,32.399,32.129,32.129,1609,0
2012-03-16,32.35,32.746,32.35,32.399,5297,0
2012-03-19,32.524,32.524,32.524,32.524,208,0
2012-03-20,32.235,32.235,32.235,32.235,311,0
2012-03-23,32.071,32.071,32.071,32.071,311,0
2012-03-26,32.35,32.35,32.35,32.35,415,0
2012-03-27,32.649,32.649,32.649,32.649,104,0
2012-03-28,32.321,32.33,32.321,32.321,624,0
2012-03-29,32.091,32.091,32.091,32.091,260,0
2012-03-30,32.504,32.544,32.504,32.544,1891,0
2012-04-02,32.582,32.783,32.475,32.746,3479,0
2012-04-03,32.755,32.755,32.736,32.736,1246,0
2012-04-05,32.158,32.158,32.129,32.129,3739,0
2012-04-10,31.29,31.29,31.166,31.166,2078,0
2012-04-11,31.051,31.427,31.051,31.427,1155,0
2012-04-16,31.494,31.504,31.494,31.504,2389,0
2012-04-17,31.917,32.033,31.917,32.033,883,0
2012-04-19,33.872,33.872,32.052,32.052,1385,0
2012-04-20,31.946,31.946,31.946,31.946,208,0
2012-04-24,31.494,31.494,31.427,31.427,1538,0
2012-04-25,31.994,31.994,31.994,31.994,129,0
2012-04-26,32.321,32.321,32.321,32.321,415,0
2012-04-27,32.436,32.436,32.436,32.436,208,0
2012-04-30,32.35,32.418,32.35,32.38,3962,0
2012-05-01,32.59,32.696,32.524,32.572,3013,0
2012-05-02,32.245,32.6,32.245,32.572,1029,0
2012-05-03,32.928,32.928,32.158,32.186,3121,0
2012-05-04,31.764,31.783,31.764,31.783,3436,0
2012-05-07,31.435,31.648,31.435,31.618,4153,0
2012-05-08,31.34,31.34,31.099,31.31,2805,0
2012-05-09,31.272,31.272,31.272,31.272,208,0
2012-05-14,31.109,31.244,31.109,31.175,726,0
2012-05-15,31.166,31.282,30.992,30.992,1246,0
2012-05-16,31.08,31.08,30.945,30.945,1370,0
2012-05-17,30.531,30.531,30.116,30.116,1607,0
2012-05-18,30.079,30.251,29.895,29.895,2181,0
2012-05-22,30.482,30.482,30.281,30.281,831,0
2012-05-23,30.059,30.609,30.059,30.609,1599,0
2012-05-24,30.511,30.511,30.511,30.511,239,0
2012-05-25,30.761,30.761,30.609,30.609,1766,0
2012-05-30,30.992,30.992,30.569,30.655,1122,0
2012-05-31,30.376,30.376,30.376,30.376,311,0
2012-06-01,29.462,29.963,29.462,29.721,3143,0
2012-06-04,29.529,29.529,29.529,29.529,831,0
2012-06-06,30.376,30.376,30.376,30.376,624,0
2012-06-07,30.887,30.887,30.473,30.473,1350,0
2012-06-11,31.128,31.128,30.376,30.376,1246,0
2012-06-12,30.386,30.386,30.386,30.386,208,0
2012-06-13,30.223,30.223,30.223,30.223,208,0
2012-06-15,30.665,30.714,30.637,30.714,624,0
2012-06-18,30.184,30.955,30.184,30.955,2307,0
2012-06-19,31.551,31.551,31.464,31.523,1558,0
2012-06-20,31.417,31.417,31.417,31.417,322,0
2012-06-21,30.955,30.955,30.955,30.955,311,0
2012-06-22,30.829,30.829,30.829,30.829,1350,0
2012-06-25,30.367,30.405,30.358,30.405,666,0
2012-06-28,30.559,30.618,30.473,30.618,1757,0
2012-07-09,31.927,31.927,31.927,31.927,104,0
2012-07-11,31.378,31.417,31.378,31.417,4153,0
2012-07-12,30.945,30.945,30.897,30.897,520,0
2012-07-13,31.531,31.531,31.531,31.531,104,0
2012-07-16,31.656,31.656,31.656,31.656,104,0
2012-07-18,31.282,31.282,31.282,31.282,104,0
2012-07-19,32.176,32.321,32.176,32.321,1039,0
2012-07-20,31.801,31.801,31.801,31.801,311,0
2012-07-25,31.31,31.31,31.224,31.272,520,0
2012-07-26,31.427,31.427,31.427,31.427,935,0
2012-07-31,31.83,31.974,31.83,31.974,520,0
2012-08-01,31.888,31.888,31.774,31.774,935,0
2012-08-02,31.388,31.388,31.388,31.388,774,0
2012-08-03,32.37,32.928,32.37,32.408,415,0
2012-08-07,32.659,32.659,32.659,32.659,726,0
2012-08-08,32.736,32.736,32.736,32.736,104,0
2012-08-09,32.813,32.919,32.813,32.919,363,0
2012-08-10,32.803,32.803,31.82,31.82,520,0
2012-08-14,32.803,32.803,32.803,32.803,624,0
2012-08-15,32.813,32.919,32.803,32.87,1766,0
2012-08-16,33.208,33.208,33.169,33.169,624,0
2012-08-20,33.025,33.025,33.025,33.025,1144,0
2012-08-22,33.285,33.285,33.285,33.285,520,0
2012-08-23,33.14,33.14,33.081,33.081,1144,0
2012-08-24,33.025,33.025,33.025,33.025,155,0
2012-08-27,33.081,33.081,33.081,33.081,520,0
2012-08-28,33.208,33.208,33.208,33.208,104,0
2012-08-31,33.064,33.064,33.064,33.064,104,0
2012-09-05,33.601,33.601,33.592,33.592,286,0
2012-09-10,34.18,34.43,34.18,34.41,3334,0
2012-09-11,34.391,34.391,34.391,34.391,129,0
2012-09-12,34.391,34.449,34.391,34.449,726,0
2012-09-13,34.42,34.738,34.42,34.738,857,0
2012-09-14,34.661,34.979,34.661,34.97,1008,0
2012-09-17,34.835,34.835,34.777,34.777,726,0
2012-09-18,34.805,35.624,34.691,35.624,2494,0
2012-09-19,35.181,35.181,33.755,34.93,1232,0
2012-09-21,34.708,34.708,34.708,34.708,311,0
2012-09-24,34.305,34.305,34.305,34.305,239,0
2012-09-25,34.275,34.275,33.709,33.709,2494,0
2012-09-26,33.699,33.699,33.592,33.592,415,0
2012-09-27,33.631,33.631,33.631,33.631,247,0
2012-10-01,33.785,33.785,33.699,33.699,208,0
2012-10-02,33.66,33.66,33.66,33.66,311,0
2012-10-05,34.325,34.373,34.228,34.228,7686,0
2012-10-09,33.755,33.755,33.755,33.755,104,0
2012-10-10,33.563,33.563,33.189,33.199,2125,0
2012-10-12,33.265,33.265,33.14,33.14,1558,0
2012-10-16,33.439,33.641,33.439,33.631,831,0
2012-10-17,34.661,34.661,33.689,33.709,6118,0
2012-10-18,34.238,34.238,33.555,33.601,7997,0
2012-10-19,33.601,33.601,32.91,32.919,2327,0
2012-10-22,32.89,32.89,32.736,32.736,831,0
2012-10-23,32.524,32.639,32.524,32.639,716,0
2012-10-24,32.649,33.091,32.466,32.466,1648,0
2012-10-25,32.39,32.572,32.39,32.572,1593,0
2012-10-26,32.495,32.495,32.495,32.495,507,0
2012-11-01,33.025,33.073,33.025,33.073,779,0
2012-11-02,32.986,33.073,32.88,32.88,9843,0
2012-11-05,32.803,32.803,32.736,32.736,2267,0
2012-11-06,33.159,33.159,33.14,33.14,299,0
2012-11-07,32.813,32.813,32.495,32.59,4304,0
2012-11-08,32.61,32.62,32.226,32.226,3048,0
2012-11-09,32.186,32.226,32.186,32.226,363,0
2012-11-12,32.109,32.109,32.109,32.109,311,0
2012-11-13,32.34,32.34,32.245,32.245,4758,0
2012-11-14,32.158,32.158,31.551,31.551,2311,0
2012-11-15,31.454,31.571,31.454,31.571,869,0
2012-11-16,31.715,31.725,31.715,31.725,1558,0
2012-11-19,31.61,32.38,31.61,32.38,6866,0
2012-11-20,32.456,32.456,32.436,32.436,1594,0
2012-11-21,32.524,32.61,32.524,32.59,6943,0
2012-11-23,32.803,32.803,32.803,32.803,1039,0
2012-11-26,32.88,32.88,32.736,32.813,3946,0
2012-11-27,32.832,32.832,32.832,32.832,3013,0
2012-11-28,32.678,32.678,32.678,32.678,363,0
2012-11-29,33.073,33.073,33.073,33.073,208,0
2012-11-30,33.081,33.111,32.919,32.919,1410,0
2012-12-03,33.217,33.342,33.12,33.12,311,0
2012-12-04,32.842,32.842,32.842,32.842,104,0
2012-12-05,32.919,32.919,32.919,32.919,389,0
2012-12-06,32.956,32.956,32.956,32.956,1039,0
2012-12-10,33.208,33.208,33.169,33.179,2114,0
2012-12-11,33.226,33.226,33.226,33.226,136,0
2012-12-12,33.285,33.486,33.285,33.362,935,0
2012-12-13,33.217,33.217,33.217,33.217,1039,0
2012-12-14,33.189,33.189,33.149,33.149,1089,0
2012-12-17,33.371,33.371,33.371,33.371,104,0
2012-12-18,33.719,33.843,33.699,33.805,2826,0
2012-12-19,34.084,34.084,33.727,33.795,5504,0
2012-12-20,33.699,33.699,33.631,33.66,466,0
2012-12-21,33.189,33.189,33.189,33.189,1041,0
2012-12-26,33.165,33.223,32.816,32.853,15426,0
2012-12-27,32.757,32.816,32.495,32.816,1280,0
2012-12-28,32.689,32.786,32.689,32.698,7338,0
2012-12-31,32.698,32.95,32.698,32.95,394,0
2013-01-02,34.021,34.04,33.701,33.913,1234,0
2013-01-03,34.264,34.264,34.059,34.059,8893,0
2013-01-04,34.206,34.371,34.186,34.283,8536,0
2013-01-07,34.127,34.293,34.05,34.293,7798,0
2013-01-08,34.04,34.108,33.983,34.088,4012,0
2013-01-09,34.186,34.186,34.186,34.186,144,0
2013-01-10,34.186,34.186,34.186,34.186,144,0
2013-01-14,34.565,34.565,34.371,34.439,1391,0
2013-01-15,34.419,34.419,34.419,34.419,308,0
2013-01-16,34.652,34.662,34.633,34.662,2160,0
2013-01-17,34.76,34.915,34.76,34.886,1569,0
2013-01-22,34.808,35.003,34.808,35.003,3239,0
2013-01-24,35.275,35.275,35.275,35.275,103,0
2013-01-25,35.576,35.576,35.576,35.576,103,0
2013-01-28,35.43,35.43,35.43,35.43,308,0
2013-01-29,35.255,35.255,35.255,35.255,515,0
2013-01-30,35.246,35.246,35.246,35.246,329,0
2013-01-31,35.265,35.324,35.207,35.324,2470,0
2013-02-04,35.324,35.324,35.275,35.324,3347,0
2013-02-05,35.49,35.528,35.46,35.47,1132,0
2013-02-07,35.655,35.655,35.655,35.655,2056,0
2013-02-11,36.16,36.16,36.16,36.16,308,0
2013-02-12,36.092,36.121,36.092,36.121,719,0
2013-02-13,36.237,36.237,36.237,36.237,411,0
2013-02-14,36.539,36.549,36.529,36.549,1132,0
2013-02-15,36.549,36.549,36.364,36.364,2164,0
2013-02-19,36.772,36.772,36.519,36.734,2416,0
2013-02-20,36.597,36.597,36.519,36.519,206,0
2013-02-21,36.539,36.539,35.857,35.857,1594,0
2013-02-22,36.092,36.131,36.024,36.131,1854,0
2013-02-25,36.151,36.151,35.722,35.722,2109,0
2013-02-26,35.877,35.877,35.47,35.47,618,0
2013-02-27,36.131,36.131,36.131,36.131,103,0
2013-02-28,35.8,36.364,35.8,36.354,744,0
2013-03-01,36.325,36.325,36.325,36.325,1354,0
2013-03-05,36.802,36.879,36.734,36.792,10429,0
2013-03-06,36.948,37.025,36.879,37.025,10860,0
2013-03-07,36.976,37.132,36.976,37.102,3035,0
2013-03-08,37.2,37.317,37.141,37.317,618,0
2013-03-11,37.394,37.444,37.374,37.444,618,0
2013-03-12,37.55,37.56,37.424,37.424,1132,0
2013-03-13,37.627,37.706,37.61,37.706,1029,0
2013-03-14,37.881,38.318,37.822,37.89,10325,0
2013-03-15,37.862,37.862,37.706,37.812,955,0
2013-03-18,37.754,37.754,37.706,37.706,1057,0
2013-03-19,37.686,37.686,37.384,37.384,1489,0
2013-03-20,37.822,38.016,37.735,37.744,2286,0
2013-03-21,37.444,37.987,37.444,37.55,8772,0
2013-03-22,38.425,38.425,37.55,37.55,2184,0
2013-03-25,37.531,37.531,37.521,37.531,2262,0
2013-03-26,37.229,37.784,37.229,37.657,3152,0
2013-03-27,37.676,37.784,37.676,37.784,1628,0
2013-03-28,38.26,38.26,37.812,38.114,3439,0
2013-04-01,37.822,37.822,37.686,37.686,1955,0
2013-04-02,37.802,37.92,37.802,37.802,1852,0
2013-04-03,37.822,37.822,37.259,37.259,3857,0
2013-04-04,37.434,37.58,37.434,37.58,719,0
2013-04-05,37.627,37.627,37.093,37.347,3959,0
2013-04-08,37.56,37.57,37.394,37.394,472,0
2013-04-09,37.676,37.735,37.627,37.735,5144,0
2013-04-10,38.124,38.133,38.124,38.133,3291,0
2013-04-11,38.425,38.562,38.406,38.435,2262,0
2013-04-12,38.552,38.552,38.124,38.298,787,0
2013-04-15,38.026,38.026,37.434,37.434,3019,0
2013-04-16,37.706,37.862,37.706,37.862,748,0
2013-04-17,37.463,37.463,37.112,37.2,4088,0
2013-04-18,37.025,37.084,36.948,36.948,1756,0
2013-04-19,37.112,37.317,37.112,37.269,823,0
2013-04-22,37.239,37.307,36.948,37.307,1547,0
2013-04-23,37.812,37.812,37.812,37.812,970,0
2013-04-24,37.91,37.91,37.91,37.91,1029,0
2013-04-25,38.444,38.474,38.357,38.474,2324,0
2013-04-26,38.396,38.406,38.192,38.288,4978,0
2013-04-29,38.26,38.454,38.26,38.454,1705,0
2013-04-30,38.454,38.494,38.454,38.494,246,0
2013-05-01,38.863,38.863,38.212,38.212,1601,0
2013-05-02,38.522,38.532,38.513,38.532,801,0
2013-05-03,39.047,39.145,38.804,39.009,7166,0
2013-05-06,39.251,39.251,38.959,39.116,27195,0
2013-05-07,39.379,39.408,39.203,39.389,6069,0
2013-05-08,39.651,39.651,39.436,39.611,25728,0
2013-05-09,39.689,39.719,39.514,39.524,10571,0
2013-05-10,39.66,39.864,39.66,39.844,8390,0
2013-05-13,39.884,39.961,39.825,39.844,4542,0
2013-05-14,40.166,40.312,40.06,40.312,4533,0
2013-05-15,40.389,40.672,40.389,40.526,6242,0
2013-05-16,40.496,40.574,40.204,40.204,24700,0
2013-05-17,40.408,40.593,40.398,40.526,5525,0
2013-05-20,40.692,40.768,40.545,40.574,7893,0
2013-05-21,40.798,40.798,40.642,40.672,875,0
2013-05-22,40.837,41.099,40.126,40.263,28133,0
2013-05-23,39.961,40.176,39.864,40.156,16849,0
2013-05-24,39.835,39.971,39.835,39.913,3180,0
2013-05-28,40.738,40.738,40.204,40.38,7800,0
2013-05-29,40.322,40.322,40.011,40.166,2350,0
2013-05-30,40.526,40.662,40.322,40.545,116225,0
2013-05-31,40.613,40.613,40.126,40.126,18846,0
2013-06-03,40.03,40.03,39.699,40.03,6358,0
2013-06-04,40.156,40.156,39.815,39.815,638,0
2013-06-05,39.874,39.874,39.398,39.398,15383,0
2013-06-06,38.911,39.825,38.892,39.825,5202,0
2013-06-07,39.767,40.457,39.767,40.457,7947,0
2013-06-10,40.944,40.944,40.361,40.476,18167,0
2013-06-11,40.06,40.361,40.011,40.088,5585,0
2013-06-12,40.545,40.545,39.67,39.67,10431,0
2013-06-13,39.951,40.214,39.601,40.214,4782,0
2013-06-14,40.428,40.428,40.069,40.195,2728,0
2013-06-17,41.711,41.711,40.312,40.361,9014,0
2013-06-18,40.496,40.807,40.496,40.788,4314,0
2013-06-19,40.719,40.788,40.38,40.38,6032,0
2013-06-20,40.136,40.136,39.3,39.398,9313,0
2013-06-21,39.884,39.884,39.3,39.389,2407,0
2013-06-24,39.426,39.426,38.522,38.892,20379,0
2013-06-25,39.135,39.281,39.077,39.251,3804,0
2013-06-26,39.426,39.67,39.426,39.631,17821,0
2013-06-27,39.786,40.097,39.786,40.097,6089,0
2013-06-28,40.37,40.37,39.864,40.05,5476,0
2013-07-01,40.536,40.536,40.351,40.398,7096,0
2013-07-02,40.37,40.476,40.253,40.253,5323,0
2013-07-03,39.961,40.398,39.913,40.341,26271,0
2013-07-05,41.031,41.031,40.398,40.847,82685,0
2013-07-08,41.4,41.459,40.944,40.992,219712,0
2013-07-09,41.42,41.42,41.128,41.37,46110,0
2013-07-10,41.556,41.819,41.197,41.429,21716,0
2013-07-11,42.051,42.091,41.692,41.974,14940,0
2013-07-12,42.149,42.149,41.877,42.149,46518,0
2013-07-15,42.159,42.518,41.984,42.198,37841,0
2013-07-16,42.081,42.091,41.809,41.886,7096,0
2013-07-17,41.566,42.188,41.566,42.032,15764,0
2013-07-18,42.178,42.431,42.111,42.383,27704,0
2013-07-19,42.334,42.567,42.178,42.383,5596,0
2013-07-22,42.82,42.82,42.373,42.461,11774,0
2013-07-23,42.733,42.733,42.295,42.383,16621,0
2013-07-24,42.481,42.646,42.013,42.169,38314,0
2013-07-25,42.334,42.393,42.004,42.393,16510,0
2013-07-26,42.324,42.324,41.809,42.198,15942,0
2013-07-29,42.343,42.343,42.061,42.236,10431,0
2013-07-30,42.285,42.471,42.246,42.401,16645,0
2013-07-31,42.537,42.743,42.471,42.537,18001,0
2013-08-01,42.927,43.198,42.801,43.189,180197,0
2013-08-02,42.878,43.248,42.878,43.228,19824,0
2013-08-05,43.073,43.268,43.073,43.258,17045,0
2013-08-06,43.345,43.345,42.547,42.927,22169,0
2013-08-07,42.606,42.782,42.606,42.733,8743,0
2013-08-08,42.908,43.053,42.753,43.024,19042,0
2013-08-09,43.131,43.131,42.762,42.946,9363,0
2013-08-12,42.547,42.995,42.547,42.936,26057,0
2013-08-13,42.782,43.093,42.772,43.083,18185,0
2013-08-14,43.151,43.151,42.801,42.82,74235,0
2013-08-15,42.762,42.762,42.022,42.101,24179,0
2013-08-16,42.198,42.198,41.858,41.945,22441,0
2013-08-19,41.809,41.984,41.673,41.721,35754,0
2013-08-20,41.809,42.111,41.809,42.091,20046,0
2013-08-21,42.188,42.188,41.623,41.692,28311,0
2013-08-22,41.974,42.373,41.819,41.974,21151,0
2013-08-23,42.188,42.198,42.022,42.198,10363,0
2013-08-26,42.421,42.421,42.081,42.081,14433,0
2013-08-27,41.819,41.819,41.197,41.245,12744,0
2013-08-28,41.177,41.479,41.177,41.38,4155,0
2013-08-29,41.469,41.663,41.469,41.536,10201,0
2013-08-30,41.323,41.37,41.177,41.206,12507,0
2013-09-03,41.673,41.701,41.313,41.479,6263,0
2013-09-04,41.604,41.905,41.604,41.849,11191,0
2013-09-05,41.994,42.169,41.935,41.945,19760,0
2013-09-06,42.071,42.14,41.508,41.984,24811,0
2013-09-09,42.121,42.383,42.121,42.324,11081,0
2013-09-10,42.673,42.703,42.537,42.703,42847,0
2013-09-11,42.782,42.848,42.636,42.829,11443,0
2013-09-12,42.791,42.811,42.567,42.567,18172,0
2013-09-13,42.772,42.772,42.547,42.772,15892,0
2013-09-16,43.297,43.297,43.015,43.093,25767,0
2013-09-17,43.287,43.287,43.141,43.198,13293,0
2013-09-18,43.278,43.86,43.024,43.608,25278,0
2013-09-19,43.637,43.753,43.5,43.549,15378,0
2013-09-20,43.793,43.793,43.218,43.248,11419,0
2013-09-23,43.218,43.404,42.801,42.956,20857,0
2013-09-24,42.782,43.121,42.782,42.888,9346,0
2013-09-25,42.918,43.083,42.782,42.918,10826,0
2013-09-26,43.218,43.218,42.936,43.083,10280,0
2013-09-27,43.218,43.228,42.801,42.927,12164,0
2013-09-30,42.829,42.829,42.528,42.646,64925,0
2013-10-01,42.471,43.083,42.471,42.986,9973,0
2013-10-02,42.782,42.986,42.703,42.918,21276,0
2013-10-03,42.908,42.936,42.334,42.606,14489,0
2013-10-04,42.528,42.908,42.528,42.858,13441,0
2013-10-07,42.782,42.782,42.431,42.518,10612,0
2013-10-08,42.567,42.567,41.839,41.868,17075,0
2013-10-09,41.809,41.984,41.546,41.849,12485,0
2013-10-10,42.295,42.743,42.295,42.713,19361,0
2013-10-11,42.966,42.976,42.646,42.966,16260,0
2013-10-14,42.918,43.218,42.713,43.208,30383,0
2013-10-15,43.471,43.471,42.733,42.839,17677,0
2013-10-16,43.268,43.325,42.936,43.325,52410,0
2013-10-17,42.946,43.715,42.946,43.715,18573,0
2013-10-18,44.045,44.045,43.743,43.977,30829,0
2013-10-21,44.201,44.201,43.85,44.055,25896,0
2013-10-22,44.318,44.385,44.055,44.318,24492,0
2013-10-23,44.405,44.405,43.958,44.123,32252,0
2013-10-24,44.298,44.327,44.083,44.327,29756,0
2013-10-25,44.591,44.591,44.142,44.405,20962,0
2013-10-28,44.618,44.618,44.308,44.472,31890,0
2013-10-29,44.667,44.735,44.482,44.735,32784,0
2013-10-30,44.891,44.891,44.191,44.308,439145,0
2013-10-31,44.472,44.472,44.142,44.191,17017,0
2013-11-01,44.463,44.463,44.006,44.269,5393,0
2013-11-04,44.716,44.716,44.289,44.453,17364,0
2013-11-05,44.415,44.415,44.045,44.318,34166,0
2013-11-06,44.784,44.784,44.269,44.327,21217,0
2013-11-07,44.541,44.561,43.793,43.821,24847,0
2013-11-08,43.88,44.375,43.783,44.375,21166,0
2013-11-11,44.581,44.581,44.337,44.531,17394,0
2013-11-12,44.531,44.647,44.444,44.561,10839,0
2013-11-13,44.571,45.096,44.492,45.096,15639,0
2013-11-14,45.163,45.213,44.988,45.203,20728,0
2013-11-15,45.475,45.475,45.183,45.406,22112,0
2013-11-18,45.659,45.659,45.076,45.143,80384,0
2013-11-19,45.299,45.299,44.959,45.047,11104,0
2013-11-20,45.26,45.26,44.793,44.862,11693,0
2013-11-21,45.143,45.299,44.997,45.279,12610,0
2013-11-22,45.426,45.542,45.289,45.542,51246,0
2013-11-25,45.309,45.562,45.309,45.504,115186,0
2013-11-26,45.378,45.572,45.378,45.445,16672,0
2013-11-27,45.62,45.649,45.504,45.59,19610,0
2013-11-29,45.552,45.757,45.552,45.61,4567,0
2013-12-02,45.504,45.738,45.485,45.494,14289,0
2013-12-03,45.485,45.485,45.066,45.358,38977,0
2013-12-04,45.445,45.445,44.872,45.289,16982,0
2013-12-05,45.533,45.533,45.143,45.213,27681,0
2013-12-06,45.698,45.835,45.358,45.785,37604,0
2013-12-09,46.223,46.223,45.815,45.835,34255,0
2013-12-10,45.844,45.931,45.748,45.785,32597,0
2013-12-11,45.844,45.844,45.066,45.213,27782,0
2013-12-12,45.056,45.163,44.921,45.047,29320,0
2013-12-13,45.203,45.203,45.017,45.115,16991,0
2013-12-16,45.223,45.6,45.223,45.513,19341,0
2013-12-17,45.504,45.542,45.289,45.455,16162,0
2013-12-18,45.766,46.155,45.269,46.145,47801,0
2013-12-19,46.087,46.087,45.835,46.048,22654,0
2013-12-20,46.087,46.904,46.087,46.399,32396,0
2013-12-23,46.865,46.865,46.535,46.632,38971,0
2013-12-24,47.093,47.093,46.529,46.811,12531,0
2013-12-26,47.133,47.133,46.87,46.977,19796,0
2013-12-27,47.123,47.123,46.967,47.006,20240,0
2013-12-30,47.103,47.123,46.987,47.123,20239,0
2013-12-31,47.367,47.367,47.163,47.299,41599,0
2014-01-02,47.572,47.572,46.674,46.82,51539,0
2014-01-03,47.143,47.143,46.782,46.84,24921,0
2014-01-06,46.82,47.064,46.674,46.724,22946,0
2014-01-07,46.967,47.084,46.918,47.064,29309,0
2014-01-08,47.309,47.309,46.967,47.143,24558,0
2014-01-09,47.796,47.796,46.928,47.182,41848,0
2014-01-10,47.348,47.348,47.084,47.279,14129,0
2014-01-13,47.504,47.504,46.576,46.606,29241,0
2014-01-14,46.967,47.269,46.742,47.269,26204,0
2014-01-15,47.494,47.504,47.328,47.494,33314,0
2014-01-16,47.484,47.484,47.289,47.377,21717,0
2014-01-17,47.377,47.436,47.182,47.26,19223,0
2014-01-21,47.572,47.572,47.113,47.367,18665,0
2014-01-22,47.514,47.542,47.319,47.533,30683,0
2014-01-23,47.406,47.406,46.811,47.006,22149,0
2014-01-24,46.645,46.645,45.776,45.776,74746,0
2014-01-27,45.806,45.942,45.231,45.563,49723,0
2014-01-28,45.475,46.05,45.475,45.972,24256,0
2014-01-29,45.749,45.836,45.378,45.475,31419,0
2014-01-30,45.582,46.05,45.582,45.992,23794,0
2014-01-31,45.709,45.885,45.182,45.631,44490,0
2014-02-03,45.766,45.766,44.47,44.519,50191,0
2014-02-04,44.578,44.889,44.451,44.851,35664,0
2014-02-05,44.625,44.899,44.304,44.733,21095,0
2014-02-06,44.919,45.553,44.919,45.553,6567,0
2014-02-07,45.895,46.157,45.709,46.157,16558,0
2014-02-10,46.206,46.206,46.002,46.148,14423,0
2014-02-11,46.275,46.724,46.275,46.626,39829,0
2014-02-12,46.802,46.928,46.655,46.762,24991,0
2014-02-13,46.46,47.113,46.46,47.093,10886,0
2014-02-14,47.23,47.357,47.026,47.299,17559,0
2014-02-18,47.289,47.454,47.182,47.426,32348,0
2014-02-19,47.454,47.611,47.133,47.133,19168,0
2014-02-20,47.26,47.591,47.26,47.552,25034,0
2014-02-21,47.69,47.727,47.552,47.552,30211,0
2014-02-24,47.767,48.138,47.66,47.903,30365,0
2014-02-25,48.011,48.079,47.65,47.806,26636,0
2014-02-26,47.913,48.079,47.767,47.883,31272,0
2014-02-27,47.923,48.128,47.7,48.079,22632,0
2014-02-28,48.167,48.45,48.079,48.167,13782,0
2014-03-03,47.826,47.953,47.542,47.787,16714,0
2014-03-04,48.567,48.645,48.391,48.606,26406,0
2014-03-05,48.771,48.771,48.44,48.508,19492,0
2014-03-06,48.703,48.878,48.675,48.703,23924,0
2014-03-07,49.152,49.152,48.527,48.537,8648,0
2014-03-10,48.48,48.635,48.304,48.635,9893,0
2014-03-11,48.567,48.771,48.254,48.401,19918,0
2014-03-12,48.118,48.44,48.089,48.371,14960,0
2014-03-13,48.557,48.557,47.572,47.717,17117,0
2014-03-14,47.757,47.913,47.68,47.717,7790,0
2014-03-17,47.991,48.206,47.913,48.03,55909,0
2014-03-18,48.059,48.48,48.059,48.343,25371,0
2014-03-19,48.254,48.48,47.971,48.157,17636,0
2014-03-20,48.167,48.323,47.893,48.274,13549,0
2014-03-21,48.547,48.606,48.147,48.196,17634,0
2014-03-24,48.284,48.284,47.68,47.903,14586,0
2014-03-25,48.274,48.274,47.826,48.021,19614,0
2014-03-26,48.167,48.226,47.727,47.727,10867,0
2014-03-27,47.62,47.787,47.445,47.63,45341,0
2014-03-28,47.953,48.059,47.806,47.874,3783,0
2014-03-31,48.157,48.43,48.108,48.411,11268,0
2014-04-01,48.567,48.752,48.391,48.752,12678,0
2014-04-02,48.957,48.957,48.752,48.84,31620,0
2014-04-03,48.977,49.005,48.713,48.928,12680,0
2014-04-04,48.918,49.132,48.216,48.274,15418,0
2014-04-07,48.284,48.284,47.572,47.67,15718,0
2014-04-08,47.406,47.923,47.406,47.826,14002,0
2014-04-09,48.069,48.411,47.874,48.371,17902,0
2014-04-10,48.43,48.517,47.464,47.524,20834,0
2014-04-11,47.064,47.464,46.957,47.074,26653,0
2014-04-14,47.211,47.494,47.103,47.367,8111,0
2014-04-15,47.454,47.66,47.046,47.611,8805,0
2014-04-16,47.933,48.069,47.787,48.059,12925,0
2014-04-17,48.021,48.235,48.021,48.216,26555,0
2014-04-21,48.333,48.333,48.108,48.304,5722,0
2014-04-22,48.527,48.625,48.343,48.499,24614,0
2014-04-23,48.48,48.547,48.391,48.46,30917,0
2014-04-24,48.625,48.625,48.381,48.381,15397,0
2014-04-25,48.244,48.314,48.04,48.177,5684,0
2014-04-28,48.284,48.43,47.845,48.294,9866,0
2014-04-29,48.44,48.44,48.284,48.343,6873,0
2014-04-30,48.177,48.499,48.177,48.47,12335,0
2014-05-01,48.46,48.557,48.216,48.371,15540,0
2014-05-02,48.43,48.655,48.391,48.557,15050,0
2014-05-05,48.42,48.508,48.118,48.47,15190,0
2014-05-06,48.333,48.46,48.196,48.235,8419,0
2014-05-07,48.254,48.381,48.04,48.314,4715,0
2014-05-08,48.713,48.811,48.323,48.361,6777,0
2014-05-09,48.323,48.547,48.323,48.547,2738,0
2014-05-12,48.831,49.114,48.831,49.114,19963,0
2014-05-13,49.279,49.279,49.034,49.084,24418,0
2014-05-14,48.947,48.947,48.723,48.723,11214,0
2014-05-15,48.577,48.577,48.098,48.391,20774,0
2014-05-16,48.47,48.733,48.333,48.733,14901,0
2014-05-19,48.752,48.859,48.625,48.84,8613,0
2014-05-20,48.781,48.781,48.343,48.47,5641,0
2014-05-21,48.665,48.665,48.48,48.665,6929,0
2014-05-22,48.625,48.908,48.625,48.821,9789,0
2014-05-23,48.811,49.044,48.811,49.044,46814,0
2014-05-27,49.181,49.23,49.104,49.22,39888,0
2014-05-28,49.114,49.26,49.114,49.23,7505,0
2014-05-29,49.26,49.425,49.162,49.405,10166,0
2014-05-30,49.455,49.465,49.357,49.455,6023,0
2014-06-02,49.611,49.611,49.279,49.542,13335,0
2014-06-03,49.542,49.542,49.405,49.513,6399,0
2014-06-04,49.493,49.738,49.493,49.738,17919,0
2014-06-05,49.747,50.02,49.601,50.001,17236,0
2014-06-06,50.001,50.284,50.001,50.255,94925,0
2014-06-09,50.332,50.449,50.265,50.312,8480,0
2014-06-10,50.371,50.371,50.147,50.185,11892,0
2014-06-11,50.03,50.118,49.991,50.089,9902,0
2014-06-12,50.098,50.098,49.611,49.728,11479,0
2014-06-13,49.65,49.834,49.65,49.786,8543,0
2014-06-16,49.747,49.864,49.571,49.738,9110,0
2014-06-17,49.864,49.894,49.825,49.825,3371,0
2014-06-18,49.874,50.205,49.786,50.205,28529,0
2014-06-19,50.294,50.294,50.108,50.245,8851,0
2014-06-20,49.796,50.421,49.796,50.371,15079,0
2014-06-23,50.488,50.488,50.215,50.225,4452,0
2014-06-24,50.265,50.284,49.815,49.825,11701,0
2014-06-25,49.815,49.991,49.815,49.991,7016,0
2014-06-26,50.039,50.167,49.747,49.913,4719,0
2014-06-27,49.864,50.02,49.825,50.001,15133,0
2014-06-30,50.001,50.069,49.913,49.981,10896,0
2014-07-01,50.255,50.43,50.255,50.352,6590,0
2014-07-02,50.371,50.43,50.255,50.322,40290,0
2014-07-03,50.468,50.654,50.468,50.625,19939,0
2014-07-07,50.869,51.103,50.342,50.411,18640,0
2014-07-08,50.332,50.342,50.039,50.098,11853,0
2014-07-09,50.294,50.332,50.118,50.332,13411,0
2014-07-10,49.962,50.167,49.747,50.089,6832,0
2014-07-11,50.176,50.265,50.039,50.245,9411,0
2014-07-14,50.468,50.478,50.322,50.322,15822,0
2014-07-15,50.421,50.478,50.098,50.205,12525,0
2014-07-16,50.421,50.421,50.195,50.255,11193,0
2014-07-17,50.157,50.352,49.834,49.884,15953,0
2014-07-18,50.059,50.361,49.904,50.312,5723,0
2014-07-21,50.108,50.205,50.001,50.185,7278,0
2014-07-22,50.352,50.459,50.352,50.411,18663,0
2014-07-23,50.547,50.547,50.361,50.371,20465,0
2014-07-24,50.352,50.537,50.332,50.342,4556,0
2014-07-25,50.235,50.255,50.185,50.245,3221,0
2014-07-28,50.381,50.381,49.972,50.225,19607,0
2014-07-29,50.528,50.528,50.01,50.01,66136,0
2014-07-30,50.274,50.274,49.864,50.039,24429,0
2014-07-31,49.834,49.834,49.142,49.162,26494,0
2014-08-01,49.025,49.289,48.898,49.201,18291,0
2014-08-04,49.26,49.571,49.084,49.571,17954,0
2014-08-05,49.357,49.455,49.054,49.21,13954,0
2014-08-06,49.025,49.25,48.977,49.132,5781,0
2014-08-07,49.415,49.415,48.713,48.831,33167,0
2014-08-08,48.596,49.415,48.596,49.415,8157,0
2014-08-11,49.668,49.806,49.591,49.631,12114,0
2014-08-12,49.621,49.698,49.386,49.542,13243,0
2014-08-13,50.284,50.284,49.552,49.844,34310,0
2014-08-14,49.942,50.069,49.932,50.03,34648,0
2014-08-15,50.322,50.381,49.932,50.167,24508,0
2014-08-18,50.508,50.654,50.43,50.644,22735,0
2014-08-19,50.712,50.928,50.703,50.908,36788,0
2014-08-20,50.839,51.083,50.819,51.074,15330,0
2014-08-21,51.035,51.181,50.985,51.122,17446,0
2014-08-22,51.132,51.22,51.045,51.113,10718,0
2014-08-25,51.396,51.396,51.201,51.308,17183,0
2014-08-26,51.396,51.454,51.336,51.366,13666,0
2014-08-27,51.435,51.688,51.298,51.298,2484,0
2014-08-28,51.21,51.425,51.21,51.406,3277,0
2014-08-29,51.454,51.542,51.21,51.444,8825,0
2014-09-02,51.406,51.609,51.336,51.463,17557,0
2014-09-03,51.6,51.669,51.473,51.473,10128,0
2014-09-04,51.318,51.815,51.318,51.454,16504,0
2014-09-05,51.406,51.639,51.259,51.572,106751,0
2014-09-08,51.406,51.619,51.406,51.542,11811,0
2014-09-09,51.435,51.435,51.171,51.23,12160,0
2014-09-10,50.947,51.396,50.947,51.346,6450,0
2014-09-11,51.191,51.425,51.191,51.425,6105,0
2014-09-12,51.366,51.366,51.015,51.142,6408,0
2014-09-15,51.005,51.132,50.966,51.045,6728,0
2014-09-16,50.819,51.435,50.819,51.308,12697,0
2014-09-17,51.288,51.473,51.161,51.356,11731,0
2014-09-18,51.346,51.562,51.346,51.512,5535,0
2014-09-19,51.981,51.981,51.318,51.346,6023,0
2014-09-22,51.201,51.259,50.819,50.819,7988,0
2014-09-23,50.722,50.819,50.478,50.498,13377,0
2014-09-24,50.235,51.005,50.039,50.985,14381,0
2014-09-25,50.859,50.859,50.225,50.225,11107,0
2014-09-26,50.381,50.772,50.312,50.654,17638,0
2014-09-29,50.284,50.576,50.225,50.401,11115,0
2014-09-30,50.381,50.674,50.361,50.508,6876,0
2014-10-01,50.03,50.167,49.678,49.728,16152,0
2014-10-02,49.747,49.844,49.142,49.747,38211,0
2014-10-03,50.157,50.352,50.147,50.284,9067,0
2014-10-06,50.401,50.722,50.235,50.245,6486,0
2014-10-07,49.708,50.001,49.474,49.513,34765,0
2014-10-08,49.377,50.274,49.26,50.235,13837,0
2014-10-09,50.069,50.108,49.191,49.298,24852,0
2014-10-10,49.084,49.347,48.665,48.665,20393,0
2014-10-13,48.625,48.723,47.796,47.816,37557,0
2014-10-14,48.108,48.537,47.826,48.206,36576,0
2014-10-15,47.562,48.089,46.87,48.069,113155,0
2014-10-16,46.187,48.391,45.962,48.187,36264,0
2014-10-17,48.928,48.957,48.381,48.703,20021,0
2014-10-20,48.527,49.21,48.527,49.21,16968,0
2014-10-21,49.405,50.118,49.395,50.108,11957,0
2014-10-22,50.245,50.274,49.747,49.747,35996,0
2014-10-23,50.235,50.411,50.157,50.157,12191,0
2014-10-24,50.167,50.586,50.138,50.586,10209,0
2014-10-27,50.322,50.654,50.322,50.654,19917,0
2014-10-28,50.819,51.181,50.819,51.181,13737,0
2014-10-29,51.181,51.416,50.879,51.161,13177,0
2014-10-30,51.132,51.649,51.113,51.562,13722,0
2014-10-31,52.176,53.015,51.903,52.049,57989,0
2014-11-03,51.932,52.235,51.932,52.117,20235,0
2014-11-04,51.903,52.117,51.815,51.971,11982,0
2014-11-05,52.293,52.342,52.02,52.244,6445,0
2014-11-06,52.342,52.585,52.215,52.567,16263,0
2014-11-07,52.673,52.673,52.362,52.479,8350,0
2014-11-10,52.498,52.751,52.488,52.751,47706,0
2014-11-11,52.713,52.936,52.713,52.849,13148,0
2014-11-12,52.673,52.907,52.663,52.879,12072,0
2014-11-13,52.986,53.951,52.77,52.879,27553,0
2014-11-14,52.976,53.054,52.82,52.898,24202,0
2014-11-17,52.869,52.936,52.8,52.869,53883,0
2014-11-18,53.931,53.931,52.926,53.142,12941,0
2014-11-19,53.21,53.21,52.898,53.015,25858,0
2014-11-20,52.879,53.259,52.879,53.21,17867,0
2014-11-21,54.293,54.293,53.405,53.503,41672,0
2014-11-24,53.56,53.795,53.56,53.795,67508,0
2014-11-25,54.458,54.458,53.736,53.805,60488,0
2014-11-26,53.854,53.971,53.795,53.912,11326,0
2014-11-28,54.097,54.283,54,54.049,8273,0
2014-12-01,54.137,55.365,53.659,53.659,19526,0
2014-12-02,53.834,54.068,53.795,54.01,41191,0
2014-12-03,54.147,54.38,54.04,54.351,12657,0
2014-12-04,54.42,54.42,54.087,54.166,22005,0
2014-12-05,54.448,54.508,54.322,54.4,26963,0
2014-12-08,54.351,54.684,53.931,54.107,24915,0
2014-12-09,53.814,54.058,53.58,54.058,60872,0
2014-12-10,53.971,53.981,53.239,53.249,15684,0
2014-12-11,53.503,54.04,53.19,53.58,11876,0
2014-12-12,53.19,53.493,52.888,52.888,16335,0
2014-12-15,53.19,53.2,52.322,52.713,13510,0
2014-12-16,52.039,53.102,52.039,52.215,15837,0
2014-12-17,52.312,53.093,52.176,53.015,39418,0
2014-12-18,53.786,54.01,53.453,54.01,39611,0
2014-12-19,54.234,54.604,54.176,54.332,29923,0
2014-12-22,54.478,54.604,54.439,54.595,24495,0
2014-12-23,54.8,54.927,54.692,54.839,27999,0
2014-12-24,54.945,55.033,54.885,54.945,28778,0
2014-12-26,55.121,55.121,54.955,54.955,24542,0
2014-12-29,55.043,55.062,54.895,54.993,23608,0
2014-12-30,54.846,54.945,54.65,54.797,13698,0
2014-12-31,54.807,55.111,54.336,54.336,48477,0
2015-01-02,54.708,54.817,53.845,54.208,27627,0
2015-01-05,53.973,53.973,53.158,53.275,14735,0
2015-01-06,53.423,53.747,52.569,52.825,20371,0
2015-01-07,53.325,53.56,53.109,53.502,24971,0
2015-01-08,53.875,54.65,53.875,54.61,121342,0
2015-01-09,54.807,54.807,54.032,54.11,15269,0
2015-01-12,54.13,54.13,53.62,53.767,13843,0
2015-01-13,54.179,54.601,53.482,53.659,14016,0
2015-01-14,53.727,53.727,52.864,53.355,31415,0
2015-01-15,53.472,53.492,52.893,52.893,26914,0
2015-01-16,53.02,53.58,52.825,53.57,17406,0
2015-01-20,53.875,53.875,52.962,53.452,19015,0
2015-01-21,53.462,53.787,53.462,53.757,4324,0
2015-01-22,54.032,54.699,53.815,54.68,28939,0
2015-01-23,54.68,54.718,54.493,54.493,37868,0
2015-01-26,54.463,54.787,54.385,54.787,24072,0
2015-01-27,54.08,54.571,53.894,54.297,27553,0
2015-01-28,54.365,54.513,53.58,53.58,20436,0
2015-01-29,53.717,54.513,53.384,54.042,18643,0
2015-01-30,53.659,53.805,53.119,53.119,15569,0
2015-02-02,53.355,53.757,52.707,53.698,21846,0
2015-02-03,54.983,54.983,54.052,54.69,25029,0
2015-02-04,54.67,54.827,54.493,54.513,15752,0
2015-02-05,54.925,55.14,54.827,55.131,23398,0
2015-02-06,55.15,55.435,54.856,54.856,13001,0
2015-02-09,54.846,54.955,54.69,54.817,7859,0
2015-02-10,56.377,56.377,54.817,55.396,30801,0
2015-02-11,55.582,55.582,55.033,55.396,19761,0
2015-02-12,55.828,55.916,55.553,55.916,36983,0
2015-02-13,55.955,56.25,55.916,56.161,23331,0
2015-02-17,56.161,56.308,55.985,56.2,54410,0
2015-02-18,56.641,56.641,56.093,56.298,20749,0
2015-02-19,57.446,57.446,56.22,56.368,18470,0
2015-02-20,56.465,56.671,55.945,56.623,38720,0
2015-02-23,56.583,56.641,56.495,56.633,19773,0
2015-02-24,56.77,56.828,56.544,56.789,62007,0
2015-02-25,56.661,56.818,56.603,56.641,14677,0
2015-02-26,56.701,56.73,56.514,56.633,19625,0
2015-02-27,56.671,56.789,56.505,56.573,19709,0
2015-03-02,56.633,56.986,56.633,56.976,25578,0
2015-03-03,56.966,57.191,56.328,56.603,25374,0
2015-03-04,56.406,56.583,56.093,56.338,16814,0
2015-03-05,56.386,56.505,56.269,56.475,29246,0
2015-03-06,56.22,56.308,55.72,55.758,25068,0
2015-03-09,55.7,56.131,55.7,56.033,14980,0
2015-03-10,55.641,55.749,55.101,55.19,27718,0
2015-03-11,55.298,55.347,55.16,55.17,21196,0
2015-03-12,55.857,55.857,55.347,55.788,34953,0
2015-03-13,55.69,55.788,55.2,55.435,13451,0
2015-03-16,55.641,56.288,55.641,56.288,20891,0
2015-03-17,56.004,56.171,55.838,56.004,18852,0
2015-03-18,55.945,56.809,55.73,56.651,14267,0
2015-03-19,56.623,56.651,56.396,56.583,47182,0
2015-03-20,57.074,57.171,56.799,57.093,19769,0
2015-03-23,57.103,57.28,57.054,57.064,22521,0
2015-03-24,57.044,57.123,56.779,56.779,13554,0
2015-03-25,56.014,57.339,56.014,56.103,25679,0
2015-03-26,56.063,56.103,55.493,55.847,25679,0
2015-03-27,55.926,56.053,55.778,55.985,6522,0
2015-03-30,56.485,57.398,55.73,56.691,18852,0
2015-03-31,56.406,56.641,56.279,56.358,14965,0
2015-04-01,55.906,56.279,55.71,55.975,26495,0
2015-04-02,56.24,56.259,56.014,56.131,23031,0
2015-04-06,55.847,56.76,55.847,56.573,58799,0
2015-04-07,56.916,57.221,56.358,56.368,39523,0
2015-04-08,56.544,56.789,56.22,56.514,21909,0
2015-04-09,56.603,56.74,56.368,56.721,62906,0
2015-04-10,56.721,56.976,56.583,56.936,33730,0
2015-04-13,56.75,56.926,56.475,56.495,30469,0
2015-04-14,56.603,56.74,56.308,56.691,38010,0
2015-04-15,56.916,57.181,56.868,56.986,27800,0
2015-04-16,57.28,57.329,56.828,56.986,22413,0
2015-04-17,56.524,56.583,56.033,56.279,78363,0
2015-04-20,56.633,56.73,56.485,56.613,13263,0
2015-04-21,56.828,56.828,56.495,56.593,10802,0
2015-04-22,56.514,56.995,56.485,56.916,23458,0
2015-04-23,56.838,57.319,56.779,57.162,13451,0
2015-04-24,57.181,57.181,57.015,57.074,8764,0
2015-04-27,57.241,57.27,56.779,56.779,14674,0
2015-04-28,56.721,56.809,56.396,56.701,26801,0
2015-04-29,56.573,56.711,56.298,56.553,9069,0
2015-04-30,56.514,56.514,55.788,55.955,16304,0
2015-05-01,56.308,56.681,56.191,56.633,11311,0
2015-05-04,56.701,56.956,56.701,56.818,53704,0
2015-05-05,56.888,56.916,56.23,56.328,23641,0
2015-05-06,56.25,56.426,55.916,56.063,14321,0
2015-05-07,56.004,56.485,56.004,56.318,11392,0
2015-05-08,57.054,57.123,56.986,57.074,9885,0
2015-05-11,57.113,57.143,56.878,56.936,57066,0
2015-05-12,56.671,56.799,56.386,56.711,17997,0
2015-05-13,56.906,57.005,56.691,56.789,29348,0
2015-05-14,57.191,57.408,57.015,57.378,8458,0
2015-05-15,57.486,57.525,57.27,57.408,44555,0
2015-05-18,57.436,57.692,57.319,57.682,38581,0
2015-05-19,57.682,57.741,57.516,57.673,41067,0
2015-05-20,57.781,57.809,57.525,57.633,21807,0
2015-05-21,57.623,57.771,57.554,57.711,12737,0
2015-05-22,57.761,57.761,57.574,57.574,53601,0
2015-05-26,57.516,57.516,56.818,56.946,46435,0
2015-05-27,57.015,57.398,56.986,57.378,13961,0
2015-05-28,57.388,57.388,57.103,57.299,10616,0
2015-05-29,57.27,57.28,56.916,57.025,13757,0
2015-06-01,57.015,57.231,56.809,57.034,22244,0
2015-06-02,56.916,57.221,56.906,57.153,7498,0
2015-06-03,57.241,57.446,57.153,57.27,28329,0
2015-06-04,56.926,57.162,56.623,56.623,15693,0
2015-06-05,56.505,56.671,56.426,56.553,49423,0
2015-06-08,56.514,56.603,56.22,56.22,20279,0
2015-06-09,56.396,56.396,56.043,56.21,52008,0
2015-06-10,56.446,57.005,56.446,56.986,10923,0
2015-06-11,57.162,57.231,57.074,57.171,18999,0
2015-06-12,57.015,57.015,56.75,56.868,7949,0
2015-06-15,56.259,56.583,56.259,56.465,14980,0
2015-06-16,56.495,56.946,56.475,56.888,12229,0
2015-06-17,57.181,57.241,56.789,57.074,42290,0
2015-06-18,57.191,57.711,57.191,57.613,20891,0
2015-06-19,57.486,57.584,57.358,57.398,45755,0
2015-06-22,57.682,57.79,57.584,57.673,16304,0
2015-06-23,57.701,57.8,57.554,57.711,60711,0
2015-06-24,57.721,57.721,57.191,57.201,6318,0
2015-06-25,57.162,57.398,57.005,57.064,16712,0
2015-06-26,57.113,57.181,56.858,57.015,37908,0
2015-06-29,56.623,56.633,55.739,55.798,27310,0
2015-06-30,56.141,56.279,55.838,56.063,38335,0
2015-07-01,56.465,56.465,56.23,56.406,17426,0
2015-07-02,56.613,56.613,56.093,56.318,19158,0
2015-07-06,55.808,56.23,55.749,55.975,20279,0
2015-07-07,55.739,56.318,55.288,56.288,21807,0
2015-07-08,55.916,55.916,55.21,55.228,25068,0
2015-07-09,55.866,55.866,55.415,55.445,11311,0
2015-07-10,55.965,56.112,55.808,56.073,7949,0
2015-07-13,56.613,56.691,56.426,56.661,26393,0
2015-07-14,56.661,56.878,56.613,56.848,16591,0
2015-07-15,56.906,56.906,56.553,56.623,18774,0
2015-07-16,56.906,57.103,56.906,57.083,19871,0
2015-07-17,56.995,56.995,56.711,56.848,9681,0
2015-07-20,56.916,57.025,56.838,56.838,17833,0
2015-07-21,56.898,56.898,56.406,56.524,12534,0
2015-07-22,56.485,56.514,56.269,56.426,15184,0
2015-07-23,56.534,56.701,56.21,56.25,35360,0
2015-07-24,56.298,56.298,55.641,55.778,17018,0
2015-07-27,55.513,55.661,55.219,55.228,26903,0
2015-07-28,55.376,55.975,55.376,55.955,9375,0
2015-07-29,55.965,56.603,55.965,56.603,21909,0
2015-07-30,56.328,56.573,56.093,56.534,15184,0
2015-07-31,56.701,56.906,56.613,56.623,8967,0
2015-08-03,56.651,56.651,56.2,56.386,17219,0
2015-08-04,56.446,56.623,56.23,56.288,13247,0
2015-08-05,56.593,56.986,56.456,56.633,21298,0
2015-08-06,56.603,56.603,55.935,56.161,18876,0
2015-08-07,56.053,56.21,55.798,55.876,16304,0
2015-08-10,56.368,56.986,56.368,56.966,10292,0
2015-08-11,56.485,56.633,56.24,56.465,47687,0
2015-08-12,56.112,56.406,55.602,56.386,19362,0
2015-08-13,56.426,56.524,56.298,56.308,8662,0
2015-08-14,56.465,56.485,56.259,56.436,16916,0
2015-08-17,56.161,56.789,56.063,56.789,11719,0
2015-08-18,56.74,56.946,56.681,56.721,10700,0
2015-08-19,56.553,56.641,56.093,56.348,9069,0
2015-08-20,55.945,56.22,55.101,55.111,30876,0
2015-08-21,54.562,54.778,53.482,53.522,96401,0
2015-08-24,50.744,53.08,45.612,51.559,217825,0
2015-08-25,52.56,53.894,50.979,51.039,47589,0
2015-08-26,51.539,52.992,51.421,52.932,44022,0
2015-08-27,53.462,54.188,53.257,54.15,51971,0
2015-08-28,53.963,54.248,53.875,54.042,15082,0
2015-08-31,53.904,54.198,53.727,53.992,16509,0
2015-09-01,53.355,53.355,52.344,52.51,36889,0
2015-09-02,53.267,53.364,52.619,53.355,21399,0
2015-09-03,53.59,54.032,53.433,53.57,33220,0
2015-09-04,52.992,53.08,52.638,53.06,13961,0
2015-09-08,53.58,54.14,53.57,54.14,13859,0
2015-09-09,54.522,54.925,53.355,53.355,24864,0
2015-09-10,53.295,53.894,53.267,53.492,11818,0
2015-09-11,53.384,53.727,53.247,53.727,38723,0
2015-09-14,53.787,53.835,53.472,53.58,25374,0
2015-09-15,53.708,54.238,53.57,54.15,17426,0
2015-09-16,54.179,54.64,54.179,54.64,18649,0
2015-09-17,54.532,55.248,54.503,54.503,14850,0
2015-09-18,53.805,54.15,53.532,53.532,14470,0
2015-09-21,53.992,54.15,53.472,53.767,10904,0
2015-09-22,52.972,53.168,52.667,53.03,12534,0
2015-09-23,53.06,53.08,52.648,52.727,14470,0
2015-09-24,52.354,52.56,51.912,52.442,20270,0
2015-09-25,52.609,52.775,52.059,52.059,6624,0
2015-09-28,51.882,51.882,50.734,50.764,124305,0
2015-09-29,50.852,51.254,50.479,50.744,32508,0
2015-09-30,51.284,51.696,51.117,51.696,11515,0
2015-10-01,51.784,51.814,51.196,51.637,20686,0
2015-10-02,51.117,52.599,50.979,52.599,38112,0
2015-10-05,52.922,53.62,52.922,53.54,14861,0
2015-10-06,53.512,53.717,53.109,53.413,33933,0
2015-10-07,53.894,53.973,53.522,53.865,7439,0
2015-10-08,54.12,54.66,53.875,54.591,33526,0
2015-10-09,54.67,54.738,54.513,54.64,3872,0
2015-10-12,54.836,54.836,54.345,54.503,16174,0
2015-10-13,54.562,54.66,53.973,53.973,9782,0
2015-10-14,54.14,54.238,53.659,53.777,6929,0
2015-10-15,54.13,54.473,53.678,54.473,11821,0
2015-10-16,54.395,54.571,54.238,54.571,8254,0
2015-10-19,54.395,54.532,54.277,54.453,12898,0
2015-10-20,54.395,54.591,54.352,54.483,11315,0
2015-10-21,54.699,54.817,53.973,53.973,16202,0
2015-10-22,54.287,54.955,54.287,54.758,13451,0
2015-10-23,55.228,55.248,54.935,55.248,42800,0
2015-10-26,55.347,55.347,54.945,55.111,22623,0
2015-10-27,54.993,55.043,54.708,54.935,49729,0
2015-10-28,55.052,55.641,54.983,55.641,46977,0
2015-10-29,55.465,56.014,55.356,55.493,10598,0
2015-10-30,55.543,55.906,55.484,55.533,34851,0
2015-11-02,55.611,56.131,55.563,56.131,11790,0
2015-11-03,56.112,56.475,56.063,56.269,19566,0
2015-11-04,56.348,56.681,56.112,56.279,69641,0
2015-11-05,56.171,56.2,55.621,56.004,16610,0
2015-11-06,55.955,56.122,55.788,56.063,23846,0
2015-11-09,55.994,56.073,55.14,55.543,24186,0
2015-11-10,55.308,55.602,55.2,55.592,22928,0
2015-11-11,55.631,55.631,55.16,55.238,9987,0
2015-11-12,54.846,55.003,54.385,54.385,16610,0
2015-11-13,54.316,54.316,53.649,53.727,27616,0
2015-11-16,53.688,54.443,53.688,54.415,17527,0
2015-11-17,54.601,54.846,54.336,54.395,13146,0
2015-11-18,54.463,55.111,54.375,55.111,13554,0
2015-11-19,55.2,55.386,55.052,55.15,6827,0
2015-11-20,55.376,55.592,55.337,55.435,8764,0
2015-11-23,55.523,55.778,55.435,55.573,12127,0
2015-11-24,55.308,55.788,55.219,55.72,15693,0
2015-11-25,55.611,55.916,55.582,55.916,4892,0
2015-11-27,55.768,55.935,55.69,55.926,17222,0
2015-11-30,55.935,55.935,55.602,55.631,9477,0
2015-12-01,55.935,56.033,55.68,56.023,10668,0
2015-12-02,56.043,56.043,55.415,55.493,13360,0
2015-12-03,55.573,55.573,54.522,54.768,26231,0
2015-12-04,54.787,55.661,54.787,55.611,8254,0
2015-12-07,55.356,55.356,54.905,55.091,8356,0
2015-12-08,54.522,54.915,54.522,54.699,13378,0
2015-12-09,54.955,54.955,53.973,54.09,5299,0
2015-12-10,54.11,54.571,54.042,54.297,22113,0
2015-12-11,53.668,53.668,53.06,53.109,11209,0
2015-12-14,53.08,53.237,52.51,52.922,28478,0
2015-12-15,53.717,53.805,53.512,53.62,16916,0
2015-12-16,53.914,54.307,53.629,54.307,16101,0
2015-12-17,54.345,54.345,53.58,53.58,6114,0
2015-12-18,53.158,53.227,52.667,52.667,29551,0
2015-12-21,52.962,53.139,52.727,53.05,19464,0
2015-12-22,53.237,53.629,53.02,53.6,15131,0
2015-12-23,53.894,54.248,53.835,54.198,68886,0
2015-12-24,54.365,54.365,54.098,54.187,23452,0
2015-12-28,53.841,53.998,53.624,53.989,62059,0
2015-12-29,54.177,54.563,54.177,54.415,59536,0
2015-12-30,54.365,54.463,54.076,54.108,18854,0
2015-12-31,53.9,53.991,53.485,53.485,11058,0
2016-01-04,52.655,52.734,52.111,52.635,23356,0
2016-01-05,52.724,52.882,52.477,52.694,13646,0
2016-01-06,51.992,52.253,51.616,51.903,239531,0
2016-01-07,51.043,51.72,50.835,51.06,41416,0
2016-01-08,51.132,51.171,50.044,50.093,30581,0
2016-01-11,50.331,50.331,49.485,50.099,30526,0
2016-01-12,50.232,50.726,49.95,50.618,35211,0
2016-01-13,50.677,50.855,49.055,49.105,33628,0
2016-01-14,49.123,50.192,48.822,49.826,166570,0
2016-01-15,48.64,49.174,48.284,49.045,60443,0
2016-01-19,49.599,49.599,48.412,48.946,44700,0
2016-01-20,48.155,49.322,47.33,48.917,35622,0
2016-01-21,48.976,49.564,48.551,49.026,18765,0
2016-01-22,49.965,50.242,49.836,50.232,21053,0
2016-01-25,50.024,50.257,49.322,49.352,10369,0
2016-01-26,49.55,50.254,49.55,50.18,30838,0
2016-01-27,50.163,50.578,49.629,49.688,15726,0
2016-01-28,50.133,50.133,49.312,49.589,24237,0
2016-01-29,49.767,50.877,49.767,50.825,9235,0
2016-02-01,50.657,51.211,50.44,51.082,18739,0
2016-02-02,50.43,50.43,49.965,50.004,8731,0
2016-02-03,50.014,50.183,49.213,50.183,16645,0
2016-02-04,50.004,50.716,50.004,50.509,6770,0
2016-02-05,49.845,49.965,49.5,49.52,48340,0
2016-02-08,49.115,49.115,48.254,48.887,52556,0
2016-02-09,48.363,49.312,48.363,48.987,24952,0
2016-02-10,49.105,49.798,49.055,49.055,20999,0
2016-02-11,48.235,48.64,48.086,48.511,18792,0
2016-02-12,48.848,49.352,48.66,49.322,12037,0
2016-02-16,49.945,50.472,49.807,50.41,64583,0
2016-02-17,50.922,51.351,50.885,51.31,15006,0
2016-02-18,51.33,51.379,51.123,51.275,6782,0
2016-02-19,50.934,51.237,50.934,51.211,17466,0
2016-02-22,51.695,52.036,51.695,51.933,23501,0
2016-02-23,51.715,51.982,51.587,51.646,18380,0
2016-02-24,51.001,51.928,50.9,51.873,12443,0
2016-02-25,51.952,52.417,51.854,52.417,5863,0
2016-02-26,52.714,52.793,52.502,52.502,7864,0
2016-02-29,52.427,52.858,52.279,52.3,9534,0
2016-03-01,52.467,53.07,52.318,53.03,21268,0
2016-03-02,53.101,53.357,52.912,53.357,113163,0
2016-03-03,53.339,53.624,53.198,53.604,38348,0
2016-03-04,53.722,53.989,53.465,53.614,8941,0
2016-03-07,53.554,53.97,53.47,53.879,34665,0
2016-03-08,53.564,53.584,53.149,53.149,113556,0
2016-03-09,53.386,53.619,53.277,53.564,16493,0
2016-03-10,53.871,53.9,53.06,53.515,17257,0
2016-03-11,53.9,54.434,53.9,54.405,22477,0
2016-03-14,54.266,54.332,54.227,54.332,49335,0
2016-03-15,54.059,54.082,53.881,54.011,7415,0
2016-03-16,54.049,54.642,53.981,54.642,6914,0
2016-03-17,54.583,55.304,54.583,55.156,14125,0
2016-03-18,55.255,55.467,55.194,55.266,6031,0
2016-03-21,55.334,55.443,55.183,55.354,7621,0
2016-03-22,55.087,55.372,55.011,55.27,5012,0
2016-03-23,55.127,55.127,54.771,54.781,7670,0
2016-03-24,54.454,54.644,54.284,54.573,13131,0
2016-03-28,54.82,54.944,54.583,54.74,19223,0
2016-03-29,54.593,55.403,54.593,55.403,9503,0
2016-03-30,55.69,55.828,55.512,55.532,21900,0
2016-03-31,55.502,55.72,55.502,55.611,7990,0
2016-04-01,55.097,55.789,54.968,55.789,4188,0
2016-04-04,55.779,55.779,55.295,55.314,3960,0
2016-04-05,55.077,55.152,54.691,55.038,10742,0
2016-04-06,54.909,55.235,54.909,55.235,8733,0
2016-04-07,55.225,55.225,54.504,54.596,8104,0
2016-04-08,54.889,54.899,54.602,54.756,5598,0
2016-04-11,54.958,55.176,54.652,54.691,5405,0
2016-04-12,54.573,54.978,54.533,54.937,9965,0
2016-04-13,55.146,55.809,55.146,55.809,5715,0
2016-04-14,55.868,55.868,55.634,55.7,14572,0
2016-04-15,55.384,55.74,55.384,55.74,3093,0
2016-04-18,55.423,55.967,55.423,55.951,17398,0
2016-04-19,56.125,56.264,55.868,55.997,27234,0
2016-04-20,55.868,56.216,55.834,56.071,7006,0
2016-04-21,56.066,56.066,55.443,55.443,15335,0
2016-04-22,55.512,55.7,55.394,55.631,5115,0
2016-04-25,55.512,55.512,55.255,55.384,8618,0
2016-04-26,55.497,55.663,55.324,55.663,8223,0
2016-04-27,55.542,56.016,55.542,56.016,5240,0
2016-04-28,55.601,55.72,55.154,55.166,5577,0
2016-04-29,54.84,54.84,54.326,54.721,8187,0
2016-05-02,54.721,55.087,54.612,55.075,9900,0
2016-05-03,54.8,54.8,54.306,54.513,57889,0
2016-05-04,54.372,54.474,54.029,54.029,48212,0
2016-05-05,54.237,54.256,53.841,53.861,14169,0
2016-05-06,53.881,54.286,53.683,54.275,30477,0
2016-05-09,54.385,54.547,54.28,54.369,52484,0
2016-05-10,54.652,54.949,54.587,54.909,16581,0
2016-05-11,54.543,54.672,54.197,54.197,21261,0
2016-05-12,54.385,54.385,53.643,53.94,8935,0
2016-05-13,53.762,53.951,53.386,53.465,19960,0
2016-05-16,53.535,54.256,53.277,54.059,62055,0
2016-05-17,53.821,54.266,53.505,53.624,13624,0
2016-05-18,53.426,53.96,53.366,53.564,11552,0
2016-05-19,53.1,53.434,53.1,53.386,5149,0
2016-05-20,53.495,54.029,53.495,53.874,14952,0
2016-05-23,53.97,54.078,53.792,53.891,15549,0
2016-05-24,54.088,54.802,53.881,54.802,13770,0
2016-05-25,55.046,55.121,55.018,55.028,3279,0
2016-05-26,55.077,55.285,54.889,55.285,6598,0
2016-05-27,55.374,55.443,55.295,55.433,9966,0
2016-05-31,55.403,55.541,55.305,55.541,26926,0
2016-06-01,55.216,55.661,55.216,55.651,6839,0
2016-06-02,55.522,55.75,55.324,55.75,23110,0
2016-06-03,55.522,55.7,55.25,55.631,19829,0
2016-06-06,55.611,56.045,55.611,55.947,26851,0
2016-06-07,56.036,56.335,55.84,56.18,75146,0
2016-06-08,56.086,56.469,56.086,56.432,67714,0
2016-06-09,56.185,56.274,56.066,56.269,48631,0
2016-06-10,55.858,55.858,55.354,55.542,24933,0
2016-06-13,55.314,55.394,54.84,54.85,204981,0
2016-06-14,54.672,54.845,54.355,54.593,10541,0
2016-06-15,54.751,55.074,54.751,54.939,4102,0
2016-06-16,54.474,54.79,54.098,54.78,9807,0
2016-06-17,54.79,54.881,54.583,54.751,34884,0
2016-06-20,55.463,55.676,55.295,55.295,8188,0
2016-06-21,55.354,55.375,55.057,55.206,8750,0
2016-06-22,55.364,55.522,55.235,55.285,4746,0
2016-06-23,55.67,55.947,55.621,55.947,6265,0
2016-06-24,53.633,54.488,53.604,53.732,18113,0
2016-06-27,53.248,53.248,51.774,51.913,27744,0
2016-06-28,52.427,52.758,52.318,52.744,17208,0
2016-06-29,53.406,53.841,53.357,53.793,40407,0
2016-06-30,53.752,54.869,53.752,54.84,14398,0
2016-07-01,54.83,55.176,54.83,55.018,8367,0
2016-07-05,54.672,54.672,54.078,54.296,12104,0
2016-07-06,53.999,54.495,53.823,54.484,18577,0
2016-07-07,54.978,54.978,54.375,54.593,9333,0
2016-07-08,55.285,55.617,55.285,55.542,13745,0
2016-07-11,55.809,55.977,55.68,55.925,19944,0
2016-07-12,56.214,56.678,56.214,56.57,45162,0
2016-07-13,56.541,56.55,56.313,56.511,14596,0
2016-07-14,56.719,57.004,56.719,56.867,23528,0
2016-07-15,56.728,56.877,56.689,56.793,5465,0
2016-07-18,56.6,56.926,56.6,56.827,2915,0
2016-07-19,56.58,56.63,56.471,56.61,23842,0
2016-07-20,56.61,56.904,56.61,56.852,7984,0
2016-07-21,56.788,57.055,56.714,56.857,7534,0
2016-07-22,56.857,57.173,56.823,57.173,5456,0
2016-07-25,57.015,57.104,56.966,57.065,8365,0
2016-07-26,56.995,57.421,56.995,57.333,14697,0
2016-07-27,57.46,57.46,56.987,57.134,33048,0
2016-07-28,56.936,57.144,56.699,57.144,21942,0
2016-07-29,57.015,57.084,56.699,57.054,10534,0
2016-08-01,57.144,57.144,56.748,56.758,33207,0
2016-08-02,56.639,56.639,55.967,56.254,12920,0
2016-08-03,56.016,56.817,56.016,56.754,29772,0
2016-08-04,56.56,56.724,56.546,56.546,6210,0
2016-08-05,56.857,57.351,56.857,57.302,4567,0
2016-08-08,57.183,57.549,57.183,57.342,5718,0
2016-08-09,57.371,57.371,57.065,57.124,9228,0
2016-08-10,57.045,57.203,56.966,57.004,4527,0
2016-08-11,57.401,57.608,57.322,57.559,4939,0
2016-08-12,57.5,57.633,57.381,57.49,6507,0
2016-08-15,57.786,57.885,57.786,57.846,4232,0
2016-08-16,57.59,57.767,57.529,57.529,4233,0
2016-08-17,57.431,57.431,57.213,57.346,5782,0
2016-08-18,57.342,57.569,57.342,57.477,2865,0
2016-08-19,57.51,57.836,57.342,57.765,16072,0
2016-08-22,57.559,57.816,57.51,57.806,10043,0
2016-08-23,58.044,58.518,58.044,58.36,15402,0
2016-08-24,58.142,58.301,57.974,58.014,4428,0
2016-08-25,57.875,58.172,57.875,58.013,17597,0
2016-08-26,58.199,58.459,57.818,57.846,10695,0
2016-08-29,57.955,58.296,57.955,58.187,7769,0
2016-08-30,58.241,58.291,58.123,58.219,6141,0
2016-08-31,58.32,58.32,57.662,57.817,5172,0
2016-09-01,57.885,57.885,57.529,57.784,20810,0
2016-09-02,58.093,58.337,58.054,58.261,6537,0
2016-09-06,58.261,58.261,57.826,58.063,21206,0
2016-09-07,58.113,58.417,58.004,58.364,7296,0
2016-09-08,58.39,58.39,58.254,58.254,1610,0
2016-09-09,57.505,57.608,56.919,56.919,6332,0
2016-09-12,56.808,57.658,56.728,57.599,16698,0
2016-09-13,56.916,56.916,56.461,56.689,9999,0
2016-09-14,56.693,56.795,56.396,56.452,17663,0
2016-09-15,56.392,57.158,56.392,57.055,59620,0
2016-09-16,56.689,56.827,56.55,56.763,6345,0
2016-09-19,57.134,57.183,56.936,56.966,2663,0
2016-09-20,56.986,56.986,56.748,56.818,3168,0
2016-09-21,56.758,57.381,56.758,57.381,6251,0
2016-09-22,57.47,57.786,57.47,57.688,18093,0
2016-09-23,57.707,57.707,57.391,57.49,5829,0
2016-09-26,57.144,57.203,56.847,56.946,12413,0
2016-09-27,56.768,57.312,56.768,57.282,6628,0
2016-09-28,57.465,57.638,57.129,57.599,3389,0
2016-09-29,57.44,57.623,57.055,57.055,6653,0
2016-09-30,57.183,57.81,57.183,57.618,8376,0
2016-10-03,57.46,57.628,57.322,57.46,4438,0
2016-10-04,57.599,57.707,57.285,57.421,4795,0
2016-10-05,57.49,57.923,57.49,57.816,7328,0
2016-10-06,57.599,57.875,57.529,57.875,5585,0
2016-10-07,57.747,57.747,57.41,57.707,4025,0
2016-10-10,57.747,58.133,57.747,57.925,4403,0
2016-10-11,57.411,57.49,57.09,57.302,3920,0
2016-10-12,57.332,57.584,57.173,57.51,5846,0
2016-10-13,57.243,57.381,56.907,57.381,3362,0
2016-10-14,57.549,57.599,57.203,57.223,8099,0
2016-10-17,56.966,57.258,56.966,57.045,4665,0
2016-10-18,57.589,57.687,57.412,57.608,6035,0
2016-10-19,57.747,57.905,57.391,57.905,2970,0
2016-10-20,57.688,58.053,57.688,57.915,6202,0
2016-10-21,57.517,57.86,57.517,57.86,1415,0
2016-10-24,58.073,58.34,58.01,58.113,16149,0
2016-10-25,58.172,58.172,57.885,57.936,3616,0
2016-10-26,57.747,58.044,57.668,57.939,6154,0
2016-10-27,58.33,58.33,57.747,57.747,3966,0
2016-10-28,57.658,57.902,57.385,57.49,4582,0
2016-10-31,57.529,57.727,57.529,57.697,6209,0
2016-11-01,57.707,57.798,57.05,57.312,10835,0
2016-11-02,57.243,57.322,56.928,57.19,4645,0
2016-11-03,57.084,57.549,56.986,57.015,16162,0
2016-11-04,57.035,57.569,56.897,57.114,19965,0
2016-11-07,58.152,58.37,58.152,58.33,9760,0
2016-11-08,58.39,58.548,58.133,58.548,3197,0
2016-11-09,58.142,59.998,58.142,59.863,10447,0
2016-11-10,59.912,61.112,59.912,60.812,15155,0
2016-11-11,60.664,61.256,60.565,61.101,3997,0
2016-11-14,61.139,62.066,61.139,62.029,6338,0
2016-11-15,61.702,62.068,61.699,62.068,5104,0
2016-11-16,61.821,61.821,61.652,61.791,2756,0
2016-11-17,61.732,62.473,61.732,62.454,6116,0
2016-11-18,62.661,62.661,62.278,62.365,12059,0
2016-11-21,62.79,62.79,62.533,62.77,10423,0
2016-11-22,62.81,62.968,62.723,62.89,9438,0
2016-11-23,62.75,63.272,62.75,63.272,7357,0
2016-11-25,63.591,63.591,63.472,63.472,1636,0
2016-11-28,63.166,63.166,62.896,62.978,4590,0
2016-11-29,62.889,63.017,62.812,62.826,2439,0
2016-11-30,63.024,63.116,62.794,62.82,14105,0
2016-12-01,63.017,63.176,62.782,62.978,5002,0
2016-12-02,62.812,62.964,62.76,62.76,6552,0
2016-12-05,63.245,63.325,63.156,63.274,3476,0
2016-12-06,63.591,63.789,63.176,63.789,3889,0
2016-12-07,63.789,64.817,63.789,64.758,10228,0
2016-12-08,64.975,65.272,64.402,65.133,5381,0
2016-12-09,65.41,65.41,64.896,65.163,18747,0
2016-12-12,65.381,65.381,64.475,64.599,9684,0
2016-12-13,64.698,64.906,64.447,64.54,7904,0
2016-12-14,64.481,64.882,64.085,64.376,4724,0
2016-12-15,64.58,64.864,64.536,64.631,8902,0
2016-12-16,64.847,64.847,64.123,64.247,8072,0
2016-12-19,64.51,64.51,64.263,64.342,8388,0
2016-12-20,64.53,64.917,64.53,64.916,6975,0
2016-12-21,64.857,64.916,64.603,64.817,3267,0
2016-12-22,64.599,64.599,64.137,64.137,4571,0
2016-12-23,64.408,64.408,64.2501,64.4,5296,0
2016-12-27,64.38,64.68,64.38,64.6089,7416,0
2016-12-28,64.9,64.9,64.15,64.15,4729,0
2016-12-29,64.2,64.27,63.7788,63.9,7926,0
2016-12-30,64.21,64.21,63.5023,63.5507,6688,0
2017-01-03,64.34,64.54,63.8201,64.2,11650,0
2017-01-04,64.25,65.09,64.25,65.02,11117,0
2017-01-05,64.97,64.97,63.9714,64.24,4102,0
2017-01-06,64.54,64.76,64.1952,64.53,13696,0
2017-01-09,64.63,64.63,64.1401,64.24,6267,0
2017-01-10,64.36,64.9,64.36,64.64,10181,0
2017-01-11,64.71,64.72,64.3464,64.71,8851,0
2017-01-12,64.71,64.71,63.86,64.418,7924,0
2017-01-13,64.52,64.724,64.52,64.7,5993,0
2017-01-17,64.64,64.64,64.23,64.26,5864,0
2017-01-18,64.2,64.65,64.2,64.65,15597,0
2017-01-19,64.76,65.965,63.9617,64.1122,9614,0
2017-01-20,64.06,64.42,64.06,64.29,7202,0
2017-01-23,64.03,64.234,63.8783,64.09,4474,0
2017-01-24,64.25,64.802,64.2,64.72,12856,0
2017-01-25,65.24,65.4099,65.0101,65.4083,23893,0
2017-01-26,65.59,65.669,65.3828,65.43,12210,0
2017-01-27,65.38,65.38,64.8024,64.96,8854,0
2017-01-30,64.77,64.77,64.03,64.72,14300,0
2017-01-31,64.38,64.73,64.087,64.7275,19492,0
2017-02-01,64.87,64.94,64.4516,64.7052,8683,0
2017-02-02,64.42,64.9199,64.34,64.64,11942,0
2017-02-03,65.1,65.21,64.97,65.19,11469,0
2017-02-06,65.19,65.19,64.83,65,7013,0
2017-02-07,65.1547,65.1547,64.78,64.84,11825,0
2017-02-08,64.79,64.97,64.6015,64.92,11807,0
2017-02-09,65.14,65.6055,64.9901,65.49,15316,0
2017-02-10,65.69,65.8,65.55,65.72,4653,0
2017-02-13,65.9,66.2299,65.9,65.99,13126,0
2017-02-14,66.08,66.25,65.9125,66.25,4137,0
2017-02-15,66.35,66.6868,66.2362,66.64,48678,0
2017-02-16,66.51,66.726,66.3101,66.46,26772,0
2017-02-17,66.07,66.5,66,66.5,58969,0
2017-02-21,66.76,66.99,66.7003,66.99,10946,0
2017-02-22,66.86,66.869,66.66,66.8099,9628,0
2017-02-23,67,67,66.4487,66.48,5924,0
2017-02-24,66.23,66.71,66.23,66.71,4936,0
2017-02-27,66.55,66.9399,66.5,66.7904,38547,0
2017-02-28,66.82,66.82,66.1301,66.177,12521,0
2017-03-01,67,67.179,66.9374,67.0626,7094,0
2017-03-02,66.84,67.35,66.59,66.59,12961,0
2017-03-03,66.47,66.6786,66.36,66.6786,3321,0
2017-03-06,66.42,66.42,66,66.29,14306,0
2017-03-07,65.88,66.0399,65.73,65.73,7790,0
2017-03-08,66,66.03,65.7501,65.8694,34051,0
2017-03-09,65.8487,65.8487,65.4,65.52,8491,0
2017-03-10,65.98,65.98,65.4601,65.7186,7371,0
2017-03-13,65.68,65.7999,65.68,65.75,10865,0
2017-03-14,65.43,65.4661,65.1981,65.4661,10379,0
2017-03-15,65.59,66.059,65.3901,65.96,11275,0
2017-03-16,66.14,66.14,65.8,65.86,9617,0
2017-03-17,66.13,66.13,65.6054,65.6359,5351,0
2017-03-20,65.62,65.62,65.271,65.2925,4095,0
2017-03-21,65.42,65.42,64,64,9965,0
2017-03-22,64,64.1914,63.743,64.1914,9272,0
2017-03-23,64.1,64.737,64.1,64.33,8383,0
2017-03-24,64.6,64.71,64.07,64.32,10207,0
2017-03-27,63.88,64.44,63.61,64.375,13174,0
2017-03-28,64.24,65.12,64.24,65.03,6903,0
2017-03-29,64.98,65.17,64.98,65.11,5955,0
2017-03-30,65.06,65.4887,65.06,65.47,5276,0
2017-03-31,65.44,65.5099,65.3508,65.3508,2909,0
2017-04-03,65.15,65.15,64.535,64.73,3942,0
2017-04-04,64.7,64.8729,64.7,64.87,5151,0
2017-04-05,64.94,65.414,64.6089,64.6089,4564,0
2017-04-06,64.39,64.9082,64.39,64.657,7728,0
2017-04-07,64.53,64.8399,64.53,64.7103,3745,0
2017-04-10,64.62,65.17,64.62,64.85,5382,0
2017-04-11,64.83,64.83,64.26,64.71,6711,0
2017-04-12,64.59,64.7125,64.36,64.52,4326,0
2017-04-13,64.21,64.5,63.95,63.95,3623,0
2017-04-17,64.13,64.26,64.0034,64.26,5894,0
2017-04-18,63.97,64.11,63.78,64.0138,67215,0
2017-04-19,64.31,64.49,64.065,64.12,5310,0
2017-04-20,64.42,65.0427,64.3,64.92,3667,0
2017-04-21,65,65,64.5278,64.6,4083,0
2017-04-24,65.42,65.42,65.22,65.35,8583,0
2017-04-25,65.72,65.73,65.5241,65.618,11944,0
2017-04-26,65.41,65.9041,65.41,65.59,9503,0
2017-04-27,65.53,65.53,65.2187,65.4,4660,0
2017-04-28,65.47,65.47,65.0568,65.1399,6862,0
2017-05-01,65.0881,65.268,65,65.07,10357,0
2017-05-02,64.95,65.39,64.95,65.39,5670,0
2017-05-03,65.05,65.242,64.81,65.0238,18749,0
2017-05-04,65.19,65.2,64.87,65.0782,4329,0
2017-05-05,65.02,65.2516,64.98,65.2516,7736,0
2017-05-08,65.18,65.38,65.11,65.1505,9126,0
2017-05-09,65.366,65.4609,65.16,65.16,10501,0
2017-05-10,65.37,65.5,65.2622,65.48,6129,0
2017-05-11,64.91,65.01,64.79,65.0004,4946,0
2017-05-12,64.74,64.74,64.34,64.4,12331,0
2017-05-15,64.78,64.9,64.78,64.8,3999,0
2017-05-16,64.87,64.87,64.4974,64.66,3607,0
2017-05-17,64.18,64.18,63.26,63.26,11246,0
2017-05-18,63.07,63.5539,63.07,63.29,7489,0
2017-05-19,63.47,64.15,63.47,63.91,5390,0
2017-05-22,64.21,64.3359,64.15,64.27,4790,0
2017-05-23,64.49,64.49,64.12,64.2042,5900,0
2017-05-24,64.09,64.2462,64.064,64.18,5798,0
2017-05-25,64.29,64.789,64.29,64.71,4767,0
2017-05-26,64.62,64.62,64.48,64.5405,5773,0
2017-05-30,64.23,64.7699,64.22,64.25,121843,0
2017-05-31,64.47,64.47,63.862,64.27,15641,0
2017-06-01,64.39,65.26,64.39,65.2262,8112,0
2017-06-02,65.44,65.47,65.318,65.47,4551,0
2017-06-05,65.23,65.308,65.0863,65.1,7051,0
2017-06-06,64.81,64.81,64.65,64.73,2736,0
2017-06-07,64.93,64.99,64.737,64.99,12460,0
2017-06-08,64.79,65.3217,64.79,65.18,4677,0
2017-06-09,65.39,65.76,65.37,65.72,21848,0
2017-06-12,66.14,66.14,65.8038,65.82,3711,0
2017-06-13,66.1715,66.2051,66.05,66.15,5699,0
2017-06-14,66.18,66.18,65.8,65.97,3698,0
2017-06-15,65.79,65.79,65.6201,65.7414,2591,0
2017-06-16,65.34,65.63,65.34,65.62,3755,0
2017-06-19,65.86,66.264,65.664,66.264,8096,0
2017-06-20,65.89,65.9628,65.6303,65.6303,4244,0
2017-06-21,65.57,65.6384,65.252,65.29,5310,0
2017-06-22,65.18,65.47,65.18,65.469,4591,0
2017-06-23,65.02,65.375,65.02,65.35,2125,0
2017-06-26,65.33,65.8402,65.33,65.76,5541,0
2017-06-27,66.0258,66.059,65.62,65.62,4516,0
2017-06-28,66.25,66.45,66.25,66.379,10799,0
2017-06-29,66.27,66.48,65.69,66.1303,13424,0
2017-06-30,66.1,66.3874,66.1,66.331,1510,0
2017-07-03,66.81,66.92,66.76,66.9101,10657,0
2017-07-05,66.79,66.79,66.49,66.68,11951,0
2017-07-06,66.2299,66.2299,65.7601,65.8,3616,0
2017-07-07,65.74,66.4199,65.74,66.36,4499,0
2017-07-10,66.09,66.22,66.05,66.22,3594,0
2017-07-11,66.1496,66.1496,65.9185,66.025,2961,0
2017-07-12,66.37,66.6199,66.37,66.44,4585,0
2017-07-13,66.5,66.7627,66.46,66.7627,3799,0
2017-07-14,66.83,66.96,66.6901,66.96,18116,0
2017-07-17,66.8,67.09,66.8,66.93,9067,0
2017-07-18,66.68,66.68,66.4649,66.51,5332,0
2017-07-19,66.73,66.84,66.67,66.81,5903,0
2017-07-20,66.8338,66.8728,66.6201,66.79,2173,0
2017-07-21,66.371,66.48,66.371,66.48,2821,0
2017-07-24,66.306,66.4064,66.306,66.4,5836,0
2017-07-25,66.24,67.05,66.24,66.92,22399,0
2017-07-26,66.94,66.94,66.73,66.7599,4734,0
2017-07-27,66.66,66.8099,66.45,66.8099,6753,0
2017-07-28,66.6,66.8399,66.6,66.75,6583,0
2017-07-31,66.73,66.89,66.67,66.89,3738,0
2017-08-01,66.74,66.91,66.74,66.91,2552,0
2017-08-02,66.63,66.73,66.37,66.5272,1339,0
2017-08-03,66.38,66.73,66.38,66.7022,1994,0
2017-08-04,66.82,66.91,66.784,66.784,1194,0
2017-08-07,66.8968,67.0199,66.8,67.0199,7218,0
2017-08-08,66.88,67.32,66.8,66.8,9658,0
2017-08-09,66.47,66.59,66.28,66.5,13136,0
2017-08-10,65.87,66.1448,65.31,65.3736,2849,0
2017-08-11,65.34,65.6156,65.34,65.442,1893,0
2017-08-14,66.15,66.1775,66.054,66.054,2008,0
2017-08-15,66.05,66.05,65.47,65.597,9821,0
2017-08-16,65.59,65.89,65.59,65.715,10186,0
2017-08-17,65.47,65.56,64.79,64.85,6207,0
2017-08-18,64.45,64.6607,64.4092,64.41,6020,0
2017-08-21,64.28,64.3824,64.11,64.34,6374,0
2017-08-22,64.7268,65.05,64.637,65.028,14411,0
2017-08-23,64.81,64.94,64.81,64.87,3919,0
2017-08-24,65.38,65.38,65.01,65.045,3821,0
2017-08-25,65.19,65.3799,65.19,65.2901,4466,0
2017-08-28,65.43,65.43,64.952,65.0092,2985,0
2017-08-29,64.5925,64.9168,64.54,64.9168,11138,0
2017-08-30,64.9,65.2,64.9,65.11,9195,0
2017-08-31,65.16,65.4588,65.16,65.42,2158,0
2017-09-01,65.55,65.8,65.55,65.79,2551,0
2017-09-05,65.63,65.63,64.8,64.95,26940,0
2017-09-06,65.01,65.4747,65.01,65.4747,5551,0
2017-09-07,64.97,64.97,64.755,64.92,12409,0
2017-09-08,64.7,65.43,64.7,65.33,17753,0
2017-09-11,66.12,66.285,65.9828,66.191,7843,0
2017-09-12,66.495,66.76,66.495,66.75,6058,0
2017-09-13,66.48,66.9223,66.48,66.8408,7684,0
2017-09-14,66.59,66.61,66.45,66.53,4474,0
2017-09-15,66.4,66.82,66.4,66.74,4403,0
2017-09-18,67.15,67.15,66.94,66.975,4544,0
2017-09-19,67.08,67.08,66.72,66.72,2509,0
2017-09-20,66.64,66.64,66.0778,66.62,5343,0
2017-09-21,66.65,66.65,66.5392,66.61,2902,0
2017-09-22,66.69,66.83,66.69,66.83,7559,0
2017-09-25,66.58,66.93,66.58,66.92,7962,0
2017-09-26,67,67.21,67,67.21,2316,0
2017-09-27,67.25,67.65,67.25,67.65,1879,0
2017-09-28,67.41,67.56,67.41,67.56,7345,0
2017-09-29,67.9499,67.9499,67.781,67.875,4738,0
2017-10-02,67.905,68.03,67.9,68.03,1529,0
2017-10-03,68.0629,68.1694,67.9495,68.1694,3057,0
2017-10-04,68.21,68.37,68.2,68.37,4767,0
2017-10-05,68.21,68.484,68.21,68.3201,11890,0
2017-10-06,68.09,68.37,68.071,68.15,10188,0
2017-10-09,67.65,67.71,67.56,67.58,3020,0
2017-10-10,67.9128,67.9128,67.711,67.73,4329,0
2017-10-11,67.5,67.5,67.365,67.4257,1916,0
2017-10-12,67.29,67.331,67.165,67.27,3597,0
2017-10-13,67.16,67.65,67.16,67.4518,5359,0
2017-10-16,67.3,67.59,67.27,67.5,4560,0
2017-10-17,67.48,67.6,67.365,67.59,7691,0
2017-10-18,67.43,67.8653,67.43,67.78,3623,0
2017-10-19,67.37,67.96,67.37,67.96,2106,0
2017-10-20,68.28,68.47,68.28,68.37,2556,0
2017-10-23,68.5,68.5,68.181,68.181,5125,0
2017-10-24,68.22,68.25,68.05,68.05,3552,0
2017-10-25,67.98,68.18,67.5682,67.95,3872,0
2017-10-26,67.931,68.2781,67.93,68.2781,2075,0
2017-10-27,67.99,68.21,67.83,68.101,2851,0
2017-10-30,67.85,68.06,67.638,67.66,2101,0
2017-10-31,67.61,67.8548,67.37,67.7401,2951,0
2017-11-01,67.8,68.11,67.79,68.1099,12494,0
2017-11-02,67.9001,68.11,67.87,68.11,4534,0
2017-11-03,67.98,68.065,67.98,68.03,6630,0
2017-11-06,67.81,68.105,67.81,68.09,3060,0
2017-11-07,67.4492,67.4492,67.4492,67.4492,1516,0
2017-11-08,67.31,67.6196,67.31,67.59,3758,0
2017-11-09,67.1819,67.58,67.1819,67.41,6390,0
2017-11-10,67.39,67.4625,67.3,67.435,11438,0
