Date,Open,High,Low,Close,Volume,OpenInt
2008-04-09,50.23,51.88,50.23,51.88,1200,0
2008-04-10,51.55,52.3,51.3,51.3,2600,0
2008-04-11,51,51.41,51,51.41,800,0
2008-04-14,51.35,51.35,51.35,51.35,100,0
2008-04-15,52.22,52.29,52.22,52.29,600,0
2008-04-16,52.85,53.16,52.37,52.76,900,0
2008-04-17,52,52.57,51.96,52.44,92949,0
2008-04-18,52.01,52.95,52.01,52.87,32700,0
2008-04-21,53,53.24,52.68,53.24,6800,0
2008-04-22,53.39,54.09,53.39,53.81,9668,0
2008-04-23,53.25,53.87,53.24,53.87,3100,0
2008-04-24,53.1,53.4,53.06,53.4,314,0
2008-04-25,53.32,53.99,53.32,53.85,788,0
2008-04-28,53.7,53.7,53.51,53.51,500,0
2008-04-29,53.1,53.1,52.63,52.64,1600,0
2008-05-01,51.19,51.19,50.18,50.77,3418,0
2008-05-02,52.21,52.21,52.21,52.21,300,0
2008-05-06,53.8,54.63,53.8,54.63,2477,0
2008-05-07,54.71,56.16,54.57,56.16,1070,0
2008-05-08,56.93,56.93,56.76,56.76,200,0
2008-05-09,58.54,59.38,58.25,59.34,11938,0
2008-05-12,58.9,59.17,57.9,57.9,1200,0
2008-05-13,59.22,60.47,59.22,60.28,10600,0
2008-05-14,60.02,60.02,58.96,58.96,1520,0
2008-05-15,59.58,59.77,58.1,59.01,3870,0
2008-05-16,60.33,60.42,59.95,60.37,4375,0
2008-05-19,61.68,61.68,59.9,60.19,3896,0
2008-05-20,61.44,61.79,61.39,61.63,6235,0
2008-05-21,61.92,64.19,61.92,64.16,12750,0
2008-05-22,65.57,65.79,63.86,64.42,35230,0
2008-05-23,65.31,65.37,62.97,63.2,11097,0
2008-05-27,63.19,63.46,61.99,62.02,3520,0
2008-05-28,61.82,62.84,61.58,62.49,4191,0
2008-05-29,61.88,63.06,59.97,60.33,5700,0
2008-05-30,60.3,60.45,59.76,59.83,7831,0
2008-06-02,59.43,61.02,59.43,60.63,3950,0
2008-06-03,60.39,60.39,59.14,59.19,5653,0
2008-06-04,58.54,58.63,57.59,57.73,6180,0
2008-06-05,58.42,59.77,58.13,59.76,1647,0
2008-06-06,61.24,64.76,61.24,64.54,7484,0
2008-06-09,63.41,64.02,63.11,63.19,2057,0
2008-06-10,63.72,64.41,61.91,61.91,3035,0
2008-06-11,63.39,65.15,62.85,64.7,6500,0
2008-06-12,63.1,64.54,63.1,64.15,5600,0
2008-06-13,63.1,63.23,62.78,62.78,1493,0
2008-06-16,63.9,63.9,62,62,3516,0
2008-06-17,61.3,62.05,61.3,62.05,1300,0
2008-06-18,61.93,62.74,60.82,62.54,3590,0
2008-06-19,62.61,62.61,60.27,60.28,4164,0
2008-06-20,61.9,62.36,61.25,61.25,7250,0
2008-06-23,61.6,62.65,61.6,61.91,9460,0
2008-06-24,62.03,62.26,61.68,62.05,3375,0
2008-06-25,61.67,61.67,60,60.91,6350,0
2008-06-26,62.47,63.3,62.47,63.26,5761,0
2008-06-27,63.57,64.61,63.37,63.67,22131,0
2008-06-30,64.73,64.73,63.39,63.45,3480,0
2008-07-01,64.52,64.52,63.77,63.79,4897,0
2008-07-02,63.65,65.9,63.59,65.82,4800,0
2008-07-03,66,66.32,65.89,66.08,3575,0
2008-07-07,66.15,66.15,63.61,64.01,5054,0
2008-07-08,62.8,62.86,60.96,61.74,5879,0
2008-07-09,62.57,62.65,62.02,62.02,1415,0
2008-07-10,63.64,65.31,63.47,65.05,6133,0
2008-07-11,67.05,67.25,65.51,65.64,6478,0
2008-07-14,66.13,66.51,65.5,65.68,3589,0
2008-07-15,65.99,66.05,62.11,63.17,5600,0
2008-07-16,63.14,63.27,60.98,62.11,4408,0
2008-07-17,62.22,62.81,60.54,60.56,3530,0
2008-07-18,58.58,61.03,58.58,59.68,3789,0
2008-07-21,59.99,60.79,59.83,60.79,1884,0
2008-07-22,60.11,60.22,58.99,59,2400,0
2008-07-23,58.49,58.68,57.21,57.22,7478,0
2008-07-24,57.57,57.69,57.57,57.57,1900,0
2008-07-25,57,57.03,56.92,56.92,1400,0
2008-07-28,57,57.53,56.98,57.53,1602,0
2008-07-29,56.02,56.17,55.91,55.98,8155,0
2008-07-30,55.8,56.99,55.74,56.99,2665,0
2008-07-31,56.54,56.54,55.6,55.6,1500,0
2008-08-01,56.46,56.46,55.05,55.05,1400,0
2008-08-04,55,55,53.68,53.78,900,0
2008-08-05,53.14,53.67,52.39,52.46,15964,0
2008-08-06,52.84,52.87,51.7,51.7,1014,0
2008-08-07,52.4,52.4,51.64,51.85,662,0
2008-08-08,50.38,50.42,50.11,50.11,2000,0
2008-08-11,50.69,50.69,49.5,50.19,2255,0
2008-08-12,49.22,50.04,49.22,49.46,5200,0
2008-08-13,49.54,50.9,49.5,50.34,6450,0
2008-08-14,49.82,50.24,45,50.24,3593,0
2008-08-15,49.4,49.46,48.63,49.46,1328,0
2008-08-19,49.43,50.8,49.43,50.04,2300,0
2008-08-20,49.69,49.7,49.69,49.7,300,0
2008-08-21,52.52,53.61,52.34,53.06,9253,0
2008-08-22,52.18,52.18,50.1,50.1,2180,0
2008-08-25,50.28,50.8,50,50.74,1747,0
2008-08-26,51.52,52.13,51.07,51.5,9385,0
2008-08-27,52.78,53.09,51.92,52.05,5708,0
2008-08-28,53.22,53.22,50.57,50.97,6699,0
2008-08-29,51.71,51.8,50.71,50.79,3700,0
2008-09-02,50.26,50.26,47.93,49.31,4610,0
2008-09-03,48.62,48.78,48.15,48.78,4135,0
2008-09-04,48.73,48.73,47.6,47.6,1925,0
2008-09-05,47.24,50.06,47,47.24,3750,0
2008-09-08,48.5,48.5,47.75,48.07,1400,0
2008-09-09,50.03,50.03,46.01,46.01,6069,0
2008-09-10,46.82,47.63,45.75,46.27,1050,0
2008-09-11,46.63,46.63,46,46,1650,0
2008-09-12,47.32,47.33,46.66,46.68,2449,0
2008-09-15,43.7,45,42.7,43.94,4700,0
2008-09-16,42.5,44.19,42.27,43.73,2250,0
2008-09-17,43.81,45.06,42.2,44.92,3025,0
2008-09-18,45.5,45.6,44.09,44.09,1200,0
2008-09-19,45.5,46.8,44.88,46.8,4900,0
2008-09-22,47.82,48.63,47.46,48.44,4230,0
2008-09-23,48.44,48.44,47.12,47.82,1505,0
2008-09-24,48.6,48.6,47.6,48.02,910,0
2008-09-25,49.96,49.96,47.36,47.61,2120,0
2008-09-26,47.41,48.03,47,48.02,4050,0
2008-09-29,45.48,45.92,43.6,43.6,2100,0
2008-09-30,45.31,46.07,43.4,46.07,2250,0
2008-10-01,44.24,45.55,44.24,45.11,1750,0
2008-10-02,44.18,44.18,42.83,42.83,1800,0
2008-10-03,42.9,42.9,41.96,42.05,1365,0
2008-10-06,40.89,40.94,36.82,39.61,3885,0
2008-10-07,38.42,40.08,38.42,39.63,749,0
2008-10-08,38.62,39,38,38,2830,0
2008-10-09,38.8,39.07,37.72,37.77,3800,0
2008-10-10,36.93,42.87,34.99,35.56,26687,0
2008-10-13,36.33,37.05,36.33,37.05,675,0
2008-10-14,38.08,38.08,36.52,37.07,3700,0
2008-10-15,35,35.04,33.2,35.04,2150,0
2008-10-16,34.1,34.1,32.11,33,2875,0
2008-10-17,33.94,34.78,33.94,33.97,5000,0
2008-10-20,35.49,35.63,34.1,35.43,5208,0
2008-10-21,34.24,34.51,33.98,34.13,2155,0
2008-10-22,33.12,33.3,32.07,32.16,3475,0
2008-10-23,32.48,32.72,32.48,32.53,820,0
2008-10-24,30.99,31.59,30.89,31.24,2200,0
2008-10-27,30.43,31.08,30.43,30.43,582,0
2008-10-28,30.95,31,29.75,30.66,8115,0
2008-10-29,31.62,32.55,31.62,32.13,5650,0
2008-10-30,31.82,31.82,30.75,31.22,1200,0
2008-10-31,30.62,32.78,30.62,32.78,5215,0
2008-11-03,32,32,31.24,31.24,1800,0
2008-11-04,32.77,33.97,32.77,33.72,8490,0
2008-11-05,33.3,33.3,32,32.27,1700,0
2008-11-06,31.58,31.58,30.26,30.59,5000,0
2008-11-07,31.93,31.93,30.88,31.16,1700,0
2008-11-10,32.66,32.66,30.75,31.48,3382,0
2008-11-11,30.48,30.48,30.23,30.23,1600,0
2008-11-12,29.3,29.3,28.8,28.8,1425,0
2008-11-13,29.16,30.46,28.54,30.46,3714,0
2008-11-14,29.05,29.05,28.7,28.87,1200,0
2008-11-17,29.51,29.51,27,28.2,2950,0
2008-11-18,28.06,28.2,27.17,27.5,2660,0
2008-11-19,28.02,28.02,27.57,27.59,2200,0
2008-11-20,27,27.16,25.5,26.36,3239,0
2008-11-21,26.37,27,24.9,27,3968,0
2008-11-24,26.69,28.2,26.54,27.91,6150,0
2008-11-25,27.02,27.31,26.92,27.31,400,0
2008-11-26,27.4,27.4,27.01,27.26,675,0
2008-11-28,28.97,28.97,26.62,26.62,5850,0
2008-12-01,25.46,26.33,25.09,25.09,5853,0
2008-12-02,27.64,27.64,24.69,24.69,4100,0
2008-12-03,26,27.06,23.84,23.84,2800,0
2008-12-04,24.21,24.47,23.75,23.79,1379,0
2008-12-05,22.71,22.94,21.5,22.25,8675,0
2008-12-08,24.02,24.02,21.8,23.07,6025,0
2008-12-09,23.27,23.27,22.12,22.23,3000,0
2008-12-10,22.97,22.97,21.3,21.78,8360,0
2008-12-11,22.6,23.57,22.6,23.05,12879,0
2008-12-12,22.3,23.41,22.03,23.08,4350,0
2008-12-15,24.44,24.44,22.77,22.77,8050,0
2008-12-16,23.7,23.7,22.69,22.69,3610,0
2008-12-17,23.26,23.26,22.59,22.98,4870,0
2008-12-18,22.4,22.82,21.66,21.66,35035,0
2008-12-19,21.66,21.88,21.57,21.76,3390,0
2008-12-22,22.15,22.15,20.83,20.83,24965,0
2008-12-23,20.9,20.97,20.15,20.58,7898,0
2008-12-24,19.92,19.92,19.72,19.89,5951,0
2008-12-26,18.87,19.33,18.75,19.31,29070,0
2008-12-29,19.79,19.98,19.33,19.9,6276,0
2008-12-30,19.87,19.87,19.87,19.87,1100,0
2008-12-31,20.02,21.59,19.99,21.59,4300,0
2009-01-02,21.79,22.72,21.74,22.43,3565,0
2009-01-05,22.97,24.16,22.94,23.8,27256,0
2009-01-06,25.1,25.2,24.5,24.63,33003,0
2009-01-07,24.49,24.62,23.39,23.55,11200,0
2009-01-08,23.74,23.79,22.86,23.18,3612,0
2009-01-09,22.43,22.75,22,22.72,5153,0
2009-01-12,22.27,22.5,22.05,22.48,1400,0
2009-01-13,22.9,23.39,22.78,23.11,5069,0
2009-01-14,22.5,22.5,21.72,22.24,4494,0
2009-01-15,21.99,22.64,21.76,22.51,4227,0
2009-01-16,23.12,23.16,22.09,22.11,1130,0
2009-01-20,21.98,21.98,20.88,20.99,2167,0
2009-01-21,20.95,21.18,20.79,21.18,1463,0
2009-01-22,20.69,20.92,20.11,20.5,4745,0
2009-01-23,20.29,21.99,20.29,21.82,1045,0
2009-01-26,22.33,22.33,21.92,22.02,3210,0
2009-01-27,21.35,21.35,20.96,21.03,16800,0
2009-01-28,21.39,22.1,21.38,21.72,11400,0
2009-01-29,21.48,21.91,21.48,21.67,6100,0
2009-02-02,20.87,20.87,20.61,20.82,2750,0
2009-02-03,20.5,20.5,20.38,20.38,300,0
2009-02-04,20.54,20.66,20.41,20.41,13100,0
2009-02-05,20.39,20.84,20.39,20.84,2302,0
2009-02-06,20.08,20.9,20.08,20.76,4975,0
2009-02-09,21.39,21.56,20.87,20.87,4728,0
2009-02-10,21.47,21.47,20,20.08,750,0
2009-02-11,20.26,20.36,20.16,20.36,1508,0
2009-02-12,20.28,20.28,20.12,20.27,3480,0
2009-02-13,20.16,20.17,19.93,19.93,1750,0
2009-02-17,19,19,18.01,18.01,28400,0
2009-02-18,18.17,18.17,17.61,17.61,3910,0
2009-02-19,17.8,18.36,17.58,18.32,11180,0
2009-02-20,17.83,18,17.72,17.76,3000,0
2009-02-23,18.75,18.75,17.85,17.85,1800,0
2009-02-24,18.36,18.54,18.3,18.51,4150,0
2009-02-25,18.37,19,18.37,19,2500,0
2009-02-26,19.44,19.92,19.44,19.78,8000,0
2009-02-27,19.17,19.37,19.02,19.37,1852,0
2009-03-02,18.56,18.56,17.8,17.8,1550,0
2009-03-03,18.01,18.15,17.75,18.15,800,0
2009-03-04,18.5,18.58,18.24,18.55,2200,0
2009-03-05,18.52,18.52,18,18,2500,0
2009-03-06,18.28,18.28,18.28,18.28,5000,0
2009-03-09,19,19.19,18.73,18.84,5900,0
2009-03-10,19.3,19.3,18.91,18.91,2600,0
2009-03-11,18.15,18.33,17.29,17.62,13095,0
2009-03-12,17.52,18.76,17.52,18.7,2450,0
2009-03-13,18.92,19.05,18.42,18.42,12114,0
2009-03-16,17.93,18.72,17.59,18.58,1250,0
2009-03-17,18.97,19.62,18.97,19.62,2500,0
2009-03-18,19.71,19.95,19.05,19.95,21605,0
2009-03-19,20.85,20.99,20.63,20.73,2480,0
2009-03-20,20.86,21.25,20.86,21.25,3089,0
2009-03-23,21.39,22.55,21.39,22.5,23324,0
2009-03-24,22.71,22.93,22.59,22.93,2294,0
2009-03-25,22.54,22.72,22.17,22.4,4579,0
2009-03-26,22.52,22.61,22.44,22.59,6715,0
2009-03-27,22.14,22.29,21.84,21.86,5660,0
2009-03-30,21.18,21.18,20.56,20.6,10870,0
2009-03-31,20.77,20.77,20.61,20.61,3900,0
2009-04-01,20.11,20.42,19.88,20.42,8044,0
2009-04-02,21.51,21.93,21.51,21.83,1582,0
2009-04-03,21.65,21.65,21.47,21.47,1500,0
2009-04-06,21.32,21.69,21.14,21.14,3330,0
2009-04-07,21.14,21.26,21.08,21.08,1600,0
2009-04-08,21.05,21.88,21.05,21.51,4300,0
2009-04-09,21.87,21.87,21.53,21.62,4100,0
2009-04-13,20.56,21.74,20.48,21.2,10610,0
2009-04-14,21.61,21.68,21.25,21.25,3445,0
2009-04-15,21,21.5,21,21.5,550,0
2009-04-16,21.56,21.65,21.3,21.51,6900,0
2009-04-17,21.74,21.74,21.6,21.6,465,0
2009-04-20,20.55,20.55,20.07,20.23,3950,0
2009-04-21,19.79,20.55,19.79,20.55,1400,0
2009-04-22,20.23,20.23,19.94,20.16,2148,0
2009-04-23,20.16,20.16,19.77,19.91,6590,0
2009-04-24,20.57,20.66,20.47,20.64,1511,0
2009-04-27,20.25,20.25,20.25,20.25,402,0
2009-04-28,19.75,19.97,19.75,19.88,4075,0
2009-04-29,20.17,20.33,20.08,20.11,3000,0
2009-04-30,19.8,20,19.8,19.96,5800,0
2009-05-01,20.37,20.74,20.35,20.53,3360,0
2009-05-04,21,21.38,21,21.36,10330,0
2009-05-05,21.16,21.38,21.16,21.38,736,0
2009-05-06,21.77,22.04,21.67,21.97,6160,0
2009-05-07,22.78,22.78,21.78,21.98,4349,0
2009-05-08,22.54,22.68,22.4,22.68,6525,0
2009-05-11,22.41,22.41,22.26,22.36,3165,0
2009-05-12,22.54,22.58,22.23,22.58,78966,0
2009-05-13,22.5,22.8,22.16,22.32,32490,0
2009-05-14,22.04,22.42,22,22.34,9012,0
2009-05-15,21.82,22.13,21.18,21.36,5956,0
2009-05-18,21.91,22.24,21.8,22.15,26640,0
2009-05-19,21.8,22.35,21.8,22.12,3840,0
2009-05-20,22.43,22.91,22.43,22.88,4036,0
2009-05-21,22.48,22.78,22.28,22.78,8776,0
2009-05-22,22.76,22.92,22.5,22.86,6070,0
2009-05-26,22.22,23.06,22.22,23.01,9199,0
2009-05-27,23.23,23.33,23.02,23.19,8000,0
2009-05-28,23.56,24,23.5,23.84,36395,0
2009-05-29,24.52,24.64,24.34,24.64,4300,0
2009-06-01,25.3,25.97,25.29,25.96,9477,0
2009-06-02,25.93,26.48,25.86,26.46,12511,0
2009-06-03,25.92,25.93,25.12,25.46,8202,0
2009-06-04,26.11,26.45,25.99,26.12,3809,0
2009-06-05,26.2,26.2,25.74,26.12,6990,0
2009-06-08,26,26.16,25.97,26.16,2865,0
2009-06-09,26.5,26.51,26.22,26.48,10106,0
2009-06-10,26.75,27.07,26.62,26.63,20967,0
2009-06-11,27.1,27.38,27.07,27.22,4350,0
2009-06-12,26.9,27.02,26.78,26.99,5019,0
2009-06-15,26.81,26.81,26.27,26.6,5454,0
2009-06-16,27.26,27.3,26.73,26.82,9416,0
2009-06-17,26.73,27.35,26.52,27.34,17641,0
2009-06-18,27,27.29,26.94,27,7800,0
2009-06-19,27.11,27.13,26.2,26.4,8244,0
2009-06-22,25.7,25.72,25.23,25.46,18677,0
2009-06-23,25.65,26.16,25.28,26.13,7471,0
2009-06-24,26.03,26.04,25.66,25.78,5951,0
2009-06-25,26.27,26.39,26.23,26.39,714,0
2009-06-26,26.09,26.09,25.5,25.72,3969,0
2009-06-29,26.08,26.47,26.08,26.4,5489,0
2009-06-30,26.05,26.05,25.39,25.77,4865,0
2009-07-01,26.2,26.26,25.2,25.35,6785,0
2009-07-02,24.63,24.63,24.35,24.44,9575,0
2009-07-06,23.62,23.81,23.43,23.43,4980,0
2009-07-07,23.23,23.23,22.89,22.89,2400,0
2009-07-08,22.69,22.69,22.14,22.17,30570,0
2009-07-09,22.17,22.17,22,22.08,4553,0
2009-07-10,21.84,22.14,21,22,10117,0
2009-07-13,21.88,21.88,21.55,21.6,22114,0
2009-07-14,21.9,22.05,21.54,21.67,55535,0
2009-07-15,22.68,22.89,22.68,22.89,2351,0
2009-07-16,23.04,23.06,23.03,23.04,2331,0
2009-07-17,23.22,23.85,23.21,23.61,4370,0
2009-07-20,24.04,24.23,23.87,24.23,3100,0
2009-07-21,24.7,24.72,24.38,24.38,1900,0
2009-07-22,24.09,24.58,24.09,24.55,891,0
2009-07-23,25.03,25.21,25.03,25.21,1507,0
2009-07-24,25.45,25.58,25.28,25.48,5762,0
2009-07-27,25.53,25.63,25.51,25.61,11189,0
2009-07-28,25.14,25.26,25.08,25.15,4713,0
2009-07-29,24.66,24.77,23.75,23.75,9750,0
2009-07-30,24.44,25.24,24.36,25.2,9187,0
2009-07-31,24.82,25.85,24.82,25.78,4980,0
2009-08-03,26.48,26.62,26.3,26.44,4530,0
2009-08-04,26.33,26.8,26.22,26.8,7950,0
2009-08-05,27.03,27.53,26.6,27.5,6325,0
2009-08-06,27.62,27.69,27.16,27.3,5260,0
2009-08-07,27.09,27.19,26.89,26.96,3490,0
2009-08-10,27.28,27.28,26.91,27.17,3350,0
2009-08-11,26.98,26.98,26.72,26.86,3890,0
2009-08-12,27,27.14,26.72,26.74,3885,0
2009-08-13,26.93,27.05,26.79,27.05,95484,0
2009-08-14,27.08,28.86,25.79,26.09,227083,0
2009-08-17,25.52,25.77,25.23,25.69,7895,0
2009-08-18,26.21,26.34,26.15,26.21,11733,0
2009-08-19,26.27,27.1,26.2,27.1,4004,0
2009-08-20,26.88,26.93,26.5,26.65,3369,0
2009-08-21,26.94,27.03,26.7,26.84,38723,0
2009-08-24,27.06,27.07,26.96,26.96,17723,0
2009-08-25,26.95,27,26.05,26.09,31510,0
2009-08-26,25.67,26.09,25.65,26.09,3521,0
2009-08-27,25.72,26.19,25.58,26.17,1682,0
2009-08-28,26.3,26.38,25.94,25.94,1025,0
2009-08-31,25.37,25.37,24.89,25.04,9450,0
2009-09-01,25.23,25.54,24.5,24.5,28856,0
2009-09-02,24.33,24.45,24.12,24.33,14478,0
2009-09-03,24.1,24.22,24.05,24.07,531,0
2009-09-04,23.96,23.96,23.68,23.81,2001,0
2009-09-08,25,25.07,24.78,24.78,5900,0
2009-09-09,24.95,25.16,24.95,24.99,4287,0
2009-09-10,24.75,24.93,24.66,24.93,6235,0
2009-09-11,25.06,25.06,23.98,24.09,199413,0
2009-09-14,23.96,24.18,23.86,24.18,17360,0
2009-09-15,24.23,24.72,24.02,24.72,16200,0
2009-09-16,24.59,25.33,24.5,25.28,59443,0
2009-09-17,25.33,25.67,25.33,25.5,31955,0
2009-09-18,25.57,25.63,25.25,25.33,48251,0
2009-09-21,24.56,24.64,24.24,24.3,19680,0
2009-09-22,24.98,25.19,24.85,25.17,35619,0
2009-09-23,25.22,25.22,24.23,24.3,22667,0
2009-09-24,24.06,24.09,23.35,23.36,27645,0
2009-09-25,23.38,23.52,23.13,23.27,11039,0
2009-09-28,23.24,23.78,23.24,23.5,7390,0
2009-09-29,23.43,23.63,23.38,23.53,34575,0
2009-09-30,23.6,25,23.4,24.93,28087,0
2009-10-01,24.98,25.13,24.55,24.82,20049,0
2009-10-02,24.16,24.6,24.16,24.38,12930,0
2009-10-05,24.09,24.53,23.77,24.45,21482,0
2009-10-06,24.73,25.07,24.64,24.79,27556,0
2009-10-07,24.9,25.11,24.12,24.42,33814,0
2009-10-08,24.32,25.28,24.2,25.02,45577,0
2009-10-09,25.17,25.5,25.11,25.48,18530,0
2009-10-12,26.02,26.05,25.84,25.86,19543,0
2009-10-13,26.12,26.33,25.93,26.24,143006,0
2009-10-14,26.47,26.57,26.36,26.56,24914,0
2009-10-15,26.65,27.56,26.6,27.48,53500,0
2009-10-16,27.41,27.75,27.3,27.71,31542,0
2009-10-19,27.71,27.98,27.64,27.91,35701,0
2009-10-20,27.93,27.99,27.64,27.82,17525,0
2009-10-21,27.7,28.92,27.7,28.5,24896,0
2009-10-22,28.54,28.58,28.14,28.45,23315,0
2009-10-23,28.43,28.43,28,28.12,17165,0
2009-10-26,28.42,28.67,27.55,27.67,15835,0
2009-10-27,27.83,28.02,27.46,27.85,6745,0
2009-10-28,27.72,27.72,27.06,27.06,15818,0
2009-10-29,27.59,28.08,27.59,27.9,5630,0
2009-10-30,27.66,27.66,26.94,26.99,10310,0
2009-11-02,26.9,27.35,26.89,26.89,3306,0
2009-11-03,27.05,27.84,27,27.79,8992,0
2009-11-04,27.85,28.17,27.77,27.91,16678,0
2009-11-05,27.91,28,27.54,27.65,10920,0
2009-11-06,27.02,27.32,26.5,26.95,18910,0
2009-11-09,27.42,27.88,27.36,27.66,3900,0
2009-11-10,27.81,27.81,27.32,27.54,4349,0
2009-11-11,27.77,27.85,27.5,27.57,3840,0
2009-11-12,27.15,27.15,26.55,26.55,9378,0
2009-11-13,26.35,26.45,26.22,26.39,24485,0
2009-11-16,26.56,27.44,26.56,27.22,25950,0
2009-11-17,27.3,27.7,27.3,27.57,4892,0
2009-11-18,27.82,27.85,27.32,27.41,8395,0
2009-11-19,27.41,27.41,26.7,26.83,27043,0
2009-11-20,26.39,26.66,26.3,26.53,9400,0
2009-11-23,27.13,27.25,26.54,26.54,26371,0
2009-11-24,26.6,26.6,26,26.23,16079,0
2009-11-25,26.21,26.8,26.12,26.7,6715,0
2009-11-27,25.59,26.5,25.59,26.5,5588,0
2009-11-30,26.24,27.15,26.24,26.89,13148,0
2009-12-01,27.43,27.55,27.37,27.37,16163,0
2009-12-02,27.26,27.26,26.75,26.79,6630,0
2009-12-03,26.74,27.1,26.59,27.1,2400,0
2009-12-04,27.4,27.4,26.7,26.79,7981,0
2009-12-07,26.57,26.66,26.4,26.44,3565,0
2009-12-08,26.35,26.35,26.11,26.15,6231,0
2009-12-09,26.15,26.16,25.11,25.16,43075,0
2009-12-10,25.1,25.22,24.87,24.97,10469,0
2009-12-11,25.11,25.14,24.89,25.14,16560,0
2009-12-14,25.19,25.29,25.04,25.04,15078,0
2009-12-15,25.21,25.37,24.98,25.01,140512,0
2009-12-16,25.4,25.92,25.4,25.92,15886,0
2009-12-17,25.75,25.79,25.35,25.55,15276,0
2009-12-18,26.02,26.15,25.67,25.67,4390,0
2009-12-21,25.93,25.96,25.47,25.51,3200,0
2009-12-22,25.45,25.57,25.18,25.55,18971,0
2009-12-23,26.15,26.76,26.14,26.46,13545,0
2009-12-24,26.49,26.64,26.49,26.64,1933,0
2009-12-28,27.28,27.37,27.16,27.32,9714,0
2009-12-29,27.68,27.7,27.4,27.6,9538,0
2009-12-30,27.69,27.75,27.51,27.61,10210,0
2009-12-31,27.75,27.83,27.54,27.61,16952,0
2010-01-04,28.32,28.6,28.26,28.57,13755,0
2010-01-05,28.65,28.65,28.28,28.56,15859,0
2010-01-06,28.34,28.96,28.17,28.63,44380,0
2010-01-07,30.51,30.51,28.38,28.46,36569,0
2010-01-08,28.3,28.71,28.3,28.71,3803,0
2010-01-11,28.71,28.8,28.26,28.26,39633,0
2010-01-12,28,28.07,27.6,27.7,18195,0
2010-01-13,27.38,27.43,26.9,27.28,15960,0
2010-01-14,27.15,27.15,26.94,27.07,15113,0
2010-01-15,26.93,26.93,26.59,26.68,2617,0
2010-01-19,26.25,26.66,26.19,26.63,9367,0
2010-01-20,26.27,26.29,26.08,26.29,8233,0
2010-01-21,26.32,26.43,25.81,25.83,18525,0
2010-01-22,25.65,25.67,25.16,25.16,9480,0
2010-01-25,25.34,25.53,25.25,25.53,13681,0
2010-01-26,25.26,25.45,25.26,25.38,46802,0
2010-01-27,25.36,25.39,24.73,24.95,23600,0
2010-01-28,24.9,25.03,24.8,25.03,7235,0
2010-01-29,25.06,25.11,24.67,24.76,6135,0
2010-02-01,25.1,25.31,25.04,25.31,425,0
2010-02-02,25.51,26.26,25.51,26.26,4388,0
2010-02-03,26.48,26.5,26.08,26.11,14700,0
2010-02-04,25.73,25.73,24.83,24.99,19800,0
2010-02-05,24.87,24.87,23.64,24.44,40419,0
2010-02-08,24.34,24.49,24.21,24.26,3281,0
2010-02-09,24.75,25.12,24.57,25.06,11250,0
2010-02-10,24.97,25.31,24.75,25.25,6575,0
2010-02-11,25.27,25.55,25,25.34,10615,0
2010-02-12,24.91,24.92,24.58,24.81,11307,0
2010-02-16,25.36,25.94,25.36,25.79,11130,0
2010-02-17,25.77,26.01,25.72,26.01,5559,0
2010-02-18,26.19,26.53,26.04,26.51,11815,0
2010-02-19,26.54,26.82,26.47,26.82,9823,0
2010-02-22,26.88,26.92,26.72,26.81,10998,0
2010-02-23,26.16,26.44,26.16,26.24,6958,0
2010-02-24,26.3,26.51,26.27,26.51,3110,0
2010-02-25,25.79,25.79,25.41,25.71,5641,0
2010-02-26,26.25,26.28,26.11,26.12,5055,0
2010-03-01,26.43,26.5,25.96,26.05,1956,0
2010-03-02,26.18,26.77,26.18,26.41,15121,0
2010-03-03,26.69,26.91,26.69,26.91,25073,0
2010-03-04,26.64,26.7,26.61,26.64,2673,0
2010-03-05,26.83,27.1,26.83,27.03,4243,0
2010-03-08,27.17,27.17,26.8,27.1,4615,0
2010-03-09,26.89,26.96,26.76,26.81,3900,0
2010-03-10,26.85,27.25,26.75,27.16,3888,0
2010-03-11,27.25,27.31,27.1,27.29,6457,0
2010-03-12,27.32,27.32,26.96,26.96,2320,0
2010-03-15,26.5,26.5,26.41,26.47,814,0
2010-03-16,26.82,27.19,26.82,27.19,3550,0
2010-03-17,27.42,27.5,27.29,27.48,3575,0
2010-03-18,27.36,27.38,27.13,27.26,3750,0
2010-03-19,27.16,27.16,26.36,26.67,2700,0
2010-03-22,26.11,26.79,26.09,26.79,3860,0
2010-03-23,26.67,26.93,26.67,26.91,800,0
2010-03-24,26.59,26.74,26.59,26.61,2700,0
2010-03-25,26.8,26.82,26.52,26.6,10736,0
2010-03-26,26.63,26.66,26.46,26.64,7200,0
2010-03-29,27.02,27.4,27.02,27.22,5350,0
2010-03-30,27.25,27.31,27.25,27.31,2900,0
2010-03-31,27.59,27.74,27.29,27.67,4950,0
2010-04-01,28.14,28.38,28.14,28.38,3990,0
2010-04-05,28.73,29,28.69,28.95,3800,0
2010-04-06,29.03,29.03,28.88,28.97,1500,0
2010-04-07,28.91,28.91,28.59,28.59,3725,0
2010-04-08,28.3,28.58,28.3,28.56,1450,0
2010-04-09,28.68,28.69,28.3,28.3,2284,0
2010-04-12,28.44,28.64,28.31,28.31,5106,0
2010-04-13,28.39,28.39,27.98,28.3,1422,0
2010-04-14,28.37,28.84,28.29,28.84,1000,0
2010-04-15,28.82,28.82,28.7,28.79,10681,0
2010-04-16,28.51,28.51,28.02,28.31,3500,0
2010-04-19,27.51,27.69,27.5,27.69,6105,0
2010-04-20,27.82,27.92,27.82,27.87,2200,0
2010-04-21,28.17,28.27,28.17,28.26,8500,0
2010-04-22,27.99,28.41,27.99,28.3,2200,0
2010-04-23,28.46,28.78,28.46,28.77,3385,0
2010-04-26,28.7,28.76,28.6,28.62,3055,0
2010-04-27,28.63,28.75,28.41,28.44,30330,0
2010-04-28,28.38,28.45,28.1,28.45,1250,0
2010-04-29,28.91,28.96,28.85,28.85,845,0
2010-04-30,29.12,29.36,29.02,29.25,6885,0
2010-05-03,29.51,29.78,29.51,29.65,5565,0
2010-05-04,29.16,29.23,28.58,28.59,6296,0
2010-05-05,27.51,27.84,27.35,27.58,8005,0
2010-05-06,27.31,27.45,26.09,26.65,5645,0
2010-05-07,26.5,26.5,26.15,26.37,11565,0
2010-05-10,27.01,27.05,26.74,26.93,2005,0
2010-05-11,26.92,27.2,26.9,26.91,2612,0
2010-05-12,27.23,27.31,27.18,27.31,1250,0
2010-05-13,27.3,27.3,27.3,27.3,100,0
2010-05-14,26.57,26.6,26,26.04,2874,0
2010-05-17,25.65,25.65,25.16,25.21,3100,0
2010-05-18,25.32,25.32,24.78,24.78,1550,0
2010-05-19,24.75,24.75,24.34,24.59,4650,0
2010-05-20,23.84,23.92,23.55,23.73,4900,0
2010-05-21,23.8,24.04,23.8,23.96,2337,0
2010-05-24,24.08,24.12,23.99,24.05,3899,0
2010-05-25,23.26,23.76,23.21,23.76,7334,0
2010-05-26,23.97,24.34,23.97,24.25,15811,0
2010-05-27,24.77,25.17,24.77,25.17,5010,0
2010-05-28,25.31,25.32,25.08,25.08,530,0
2010-06-01,25.08,25.39,25.08,25.39,392,0
2010-06-02,25.27,25.34,25.21,25.34,3650,0
2010-06-03,25.33,25.62,25.21,25.48,1670,0
2010-06-04,24.96,24.96,24.43,24.43,1440,0
2010-06-07,24.78,24.78,24.78,24.78,1000,0
2010-06-08,24.65,24.81,24.63,24.63,2500,0
2010-06-09,25.17,25.17,25.03,25.03,500,0
2010-06-10,25.53,25.68,25.49,25.57,3447,0
2010-06-11,25.19,25.19,25.19,25.19,1000,0
2010-06-14,25.61,25.71,25.29,25.34,900,0
2010-06-15,25.62,26,25.62,26,4820,0
2010-06-16,26.11,26.5,26.06,26.31,13035,0
2010-06-17,26.83,26.88,26.67,26.85,10050,0
2010-06-18,26.55,26.89,26.55,26.66,2900,0
2010-06-21,27.11,27.14,26.64,26.73,7980,0
2010-06-22,26.73,26.73,26.73,26.73,2000,0
2010-06-23,26.16,26.16,25.76,25.94,4300,0
2010-06-24,25.86,25.86,25.86,25.86,100,0
2010-06-25,26.07,26.55,26.01,26.55,1580,0
2010-06-28,26.28,26.36,26.28,26.36,210,0
2010-06-29,25.58,25.58,25.29,25.29,11500,0
2010-06-30,25.36,25.4,24.83,24.99,10850,0
2010-07-01,24.51,24.51,23.92,24.11,7905,0
2010-07-02,24.01,24.01,23.68,23.83,5680,0
2010-07-06,24.17,24.38,23.86,23.91,6785,0
2010-07-07,24.7,24.7,24.7,24.7,166,0
2010-07-08,25,25.23,24.87,25.09,4955,0
2010-07-09,25.07,25.29,25.07,25.23,1050,0
2010-07-12,25.03,25.03,24.74,24.77,5750,0
2010-07-13,25.28,25.48,25.28,25.47,2650,0
2010-07-14,25.5,25.52,25.5,25.52,350,0
2010-07-15,25.35,25.35,24.88,24.96,3170,0
2010-07-16,25,25,24.84,24.93,3749,0
2010-07-19,24.93,25.14,24.93,25.14,400,0
2010-07-20,25.2,25.27,25.2,25.26,1450,0
2010-07-21,25.28,25.28,24.84,24.84,700,0
2010-07-22,25.31,25.69,25.31,25.69,4074,0
2010-07-23,25.54,25.55,25.54,25.55,396,0
2010-07-26,25.49,25.57,25.49,25.57,324,0
2010-07-27,24.95,24.96,24.85,24.89,1798,0
2010-07-28,24.86,24.95,24.86,24.95,700,0
2010-07-29,25.5,25.5,25.3,25.41,9200,0
2010-07-30,25.13,25.29,25.1,25.29,500,0
2010-08-02,26.29,26.6,26.25,26.53,16840,0
2010-08-03,26.71,26.9,26.67,26.9,1748,0
2010-08-04,26.93,27.04,26.9,26.9,2350,0
2010-08-05,26.9,26.94,26.85,26.94,900,0
2010-08-06,26.49,26.84,26.25,26.47,5625,0
2010-08-09,26.5,26.55,26.43,26.52,1445,0
2010-08-10,25.93,26.14,25.8,26.14,2600,0
2010-08-11,25.72,25.72,25.43,25.43,4400,0
2010-08-12,24.87,25.05,24.62,24.62,5060,0
2010-08-13,24.5,24.51,24.5,24.51,3020,0
2010-08-16,24.46,24.47,24.35,24.42,2700,0
2010-08-18,24.66,24.73,24.41,24.73,1500,0
2010-08-19,24.55,24.55,24.5,24.5,1200,0
2010-08-20,24.35,24.38,24.17,24.17,1950,0
2010-08-23,24.34,24.34,23.93,23.96,3550,0
2010-08-24,23.77,23.81,23.65,23.69,6113,0
2010-08-25,23.75,24.16,23.68,24.16,14530,0
2010-08-26,24.41,24.7,24.4,24.53,14583,0
2010-08-27,24.52,25,24.52,25,6400,0
2010-08-30,24.64,24.73,24.64,24.67,1200,0
2010-08-31,24.55,24.55,24.12,24.12,700,0
2010-09-01,24.64,24.92,24.64,24.76,1310,0
2010-09-02,24.88,25,24.88,25,1250,0
2010-09-03,25.01,25.04,24.43,24.88,6290,0
2010-09-07,24.99,25.4,24.66,25.04,25048,0
2010-09-08,25.21,25.43,25.15,25.43,8475,0
2010-09-09,25.41,25.5,25.04,25.04,12981,0
2010-09-10,25.24,25.58,25.24,25.48,2600,0
2010-09-13,25.82,25.99,25.72,25.76,5694,0
2010-09-14,25.78,26.05,25.71,25.76,3300,0
2010-09-15,25.7,25.85,25.7,25.81,8560,0
2010-09-16,25.71,25.81,25.38,25.38,5450,0
2010-09-17,25.26,25.4,25.08,25.4,3350,0
2010-09-20,25.42,25.76,25.42,25.72,12020,0
2010-09-21,25.96,25.96,25.76,25.77,5748,0
2010-09-22,25.62,25.62,25.42,25.45,3215,0
2010-09-23,25.29,25.59,25.29,25.49,5400,0
2010-09-24,25.75,25.9,25.75,25.85,2402,0
2010-09-27,25.79,25.79,25.42,25.49,500,0
2010-09-28,25.47,25.55,25.47,25.55,500,0
2010-09-29,25.71,26.62,25.71,26.62,9747,0
2010-09-30,26.91,27.24,26.79,27.22,18503,0
2010-10-01,27.38,27.57,27.26,27.56,10133,0
2010-10-04,27.69,27.69,27.45,27.45,20590,0
2010-10-05,27.49,27.7,27.47,27.62,6516,0
2010-10-06,27.56,27.98,27.55,27.72,9215,0
2010-10-07,27.34,27.39,26.99,26.99,10326,0
2010-10-08,27.05,27.47,26.75,27.47,15110,0
2010-10-11,27.26,27.39,27.2,27.26,5608,0
2010-10-12,27.26,27.26,27.09,27.18,1600,0
2010-10-13,27.52,27.69,27.47,27.61,8859,0
2010-10-14,27.55,27.8,27.36,27.36,7645,0
2010-10-15,27.34,27.34,26.71,26.81,17168,0
2010-10-18,26.93,27.36,26.91,27.36,4708,0
2010-10-19,26.69,26.8,26.3,26.31,8092,0
2010-10-20,26.33,27.04,26.33,27.04,8866,0
2010-10-21,26.98,27.05,26.47,26.64,2866,0
2010-10-22,26.82,27.03,26.73,27.03,5609,0
2010-10-25,27.32,27.33,26.85,27.08,6535,0
2010-10-26,26.96,27.03,26.75,26.98,3106,0
2010-10-27,26.75,26.88,26.11,26.83,11635,0
2010-10-28,27,27,26.76,26.87,3212,0
2010-10-29,26.77,26.77,26.47,26.62,12200,0
2010-11-01,27.38,27.38,27.02,27.02,2180,0
2010-11-02,27.3,27.36,27.22,27.3,2675,0
2010-11-03,27.46,27.78,27.46,27.74,5491,0
2010-11-04,28.17,28.31,28.05,28.3,8003,0
2010-11-05,28.28,28.42,28.16,28.42,17420,0
2010-11-08,28.37,28.5,28.21,28.48,5463,0
2010-11-09,28.65,28.76,28.5,28.5,8101,0
2010-11-10,28.79,29.17,28.7,29.17,8830,0
2010-11-11,29.03,29.03,28.85,28.88,15811,0
2010-11-12,28.46,28.59,28.04,28.1,21509,0
2010-11-15,28.44,28.45,28.17,28.18,7357,0
2010-11-16,27.72,27.82,27.22,27.47,47610,0
2010-11-17,27.33,27.38,26.69,26.82,6968,0
2010-11-18,27.31,27.35,27.22,27.35,6684,0
2010-11-19,27.14,27.14,26.84,26.85,1850,0
2010-11-22,26.95,26.98,26.74,26.98,8800,0
2010-11-23,26.68,26.81,26.63,26.76,7444,0
2010-11-24,26.72,27.7,26.72,27.7,2740,0
2010-11-26,27.54,27.54,27.54,27.54,700,0
2010-11-29,27.8,28.15,27.61,28.04,4455,0
2010-11-30,27.74,27.92,27.38,27.43,7747,0
2010-12-01,27.87,28.38,27.87,28.32,4350,0
2010-12-02,28.59,28.94,28.59,28.93,1810,0
2010-12-03,29,29.39,28.9,29.39,5915,0
2010-12-06,29.36,29.37,29.17,29.21,2675,0
2010-12-07,29.15,29.22,29.1,29.11,3100,0
2010-12-08,29.14,29.14,29,29.07,4198,0
2010-12-09,29.05,29.18,29.05,29.18,1900,0
2010-12-10,29.04,29.04,28.76,28.95,5051,0
2010-12-13,29.35,29.42,28.92,28.98,2641,0
2010-12-14,28.98,29.23,28.98,29.04,4550,0
2010-12-15,28.87,29.33,28.87,29.29,16612,0
2010-12-16,29.18,29.36,29.18,29.25,2573,0
2010-12-17,29.2,29.2,29.15,29.15,400,0
2010-12-20,29.22,29.26,28.93,29.26,3100,0
2010-12-21,29.35,29.64,29.35,29.64,4252,0
2010-12-22,29.78,29.81,29.76,29.79,4594,0
2010-12-23,29.79,29.99,29.74,29.97,7316,0
2010-12-27,29.75,29.78,29.5,29.53,5750,0
2010-12-28,29.66,29.75,29.62,29.69,5974,0
2010-12-29,29.78,29.81,29.65,29.7,13175,0
2010-12-30,29.52,29.52,29.14,29.17,7460,0
2010-12-31,29.26,30.09,29.26,29.86,5000,0
2011-01-03,30.12,30.35,29.97,29.98,8300,0
2011-01-04,29.83,29.83,29.12,29.38,12900,0
2011-01-05,29.03,29.88,29.03,29.86,2796,0
2011-01-06,29.67,29.67,29.42,29.52,4431,0
2011-01-07,29.35,29.45,29,29.33,3950,0
2011-01-10,29.89,29.97,29.85,29.92,3503,0
2011-01-11,30.29,30.62,30.21,30.61,6630,0
2011-01-12,30.72,30.76,30.6,30.61,11880,0
2011-01-13,30.42,30.7,30.41,30.61,7546,0
2011-01-14,30.75,31.05,30.65,31,2027,0
2011-01-18,30.71,31.13,30.71,31.01,2230,0
2011-01-19,31.12,31.22,31.06,31.14,6588,0
2011-01-20,30.63,30.82,30.56,30.68,5195,0
2011-01-21,30.93,31.16,30.93,31.16,7680,0
2011-01-24,31.12,31.17,30.67,30.67,7343,0
2011-01-25,30.24,30.43,30.24,30.39,5146,0
2011-01-26,30.87,31.36,30.87,31.33,7511,0
2011-01-27,31.44,31.44,31.1,31.1,7656,0
2011-01-28,31.26,31.54,31.19,31.54,3747,0
2011-01-31,31.48,32.21,31.48,32.02,7075,0
2011-02-01,32.2,32.34,32.03,32.25,5535,0
2011-02-02,32.29,32.61,32.24,32.61,7477,0
2011-02-03,32.68,32.7,32.31,32.37,14780,0
2011-02-04,32.46,32.46,31.7,31.82,6636,0
2011-02-07,31.8,31.83,31.56,31.66,3846,0
2011-02-08,31.65,32,31.65,32,8980,0
2011-02-09,32.06,32.49,31.93,32.43,9025,0
2011-02-10,31.98,32.04,31.65,31.81,6999,0
2011-02-11,31.86,31.9,31.5,31.64,10456,0
2011-02-14,32.06,32.5,32.06,32.07,10950,0
2011-02-15,32.16,32.16,31.76,31.93,2992,0
2011-02-16,32.3,32.6,32.1,32.47,2547,0
2011-02-18,31.86,32.04,31.63,31.92,3100,0
2011-02-22,32.98,33.03,32.65,32.8,13149,0
2011-02-23,33.72,34.18,33.59,34.07,8692,0
2011-02-24,34.5,34.58,33.48,33.53,13404,0
2011-02-25,33.8,34.51,33.75,34.51,5035,0
2011-02-28,34.46,34.5,34.28,34.39,4016,0
2011-03-01,34.69,35.5,34.68,35.5,9199,0
2011-03-02,35.46,35.89,35.31,35.65,5855,0
2011-03-03,35.39,35.55,35.38,35.41,4900,0
2011-03-04,35.71,36.03,35.71,36.03,5800,0
2011-03-07,36.06,37,35.76,35.76,7130,0
2011-03-08,35.36,35.36,34.87,35.12,10396,0
2011-03-09,35.48,35.9,35.48,35.65,1661,0
2011-03-10,35.21,35.65,34.97,35.61,9626,0
2011-03-11,35.27,35.35,35.13,35.23,11026,0
2011-03-14,35.8,35.9,35.38,35.64,2990,0
2011-03-15,34.26,35,34.14,34.56,12596,0
2011-03-16,34.81,35.36,34.81,35.06,5695,0
2011-03-17,35.36,35.75,35.34,35.75,1740,0
2011-03-18,35.35,35.59,35.35,35.54,16670,0
2011-03-21,35.62,35.62,35.5,35.55,600,0
2011-03-22,35.6,36.02,35.57,35.76,5876,0
2011-03-23,35.86,36,35.61,35.74,7172,0
2011-03-24,35.4,35.83,35.4,35.83,1873,0
2011-03-25,35.78,35.89,35.66,35.66,1646,0
2011-03-28,35.65,35.7,35.6,35.7,600,0
2011-03-29,35.28,35.63,35.17,35.57,3372,0
2011-03-30,35.66,35.67,34.99,35.51,7901,0
2011-03-31,36.19,36.23,36.08,36.12,17690,0
2011-04-01,36.06,36.28,36.06,36.28,568,0
2011-04-04,36.63,36.92,36.52,36.8,24776,0
2011-04-05,36.8,37.05,36.76,36.89,17991,0
2011-04-06,37.3,37.3,36.89,37.06,10326,0
2011-04-07,36.92,37.09,36.92,37.08,1727,0
2011-04-08,37.81,38.67,37.81,38.67,10363,0
2011-04-11,38.42,38.42,37.71,37.71,4600,0
2011-04-12,37.44,37.44,36.78,36.78,2276,0
2011-04-13,37.18,37.24,37.03,37.19,720,0
2011-04-14,37.04,37.17,37.04,37.17,880,0
2011-04-15,37.55,37.58,37.35,37.47,2014,0
2011-04-18,36.87,37.05,36.84,37.05,2560,0
2011-04-19,36.49,36.82,36.47,36.67,4210,0
2011-04-20,37,37.61,36.95,37.47,49992,0
2011-04-21,37.15,37.25,37.1,37.25,15935,0
2011-04-25,37,37.24,36.72,37.03,978,0
2011-04-26,37.14,37.33,37.14,37.33,2800,0
2011-04-27,37.44,37.78,37.44,37.69,1868,0
2011-04-28,37.79,37.98,37.46,37.55,9188,0
2011-04-29,37.68,37.9,37.65,37.9,1692,0
2011-05-02,37.95,37.96,37.63,37.63,10296,0
2011-05-03,37.4,37.46,36.87,36.97,29652,0
2011-05-04,36.8,36.8,36.36,36.37,3182,0
2011-05-05,35.32,35.4,33.02,33.33,27753,0
2011-05-06,33.3,34.3,33.01,33.01,14359,0
2011-05-09,33.48,34.48,33.48,34.47,3258,0
2011-05-10,34.48,34.75,34.12,34.74,3064,0
2011-05-11,34.66,34.66,33.67,33.71,7097,0
2011-05-12,33.58,34.03,33.28,33.67,12361,0
2011-05-13,33.82,34.13,33.5,34.05,2980,0
2011-05-16,33.76,33.88,33.1,33.13,9115,0
2011-05-17,33.11,33.16,32.52,33.02,26729,0
2011-05-18,33.58,33.58,33.58,33.58,300,0
2011-05-19,33.5,33.62,33.47,33.48,1700,0
2011-05-20,33.03,33.84,33.01,33.83,18219,0
2011-05-23,32.89,33.06,32.89,33.06,544,0
2011-05-24,33.57,33.67,33.25,33.57,1655,0
2011-05-25,34.05,34.52,34.05,34.52,1100,0
2011-05-26,34.39,34.53,34.39,34.53,987,0
2011-05-27,34.54,34.55,34.53,34.55,400,0
2011-05-31,35.07,35.35,35.07,35.15,9171,0
2011-06-01,35.09,35.09,34.56,34.82,29339,0
2011-06-02,34.68,35.09,34.68,35.04,1050,0
2011-06-03,35.15,35.29,35.06,35.29,542,0
2011-06-06,34.89,34.89,34.76,34.76,380,0
2011-06-07,34.99,35.47,34.99,35.47,1000,0
2011-06-08,35.67,35.67,35.58,35.58,2101,0
2011-06-09,35.92,36,35.87,36,10400,0
2011-06-10,35.75,35.75,35.75,35.75,500,0
2011-06-13,35.89,35.99,35.67,35.72,1435,0
2011-06-14,36.02,36.02,36.02,36.02,9725,0
2011-06-15,35.71,35.71,34.39,34.54,990,0
2011-06-16,34.65,34.65,34.63,34.63,1150,0
2011-06-17,34.31,34.42,34.2,34.37,1549,0
2011-06-20,33.94,33.97,33.78,33.78,2494,0
2011-06-21,33.5,33.66,33.5,33.53,2800,0
2011-06-22,33.55,33.82,33.55,33.82,1200,0
2011-06-23,32.6,32.69,31.85,32.45,21111,0
2011-06-24,32.29,32.29,31.64,32.03,8436,0
2011-06-27,31.92,31.97,31.92,31.95,1620,0
2011-06-28,32.64,32.68,32.64,32.68,515,0
2011-06-29,33,33.66,33,33.66,2225,0
2011-07-01,33.3,33.3,33.3,33.3,1000,0
2011-07-05,33.73,34,33.73,33.84,794,0
2011-07-06,33.89,33.89,33.88,33.88,720,0
2011-07-07,34.79,35.48,34.79,35.48,2700,0
2011-07-08,35.46,35.48,35.19,35.2,1838,0
2011-07-11,35.53,35.53,34.97,35.31,1100,0
2011-07-12,35.1,35.3,35.1,35.3,200,0
2011-07-13,35.38,35.79,35.38,35.47,6660,0
2011-07-14,35.71,35.72,35.13,35.34,1634,0
2011-07-15,35.66,35.87,35.65,35.87,3100,0
2011-07-18,35.57,35.57,35.03,35.13,17500,0
2011-07-19,35.66,35.81,35.56,35.56,10929,0
2011-07-20,35.78,35.78,35.59,35.74,17637,0
2011-07-21,35.7,35.87,35.52,35.63,10868,0
2011-07-22,35.66,35.91,35.66,35.91,750,0
2011-07-25,35.52,35.81,35.52,35.55,3033,0
2011-07-26,35.3,35.5,35.3,35.5,400,0
2011-07-27,35.63,35.63,35.31,35.35,1880,0
2011-07-28,35.51,35.51,35.45,35.45,3600,0
2011-07-29,35.25,35.52,35.25,35.44,8324,0
2011-08-01,36.3,36.3,35.18,35.4,3120,0
2011-08-02,35.14,35.21,35.14,35.2,1180,0
2011-08-03,35.04,35.04,34.42,34.46,5299,0
2011-08-04,34.27,34.35,33,33.08,10938,0
2011-08-05,33.39,33.62,33.13,33.55,17530,0
2011-08-08,32.71,32.88,31.77,32.22,16232,0
2011-08-09,32.18,32.32,31.48,31.79,23916,0
2011-08-10,32.29,32.72,32,32.56,23704,0
2011-08-11,32.5,33.11,32.5,33.07,991,0
2011-08-12,33.32,33.36,33.17,33.19,5260,0
2011-08-15,33.39,33.59,33.37,33.59,1675,0
2011-08-16,33.41,33.68,33.4,33.68,1556,0
2011-08-17,34.15,34.18,33.89,33.97,8074,0
2011-08-18,33.21,33.21,32.7,32.7,3337,0
2011-08-19,32.7,33.34,32.7,33.34,4735,0
2011-08-22,32.96,33.25,32.96,33.09,5315,0
2011-08-23,33.44,33.66,33.44,33.66,5305,0
2011-08-24,33.72,33.94,33.65,33.76,12034,0
2011-08-25,33.91,33.95,33.58,33.59,3805,0
2011-08-26,34.13,34.29,34.06,34.22,4250,0
2011-08-29,34.49,34.63,34.44,34.48,1920,0
2011-08-30,34.57,35.03,34.57,34.93,9321,0
2011-08-31,34.98,35.08,34.92,34.92,597,0
2011-09-01,35,35,34.72,34.72,3150,0
2011-09-02,34.14,34.4,33.96,34.16,8567,0
2011-09-06,33.81,34.29,33.81,34.21,6502,0
2011-09-07,34.86,34.88,34.86,34.88,600,0
2011-09-08,34.75,34.77,34.5,34.6,1979,0
2011-09-09,34.01,34.01,33.9,33.94,1680,0
2011-09-12,33.4,33.69,33.4,33.69,2400,0
2011-09-13,33.35,33.42,33.35,33.42,445,0
2011-09-14,33,33.18,33,33.18,200,0
2011-09-15,34.3,34.36,34.29,34.36,1825,0
2011-09-16,34.59,34.59,34.15,34.15,2600,0
2011-09-19,33.47,33.5,33.44,33.47,4240,0
2011-09-20,33.65,33.97,33.58,33.58,5646,0
2011-09-21,33.63,34.04,33.35,33.35,8600,0
2011-09-22,32.3,32.32,32.2,32.31,1554,0
2011-09-23,32,32.03,31.8,31.86,2372,0
2011-09-26,31.93,31.95,31.86,31.91,1910,0
2011-09-27,32.35,32.65,32.35,32.65,3415,0
2011-09-28,32.8,32.8,32.39,32.39,3525,0
2011-09-29,32.27,32.27,32.16,32.16,300,0
2011-09-30,31.51,31.92,31.4,31.51,700,0
2011-10-03,31.18,31.37,31.12,31.12,5764,0
2011-10-04,30.73,30.91,30.73,30.91,650,0
2011-10-05,31.11,31.45,31.11,31.45,1164,0
2011-10-06,31.24,32.31,31.23,32.31,2950,0
2011-10-07,32.32,32.49,32.14,32.31,3486,0
2011-10-10,32.64,33.11,32.64,32.83,2000,0
2011-10-11,32.5,32.96,32.5,32.84,1817,0
2011-10-12,33.33,33.41,33.33,33.41,1200,0
2011-10-13,33.16,33.16,33.16,33.16,500,0
2011-10-14,34.58,34.65,34.5,34.63,2500,0
2011-10-17,34.55,34.55,34.09,34.09,4080,0
2011-10-18,33.97,34.34,33.87,34.26,3097,0
2011-10-19,34.36,34.36,34.28,34.28,1100,0
2011-10-20,33.9,33.9,33.67,33.67,700,0
2011-10-21,34.83,34.83,34.22,34.26,8800,0
2011-10-24,34.41,34.66,34.25,34.51,9080,0
2011-10-25,34.3,34.68,34.3,34.62,4200,0
2011-10-26,34.59,34.59,34.25,34.27,4250,0
2011-10-27,34.98,35.01,34.93,34.98,7544,0
2011-10-28,34.74,34.9,34.63,34.78,2900,0
2011-10-31,34.48,34.55,34.48,34.55,7120,0
2011-11-01,34,34,33.86,33.86,800,0
2011-11-02,34.59,34.59,34.1,34.1,3142,0
2011-11-03,34.27,34.58,34.11,34.56,2715,0
2011-11-04,34.81,34.96,34.6,34.95,11021,0
2011-11-07,35.39,35.39,35.24,35.35,3600,0
2011-11-08,35.6,35.6,35.35,35.45,19940,0
2011-11-09,34.98,35.7,34.98,35.01,5896,0
2011-11-10,35.47,36,35.22,35.63,10459,0
2011-11-11,35.99,36.24,35.99,36.11,58135,0
2011-11-14,36.07,36.07,35.9,35.95,4401,0
2011-11-15,35.93,36.03,35.77,36,5854,0
2011-11-16,35.55,35.91,35.31,35.31,4920,0
2011-11-17,35.15,35.15,34.94,35.08,5276,0
2011-11-18,34.97,35.15,34.42,34.48,7682,0
2011-11-21,34.51,34.53,33.79,34.06,22906,0
2011-11-22,33.98,34.5,33.98,34.45,16282,0
2011-11-23,34.01,34.01,33.64,33.64,9670,0
2011-11-25,33.55,33.61,33.17,33.17,3455,0
2011-11-28,33.85,33.89,33.66,33.66,4906,0
2011-11-29,33.91,34.43,33.89,34.43,9300,0
2011-11-30,34.5,34.57,34.18,34.21,14351,0
2011-12-01,33.84,34.2,33.51,33.59,13708,0
2011-12-02,33.85,33.94,33.67,33.91,13721,0
2011-12-05,34.3,34.3,33.81,33.88,17600,0
2011-12-06,34.06,34.19,33.9,34.15,27732,0
2011-12-07,34.16,34.16,33.71,33.74,21299,0
2011-12-08,33.74,33.76,32.95,32.95,28725,0
2011-12-09,32.93,33.05,32.78,32.98,5516,0
2011-12-12,32.82,32.9,32.7,32.7,5034,0
2011-12-13,32.89,33.62,32.89,33.08,2400,0
2011-12-14,32.52,32.56,31.91,32.01,6650,0
2011-12-15,32.12,32.14,32.02,32.02,700,0
2011-12-16,32.09,32.09,31.67,31.85,3000,0
2011-12-19,31.88,32,31.4,31.4,10288,0
2011-12-20,32.12,32.36,32.12,32.32,2729,0
2011-12-21,32.63,32.89,32.49,32.84,9713,0
2011-12-22,32.91,32.97,32.77,32.77,5584,0
2011-12-23,32.81,32.81,32.76,32.76,1165,0
2011-12-27,32.73,33.1,32.64,32.73,9308,0
2011-12-28,32.92,32.93,32.66,32.71,3340,0
2011-12-29,32.8,32.96,32.59,32.95,2550,0
2011-12-30,32.67,33.17,32.67,32.87,11700,0
2012-01-03,33.88,34.24,33.88,34.24,3277,0
2012-01-04,34.29,34.85,34.29,34.85,6156,0
2012-01-05,34.55,34.69,34.12,34.12,2292,0
2012-01-06,34.36,34.5,34.33,34.5,4000,0
2012-01-09,34.46,34.69,34.46,34.54,550,0
2012-01-10,34.8,35.06,34.69,34.91,7841,0
2012-01-11,34.88,34.91,34.45,34.59,11200,0
2012-01-12,34.96,35.25,34.2,34.28,3058,0
2012-01-13,34.2,34.37,34.05,34.29,5540,0
2012-01-17,34.13,34.17,33.97,34.1,4493,0
2012-01-18,34.14,34.17,33.7,33.93,8904,0
2012-01-19,34.12,34.19,33.89,34.11,7600,0
2012-01-20,33.82,33.88,33.66,33.73,6259,0
2012-01-23,33.92,34.1,33.81,33.96,7050,0
2012-01-24,33.93,34.09,33.88,34.01,3450,0
2012-01-25,34.2,34.2,34.01,34.01,2454,0
2012-01-26,34.35,34.39,34.11,34.3,5935,0
2012-01-27,34.53,34.58,34.53,34.58,1076,0
2012-01-30,34.49,34.58,34.11,34.27,10660,0
2012-01-31,34.69,34.69,34.22,34.42,7375,0
2012-02-01,34.59,34.68,34.2,34.35,6677,0
2012-02-02,34.4,34.4,34.12,34.15,800,0
2012-02-03,34.92,35.05,34.8,34.98,2409,0
2012-02-06,35.33,35.86,35.32,35.86,4500,0
2012-02-07,35.91,36.12,35.85,35.85,2959,0
2012-02-08,35.94,35.94,35.73,35.75,1100,0
2012-02-09,35.95,36.09,35.84,36.09,5583,0
2012-02-10,35.81,35.85,35.74,35.81,54040,0
2012-02-13,35.85,35.85,35.34,35.55,17987,0
2012-02-14,35.6,35.73,35.57,35.68,4291,0
2012-02-15,35.97,36.15,35.75,35.8,6391,0
2012-02-16,35.94,36.23,35.83,36.23,17331,0
2012-02-17,35.89,35.96,35.89,35.94,2050,0
2012-02-21,36.35,36.64,36.24,36.52,6660,0
2012-02-22,36.65,37.01,36.6,36.99,6905,0
2012-02-23,37.21,37.21,36.86,37.18,7490,0
2012-02-24,37.11,37.48,37.04,37.43,7300,0
2012-02-27,37.19,37.23,36.91,36.91,2511,0
2012-02-28,36.86,36.86,36.44,36.44,4478,0
2012-02-29,36.51,36.51,35.73,36.29,9463,0
2012-03-01,36.22,37.31,36.22,37.24,6266,0
2012-03-02,36.25,36.33,36.23,36.3,3687,0
2012-03-05,36.45,36.57,36.28,36.46,10695,0
2012-03-06,35.95,36.31,35.94,36.14,13765,0
2012-03-07,35.96,36.5,35.96,36.44,7897,0
2012-03-08,36.56,37.12,36.56,37,10747,0
2012-03-09,36.81,37.04,36.77,37.03,19654,0
2012-03-12,36.51,36.8,36.5,36.8,10838,0
2012-03-13,36.66,37.12,36.65,37.01,8166,0
2012-03-14,37.09,37.34,36.79,36.91,24578,0
2012-03-15,36.7,36.78,36.22,36.46,25400,0
2012-03-16,36.72,37.28,36.71,37.21,26950,0
2012-03-19,37.01,37.01,36.86,36.86,3991,0
2012-03-20,36.37,36.78,36.37,36.72,14525,0
2012-03-21,36.67,36.69,36.37,36.4,45730,0
2012-03-22,36.01,36.08,35.8,36.04,34120,0
2012-03-23,36.55,36.55,36.33,36.37,15866,0
2012-03-26,36.47,36.57,36.43,36.57,1936,0
2012-03-27,36.57,36.57,36.4,36.49,2867,0
2012-03-28,36.23,36.38,36.19,36.38,9665,0
2012-03-29,36.45,36.46,35.56,35.8,21969,0
2012-03-30,35.82,36.16,35.75,35.99,5354,0
2012-04-02,35.61,36.7,35.59,36.67,7141,0
2012-04-03,36.65,36.66,36.37,36.38,2126,0
2012-04-04,35.98,35.98,35.74,35.75,6610,0
2012-04-05,35.49,35.8,35.45,35.8,7267,0
2012-04-09,35.09,35.4,35.09,35.4,2329,0
2012-04-10,35.29,35.29,34.85,34.86,6434,0
2012-04-11,34.91,35.2,34.88,35.12,15331,0
2012-04-12,35.02,35.49,35.02,35.49,1083,0
2012-04-13,35.69,35.76,35.67,35.76,1500,0
2012-04-16,35.3,35.3,35.14,35.16,3414,0
2012-04-17,35.07,35.07,35.07,35.07,257,0
2012-04-18,35.06,35.17,34.82,35.17,1150,0
2012-04-19,35.13,35.17,35.13,35.16,507,0
2012-04-20,35.34,35.48,35.2,35.36,5438,0
2012-04-23,35,35.11,34.96,35.1,1000,0
2012-04-24,35.23,35.29,35.14,35.29,1527,0
2012-04-25,35.24,35.59,35.24,35.59,1100,0
2012-04-26,35.83,35.97,35.83,35.97,1177,0
2012-04-27,35.79,35.79,35.68,35.68,620,0
2012-04-30,35.75,35.79,35.74,35.77,1400,0
2012-05-01,35.58,35.85,35.58,35.78,841,0
2012-05-02,35.42,35.42,35.31,35.31,1201,0
2012-05-03,35.08,35.08,34.7,34.71,1525,0
2012-05-04,34.12,34.16,33.68,33.83,7521,0
2012-05-07,33.5,33.57,33.36,33.53,13558,0
2012-05-08,33.32,33.67,33.21,33.67,8720,0
2012-05-09,33.39,33.65,33.39,33.65,2220,0
2012-05-10,33.51,33.51,33.51,33.51,200,0
2012-05-11,33.49,33.49,33.27,33.27,1069,0
2012-05-14,32.85,32.97,32.75,32.77,1435,0
2012-05-15,32.9,32.97,32.82,32.97,4235,0
2012-05-16,32.99,32.99,32.41,32.41,13976,0
2012-05-17,32.42,32.42,32.25,32.25,752,0
2012-05-18,32.05,32.05,31.77,31.77,870,0
2012-05-21,31.77,32.18,31.77,32.18,2121,0
2012-05-22,32.17,32.17,32.17,32.17,300,0
2012-05-23,31.9,31.9,31.51,31.72,1842,0
2012-05-24,31.74,31.74,31.71,31.71,2964,0
2012-05-25,31.75,31.75,31.75,31.75,697,0
2012-05-29,31.97,31.97,31.54,31.6,1128,0
2012-05-30,30.95,30.97,30.69,30.69,5550,0
2012-05-31,30.47,30.52,30.28,30.42,13038,0
2012-06-01,29.85,29.85,29.44,29.56,3581,0
2012-06-04,29.44,29.56,29.32,29.55,20085,0
2012-06-05,29.3,29.55,29.3,29.55,667,0
2012-06-06,30.04,30.13,30.04,30.07,950,0
2012-06-07,30.14,30.14,30.14,30.14,355,0
2012-06-08,29.88,30,29.88,30,5700,0
2012-06-11,30.15,30.15,29.85,29.86,630,0
2012-06-12,29.53,29.55,29.35,29.45,1450,0
2012-06-13,29.66,29.66,29.28,29.28,2968,0
2012-06-14,29.26,29.57,29.26,29.56,1952,0
2012-06-15,29.79,29.79,29.74,29.74,1200,0
2012-06-19,29.52,29.52,29.5,29.5,400,0
2012-06-20,29.45,29.45,29,29.11,5890,0
2012-06-21,28.77,28.77,28.29,28.34,3550,0
2012-06-22,28.33,28.51,28.29,28.51,4741,0
2012-06-25,28.16,28.41,28.16,28.41,462,0
2012-06-26,28.62,28.86,28.62,28.86,1846,0
2012-06-27,28.9,29.17,28.9,29.02,10100,0
2012-06-28,28.63,28.87,28.59,28.61,9487,0
2012-06-29,29.55,30.35,29.54,30.17,20899,0
2012-07-02,29.75,29.92,29.75,29.92,400,0
2012-07-03,30.7,30.88,30.7,30.77,4195,0
2012-07-05,30.9,30.9,30.9,30.9,200,0
2012-07-09,30.62,30.67,30.62,30.63,623,0
2012-07-10,30.64,30.72,30.64,30.72,200,0
2012-07-11,30.69,31,30.67,31,1608,0
2012-07-12,30.6,30.72,30.58,30.72,1324,0
2012-07-13,31.03,31.3,31.03,31.2,3886,0
2012-07-16,31.4,31.63,31.4,31.63,600,0
2012-07-17,31.86,31.86,31.75,31.84,446,0
2012-07-18,31.9,32.23,31.9,32.23,2550,0
2012-07-19,32.58,32.92,32.55,32.92,9940,0
2012-07-20,32.61,32.66,32.61,32.66,4390,0
2012-07-23,31.62,31.98,31.55,31.57,1375,0
2012-07-24,31.52,31.53,31.42,31.53,1646,0
2012-07-25,31.59,31.59,31.55,31.55,1800,0
2012-07-26,32.28,32.28,32.1,32.12,626,0
2012-07-27,32.19,32.24,32.19,32.24,250,0
2012-07-30,32.24,32.3,32.2,32.2,1843,0
2012-07-31,31.61,31.61,31.6,31.6,440,0
2012-08-01,32.09,32.19,31.91,31.91,1900,0
2012-08-02,31.87,31.87,31.85,31.85,200,0
2012-08-03,32.34,32.73,32.33,32.73,2350,0
2012-08-06,32.86,32.86,32.86,32.86,500,0
2012-08-07,33.48,33.59,33.44,33.47,6300,0
2012-08-08,33.66,33.87,33.57,33.62,7158,0
2012-08-09,33.79,34.07,33.79,34.07,1904,0
2012-08-10,33.8,33.81,33.8,33.8,3737,0
2012-08-13,33.99,34.06,33.72,33.72,5073,0
2012-08-14,33.98,33.98,33.96,33.96,1267,0
2012-08-15,34.04,34.5,33.98,34.48,7035,0
2012-08-16,34.5,34.79,34.5,34.72,2000,0
2012-08-17,34.73,34.73,34.46,34.56,1475,0
2012-08-20,34.67,34.67,34.46,34.55,609,0
2012-08-21,34.96,34.99,34.8,34.8,13942,0
2012-08-22,34.82,35.04,34.79,35.04,4282,0
2012-08-23,35.15,35.15,34.94,34.94,10562,0
2012-08-24,35.1,35.14,34.68,34.69,2025,0
2012-08-27,34.9,34.9,34.74,34.87,2948,0
2012-08-28,34.87,34.96,34.65,34.93,4996,0
2012-08-29,34.84,34.87,34.83,34.87,1099,0
2012-08-30,35.03,35.07,34.87,34.96,4684,0
2012-08-31,35.18,35.5,35.14,35.45,3054,0
2012-09-04,35.61,35.61,35.08,35.11,14884,0
2012-09-05,34.71,34.93,34.68,34.73,7592,0
2012-09-06,35,35.27,34.97,34.97,9735,0
2012-09-07,34.94,35.18,34.74,35.18,11083,0
2012-09-10,35.13,35.18,35.09,35.18,12366,0
2012-09-11,35.3,35.53,35.3,35.53,3468,0
2012-09-12,35.68,35.73,35.65,35.73,1061,0
2012-09-13,35.86,35.86,35.48,35.78,2706,0
2012-09-14,36.15,36.23,36.08,36.12,21131,0
2012-09-17,36.07,36.07,34.44,35.09,13800,0
2012-09-18,35.27,35.27,34.78,34.89,3660,0
2012-09-19,34.2,34.2,33.78,33.89,5025,0
2012-09-20,34.03,34.98,34.03,34.65,15824,0
2012-09-21,34.74,34.84,34.74,34.83,5195,0
2012-09-24,34.48,34.48,34.46,34.48,729,0
2012-09-25,34.71,34.81,34.56,34.56,1969,0
2012-09-26,34.25,34.48,34.15,34.48,1417,0
2012-09-27,34.87,35.15,34.87,35.15,720,0
2012-09-28,35.2,35.2,35,35,6411,0
2012-10-01,35.25,35.32,34.95,35.02,5666,0
2012-10-02,35.08,35.08,34.85,34.89,7214,0
2012-10-03,34.41,34.41,34.07,34.14,7668,0
2012-10-04,34.63,35.5,34.61,35.36,7200,0
2012-10-05,35.13,35.14,34.97,35.13,8196,0
2012-10-08,35.15,35.15,35.1,35.1,1068,0
2012-10-09,35.36,35.81,35.36,35.63,10170,0
2012-10-10,35.74,36.07,35.67,35.7,1547,0
2012-10-11,36.13,36.34,35.24,36.29,6276,0
2012-10-12,36.04,36.04,35.75,35.85,2030,0
2012-10-15,35.51,35.73,35.51,35.73,1144,0
2012-10-16,35.61,35.63,35.55,35.63,1548,0
2012-10-17,35.54,35.54,35.54,35.54,100,0
2012-10-18,35.19,35.45,35.14,35.45,500,0
2012-10-19,35.73,35.73,35,35,950,0
2012-10-22,34.76,34.76,34.23,34.31,1400,0
2012-10-23,33.93,33.93,33.68,33.78,1587,0
2012-10-24,33.87,33.89,32.51,33.78,900,0
2012-10-25,34.14,34.14,33.9,34.04,5013,0
2012-10-26,34.54,34.54,34.29,34.37,12170,0
2012-10-31,34.27,34.44,34.11,34.17,24705,0
2012-11-01,33.97,33.97,33.81,33.86,1100,0
2012-11-02,33.5,33.5,32.95,33.04,3134,0
2012-11-05,33.05,33.46,33.01,33.42,9837,0
2012-11-06,33.74,34.13,33.74,34.12,11317,0
2012-11-07,33.62,33.62,32.96,33.13,662,0
2012-11-08,33.09,33.17,33.03,33.03,2845,0
2012-11-09,33.09,33.62,33.09,33.6,1300,0
2012-11-12,33.6,33.66,33.59,33.59,1770,0
2012-11-13,33.19,33.19,33.19,33.19,100,0
2012-11-14,33.14,33.48,33.14,33.41,11670,0
2012-11-15,33.68,33.68,32.98,33.11,4919,0
2012-11-16,33.28,33.28,33.12,33.12,6300,0
2012-11-19,34,34.42,34,34.42,16295,0
2012-11-20,34.12,34.19,33.79,33.99,1600,0
2012-11-21,34.38,34.4,34.14,34.3,2536,0
2012-11-23,34.21,34.21,34.2,34.21,700,0
2012-11-27,33.98,33.98,33.67,33.75,1743,0
2012-11-28,33.44,33.72,32.87,33.72,4618,0
2012-11-29,34.15,34.17,34.02,34.02,1950,0
2012-11-30,34.17,34.19,34.15,34.15,545,0
2012-12-03,34.36,34.36,33.94,33.96,2637,0
2012-12-04,33.59,33.59,33.49,33.49,525,0
2012-12-05,33.37,33.37,33.29,33.29,1100,0
2012-12-06,32.99,32.99,32.72,32.74,2625,0
2012-12-07,32.8,32.83,32.45,32.51,5779,0
2012-12-10,32.53,32.53,32.24,32.24,1700,0
2012-12-11,32.55,32.62,32.5,32.62,2237,0
2012-12-12,33.28,33.41,33.02,33.1,12462,0
2012-12-13,33.13,33.13,32.9,32.9,1073,0
2012-12-14,33.21,33.21,33.21,33.21,200,0
2012-12-17,33.11,33.14,32.9,32.97,3035,0
2012-12-18,33.35,33.36,33.35,33.36,400,0
2012-12-19,33.51,33.77,33.51,33.77,1600,0
2012-12-20,33.82,34.03,33.82,34.03,1191,0
2012-12-21,33.63,33.69,33.52,33.59,990,0
2012-12-24,33.37,33.44,33.36,33.41,790,0
2012-12-26,33.89,34,33.73,33.88,1515,0
2012-12-27,33.91,34.01,33.75,34.01,1842,0
2012-12-28,33.98,34.18,33.38,33.78,3799,0
2012-12-31,33.39,33.83,33.36,33.73,1140,0
2013-01-02,34.13,34.13,33.92,33.93,1432,0
2013-01-03,33.63,33.64,33.63,33.63,500,0
2013-01-04,33.45,33.56,33.41,33.56,525,0
2013-01-07,33.57,33.75,33.57,33.73,525,0
2013-01-08,34.14,34.19,34.14,34.19,600,0
2013-01-09,33.97,34.21,33.97,34.2,2344,0
2013-01-10,34.57,34.57,33.95,33.95,1700,0
2013-01-11,33.51,33.59,33.4,33.49,13830,0
2013-01-14,33.77,33.79,33.75,33.78,1100,0
2013-01-15,33.95,33.95,33.17,33.35,15535,0
2013-01-16,33.49,33.49,33.1,33.46,4070,0
2013-01-17,33.7,33.7,33.36,33.61,4322,0
2013-01-18,33.61,33.96,33.61,33.9,3927,0
2013-01-22,34.03,34.22,34.03,34.19,3400,0
2013-01-23,34.09,34.23,34.08,34.22,1900,0
2013-01-24,34.29,34.34,34.27,34.3,28400,0
2013-01-25,34.24,34.24,34.04,34.05,3030,0
2013-01-28,33.98,33.98,33.96,33.96,2200,0
2013-01-29,34.23,34.51,34.23,34.42,4685,0
2013-01-30,34.53,34.71,34.53,34.71,6830,0
2013-01-31,34.52,34.81,34.52,34.81,950,0
2013-02-01,34.95,35.28,34.95,35.25,6650,0
2013-02-04,35.14,35.22,35.14,35.22,717,0
2013-02-05,35.62,35.66,35.49,35.64,1431,0
2013-02-06,35.59,35.59,35.47,35.52,1130,0
2013-02-07,35.71,35.71,35.58,35.68,527,0
2013-02-08,36.18,36.27,36.03,36.11,8231,0
2013-02-11,35.99,36.03,35.89,36.03,3460,0
2013-02-12,36.06,36.09,35.93,36.04,2500,0
2013-02-13,35.84,35.88,35.84,35.88,203,0
2013-02-14,35.93,35.93,35.92,35.92,2513,0
2013-02-15,35.57,35.9,35.53,35.89,2600,0
2013-02-19,35.56,35.62,35.39,35.62,3636,0
2013-02-20,35.55,35.55,35.1,35.17,4988,0
2013-02-21,34.79,34.8,34.58,34.73,7934,0
2013-02-22,34.72,34.72,34.72,34.72,100,0
2013-02-25,34.94,34.98,34.48,34.48,4821,0
2013-02-26,34.31,34.31,33.81,33.91,14126,0
2013-02-27,33.78,33.78,33.48,33.48,2505,0
2013-02-28,33.42,33.42,33,33.09,2500,0
2013-03-01,32.73,32.85,32.73,32.85,3144,0
2013-03-04,32.65,32.66,32.56,32.58,2300,0
2013-03-05,33.03,33.3,32.93,33.3,3350,0
2013-03-06,33.26,33.26,33.09,33.22,301,0
2013-03-07,33.32,33.32,33.26,33.26,222,0
2013-03-08,33.17,33.2,33.09,33.15,1463,0
2013-03-11,33.25,33.25,33.13,33.13,5914,0
2013-03-12,33.12,33.12,32.92,32.92,1366,0
2013-03-13,33.01,33.01,33.01,33.01,100,0
2013-03-14,32.61,32.75,32.61,32.75,850,0
2013-03-15,33.05,33.05,33.05,33.05,100,0
2013-03-18,32.52,32.89,32.52,32.89,6185,0
2013-03-19,32.75,32.77,32.14,32.22,5525,0
2013-03-20,32.45,32.58,32.26,32.58,5581,0
2013-03-21,32.42,32.42,32.29,32.29,628,0
2013-03-22,32.37,32.37,32.27,32.3,1837,0
2013-03-25,32.71,32.85,32.25,32.43,6888,0
2013-03-26,32.51,32.61,32.34,32.61,6569,0
2013-03-27,32.62,33.01,32.62,33.01,4693,0
2013-03-28,32.81,33.21,32.81,33.07,7532,0
2013-04-01,33.47,33.51,33.41,33.46,1200,0
2013-04-02,33.43,33.65,33.41,33.53,2957,0
2013-04-03,32.9,32.9,32.54,32.54,1800,0
2013-04-04,32.44,32.44,31.96,32.27,7070,0
2013-04-05,31.81,31.92,31.7,31.75,3433,0
2013-04-08,31.96,32.16,31.79,32.12,12200,0
2013-04-09,31.97,32.21,31.84,32.21,14600,0
2013-04-10,32.12,32.18,31.96,31.97,5500,0
2013-04-11,31.88,31.88,31.41,31.6,7432,0
2013-04-12,30.93,31.29,30.87,31.19,25212,0
2013-04-15,30.91,30.98,30.47,30.47,40940,0
2013-04-16,30.5,30.51,30.23,30.49,11065,0
2013-04-17,30.11,30.13,29.66,29.76,15893,0
2013-04-18,29.86,30.23,29.74,30.21,27850,0
2013-04-19,30.08,30.3,30.08,30.21,3843,0
2013-04-22,30.33,30.44,30.21,30.44,9620,0
2013-04-23,30.34,30.43,30.18,30.41,8552,0
2013-04-24,30.48,30.82,30.48,30.82,6677,0
2013-04-25,30.88,31.29,30.88,31.22,6403,0
2013-04-26,31.19,31.34,31.05,31.17,11761,0
2013-04-29,31.13,31.19,31.09,31.19,2000,0
2013-04-30,31.01,31.01,30.71,30.71,6100,0
2013-05-01,30.34,30.4,30.02,30.28,18425,0
2013-05-02,30.48,31.03,30.46,31.02,2650,0
2013-05-03,31.31,31.58,31.26,31.26,3999,0
2013-05-06,31.35,31.69,31.33,31.69,1716,0
2013-05-07,31.92,32.03,31.76,31.76,9810,0
2013-05-08,31.73,31.86,31.52,31.68,11257,0
2013-05-09,31.64,31.9,31.64,31.73,18850,0
2013-05-10,31.18,31.57,31.04,31.49,25250,0
2013-05-13,31.43,31.47,31.36,31.4,5273,0
2013-05-14,31.18,31.32,31.16,31.23,10700,0
2013-05-15,30.92,31.28,30.69,31.25,5200,0
2013-05-16,31.42,31.69,31.37,31.54,26000,0
2013-05-17,31.72,31.95,31.72,31.95,600,0
2013-05-20,32.02,32.02,31.99,31.99,1068,0
2013-05-21,31.99,31.99,31.99,31.99,770,0
2013-05-22,31.37,31.4,31.33,31.4,900,0
2013-05-23,30.85,30.85,30.76,30.84,1017,0
2013-05-24,30.93,31.07,30.93,31.07,1605,0
2013-05-28,31.7,31.7,31.7,31.7,110,0
2013-05-30,30.82,30.82,30.81,30.81,350,0
2013-05-31,30.65,30.66,30.36,30.36,1200,0
2013-06-03,30.89,30.92,30.87,30.87,700,0
2013-06-04,30.75,31.25,30.75,31.25,400,0
2013-06-05,31.35,31.44,31.35,31.44,400,0
2013-06-06,31.19,31.24,31.19,31.24,860,0
2013-06-07,31.57,31.57,31.57,31.57,500,0
2013-06-12,31.44,31.5,31.44,31.5,620,0
2013-06-13,31.75,32.01,31.75,32.01,2724,0
2013-06-14,32.3,32.47,32.26,32.26,3348,0
2013-06-17,32.32,32.35,32.17,32.17,989,0
2013-06-18,32.32,32.32,32.17,32.17,700,0
2013-06-20,31.32,31.43,31.16,31.16,1975,0
2013-06-21,31.21,31.21,30.68,30.87,6750,0
2013-06-24,30.89,31.07,30.84,30.99,2150,0
2013-06-25,31.14,31.18,31.03,31.18,15450,0
2013-06-26,30.88,30.88,30.88,30.88,100,0
2013-06-27,31.22,31.35,31.21,31.35,3600,0
2013-06-28,31.36,31.36,31.06,31.06,4700,0
2013-07-02,31.37,31.5,31.37,31.5,5025,0
2013-07-03,32.19,32.19,32.19,32.19,184,0
2013-07-05,32.33,32.52,32.31,32.45,1700,0
2013-07-08,32.38,32.45,32.32,32.32,1108,0
2013-07-09,32.36,32.44,32.26,32.43,2900,0
2013-07-10,32.48,32.62,32.48,32.55,850,0
2013-07-11,32.7,32.7,32.42,32.51,6300,0
2013-07-12,32.68,32.9,32.68,32.9,22537,0
2013-07-15,32.99,32.99,32.85,32.95,4971,0
2013-07-16,32.98,33.15,32.98,33.1,2200,0
2013-07-17,33.35,33.35,33.21,33.3,630,0
2013-07-18,33.46,33.81,33.46,33.81,5624,0
2013-07-19,33.85,33.85,33.69,33.69,398,0
2013-07-22,33.36,33.37,33.24,33.25,9050,0
2013-07-23,33.23,33.41,33.23,33.41,1200,0
2013-07-24,33.26,33.26,32.93,33.07,2060,0
2013-07-25,32.9,32.9,32.71,32.86,2100,0
2013-07-26,32.65,32.75,32.6,32.75,2600,0
2013-07-29,32.75,32.84,32.7,32.75,6705,0
2013-07-30,32.64,32.72,32.6,32.62,2509,0
2013-07-31,32.47,33.07,32.47,33.07,3328,0
2013-08-02,33.42,33.45,33.31,33.4,2177,0
2013-08-05,33.13,33.25,33.13,33.15,650,0
2013-08-06,32.53,32.72,32.53,32.72,2153,0
2013-08-07,32.23,32.23,32.23,32.23,200,0
2013-08-08,31.84,32.12,31.84,32.11,15380,0
2013-08-09,32.19,32.19,32.18,32.18,2200,0
2013-08-12,32.58,32.85,32.58,32.8,1330,0
2013-08-14,32.86,32.99,32.86,32.99,7550,0
2013-08-15,33.39,33.43,33.39,33.43,1200,0
2013-08-16,33.24,33.24,33.24,33.24,600,0
2013-08-19,33.56,33.56,33.56,33.56,200,0
2013-08-20,33.02,33.37,33.02,33.37,740,0
2013-08-21,33.4,33.46,33.22,33.22,2220,0
2013-08-22,33.47,33.48,33.47,33.48,4700,0
2013-08-23,33.33,33.7,33.33,33.53,1010,0
2013-08-26,33.48,33.48,33.47,33.47,729,0
2013-08-27,34.2,34.29,34.2,34.29,6278,0
2013-08-28,34.54,34.69,34.49,34.69,5976,0
2013-08-29,34.76,34.91,34.35,34.35,915,0
2013-08-30,34.04,34.13,33.82,33.94,600,0
2013-09-03,34.2,34.23,34.04,34.06,3798,0
2013-09-04,34.05,34.07,33.89,33.92,1176,0
2013-09-05,33.92,34.05,33.92,33.99,2389,0
2013-09-06,34.25,34.25,34.15,34.18,1185,0
2013-09-09,34,34.06,33.55,33.57,8738,0
2013-09-10,33.25,33.32,33.12,33.23,13207,0
2013-09-11,33.25,33.34,33.23,33.28,1708,0
2013-09-12,33.53,33.72,33.53,33.72,450,0
2013-09-13,33.48,33.48,33.48,33.48,120,0
2013-09-16,33.39,33.45,33.17,33.17,2000,0
2013-09-17,32.82,32.82,32.28,32.33,27164,0
2013-09-18,32.6,32.62,32.56,32.56,4052,0
2013-09-19,32.77,32.77,32.62,32.62,935,0
2013-09-20,32.62,32.63,32.52,32.52,4580,0
2013-09-23,32.2,32.2,31.98,32.02,856,0
2013-09-24,31.64,32.07,31.64,32.07,3800,0
2013-09-25,32.29,32.29,32.09,32.1,1300,0
2013-09-26,32.25,32.25,32.25,32.25,1500,0
2013-09-27,32.27,32.59,32.19,32.19,5699,0
2013-09-30,32.08,32.11,32.04,32.11,7418,0
2013-10-01,31.96,31.96,31.57,31.7,3797,0
2013-10-02,31.97,32.41,31.97,32.41,1250,0
2013-10-03,32.6,32.6,32.4,32.4,900,0
2013-10-04,32.34,32.47,32.34,32.47,997,0
2013-10-07,32.14,32.57,32.11,32.45,5864,0
2013-10-08,32.81,32.81,32.69,32.77,1651,0
2013-10-09,32.57,32.57,32.32,32.48,7918,0
2013-10-10,32.81,33.27,32.81,33.1,7329,0
2013-10-14,32.65,32.65,32.48,32.48,1604,0
2013-10-15,32.63,32.63,32.47,32.47,3100,0
2013-10-17,32.37,32.37,32.29,32.29,1355,0
2013-10-21,32.59,32.59,32.42,32.45,2200,0
2013-10-22,32.86,32.86,32.4,32.43,3700,0
2013-10-23,31.9,31.9,31.52,31.52,1700,0
2013-10-24,31.26,31.28,31.21,31.21,1550,0
2013-10-25,31.32,31.49,31.32,31.49,358,0
2013-10-28,31.7,31.95,31.7,31.95,4700,0
2013-10-29,31.86,31.95,31.83,31.84,1400,0
2013-10-30,32.18,32.18,32.04,32.15,1300,0
2013-11-01,31.33,31.35,31.2,31.2,4642,0
2013-11-04,31,31.13,30.93,30.97,6555,0
2013-11-05,30.94,30.94,30.8,30.82,1124,0
2013-11-06,31.11,31.15,30.93,31,1705,0
2013-11-07,30.75,30.75,30.46,30.54,1600,0
2013-11-08,30.7,30.9,30.7,30.9,1400,0
2013-11-11,31.11,31.14,31.1,31.1,1100,0
2013-11-12,30.88,30.88,30.88,30.88,165,0
2013-11-13,31.21,31.33,31.21,31.33,1950,0
2013-11-14,31.23,31.7,31.23,31.68,31747,0
2013-11-18,31.7,31.7,31.48,31.48,817,0
2013-11-19,31.55,31.75,31.26,31.29,4714,0
2013-11-20,31.34,31.88,31.34,31.74,11259,0
2013-11-21,32.1,32.49,32.1,32.49,2950,0
2013-11-22,32.64,32.72,32.58,32.72,13525,0
2013-11-25,32.49,32.66,32.46,32.65,3600,0
2013-11-26,32.74,32.95,32.74,32.84,1250,0
2013-11-27,32.9,32.95,32.88,32.95,5800,0
2013-11-29,33.15,33.15,32.91,32.91,500,0
2013-12-02,32.76,33.07,32.76,33.07,4350,0
2013-12-03,33.07,33.15,33.07,33.12,5200,0
2013-12-04,33.08,33.08,32.96,32.96,642,0
2013-12-05,33.09,33.09,33.09,33.09,151,0
2013-12-10,32.51,32.65,32.51,32.65,435,0
2013-12-11,32.42,32.46,32.41,32.41,478,0
2013-12-12,32.34,32.34,32.07,32.07,7900,0
2013-12-13,32.08,32.08,31.97,31.97,850,0
2013-12-17,32.17,32.2,32,32,1570,0
2013-12-18,32.02,32.2,32.02,32.2,669,0
2013-12-20,32.89,32.89,32.89,32.89,556,0
2013-12-23,32.98,32.98,32.98,32.98,661,0
2013-12-26,33.21,33.37,33.21,33.37,1147,0
2013-12-27,33.52,33.52,33.3,33.3,1012,0
2013-12-30,33.15,33.15,32.86,32.89,601,0
2013-12-31,33.03,33.03,33.03,33.03,1028,0
2014-01-02,32.56,32.6,32.5,32.5,1086,0
2014-01-03,32.1,32.1,31.88,31.89,4729,0
2014-01-06,31.89,31.89,31.89,31.89,556,0
2014-01-07,31.88,31.88,31.85,31.85,2556,0
2014-01-08,31.84,31.98,31.82,31.91,1256,0
2014-01-09,31.74,31.74,31.74,31.74,109,0
2014-01-10,31.45,31.83,31.45,31.83,2074,0
2014-01-15,32.12,32.12,32.05,32.05,1084,0
2014-01-16,32.05,32.05,32.05,32.05,154,0
2014-01-17,32.49,32.58,32.47,32.48,2671,0
2014-01-21,33.02,33.07,32.75,32.75,2708,0
2014-01-22,32.71,32.71,32.7,32.7,317,0
2014-01-24,33.26,33.28,33.26,33.28,1525,0
2014-01-28,32.75,33,32.75,33,600,0
2014-01-30,33.31,33.31,33.31,33.31,167,0
2014-01-31,33.5,33.55,33.06,33.09,5776,0
2014-02-03,32.79,33.2,32.79,33.2,6335,0
2014-02-04,33.18,33.18,33.07,33.07,485,0
2014-02-05,33.24,33.24,32.97,33.05,2200,0
2014-02-06,33.07,33.08,33.05,33.05,1950,0
2014-02-07,33.44,33.52,33.44,33.51,3131,0
2014-02-10,33.18,33.18,32.95,32.95,1199,0
2014-02-11,33.25,33.25,33.25,33.25,353,0
2014-02-12,33.72,33.72,33.19,33.19,1600,0
2014-02-13,33.17,33.46,33.17,33.46,850,0
2014-02-14,34,34,34,34,425,0
2014-02-18,34.08,34.31,34.04,34.31,6822,0
2014-02-19,34.24,34.55,34.24,34.55,1032,0
2014-02-20,34.41,34.63,34.4,34.63,4734,0
2014-02-21,34.44,34.44,34.03,34.09,2408,0
2014-02-24,34.23,34.23,34.23,34.23,3560,0
2014-02-25,34,34.14,34,34.03,420,0
2014-02-26,34.12,34.2,34.09,34.2,1754,0
2014-02-27,33.92,33.92,33.73,33.79,814,0
2014-02-28,33.94,33.94,33.94,33.94,722,0
2014-03-03,34.54,34.79,34.54,34.55,11126,0
2014-03-04,34.04,34.16,33.97,34.16,6882,0
2014-03-05,33.72,33.72,33.64,33.67,2128,0
2014-03-06,33.45,33.61,33.39,33.61,462,0
2014-03-07,33.61,33.8,33.61,33.8,1003,0
2014-03-10,33.3,33.3,33.2,33.2,225,0
2014-03-11,33.17,33.22,33.17,33.22,600,0
2014-03-12,32.79,32.85,32.76,32.81,6411,0
2014-03-13,32.75,32.88,32.69,32.88,2932,0
2014-03-14,33.05,33.05,32.96,32.96,814,0
2014-03-17,32.51,32.55,32.46,32.46,1554,0
2014-03-18,32.57,32.71,32.57,32.63,1724,0
2014-03-19,32.59,32.62,32.58,32.58,350,0
2014-03-20,32.56,32.9,32.56,32.9,1136,0
2014-03-21,32.8,32.81,32.8,32.8,325,0
2014-03-25,33.05,33.09,33,33.01,812,0
2014-03-26,32.92,32.92,32.92,32.92,1400,0
2014-03-28,33.31,33.31,33.31,33.31,261,0
2014-04-01,32.95,32.95,32.56,32.56,850,0
2014-04-02,32.19,32.3,32.17,32.3,1650,0
2014-04-03,32.38,32.57,32.38,32.57,2956,0
2014-04-04,32.65,32.65,32.65,32.65,275,0
2014-04-07,32.6,32.6,32.54,32.54,464,0
2014-04-08,32.72,33.08,32.66,33.08,1532,0
2014-04-09,33.14,33.18,33.14,33.18,300,0
2014-04-10,33.07,33.07,33.07,33.07,300,0
2014-04-14,33.42,33.55,33.42,33.55,360,0
2014-04-15,33.55,33.59,33.55,33.59,430,0
2014-04-16,33.9,33.9,33.9,33.9,199,0
2014-04-17,33.98,33.98,33.86,33.86,3956,0
2014-04-21,33.91,34.04,33.91,33.93,7507,0
2014-04-22,33.84,33.97,33.84,33.86,3540,0
2014-04-23,33.69,33.69,33.68,33.68,1753,0
2014-04-24,34.05,34.05,34.02,34.02,611,0
2014-04-25,33.73,33.73,33.73,33.73,435,0
2014-04-28,33.41,33.47,33.31,33.31,1117,0
2014-04-29,33.59,33.59,33.59,33.59,201,0
2014-04-30,33.1,33.1,33.08,33.08,573,0
2014-05-01,32.81,32.81,32.81,32.81,244,0
2014-05-02,33.15,33.15,33.15,33.15,679,0
2014-05-05,32.89,32.89,32.76,32.76,6839,0
2014-05-07,33.05,33.05,33.05,33.05,913,0
2014-05-09,32.92,32.92,32.92,32.92,162,0
2014-05-12,33.04,33.14,33.02,33.02,10000,0
2014-05-13,33.07,33.07,33.07,33.07,798,0
2014-05-14,33.46,33.46,33.41,33.41,573,0
2014-05-19,33.31,33.32,33.31,33.32,408,0
2014-05-20,33.11,33.39,33.11,33.39,900,0
2014-05-21,33.37,33.43,33.37,33.43,1318,0
2014-05-23,33.37,33.37,33.36,33.36,2000,0
2014-05-27,33.54,33.56,33.23,33.23,18450,0
2014-05-28,33.06,33.26,33.03,33.15,2675,0
2014-05-29,33.2,33.2,33.2,33.2,100,0
2014-05-30,32.79,32.8,32.75,32.8,300,0
2014-06-02,32.64,32.64,32.64,32.64,150,0
2014-06-03,32.43,32.43,32.42,32.42,2170,0
2014-06-04,32.36,32.36,32.36,32.36,171,0
2014-06-05,32.47,32.75,32.47,32.75,43089,0
2014-06-06,32.52,32.52,32.52,32.52,2100,0
2014-06-09,32.95,32.96,32.7,32.7,8320,0
2014-06-10,32.54,32.54,32.54,32.54,1500,0
2014-06-12,33.74,33.74,33.44,33.74,543,0
2014-06-17,34.1,34.23,34.1,34.23,1297,0
2014-06-19,34.65,34.65,34.65,34.65,950,0
2014-06-20,34.51,34.62,34.51,34.62,252,0
2014-06-25,34.25,34.29,34.25,34.29,212,0
2014-06-26,34.29,34.29,34.29,34.29,450,0
2014-06-27,34.04,34.04,34.04,34.04,313,0
2014-06-30,33.8,33.8,33.63,33.64,988,0
2014-07-01,33.63,33.78,33.63,33.78,2003,0
2014-07-02,33.45,33.63,33.45,33.58,3000,0
2014-07-03,33.23,33.23,33.2,33.2,3300,0
2014-07-07,32.99,33.03,32.87,32.87,5717,0
2014-07-09,32.39,32.4,32.38,32.39,3817,0
2014-07-10,32.5,32.82,32.5,32.72,5589,0
2014-07-11,32.32,32.45,32.25,32.42,6131,0
2014-07-14,32.34,32.44,32.34,32.37,4376,0
2014-07-15,32.11,32.17,31.9,32.13,5454,0
2014-07-16,32.15,32.38,32.15,32.24,5539,0
2014-07-17,32.25,32.25,32.14,32.24,4876,0
2014-07-18,32.3,32.3,32.24,32.24,4374,0
2014-07-21,32.25,32.25,32.06,32.19,4694,0
2014-07-22,32.24,32.3,32.07,32.11,4688,0
2014-07-23,32.41,32.45,32.28,32.45,7191,0
2014-07-24,32.45,32.45,32.29,32.34,3070,0
2014-07-25,32.41,32.87,32.37,32.72,1960,0
2014-07-28,32.43,32.43,32.43,32.43,1121,0
2014-07-29,32.53,32.73,32.53,32.73,3755,0
2014-07-30,32.78,32.79,32.46,32.46,1388,0
2014-07-31,32.41,32.41,32.25,32.25,370,0
2014-08-01,32.32,32.32,32.32,32.32,236,0
2014-08-04,32.42,32.42,32.42,32.42,402,0
2014-08-05,32.11,32.11,31.85,31.93,8709,0
2014-08-06,32.28,32.34,32.28,32.34,427,0
2014-08-07,32.61,32.61,32.61,32.61,100,0
2014-08-08,32.53,32.53,32.32,32.32,1025,0
2014-08-11,32.55,32.55,32.39,32.39,435,0
2014-08-12,32.05,32.09,31.88,31.93,1738,0
2014-08-13,32.02,32.61,32.02,32.6,1136,0
2014-08-14,32.25,32.28,31.76,31.91,4120,0
2014-08-15,31.69,32.04,31.69,31.95,1907,0
2014-08-18,31.62,31.63,31.5,31.6,1950,0
2014-08-19,31.71,31.71,31.6,31.61,1667,0
2014-08-20,31.69,31.78,31.66,31.75,1581,0
2014-08-21,31.84,31.86,31.83,31.83,1650,0
2014-08-22,31.82,31.9,31.81,31.81,759,0
2014-08-26,31.84,31.93,31.84,31.93,4487,0
2014-08-28,32.15,32.15,32.15,32.15,802,0
2014-08-29,32.05,32.05,32.05,32.05,1100,0
2014-09-02,31.72,31.72,31.28,31.28,10178,0
2014-09-03,31.71,32.15,31.71,32.15,1790,0
2014-09-04,32.15,32.15,31.94,31.94,910,0
2014-09-05,31.51,31.57,31.5,31.56,1375,0
2014-09-08,31.28,31.55,31.25,31.55,2824,0
2014-09-09,31.35,31.36,31.35,31.35,2922,0
2014-09-10,31.18,31.18,30.86,30.86,1832,0
2014-09-15,30.67,30.76,30.67,30.74,950,0
2014-09-16,30.97,31,30.88,31,1860,0
2014-09-18,30.65,30.65,30.31,30.44,2455,0
2014-09-19,30.5,30.5,30.5,30.5,1115,0
2014-09-22,30.3,30.3,30.13,30.13,1849,0
2014-09-23,30,30.05,30,30.03,1678,0
2014-09-24,29.85,30.14,29.8,30.09,2864,0
2014-09-25,30.13,30.16,30.13,30.15,700,0
2014-09-26,30.22,30.23,30.22,30.23,630,0
2014-09-29,30.13,30.13,30.13,30.13,100,0
2014-09-30,29.98,29.98,29.54,29.6,4630,0
2014-10-01,29.85,30.01,29.68,29.68,3354,0
2014-10-03,29.17,29.17,29.17,29.17,271,0
2014-10-06,29,29.37,29,29.37,1650,0
2014-10-07,29.03,29.03,28.96,28.96,906,0
2014-10-08,29.65,29.65,28.66,28.8,2652,0
2014-10-09,28.5,28.5,28.14,28.19,2838,0
2014-10-10,28.29,28.52,28.29,28.51,1785,0
2014-10-14,28.01,28.01,27.61,27.62,947,0
2014-10-15,27.43,27.67,27.22,27.22,7310,0
2014-10-16,27.29,27.75,27.29,27.6,10363,0
2014-10-17,27.52,27.52,27.51,27.51,200,0
2014-10-20,27.61,27.64,27.53,27.64,1000,0
2014-10-21,27.81,27.93,27.81,27.88,400,0
2014-10-22,28,28.04,27.81,27.81,7182,0
2014-10-23,27.72,27.78,27.72,27.74,1089,0
2014-10-24,27.42,27.69,27.39,27.69,1256,0
2014-10-27,27.35,27.55,27.25,27.5,11926,0
2014-10-28,27.47,27.8,27.47,27.71,2250,0
2014-10-29,28.19,28.35,28,28.25,3045,0
2014-10-30,27.92,28.07,27.91,28.03,8271,0
2014-10-31,27.63,27.75,27.63,27.75,1518,0
2014-11-03,28.04,28.04,27.74,27.76,3403,0
2014-11-04,27.5,27.5,27.2,27.3,2999,0
2014-11-05,27.43,27.76,27.32,27.35,6636,0
2014-11-06,27.25,27.56,27.2,27.54,8140,0
2014-11-07,27.78,28.02,27.75,27.94,9621,0
2014-11-10,28.4,28.42,27.54,27.54,6212,0
2014-11-11,27.34,27.62,27.27,27.58,3185,0
2014-11-12,27.49,27.67,27.07,27.18,2674,0
2014-11-13,27.08,27.1,26.38,26.53,17233,0
2014-11-14,26.91,27.5,26.88,27.05,4382,0
2014-11-17,26.7,26.93,26.7,26.93,10767,0
2014-11-18,26.76,26.89,26.76,26.81,4633,0
2014-11-19,26.9,26.9,26.51,26.62,8367,0
2014-11-20,26.75,26.81,26.7,26.75,4418,0
2014-11-21,26.8,27.03,26.65,27.03,3698,0
2014-11-24,26.88,26.99,26.74,26.76,3063,0
2014-11-25,26.97,27.02,26.5,26.52,2896,0
2014-11-26,26.5,26.62,26.48,26.48,1222,0
2014-11-28,25.29,25.4,24.83,24.83,4915,0
2014-12-01,24.61,25.18,24.61,25.15,6552,0
2014-12-02,24.61,24.88,24.33,24.39,2500,0
2014-12-03,24.47,24.49,24.03,24.03,2263,0
2014-12-04,24.05,24.05,23.94,23.96,2990,0
2014-12-05,23.8,23.8,23.8,23.8,809,0
2014-12-08,23.46,23.46,23.22,23.35,1370,0
2014-12-09,23.32,23.56,23.26,23.5,3595,0
2014-12-10,22.97,23.32,22.96,23.06,1238,0
2014-12-11,23.38,23.66,23.29,23.29,1679,0
2014-12-12,23.07,23.2,22.86,22.86,3839,0
2014-12-15,23.11,23.11,22.58,22.61,3984,0
2014-12-16,22.22,22.45,22.01,22.23,1782,0
2014-12-17,22.19,23.07,22.19,23,4374,0
2014-12-18,23.05,23.05,22.16,22.26,12722,0
2014-12-19,22.42,22.93,22.42,22.93,4861,0
2014-12-22,22.55,22.55,22.34,22.45,2155,0
2014-12-23,22.68,22.95,22.68,22.95,3721,0
2014-12-24,22.5,22.5,22.35,22.35,780,0
2014-12-26,21.99,22.22,21.99,22.09,2035,0
2014-12-29,22.24,22.24,21.4,21.4,2383,0
2014-12-30,21.51,21.7,21.5,21.55,2352,0
2014-12-31,21.43,21.58,21.43,21.58,368,0
2015-01-02,21.15,21.3,21.15,21.23,1534,0
2015-01-05,20.66,20.67,20.5,20.54,4113,0
2015-01-06,20.49,20.49,20.09,20.09,11422,0
2015-01-07,20.16,20.16,19.57,19.83,5150,0
2015-01-08,20.03,20.05,19.95,19.95,2075,0
2015-01-09,19.99,19.99,19.99,19.99,104,0
2015-01-12,19.69,19.69,19.4,19.45,4531,0
2015-01-13,19.01,19.01,18.61,18.91,1515,0
2015-01-14,19,19.4,18.7,19.38,3260,0
2015-01-15,19.75,19.75,19.12,19.12,7946,0
2015-01-16,19.38,21.7,19.3,19.47,4395,0
2015-01-20,19.06,19.13,19,19.02,5516,0
2015-01-22,19.36,19.43,19.18,19.18,9264,0
2015-01-23,19.5,19.5,19.41,19.41,1219,0
2015-01-26,19.45,19.66,19.2,19.2,6682,0
2015-01-27,19.11,19.52,19.09,19.48,2047,0
2015-01-28,19.31,19.31,19.13,19.13,4225,0
2015-01-29,19.25,19.25,19.02,19.02,4297,0
2015-01-30,19.11,20.3,19.11,20.3,3823,0
2015-02-02,20.67,21.02,20.53,20.97,3419,0
2015-02-03,21.55,22.05,21.52,21.9,5384,0
2015-02-04,21.61,21.66,20.95,20.95,4457,0
2015-02-05,21.49,21.83,21.28,21.59,5950,0
2015-02-06,21.94,22.16,21.76,21.98,3985,0
2015-02-09,22.19,22.6,22.19,22.52,6329,0
2015-02-10,22.39,22.39,21.84,21.93,8317,0
2015-02-11,21.63,21.78,21.38,21.7,875,0
2015-02-12,22.14,22.68,22.14,22.63,1000,0
2015-02-13,23.6,23.6,23.29,23.32,4200,0
2015-02-17,25,25,22.99,23.44,3676,0
2015-02-18,23.13,23.33,23.07,23.15,4507,0
2015-02-19,22.43,23.19,22.42,23.19,2182,0
2015-02-20,23.63,23.63,23.27,23.27,2481,0
2015-02-23,23.11,23.27,23.11,23.15,6527,0
2015-02-24,23.15,23.35,22.82,22.82,6089,0
2015-02-25,23,23.4,22.96,23.4,1586,0
2015-02-26,23.43,23.54,23.07,23.08,2970,0
2015-02-27,23.85,24.03,23.7,24.03,3890,0
2015-03-02,23.7,23.76,23.08,23.13,8400,0
2015-03-03,23.5,23.81,23.5,23.74,6600,0
2015-03-04,23.17,23.25,23.11,23.18,1700,0
2015-03-05,22.93,23.06,22.93,23.06,1600,0
2015-03-06,23.15,23.15,22.8,22.89,2100,0
2015-03-09,22.48,22.81,22.48,22.55,600,0
2015-03-10,22.06,22.22,20.07,22.06,3900,0
2015-03-11,22.18,22.18,21.84,22.15,2600,0
2015-03-12,22.36,22.36,21.66,21.66,1400,0
2015-03-13,21.48,21.48,21.21,21.21,3400,0
2015-03-16,20.59,20.88,20.46,20.88,3800,0
2015-03-17,20.55,20.73,20.55,20.73,200,0
2015-03-18,20.54,21.58,20.53,21.58,2200,0
2015-03-19,21.09,21.12,20.93,21.12,2900,0
2015-03-20,21.2,21.2,21.04,21.04,600,0
2015-03-23,21.04,21.04,21.04,21.04,100,0
2015-03-24,21,21,21,21,200,0
2015-03-25,21.18,21.18,21.18,21.18,500,0
2015-03-26,21.67,21.8,21.63,21.8,1100,0
2015-03-27,21.68,21.78,21.23,21.25,3300,0
2015-03-30,21.14,21.32,21.14,21.32,500,0
2015-03-31,21.2,21.2,21.16,21.16,510,0
2015-04-01,21.09,21.54,21.09,21.54,1000,0
2015-04-02,21.54,21.54,21.54,21.54,100,0
2015-04-06,21.72,21.77,21.72,21.77,500,0
2015-04-07,21.95,21.99,21.95,21.99,267,0
2015-04-08,21.83,21.87,21,21,2500,0
2015-04-09,21.45,21.45,21.35,21.35,425,0
2015-04-10,21.69,21.89,21.69,21.89,2100,0
2015-04-13,22.35,22.36,22.05,22.05,4100,0
2015-04-14,22.31,22.31,22.23,22.31,400,0
2015-04-15,22.83,23.28,22.58,23.28,1588,0
2015-04-16,23.21,23.75,23.21,23.5,3130,0
2015-04-17,23.45,23.45,23.45,23.45,300,0
2015-04-20,23.41,23.45,23.15,23.15,3688,0
2015-04-21,23.1,23.1,23,23,654,0
2015-04-22,23.07,23.17,23.05,23.08,430,0
2015-04-23,23.83,24.03,23.74,23.93,2000,0
2015-04-24,23.76,23.9,23.76,23.83,838,0
2015-04-27,23.84,23.84,23.68,23.68,500,0
2015-04-28,23.82,23.82,23.82,23.82,100,0
2015-04-29,23.89,24.31,23.74,24.29,800,0
2015-04-30,24.2,24.2,24.2,24.2,100,0
2015-05-01,24.39,24.39,24.33,24.36,1400,0
2015-05-04,24.3,24.51,24.3,24.51,900,0
2015-05-05,24.92,25.1,24.89,24.89,5200,0
2015-05-06,25,25,24.88,24.88,1396,0
2015-05-07,24.88,24.88,24.1,24.1,1410,0
2015-05-08,23.82,24.18,23.82,24.16,1900,0
2015-05-11,24.1,24.1,24.1,24.1,400,0
2015-05-12,24.63,24.63,24.63,24.63,775,0
2015-05-13,24.99,24.99,24.9,24.9,458,0
2015-05-14,24.82,24.82,24.82,24.82,100,0
2015-05-15,24.43,24.54,24.43,24.54,806,0
2015-05-18,24.56,24.6,24.55,24.55,793,0
2015-05-19,23.8,23.8,23.73,23.73,466,0
2015-05-20,23.86,23.86,23.86,23.86,100,0
2015-05-21,24.57,24.57,24.57,24.57,100,0
2015-05-22,24.57,24.57,24.57,24.57,100,0
2015-05-26,23.72,23.72,23.43,23.43,765,0
2015-05-27,23.14,23.21,23.05,23.05,2300,0
2015-05-28,22.97,22.97,22.97,22.97,500,0
2015-05-29,23.34,23.98,23.34,23.98,2700,0
2015-06-01,23.91,23.92,23.65,23.78,6596,0
2015-06-02,23.88,23.93,23.85,23.93,3748,0
2015-06-03,23.52,23.52,23.25,23.28,900,0
2015-06-04,22.92,22.92,22.72,22.76,900,0
2015-06-05,22.7,23.04,22.62,23.04,600,0
2015-06-08,22.89,22.89,22.89,22.89,300,0
2015-06-09,23.53,23.53,23.53,23.53,113,0
2015-06-10,23.83,23.85,23.83,23.85,1611,0
2015-06-11,23.85,23.85,23.85,23.85,15,0
2015-06-15,23.01,23.01,23.01,23.01,200,0
2015-06-16,23.16,23.18,23.11,23.18,2300,0
2015-06-17,23.75,23.75,23.32,23.4,1300,0
2015-06-18,23.59,23.59,23.51,23.57,800,0
2015-06-19,22.94,22.94,22.94,22.94,2100,0
2015-06-22,22.85,22.9,22.79,22.9,5600,0
2015-06-23,22.91,23.34,22.91,23.34,1917,0
2015-06-24,23.57,23.57,23.17,23.24,3300,0
2015-06-25,22.88,22.95,22.88,22.95,1500,0
2015-06-26,22.98,23.03,22.93,22.93,400,0
2015-06-29,22.57,22.77,22.57,22.62,700,0
2015-06-30,23,23.32,23,23.32,380,0
2015-07-01,22.82,22.83,22.8,22.83,700,0
2015-07-02,22.75,22.75,22.52,22.54,3200,0
2015-07-06,21.52,21.57,21.08,21.08,1300,0
2015-07-07,21.05,21.15,20.79,21.15,1900,0
2015-07-08,20.92,21.03,20.92,21.03,8800,0
2015-07-09,21.43,21.5,21.43,21.5,800,0
2015-07-10,21.31,21.31,21.31,21.31,200,0
2015-07-13,21.16,21.16,21.15,21.15,300,0
2015-07-14,21.02,21.11,21.01,21.11,6161,0
2015-07-15,20.72,20.72,20.48,20.48,1362,0
2015-07-16,20.45,20.59,20.45,20.52,2200,0
2015-07-17,20.63,20.66,20.4,20.4,3400,0
2015-07-20,20.25,20.35,20.19,20.35,400,0
2015-07-21,20.38,20.5,20.38,20.47,1000,0
2015-07-22,20.47,20.55,20.43,20.46,900,0
2015-07-23,20.15,20.28,20.15,20.28,1700,0
2015-07-24,20,20,20,20,400,0
2015-07-27,19.65,19.65,19.5,19.5,1900,0
2015-07-28,19.34,19.75,19.34,19.63,3400,0
2015-07-29,19.4,19.75,19.4,19.58,3800,0
2015-07-30,19.72,20.43,19.69,19.72,1800,0
2015-07-31,19.47,19.52,19.36,19.36,1300,0
2015-08-03,18.78,18.78,18.78,18.78,525,0
2015-08-04,18.89,18.89,18.89,18.89,500,0
2015-08-05,19.02,19.02,18.9,18.9,500,0
2015-08-06,18.65,18.65,18.65,18.65,245,0
2015-08-07,18.82,18.82,18.82,18.82,1500,0
2015-08-10,18.82,18.82,18.82,18.82,100,0
2015-08-11,18.9,19.05,18.9,19.05,1058,0
2015-08-12,18.37,19.33,18.37,19.33,600,0
2015-08-13,19.33,19.33,19.33,19.33,100,0
2015-08-14,19.06,19.06,18.82,18.82,1600,0
2015-08-17,19,19,18.94,18.94,5700,0
2015-08-18,18.9,18.9,18.87,18.88,600,0
2015-08-19,18.41,18.41,18.34,18.37,1300,0
2015-08-20,18.36,18.4,18.16,18.16,900,0
2015-08-21,17.95,17.95,17.72,17.79,700,0
2015-08-24,17.24,17.29,16.96,17,12209,0
2015-08-25,17.28,17.28,16.95,17,2100,0
2015-08-26,16.92,16.92,16.85,16.85,2500,0
2015-08-27,17.24,18.07,17.24,18.07,2600,0
2015-08-28,18.45,19.35,18.45,19.27,12200,0
2015-08-31,19.02,20.5,18.83,20.4,7900,0
2015-09-01,19.77,19.88,19.38,19.38,6500,0
2015-09-02,19.39,19.39,18.78,18.78,200,0
2015-09-03,19.75,19.99,19.46,19.46,2300,0
2015-09-04,19.56,19.56,18.26,19.42,4500,0
2015-09-08,19.13,19.22,19.08,19.22,1000,0
2015-09-09,18.78,19.04,18.75,18.75,3600,0
2015-09-10,18.8,18.99,18.63,18.99,5217,0
2015-09-11,18.65,19.02,18.48,18.79,14700,0
2015-09-14,18.46,18.46,18.15,18.15,7200,0
2015-09-15,18.06,18.08,18,18.08,2500,0
2015-09-16,18.58,18.67,18.5,18.67,7200,0
2015-09-17,18.45,18.52,18.23,18.39,1094,0
2015-09-18,18.28,18.28,18.01,18.05,2200,0
2015-09-21,18.22,18.22,18.22,18.22,300,0
2015-09-22,17.93,17.93,17.93,17.93,100,0
2015-09-23,18.95,18.95,18.25,18.25,534,0
2015-09-24,18.3,18.41,18.3,18.41,600,0
2015-09-25,18.58,18.58,18.39,18.39,1000,0
2015-09-28,17.96,17.96,17.89,17.89,3279,0
2015-09-29,18.03,18.3,18.03,18.3,200,0
2015-09-30,18.3,18.3,18.3,18.3,100,0
2015-10-01,18.2,18.2,18.11,18.11,2400,0
2015-10-02,18.11,18.11,18.11,18.11,100,0
2015-10-05,18.45,18.51,18.45,18.45,402,0
2015-10-06,18.61,19.14,18.61,19.14,1700,0
2015-10-07,18.85,18.85,18.85,18.85,200,0
2015-10-09,18.95,19.01,18.86,18.86,2000,0
2015-10-12,18.19,18.19,17.95,18.02,3199,0
2015-10-13,17.76,17.76,17.5,17.5,1800,0
2015-10-14,17.72,17.72,17.69,17.7,1000,0
2015-10-15,17.55,17.55,17.25,17.25,600,0
2015-10-16,17.73,17.8,17.57,17.8,1400,0
2015-10-19,17.43,17.46,17.24,17.32,18198,0
2015-10-20,17.14,17.21,17.13,17.15,20200,0
2015-10-21,17.15,17.15,17.15,17.15,100,0
2015-10-23,17.33,17.33,17.32,17.32,300,0
2015-10-26,17.01,17.07,16.95,16.95,1400,0
2015-10-27,16.7,16.83,16.7,16.73,1300,0
2015-10-28,17.6,17.62,17.44,17.44,2900,0
2015-10-29,17.4,17.62,17.4,17.53,1000,0
2015-10-30,17.54,17.65,17.54,17.65,1100,0
2015-11-02,17.65,17.65,17.65,17.65,60,0
2015-11-03,18.31,18.31,18.31,18.31,250,0
2015-11-04,18.16,18.16,17.52,17.56,6804,0
2015-11-05,17.44,19.25,17.44,17.52,6900,0
2015-11-06,17.35,17.35,17.35,17.35,200,0
2015-11-09,17.15,17.15,17.15,17.15,100,0
2015-11-10,17.33,17.4,17.27,17.4,9000,0
2015-11-11,17,17,16.88,16.95,3200,0
2015-11-12,16.83,16.83,16.39,16.41,10600,0
2015-11-13,16.3,16.3,16.11,16.11,4000,0
2015-11-16,16,16.25,15.87,16.25,6200,0
2015-11-17,16.02,16.02,15.95,15.99,2600,0
2015-11-18,16.17,16.17,16.08,16.08,500,0
2015-11-19,16.08,16.08,15.99,15.99,2900,0
2015-11-20,16.04,16.1,16.04,16.1,1800,0
2015-11-23,16.03,16.03,16.03,16.03,100,0
2015-11-24,16.33,16.49,16.33,16.41,6100,0
2015-11-25,16.41,16.41,16.41,16.41,100,0
2015-11-27,16.41,16.41,16.41,16.41,100,0
2015-11-30,15.67,15.67,15.5,15.5,1000,0
2015-12-01,15.62,15.62,15.62,15.62,125,0
2015-12-02,15.4,15.5,14.99,14.99,3950,0
2015-12-03,15.27,15.7,15.27,15.6,2777,0
2015-12-04,15.41,15.53,15.41,15.47,700,0
2015-12-07,14.89,14.89,14.62,14.62,2800,0
2015-12-08,14.21,14.49,14.21,14.42,6421,0
2015-12-09,14.3,14.48,14.1,14.2,7600,0
2015-12-10,14.09,14.09,14.02,14.05,1900,0
2015-12-11,13.7,13.7,13.09,13.09,8200,0
2015-12-14,12.73,13.07,12.68,12.96,3912,0
2015-12-15,13.22,13.22,13.05,13.05,600,0
2015-12-16,13.09,13.09,12.67,12.69,13000,0
2015-12-17,12.66,12.66,12.65,12.65,500,0
2015-12-18,12.7,12.7,12.58,12.59,2000,0
2015-12-21,12.46,12.51,12.46,12.51,4000,0
2015-12-22,12.51,12.54,12.42,12.42,814,0
2015-12-23,12.8,12.89,12.71,12.86,4200,0
2015-12-24,12.79,12.86,12.738,12.738,570,0
2015-12-28,12.47,12.55,12.399,12.42,1646,0
2015-12-29,12.84,12.88,12.71,12.82,2900,0
2015-12-30,12.598,12.598,12.4,12.4299,9960,0
2015-12-31,12.3001,12.7582,12.3001,12.45,1030,0
2016-01-04,12.92,13.09,12.4662,12.6,2581,0
2016-01-05,12.438,12.57,12.36,12.55,1600,0
2016-01-06,12.13,12.14,11.9301,12.03,7763,0
2016-01-07,11.93,12.13,11.81,11.81,2662,0
2016-01-08,11.81,11.81,11.57,11.57,1034,0
2016-01-11,11.55,11.55,11.2437,11.25,4950,0
2016-01-12,11.36,11.36,10.8919,10.9701,1898,0
2016-01-13,11.06,11.12,10.6492,10.78,9826,0
2016-01-14,10.64,10.98,10.56,10.92,9139,0
2016-01-15,10.63,10.63,10.41,10.4256,4491,0
2016-01-19,10.2,10.45,10.07,10.07,3200,0
2016-01-20,9.71,9.73,9.466,9.72,5100,0
2016-01-21,9.58,10.23,9.55,9.98,3282,0
2016-01-22,10.7,10.98,10.69,10.98,3191,0
2016-01-25,10.73,10.78,10.48,10.6252,2229,0
2016-01-26,10.55,10.84,10.54,10.67,1315,0
2016-01-27,10.73,11.34,10.7,11.2629,7121,0
2016-01-28,11.74,11.75,11.45,11.53,1501,0
2016-01-29,11.61,11.8,11.4101,11.7999,7826,0
2016-02-01,11.55,11.55,11.25,11.288,2080,0
2016-02-02,11.0191,11.02,11.0191,11.02,2223,0
2016-02-03,11.4099,11.89,11.4099,11.89,3128,0
2016-02-04,12.04,12.22,11.89,11.89,4924,0
2016-02-05,11.716,11.716,11.531,11.6161,1505,0
2016-02-08,11.65,11.65,11.47,11.47,2880,0
2016-02-09,11.19,11.27,10.772,10.79,7937,0
2016-02-10,10.58,10.81,10.58,10.666,2475,0
2016-02-11,10.78,10.9,10.65,10.9,2176,0
2016-02-12,11.36,11.58,11.19,11.55,2299,0
2016-02-16,11.38,11.46,11.38,11.46,200,0
2016-02-17,11.3,11.88,11.3,11.8499,10034,0
2016-02-18,11.82,11.89,11.82,11.85,810,0
2016-02-19,11.301,11.35,11.25,11.3172,3947,0
2016-02-22,11.6374,11.6374,11.5216,11.5216,449,0
2016-02-24,11.04,11.6,11.009,11.6,4219,0
2016-02-25,11.46,11.6,11.37,11.6,930,0
2016-02-26,11.95,11.97,11.55,11.55,2950,0
2016-02-29,11.73,11.73,11.72,11.72,1079,0
2016-03-01,11.74,11.97,11.74,11.97,1100,0
2016-03-02,11.97,11.97,11.9188,11.9188,400,0
2016-03-03,11.89,11.93,11.89,11.93,3931,0
2016-03-04,12.09,12.53,12.09,12.53,1245,0
2016-03-07,12.57,13.18,12.57,13.18,4617,0
2016-03-08,13.09,13.09,13.0025,13.0025,3000,0
2016-03-09,13.1899,13.22,13.18,13.21,1700,0
2016-03-10,13.11,13.13,13.11,13.13,427,0
2016-03-11,13.26,13.26,13.07,13.07,1035,0
2016-03-14,12.75,12.93,12.6789,12.93,1822,0
2016-03-15,12.69,12.72,12.6573,12.6573,3085,0
2016-03-16,12.86,13.2267,12.86,13.2267,358,0
2016-03-17,13.34,13.37,13.3,13.37,610,0
2016-03-18,13.7,13.7,13.55,13.55,644,0
2016-03-21,13.33,13.3344,13.33,13.3344,1073,0
2016-03-22,13.3055,13.52,13.3055,13.519,1689,0
2016-03-23,13.0401,13.05,12.96,13.05,2655,0
2016-03-24,12.621,13.0499,12.621,12.9115,2200,0
2016-03-28,12.63,12.635,12.63,12.631,739,0
2016-03-29,12.4254,12.58,12.4254,12.58,740,0
2016-03-30,12.85,12.85,12.58,12.58,1436,0
2016-04-01,12.2,12.2,12.09,12.09,517,0
2016-04-04,12,12,11.7,11.7,1997,0
2016-04-05,11.5,11.5499,11.41,11.42,1477,0
2016-04-06,12.195,12.21,12.12,12.21,5974,0
2016-04-07,11.93,11.96,11.89,11.89,6350,0
2016-04-08,12.824,12.824,12.8,12.8015,1014,0
2016-04-12,13.53,13.7,13.53,13.7,1300,0
2016-04-13,13.67,13.67,13.62,13.63,1446,0
2016-04-14,13.545,13.545,13.4,13.4,2800,0
2016-04-18,13.28,13.28,13.17,13.17,726,0
2016-04-19,13.34,13.34,13.34,13.34,400,0
2016-04-20,13.729,14.2,13.729,14.16,1872,0
2016-04-21,14.1,14.1,13.97,13.9899,2250,0
2016-04-22,14.02,14.1233,14.02,14.0876,1433,0
2016-04-25,13.8499,13.8499,13.8499,13.8499,110,0
2016-04-26,14.11,14.18,14.0601,14.18,1400,0
2016-04-27,14.2795,14.7054,14.2795,14.7,1510,0
2016-04-28,14.73,14.9015,14.707,14.9,1979,0
2016-04-29,14.6433,14.6433,14.6433,14.6433,300,0
2016-05-02,14.4567,14.4567,14.4567,14.4567,825,0
2016-05-03,14.155,14.1706,14.155,14.1706,653,0
2016-05-06,14.0701,14.165,14.07,14.165,1207,0
2016-05-09,13.86,13.86,13.6111,13.6111,1090,0
2016-05-10,14.0801,14.0801,14.08,14.08,723,0
2016-05-11,14.1795,14.78,14.161,14.78,1338,0
2016-05-12,14.54,14.72,14.54,14.72,1147,0
2016-05-13,14.68,14.89,14.68,14.89,430,0
2016-05-16,15.2,15.4,15.2,15.4,8995,0
2016-05-17,15.5,15.57,15.5,15.57,260,0
2016-05-18,15.814,15.85,15.814,15.85,453,0
2016-05-19,15.35,15.5999,15.3,15.5999,1826,0
2016-05-24,15.7901,15.8399,15.7901,15.8399,817,0
2016-05-25,16.02,16.0599,15.84,16.0599,2214,0
2016-05-26,15.7939,15.9301,15.7939,15.93,1034,0
2016-05-27,15.68,15.89,15.66,15.83,4127,0
2016-05-31,16,16.158,16,16.158,1925,0
2016-06-01,15.795,15.83,15.79,15.83,789,0
2016-06-03,15.78,15.79,15.68,15.68,2600,0
2016-06-06,15.79,15.79,15.75,15.75,776,0
2016-06-07,16.13,16.2637,16.1154,16.2637,2231,0
2016-06-08,16.55,16.58,16.41,16.58,4861,0
2016-06-09,16.26,16.4299,16.26,16.4184,2465,0
2016-06-10,16.05,16.05,15.99,16.05,577,0
2016-06-13,16.055,16.055,15.915,15.915,456,0
2016-06-14,15.7679,15.7917,15.751,15.7917,800,0
2016-06-15,15.6,15.6,15.5,15.5,790,0
2016-06-16,15.34,15.34,15,15,2974,0
2016-06-17,15.4401,15.6523,15.4401,15.6523,1388,0
2016-06-20,15.92,16.0699,15.8804,16.0699,1967,0
2016-06-21,15.76,15.9083,15.76,15.9083,300,0
2016-06-23,16.0284,16.0284,15.9704,15.9704,1683,0
2016-06-24,15.32,15.46,15.32,15.46,2349,0
2016-06-27,15.22,15.22,15.1,15.21,728,0
2016-06-29,16.1655,16.1655,16.051,16.051,445,0
2016-06-30,15.84,15.84,15.84,15.84,505,0
2016-07-01,15.651,16,15.63,16,27714,0
2016-07-05,15.37,15.37,15.164,15.27,1419,0
2016-07-07,15.65,15.65,15.64,15.65,7443,0
2016-07-08,14.8907,14.8907,14.68,14.8,24881,0
2016-07-11,14.83,14.8328,14.8256,14.8328,1598,0
2016-07-12,15.34,15.39,12.7667,15.2701,14748,0
2016-07-13,14.74,14.74,14.53,14.53,11783,0
2016-07-15,14.81,14.81,14.63,14.63,1725,0
2016-07-18,14.41,14.52,14.38,14.52,3838,0
2016-07-19,14.53,14.54,14.46,14.48,14720,0
2016-07-20,14.4049,14.61,14.4005,14.61,1000,0
2016-07-21,14.51,14.68,14.3901,14.4,2313,0
2016-07-25,13.82,13.93,13.81,13.8864,1054,0
2016-07-26,13.87,13.88,13.87,13.88,1379,0
2016-07-27,13.6599,13.6599,13.6599,13.6599,110,0
2016-07-28,13.54,13.54,13.41,13.41,364,0
2016-07-29,13.2475,13.46,13.2475,13.402,1897,0
2016-08-02,13.3121,13.3121,12.89,12.96,1537,0
2016-08-04,13.1447,13.1447,13.1447,13.1447,325,0
2016-08-05,13.67,13.67,13.43,13.53,17200,0
2016-08-08,13.87,13.87,13.83,13.85,4050,0
2016-08-09,13.88,13.88,13.71,13.71,2515,0
2016-08-10,13.77,13.95,13.51,13.51,1372,0
2016-08-11,13.9,14.3053,13.9,14.178,10160,0
2016-08-12,14.38,14.44,14.38,14.38,707,0
2016-08-16,14.92,15,14.83,15,1419,0
2016-08-17,15.06,15.36,15.06,15.32,724,0
2016-08-18,15.53,15.53,15.42,15.51,1737,0
2016-08-19,15.61,15.61,15.49,15.56,3481,0
2016-08-22,15.42,15.42,15.4087,15.4087,1014,0
2016-08-25,15.23,15.33,15.23,15.33,1332,0
2016-08-29,15.18,15.27,14.923,15.27,680,0
2016-08-30,15.343,15.343,15.17,15.17,9313,0
2016-08-31,14.88,14.88,14.47,14.527,18067,0
2016-09-01,14.23,14.23,14.01,14.0719,17438,0
2016-09-02,14.18,14.3,14.18,14.24,5545,0
2016-09-06,14.28,14.3199,14.27,14.31,1625,0
2016-09-07,14.5,14.5,14.4999,14.4999,375,0
2016-09-08,14.79,15.06,14.79,15.05,16727,0
2016-09-09,14.7,14.71,14.7,14.71,16189,0
2016-09-12,14.4804,14.72,14.4804,14.72,23195,0
2016-09-13,14.78,14.86,14.36,14.4401,10365,0
2016-09-14,14.25,14.53,13.78,14.06,6662,0
2016-09-15,14.39,14.5,14.01,14.31,6700,0
2016-09-16,14.1601,14.4,14.1601,14.31,4824,0
2016-09-19,14.5001,14.5001,14.14,14.14,973,0
2016-09-20,14.11,14.69,13.97,14.29,24400,0
2016-09-21,14.7,14.79,14.41,14.5,18980,0
2016-09-23,14.77,14.77,14.77,14.77,470,0
2016-09-26,14.58,14.76,14.58,14.76,16487,0
2016-09-27,14.25,14.29,14.25,14.29,7770,0
2016-09-28,14.42,15.09,14.42,15.09,2673,0
2016-09-29,15.1073,15.24,15.1,15.2394,907,0
2016-09-30,15.49,15.49,15.443,15.443,1010,0
2016-10-03,15.56,15.75,15.4,15.58,43593,0
2016-10-04,15.8,15.8,15.59,15.6473,17940,0
2016-10-05,15.99,16.05,15.46,15.93,24273,0
2016-10-06,16.05,16.124,14.631,16.08,18229,0
2016-10-07,16.06,16.06,15.81,15.9,1402,0
2016-10-10,16.39,16.41,16.06,16.17,4353,0
2016-10-11,16.09,16.34,15.899,15.95,4322,0
2016-10-12,15.78,15.82,15.78,15.7801,1000,0
2016-10-13,15.79,16.03,15.79,15.82,2480,0
2016-10-14,15.87,15.87,15.75,15.75,1080,0
2016-10-17,15.61,15.72,15.56,15.72,3432,0
2016-10-18,15.79,15.83,15.69,15.83,31526,0
2016-10-19,16.11,16.11,16.11,16.11,14993,0
2016-10-20,15.69,15.8,15.69,15.8,15757,0
2016-10-21,15.8,15.8833,15.8,15.8833,900,0
2016-10-24,15.74,15.93,15.74,15.929,1136,0
2016-10-25,15.8715,15.8715,15.7,15.71,15228,0
2016-10-26,15.5,15.8,15.5,15.6199,1643,0
2016-10-27,15.75,15.93,15.75,15.82,2011,0
2016-10-28,15.62,15.74,15.52,15.52,1642,0
2016-10-31,15.36,15.36,15.02,15.04,3782,0
2016-11-01,15.37,15.46,15,15.0055,5005,0
2016-11-02,14.8,14.8,14.44,14.64,7036,0
2016-11-03,14.59,14.59,14.5111,14.5276,601,0
2016-11-04,14.22,14.37,14.22,14.2999,1043,0
2016-11-07,14.34,14.3546,14.27,14.3501,1118,0
2016-11-08,14.1613,14.3399,14.1613,14.29,1056,0
2016-11-09,14.26,14.41,14.26,14.3465,2301,0
2016-11-10,14.2652,14.2652,14.2652,14.2652,320,0
2016-11-11,13.811,13.904,13.7901,13.904,3100,0
2016-11-14,13.7962,13.8,13.6906,13.6906,16749,0
2016-11-15,14.1,14.44,14.1,14.4287,24932,0
2016-11-16,14.272,14.34,14.2,14.2,1699,0
2016-11-17,14.49,14.49,14.23,14.23,7690,0
2016-11-18,14.4752,14.48,14.331,14.48,5924,0
2016-11-21,14.95,15.22,14.94,15.16,6007,0
2016-11-22,15.235,15.32,15.05,15.11,1666,0
2016-11-23,15.1301,15.37,15.1049,15.1049,2791,0
2016-11-28,15.06,15.12,15.0107,15.0107,1257,0
2016-11-29,14.59,14.65,14.5,14.58,5410,0
2016-11-30,15.25,15.56,15.25,15.43,3460,0
2016-12-01,16,16.3631,15.99,16.2,11304,0
2016-12-02,16.2172,16.32,16.2172,16.32,460,0
2016-12-05,16.4217,16.45,16.21,16.24,1348,0
2016-12-06,16.14,16.189,16.1264,16.18,6904,0
2016-12-07,15.9486,16.09,15.8906,15.8906,1189,0
2016-12-08,15.96,16.07,15.93,15.97,1555,0
2016-12-09,16.05,16.0509,16.04,16.0508,1596,0
2016-12-12,16.7,16.746,16.3673,16.39,20900,0
2016-12-13,16.4756,16.4908,16.45,16.45,1028,0
2016-12-14,16.44,16.6265,16.1501,16.1501,556,0
2016-12-15,16.2,16.29,16.105,16.18,16952,0
2016-12-16,16.8261,16.8261,16.44,16.53,1945,0
2016-12-19,16.5011,16.5216,16.4281,16.43,2939,0
2016-12-20,16.53,16.6029,16.43,16.45,1549,0
2016-12-21,16.3037,16.3037,16.2269,16.2269,3866,0
2016-12-22,16.3848,16.3848,16.3848,16.3848,463,0
2016-12-23,16.39,16.47,16.17,16.31,22575,0
2016-12-27,16.614,16.85,16.614,16.6926,2424,0
2016-12-28,16.87,16.87,16.69,16.83,2077,0
2016-12-29,16.762,16.762,16.762,16.762,300,0
2016-12-30,16.7349,16.7768,16.73,16.7768,3550,0
2017-01-03,17.05,17.05,16.312,16.312,16067,0
2017-01-04,16.2318,16.49,16.2281,16.4728,8408,0
2017-01-05,16.37,16.52,16.3687,16.52,1210,0
2017-01-06,16.52,16.5886,16.44,16.5886,7737,0
2017-01-09,16.35,16.35,15.9449,15.9449,1537,0
2017-01-10,15.83,15.845,15.69,15.69,5374,0
2017-01-11,15.9,16.25,15.9,16.055,8577,0
2017-01-12,16.2842,16.3764,16.2842,16.3183,654,0
2017-01-13,16.1203,16.1206,16.109,16.109,1300,0
2017-01-17,16.5,16.5,16.02,16.02,6023,0
2017-01-19,15.8706,15.8706,15.72,15.72,370,0
2017-01-20,16.14,16.14,16.0318,16.0318,1235,0
2017-01-23,15.8954,15.95,15.84,15.95,5873,0
2017-01-24,15.96,16.05,15.96,16.05,2883,0
2017-01-25,15.6113,15.8956,15.6113,15.741,2703,0
2017-01-26,15.9,16.0167,15.9,15.981,861,0
2017-01-27,15.66,15.72,15.5863,15.72,842,0
2017-01-30,15.73,15.73,15.6547,15.6547,400,0
2017-01-31,15.89,15.95,15.8672,15.8672,1353,0
2017-02-01,16.05,16.16,16.05,16.16,14309,0
2017-02-02,16.18,16.2,15.995,16.1,7287,0
2017-02-03,16.16,16.16,16.01,16.1,2219,0
2017-02-06,16.01,16.02,15.8099,15.8099,3915,0
2017-02-07,15.6,15.66,15.59,15.66,3552,0
2017-02-08,15.611,15.8,15.611,15.8,1167,0
2017-02-09,15.79,15.89,15.79,15.89,1425,0
2017-02-10,16.09,16.09,16.09,16.09,519,0
2017-02-13,15.7143,15.7143,15.7143,15.7143,189,0
2017-02-14,15.76,15.82,15.76,15.82,3566,0
2017-02-15,15.69,15.69,15.68,15.69,1421,0
2017-02-16,15.65,15.65,15.65,15.65,100,0
2017-02-17,15.67,15.74,15.61,15.74,2603,0
2017-02-21,16.09,16.09,15.89,16.015,362,0
2017-02-22,15.6,15.6657,15.6,15.6657,602,0
2017-02-23,16.04,16.16,15.72,15.72,3700,0
2017-02-24,15.8,15.8,15.7601,15.7601,1000,0
2017-02-27,15.8521,15.8521,15.76,15.78,4506,0
2017-02-28,15.63,15.63,15.63,15.63,107,0
2017-03-01,15.7,15.7,15.6,15.6,4760,0
2017-03-02,15.2681,15.2681,15.211,15.211,753,0
2017-03-03,15.22,15.22,15.21,15.21,1300,0
2017-03-06,15.37,15.37,15.37,15.37,381,0
2017-03-07,15.62,15.62,15.62,15.62,171,0
2017-03-08,14.87,14.9155,14.87,14.9155,400,0
2017-03-09,14.87,14.87,14.5856,14.8,3128,0
2017-03-10,14.47,14.5,14.46,14.48,15847,0
2017-03-13,14.39,14.4,14.2,14.37,26320,0
2017-03-14,14.34,14.34,14.21,14.21,15544,0
2017-03-15,14.49,14.49,13.51,13.7675,16966,0
2017-03-16,14.39,14.46,14.3895,14.3895,19975,0
2017-03-17,14.56,14.56,14.37,14.49,16756,0
2017-03-20,14.4,14.59,14.39,14.55,19919,0
2017-03-21,14.59,14.98,14.31,14.42,21340,0
2017-03-22,14.4,14.56,14.03,14.32,20156,0
2017-03-23,14.28,14.71,14.18,14.24,18795,0
2017-03-24,14.25,14.25,14.23,14.24,8173,0
2017-03-27,14.27,14.4299,14.04,14.32,3969,0
2017-03-28,14.47,14.86,14.47,14.55,6508,0
2017-03-29,14.56,14.8,14.54,14.68,10100,0
2017-03-30,14.78,15.01,14.76,14.9,2921,0
2017-03-31,14.95,15.09,14.83,15.08,8854,0
2017-04-03,15.05,15.185,14.86,14.86,2980,0
2017-04-04,15.27,15.27,15.2,15.22,2103,0
2017-04-05,15.36,15.36,15.26,15.26,1200,0
2017-04-06,15.35,15.35,15.34,15.34,11000,0
2017-04-07,15.45,15.52,15.45,15.52,302,0
2017-04-10,15.7,15.76,15.65,15.76,3232,0
2017-04-11,15.67,15.6806,15.62,15.6806,1656,0
2017-04-13,15.75,15.79,15.67,15.67,2035,0
2017-04-18,15.44,15.5336,15.42,15.5336,2201,0
2017-04-19,15.5,15.5,15.0738,15.08,9652,0
2017-04-20,15.1,15.1,14.9927,14.9927,3300,0
2017-04-21,14.74,14.76,14.74,14.76,500,0
2017-04-25,14.6,14.7147,14.53,14.7147,5920,0
2017-04-26,14.61,14.61,14.61,14.61,100,0
2017-04-27,14.2502,14.2502,14.16,14.16,400,0
2017-04-28,14.181,14.181,14.181,14.181,175,0
2017-05-01,14.08,14.0874,14.06,14.0874,810,0
2017-05-02,14.07,14.07,13.902,13.93,1675,0
2017-05-03,14,14.05,13.89,13.99,12129,0
2017-05-04,13.75,13.75,13.37,13.37,613,0
2017-05-05,13.5183,13.7,13.5183,13.7,242,0
2017-05-08,13.56,13.6354,13.56,13.6354,475,0
2017-05-09,13.58,13.58,13.58,13.58,300,0
2017-05-11,14.08,14.095,14.08,14.095,326,0
2017-05-15,14.25,14.2933,14.25,14.2933,1000,0
2017-05-16,14.54,14.54,14.5,14.5,730,0
2017-05-17,14.49,14.5118,14.49,14.5118,740,0
2017-05-18,14.48,14.65,14.48,14.6,3608,0
2017-05-19,14.99,15.02,14.99,15.01,8732,0
2017-05-22,15.23,15.23,15.08,15.15,901,0
2017-05-31,14.34,14.34,14.29,14.3,1029,0
2017-06-01,14.27,14.27,14.27,14.27,810,0
2017-06-02,14.02,14.03,14.02,14.03,524,0
2017-06-05,13.85,13.86,13.8284,13.8284,2105,0
2017-06-07,13.72,13.72,13.4,13.4,1506,0
2017-06-08,13.45,13.45,13.44,13.44,200,0
2017-06-09,13.51,13.6891,13.51,13.5799,4354,0
2017-06-12,13.58,13.58,13.58,13.58,147,0
2017-06-14,13.35,13.35,13.35,13.35,101,0
2017-06-15,13.4,13.4,13.4,13.4,601,0
2017-06-16,13.52,13.52,13.47,13.51,580,0
2017-06-20,13.22,13.22,13.22,13.22,184,0
2017-06-21,13,13,12.91,12.91,1606,0
2017-06-22,12.9,13.02,12.9,13.02,5432,0
2017-06-23,12.9,13.0176,12.9,13.0176,940,0
2017-06-26,12.98,13.07,12.98,13.07,967,0
2017-06-27,13.4199,13.4199,13.29,13.38,1797,0
2017-06-28,13.38,13.5647,13.38,13.5647,449,0
2017-06-29,13.83,13.83,13.67,13.67,1861,0
2017-06-30,13.82,13.99,13.78,13.9804,2230,0
2017-07-03,14.06,14.25,14.06,14.24,1602,0
2017-07-05,13.9484,14.049,13.851,13.89,2998,0
2017-07-07,13.55,13.64,13.49,13.64,4816,0
2017-07-10,13.49,13.77,13.49,13.69,3714,0
2017-07-11,13.92,13.94,13.87,13.9,2279,0
2017-07-12,14.01,14.01,13.8,13.84,3390,0
2017-07-13,14,14.01,14,14.01,2226,0
2017-07-19,14.5986,14.5986,14.5986,14.5986,340,0
2017-07-20,14.73,14.83,14.54,14.54,1696,0
2017-07-21,14.28,14.2891,14.28,14.2891,399,0
2017-07-25,14.75,14.75,14.738,14.738,1040,0
2017-07-26,14.901,14.901,14.901,14.901,304,0
2017-07-28,15.371,15.371,15.371,15.371,100,0
2017-07-31,15.4,15.749,15.3971,15.749,6124,0
2017-08-01,15.64,15.64,15.39,15.39,346,0
2017-08-02,15.43,15.56,15.4,15.55,5043,0
2017-08-03,15.5,15.6,15.5,15.6,1694,0
2017-08-04,15.45,15.5,15.45,15.5,700,0
2017-08-07,15.36,15.37,15.303,15.303,2150,0
2017-08-08,15.3,15.3,15.3,15.3,602,0
2017-08-10,15.43,15.43,15.42,15.42,8147,0
2017-08-11,15.38,15.4,15.37,15.4,16162,0
2017-08-14,15.32,15.32,15.2118,15.2118,17495,0
2017-08-15,14.98,15.09,14.97,14.97,16772,0
2017-08-16,15.02,15.03,14.8549,14.89,1100,0
2017-08-17,14.75,14.77,14.75,14.76,516,0
2017-08-18,14.8276,15.27,14.8276,15.152,893,0
2017-08-21,14.96,14.99,14.76,14.76,720,0
2017-08-22,14.92,15.59,14.88,15.06,11986,0
2017-08-23,15.1,15.13,15.1,15.13,4300,0
2017-08-25,15.41,15.41,15.09,15.09,4069,0
2017-08-28,15.5,15.5,15.2776,15.2776,35382,0
2017-08-29,15.4289,15.525,15.35,15.525,2498,0
2017-08-30,15.5,15.5,15.4,15.48,5499,0
2017-08-31,15.6677,16.22,15.6677,16.22,3012,0
2017-09-01,16.12,16.4519,16.05,16.45,19239,0
2017-09-05,16.34,16.46,16.25,16.35,17548,0
2017-09-06,16.42,16.52,16.37,16.52,20684,0
2017-09-07,16.6301,16.66,16.54,16.65,2620,0
2017-09-08,16.79,16.8,16.53,16.54,11965,0
2017-09-11,16.2,16.32,16.17,16.2944,2187,0
2017-09-12,16.33,16.33,16.3231,16.3231,800,0
2017-09-13,16.316,16.6,16.316,16.55,6206,0
2017-09-14,16.65,16.79,16.65,16.73,23019,0
2017-09-15,16.7344,16.84,16.731,16.84,29126,0
2017-09-18,16.6104,16.6789,16.57,16.6789,28923,0
2017-09-19,16.7,16.71,16.53,16.61,22525,0
2017-09-20,16.72,16.95,16.72,16.9051,6096,0
2017-09-21,17.01,17.04,16.98,17,17566,0
2017-09-22,17.06,17.29,16.96,17.01,41712,0
2017-09-25,17.17,17.439,17.16,17.439,40640,0
2017-09-26,17.16,17.3127,17.14,17.3,15235,0
2017-09-27,17.3,17.33,17.15,17.3,7818,0
2017-09-28,17.31,17.37,17.13,17.15,18135,0
2017-09-29,17.06,17.14,16.97,16.97,5857,0
2017-10-02,16.62,16.68,16.52,16.59,32581,0
2017-10-03,16.55,16.59,16.36,16.46,27544,0
2017-10-04,16.62,16.705,16.62,16.68,6929,0
2017-10-05,16.79,17.01,16.75,16.81,1351,0
2017-10-06,16.62,17.24,16.37,16.38,9664,0
2017-10-09,16.12,16.359,16.0001,16.3,3975,0
2017-10-10,16.5,16.7,16.5,16.6084,5103,0
2017-10-11,16.708,16.825,16.42,16.74,3237,0
2017-10-12,16.52,16.61,16.5,16.61,1431,0
2017-10-13,16.71,16.8916,16.703,16.8916,3969,0
2017-10-16,17.14,17.1799,17.031,17.0697,5609,0
2017-10-17,16.96,16.96,16.9,16.9,772,0
2017-10-18,17.04,17.04,17.02,17.02,670,0
2017-10-19,16.75,16.81,16.75,16.81,808,0
2017-10-20,16.97,17.07,16.91,17.02,7690,0
2017-10-23,17.03,17.03,16.9,16.9,548,0
2017-10-24,16.95,17.14,16.95,17.1317,11300,0
2017-10-25,17.2,17.2,17.01,17.07,10382,0
2017-10-26,17.05,17.37,17.05,17.37,13919,0
2017-10-27,17.35,17.65,17.31,17.61,20133,0
2017-10-30,17.62,17.6527,17.57,17.64,12773,0
2017-10-31,17.59,17.77,17.59,17.6983,25192,0
2017-11-01,17.91,17.91,17.61,17.649,8767,0
2017-11-02,17.42,17.52,17.39,17.51,14328,0
2017-11-03,17.57,17.8,17.51,17.76,21209,0
2017-11-06,17.89,18.325,17.89,18.29,8304,0
2017-11-07,18.072,18.072,18.072,18.072,6087,0
2017-11-08,17.9604,18.1682,17.95,18.04,34823,0
2017-11-09,18.11,18.42,18.11,18.32,6713,0
2017-11-10,18.31,18.31,18.18,18.23,5079,0
