Date,Open,High,Low,Close,Volume,OpenInt
2011-10-07,34116000,37152000,33696000,35304000,0,0
2011-10-10,33096000,33120000,31188000,31188000,0,0
2011-10-11,31404000,31452000,29820000,30120000,0,0
2011-10-12,27852000,27852000,24972000,25752000,0,0
2011-10-13,26640000,28044000,25932000,25932000,0,0
2011-10-14,23472000,24828000,22968000,23376000,0,0
2011-10-17,23220000,27900000,23148000,27900000,0,0
2011-10-18,27696000,29544000,23820000,26040000,0,0
2011-10-19,25200000,29664000,24720000,28932000,0,0
2011-10-20,29304000,31356000,28560000,28980000,0,0
2011-10-21,27048000,28020000,26064000,26064000,0,0
2011-10-24,24600000,25404000,22764000,22872000,0,0
2011-10-25,23484000,26220000,23484000,25860000,0,0
2011-10-26,23796000,27492000,23544000,23808000,0,0
2011-10-27,18876000,19836000,17124000,17460000,0,0
2011-10-28,18096000,18372000,16932000,17148000,0,0
2011-10-31,18816000,20796000,18468000,20796000,0,0
2011-11-01,27120000,28140000,25260000,26892000,0,0
2011-11-02,24912000,27036000,24648000,25236000,0,0
2011-11-03,23772000,26832000,22644000,22860000,0,0
2011-11-04,24072000,25392000,23052000,23724000,0,0
2011-11-07,23988000,25200000,23280000,23292000,0,0
2011-11-08,22656000,23928000,21000000,21096000,0,0
2011-11-09,24252000,29220000,23940000,28908000,0,0
2011-11-10,25332000,28500000,25140000,25248000,0,0
2011-11-11,23376000,23412000,22560000,23148000,0,0
2011-11-14,23832000,25176000,23736000,24252000,0,0
2011-11-15,25128000,25584000,23388000,23784000,0,0
2011-11-16,25224000,26412000,23520000,26088000,1,0
2011-11-17,26484000,29580000,26016000,28572000,0,0
2011-11-18,26940000,28536000,26616000,26616000,0,0
2011-11-21,29412000,29532000,26952000,27276000,0,0
2011-11-22,27564000,28104000,25992000,26136000,0,0
2011-11-23,27384000,28608000,27012000,28488000,0,0
2011-11-25,28680000,29424000,27576000,29220000,0,0
2011-11-28,25332000,26988000,24888000,26436000,0,0
2011-11-29,25932000,26448000,24804000,25320000,0,0
2011-11-30,21912000,22284000,20724000,20832000,0,0
2011-12-01,21000000,21096000,19608000,19884000,0,0
2011-12-02,18732000,19812000,18084000,19716000,0,0
2011-12-05,18144000,20124000,18096000,19704000,0,0
2011-12-06,19704000,19956000,19020000,19524000,0,0
2011-12-07,20100000,21660000,20088000,20760000,0,0
2011-12-08,21912000,22992000,21600000,22680000,0,0
2011-12-09,22056000,22104000,19452000,19536000,0,0
2011-12-12,20244000,21000000,19584000,19584000,0,0
2011-12-13,18804000,20196000,17976000,19428000,0,0
2011-12-14,19368000,20328000,18876000,19500000,0,0
2011-12-15,18132000,18540000,17580000,18048000,0,0
2011-12-16,16860000,18288000,16860000,17844000,0,0
2011-12-19,17460000,17760000,16740000,17448000,0,0
2011-12-20,15924000,15924000,15300000,15312000,0,0
2011-12-21,15012000,15456000,13248000,13296000,0,0
2011-12-22,12708000,13560000,12192000,13284000,0,0
2011-12-23,12900000,14184000,12876000,13920000,0,0
2011-12-27,13800000,13896000,13392000,13764000,0,0
2011-12-28,13596000,14940000,13596000,14856000,0,0
2011-12-29,14664000,14688000,14100000,14148000,0,0
2011-12-30,14148000,14604000,14040000,14592000,0,0
2012-01-03,13248000,13404000,12900000,13056000,0,0
2012-01-04,13428000,13644000,12516000,12552000,0,0
2012-01-05,12888000,13140000,11940000,11940000,0,0
2012-01-06,11772000,12240000,11352000,11592000,0,0
2012-01-09,11376000,11568000,11124000,11244000,0,0
2012-01-10,10572000,10896000,10368000,10788000,0,0
2012-01-11,10992000,11184000,10896000,11088000,0,0
2012-01-12,11004000,11808000,10776000,10800000,0,0
2012-01-13,11328000,12012000,11280000,11376000,1,0
2012-01-17,10620000,11328000,10296000,11172000,0,0
2012-01-18,11064000,11316000,10368000,10416000,1,0
2012-01-19,10116000,10320000,9792000,9828000,1,0
2012-01-20,9924000,10008000,9192000,9252000,1,0
2012-01-23,9204000,9312000,8640000,8772000,1,0
2012-01-24,9192000,9252000,8760000,8820000,1,0
2012-01-25,8820000,9048000,8028000,8088000,1,0
2012-01-26,7740000,8328000,7692000,8088000,1,0
2012-01-27,8364000,8364000,7668000,7752000,1,0
2012-01-30,8328000,8424000,7992000,8208000,1,0
2012-01-31,7836000,8364000,7776000,8196000,1,0
2012-02-01,7836000,7980000,7536000,7764000,1,0
2012-02-02,7476000,7560000,7284000,7296000,1,0
2012-02-03,6684000,6816000,6528000,6528000,1,0
2012-02-06,6624000,6648000,6372000,6372000,0,0
2012-02-07,6408000,6648000,6348000,6468000,1,0
2012-02-08,6480000,6852000,6408000,6768000,1,0
2012-02-09,6840000,7452000,6732000,7440000,1,0
2012-02-10,8232000,9624000,8076000,8700000,1,0
2012-02-13,7740000,8004000,7380000,7392000,1,0
2012-02-14,7620000,8748000,7596000,7836000,2,0
2012-02-15,7968000,8844000,7956000,8724000,2,0
2012-02-16,9096000,9420000,7956000,8016000,2,0
2012-02-17,7752000,8184000,7608000,7920000,1,0
2012-02-21,7608000,8016000,7560000,7812000,1,0
2012-02-22,7860000,7944000,7320000,7356000,2,0
2012-02-23,7356000,7500000,6324000,6432000,4,0
2012-02-24,6252000,6936000,6156000,6876000,5,0
2012-02-27,7344000,7404000,6564000,6984000,5,0
2012-02-28,7140000,7188000,6780000,6828000,4,0
2012-02-29,6612000,6900000,6348000,6588000,7,0
2012-03-01,6528000,6576000,6252000,6348000,6,0
2012-03-02,6312000,6540000,6216000,6444000,5,0
2012-03-05,6504000,6648000,6324000,6384000,7,0
2012-03-06,7188000,7476000,6924000,7356000,10,0
2012-03-07,7140000,7260000,6612000,6636000,5,0
2012-03-08,6278000,6338000,6020000,6102000,11,0
2012-03-09,5932000,5948000,5610000,5858000,18,0
2012-03-12,5692000,5720000,5278000,5322000,17,0
2012-03-13,5010000,5086000,4748000,4832000,21,0
2012-03-14,4756000,5392000,4738000,5138000,19,0
2012-03-15,5248000,5334000,4972000,4972000,19,0
2012-03-16,4920000,5086000,4878000,4954000,15,0
2012-03-19,4900000,4930000,4290000,4370000,27,0
2012-03-20,4550000,4618000,3944000,3948000,29,0
2012-03-21,3784000,3900000,3468000,3560000,29,0
2012-03-22,3850000,3988000,3556000,3642000,25,0
2012-03-23,3588000,3712000,3108000,3132000,29,0
2012-03-26,2900000,2900000,2520000,2550000,19,0
2012-03-27,2628000,3068000,2608000,3056000,21,0
2012-03-28,3044000,3640000,2950000,3092000,35,0
2012-03-29,3478000,3478000,3004000,3076000,27,0
2012-03-30,2816000,3056000,2800000,2912000,19,0
2012-04-02,2938000,2968000,2700000,2904000,21,0
2012-04-03,2876000,3174000,2828000,3004000,27,0
2012-04-04,3302000,3448000,3080000,3140000,36,0
2012-04-05,3292000,3328000,3110000,3260000,21,0
2012-04-09,3674000,3700000,3418000,3688000,25,0
2012-04-10,3722000,4300000,3622000,4284000,37,0
2012-04-11,3858000,4132000,3766000,4080000,23,0
2012-04-12,3972000,4020000,3354000,3380000,33,0
2012-04-13,3334000,3728000,3328000,3718000,33,0
2012-04-16,3448000,3842000,3372000,3580000,44,0
2012-04-17,3336000,3364000,3104000,3196000,33,0
2012-04-18,3264000,3362000,3116000,3274000,26,0
2012-04-19,3264000,3530000,3120000,3336000,51,0
2012-04-20,3196000,3208000,3056000,3126000,47,0
2012-04-23,3424000,3560000,3286000,3320000,51,0
2012-04-24,3294000,3334000,3162000,3162000,30,0
2012-04-25,2912000,2938000,2772000,2784000,40,0
2012-04-26,2792000,2816000,2536000,2586000,39,0
2012-04-27,2560000,2676000,2524000,2568000,32,0
2012-04-30,2636000,2714000,2600000,2688000,27,0
2012-05-01,2666000,2684000,2450000,2514000,41,0
2012-05-02,2630000,2680000,2510000,2556000,34,0
2012-05-03,2524000,2734000,2484000,2666000,40,0
2012-05-04,2720000,2988000,2710000,2914000,60,0
2012-05-07,3046000,3064000,2746000,2814000,42,0
2012-05-08,2924000,3224000,2834000,2868000,75,0
2012-05-09,3146000,3266000,2902000,3090000,82,0
2012-05-10,2902000,2982000,2812000,2884000,48,0
2012-05-11,3032000,3040000,2782000,2966000,61,0
2012-05-14,3224000,3324000,3136000,3312000,67,0
2012-05-15,3326000,3666000,3198000,3638000,65,0
2012-05-16,3522000,3922000,3408000,3884000,70,0
2012-05-17,3838000,4264000,3740000,4264000,63,0
2012-05-18,4186000,4974000,4136000,4816000,89,0
2012-05-21,4744000,4886000,3702000,3712000,68,0
2012-05-22,3608000,4220000,3300000,3972000,66,0
2012-05-23,4192000,4438000,3762000,3842000,79,0
2012-05-24,3788000,4202000,3742000,3896000,58,0
2012-05-25,3890000,3946000,3780000,3820000,51,0
2012-05-29,3596000,3738000,3434000,3450000,58,0
2012-05-30,3628000,3914000,3628000,3914000,45,0
2012-05-31,3960000,4378000,3734000,4004000,86,0
2012-06-01,4610000,4724000,4376000,4694000,79,0
2012-06-04,4500000,4818000,4292000,4320000,66,0
2012-06-05,4404000,4416000,4054000,4124000,46,0
2012-06-06,3872000,3930000,3522000,3530000,43,0
2012-06-07,3204000,3492000,3168000,3436000,62,0
2012-06-08,3488000,3520000,3066000,3082000,54,0
2012-06-11,2846000,3594000,2814000,3570000,66,0
2012-06-12,3508000,3762000,3392000,3442000,95,0
2012-06-13,3610000,3900000,3412000,3784000,77,0
2012-06-14,3734000,3850000,3310000,3326000,87,0
2012-06-15,3254000,3348000,2960000,3036000,60,0
2012-06-18,2992000,3050000,2524000,2528000,89,0
2012-06-19,2344000,2492000,2320000,2418000,86,0
2012-06-20,2418000,2600000,2210000,2210000,132,0
2012-06-21,2220000,2694000,2164000,2686000,104,0
2012-06-22,2494000,2588000,2106000,2138000,107,0
2012-06-25,2468000,2580000,2436000,2520000,75,0
2012-06-26,2382000,2578000,2316000,2374000,91,0
2012-06-27,2308000,2422000,2240000,2416000,75,0
2012-06-28,2466000,2556000,2260000,2272000,102,0
2012-06-29,2008000,2070000,1952000,1968000,90,0
2012-07-02,1890000,1928000,1704000,1710000,88,0
2012-07-03,1682000,1688000,1580000,1632000,47,0
2012-07-05,1652000,1786000,1652000,1748000,78,0
2012-07-06,1844000,1852000,1702000,1716000,85,0
2012-07-09,1690000,1770000,1644000,1676000,59,0
2012-07-10,1630000,1836000,1580000,1772000,118,0
2012-07-11,1764000,1822000,1624000,1652000,102,0
2012-07-12,1740000,1814000,1608000,1684000,117,0
2012-07-13,1638000,1642000,1500000,1502000,93,0
2012-07-16,1490000,1522000,1426000,1460000,57,0
2012-07-17,1410000,1492000,1332000,1348000,105,0
2012-07-18,1366000,1398000,1306000,1378000,77,0
2012-07-19,1360000,1422000,1314000,1314000,85,0
2012-07-20,1394000,1478000,1358000,1450000,97,0
2012-07-23,1686000,1784000,1588000,1638000,129,0
2012-07-24,1644000,1882000,1634000,1772000,136,0
2012-07-25,1758000,1888000,1670000,1728000,134,0
2012-07-26,1518000,1588000,1462000,1466000,91,0
2012-07-27,1340000,1420000,1332000,1380000,78,0
2012-07-30,1362000,1444000,1326000,1440000,83,0
2012-07-31,1496000,1526000,1436000,1512000,79,0
2012-08-01,1460000,1524000,1416000,1454000,143,0
2012-08-02,1526000,1558000,1388000,1388000,135,0
2012-08-03,1286000,1300000,1202000,1204000,96,0
2012-08-06,1164000,1176000,1114000,1144000,57,0
2012-08-07,1106000,1206000,1092000,1204000,67,0
2012-08-08,1194000,1214000,1100000,1102000,77,0
2012-08-09,1120000,1140000,1068000,1092000,73,0
2012-08-10,1116000,1130000,1052000,1054000,64,0
2012-08-13,1064000,1068000,996000,998000,71,0
2012-08-14,1012000,1112000,1000000,1108000,80,0
2012-08-15,1112000,1124000,1056000,1110000,69,0
2012-08-16,1104000,1140000,1064000,1066000,70,0
2012-08-17,1044000,1074000,990000,1006000,80,0
2012-08-20,1024000,1058000,1004000,1010000,56,0
2012-08-21,982000,1080000,974000,1058000,109,0
2012-08-22,1096000,1120000,1052000,1076000,106,0
2012-08-23,1088000,1150000,1082000,1122000,105,0
2012-08-24,1148000,1154000,1014000,1028000,100,0
2012-08-27,1014000,1052000,996000,1048000,74,0
2012-08-28,1076000,1090000,1046000,1084000,87,0
2012-08-29,1078000,1096000,1036000,1094000,73,0
2012-08-30,1142000,1162000,1110000,1140000,78,0
2012-08-31,1100000,1152000,1050000,1060000,111,0
2012-09-04,1074000,1108000,1042000,1046000,67,0
2012-09-05,1038000,1048000,980000,990000,80,0
2012-09-06,946000,950000,784000,784000,139,0
2012-09-07,754000,759800,692200,694400,176,0
2012-09-10,718800,777800,673000,772600,269,0
2012-09-11,767000,786800,725400,761200,366,0
2012-09-12,729200,769600,708400,718000,360,0
2012-09-13,719200,743800,604600,614000,416,0
2012-09-14,591200,664000,570200,653600,388,0
2012-09-17,678600,679000,642000,643400,278,0
2012-09-18,651400,664200,605200,610200,290,0
2012-09-19,588600,614600,583800,606800,353,0
2012-09-20,617400,637600,594000,595000,360,0
2012-09-21,595800,606400,570000,585200,324,0
2012-09-24,599800,605600,560400,569000,312,0
2012-09-25,557000,660000,556800,657800,447,0
2012-09-26,682400,737400,664200,707400,532,0
2012-09-27,664200,686000,580600,583000,375,0
2012-09-28,610800,629600,582000,618400,295,0
2012-10-01,588600,639200,557000,631000,345,0
2012-10-02,614000,649600,601600,604400,292,0
2012-10-03,607600,635800,586000,600200,312,0
2012-10-04,591000,599400,572000,572800,271,0
2012-10-05,537200,570600,524000,555600,398,0
2012-10-08,572200,580800,558000,569200,197,0
2012-10-09,571000,623200,565200,616400,378,0
2012-10-10,605000,632000,595600,603000,345,0
2012-10-11,585400,595800,570600,587600,323,0
2012-10-12,568600,605000,557200,595800,366,0
2012-10-15,587200,612200,552000,555800,324,0
2012-10-16,536000,545400,524400,529800,329,0
2012-10-17,529600,540000,510000,516000,281,0
2012-10-18,522200,528800,500800,512600,434,0
2012-10-19,522400,590200,521200,579200,524,0
2012-10-22,575600,610600,563200,564800,408,0
2012-10-23,627200,668400,620000,653000,448,0
2012-10-24,631600,668400,627400,659000,355,0
2012-10-25,613200,655800,606600,622000,400,0
2012-10-26,622800,653400,601000,618600,350,0
2012-10-31,594800,656400,592400,641400,250,0
2012-11-01,630000,633000,538000,538000,383,0
2012-11-02,522400,568800,518800,563600,461,0
2012-11-05,578200,613600,571200,583200,333,0
2012-11-06,574000,586200,528000,540000,393,0
2012-11-07,568000,642000,560200,626800,616,0
2012-11-08,624000,642000,594000,634400,433,0
2012-11-09,647200,649800,594400,634000,355,0
2012-11-12,617400,618600,548200,552000,412,0
2012-11-13,577000,584000,525000,553200,495,0
2012-11-14,523000,607600,518800,588200,562,0
2012-11-15,588400,638600,567400,601000,544,0
2012-11-16,585600,629600,544400,547400,538,0
2012-11-19,506800,509000,451800,452800,521,0
2012-11-20,440600,455600,433200,435000,418,0
2012-11-21,432200,449000,418400,441000,257,0
2012-11-23,420800,428200,403600,404000,189,0
2012-11-26,418200,423400,395400,395600,373,0
2012-11-27,391200,414600,384400,411200,524,0
2012-11-28,427000,444000,386600,389400,633,0
2012-11-29,377400,396000,374000,378200,489,0
2012-11-30,371800,399800,371600,391400,372,0
2012-12-03,372000,410000,371200,407200,426,0
2012-12-04,413200,433600,401400,421400,452,0
2012-12-05,422000,441200,402800,408200,420,0
2012-12-06,406600,423200,403800,416000,330,0
2012-12-07,403200,422000,385600,387600,347,0
2012-12-10,394200,404400,389200,397600,203,0
2012-12-11,387000,392800,370800,370800,428,0
2012-12-12,368000,391000,364000,389200,440,0
2012-12-13,387600,416000,383400,403400,411,0
2012-12-14,407400,419600,402800,409200,342,0
2012-12-17,411800,413000,380000,381000,326,0
2012-12-18,368600,372400,346800,352000,471,0
2012-12-19,351400,393600,351200,392600,555,0
2012-12-20,390200,416400,384800,411400,424,0
2012-12-21,479400,482200,451800,465600,661,0
2012-12-24,452600,463600,448200,451000,184,0
2012-12-26,467000,503000,464200,501400,349,0
2012-12-27,499000,565600,488400,500600,765,0
2012-12-28,533000,558000,506600,550800,595,0
2012-12-31,572400,584000,405000,418000,696,0
2013-01-02,334400,356800,320400,321400,639,0
2013-01-03,322000,329000,308200,318600,669,0
2013-01-04,318400,321400,303400,306000,584,0
2013-01-07,313800,319000,303000,305400,524,0
2013-01-08,302200,312800,296800,299200,580,0
2013-01-09,289400,305200,288000,299600,447,0
2013-01-10,288800,297600,284400,285400,522,0
2013-01-11,286200,293000,282600,283200,419,0
2013-01-14,282000,286400,271400,274600,537,0
2013-01-15,280800,282600,268800,273400,450,0
2013-01-16,269400,272200,256800,262400,531,0
2013-01-17,255000,265200,253200,265000,462,0
2013-01-18,260000,263200,228800,231200,848,0
2013-01-22,231600,240000,215400,217400,511,0
2013-01-23,217200,218800,203600,205800,635,0
2013-01-24,208400,231800,202000,207600,1008,0
2013-01-25,209200,219200,204000,211200,788,0
2013-01-28,210000,227800,209800,223000,712,0
2013-01-29,229000,232400,206000,209000,903,0
2013-01-30,219200,236000,213800,235800,905,0
2013-01-31,238600,241600,226400,237000,620,0
2013-02-01,218000,218600,207000,212800,798,0
2013-02-04,225600,242400,220800,242000,841,0
2013-02-05,232400,233800,214000,222800,719,0
2013-02-06,231800,233200,220200,220400,652,0
2013-02-07,214400,236200,213600,218400,1019,0
2013-02-08,215600,216200,208200,210600,687,0
2013-02-11,208600,212400,201200,202400,589,0
2013-02-12,202400,205200,195400,198400,668,0
2013-02-13,197800,207600,193600,201400,786,0
2013-02-14,203400,205800,192800,194800,686,0
2013-02-15,191000,200600,189400,192000,878,0
2013-02-19,189200,189200,174200,175200,965,0
2013-02-20,176600,207000,176000,206200,1179,0
2013-02-21,204800,227800,204800,212600,1763,0
2013-02-22,203000,211000,198000,198200,834,0
2013-02-25,185000,257200,180000,253000,2138,0
2013-02-26,246200,276800,231000,239800,2648,0
2013-02-27,243000,248000,198200,206200,1608,0
2013-02-28,205400,219000,198600,218600,1331,0
2013-03-01,238600,249800,217800,225200,2203,0
2013-03-04,231800,234000,200800,201200,1308,0
2013-03-05,188400,192400,186000,188000,1056,0
2013-03-06,183400,196800,183000,189400,1201,0
2013-03-07,188200,191600,182000,182000,997,0
2013-03-08,175800,187600,175000,177200,1365,0
2013-03-11,176800,178400,162000,162600,1364,0
2013-03-12,162800,177200,160800,167200,1666,0
2013-03-13,166000,173000,163000,165200,1216,0
2013-03-14,161200,165000,158000,159400,1031,0
2013-03-15,160800,166000,157200,158600,1147,0
2013-03-18,179400,180000,161600,175600,1875,0
2013-03-19,167800,194000,166200,175600,2912,0
2013-03-20,163400,166800,156000,157200,1798,0
2013-03-21,165200,170000,157400,165800,1782,0
2013-03-22,160000,170000,158800,164800,1404,0
2013-03-25,156200,170000,152000,160400,2412,0
2013-03-26,155200,159000,150400,151600,1582,0
2013-03-27,159400,161800,152600,154800,1459,0
2013-03-28,153800,156600,152600,153800,1002,0
2013-04-01,152400,158000,151200,154600,1051,0
2013-04-02,150200,151200,145000,145000,1268,0
2013-04-03,144800,158200,143000,155000,1709,0
2013-04-04,154600,162800,150000,150400,1674,0
2013-04-05,167000,168600,151000,151400,1709,0
2013-04-08,148600,153000,142600,143200,1220,0
2013-04-09,140400,145000,136200,139000,1310,0
2013-04-10,136000,137000,131000,131400,1242,0
2013-04-11,130600,132600,126000,130400,1060,0
2013-04-12,133800,136200,125200,125600,1179,0
2013-04-15,127400,164200,123600,155000,3281,0
2013-04-16,138800,144400,127000,127800,1948,0
2013-04-17,137800,166800,137600,157600,3290,0
2013-04-18,156800,179000,156000,171200,2608,0
2013-04-19,166400,168600,144000,146600,1652,0
2013-04-22,148400,155400,138000,140600,1344,0
2013-04-23,131600,152600,125000,125800,1789,0
2013-04-24,126600,129200,123200,127600,986,0
2013-04-25,124400,131400,123400,129200,1152,0
2013-04-26,132600,135800,128600,129600,1242,0
2013-04-29,125600,130000,124000,128200,977,0
2013-04-30,128200,132400,125000,126000,1118,0
2013-05-01,128000,136600,127200,136400,1615,0
2013-05-02,131600,132800,126000,127200,1396,0
2013-05-03,121400,123800,120400,121600,1197,0
2013-05-06,121400,122000,116200,117400,973,0
2013-05-07,114200,118800,113200,115200,813,0
2013-05-08,117400,121400,115400,116600,873,0
2013-05-09,118800,125800,118000,121000,1611,0
2013-05-10,122800,125400,118600,118800,1172,0
2013-05-13,119200,121400,116800,117200,850,0
2013-05-14,116200,118400,114600,115600,1015,0
2013-05-15,117800,119600,115200,117200,1053,0
2013-05-16,118800,121800,116200,119400,1100,0
2013-05-17,118200,118600,112400,113000,1257,0
2013-05-20,116000,116400,112600,116200,944,0
2013-05-21,115200,119800,114200,118000,1121,0
2013-05-22,116200,124600,114600,120800,2308,0
2013-05-23,132200,132600,121000,122200,2256,0
2013-05-24,125600,127000,121400,122200,1050,0
2013-05-28,115000,119400,113600,115600,1208,0
2013-05-29,119600,124600,117600,119200,1453,0
2013-05-30,120000,122600,116800,119200,1105,0
2013-05-31,121600,127800,118800,126800,1582,0
2013-06-03,126800,140400,126200,126600,2352,0
2013-06-04,128400,137600,126200,129800,1638,0
2013-06-05,134600,141800,132200,140600,1951,0
2013-06-06,143000,156400,137200,137600,2080,0
2013-06-07,129600,133600,124400,125000,2113,0
2013-06-10,121660,126100,120700,122120,2279,0
2013-06-11,132120,139840,127540,138420,2289,0
2013-06-12,131960,157540,131280,154500,2818,0
2013-06-13,154320,158400,138040,139540,2637,0
2013-06-14,140580,148200,134280,146980,2278,0
2013-06-17,139960,147000,138100,140980,2128,0
2013-06-18,140080,141380,137100,137160,1733,0
2013-06-19,139480,141560,124680,136960,3248,0
2013-06-20,148360,177500,147200,168800,4299,0
2013-06-21,157960,175740,154000,156260,3317,0
2013-06-24,172560,179680,164880,174940,2978,0
2013-06-25,163980,172120,162260,164440,2019,0
2013-06-26,156400,163780,156020,157360,1936,0
2013-06-27,149640,152240,144400,144800,1992,0
2013-06-28,150360,152760,138540,143380,2230,0
2013-07-01,138900,139480,129100,133940,1680,0
2013-07-02,137320,142180,131000,138200,1975,0
2013-07-03,141040,142340,133360,134960,1264,0
2013-07-05,128000,132300,121140,121140,2109,0
2013-07-08,114400,115500,109000,110520,2268,0
2013-07-09,104280,107280,103240,105420,1593,0
2013-07-10,105420,106440,102220,103120,1886,0
2013-07-11,96660,100100,95860,97720,2003,0
2013-07-12,97820,101020,96800,99640,1437,0
2013-07-15,97740,99400,94020,95280,1092,0
2013-07-16,94920,102420,94580,100160,2091,0
2013-07-17,97660,99560,93220,93500,1841,0
2013-07-18,91840,92700,88100,90200,1886,0
2013-07-19,91600,93880,85460,86480,1910,0
2013-07-22,85220,87000,82080,82620,1793,0
2013-07-23,81040,84700,79780,81920,1942,0
2013-07-24,80700,85640,80500,83980,1951,0
2013-07-25,85680,86000,79400,79980,1729,0
2013-07-26,81620,84380,78780,79220,1628,0
2013-07-29,80860,82800,79380,81060,1198,0
2013-07-30,80600,82240,77880,78180,1504,0
2013-07-31,77840,78080,71380,74800,2574,0
2013-08-01,70800,71600,69600,70180,2145,0
2013-08-02,70260,70420,66380,66660,2187,0
2013-08-05,66120,66880,64480,64900,1667,0
2013-08-06,65560,69760,65160,68800,2405,0
2013-08-07,70900,73960,69400,70200,2728,0
2013-08-08,67620,70940,67000,67860,1972,0
2013-08-09,68200,71320,66940,69900,2602,0
2013-08-12,72880,73120,68520,69140,2117,0
2013-08-13,67920,71040,67020,67900,2281,0
2013-08-14,67040,69300,66420,69200,2141,0
2013-08-15,73760,76700,73040,75980,3919,0
2013-08-16,75900,76380,71000,73460,3429,0
2013-08-19,74100,78000,73120,77400,2173,0
2013-08-20,78060,79040,71740,75400,2646,0
2013-08-21,78280,81360,72500,78220,4597,0
2013-08-22,76380,76760,73580,74480,2701,0
2013-08-23,73000,74440,71320,71520,1799,0
2013-08-26,70080,76620,69020,76020,2775,0
2013-08-27,83120,89400,80780,88400,4619,0
2013-08-28,89640,91940,85100,87700,3607,0
2013-08-29,90480,91820,86400,91700,3093,0
2013-08-30,90480,97180,90300,93900,4345,0
2013-09-03,85540,90680,84720,86760,3547,0
2013-09-04,86900,88100,85100,86240,2187,0
2013-09-05,85940,86540,82020,82600,1681,0
2013-09-06,80160,88560,79660,83640,4334,0
2013-09-09,81920,82900,76760,77400,2500,0
2013-09-10,72960,74040,71720,71800,2521,0
2013-09-11,72520,73060,66740,67300,2633,0
2013-09-12,66860,69760,65020,69400,2651,0
2013-09-13,66800,69900,66200,67320,2001,0
2013-09-16,64260,67080,63940,66240,2334,0
2013-09-17,65700,65800,64060,64680,1986,0
2013-09-18,65240,66960,58320,59880,4761,0
2013-09-19,58200,60560,57760,59300,2493,0
2013-09-20,59360,61340,58000,61280,3689,0
2013-09-23,61060,65120,60480,62920,3566,0
2013-09-24,62060,63520,60000,62160,2875,0
2013-09-25,61820,63440,60400,61700,3608,0
2013-09-26,59900,61380,59160,59460,3396,0
2013-09-27,61320,65380,61000,64280,5046,0
2013-09-30,69960,70560,65600,68680,5909,0
2013-10-01,68900,69380,64020,64020,3715,0
2013-10-02,66680,69100,65040,67900,3518,0
2013-10-03,69000,79420,68360,72940,6600,0
2013-10-04,74600,76640,70980,71900,4002,0
2013-10-07,77660,82940,75800,82620,4710,0
2013-10-08,82600,92480,81780,90280,7372,0
2013-10-09,90020,95000,81500,84200,8705,0
2013-10-10,77740,77780,67260,67560,5905,0
2013-10-11,67760,68160,62720,64920,4015,0
2013-10-14,69940,72240,64540,66240,6197,0
2013-10-15,67640,75380,65020,74360,7151,0
2013-10-16,67580,69500,57560,57740,7168,0
2013-10-17,58920,59060,51220,51420,5428,0
2013-10-18,49440,51900,48080,50120,4540,0
2013-10-21,47860,51520,47740,50640,4342,0
2013-10-22,48540,51620,48300,51080,3903,0
2013-10-23,52240,54800,51580,51600,4796,0
2013-10-24,51040,51900,49640,50100,3263,0
2013-10-25,49960,51340,49680,49880,2412,0
2013-10-28,50380,51360,49880,50320,2559,0
2013-10-29,50140,51180,49480,49700,2946,0
2013-10-30,49820,52500,49520,50800,3972,0
2013-10-31,50740,51500,48820,50380,4072,0
2013-11-01,49640,51020,48960,49780,2843,0
2013-11-04,49040,49700,47100,47260,3305,0
2013-11-05,47840,48400,46500,46840,4789,0
2013-11-06,45840,47240,45320,45440,3904,0
2013-11-07,45020,49140,44940,48700,6674,0
2013-11-08,47580,47760,44520,44560,7109,0
2013-11-11,44620,45200,44100,44140,4373,0
2013-11-12,44400,44900,43600,43960,6847,0
2013-11-13,45300,45380,43400,43560,6290,0
2013-11-14,43500,43840,42540,42600,5071,0
2013-11-15,42160,42300,41520,41660,4475,0
2013-11-18,40340,42000,39540,41620,5983,0
2013-11-19,41260,43600,40760,42540,6800,0
2013-11-20,43520,43660,39560,40800,7517,0
2013-11-21,39900,40080,37500,38200,5226,0
2013-11-22,37700,38120,36960,36980,3413,0
2013-11-25,36260,37660,36220,37260,3163,0
2013-11-26,37220,37900,36720,37660,2594,0
2013-11-27,37300,37980,37240,37680,2364,0
2013-11-29,37420,38740,37340,38640,1795,0
2013-12-02,38340,39820,38280,39220,3806,0
2013-12-03,40820,43220,40080,41160,6732,0
2013-12-04,42860,44020,40200,40380,7052,0
2013-12-05,39800,41700,39660,40840,5531,0
2013-12-06,39020,39300,37540,37920,5760,0
2013-12-09,37440,38120,37040,37500,3547,0
2013-12-10,37880,38240,37340,37800,3915,0
2013-12-11,37560,41660,37500,41260,6545,0
2013-12-12,40920,43400,40360,41740,6602,0
2013-12-13,41560,42560,41120,41900,4058,0
2013-12-16,40880,42460,40500,41940,4605,0
2013-12-17,43020,44120,40940,41560,6223,0
2013-12-18,40800,42160,35540,35580,8120,0
2013-12-19,36300,36780,35540,36400,2766,0
2013-12-20,35920,37100,35600,36960,4212,0
2013-12-23,36040,36280,34100,34260,3685,0
2013-12-24,33260,33700,32700,32900,1881,0
2013-12-26,31560,31840,31320,31760,2560,0
2013-12-27,31480,33040,31400,32520,3389,0
2013-12-30,32940,33940,32480,33620,3206,0
2013-12-31,32780,34580,32700,33560,3328,0
2014-01-02,34560,35360,34300,34880,4196,0
2014-01-03,34300,35200,33520,34480,3089,0
2014-01-06,33300,34300,32780,33600,4898,0
2014-01-07,32880,33000,31900,32100,3696,0
2014-01-08,32420,32740,31820,32160,3679,0
2014-01-09,32000,32700,31800,32300,3476,0
2014-01-10,31800,32600,30660,30820,4007,0
2014-01-13,31060,33980,30040,33040,6481,0
2014-01-14,32220,32260,30300,30340,5444,0
2014-01-15,30260,31340,30120,30640,3409,0
2014-01-16,30740,31620,30540,30880,3137,0
2014-01-17,31100,31440,30260,31080,4198,0
2014-01-21,30420,31420,30200,30280,4366,0
2014-01-22,29640,30000,29200,29400,3760,0
2014-01-23,30120,32320,29960,30960,6516,0
2014-01-24,32645,37580,32530,36405,14482,0
2014-01-27,36055,42350,34670,37280,17340,0
2014-01-28,37440,37800,33500,34220,9128,0
2014-01-29,37640,39930,35585,38595,8533,0
2014-01-30,36340,38380,35310,37500,7603,0
2014-01-31,45000,45100,40505,43765,11818,0
2014-02-03,44870,51050,43500,49970,13322,0
2014-02-04,48300,50060,46435,47785,8352,0
2014-02-05,49875,54205,48955,51415,8953,0
2014-02-06,50350,50400,41165,41165,8169,0
2014-02-07,39035,39460,34480,36100,10448,0
2014-02-10,35845,36875,34755,36060,5528,0
2014-02-11,35025,35595,32685,33350,7826,0
2014-02-12,32600,33845,31945,31975,8581,0
2014-02-13,33970,33970,31450,31500,7669,0
2014-02-14,31350,31775,30050,30505,5961,0
2014-02-18,30050,31425,29660,29740,5223,0
2014-02-19,30560,34175,29925,33620,11836,0
2014-02-20,33000,34380,31080,31365,8244,0
2014-02-21,30570,32320,30165,32040,6646,0
2014-02-24,31740,31900,30500,31510,6611,0
2014-02-25,31370,32840,30800,31450,8982,0
2014-02-26,31370,33250,31005,32265,8537,0
2014-02-27,33290,33665,31840,32135,7251,0
2014-02-28,32220,34450,31010,33050,11274,0
2014-03-03,37150,38470,35260,36760,15014,0
2014-03-04,32680,33040,31750,31960,9136,0
2014-03-05,31925,32855,31425,31875,6046,0
2014-03-06,31605,32415,31230,31485,7265,0
2014-03-07,31085,33490,31000,32805,11876,0
2014-03-10,33330,34700,32370,32520,8568,0
2014-03-11,32475,33875,31625,33440,8848,0
2014-03-12,34860,35350,33105,33395,8133,0
2014-03-13,32525,37130,32400,36100,15184,0
2014-03-14,37605,39405,36180,38100,15387,0
2014-03-17,36000,36080,34170,34550,7991,0
2014-03-18,33000,33400,31815,31875,8350,0
2014-03-19,32050,35305,31300,33045,14172,0
2014-03-20,33500,34000,32335,32720,7087,0
2014-03-21,31850,33435,31625,33105,9765,0
2014-03-24,32850,34925,32520,33290,11536,0
2014-03-25,32495,33590,32215,32400,9939,0
2014-03-26,31785,33550,31705,33510,11382,0
2014-03-27,33385,34235,32655,32700,10350,0
2014-03-28,32300,32890,31665,31920,9428,0
2014-03-31,31380,31420,29910,29955,9143,0
2014-04-01,29855,29855,27915,27990,8149,0
2014-04-02,28060,28910,27915,28360,5904,0
2014-04-03,28405,29085,28185,28245,6820,0
2014-04-04,27300,30145,27270,29460,13797,0
2014-04-07,30020,31605,29610,30810,12903,0
2014-04-08,30500,31575,29585,29620,8252,0
2014-04-09,28930,29715,28070,28110,8394,0
2014-04-10,28250,31750,28135,31525,14738,0
2014-04-11,32355,34370,31405,33500,16734,0
2014-04-14,32300,35150,32040,32995,10166,0
2014-04-15,32545,35860,31770,32235,16450,0
2014-04-16,31040,31950,29835,29925,9180,0
2014-04-17,30080,30450,28905,29080,7774,0
2014-04-21,29005,29075,27860,27955,6182,0
2014-04-22,28150,28360,27460,27800,5985,0
2014-04-23,28100,28465,27825,28070,5114,0
2014-04-24,27775,29095,27680,28705,8673,0
2014-04-25,29120,30260,29000,29180,10995,0
2014-04-28,28770,29825,27845,27880,10614,0
2014-04-29,27645,27905,26880,26920,7239,0
2014-04-30,27150,27485,26600,26950,7050,0
2014-05-01,27140,27330,26505,26960,5391,0
2014-05-02,26600,27290,26300,26730,7244,0
2014-05-05,27460,27800,26060,26075,7097,0
2014-05-06,26335,26645,25725,26400,7529,0
2014-05-07,26270,27120,25350,25395,9537,0
2014-05-08,25385,25830,24370,25520,9090,0
2014-05-09,25380,26000,24390,24390,6391,0
2014-05-12,23845,23950,22810,22925,7971,0
2014-05-13,22820,23150,22590,23045,5867,0
2014-05-14,23245,23425,22385,22835,7790,0
2014-05-15,23110,24370,22925,23255,12954,0
2014-05-16,22865,23470,22185,22250,8843,0
2014-05-19,22460,22500,21610,21665,5254,0
2014-05-20,21550,22165,21040,21240,10136,0
2014-05-21,20900,21025,20430,20595,7895,0
2014-05-22,20650,20860,20260,20550,5328,0
2014-05-23,20565,20620,20160,20295,3960,0
2014-05-27,19540,19705,19000,19025,7686,0
2014-05-28,19070,19490,18780,18900,7590,0
2014-05-29,18750,19050,18555,18785,9572,0
2014-05-30,18760,18970,18675,18675,6115,0
2014-06-02,18725,19095,18435,18490,6269,0
2014-06-03,18705,18905,18460,18615,5544,0
2014-06-04,18800,18920,18015,18275,7953,0
2014-06-05,17760,18110,16800,16900,14179,0
2014-06-06,16115,16145,15195,15215,15145,0
2014-06-09,15095,15675,14775,15580,9105,0
2014-06-10,15760,15940,15020,15060,9523,0
2014-06-11,15585,16180,15365,15710,12188,0
2014-06-12,15905,17800,15800,17295,23431,0
2014-06-13,16970,17550,16300,16650,12752,0
2014-06-16,16765,17165,16215,16585,11914,0
2014-06-17,16480,16650,15380,15475,12560,0
2014-06-18,15320,15395,13760,13810,15490,0
2014-06-19,13595,14150,13390,13925,11727,0
2014-06-20,13830,14315,13610,14315,11101,0
2014-06-23,14120,14445,13510,13590,14433,0
2014-06-24,13840,14825,13475,14580,16443,0
2014-06-25,15055,15115,13495,13510,15506,0
2014-06-26,13480,14550,13460,13820,14884,0
2014-06-27,14060,14210,13550,13595,9655,0
2014-06-30,13550,13685,13030,13310,12040,0
2014-07-01,13075,13195,12360,12655,16205,0
2014-07-02,12565,12595,12135,12375,10306,0
2014-07-03,11945,12120,11840,12050,7530,0
2014-07-07,12235,12600,12160,12525,11824,0
2014-07-08,12685,13500,12685,12955,20964,0
2014-07-09,12570,12775,12285,12445,11989,0
2014-07-10,13765,13845,12925,13325,17653,0
2014-07-11,13250,13460,12905,13005,10515,0
2014-07-14,12410,12420,12025,12260,9629,0
2014-07-15,12050,13110,11980,12690,14217,0
2014-07-16,11945,12530,11845,12075,15167,0
2014-07-17,12385,14960,12050,14395,31961,0
2014-07-18,13335,13525,12300,12500,18959,0
2014-07-21,12745,13605,12670,13085,15891,0
2014-07-22,12450,12745,12225,12530,12117,0
2014-07-23,12390,12880,12340,12740,11305,0
2014-07-24,12545,12980,12505,12590,9503,0
2014-07-25,13015,13485,12965,13330,12975,0
2014-07-28,13195,13935,13055,13175,14420,0
2014-07-29,13080,13385,12710,13110,14163,0
2014-07-30,12865,13680,12800,13580,18455,0
2014-07-31,14430,16215,14305,15850,27977,0
2014-08-01,16035,18065,14875,17365,36129,0
2014-08-04,17010,17470,14975,15770,22546,0
2014-08-05,16400,18500,16020,17940,26833,0
2014-08-06,18640,18720,16695,18100,22835,0
2014-08-07,17215,19555,16940,18885,28728,0
2014-08-08,18910,19425,17240,17370,19931,0
2014-08-11,16665,16820,15055,15960,17113,0
2014-08-12,15800,16100,15225,15695,14305,0
2014-08-13,14930,15130,13875,13940,17140,0
2014-08-14,13565,15660,13020,13045,13256,0
2014-08-15,12500,14435,12315,13000,38818,0
2014-08-18,12195,12370,12025,12050,15573,0
2014-08-19,11750,11960,11660,11810,12404,0
2014-08-20,12120,12450,11870,12000,18042,0
2014-08-21,12010,12320,11925,12055,13826,0
2014-08-22,12020,12445,11800,11950,17780,0
2014-08-25,11675,11890,11560,11710,12322,0
2014-08-26,11710,11995,11660,11915,9661,0
2014-08-27,11970,12280,11845,12055,11203,0
2014-08-28,12765,12840,12240,12495,14358,0
2014-08-29,12220,12585,12135,12305,18184,0
2014-09-02,12275,12660,12190,12475,11584,0
2014-09-03,12070,12460,12050,12180,14024,0
2014-09-04,11980,12485,11680,12215,18548,0
2014-09-05,12075,12475,11680,11710,17628,0
2014-09-08,11780,12050,11675,11775,13616,0
2014-09-09,11900,12525,11885,12380,16315,0
2014-09-10,12440,12890,12100,12235,16071,0
2014-09-11,12685,12760,12135,12160,14112,0
2014-09-12,12240,13095,12185,12710,20887,0
2014-09-15,12830,13495,12790,13330,17803,0
2014-09-16,13620,13660,11955,12040,23332,0
2014-09-17,11910,12110,11295,11810,25429,0
2014-09-18,11640,11750,11435,11445,13920,0
2014-09-19,11210,11770,11110,11480,22967,0
2014-09-22,11720,12440,11685,12280,28209,0
2014-09-23,12855,13175,12385,13175,22435,0
2014-09-24,13000,13245,12240,12280,17963,0
2014-09-25,12510,14480,12500,14115,45343,0
2014-09-26,13880,14030,12875,13160,22513,0
2014-09-29,14605,14920,13775,14470,22973,0
2014-09-30,14570,15055,14000,14815,21154,0
2014-10-01,14805,16240,14760,15490,25131,0
2014-10-02,15620,16520,14585,15165,25638,0
2014-10-03,14150,14325,12985,13320,21896,0
2014-10-06,12695,13845,12425,13740,18806,0
2014-10-07,14385,15690,14270,15645,26308,0
2014-10-08,15790,16095,12900,13030,30015,0
2014-10-09,13315,15405,13150,15305,30433,0
2014-10-10,15490,18825,14860,18795,45880,0
2014-10-13,18100,22750,17475,22635,50269,0
2014-10-14,21310,23570,18955,21815,49058,0
2014-10-15,24675,27550,22000,22280,46878,0
2014-10-16,27765,28140,21830,22970,40501,0
2014-10-17,19755,21915,19035,20935,37593,0
2014-10-20,21240,21435,17665,17785,26424,0
2014-10-21,16410,16650,14910,15105,31729,0
2014-10-22,14790,17515,14455,17400,39400,0
2014-10-23,15310,16000,14555,15475,37890,0
2014-10-24,15435,17160,14900,15110,28616,0
2014-10-27,15585,16125,14535,14695,25033,0
2014-10-28,14245,14295,12750,12770,30773,0
2014-10-29,12805,13900,12655,13130,35063,0
2014-10-30,13700,14120,12700,13205,28689,0
2014-10-31,12370,12990,12370,12550,21084,0
2014-11-03,12540,13250,12400,12955,20724,0
2014-11-04,13175,13875,12715,12800,29302,0
2014-11-05,12325,12945,12305,12455,16297,0
2014-11-06,12300,12765,11720,11830,24403,0
2014-11-07,11770,12060,11430,11490,24191,0
2014-11-10,11375,11425,10440,10630,29612,0
2014-11-11,10480,11015,10380,10595,21056,0
2014-11-12,11100,11125,10620,10830,18868,0
2014-11-13,10925,11720,10640,11090,30663,0
2014-11-14,11215,11625,11080,11145,20264,0
2014-11-17,11365,11520,10875,11115,20418,0
2014-11-18,10960,10980,10450,10690,19007,0
2014-11-19,10980,11440,10890,11225,20696,0
2014-11-20,11650,11700,10910,11040,13832,0
2014-11-21,10350,10755,10340,10570,18091,0
2014-11-24,10375,10470,10085,10085,17374,0
2014-11-25,10030,10265,9905,10010,17209,0
2014-11-26,9990,10025,9590,9625,17963,0
2014-11-28,9720,10205,9590,10145,12701,0
2014-12-01,10560,11200,10485,11010,27716,0
2014-12-02,10955,10960,9735,9780,22620,0
2014-12-03,9520,9655,9350,9420,14266,0
2014-12-04,9610,10000,9250,9455,24865,0
2014-12-05,9150,9275,8810,9135,27968,0
2014-12-08,9240,10020,8935,9795,31371,0
2014-12-09,10835,11190,9870,10010,43608,0
2014-12-10,10440,12210,10350,12180,41551,0
2014-12-11,11825,13655,10785,13590,50410,0
2014-12-12,14785,15235,13320,15040,58256,0
2014-12-15,13690,15500,12940,14395,56774,0
2014-12-16,15040,15750,12710,15675,49574,0
2014-12-17,16100,16140,12315,12430,45384,0
2014-12-18,11245,12375,11150,11695,35242,0
2014-12-19,11565,11935,11130,11475,21857,0
2014-12-22,10845,11000,10350,10350,25903,0
2014-12-23,10235,10850,10225,10410,17966,0
2014-12-24,10180,10400,10110,10205,7372,0
2014-12-26,10225,10525,10075,10435,11584,0
2014-12-29,10510,10630,10195,10310,16608,0
2014-12-30,10665,10970,10390,10850,16407,0
2014-12-31,10765,12975,10675,12575,28510,0
2015-01-02,11730,13610,11455,12165,41323,0
2015-01-05,12840,14335,12725,13915,42528,0
2015-01-06,13795,15600,13425,14535,54287,0
2015-01-07,13705,14350,13235,13615,35698,0
2015-01-08,12590,12680,11780,11940,30022,0
2015-01-09,11630,13010,11620,12785,38127,0
2015-01-12,13000,14680,12905,13995,40157,0
2015-01-13,13350,15575,13010,14825,55084,0
2015-01-14,16250,16500,15235,15385,47377,0
2015-01-15,15055,16390,14595,16300,50831,0
2015-01-16,16350,17005,15270,15610,40582,0
2015-01-20,14715,16395,14650,15345,36797,0
2015-01-21,15725,16105,13850,13890,41872,0
2015-01-22,13090,14130,12060,12110,40378,0
2015-01-23,12415,12810,11740,12685,27326,0
2015-01-26,12475,12975,11550,11560,34239,0
2015-01-27,12695,12915,11825,12540,49528,0
2015-01-28,11945,14855,11925,14600,70650,0
2015-01-29,14540,15585,13340,13565,49857,0
2015-01-30,14350,16355,13795,16180,70585,0
2015-02-02,15195,16660,14515,14515,64726,0
2015-02-03,14040,14290,13065,13160,41991,0
2015-02-04,13485,14015,12720,13890,50980,0
2015-02-05,13540,13550,12645,12805,38455,0
2015-02-06,12505,14490,12340,13900,64207,0
2015-02-09,14450,14675,13955,14080,47339,0
2015-02-10,13405,13950,12840,13015,40800,0
2015-02-11,13255,13615,13055,13130,35573,0
2015-02-12,12535,12680,11500,11590,45892,0
2015-02-13,11470,11910,11175,11285,41728,0
2015-02-17,11500,11680,11180,11340,30090,0
2015-02-18,11625,11670,11065,11165,32521,0
2015-02-19,11390,11435,10655,10685,28402,0
2015-02-20,11085,11225,9750,9905,49918,0
2015-02-23,10105,10235,9885,9975,24006,0
2015-02-24,9900,9925,9040,9140,41697,0
2015-02-25,9170,9440,8430,9245,51620,0
2015-02-26,9200,9550,8795,9025,52036,0
2015-02-27,9020,9185,8660,8920,50390,0
2015-03-02,8850,8915,8325,8340,44239,0
2015-03-03,8575,9130,8420,8680,53465,0
2015-03-04,8950,9325,8625,8660,47028,0
2015-03-05,8535,8800,8405,8435,49113,0
2015-03-06,8580,9270,8435,9190,76806,0
2015-03-09,9050,9185,8745,8920,39735,0
2015-03-10,9410,9725,9295,9460,65059,0
2015-03-11,9570,10075,9460,9910,52859,0
2015-03-12,9560,9595,8710,9340.4,45458,0
2015-03-13,8810,9590,8725,9115,56788,0
2015-03-16,8890,8950,8525,8700,40375,0
2015-03-17,8940,9075,8555,8615,36371,0
2015-03-18,8705,8855,7740,7850,59373,0
2015-03-19,8110,8275,7820,7860,34519,0
2015-03-20,7680,7790,7160,7630,60466,0
2015-03-23,7505,7525,7175,7350,38319,0
2015-03-24,7370,7460,7000,7270,49395,0
2015-03-25,7215,7960,7125,7910,70336,0
2015-03-26,8250,8415,7715,7815,76245,0
2015-03-27,7815,7865,7560,7620,42152,0
2015-03-30,7265,7310,7090,7155,41576,0
2015-03-31,7225,9560,7180,7525,25858,0
2015-04-01,7545,8005,7145,7500,58146,0
2015-04-02,7400,7490,7170,7205,38805,0
2015-04-06,7365,7420,6780,6905,69818,0
2015-04-07,6805,6875,6655,6860,50502,0
2015-04-08,6775,6875,6570,6595,79652,0
2015-04-09,6545,6690,6135,6160,80132,0
2015-04-10,6040,6060,5595,5610,63329,0
2015-04-13,5450,6000,5340,5895,91804,0
2015-04-14,5925,6120,5660,5775,63988,0
2015-04-15,5610,5635,5395,5520,51998,0
2015-04-16,5555,5600,5190,5290,50098,0
2015-04-17,5635,5945,5580,5645,91538,0
2015-04-20,5425,5485,5205,5275,40077,0
2015-04-21,5150,5395,5110,5275,36729,0
2015-04-22,5225,5425,5115,5160,33234,0
2015-04-23,5235,5270,4965,5060,36528,0
2015-04-24,4990,5080,4935,4965,25630,0
2015-04-27,4865,5320,4840,5260,45832,0
2015-04-28,5320,5610,4875,4875,60616,0
2015-04-29,5115,5300,4935,5130,59037,0
2015-04-30,5260,5625,5155,5410,63207,0
2015-05-01,5260,5275,4885,4885,52862,0
2015-05-04,4815,5015,4740,4905,37505,0
2015-05-05,4955,5240,4880,5225,65581,0
2015-05-06,5100,5750,5055,5395,79347,0
2015-05-07,5460,5605,5225,5325,56877,0
2015-05-08,4915,4985,4750,4760,57809,0
2015-05-11,4800,5030,4765,5025,39768,0
2015-05-12,5200,5325,4925,4985,55257,0
2015-05-13,4905,5005,4795,4825,46337,0
2015-05-14,4705,4750,4615,4625,46613,0
2015-05-15,4580,4720,4530,4535,45118,0
2015-05-18,4535,4550,4160,4235,48489,0
2015-05-19,4190,4300,4045,4115,59213,0
2015-05-20,4096,4243,4054,4129,123920,0
2015-05-21,4172,4217,3858,3899,114302,0
2015-05-22,3880,3946,3821,3912,86990,0
2015-05-26,4001,4289,3965,4218,149323,0
2015-05-27,4141,4193,3857,3909,107184,0
2015-05-28,3998,4108,3950,3997,119280,0
2015-05-29,4015,4159,3936,4052,123818,0
2015-06-01,3963,4094,3886,3970,116564,0
2015-06-02,4066,4148,3960,4099,104060,0
2015-06-03,4061,4087,3933,3956,92010,0
2015-06-04,4051,4266,4015,4220,109364,0
2015-06-05,4238,4313,4055,4073,111314,0
2015-06-08,4112,4302,4091,4243,69543,0
2015-06-09,4267,4355,4110,4149,78832,0
2015-06-10,4026,4041,3762,3788,93447,0
2015-06-11,3704,3736,3586,3625,88323,0
2015-06-12,3720,3857,3695,3715,91334,0
2015-06-15,3900,4048,3870,4031,100282,0
2015-06-16,4107,4150,3843,3880,75067,0
2015-06-17,3843,4036,3774,3861,92699,0
2015-06-18,3755,3775,3547,3637,105062,0
2015-06-19,3622,3732,3608,3695,79444,0
2015-06-22,3514,3565,3355,3356,91676,0
2015-06-23,3325,3333,3181,3181,101735,0
2015-06-24,3219,3313,3133,3300,102896,0
2015-06-25,3247,3394,3189,3349,93789,0
2015-06-26,3323,3460,3274,3314,106114,0
2015-06-29,3728,4525,3624,4450,264718,0
2015-06-30,3987,4806,3967,4396,269090,0
2015-07-01,3930,4206,3761,3783,167610,0
2015-07-02,3777,4400,3750,4259,187926,0
2015-07-06,4667,4748,4282,4470,192703,0
2015-07-07,4462,4960,4013,4023,221645,0
2015-07-08,4350,4830,4263,4805,203122,0
2015-07-09,4291,4950,4256,4899,145722,0
2015-07-10,4375,4668,4096,4131,164005,0
2015-07-13,3676,3717,3280,3319,151926,0
2015-07-14,3326,3361,3125,3251,105558,0
2015-07-15,3226,3391,3141,3233,141222,0
2015-07-16,3026,3043,2800,2809,130987,0
2015-07-17,2774,2844,2750,2752,83896,0
2015-07-20,2756,2790,2628,2746,122256,0
2015-07-21,2722,2795,2688,2691,115158,0
2015-07-22,2836,2839,2616,2671,108691,0
2015-07-23,2618,2814,2588,2735,132822,0
2015-07-24,2741,2988,2685,2911,164201,0
2015-07-27,3139,3347,3062,3215,199524,0
2015-07-28,3026,3189,2688,2746,186460,0
2015-07-29,2703,2739,2602,2648,111102,0
2015-07-30,2666,2776,2592,2615,119989,0
2015-07-31,2577,2672,2531,2604,129635,0
2015-08-03,2586,2736,2515,2525,180955,0
2015-08-04,2559,2640,2502,2545,130054,0
2015-08-05,2522,2581,2434,2507,129119,0
2015-08-06,2517,2789,2510,2693,169463,0
2015-08-07,2681,2794,2607,2641,182898,0
2015-08-10,2509,2509,2435,2443,103545,0
2015-08-11,2626,2763,2559,2663,157747,0
2015-08-12,2950,3050,2617,2662,206118,0
2015-08-13,2606,2714,2526,2593,131702,0
2015-08-14,2585,2660,2538,2582,113296,0
2015-08-17,2634,2684,2513,2527,94051,0
2015-08-18,2545,2610,2497,2581,88114,0
2015-08-19,2655,2809,2526,2680,198962,0
2015-08-20,2908,3185,2832,3136,226735,0
2015-08-21,3460,4225,3268,4222,380876,0
2015-08-24,6867,7369,4572,5730,419161,0
2015-08-25,4320,6690,4268,6628,288216,0
2015-08-26,5542,6972,5320,5456,354393,0
2015-08-27,4998,6444,4979,5716,216512,0
2015-08-28,6120,6888,5932,6305,251583,0
2015-08-31,6456,6868,6302,6755,181290,0
2015-09-01,8013,9125,7610,8754,220725,0
2015-09-02,7779,8439,6906,6940,177831,0
2015-09-03,6462,7237,5900,6834,246834,0
2015-09-04,7498,8150,7157,7842,228507,0
2015-09-08,6900,7092,6389,6450,167512,0
2015-09-09,5750,6814,5725,6728,233730,0
2015-09-10,7116,7186,6380,6391,216845,0
2015-09-11,6429,6648,6064,6078,138830,0
2015-09-14,6047,6360,6036,6080,109349,0
2015-09-15,5900,5995,4864,4894,180400,0
2015-09-16,4516,4826,4261,4298,168809,0
2015-09-17,4238,4437,3504,4225,258104,0
2015-09-18,5080,5427,4733,5291,232747,0
2015-09-21,4991,5114,4588,4614,205982,0
2015-09-22,5043,5570,4900,5100,250198,0
2015-09-23,5109,5244,4764,4875,169381,0
2015-09-24,5340,5838,5051,5117,243043,0
2015-09-25,4715,5644,4691,5396,210454,0
2015-09-28,5776,6450,5669,6150,235513,0
2015-09-29,6004,6464,5701,6160,218840,0
2015-09-30,5635,5951,5506,5596,154947,0
2015-10-01,5626,5986,5465,5478,137999,0
2015-10-02,5860,5973,4900,4900,202655,0
2015-10-05,4699,4724,4289,4353,125804,0
2015-10-06,4313,4578,4191,4447,150970,0
2015-10-07,4330,4529,4191,4222,153222,0
2015-10-08,4195,4286,3712,3820,168532,0
2015-10-09,3780,4039,3704,3811,144590,0
2015-10-12,3792,3861,3275,3352,148330,0
2015-10-13,3484,3714,3246,3669,201391,0
2015-10-14,3748,4016,3595,3821,217502,0
2015-10-15,3658,3734,3237,3283,167598,0
2015-10-16,3157,3439,3151,3192,171814,0
2015-10-19,3214,3235,2744,2758,215121,0
2015-10-20,2807,3040,2723,2943,160279,0
2015-10-21,2872,3388,2800,3350,253315,0
2015-10-22,3160,3167,2718,2737,233428,0
2015-10-23,2592,2878,2573,2774,226217,0
2015-10-26,2850,2965,2773,2951,157850,0
2015-10-27,3027,3040,2811,2829,181103,0
2015-10-28,2819,2998,2655,2668,234474,0
2015-10-29,2753,2843,2686,2737,171287,0
2015-10-30,2759,2835,2675,2821,157890,0
2015-11-02,2812,2830,2490,2531,191978,0
2015-11-03,2600,2670,2510,2650,139447,0
2015-11-04,2602,2863,2580,2808,229960,0
2015-11-05,2803,2905,2668,2691,212805,0
2015-11-06,2696,2819,2570,2577,222986,0
2015-11-09,2599,2932,2577,2840,259806,0
2015-11-10,2910,2938,2650,2680,180029,0
2015-11-11,2639,2800,2627,2795,168733,0
2015-11-12,2950,3308,2879,3298,284552,0
2015-11-13,3328,3776,3275,3741,478571,0
2015-11-16,3725,3780,2968,2992,329032,0
2015-11-17,2912,3425,2886,3308,357579,0
2015-11-18,3189,3206,2880,2892,255647,0
2015-11-19,2948,3166,2920,3090,203845,0
2015-11-20,2902,2943,2815,2889,218930,0
2015-11-23,2850,2908,2701,2734,209963,0
2015-11-24,2881,2944,2700,2758,250399,0
2015-11-25,2740,2789,2645,2675,153194,0
2015-11-27,2655,2735,2645,2718,85082,0
2015-11-30,2679,2750,2647,2687,188119,0
2015-12-01,2616,2667,2450,2464,215114,0
2015-12-02,2467,2680,2383,2646,287267,0
2015-12-03,2555,3150,2525,3020,447952,0
2015-12-04,2849,2900,2475,2477,337597,0
2015-12-07,2492,2770,2489,2598,266251,0
2015-12-08,2811,2881,2635,2755,340839,0
2015-12-09,2820,3148,2620,2981,440289,0
2015-12-10,3012,3127,2841,3057,315271,0
2015-12-11,3380,4111,3312,3981,529192,0
2015-12-14,3909,4309,3325,3389,482603,0
2015-12-15,3165,3386,3021,3116,298995,0
2015-12-16,2892,3039,2590,2693,288650,0
2015-12-17,2659,2990,2657,2921,290641,0
2015-12-18,3116,3452,3048,3395,468385,0
2015-12-21,3130,3394,3064,3076,322377,0
2015-12-22,2861,2945,2702,2765,230761,0
2015-12-23,2627,2749,2588,2630,208018,0
2015-12-24,2670,2740,2644,2722,88744,0
2015-12-28,2820,2926,2653,2657,228388,0
2015-12-29,2580,2625,2537,2571,187208,0
2015-12-30,2631,2739,2615,2718,184808,0
2015-12-31,2787,2850,2689,2835.2,273698,0
2016-01-04,3293,3483,3175,3196.2,430578,0
2016-01-05,3065,3259,2953,3013,317661,0
2016-01-06,3409,3411,3173,3193,360917,0
2016-01-07,3623,3986,3454,3884,468468,0
2016-01-08,3584,4397,3503,4281.6,481766,0
2016-01-11,4172,4944,3912,3990,538094,0
2016-01-12,3661,4134,3592,3617,412635,0
2016-01-13,3472,4490,3454,4346,458981,0
2016-01-14,4259,4671,3800,4015,401834,0
2016-01-15,4920,5139,4580,4815,361009,0
2016-01-19,4835.8,4835.8,4835.8,4835.8,401724,0
2016-01-20,5139,5900,4855,5064,461489,0
2016-01-21,4965,5469,4688,5034,385132,0
2016-01-22,4565,4668,4175,4185.6,205841,0
2016-01-25,4294,4634,4157,4594,201013,0
2016-01-26,4466,4583,4144,4157,227970,0
2016-01-27,4260,4622,3980,4502,333316,0
2016-01-28,4202,4595,4131,4201,284376,0
2016-01-29,4135,4182,3823,3847,268432,0
2016-02-01,3886,4013,3663,3754,256344,0
2016-02-02,3991,4315,3977,4243,282892,0
2016-02-03,4110,4733,4104,4156,386673,0
2016-02-04,4251,4353,4034,4230,277610,0
2016-02-05,4216,4710,4206,4560,313505,0
2016-02-08,4908,5387,4818,5003,302095,0
2016-02-09,5403,5446,4890,5085,335354,0
2016-02-10,4897,5189,4719,5178,279883,0
2016-02-11,5873,6192,5557,5804,401507,0
2016-02-12,5466,5731,5296,5326,296399,0
2016-02-16,4972,5137,4798,4836,269771,0
2016-02-17,4598,4698,4404,4460,148894,0
2016-02-18,4394,4578,4292,4427,254025,0
2016-02-19,4583,4661,4184.4,4195,272322,0
2016-02-22,3956,3985,3711,3723,197358,0
2016-02-23,3822,4130,3765,4095,192821,0
2016-02-24,4437,4580,4000,4040,363586,0
2016-02-25,3974,4134,3755,3762,246049,0
2016-02-26,3639,3935,3600,3861,290839,0
2016-02-29,3826,3995,3620,3974,228051,0
2016-03-01,3794,3875,3290,3295,227128,0
2016-03-02,3307,3406,3162,3169,159964,0
2016-03-03,3203,3251,2901,2958,254097,0
2016-03-04,2862,3092,2831,3025,250382,0
2016-03-07,3147,3175,2900,3038,247568,0
2016-03-08,3160,3284,3076,3267,251861,0
2016-03-09,3194,3318,3147,3184,201174,0
2016-03-10,3078,3360,2881,3066,334009,0
2016-03-11,2915,2948,2755,2762,251662,0
2016-03-14,2793,2838,2638,2670,179128,0
2016-03-15,2830,2850,2734,2739,169244,0
2016-03-16,2814,2823,2498,2543,307145,0
2016-03-17,2541,2574,2331,2389,322771,0
2016-03-18,2325,2447,2265,2350,286161,0
2016-03-21,2352,2367,2203,2215,265822,0
2016-03-22,2274,2287,2125,2156,281528,0
2016-03-23,2200,2383,2195,2358,309645,0
2016-03-24,2520,2560,2327,2333,329822,0
2016-03-28,2283,2363,2197,2273,224572,0
2016-03-29,2279,2318,2005,2011,311670,0
2016-03-30,1935,2004,1850,1911,250847,0
2016-03-31,1942,1992,1859,1933,283382,0
2016-04-01,2058,2083,1811,1822,349808,0
2016-04-04,1815,1932.12,1797,1917,282791,0
2016-04-05,2065,2158,2012.4,2137,372323,0
2016-04-06,2122,2154,1858,1868,299579,0
2016-04-07,1968,2293,1923.36,2207,324184,0
2016-04-08,2047,2181,1975,2092,359720,0
2016-04-11,2023,2159,1972,2157,302656,0
2016-04-12,2152,2253,1966.68,2008,487050,0
2016-04-13,1912,1928,1802,1806,389127,0
2016-04-14,1796,1860,1750,1793,316760,0
2016-04-15,1780,1823,1741,1744.08,338366,0
2016-04-18,1786.48,1789,1516,1523,425720,0
2016-04-19,1516,1627,1470,1559,383506,0
2016-04-20,1515.52,1594,1490,1576,447819,0
2016-04-21,1609,1684,1583,1634,453311,0
2016-04-22,1652,1678,1539,1551,391666,0
2016-04-25,1599,1660,1575,1589,395945,0
2016-04-26,1551,1571.88,1500,1524,298091,0
2016-04-27,1565,1579,1401,1428,411526,0
2016-04-28,1486,1619,1379,1597,488220,0
2016-04-29,1640,1850,1601.2,1702,680136,0
2016-05-02,1638,1674,1469,1504,403213,0
2016-05-03,1590,1699,1579.16,1636,398837,0
2016-05-04,1717,1753,1654,1679,470931,0
2016-05-05,1612,1729,1600,1676,431436,0
2016-05-06,1688,1692,1516,1528,448354,0
2016-05-09,1493,1504.64,1393,1454,371855,0
2016-05-10,1382,1388,1308,1313,360167,0
2016-05-11,1320,1422,1280,1401.52,333823,0
2016-05-12,1367,1482,1319,1363,502845,0
2016-05-13,1364,1485,1311,1463,507481,0
2016-05-16,1442,1444,1295,1329.92,377448,0
2016-05-17,1351,1488,1335,1448.88,423198,0
2016-05-18,1453,1502,1346,1438,733022,0
2016-05-19,1487,1600,1443,1452,727981,0
2016-05-20,1392,1400,1342,1350.08,432947,0
2016-05-23,1346,1367,1301,1336,334867,0
2016-05-24,1296,1298,1192,1220,450360,0
2016-05-25,1180,1203,1128,1174,352271,0
2016-05-26,1170,1179,1139,1149,324799,0
2016-05-27,1130,1140,1084,1085.08,314480,0
2016-05-31,1055,1146,1045,1085,430119,0
2016-06-01,1120,1142,1052,1067,434827,0
2016-06-02,1089,1114,1007,1010,379654,0
2016-06-03,1046,1102,986,1000.24,555462,0
2016-06-06,988,1024,965,974,442026,0
2016-06-07,956,979,935,978.92,356028,0
2016-06-08,974,1009,958,985,356951,0
2016-06-09,1026,1050,1002,1023,384636,0
2016-06-10,1120,1221,1103.96,1209.08,593367,0
2016-06-13,1320,1576,1258,1570,905694,0
2016-06-14,1632,1675,1453,1501,1202266,0
2016-06-15,1471,1500,1344,1473,604463,0
2016-06-16,1605,1712,1363,1394,711623,0
2016-06-17,1392,1445,1342,1392,554852,0
2016-06-20,1209,1214,1121,1194.92,540813,0
2016-06-21,1151,1253,1147,1207,541710,0
2016-06-22,1208,1324,1141.08,1291.92,674174,0
2016-06-23,1149,1186,1026,1040,621377,0
2016-06-24,1419,1554,1225,1499,1216720,0
2016-06-27,1493,1668,1461,1472,1083993,0
2016-06-28,1345,1348,1128,1143,745545,0
2016-06-29,1058,1061,983,1009,615689,0
2016-06-30,978,1004,932,943,634911,0
2016-07-01,928,935,875,885,710022,0
2016-07-05,917,983,909,912,605150,0
2016-07-06,945,972.12,868,869,657601,0
2016-07-07,842,907,815,832,577863,0
2016-07-08,780,791,721,732,544273,0
2016-07-11,711,736,696,733,378589,0
2016-07-12,698,730,693,700,427350,0
2016-07-13,684,710,672,678,506968,0
2016-07-14,661,682,652,674,499384,0
2016-07-15,664,711,657,669,638926,0
2016-07-18,674,681,633,644,468213,0
2016-07-19,644,664,626,640.92,427160,0
2016-07-20,618,630,596,608,419060,0
2016-07-21,612,657,602,641,573021,0
2016-07-22,632,642,597,610,436031,0
2016-07-25,601,648.6,592.6,604,1034677,0
2016-07-26,604,626.6,591,592.6,1075921,0
2016-07-27,575,609.2,554,565,1292265,0
2016-07-28,570,583.2,537.2,544.8,1165295,0
2016-07-29,543.6,545.8,498,507,1187813,0
2016-08-01,497.8,515.2,475.4,488.6,1449431,0
2016-08-02,499.6,556,494,526.2,2307941,0
2016-08-03,528.6,539.2,500,500.8,1139528,0
2016-08-04,487,498.4,466.4,473.4,1282146,0
2016-08-05,449.8,450.8,429.4,440.6,1477857,0
2016-08-08,428.8,433.4,420.6,420.8,868651,0
2016-08-09,409,420.4,391,407,1539583,0
2016-08-10,402,442.6,400.4,426.4,1773918,0
2016-08-11,416.4,426.92,405.2,422,1128745,0
2016-08-12,422.6,433,408.2,414,1194985,0
2016-08-15,405.2,407.6,397,400.8,909410,0
2016-08-16,416.8,433.6,416.4,429,1209131,0
2016-08-17,425.4,448,402.8,406.2,1635033,0
2016-08-18,409.2,415.4,392,392.2,1111466,0
2016-08-19,400.6,408,392,395,1142834,0
2016-08-22,400.4,411,395,398.2,1512627,0
2016-08-23,392.4,397.6,387.6,396.2,1061245,0
2016-08-24,399.6,422.4,398,413.2,1493154,0
2016-08-25,427.8,429.4,404.2,414,1413974,0
2016-08-26,407,444.2,385,416.6,3252784,0
2016-08-29,413.8,414,394.8,399.8,1123634,0
2016-08-30,396.2,406.8,390.4,393,1181105,0
2016-08-31,395.6,417.4,391.8,397,1542036,0
2016-09-01,393,414,390,392.6,1557462,0
2016-09-02,377.4,380.6,364.8,365.21,1484800,0
2016-09-06,359,365.8,345.2,346,1264683,0
2016-09-07,346,348.3,335.2,336,1074020,0
2016-09-08,337.2,347.2,335.4,338.6,1178853,0
2016-09-09,366,450,363.2,448.4,3811320,0
2016-09-12,458.4,468,379,388.6,3567822,0
2016-09-13,420.8,522,418.2,493.2,4593550,0
2016-09-14,481.8,504.16,442.4,490,2794821,0
2016-09-15,489,507,441.2,452.6,1921360,0
2016-09-16,472.8,489.2,436,441.6,2424108,0
2016-09-19,411.4,435.8,394,418.6,1671489,0
2016-09-20,399,425.6,398.4,411.8,1290950,0
2016-09-21,400.4,412.4,343,348,2539405,0
2016-09-22,329.2,337.4,322.8,324,1321515,0
2016-09-23,327.4,333.6,321.5,329.8,1308910,0
2016-09-26,354.8,373.2,350.2,365.6,2054520,0
2016-09-27,365.2,371,322.4,327.6,1570276,0
2016-09-28,323.6,346.4,318.8,320.6,1524992,0
2016-09-29,323.6,383.33,313.4,360,3627835,0
2016-09-30,337,349.4,324.4,333,2245272,0
2016-10-03,340.6,345.8,327,329,1582305,0
2016-10-04,324.4,344.2,314.8,327.8,2638833,0
2016-10-05,320.4,325,317,322.8,1313080,0
2016-10-06,323.8,328.8,314.2,316.6,1329569,0
2016-10-07,313.2,331.4,310.6,317.8,1782002,0
2016-10-10,310,312.2,298.6,303.8,1008488,0
2016-10-11,308.2,346.4,307.2,336.4,2578099,0
2016-10-12,334.3,346,322,338.2,2084727,0
2016-10-13,364.2,383.4,349,359.4,3099213,0
2016-10-14,338,356.08,333,351.6,2107844,0
2016-10-17,347.2,357.6,343,348.2,1449776,0
2016-10-18,329.2,334,319,320.4,1381308,0
2016-10-19,306,315,300.2,305.2,1304835,0
2016-10-20,306.2,312.4,295,297,1786523,0
2016-10-21,300.2,303,283.6,284.6,1509906,0
2016-10-24,271.6,272,262,264.6,1189935,0
2016-10-25,264,276,263.4,269,1406704,0
2016-10-26,281.2,285.78,270.4,282.6,1507273,0
2016-10-27,273.6,295,273,292.8,1433872,0
2016-10-28,294.2,328,287.4,317.6,3112584,0
2016-10-31,313.8,335.98,312.4,331.8,1650621,0
2016-11-01,332.2,382.4,332.2,351.4,3726784,0
2016-11-02,354,373.6,350.22,366.4,2865731,0
2016-11-03,365.8,416.8,362.2,407.6,3130323,0
2016-11-04,397,412.6,376.2,407.8,3130950,0
2016-11-07,338,345.4,304,306,2393668,0
2016-11-08,306.4,313.8,281.4,285.4,2401281,0
2016-11-09,317.6,319,262.6,271,5093640,0
2016-11-10,255.2,302.2,250.8,283.6,4378751,0
2016-11-11,293.2,299.6,268.6,270.8,2638708,0
2016-11-14,274,288.4,265.62,268.4,2261081,0
2016-11-15,262.8,268.8,245.6,246,2022190,0
2016-11-16,254.6,255,242.4,247.8,1344548,0
2016-11-17,247,248.6,232.2,232.2,1317046,0
2016-11-18,232.6,238.4,228,230.4,1183498,0
2016-11-21,224.8,225.2,209.2,210,1263557,0
2016-11-22,210,222.2,208.2,213.2,1234866,0
2016-11-23,217.4,220.8,211.8,213.8,1028861,0
2016-11-25,212.6,216.8,210.6,211.4,468718,0
2016-11-28,215.4,222,211,215,1342551,0
2016-11-29,215.6,219,206,211.8,1053879,0
2016-11-30,205.6,214.2,204.6,212,1513095,0
2016-12-01,211,236.44,209.6,228.6,2014040,0
2016-12-02,231.2,233.6,215.8,228.8,1815103,0
2016-12-05,212.6,214.72,197,198.6,1621599,0
2016-12-06,190.6,193.2,182.6,184.2,1352794,0
2016-12-07,183,187.8,175.6,185.4,1861804,0
2016-12-08,185.8,199.4,184,186.2,2372009,0
2016-12-09,189.8,190.2,180.8,182.8,1430268,0
2016-12-12,182.6,189,181.8,185,1233442,0
2016-12-13,184.2,194.8,183,188.6,1322273,0
2016-12-14,190.4,192,176.2,187.4,2665545,0
2016-12-15,181.6,186.8,178.6,181.6,1241576,0
2016-12-16,177.2,182.2,175,177,1325203,0
2016-12-19,173,173.2,164.2,164.6,1282726,0
2016-12-20,161.4,162.2,156.4,158.2,1091344,0
2016-12-21,156.4,157.2,152.4,153.4,933506,0
2016-12-22,153.2,159.8,151.6,157.8,1087372,0
2016-12-23,159.8,161.2,156.2,156.6,727858,0
2016-12-27,156.6,156.8,151.2,152.6,605905,0
2016-12-28,151,163.6,150,163.2,1310176,0
2016-12-29,163.8,172.2,160.8,167.6,1968369,0
2016-12-30,164,178.4,164,175,1735237,0
2017-01-03,160.6,162.8,149.4,150,1673596,0
2017-01-04,146.2,146.2,131.4,134.6,1603253,0
2017-01-05,136.8,141.6,133.2,133.6,1344775,0
2017-01-06,131,133,124.6,130.2,1728458,0
2017-01-09,131.6,133.6,125.6,129.6,1128883,0
2017-01-10,126.6,131.4,124.6,127.6,1071551,0
2017-01-11,128.2,132.8,121.4,122.4,1883048,0
2017-01-12,124.24,134.52,121.82,122.08,7378347,0
2017-01-13,120.88,125.2,119.2,122.52,3399509,0
2017-01-17,125.92,126.68,120.72,121.6,3887514,0
2017-01-18,120.36,121.96,117.08,120.76,3475083,0
2017-01-19,119.12,125.4,118.36,123.24,3666557,0
2017-01-20,120.6,121.54,113.6,113.6,5459147,0
2017-01-23,114,118.2,111.64,111.8,4505071,0
2017-01-24,108.92,109.24,100.36,101.36,4828249,0
2017-01-25,98.44,99.283,95.72,96.4,3534189,0
2017-01-26,97.24,99.64,95.48,97.64,4181617,0
2017-01-27,97,98.6,94.72,95.32,3037030,0
2017-01-30,99.28,108.92,99.24,100.8,7749525,0
2017-01-31,102.44,106.12,99.6,99.68,5769890,0
2017-02-01,95.84,99.053,94.16,96.56,4994026,0
2017-02-02,98.04,99.8,96.12,97.88,4314614,0
2017-02-03,93.92,95.2,91.92,94.12,3888542,0
2017-02-06,96.04,96.52,92.92,93.88,4259029,0
2017-02-07,93.48,95.64,93,95.28,3567880,0
2017-02-08,96,98.24,93.28,94.48,4511481,0
2017-02-09,93.68,93.92,88.8,90.6,3699491,0
2017-02-10,88.6,89.04,86.44,87.64,3622966,0
2017-02-13,84.68,85.08,81.56,82.12,4244417,0
2017-02-14,81.92,82.2,74.92,75,5094053,0
2017-02-15,74.84,79.96,73.96,79.24,5959181,0
2017-02-16,79.6,88.64,79.28,80.44,8085804,0
2017-02-17,84.4,85.56,80.2,81,4668787,0
2017-02-21,78.72,83.36,78.12,82.76,4008672,0
2017-02-22,84.16,86.514,81.4,83.48,4466489,0
2017-02-23,83.84,90.52,83.4,87.88,6189906,0
2017-02-24,94.4,95.28,85.2,85.76,6456588,0
2017-02-27,86,87.28,81.04,84.8,4599597,0
2017-02-28,85.72,90.12,84.6,89.2,5103046,0
2017-03-01,81.32,85.64,80.4,85.36,5322610,0
2017-03-02,85.52,87.44,82.2,85.72,5529665,0
2017-03-03,83.4,83.64,79.88,80.52,4865842,0
2017-03-06,80.24,80.96,76.96,77.6,4295642,0
2017-03-07,77.6,79.28,75,77.6,4609872,0
2017-03-08,76.04,79.24,74.56,78.64,5031037,0
2017-03-09,77.84,80.56,76.04,77.96,5663956,0
2017-03-10,76.4,78.64,75.48,75.6,5432313,0
2017-03-13,75.12,75.92,72.4,72.6,3825729,0
2017-03-14,73.16,76.28,72.04,75.28,5917125,0
2017-03-15,73.4,73.92,68.44,69.68,7110258,0
2017-03-16,68.8,69.28,66.6,66.8,5767274,0
2017-03-17,65.84,66.12,63.32,65.28,5634665,0
2017-03-20,65.04,65.4,63.52,65.4,3957854,0
2017-03-21,62.88,71.52,61.84,70.24,15254115,0
2017-03-22,71.48,73.56,68.76,70.92,10063085,0
2017-03-23,72.24,76.52,69.04,75.88,8195060,0
2017-03-24,73.48,79.6,70.28,72.88,11649959,0
2017-03-27,78.64,79.6,68.72,70.04,10023191,0
2017-03-28,68.6,68.76,62.24,62.52,7361091,0
2017-03-29,62.04,62.96,60.64,61.96,3737071,0
2017-03-30,62.08,63.64,61.4,62.56,5141309,0
2017-03-31,62.64,64.92,61.72,64.68,4620097,0
2017-04-03,64.68,70,64,65.28,7459178,0
2017-04-04,67.04,67.6,63.04,63.72,5105763,0
2017-04-05,62.2,68.2,60.76,67.76,8393582,0
2017-04-06,66.16,67.2,62.4,65.2,9002946,0
2017-04-07,67.08,70.36,65.64,70,9228347,0
2017-04-10,70.48,75,68.72,75,8948698,0
2017-04-11,78.76,83.36,77.6,81.8,14240175,0
2017-04-12,82,84.28,79.72,82.64,11295437,0
2017-04-13,83.12,87,79.8,85.84,11139103,0
2017-04-17,82.84,83,77.04,77.04,8416150,0
2017-04-18,79,81.8,75.64,75.84,8282978,0
2017-04-19,73.4,80.56,72.44,79.4,8421194,0
2017-04-20,77.2,79.68,74.04,75.32,8885660,0
2017-04-21,76.36,79.2,75.56,75.96,8228152,0
2017-04-24,63.52,65.6,59.24,59.72,8963201,0
2017-04-25,57.78,58.48,56.56,56.88,4546416,0
2017-04-26,57.2,59.76,56.64,57.96,6590054,0
2017-04-27,56.72,58.2,56.44,56.8,5606157,0
2017-04-28,56.96,58.12,56.64,56.72,4990496,0
2017-05-01,55.58,55.76,51.44,52.4,5948224,0
2017-05-02,52.24,53.72,52.04,52.68,5167236,0
2017-05-03,53.96,55.32,52.96,54.76,5462827,0
2017-05-04,53.08,55.8,51.8,52.08,7781303,0
2017-05-05,51.8,53.04,51.28,52.6,5152144,0
2017-05-08,50.92,51.12,49.24,49.96,5548913,0
2017-05-09,48.44,50.4,48.2,49.72,5241504,0
2017-05-10,50.2,50.2,49.2,50.04,3754385,0
2017-05-11,51.28,53.54,49.68,49.76,7563852,0
2017-05-12,50.36,50.72,49.6,49.64,3757574,0
2017-05-15,48.6,48.92,47.16,47.44,4353809,0
2017-05-16,46.44,47.56,46,46.52,5052124,0
2017-05-17,52.4,63.52,50.84,63.4,22107240,0
2017-05-18,62.48,63.36,56.76,60.52,16427316,0
2017-05-19,56.32,56.6,49.76,51.8,13023389,0
2017-05-22,48.8,48.88,46.6,46.96,7002368,0
2017-05-23,46.52,47.76,46.16,46.8,5932062,0
2017-05-24,46.52,47.72,44,44.44,7105043,0
2017-05-25,44.36,46,43.92,45.32,7084448,0
2017-05-26,45.76,45.76,43.6,43.8,6024002,0
2017-05-30,44.84,45.08,42.96,43.16,5595955,0
2017-05-31,42.72,45.92,42.48,43.96,10137375,0
2017-06-01,42.76,43.08,41.76,41.88,5362663,0
2017-06-02,42.2,42.52,41.2,42.04,5370934,0
2017-06-05,42.44,42.48,40.64,42.32,5025586,0
2017-06-06,43.4,44.72,42.64,44.32,6973710,0
2017-06-07,43.32,45.68,42.88,43.4,8202202,0
2017-06-08,43.2,43.32,40.84,41.4,6970038,0
2017-06-09,40.6,46.32,39.72,42.56,15141324,0
2017-06-12,43.68,45.829,43.2,43.6,12592845,0
2017-06-13,41.68,42.08,40.36,40.56,7325415,0
2017-06-14,40.52,41.84,39.92,40.2,10849552,0
2017-06-15,43.4,43.6,40.48,41.24,10653272,0
2017-06-16,40.48,42,40.28,40.44,6797877,0
2017-06-19,38.96,39.08,37.48,37.88,7361639,0
2017-06-20,38.76,40.32,38.52,40.04,8354721,0
2017-06-21,38.6,40.04,38.2,39.2,7729295,0
2017-06-22,39.12,39.6,38.08,38.52,4606706,0
2017-06-23,38.4,38.96,37.6,37.68,4950635,0
2017-06-26,36.68,37.48,36,36.12,6787261,0
2017-06-27,36.44,38.6,35.64,38.52,11054206,0
2017-06-28,37.2,38,35.96,36.24,6713506,0
2017-06-29,36.44,47.16,36.28,39.96,28661374,0
2017-06-30,38.08,41.44,37.48,38.96,12304912,0
2017-07-03,37.6,40,37.2,40,5591600,0
2017-07-05,39.36,42.16,38.8,39.84,11665411,0
2017-07-06,41.28,44.52,40.9,43.8,14867080,0
2017-07-07,42.12,42.92,40.673,40.84,7393870,0
2017-07-10,40.64,40.84,38.16,38.88,7547499,0
2017-07-11,39.08,42.28,38.16,38.56,10627349,0
2017-07-12,37.2,37.32,36.08,36.36,7262288,0
2017-07-13,36.36,36.4,35.36,35.6,6082373,0
2017-07-14,35.6,35.64,33.8,34.24,7521453,0
2017-07-17,32.98,33.14,32.26,32.46,14492805,0
2017-07-18,33.18,33.78,31.61,31.66,19058495,0
2017-07-19,31.05,31.19,30.29,30.9,14767014,0
2017-07-20,30.5,31.57,30.31,30.42,17980882,0
2017-07-21,30.71,30.99,29.77,29.79,16473831,0
2017-07-24,29.64,29.69,28.52,28.7,12736619,0
2017-07-25,28.62,29.25,28.44,29.04,11672922,0
2017-07-26,28.66,29.24,28.2,29.11,11133284,0
2017-07-27,28.6,32.84,28.57,29.56,38780556,0
2017-07-28,30.82,31.72,30,30.19,26159314,0
2017-07-31,29.31,30.45,29.22,29.78,18798936,0
2017-08-01,29,29.48,28.69,28.96,15606243,0
2017-08-02,28.69,30.4,28.62,29.28,29863236,0
2017-08-03,29.39,30.25,29.3,30.02,19639895,0
2017-08-04,29.68,29.98,29.02,29.79,19731514,0
2017-08-07,29.65,29.81,29.02,29.04,9973180,0
2017-08-08,29.07,31.48,28.25,30.71,33596080,0
2017-08-09,32.34,34.1,31.01,32.3,43353849,0
2017-08-10,33.99,41.31,33.97,40.93,69732179,0
2017-08-11,41.3,45.62,38.61,43.09,50908051,0
2017-08-14,36.34,36.39,31.57,31.69,26076311,0
2017-08-15,30.04,32.47,30,31.23,24507297,0
2017-08-16,31.26,31.7281,30.29,30.87,33772035,0
2017-08-17,32.39,41.15,31.57,41.15,80235200,0
2017-08-18,38.87,41.56,35.1504,38.97,60273484,0
2017-08-21,38.34,40.18,35.65,35.87,30471706,0
2017-08-22,33.72,33.85,30.38,30.62,23065894,0
2017-08-23,33.04,33.489,30.6,31.09,29555856,0
2017-08-24,30.73,34.1011,30.31,32.74,40492851,0
2017-08-25,31.62,32.27,30.63,30.88,29406700,0
2017-08-28,30.11,31.66,30.06,30.4,24725120,0
2017-08-29,34.9,35.19,30.91,31.19,37054099,0
2017-08-30,31.03,31.56,30.39,30.81,18048356,0
2017-08-31,30.36,30.53,28.96,29.14,23971540,0
2017-09-01,28.53,29.11,28.36,28.94,15648176,0
2017-09-05,30.96,34.66,29.86,32.1,55203264,0
2017-09-06,30.8,32.3,30.5,30.65,28207001,0
2017-09-07,30.68,31.63,29.9,30.41,28097728,0
2017-09-08,31.15,32.26,30.9,31.83,23635822,0
2017-09-11,29.53,29.54,27.86,28.21,24973500,0
2017-09-12,27.55,27.87,26.8,26.8,17808172,0
2017-09-13,26.82,26.82,24.83,24.89,21109993,0
2017-09-14,25.54,25.74,24.86,25.6,17078738,0
2017-09-15,25.34,25.37,24.56,24.69,15999856,0
2017-09-18,23.93,24.01,22.12,22.51,23708782,0
2017-09-19,22.52,23.15,22.47,22.58,14711683,0
2017-09-20,22.74,24.33,22.33,22.61,27523595,0
2017-09-21,22.5,23.11,22.31,22.58,20080371,0
2017-09-22,23.41,23.69,22.55,22.87,18999886,0
2017-09-25,23,24.3,22.37,22.85,34953253,0
2017-09-26,22.6,23.14,22.13,22.36,21134975,0
2017-09-27,21.9,22.49,21.66,22.04,19082530,0
2017-09-28,22.21,22.29,21.38,21.45,15896576,0
2017-09-29,21.39,21.679,20.5,20.6,18503800,0
2017-10-02,20.36,20.38,19.41,19.78,19237283,0
2017-10-03,19.4,19.81,19.32,19.61,12125645,0
2017-10-04,19.72,20,19.52,19.75,12957065,0
2017-10-05,19.49,19.49,18.33,18.41,21277238,0
2017-10-06,18.57,19.36,18.42,18.42,21007380,0
2017-10-09,18.3775,19.533,18.29,19.18,16344631,0
2017-10-10,18.52,19.2,18.19,18.34,22518033,0
2017-10-11,18.24,18.49,17.46,17.55,19992188,0
2017-10-12,17.63,17.93,16.98,17.36,22416126,0
2017-10-13,16.94,17.08,16.4,16.72,22441427,0
2017-10-16,16.39,16.62,16.08,16.14,16504973,0
2017-10-17,16.22,16.54,16.06,16.22,18088066,0
2017-10-18,16.02,16.13,15.83,16.07,14556837,0
2017-10-19,17.11,17.46,15.78,15.83,36051769,0
2017-10-20,15.3,15.5,15.18,15.26,14979264,0
2017-10-23,15.05,16.55,15.02,16.24,27281297,0
2017-10-24,15.64,16.73,15.45,16.56,31850106,0
2017-10-25,16.92,19.98,16.79,17.65,85056651,0
2017-10-26,17.06,17.58,16.691,17.55,38824832,0
2017-10-27,16.68,17.23,15.46,15.62,30579085,0
2017-10-30,16.03,16.64,15.31,15.85,32448024,0
2017-10-31,15.57,15.795,15.19,15.32,20268028,0
2017-11-01,14.99,15.79,14.92,15.45,27828196,0
2017-11-02,15.45,16.39,15.07,15.13,38050897,0
2017-11-03,14.97,15.37,14.85,15.04,25551286,0
2017-11-06,15,15.04,14.73,14.76,13486219,0
2017-11-07,14.75,14.94,14.56,14.92,27707144,0
2017-11-08,15.18,15.41,14.62,14.97,22111272,0
2017-11-09,16.11,17.05,15.32,15.36,69425839,0
2017-11-10,15.7,16.28,15.5316,16.06,30944666,0
