Date,Open,High,Low,Close,Volume,OpenInt
2010-06-07,17.812,17.812,17.812,17.812,100,0
2010-06-08,17.831,17.831,17.812,17.831,2152,0
2010-06-09,17.831,17.831,17.812,17.812,842,0
2010-06-10,17.786,17.786,17.786,17.786,689,0
2010-06-11,17.668,17.724,17.668,17.724,9307,0
2010-06-15,17.812,17.812,17.786,17.786,5129,0
2010-06-16,17.724,17.732,17.724,17.724,6339,0
2010-06-17,17.795,17.831,17.795,17.831,15891,0
2010-06-18,17.877,17.877,17.877,17.877,996,0
2010-06-21,17.859,17.877,17.859,17.877,5336,0
2010-06-22,17.859,17.868,17.859,17.868,9652,0
2010-06-23,17.997,17.997,17.988,17.988,1928,0
2010-06-24,18.041,18.041,17.979,18.033,13195,0
2010-06-25,18.005,18.033,18.005,18.033,1127,0
2010-06-28,18.06,18.069,18.06,18.069,10011,0
2010-06-29,18.167,18.167,18.167,18.167,3159,0
2010-06-30,18.177,18.177,18.168,18.177,3885,0
2010-07-01,18.23,18.23,18.23,18.23,145,0
2010-07-02,18.185,18.185,18.176,18.176,1245,0
2010-07-06,18.078,18.095,18.078,18.095,1615,0
2010-07-08,18.176,18.212,18.176,18.212,10259,0
2010-07-09,18.139,18.139,18.086,18.086,1088,0
2010-07-12,18.157,18.176,18.157,18.157,6109,0
2010-07-14,18.176,18.203,18.176,18.194,13450,0
2010-07-15,18.265,18.265,18.248,18.265,5030,0
2010-07-16,18.31,18.392,18.301,18.383,14280,0
2010-07-19,18.409,18.417,18.409,18.417,5039,0
2010-07-20,18.401,18.401,18.401,18.401,3655,0
2010-07-21,18.417,18.463,18.417,18.435,7479,0
2010-07-22,18.463,18.471,18.435,18.471,12076,0
2010-07-23,18.435,18.453,18.417,18.417,36774,0
2010-07-26,18.365,18.463,18.365,18.383,13879,0
2010-07-27,18.392,18.444,18.383,18.401,5491,0
2010-07-28,18.426,18.453,18.426,18.435,10339,0
2010-07-29,18.489,18.533,18.489,18.489,5674,0
2010-07-30,18.541,18.541,18.498,18.507,7028,0
2010-08-02,18.549,18.593,18.489,18.549,16329,0
2010-08-03,18.489,18.489,18.479,18.489,4602,0
2010-08-04,18.541,18.541,18.515,18.533,3210,0
2010-08-05,18.498,18.558,18.498,18.558,24582,0
2010-08-06,18.549,18.549,18.541,18.549,9400,0
2010-08-09,18.618,18.618,18.609,18.609,5674,0
2010-08-10,18.584,18.677,18.584,18.668,7926,0
2010-08-11,18.687,18.704,18.668,18.677,25508,0
2010-08-12,18.704,18.704,18.687,18.696,2753,0
2010-08-13,18.635,18.687,18.635,18.687,3519,0
2010-08-16,18.798,18.798,18.754,18.754,2402,0
2010-08-17,18.814,18.814,18.805,18.805,3863,0
2010-08-18,18.772,18.772,18.746,18.763,1709,0
2010-08-19,18.763,18.79,18.763,18.79,8050,0
2010-08-20,18.814,18.832,18.814,18.824,7795,0
2010-08-23,18.79,18.79,18.772,18.772,211,0
2010-08-24,18.832,18.832,18.781,18.824,8147,0
2010-08-25,18.868,18.868,18.824,18.824,10782,0
2010-08-26,18.832,18.832,18.814,18.814,2750,0
2010-08-27,18.798,18.798,18.763,18.781,27120,0
2010-08-30,18.737,18.746,18.737,18.746,11236,0
2010-08-31,18.808,18.808,18.783,18.808,7139,0
2010-09-01,18.798,18.798,18.754,18.754,6808,0
2010-09-03,18.609,18.609,18.609,18.609,2740,0
2010-09-07,18.642,18.677,18.642,18.66,31702,0
2010-09-08,18.746,18.746,18.737,18.737,15234,0
2010-09-09,18.696,18.696,18.696,18.696,341,0
2010-09-10,18.609,18.609,18.609,18.609,2125,0
2010-09-13,18.609,18.609,18.609,18.609,2185,0
2010-09-14,18.704,18.704,18.704,18.704,1127,0
2010-09-15,18.763,18.763,18.737,18.737,3932,0
2010-09-16,18.696,18.711,18.677,18.696,14837,0
2010-09-17,18.668,18.677,18.66,18.677,11329,0
2010-09-20,18.79,18.79,18.72,18.729,10833,0
2010-09-21,18.746,18.814,18.746,18.798,22376,0
2010-09-22,18.877,18.941,18.877,18.914,3461,0
2010-09-23,18.933,18.933,18.896,18.914,11878,0
2010-09-24,18.886,18.886,18.886,18.886,4568,0
2010-09-27,18.859,18.868,18.859,18.868,6062,0
2010-09-28,18.886,18.949,18.886,18.949,8225,0
2010-09-29,19.003,19.003,18.994,18.994,8178,0
2010-09-30,18.96,18.96,18.906,18.951,7926,0
2010-10-01,18.914,18.923,18.914,18.923,770,0
2010-10-04,18.905,18.905,18.896,18.896,4072,0
2010-10-05,18.905,19.048,18.905,18.941,9525,0
2010-10-06,19.021,19.048,19.021,19.04,9409,0
2010-10-07,19.154,19.154,19.136,19.136,3387,0
2010-10-08,19.109,19.109,19.109,19.109,101,0
2010-10-11,19.189,19.208,19.18,19.189,8097,0
2010-10-12,19.144,19.144,19.091,19.091,1937,0
2010-10-13,19.189,19.189,19.073,19.073,20271,0
2010-10-14,19.065,19.091,19.012,19.021,9897,0
2010-10-15,19.021,19.021,18.933,18.949,3922,0
2010-10-18,18.914,18.914,18.896,18.896,1705,0
2010-10-19,18.933,18.933,18.933,18.933,5674,0
2010-10-20,18.985,18.994,18.967,18.967,1212,0
2010-10-21,18.976,18.985,18.933,18.958,7101,0
2010-10-22,18.933,18.933,18.933,18.933,1251,0
2010-10-25,18.933,18.958,18.905,18.941,5541,0
2010-10-26,18.949,18.949,18.949,18.949,580,0
2010-10-27,18.905,18.905,18.849,18.905,4504,0
2010-10-28,18.905,18.905,18.905,18.905,1112,0
2010-10-29,18.931,18.931,18.931,18.931,580,0
2010-11-01,19.04,19.04,19.003,19.012,1169,0
2010-11-03,19.021,19.021,19.021,19.021,302,0
2010-11-04,19.082,19.082,19.04,19.04,11652,0
2010-11-05,19.162,19.162,19.118,19.118,6419,0
2010-11-08,19.1,19.1,19.1,19.1,252,0
2010-11-09,19.109,19.109,19.109,19.109,2273,0
2010-11-10,18.976,19.021,18.967,19.021,6584,0
2010-11-11,18.914,19.04,18.896,18.933,5662,0
2010-11-12,18.994,19.012,18.994,19.012,2679,0
2010-11-15,18.79,18.79,18.746,18.746,357,0
2010-11-16,18.696,18.729,18.66,18.729,6156,0
2010-11-17,18.754,18.754,18.754,18.754,2037,0
2010-11-18,18.704,18.704,18.65,18.65,3352,0
2010-11-19,18.677,18.696,18.677,18.696,3519,0
2010-11-22,18.754,18.814,18.754,18.814,2283,0
2010-11-23,18.905,18.905,18.905,18.905,800,0
2010-11-24,18.711,18.711,18.65,18.65,3035,0
2010-11-26,18.628,18.668,18.628,18.668,5281,0
2010-11-29,18.772,18.781,18.763,18.772,7566,0
2010-11-30,18.749,18.808,18.749,18.765,82989,0
2010-12-01,18.635,18.668,18.635,18.668,16091,0
2010-12-02,18.479,18.541,18.479,18.498,10919,0
2010-12-03,18.635,18.635,18.549,18.584,12881,0
2010-12-06,18.609,18.635,18.541,18.635,4903,0
2010-12-07,18.549,18.549,18.549,18.549,2780,0
2010-12-08,18.348,18.348,18.31,18.329,8230,0
2010-12-09,18.401,18.401,18.357,18.401,691,0
2010-12-10,18.417,18.417,18.374,18.374,4760,0
2010-12-13,18.329,18.401,18.329,18.348,1594,0
2010-12-14,18.248,18.274,18.248,18.274,463,0
2010-12-15,18.157,18.185,18.157,18.185,1425,0
2010-12-16,18.211,18.211,18.184,18.184,2515,0
2010-12-17,18.238,18.32,18.238,18.32,1812,0
2010-12-20,18.453,18.453,18.453,18.453,2611,0
2010-12-21,18.426,18.444,18.392,18.444,5260,0
2010-12-22,18.471,18.479,18.435,18.435,2741,0
2010-12-23,18.374,18.383,18.348,18.383,4481,0
2010-12-27,18.365,18.365,18.365,18.365,580,0
2010-12-28,18.357,18.383,18.357,18.357,6078,0
2010-12-29,18.257,18.422,18.257,18.386,1106,0
2010-12-30,18.449,18.449,18.422,18.422,1815,0
2010-12-31,18.516,18.569,18.443,18.569,59294,0
2011-01-03,18.274,18.471,18.274,18.471,6342,0
2011-01-04,18.515,18.558,18.498,18.549,41739,0
2011-01-05,18.471,18.498,18.426,18.453,953066,0
2011-01-06,18.453,18.479,18.444,18.479,4315,0
2011-01-07,18.567,18.584,18.541,18.575,6781,0
2011-01-10,18.609,18.609,18.549,18.601,2929,0
2011-01-11,18.601,18.609,18.558,18.567,46089,0
2011-01-12,18.498,18.541,18.463,18.541,31426,0
2011-01-13,18.549,18.609,18.541,18.609,12789,0
2011-01-14,18.66,18.668,18.593,18.609,20459,0
2011-01-18,18.575,18.584,18.515,18.558,47089,0
2011-01-19,18.567,18.567,18.524,18.567,2916,0
2011-01-20,18.524,18.524,18.463,18.498,2627,0
2011-01-21,18.524,18.533,18.515,18.533,7865,0
2011-01-24,18.524,18.575,18.524,18.575,6434,0
2011-01-25,18.609,18.642,18.584,18.635,15584,0
2011-01-26,18.609,18.609,18.549,18.575,9718,0
2011-01-27,18.515,18.533,18.479,18.533,19641,0
2011-01-28,18.558,18.65,18.541,18.65,9307,0
2011-01-31,18.655,18.673,18.613,18.63,8537,0
2011-02-01,18.549,18.558,18.515,18.549,3599,0
2011-02-02,18.498,18.524,18.426,18.479,12385,0
2011-02-03,18.435,18.444,18.392,18.435,4673,0
2011-02-04,18.383,18.392,18.194,18.348,27904,0
2011-02-07,18.31,18.329,18.31,18.329,8393,0
2011-02-08,18.348,18.365,18.292,18.292,87382,0
2011-02-09,18.31,18.374,18.301,18.32,16395,0
2011-02-10,18.329,18.329,18.265,18.283,9675,0
2011-02-11,18.31,18.374,18.31,18.374,12214,0
2011-02-14,18.417,18.435,18.365,18.365,7635,0
2011-02-15,18.426,18.453,18.401,18.453,9027,0
2011-02-16,18.453,18.453,18.383,18.426,9892,0
2011-02-17,18.444,18.463,18.444,18.453,16922,0
2011-02-18,18.453,18.489,18.453,18.489,25491,0
2011-02-22,18.515,18.533,18.489,18.533,15995,0
2011-02-23,18.628,18.677,18.601,18.618,55123,0
2011-02-24,18.567,18.593,18.567,18.575,8365,0
2011-02-25,18.584,18.601,18.575,18.601,12718,0
2011-02-28,18.625,18.633,18.616,18.616,12408,0
2011-03-01,18.593,18.609,18.575,18.583,12211,0
2011-03-02,18.558,18.601,18.558,18.575,26390,0
2011-03-03,18.479,18.515,18.47,18.506,9941,0
2011-03-04,18.533,18.583,18.533,18.575,15413,0
2011-03-07,18.583,18.601,18.583,18.593,6073,0
2011-03-08,18.593,18.593,18.524,18.593,11292,0
2011-03-09,18.601,18.618,18.558,18.618,17992,0
2011-03-10,18.668,18.738,18.651,18.738,23326,0
2011-03-11,18.729,18.737,18.729,18.737,6714,0
2011-03-14,18.729,18.772,18.729,18.763,20160,0
2011-03-15,18.781,18.805,18.781,18.781,7807,0
2011-03-16,18.772,18.798,18.747,18.798,10507,0
2011-03-17,18.814,18.868,18.814,18.868,20814,0
2011-03-18,18.833,18.86,18.781,18.841,30478,0
2011-03-21,18.798,18.798,18.763,18.79,5695,0
2011-03-22,18.747,18.755,18.747,18.755,15611,0
2011-03-23,18.755,18.755,18.711,18.755,11134,0
2011-03-24,18.704,18.704,18.696,18.696,12556,0
2011-03-25,18.651,18.66,18.618,18.628,7327,0
2011-03-28,18.66,18.66,18.549,18.609,16144,0
2011-03-29,18.593,18.593,18.583,18.583,3151,0
2011-03-30,18.583,18.601,18.541,18.593,19063,0
2011-03-31,18.638,18.638,18.551,18.577,13648,0
2011-04-01,18.593,18.635,18.567,18.609,8124,0
2011-04-04,18.651,18.651,18.593,18.642,11094,0
2011-04-05,18.629,18.629,18.576,18.593,10289,0
2011-04-06,18.628,18.628,18.488,18.567,12510,0
2011-04-07,18.61,18.61,18.558,18.558,12580,0
2011-04-08,18.593,18.635,18.549,18.609,23285,0
2011-04-11,18.549,18.575,18.425,18.479,1503115,0
2011-04-12,18.619,18.619,18.524,18.584,12761,0
2011-04-13,18.47,18.609,18.47,18.609,5232,0
2011-04-14,18.609,18.668,18.567,18.583,9595,0
2011-04-15,18.652,18.679,18.619,18.669,7308,0
2011-04-18,18.635,18.678,18.635,18.66,9252,0
2011-04-19,18.705,18.773,18.705,18.721,6260,0
2011-04-20,18.755,18.755,18.678,18.687,7047,0
2011-04-21,18.749,18.749,18.669,18.688,17962,0
2011-04-25,18.738,18.816,18.696,18.721,11523,0
2011-04-26,18.881,18.881,18.757,18.791,15469,0
2011-04-27,18.843,18.843,18.73,18.808,9024,0
2011-04-28,18.918,18.918,18.791,18.843,25191,0
2011-04-29,18.971,18.971,18.824,18.888,16407,0
2011-05-02,18.89,18.999,18.881,18.918,41408,0
2011-05-03,18.934,18.96,18.887,18.905,20424,0
2011-05-04,18.98,18.99,18.899,18.962,13464,0
2011-05-05,19.014,19.014,18.95,18.968,40157,0
2011-05-06,18.962,19.044,18.962,18.999,14936,0
2011-05-09,19.026,19.026,19.007,19.016,16854,0
2011-05-10,19.007,19.044,18.971,18.971,20837,0
2011-05-11,18.968,18.996,18.924,18.996,10587,0
2011-05-12,19.016,19.026,18.98,19.007,11833,0
2011-05-13,18.927,19.053,18.927,19.053,1670,0
2011-05-16,19.016,19.035,18.953,19.026,38430,0
2011-05-17,19.062,19.186,19.026,19.053,10902,0
2011-05-18,19.035,19.062,18.99,19.026,15496,0
2011-05-19,18.971,19.044,18.936,19.016,5500,0
2011-05-20,19.023,19.051,19.014,19.014,7111,0
2011-05-23,19.079,19.087,19.026,19.053,16495,0
2011-05-24,19.07,19.07,19.007,19.062,12088,0
2011-05-25,19.062,19.087,19.035,19.087,2785,0
2011-05-26,19.079,19.124,19.062,19.124,12783,0
2011-05-27,19.121,19.166,19.121,19.158,12934,0
2011-05-31,19.148,19.212,19.13,19.212,5109,0
2011-06-01,19.247,19.303,19.221,19.238,6558,0
2011-06-02,19.257,19.257,19.148,19.148,11194,0
2011-06-03,19.193,19.257,19.14,19.193,12807,0
2011-06-06,19.176,19.221,19.148,19.158,15276,0
2011-06-07,19.206,19.297,19.196,19.269,29384,0
2011-06-08,19.251,19.325,19.215,19.251,32242,0
2011-06-09,19.259,19.278,19.16,19.206,18875,0
2011-06-10,19.166,19.247,19.166,19.184,13223,0
2011-06-13,19.166,19.184,19.121,19.166,13789,0
2011-06-14,19.033,19.085,19.033,19.033,19371,0
2011-06-15,19.121,19.193,19.042,19.158,48061,0
2011-06-16,19.178,19.206,19.124,19.169,36870,0
2011-06-17,19.196,19.225,19.169,19.206,7768,0
2011-06-20,19.202,19.221,19.158,19.193,4713,0
2011-06-21,19.257,19.257,19.148,19.202,21066,0
2011-06-22,19.257,19.416,19.158,19.184,17422,0
2011-06-23,19.196,19.241,19.169,19.225,8733,0
2011-06-24,19.152,19.287,19.152,19.287,6370,0
2011-06-27,19.269,19.269,19.178,19.215,28767,0
2011-06-28,19.187,19.206,19.088,19.088,22496,0
2011-06-29,19.06,19.068,18.996,19.023,9234,0
2011-06-30,19.009,19.108,18.971,19.027,19339,0
2011-07-01,19.096,19.096,18.944,18.944,5060,0
2011-07-05,19.088,19.088,19.063,19.063,9363,0
2011-07-06,19.087,19.095,19.052,19.062,7655,0
2011-07-07,19.142,19.142,19.063,19.088,31612,0
2011-07-08,19.142,19.288,19.142,19.216,27940,0
2011-07-11,19.259,19.297,19.225,19.269,37862,0
2011-07-12,19.307,19.316,19.26,19.316,15197,0
2011-07-13,19.316,19.333,19.316,19.333,7826,0
2011-07-14,19.387,19.387,19.278,19.278,15757,0
2011-07-15,19.269,19.269,19.269,19.269,11777,0
2011-07-18,19.269,19.278,19.241,19.278,5998,0
2011-07-19,19.269,19.278,19.232,19.278,19703,0
2011-07-20,19.316,19.316,19.232,19.278,8282,0
2011-07-21,19.316,19.316,19.178,19.241,5865,0
2011-07-22,19.325,19.352,19.288,19.288,7523,0
2011-07-25,19.259,19.342,19.259,19.287,24006,0
2011-07-26,19.325,19.342,19.259,19.334,21883,0
2011-07-27,19.342,19.342,19.297,19.316,4126,0
2011-07-28,19.334,19.361,19.288,19.352,8567,0
2011-07-29,19.439,19.439,19.386,19.439,8557,0
2011-08-01,19.566,19.656,19.542,19.602,15540,0
2011-08-02,19.655,19.665,19.574,19.645,8400,0
2011-08-03,19.612,19.647,19.575,19.575,7265,0
2011-08-04,19.613,19.647,19.576,19.595,12722,0
2011-08-05,19.558,19.585,19.431,19.506,12747,0
2011-08-08,19.468,19.487,19.298,19.431,7427,0
2011-08-09,19.431,19.637,19.361,19.549,25811,0
2011-08-10,19.637,19.637,19.566,19.566,10235,0
2011-08-11,19.343,19.558,19.298,19.298,7453,0
2011-08-12,19.487,19.558,19.468,19.478,3486,0
2011-08-15,19.325,19.558,19.325,19.468,11003,0
2011-08-16,19.298,19.497,19.298,19.497,12912,0
2011-08-17,19.558,19.558,19.37,19.497,10850,0
2011-08-18,19.549,19.549,19.361,19.404,8393,0
2011-08-19,19.297,19.361,19.297,19.361,2445,0
2011-08-22,19.269,19.404,19.269,19.325,25997,0
2011-08-23,19.288,19.307,19.242,19.26,14308,0
2011-08-24,19.125,19.288,19.106,19.16,11833,0
2011-08-25,19.269,19.278,19.152,19.269,3873,0
2011-08-26,19.206,19.307,19.206,19.241,9325,0
2011-08-29,19.152,19.307,19.152,19.278,17516,0
2011-08-30,19.233,19.387,19.233,19.37,8070,0
2011-08-31,19.348,19.446,19.264,19.384,6001,0
2011-09-01,19.334,19.487,19.334,19.431,13722,0
2011-09-02,19.446,19.466,19.427,19.466,4723,0
2011-09-06,19.485,19.485,19.385,19.428,8195,0
2011-09-07,19.485,19.547,19.393,19.466,10234,0
2011-09-08,19.513,19.513,19.393,19.419,13937,0
2011-09-09,19.487,19.487,19.421,19.421,8593,0
2011-09-12,19.361,19.431,19.334,19.334,20881,0
2011-09-13,19.316,19.352,19.288,19.342,19908,0
2011-09-14,19.396,19.396,19.288,19.297,16401,0
2011-09-15,19.278,19.316,19.232,19.232,19260,0
2011-09-16,19.275,19.41,19.184,19.313,87283,0
2011-09-19,19.342,19.352,19.325,19.334,18768,0
2011-09-20,19.278,19.37,19.278,19.352,19949,0
2011-09-21,19.278,19.37,19.215,19.215,9232,0
2011-09-22,19.215,19.225,19.159,19.196,19950,0
2011-09-23,19.148,19.148,19.083,19.083,12513,0
2011-09-26,19.288,19.288,18.961,19.062,220568,0
2011-09-27,19.025,19.078,18.943,19.07,12037,0
2011-09-28,19.034,19.034,18.897,18.969,14018,0
2011-09-29,19.052,19.052,18.969,18.998,11767,0
2011-09-30,18.996,18.996,18.923,18.949,13380,0
2011-10-03,18.948,19.002,18.911,18.921,9115,0
2011-10-04,18.911,18.939,18.765,18.818,22599,0
2011-10-05,18.873,18.873,18.783,18.8,11845,0
2011-10-06,18.775,19.822,18.757,18.835,74526,0
2011-10-07,18.766,18.855,18.766,18.836,10645,0
2011-10-10,18.688,18.758,18.66,18.713,5130,0
2011-10-11,18.766,18.784,18.758,18.784,31377,0
2011-10-12,18.836,18.883,18.749,18.874,9013,0
2011-10-13,18.784,18.921,18.784,18.911,8456,0
2011-10-14,18.827,18.921,18.827,18.921,3189,0
2011-10-17,18.855,19.04,18.855,18.957,5862,0
2011-10-18,19.002,19.049,18.965,18.965,16790,0
2011-10-19,19.139,19.139,19.031,19.031,18945,0
2011-10-20,19.13,19.222,19.049,19.13,19481,0
2011-10-21,19.13,19.222,19.075,19.157,12614,0
2011-10-24,19.257,19.275,19.166,19.212,2461,0
2011-10-25,19.21,19.256,19.137,19.246,37974,0
2011-10-26,19.285,19.331,19.285,19.322,8255,0
2011-10-27,19.428,19.428,19.294,19.367,13316,0
2011-10-28,19.359,19.411,19.35,19.359,14417,0
2011-10-31,19.417,19.427,19.383,19.427,5800,0
2011-11-01,19.409,19.418,19.357,19.393,6055,0
2011-11-02,19.42,19.549,19.42,19.549,10656,0
2011-11-03,19.522,19.547,19.466,19.54,4057,0
2011-11-04,19.494,19.547,19.494,19.54,15027,0
2011-11-07,19.533,19.549,19.486,19.523,15781,0
2011-11-08,19.541,19.541,19.458,19.496,21097,0
2011-11-09,19.456,19.466,19.409,19.418,20194,0
2011-11-10,19.418,19.466,19.367,19.418,56412,0
2011-11-11,19.377,19.448,19.359,19.402,16569,0
2011-11-14,19.42,19.439,19.394,19.402,15279,0
2011-11-15,19.386,19.386,19.295,19.323,18503,0
2011-11-16,19.35,19.35,19.295,19.323,9406,0
2011-11-17,19.285,19.285,19.212,19.231,18923,0
2011-11-18,19.302,19.302,19.155,19.229,20235,0
2011-11-21,19.176,19.176,19.066,19.075,17726,0
2011-11-22,19.066,19.121,18.984,19.121,2884,0
2011-11-23,18.965,19.021,18.902,19.002,28511,0
2011-11-28,19.012,19.075,18.974,19.066,21970,0
2011-11-29,18.939,19.04,18.939,18.993,15929,0
2011-11-30,19.062,19.106,19.014,19.088,28759,0
2011-12-01,18.953,19.081,18.953,19.081,13094,0
2011-12-02,19.137,19.2,19.118,19.137,64602,0
2011-12-05,19.173,19.229,19.127,19.229,15411,0
2011-12-06,19.173,19.22,19.118,19.2,7665,0
2011-12-07,19.2,19.246,19.173,19.246,23265,0
2011-12-08,19.21,19.237,19.2,19.237,46667,0
2011-12-09,19.246,19.264,19.22,19.229,35986,0
2011-12-12,19.22,19.229,19.191,19.2,21348,0
2011-12-13,19.2,19.283,19.2,19.246,30822,0
2011-12-14,19.21,19.256,19.2,19.21,18776,0
2011-12-15,19.237,19.274,19.21,19.274,5520,0
2011-12-16,19.256,19.293,19.246,19.264,14802,0
2011-12-19,19.256,19.293,19.256,19.264,4074,0
2011-12-20,19.246,19.321,19.246,19.321,18010,0
2011-12-21,19.246,19.246,19.191,19.21,40010,0
2011-12-22,19.229,19.256,19.2,19.237,53637,0
2011-12-23,19.21,19.229,19.118,19.173,24677,0
2011-12-27,19.173,19.246,19.173,19.22,16016,0
2011-12-28,19.145,19.264,19.145,19.256,37565,0
2011-12-29,19.22,19.264,19.173,19.246,23524,0
2011-12-30,19.302,19.349,19.273,19.331,29395,0
2012-01-03,19.339,19.367,19.283,19.321,65400,0
2012-01-04,19.312,19.357,19.264,19.348,52157,0
2012-01-05,19.33,19.357,19.274,19.339,72848,0
2012-01-06,19.348,19.401,19.339,19.339,14248,0
2012-01-09,19.418,19.437,19.339,19.427,18619,0
2012-01-10,19.437,19.466,19.393,19.427,41002,0
2012-01-11,19.476,19.505,19.419,19.495,57945,0
2012-01-12,19.457,19.514,19.457,19.485,15688,0
2012-01-13,19.504,19.557,19.484,19.54,66457,0
2012-01-17,19.613,19.613,19.533,19.576,51613,0
2012-01-18,19.611,19.62,19.574,19.601,71516,0
2012-01-19,19.674,19.674,19.62,19.627,61173,0
2012-01-20,19.636,19.655,19.627,19.636,57687,0
2012-01-23,19.611,19.62,19.574,19.62,53581,0
2012-01-24,19.627,19.627,19.593,19.601,8789,0
2012-01-25,19.683,19.758,19.593,19.758,67665,0
2012-01-26,19.821,19.821,19.776,19.802,14555,0
2012-01-27,19.814,19.842,19.804,19.833,23736,0
2012-01-30,19.84,19.84,19.785,19.812,68299,0
2012-01-31,19.835,19.845,19.788,19.845,25346,0
2012-02-01,19.925,19.925,19.814,19.906,90924,0
2012-02-02,19.887,19.99,19.869,19.916,15506,0
2012-02-03,19.935,19.998,19.925,19.953,41011,0
2012-02-06,19.981,20.027,19.935,20.027,25527,0
2012-02-07,19.954,19.982,19.946,19.973,44965,0
2012-02-08,19.982,20,19.973,19.973,199099,0
2012-02-09,19.964,19.982,19.946,19.964,28818,0
2012-02-10,19.944,19.998,19.944,19.99,40475,0
2012-02-13,19.944,20.037,19.944,20.008,28141,0
2012-02-14,19.962,19.998,19.953,19.962,40587,0
2012-02-15,19.981,20.027,19.981,19.99,10609,0
2012-02-16,19.972,19.972,19.916,19.953,55263,0
2012-02-17,19.935,19.972,19.925,19.972,27618,0
2012-02-21,19.935,19.972,19.925,19.953,40004,0
2012-02-22,19.944,19.953,19.925,19.953,14399,0
2012-02-23,19.935,19.981,19.925,19.972,49139,0
2012-02-24,19.973,20,19.964,19.992,76184,0
2012-02-27,20.037,20.063,19.998,20.063,56697,0
2012-02-28,20.037,20.11,20.037,20.091,31765,0
2012-02-29,20.146,20.163,20.098,20.126,51968,0
2012-03-01,20.075,20.159,20.075,20.149,38659,0
2012-03-02,20.121,20.176,20.121,20.167,30492,0
2012-03-05,20.14,20.149,20.093,20.111,37206,0
2012-03-06,20.102,20.121,20.065,20.083,68005,0
2012-03-07,20.083,20.093,20.083,20.093,14029,0
2012-03-08,20.102,20.121,20.075,20.093,36587,0
2012-03-09,20.093,20.093,20.048,20.048,25326,0
2012-03-12,20.12,20.12,20.055,20.065,37004,0
2012-03-13,20.055,20.055,20.01,20.019,26575,0
2012-03-14,20,20,19.936,19.946,16143,0
2012-03-15,19.992,20,19.973,19.992,48588,0
2012-03-16,20,20.019,19.973,20.019,92216,0
2012-03-19,19.973,19.973,19.946,19.946,22466,0
2012-03-20,19.917,19.927,19.862,19.917,43486,0
2012-03-21,19.964,20,19.954,19.992,273258,0
2012-03-22,19.992,20.01,19.973,19.982,81079,0
2012-03-23,20,20.029,19.991,20.019,14019,0
2012-03-26,20.055,20.065,20,20.038,13987,0
2012-03-27,20.065,20.093,20.055,20.093,13954,0
2012-03-28,20.075,20.075,20.038,20.055,22699,0
2012-03-29,20.083,20.083,20.01,20.055,6642,0
2012-03-30,20.076,20.076,20.039,20.048,21858,0
2012-04-02,20.102,20.14,20.093,20.111,55824,0
2012-04-03,20.125,20.125,20.014,20.014,43341,0
2012-04-04,20.06,20.06,20.033,20.05,31819,0
2012-04-05,20.05,20.079,20.043,20.06,17521,0
2012-04-09,20.14,20.14,20.093,20.111,12562,0
2012-04-10,20.275,20.275,20.083,20.102,18896,0
2012-04-11,20.149,20.149,20.083,20.111,15533,0
2012-04-12,20.14,20.14,20.048,20.102,39567,0
2012-04-13,20.176,20.176,20.075,20.083,49783,0
2012-04-16,20.14,20.14,20.038,20.102,16238,0
2012-04-17,20.155,20.155,20.089,20.116,23414,0
2012-04-18,20.14,20.14,20.121,20.14,15867,0
2012-04-19,20.14,20.167,20.14,20.149,24548,0
2012-04-20,20.144,20.154,20.144,20.154,18786,0
2012-04-23,20.159,20.159,20.13,20.159,27874,0
2012-04-24,20.167,20.167,20.13,20.159,156213,0
2012-04-25,20.121,20.149,20.121,20.149,26558,0
2012-04-26,20.185,20.201,20.149,20.185,83938,0
2012-04-27,20.206,20.215,20.188,20.215,188590,0
2012-04-30,20.214,20.252,20.214,20.252,12467,0
2012-05-01,20.281,20.281,20.207,20.226,79113,0
2012-05-02,20.253,20.253,20.225,20.244,32848,0
2012-05-03,20.254,20.281,20.246,20.272,33628,0
2012-05-04,20.299,20.308,20.28,20.289,13942,0
2012-05-07,20.289,20.289,20.28,20.289,18396,0
2012-05-08,20.299,20.308,20.28,20.28,33128,0
2012-05-09,20.291,20.32,20.281,20.291,92425,0
2012-05-10,20.272,20.272,20.236,20.272,64534,0
2012-05-11,20.225,20.271,20.225,20.271,72836,0
2012-05-14,20.271,20.299,20.234,20.244,30790,0
2012-05-15,20.261,20.261,20.197,20.215,47625,0
2012-05-16,20.171,20.215,20.162,20.188,55174,0
2012-05-17,20.107,20.125,20.107,20.115,21970,0
2012-05-18,20.06,20.079,20.033,20.069,20033,0
2012-05-21,20.043,20.069,20.004,20.05,40410,0
2012-05-22,20.05,20.06,20.004,20.05,66798,0
2012-05-23,20.06,20.088,20.014,20.033,50294,0
2012-05-24,20.043,20.043,20.014,20.014,25909,0
2012-05-25,20.005,20.051,20.005,20.044,11087,0
2012-05-29,20.05,20.06,20.043,20.043,30963,0
2012-05-30,20.079,20.088,20.043,20.06,31597,0
2012-05-31,20.085,20.094,20.029,20.066,55116,0
2012-06-01,20.051,20.116,20.051,20.089,17862,0
2012-06-04,20.089,20.089,19.995,20.024,23795,0
2012-06-05,20.05,20.059,20.003,20.042,54662,0
2012-06-06,20.059,20.059,20.022,20.042,14279,0
2012-06-07,20.042,20.134,20.022,20.134,35055,0
2012-06-08,20.146,20.146,20.089,20.126,35355,0
2012-06-11,20.116,20.19,20.108,20.182,55444,0
2012-06-12,20.126,20.126,20.08,20.098,42515,0
2012-06-13,20.116,20.136,20.08,20.136,33340,0
2012-06-14,20.098,20.136,20.098,20.116,30242,0
2012-06-15,20.172,20.182,20.136,20.182,51891,0
2012-06-18,20.198,20.198,20.163,20.198,18478,0
2012-06-19,20.182,20.254,20.155,20.182,38342,0
2012-06-20,20.226,20.263,20.172,20.236,24454,0
2012-06-21,20.155,20.263,20.155,20.254,38954,0
2012-06-22,20.235,20.235,20.181,20.235,7559,0
2012-06-25,20.236,20.281,20.236,20.272,9874,0
2012-06-26,20.207,20.263,20.207,20.226,18383,0
2012-06-27,20.207,20.263,20.207,20.263,31123,0
2012-06-28,20.291,20.291,20.263,20.291,26525,0
2012-06-29,20.314,20.342,20.266,20.314,75331,0
2012-07-02,20.374,20.409,20.319,20.393,51793,0
2012-07-03,20.311,20.395,20.311,20.385,13448,0
2012-07-05,20.395,20.43,20.395,20.43,17639,0
2012-07-06,20.419,20.447,20.419,20.437,18567,0
2012-07-09,20.455,20.484,20.437,20.455,42371,0
2012-07-10,20.455,20.484,20.455,20.484,40296,0
2012-07-11,20.493,20.493,20.428,20.455,27717,0
2012-07-12,20.419,20.475,20.409,20.465,7903,0
2012-07-13,20.494,20.53,20.439,20.494,40163,0
2012-07-16,20.556,20.565,20.528,20.546,6418,0
2012-07-17,20.583,20.591,20.537,20.575,50127,0
2012-07-18,20.527,20.647,20.527,20.63,27537,0
2012-07-19,20.601,20.666,20.601,20.637,18623,0
2012-07-20,20.649,20.659,20.613,20.659,17062,0
2012-07-23,20.637,20.637,20.61,20.63,26169,0
2012-07-24,20.63,20.647,20.611,20.638,18904,0
2012-07-25,20.63,20.637,20.61,20.62,31742,0
2012-07-26,20.565,20.656,20.565,20.656,38214,0
2012-07-27,20.586,20.603,20.568,20.594,65698,0
2012-07-30,20.666,20.703,20.583,20.693,17386,0
2012-07-31,20.721,20.721,20.664,20.702,24781,0
2012-08-01,20.706,20.792,20.687,20.706,12994,0
2012-08-02,20.733,20.761,20.555,20.611,242568,0
2012-08-03,20.639,20.678,20.603,20.668,41607,0
2012-08-06,20.706,20.763,20.687,20.725,40405,0
2012-08-07,20.694,20.733,20.684,20.733,60650,0
2012-08-08,20.716,20.725,20.649,20.678,11642,0
2012-08-09,20.639,20.706,20.613,20.706,138999,0
2012-08-10,20.706,20.735,20.706,20.725,54821,0
2012-08-13,20.735,20.744,20.716,20.744,123406,0
2012-08-14,20.716,20.735,20.623,20.716,112151,0
2012-08-15,20.678,20.687,20.649,20.659,12292,0
2012-08-16,20.603,20.687,20.603,20.659,51828,0
2012-08-17,20.62,20.713,20.62,20.675,41930,0
2012-08-20,20.696,20.725,20.678,20.706,78706,0
2012-08-21,20.696,20.725,20.687,20.725,19808,0
2012-08-22,20.753,20.802,20.696,20.802,34872,0
2012-08-23,20.811,20.82,20.802,20.82,17382,0
2012-08-24,20.79,20.8,20.771,20.78,37900,0
2012-08-27,20.811,20.811,20.792,20.811,21060,0
2012-08-28,20.802,20.811,20.782,20.811,96181,0
2012-08-29,20.809,20.818,20.771,20.818,18950,0
2012-08-30,20.818,20.836,20.8,20.827,40518,0
2012-08-31,20.836,20.908,20.818,20.908,37385,0
2012-09-04,20.874,20.891,20.838,20.866,28476,0
2012-09-05,20.883,20.891,20.856,20.883,18990,0
2012-09-06,20.883,20.891,20.856,20.883,63200,0
2012-09-07,20.963,20.972,20.908,20.944,83897,0
2012-09-10,20.954,20.972,20.954,20.963,32879,0
2012-09-11,20.925,20.954,20.925,20.925,17166,0
2012-09-12,20.899,20.918,20.89,20.918,108931,0
2012-09-13,20.908,20.988,20.908,20.98,34528,0
2012-09-14,20.955,20.982,20.945,20.982,56414,0
2012-09-17,20.972,20.998,20.944,20.988,37468,0
2012-09-18,21.06,21.06,21.007,21.042,47685,0
2012-09-19,21.07,21.07,21.033,21.06,63981,0
2012-09-20,21.06,21.07,21.024,21.042,63328,0
2012-09-21,21.034,21.081,21.008,21.081,32947,0
2012-09-24,21.05,21.079,21.042,21.079,23830,0
2012-09-25,21.042,21.079,21.015,21.07,45269,0
2012-09-26,21.032,21.088,21.032,21.079,23717,0
2012-09-27,21.079,21.098,21.032,21.088,51056,0
2012-09-28,21.022,21.134,21.022,21.125,109576,0
2012-10-01,21.137,21.176,21.072,21.176,63461,0
2012-10-02,21.164,21.184,21.108,21.184,84903,0
2012-10-03,21.155,21.194,21.069,21.194,91023,0
2012-10-04,21.194,21.212,21.184,21.203,23779,0
2012-10-05,21.214,21.214,21.196,21.204,39393,0
2012-10-08,21.204,21.24,21.204,21.24,45200,0
2012-10-09,21.204,21.224,21.186,21.204,28324,0
2012-10-10,21.176,21.214,21.176,21.214,53896,0
2012-10-11,21.167,21.224,21.167,21.214,60823,0
2012-10-12,21.186,21.249,21.137,21.224,55957,0
2012-10-15,21.176,21.259,21.176,21.259,48939,0
2012-10-16,21.186,21.259,21.186,21.259,19302,0
2012-10-17,21.24,21.305,21.214,21.249,49818,0
2012-10-18,21.259,21.267,21.196,21.259,70045,0
2012-10-19,21.257,21.257,21.222,21.257,97277,0
2012-10-22,21.196,21.224,21.157,21.204,200903,0
2012-10-23,21.176,21.214,21.1,21.204,40088,0
2012-10-24,21.196,21.232,21.137,21.137,33613,0
2012-10-25,21.167,21.176,21.11,21.176,60608,0
2012-10-26,21.203,21.222,21.203,21.212,19160,0
2012-10-31,21.233,21.251,21.178,21.251,38792,0
2012-11-01,21.257,21.257,21.238,21.257,13855,0
2012-11-02,21.284,21.284,21.212,21.212,49804,0
2012-11-05,21.274,21.284,21.238,21.257,118099,0
2012-11-06,21.249,21.249,21.186,21.224,60081,0
2012-11-07,21.286,21.286,21.214,21.24,90108,0
2012-11-08,21.249,21.259,21.176,21.249,99282,0
2012-11-09,21.247,21.257,21.203,21.222,95892,0
2012-11-12,21.212,21.238,21.164,21.238,30059,0
2012-11-13,21.257,21.257,21.212,21.247,50806,0
2012-11-14,21.184,21.247,21.184,21.23,64095,0
2012-11-15,21.145,21.23,21.135,21.222,121810,0
2012-11-16,21.204,21.224,21.186,21.224,54151,0
2012-11-19,21.222,21.222,21.184,21.203,27661,0
2012-11-20,21.203,21.212,21.164,21.184,22556,0
2012-11-21,21.194,21.194,21.155,21.194,79238,0
2012-11-23,21.196,21.196,21.137,21.186,24480,0
2012-11-26,21.203,21.212,21.126,21.194,32882,0
2012-11-27,21.203,21.222,21.145,21.203,34649,0
2012-11-28,21.174,21.23,21.145,21.184,39445,0
2012-11-29,21.203,21.238,21.203,21.238,31649,0
2012-11-30,21.251,21.261,21.233,21.261,6054,0
2012-12-03,21.224,21.249,21.204,21.249,43879,0
2012-12-04,21.246,21.265,21.193,21.265,41706,0
2012-12-05,21.276,21.296,21.249,21.296,75520,0
2012-12-06,21.296,21.296,21.224,21.276,33920,0
2012-12-07,21.267,21.286,21.24,21.276,26471,0
2012-12-10,21.204,21.296,21.204,21.286,36634,0
2012-12-11,21.267,21.276,21.232,21.232,30208,0
2012-12-12,21.276,21.286,21.224,21.267,40318,0
2012-12-13,21.249,21.249,21.204,21.224,163935,0
2012-12-14,21.249,21.249,21.186,21.24,30952,0
2012-12-17,21.224,21.232,21.118,21.127,105624,0
2012-12-18,21.147,21.214,21.137,21.147,97816,0
2012-12-19,21.196,21.214,21.176,21.204,94441,0
2012-12-20,21.224,21.232,21.204,21.224,135536,0
2012-12-21,21.224,21.232,21.196,21.214,45611,0
2012-12-24,21.214,21.214,21.118,21.118,67307,0
2012-12-26,21.204,21.224,21.186,21.186,17229,0
2012-12-27,21.232,21.25,21.215,21.25,21034,0
2012-12-28,21.26,21.307,21.232,21.277,219887,0
2012-12-31,21.258,21.275,21.222,21.248,42597,0
2013-01-02,21.268,21.354,21.25,21.297,88906,0
2013-01-03,21.297,21.297,21.25,21.25,134857,0
2013-01-04,21.26,21.287,21.225,21.287,122893,0
2013-01-07,21.287,21.287,21.232,21.287,76599,0
2013-01-08,21.297,21.315,21.232,21.26,25564,0
2013-01-09,21.313,21.313,21.257,21.304,23977,0
2013-01-10,21.304,21.304,21.274,21.294,35839,0
2013-01-11,21.277,21.297,21.26,21.297,31118,0
2013-01-14,21.26,21.297,21.26,21.287,249056,0
2013-01-15,21.297,21.325,21.268,21.325,41454,0
2013-01-16,21.315,21.315,21.277,21.307,65721,0
2013-01-17,21.268,21.277,21.187,21.26,117602,0
2013-01-18,21.266,21.284,21.247,21.266,25570,0
2013-01-22,21.26,21.307,21.241,21.297,67597,0
2013-01-23,21.308,21.308,21.242,21.289,26590,0
2013-01-24,21.297,21.307,21.241,21.297,174852,0
2013-01-25,21.257,21.294,21.222,21.238,63698,0
2013-01-28,21.212,21.247,21.212,21.238,237452,0
2013-01-29,21.229,21.257,21.184,21.222,450791,0
2013-01-30,21.222,21.222,21.144,21.212,107969,0
2013-01-31,21.23,21.23,21.194,21.213,81823,0
2013-02-01,21.274,21.284,21.203,21.203,102639,0
2013-02-04,21.174,21.257,21.174,21.257,53453,0
2013-02-05,21.242,21.252,21.234,21.252,75630,0
2013-02-06,21.27,21.27,21.226,21.27,94682,0
2013-02-07,21.261,21.289,21.261,21.27,121304,0
2013-02-08,21.27,21.289,21.234,21.289,96965,0
2013-02-11,21.304,21.304,21.247,21.247,64087,0
2013-02-12,21.266,21.266,21.222,21.247,73746,0
2013-02-13,21.222,21.247,21.193,21.229,83516,0
2013-02-14,21.266,21.266,21.222,21.266,98613,0
2013-02-15,21.261,21.279,21.234,21.242,43749,0
2013-02-19,21.274,21.313,21.247,21.266,77697,0
2013-02-20,21.261,21.299,21.226,21.289,69985,0
2013-02-21,21.313,21.313,21.266,21.284,303862,0
2013-02-22,21.337,21.337,21.279,21.299,72412,0
2013-02-25,21.313,21.351,21.274,21.332,95091,0
2013-02-26,21.369,21.369,21.351,21.361,67983,0
2013-02-27,21.382,21.382,21.346,21.382,72197,0
2013-02-28,21.38,21.38,21.343,21.353,57248,0
2013-03-01,21.382,21.392,21.356,21.392,112255,0
2013-03-04,21.382,21.402,21.346,21.382,79764,0
2013-03-05,21.388,21.388,21.323,21.362,23974,0
2013-03-06,21.37,21.37,21.333,21.352,50204,0
2013-03-07,21.352,21.352,21.305,21.333,55462,0
2013-03-08,21.299,21.308,21.279,21.308,70816,0
2013-03-11,21.317,21.317,21.252,21.308,30731,0
2013-03-12,21.317,21.337,21.261,21.337,121527,0
2013-03-13,21.356,21.356,21.308,21.327,110467,0
2013-03-14,21.337,21.346,21.299,21.346,32427,0
2013-03-15,21.352,21.378,21.352,21.37,72088,0
2013-03-18,21.372,21.402,21.299,21.356,123226,0
2013-03-19,21.382,21.392,21.365,21.372,171840,0
2013-03-20,21.402,21.402,21.356,21.392,47688,0
2013-03-21,21.43,21.43,21.356,21.402,113830,0
2013-03-22,21.407,21.407,21.362,21.398,86612,0
2013-03-25,21.372,21.411,21.346,21.402,55274,0
2013-03-26,21.382,21.402,21.372,21.402,69698,0
2013-03-27,21.417,21.426,21.388,21.417,38152,0
2013-03-28,21.407,21.407,21.378,21.398,37265,0
2013-04-01,21.417,21.426,21.398,21.407,44559,0
2013-04-02,21.417,21.417,21.37,21.389,50356,0
2013-04-03,21.378,21.473,21.378,21.445,25057,0
2013-04-04,21.389,21.473,21.389,21.437,47192,0
2013-04-05,21.501,21.501,21.445,21.481,51480,0
2013-04-08,21.445,21.501,21.445,21.481,77897,0
2013-04-09,21.521,21.521,21.465,21.465,79747,0
2013-04-10,21.466,21.492,21.446,21.466,72511,0
2013-04-11,21.473,21.481,21.426,21.473,65021,0
2013-04-12,21.512,21.512,21.456,21.512,46837,0
2013-04-15,21.511,21.511,21.473,21.501,47587,0
2013-04-16,21.445,21.491,21.436,21.465,189556,0
2013-04-17,21.473,21.492,21.473,21.473,77490,0
2013-04-18,21.465,21.501,21.455,21.491,94557,0
2013-04-19,21.492,21.502,21.482,21.492,68010,0
2013-04-22,21.512,21.522,21.492,21.512,27770,0
2013-04-23,21.531,21.531,21.512,21.522,45932,0
2013-04-24,21.502,21.522,21.502,21.522,33569,0
2013-04-25,21.522,21.522,21.482,21.522,84273,0
2013-04-26,21.54,21.558,21.522,21.558,145795,0
2013-04-29,21.627,21.627,21.54,21.568,99130,0
2013-04-30,21.559,21.569,21.551,21.559,59196,0
2013-05-01,21.597,21.597,21.578,21.588,169727,0
2013-05-02,21.605,21.605,21.548,21.585,129964,0
2013-05-03,21.531,21.578,21.531,21.55,54960,0
2013-05-06,21.54,21.558,21.522,21.54,151504,0
2013-05-07,21.519,21.538,21.489,21.499,76964,0
2013-05-08,21.529,21.538,21.529,21.529,112014,0
2013-05-09,21.548,21.555,21.509,21.529,113277,0
2013-05-10,21.522,21.522,21.437,21.466,111579,0
2013-05-13,21.437,21.482,21.437,21.466,93525,0
2013-05-14,21.502,21.502,21.407,21.446,50149,0
2013-05-15,21.466,21.482,21.466,21.482,48844,0
2013-05-16,21.531,21.54,21.502,21.531,155521,0
2013-05-17,21.529,21.529,21.463,21.48,77306,0
2013-05-20,21.466,21.512,21.466,21.502,100720,0
2013-05-21,21.512,21.512,21.466,21.512,50384,0
2013-05-22,21.512,21.522,21.427,21.456,117396,0
2013-05-23,21.466,21.473,21.437,21.466,44885,0
2013-05-24,21.463,21.463,21.424,21.463,123207,0
2013-05-28,21.453,21.453,21.368,21.376,69873,0
2013-05-29,21.353,21.353,21.286,21.343,96980,0
2013-05-30,21.35,21.359,21.292,21.321,73093,0
2013-05-31,21.291,21.367,21.243,21.281,63956,0
2013-06-03,21.274,21.331,21.228,21.282,87252,0
2013-06-04,21.258,21.324,21.24,21.286,42386,0
2013-06-05,21.306,21.315,21.248,21.248,59340,0
2013-06-06,21.231,21.306,21.231,21.276,41933,0
2013-06-07,21.274,21.292,21.228,21.264,62766,0
2013-06-10,21.228,21.245,21.161,21.181,161640,0
2013-06-11,21.037,21.21,21.037,21.21,44075,0
2013-06-12,21.201,21.219,21.132,21.181,34694,0
2013-06-13,21.201,21.228,21.151,21.228,64686,0
2013-06-14,21.267,21.286,21.248,21.276,35328,0
2013-06-17,21.292,21.292,21.237,21.255,52621,0
2013-06-18,21.24,21.267,21.24,21.258,42329,0
2013-06-19,21.255,21.255,21.027,21.094,68544,0
2013-06-20,20.937,20.984,20.866,20.866,115900,0
2013-06-21,20.968,20.995,20.85,20.94,117386,0
2013-06-24,20.75,20.847,20.654,20.77,117669,0
2013-06-25,20.821,20.876,20.773,20.83,87523,0
2013-06-26,20.904,20.904,20.85,20.894,72068,0
2013-06-27,20.949,20.949,20.904,20.949,70295,0
2013-06-28,21.004,21.058,20.978,21.039,38779,0
2013-07-01,20.949,20.978,20.904,20.968,42828,0
2013-07-02,20.948,20.977,20.893,20.967,103835,0
2013-07-03,20.981,20.981,20.934,20.963,35768,0
2013-07-05,20.876,20.886,20.83,20.83,78259,0
2013-07-08,20.83,20.894,20.83,20.894,181702,0
2013-07-09,20.923,21.004,20.894,20.904,145534,0
2013-07-10,20.94,20.94,20.894,20.94,82083,0
2013-07-11,21.03,21.068,21.013,21.048,101819,0
2013-07-12,21.021,21.068,20.995,21.021,56571,0
2013-07-15,21.004,21.058,20.995,21.058,52823,0
2013-07-16,21.067,21.077,21.057,21.067,90325,0
2013-07-17,21.129,21.149,21.101,21.129,100233,0
2013-07-18,21.145,21.155,21.115,21.145,163132,0
2013-07-19,21.154,21.154,21.134,21.144,86253,0
2013-07-22,21.125,21.184,21.125,21.125,144401,0
2013-07-23,21.184,21.184,21.135,21.184,168562,0
2013-07-24,21.174,21.174,21.097,21.135,144256,0
2013-07-25,21.097,21.125,21.058,21.115,145837,0
2013-07-26,21.134,21.144,21.087,21.114,151055,0
2013-07-29,21.115,21.165,21.088,21.145,82373,0
2013-07-30,21.134,21.144,21.106,21.124,131738,0
2013-07-31,21.124,21.134,21.067,21.124,85802,0
2013-08-01,21.149,21.159,21.052,21.072,168947,0
2013-08-02,21.183,21.239,21.114,21.183,181267,0
2013-08-05,21.183,21.203,21.174,21.193,236413,0
2013-08-06,21.179,21.189,21.169,21.179,233972,0
2013-08-07,21.164,21.212,21.144,21.193,71854,0
2013-08-08,21.212,21.212,21.183,21.203,76080,0
2013-08-09,21.203,21.222,21.193,21.212,48660,0
2013-08-12,21.212,21.23,21.193,21.212,52996,0
2013-08-13,21.183,21.183,21.134,21.134,84987,0
2013-08-14,21.144,21.154,21.114,21.144,60290,0
2013-08-15,21.096,21.096,21.038,21.087,136545,0
2013-08-16,21.087,21.106,21.021,21.057,58711,0
2013-08-19,21.057,21.067,21.012,21.057,92639,0
2013-08-20,21.062,21.072,21.043,21.072,42878,0
2013-08-21,21.077,21.077,21.012,21.021,70553,0
2013-08-22,21.024,21.024,21.007,21.016,66926,0
2013-08-23,20.998,21.034,20.963,21.024,167899,0
2013-08-26,21.024,21.062,21.024,21.043,79156,0
2013-08-27,21.062,21.072,21.024,21.072,64516,0
2013-08-28,21.062,21.062,21.024,21.034,107148,0
2013-08-29,20.963,21.072,20.963,21.062,138876,0
2013-08-30,21.146,21.195,21.116,21.116,90380,0
2013-09-03,21.024,21.043,20.998,21.034,59812,0
2013-09-04,21.034,21.062,20.998,21.007,83485,0
2013-09-05,20.972,20.981,20.897,20.916,61221,0
2013-09-06,20.943,21.007,20.943,20.981,70615,0
2013-09-09,21.034,21.034,20.972,21.016,193729,0
2013-09-10,20.998,20.998,20.953,20.972,104816,0
2013-09-11,21.016,21.034,20.934,21.007,141269,0
2013-09-12,21.043,21.062,21.007,21.034,95110,0
2013-09-13,21.034,21.052,21.024,21.052,180179,0
2013-09-16,21.092,21.101,21.034,21.043,69177,0
2013-09-17,21.092,21.139,21.092,21.119,109248,0
2013-09-18,21.111,21.338,21.072,21.319,76711,0
2013-09-19,21.262,21.281,21.235,21.253,89534,0
2013-09-20,21.253,21.272,21.226,21.262,102225,0
2013-09-23,21.262,21.281,21.226,21.272,295381,0
2013-09-24,21.291,21.309,21.281,21.301,147919,0
2013-09-25,21.319,21.338,21.272,21.338,145325,0
2013-09-26,21.301,21.329,21.281,21.309,128539,0
2013-09-27,21.319,21.338,21.281,21.319,128976,0
2013-09-30,21.369,21.445,21.369,21.436,122985,0
2013-10-01,21.315,21.325,21.268,21.315,78493,0
2013-10-02,21.325,21.363,21.307,21.363,135658,0
2013-10-03,21.335,21.363,21.325,21.354,395011,0
2013-10-04,21.354,21.354,21.325,21.325,102018,0
2013-10-07,21.344,21.363,21.307,21.335,163984,0
2013-10-08,21.335,21.335,21.315,21.325,54056,0
2013-10-09,21.344,21.344,21.307,21.335,94400,0
2013-10-10,21.335,21.344,21.307,21.335,125956,0
2013-10-11,21.354,21.354,21.325,21.344,106195,0
2013-10-14,21.363,21.363,21.325,21.354,34828,0
2013-10-15,21.354,21.363,21.315,21.344,89084,0
2013-10-16,21.354,21.401,21.315,21.371,114188,0
2013-10-17,21.401,21.43,21.391,21.42,109294,0
2013-10-18,21.458,21.475,21.458,21.458,82527,0
2013-10-21,21.467,21.467,21.42,21.448,73284,0
2013-10-22,21.458,21.505,21.458,21.495,120349,0
2013-10-23,21.505,21.525,21.495,21.505,234873,0
2013-10-24,21.525,21.525,21.495,21.495,63459,0
2013-10-25,21.515,21.525,21.485,21.515,73443,0
2013-10-28,21.515,21.525,21.495,21.525,126996,0
2013-10-29,21.515,21.534,21.505,21.525,101534,0
2013-10-30,21.553,21.571,21.495,21.534,105735,0
2013-10-31,21.569,21.618,21.559,21.589,77980,0
2013-11-01,21.521,21.531,21.481,21.491,88465,0
2013-11-04,21.472,21.511,21.472,21.481,115141,0
2013-11-05,21.464,21.472,21.435,21.464,59041,0
2013-11-06,21.501,21.521,21.491,21.511,114023,0
2013-11-07,21.54,21.55,21.511,21.54,95850,0
2013-11-08,21.472,21.481,21.425,21.454,139222,0
2013-11-11,21.425,21.491,21.425,21.472,165271,0
2013-11-12,21.454,21.454,21.435,21.444,79270,0
2013-11-13,21.464,21.491,21.444,21.481,117756,0
2013-11-14,21.501,21.531,21.491,21.521,111624,0
2013-11-15,21.54,21.54,21.511,21.521,130244,0
2013-11-18,21.677,21.677,21.511,21.568,93117,0
2013-11-19,21.55,21.55,21.521,21.54,214080,0
2013-11-20,21.55,21.578,21.54,21.55,696161,0
2013-11-21,21.54,21.568,21.531,21.55,78482,0
2013-11-22,21.54,21.587,21.511,21.568,572691,0
2013-11-25,21.578,21.587,21.54,21.568,105778,0
2013-11-26,21.578,21.607,21.558,21.597,223454,0
2013-11-27,21.587,21.607,21.558,21.578,126812,0
2013-11-29,21.608,21.638,21.578,21.608,14635,0
2013-12-02,21.579,21.579,21.522,21.551,82209,0
2013-12-03,21.608,21.618,21.559,21.559,488382,0
2013-12-04,21.569,21.569,21.532,21.559,58473,0
2013-12-05,21.532,21.541,21.502,21.532,85442,0
2013-12-06,21.522,21.532,21.492,21.532,52946,0
2013-12-09,21.589,21.589,21.512,21.522,88270,0
2013-12-10,21.522,21.569,21.522,21.559,160949,0
2013-12-11,21.589,21.589,21.522,21.532,89668,0
2013-12-12,21.541,21.551,21.492,21.512,134567,0
2013-12-13,21.522,21.541,21.512,21.512,53320,0
2013-12-16,21.873,21.873,21.512,21.522,81317,0
2013-12-17,21.598,21.598,21.512,21.559,150936,0
2013-12-18,21.638,21.638,21.532,21.569,95290,0
2013-12-19,21.658,21.658,21.465,21.512,276153,0
2013-12-20,21.579,21.579,21.512,21.541,133978,0
2013-12-23,21.648,21.648,21.455,21.532,95201,0
2013-12-24,21.522,21.551,21.416,21.502,141607,0
2013-12-26,21.532,21.532,21.455,21.512,229344,0
2013-12-27,21.43,21.603,21.43,21.476,100007,0
2013-12-30,21.573,21.573,21.467,21.496,85220,0
2013-12-31,21.506,21.592,21.486,21.516,141433,0
2014-01-02,21.593,21.593,21.496,21.516,184659,0
2014-01-03,21.535,21.603,21.476,21.506,63246,0
2014-01-06,21.535,21.535,21.506,21.535,142844,0
2014-01-07,21.535,21.545,21.516,21.535,124532,0
2014-01-08,21.545,21.545,21.467,21.496,101031,0
2014-01-09,21.526,21.526,21.506,21.516,153795,0
2014-01-10,21.535,21.573,21.535,21.573,67307,0
2014-01-13,21.632,21.632,21.593,21.622,121551,0
2014-01-14,21.603,21.603,21.573,21.593,152654,0
2014-01-15,21.583,21.583,21.554,21.563,70998,0
2014-01-16,21.583,21.593,21.563,21.593,194621,0
2014-01-17,21.593,21.593,21.573,21.593,97787,0
2014-01-21,21.603,21.603,21.583,21.593,139614,0
2014-01-22,21.603,21.603,21.573,21.573,355712,0
2014-01-23,21.632,21.642,21.593,21.642,357221,0
2014-01-24,21.756,21.813,21.613,21.622,253690,0
2014-01-27,21.642,21.642,21.613,21.632,122423,0
2014-01-28,21.652,21.652,21.593,21.613,312112,0
2014-01-29,21.823,21.823,21.603,21.652,204449,0
2014-01-30,21.603,21.672,21.603,21.652,295418,0
2014-01-31,21.7,21.7,21.642,21.672,107736,0
2014-02-03,21.684,21.702,21.644,21.702,143566,0
2014-02-04,21.684,21.721,21.684,21.721,130136,0
2014-02-05,21.721,21.721,21.684,21.721,138987,0
2014-02-06,21.712,21.721,21.692,21.721,245174,0
2014-02-07,21.721,21.74,21.702,21.712,197141,0
2014-02-10,21.758,21.758,21.712,21.74,108031,0
2014-02-11,21.721,21.73,21.692,21.73,106041,0
2014-02-12,21.74,21.74,21.674,21.702,234218,0
2014-02-13,21.712,21.721,21.692,21.702,122592,0
2014-02-14,21.721,21.74,21.721,21.74,162459,0
2014-02-18,21.712,21.786,21.712,21.74,133641,0
2014-02-19,21.702,21.758,21.692,21.712,147014,0
2014-02-20,21.721,21.73,21.702,21.73,118359,0
2014-02-21,21.74,21.74,21.684,21.74,79658,0
2014-02-24,21.767,21.767,21.73,21.748,139229,0
2014-02-25,21.74,21.758,21.74,21.758,112408,0
2014-02-26,21.758,21.786,21.748,21.776,139829,0
2014-02-27,21.786,21.796,21.758,21.796,97560,0
2014-02-28,21.741,21.787,21.741,21.787,91669,0
2014-03-03,21.786,21.806,21.758,21.796,65101,0
2014-03-04,21.806,21.815,21.776,21.776,88956,0
2014-03-05,21.796,21.806,21.767,21.806,142221,0
2014-03-06,21.796,21.796,21.767,21.786,223833,0
2014-03-07,21.758,21.767,21.73,21.74,122941,0
2014-03-10,21.748,21.748,21.73,21.748,127498,0
2014-03-11,21.73,21.748,21.721,21.74,152183,0
2014-03-12,21.74,21.758,21.73,21.748,136661,0
2014-03-13,21.776,21.776,21.712,21.758,132010,0
2014-03-14,21.758,21.776,21.74,21.776,121555,0
2014-03-17,21.776,21.776,21.73,21.767,77724,0
2014-03-18,21.758,21.767,21.721,21.767,127219,0
2014-03-19,21.767,21.767,21.684,21.692,158291,0
2014-03-20,21.674,21.692,21.604,21.654,104930,0
2014-03-21,21.674,21.702,21.644,21.702,145390,0
2014-03-24,21.674,21.674,21.634,21.664,180088,0
2014-03-25,21.684,21.692,21.644,21.684,146436,0
2014-03-26,21.702,21.721,21.674,21.721,132131,0
2014-03-27,21.684,21.712,21.664,21.702,217140,0
2014-03-28,21.702,21.712,21.674,21.702,79116,0
2014-03-31,21.702,21.721,21.654,21.721,140836,0
2014-04-01,21.724,21.743,21.694,21.743,188264,0
2014-04-02,21.704,21.724,21.686,21.714,70479,0
2014-04-03,21.704,21.733,21.694,21.733,142014,0
2014-04-04,21.743,21.77,21.733,21.76,64451,0
2014-04-07,21.779,21.799,21.76,21.789,398316,0
2014-04-08,21.836,21.836,21.77,21.789,106549,0
2014-04-09,21.77,21.818,21.751,21.818,297882,0
2014-04-10,21.818,21.845,21.799,21.818,80765,0
2014-04-11,21.836,21.854,21.818,21.854,124143,0
2014-04-14,21.854,21.854,21.818,21.845,55009,0
2014-04-15,21.77,21.818,21.77,21.809,109629,0
2014-04-16,21.799,21.799,21.77,21.789,128628,0
2014-04-17,21.76,21.779,21.743,21.751,84046,0
2014-04-21,21.751,21.789,21.751,21.77,92358,0
2014-04-22,21.77,21.779,21.76,21.77,180392,0
2014-04-23,21.76,21.789,21.751,21.779,158894,0
2014-04-24,21.789,21.789,21.751,21.789,117277,0
2014-04-25,21.809,21.809,21.779,21.789,282819,0
2014-04-28,21.77,21.818,21.76,21.799,792951,0
2014-04-29,21.789,21.818,21.77,21.818,178365,0
2014-04-30,21.809,21.836,21.789,21.818,992928,0
2014-05-01,21.818,21.845,21.779,21.818,391419,0
2014-05-02,21.818,21.845,21.799,21.827,433205,0
2014-05-05,21.836,21.883,21.809,21.809,139344,0
2014-05-06,21.818,21.827,21.809,21.827,502977,0
2014-05-07,21.789,21.836,21.789,21.836,87404,0
2014-05-08,21.818,21.854,21.809,21.845,84845,0
2014-05-09,21.845,21.854,21.818,21.854,209304,0
2014-05-12,21.863,21.863,21.827,21.854,108188,0
2014-05-13,21.854,21.863,21.827,21.845,146591,0
2014-05-14,21.863,21.883,21.854,21.883,104283,0
2014-05-15,21.873,21.883,21.845,21.883,71692,0
2014-05-16,21.873,21.883,21.863,21.883,123272,0
2014-05-19,21.845,21.902,21.845,21.883,157221,0
2014-05-20,21.873,21.912,21.863,21.912,334229,0
2014-05-21,21.893,21.912,21.873,21.902,90459,0
2014-05-22,21.902,21.902,21.883,21.902,67207,0
2014-05-23,21.873,21.902,21.873,21.893,65264,0
2014-05-27,21.883,21.912,21.863,21.912,71594,0
2014-05-28,21.902,21.932,21.893,21.912,137558,0
2014-05-29,21.922,21.932,21.873,21.873,140522,0
2014-05-30,21.893,21.922,21.893,21.912,88490,0
2014-06-02,21.949,21.949,21.862,21.892,78356,0
2014-06-03,21.872,21.892,21.853,21.892,124700,0
2014-06-04,21.882,21.921,21.853,21.882,77752,0
2014-06-05,21.921,21.921,21.862,21.902,137601,0
2014-06-06,21.931,21.931,21.853,21.882,136441,0
2014-06-09,21.882,21.892,21.853,21.882,73271,0
2014-06-10,21.835,21.872,21.827,21.872,147691,0
2014-06-11,21.862,21.872,21.853,21.872,114292,0
2014-06-12,21.853,21.872,21.844,21.862,84740,0
2014-06-13,21.853,21.892,21.817,21.827,298240,0
2014-06-16,21.835,21.853,21.827,21.853,132983,0
2014-06-17,21.827,21.835,21.817,21.835,76608,0
2014-06-18,21.844,21.862,21.827,21.862,290516,0
2014-06-19,21.872,21.872,21.844,21.862,81936,0
2014-06-20,21.835,21.872,21.835,21.872,66728,0
2014-06-23,21.882,21.882,21.844,21.872,115902,0
2014-06-24,21.835,21.872,21.835,21.872,151377,0
2014-06-25,21.862,21.892,21.844,21.844,143232,0
2014-06-26,21.872,21.911,21.853,21.892,112823,0
2014-06-27,21.892,21.911,21.882,21.882,145583,0
2014-06-30,21.902,21.931,21.892,21.902,206031,0
2014-07-01,21.95,21.95,21.883,21.922,79791,0
2014-07-02,21.912,21.912,21.854,21.893,103741,0
2014-07-03,21.873,21.873,21.836,21.873,120151,0
2014-07-07,21.873,21.873,21.827,21.863,120897,0
2014-07-08,21.863,21.883,21.854,21.863,124718,0
2014-07-09,21.854,21.883,21.827,21.863,98244,0
2014-07-10,21.941,21.95,21.854,21.893,98190,0
2014-07-11,21.902,21.922,21.873,21.902,131525,0
2014-07-14,21.902,21.912,21.873,21.902,51485,0
2014-07-15,21.912,21.912,21.854,21.893,62684,0
2014-07-16,21.883,21.893,21.827,21.836,169288,0
2014-07-17,21.883,21.893,21.854,21.854,30853,0
2014-07-18,21.827,21.893,21.827,21.873,59113,0
2014-07-21,21.873,21.893,21.836,21.883,143393,0
2014-07-22,21.883,21.902,21.863,21.893,87957,0
2014-07-23,21.902,21.922,21.893,21.902,189918,0
2014-07-24,21.902,21.902,21.863,21.873,97739,0
2014-07-25,21.883,21.883,21.863,21.863,92892,0
2014-07-28,21.893,21.893,21.854,21.863,146934,0
2014-07-29,21.883,21.883,21.854,21.854,130211,0
2014-07-30,21.845,21.883,21.836,21.883,97468,0
2014-07-31,21.854,21.873,21.836,21.873,85613,0
2014-08-01,21.902,21.941,21.873,21.922,125679,0
2014-08-04,21.893,21.922,21.873,21.922,62536,0
2014-08-05,21.922,21.941,21.893,21.912,67376,0
2014-08-06,21.893,21.941,21.893,21.902,72738,0
2014-08-07,21.902,21.941,21.883,21.902,85421,0
2014-08-08,21.912,21.95,21.912,21.932,78445,0
2014-08-11,21.941,21.941,21.912,21.941,57590,0
2014-08-12,21.941,21.941,21.902,21.902,41625,0
2014-08-13,21.932,21.95,21.902,21.95,58581,0
2014-08-14,21.941,21.96,21.932,21.941,67134,0
2014-08-15,21.95,21.96,21.893,21.941,57594,0
2014-08-18,21.95,21.95,21.932,21.95,60725,0
2014-08-19,21.95,21.96,21.932,21.932,54667,0
2014-08-20,21.941,21.941,21.902,21.922,64422,0
2014-08-21,21.941,21.941,21.912,21.932,86408,0
2014-08-22,21.922,21.932,21.893,21.922,52419,0
2014-08-25,21.902,21.912,21.873,21.912,113102,0
2014-08-26,21.912,21.922,21.873,21.912,108149,0
2014-08-27,21.932,21.932,21.883,21.922,60967,0
2014-08-28,21.932,21.932,21.883,21.922,55047,0
2014-08-29,21.922,21.95,21.922,21.932,69817,0
2014-09-02,21.967,21.967,21.901,21.92,46553,0
2014-09-03,21.91,21.93,21.891,21.92,49163,0
2014-09-04,21.92,21.939,21.871,21.901,53719,0
2014-09-05,21.901,21.939,21.901,21.93,74882,0
2014-09-08,21.881,21.93,21.881,21.881,128022,0
2014-09-09,21.881,21.891,21.843,21.891,866326,0
2014-09-10,21.861,21.881,21.843,21.881,358080,0
2014-09-11,21.881,21.881,21.852,21.881,74140,0
2014-09-12,21.861,21.861,21.825,21.861,133266,0
2014-09-15,21.806,21.871,21.806,21.861,127844,0
2014-09-16,21.881,21.901,21.861,21.891,142323,0
2014-09-17,21.881,21.901,21.861,21.861,79169,0
2014-09-18,21.861,21.861,21.825,21.861,58424,0
2014-09-19,21.852,21.871,21.834,21.871,178131,0
2014-09-22,21.871,21.881,21.852,21.881,159740,0
2014-09-23,21.881,21.891,21.861,21.871,73362,0
2014-09-24,21.861,21.891,21.843,21.881,106877,0
2014-09-25,21.881,21.91,21.834,21.91,82784,0
2014-09-26,21.901,21.901,21.834,21.852,669104,0
2014-09-29,21.834,21.881,21.825,21.825,143362,0
2014-09-30,21.861,21.871,21.825,21.843,96603,0
2014-10-01,21.891,21.91,21.843,21.91,99261,0
2014-10-02,21.91,21.91,21.861,21.891,111245,0
2014-10-03,21.881,21.881,21.834,21.852,292820,0
2014-10-06,21.871,21.901,21.843,21.891,401750,0
2014-10-07,21.91,21.93,21.891,21.92,287848,0
2014-10-08,21.92,21.967,21.901,21.967,174330,0
2014-10-09,21.967,21.967,21.93,21.939,131157,0
2014-10-10,21.91,21.967,21.901,21.958,59427,0
2014-10-13,21.977,22.004,21.958,21.984,245263,0
2014-10-14,21.994,22.004,21.977,21.994,54103,0
2014-10-15,22.013,22.095,22.013,22.03,254599,0
2014-10-16,22.03,22.048,22.02,22.03,296399,0
2014-10-17,21.977,22.013,21.967,22.004,121089,0
2014-10-20,22.038,22.038,21.977,21.994,164553,0
2014-10-21,22.013,22.02,21.958,22.013,143105,0
2014-10-22,22.02,22.02,21.958,22.004,67902,0
2014-10-23,21.994,21.994,21.958,21.984,58870,0
2014-10-24,21.949,21.994,21.939,21.984,125722,0
2014-10-27,21.994,21.994,21.939,21.939,70806,0
2014-10-28,21.994,22.004,21.967,21.984,76481,0
2014-10-29,21.977,21.984,21.92,21.949,116600,0
2014-10-30,21.91,21.958,21.891,21.958,73769,0
2014-10-31,21.967,21.967,21.91,21.91,212108,0
2014-11-03,21.984,21.984,21.909,21.929,102587,0
2014-11-04,21.938,21.948,21.88,21.929,77942,0
2014-11-05,21.919,21.938,21.9,21.909,57898,0
2014-11-06,21.909,21.929,21.9,21.919,117311,0
2014-11-07,21.909,21.938,21.909,21.929,168598,0
2014-11-10,21.938,21.938,21.89,21.9,115974,0
2014-11-11,21.87,21.929,21.87,21.9,48598,0
2014-11-12,21.909,21.919,21.87,21.87,58715,0
2014-11-13,21.89,21.929,21.89,21.929,77569,0
2014-11-14,21.919,21.938,21.86,21.86,353110,0
2014-11-17,21.938,21.948,21.87,21.919,140145,0
2014-11-18,21.919,21.919,21.87,21.909,71021,0
2014-11-19,21.9,21.9,21.842,21.88,199506,0
2014-11-20,21.86,21.89,21.842,21.87,72299,0
2014-11-21,21.851,21.9,21.842,21.88,89364,0
2014-11-24,21.909,21.929,21.87,21.89,106796,0
2014-11-25,21.919,21.948,21.89,21.919,191428,0
2014-11-26,21.948,21.966,21.919,21.966,81848,0
2014-11-28,21.957,21.994,21.938,21.976,14825,0
2014-12-01,21.99,22.009,21.963,21.963,87721,0
2014-12-02,21.972,21.972,21.915,21.944,87891,0
2014-12-03,21.915,21.944,21.886,21.934,81898,0
2014-12-04,21.934,21.944,21.886,21.925,177649,0
2014-12-05,21.896,21.915,21.857,21.857,237795,0
2014-12-08,21.876,21.876,21.839,21.848,76892,0
2014-12-09,21.857,21.896,21.848,21.886,101059,0
2014-12-10,21.876,21.896,21.857,21.896,250795,0
2014-12-11,21.857,21.896,21.857,21.896,108800,0
2014-12-12,21.876,21.905,21.876,21.876,171912,0
2014-12-15,21.905,21.905,21.848,21.857,66383,0
2014-12-16,21.876,21.896,21.857,21.876,95122,0
2014-12-17,21.896,21.944,21.848,21.896,187781,0
2014-12-18,21.876,21.886,21.848,21.857,98762,0
2014-12-19,21.848,21.866,21.811,21.857,120425,0
2014-12-22,21.857,21.857,21.82,21.848,114892,0
2014-12-23,21.829,21.866,21.82,21.82,82943,0
2014-12-24,21.857,21.857,21.811,21.82,35824,0
2014-12-26,21.848,21.857,21.801,21.839,100653,0
2014-12-29,21.854,21.863,21.827,21.836,66061,0
2014-12-30,21.817,21.883,21.817,21.863,141513,0
2014-12-31,21.836,21.922,21.836,21.922,173459,0
2015-01-02,21.893,21.912,21.863,21.893,348795,0
2015-01-05,21.922,21.922,21.873,21.922,394228,0
2015-01-06,21.932,21.96,21.922,21.941,145453,0
2015-01-07,21.922,21.96,21.902,21.922,131580,0
2015-01-08,21.932,21.96,21.912,21.912,110014,0
2015-01-09,21.922,21.96,21.922,21.941,180912,0
2015-01-12,21.95,21.997,21.941,21.987,166543,0
2015-01-13,21.941,22.023,21.912,21.997,497568,0
2015-01-14,22.032,22.06,22.015,22.015,320572,0
2015-01-15,22.023,22.041,21.987,22.006,173661,0
2015-01-16,21.987,22.023,21.978,22.015,186634,0
2015-01-20,21.987,22.041,21.987,22.006,87114,0
2015-01-21,22.051,22.051,22.006,22.023,106014,0
2015-01-22,22.07,22.07,21.969,22.006,155141,0
2015-01-23,21.978,22.041,21.978,22.032,156659,0
2015-01-26,22.023,22.023,21.969,21.997,612538,0
2015-01-27,21.987,22.041,21.987,22.015,111129,0
2015-01-28,21.978,22.051,21.978,22.041,222157,0
2015-01-29,21.997,22.032,21.997,22.015,83924,0
2015-01-30,22.032,22.051,22.015,22.051,101547,0
2015-02-02,22.067,22.077,22.02,22.057,188369,0
2015-02-03,22.077,22.087,22.004,22.038,104385,0
2015-02-04,22.03,22.048,21.984,22.038,168118,0
2015-02-05,21.994,22.03,21.994,22.02,75563,0
2015-02-06,22.02,22.03,21.948,21.976,180724,0
2015-02-09,22.013,22.013,21.957,21.994,66836,0
2015-02-10,21.984,22.004,21.938,21.976,130355,0
2015-02-11,21.966,22.004,21.948,21.994,103290,0
2015-02-12,22.004,22.013,21.994,22.004,105955,0
2015-02-13,21.976,22.03,21.976,22.013,95475,0
2015-02-17,22.004,22.02,21.994,22.02,99992,0
2015-02-18,21.994,22.057,21.984,22.03,131529,0
2015-02-19,22.038,22.057,22.013,22.048,166870,0
2015-02-20,22.096,22.096,21.984,22.048,188515,0
2015-02-23,22.057,22.057,22.02,22.057,163802,0
2015-02-24,22.057,22.096,22.02,22.096,171469,0
2015-02-25,22.136,22.136,22.057,22.087,117057,0
2015-02-26,22.077,22.077,22.03,22.057,107223,0
2015-02-27,22.057,22.077,22.038,22.067,713097,0
2015-03-02,22.044,22.054,22.026,22.044,271545,0
2015-03-03,22.044,22.063,22.026,22.044,78662,0
2015-03-04,22.063,22.063,22.026,22.044,147607,0
2015-03-05,22.063,22.073,22.009,22.063,302141,0
2015-03-06,22.016,22.026,21.99,22.009,127968,0
2015-03-09,22.026,22.044,21.99,22.035,170037,0
2015-03-10,22.044,22.044,21.944,21.944,581644,0
2015-03-11,21.953,22.035,21.934,22.026,255730,0
2015-03-12,22.026,22.035,22.009,22.026,184409,0
2015-03-13,22.035,22.035,21.99,22,146988,0
2015-03-16,22.016,22.035,21.98,22.009,114634,0
2015-03-17,22.016,22.035,21.972,22.035,304624,0
2015-03-18,22.026,22.112,22.009,22.112,133549,0
2015-03-19,22.073,22.073,22.009,22.035,257074,0
2015-03-20,22.026,22.083,22.026,22.054,243015,0
2015-03-23,22.073,22.073,22.035,22.073,146988,0
2015-03-24,22.035,22.093,22.026,22.083,185443,0
2015-03-25,22.093,22.102,22.044,22.073,195054,0
2015-03-26,22.063,22.073,22.044,22.044,153398,0
2015-03-27,22.044,22.083,22.044,22.063,77111,0
2015-03-30,22.073,22.102,22.063,22.073,100782,0
2015-03-31,22.073,22.102,22.073,22.083,203479,0
2015-04-01,22.054,22.093,22.054,22.093,91068,0
2015-04-02,22.093,22.093,22.063,22.083,69568,0
2015-04-06,22.122,22.122,22.083,22.093,65740,0
2015-04-07,22.083,22.102,22.073,22.073,210878,0
2015-04-08,22.102,22.112,22.093,22.093,98096,0
2015-04-09,22.102,22.102,22.054,22.093,145622,0
2015-04-10,22.083,22.102,22.073,22.093,59852,0
2015-04-13,22.112,22.112,22.073,22.102,84241,0
2015-04-14,22.112,22.132,22.063,22.122,105536,0
2015-04-15,22.152,22.152,22.112,22.132,149911,0
2015-04-16,22.122,22.132,22.093,22.132,173333,0
2015-04-17,22.112,22.122,22.083,22.083,136032,0
2015-04-20,22.093,22.122,22.093,22.102,71121,0
2015-04-21,22.093,22.112,22.073,22.102,130827,0
2015-04-22,22.093,22.102,22.073,22.102,97639,0
2015-04-23,22.102,22.112,22.063,22.102,167972,0
2015-04-24,22.083,22.112,22.083,22.102,84652,0
2015-04-27,22.112,22.132,22.083,22.122,94894,0
2015-04-28,22.122,22.122,22.083,22.102,88095,0
2015-04-29,22.073,22.093,22.073,22.093,73287,0
2015-04-30,22.073,22.093,22.044,22.093,296145,0
2015-05-01,22.06,22.099,22.06,22.09,58645,0
2015-05-04,22.07,22.109,22.06,22.08,411429,0
2015-05-05,22.099,22.099,22.06,22.09,116047,0
2015-05-06,22.08,22.09,22.06,22.09,100642,0
2015-05-07,22.09,22.09,22.051,22.06,135685,0
2015-05-08,22.099,22.119,22.07,22.119,109126,0
2015-05-11,22.07,22.109,22.07,22.109,127404,0
2015-05-12,22.08,22.099,22.08,22.09,53752,0
2015-05-13,22.109,22.119,22.08,22.119,89470,0
2015-05-14,22.099,22.119,22.09,22.109,79292,0
2015-05-15,22.119,22.129,22.09,22.099,234072,0
2015-05-18,22.099,22.129,22.099,22.109,83684,0
2015-05-19,22.099,22.109,22.07,22.09,443064,0
2015-05-20,22.09,22.109,22.08,22.099,190547,0
2015-05-21,22.109,22.109,22.023,22.041,511475,0
2015-05-22,22.07,22.08,22.032,22.041,283406,0
2015-05-26,22.051,22.06,22.015,22.023,462839,0
2015-05-27,22.015,22.051,22.006,22.041,104484,0
2015-05-28,22.023,22.06,22.023,22.051,93114,0
2015-05-29,22.041,22.08,22.023,22.06,124411,0
2015-06-01,22.095,22.095,22.047,22.095,670923,0
2015-06-02,22.076,22.095,22.047,22.066,76427,0
2015-06-03,22.076,22.076,22.037,22.037,181192,0
2015-06-04,22.047,22.066,22.029,22.056,114777,0
2015-06-05,22.003,22.047,22.003,22.037,65692,0
2015-06-08,21.983,22.066,21.983,22.047,59918,0
2015-06-09,22.037,22.056,22.019,22.037,58468,0
2015-06-10,22.047,22.056,22.019,22.056,112398,0
2015-06-11,22.019,22.066,22.019,22.047,374152,0
2015-06-12,22.047,22.076,22.037,22.066,3006017,0
2015-06-15,22.086,22.086,22.047,22.076,1117681,0
2015-06-16,22.076,22.076,22.056,22.076,201303,0
2015-06-17,22.066,22.095,22.047,22.095,197691,0
2015-06-18,22.076,22.095,22.047,22.076,1038890,0
2015-06-19,22.056,22.095,22.047,22.076,199653,0
2015-06-22,22.066,22.076,22.029,22.029,193672,0
2015-06-23,22.029,22.056,22.029,22.056,96847,0
2015-06-24,22.056,22.056,22.019,22.019,72089,0
2015-06-25,22.047,22.066,22.003,22.037,118491,0
2015-06-26,22.037,22.037,21.993,22.012,110551,0
2015-06-29,22.086,22.086,21.993,22.037,73736,0
2015-06-30,22.056,22.066,22.029,22.056,80870,0
2015-07-01,22.034,22.063,22.008,22.034,63045,0
2015-07-02,22.053,22.093,22.025,22.063,604849,0
2015-07-06,22.122,22.122,21.999,22.083,158630,0
2015-07-07,22.093,22.112,22.043,22.053,238356,0
2015-07-08,22.053,22.112,22.053,22.102,88480,0
2015-07-09,22.112,22.112,22.063,22.102,140296,0
2015-07-10,22.093,22.093,22.053,22.063,161618,0
2015-07-13,22.063,22.093,22.053,22.093,152347,0
2015-07-14,22.073,22.093,22.053,22.093,168681,0
2015-07-15,22.073,22.102,22.053,22.102,209183,0
2015-07-16,22.053,22.093,22.053,22.093,142044,0
2015-07-17,22.083,22.093,22.073,22.093,104035,0
2015-07-20,22.083,22.083,22.063,22.083,89410,0
2015-07-21,22.063,22.083,22.043,22.083,125975,0
2015-07-22,22.053,22.073,22.053,22.073,68291,0
2015-07-23,22.063,22.073,22.053,22.073,156670,0
2015-07-24,22.043,22.083,22.043,22.083,248038,0
2015-07-27,22.053,22.093,22.043,22.093,125975,0
2015-07-28,22.073,22.093,22.063,22.083,96722,0
2015-07-29,22.073,22.083,22.053,22.083,137409,0
2015-07-30,22.063,22.073,22.053,22.073,105680,0
2015-07-31,22.073,22.102,22.063,22.093,68911,0
2015-08-03,22.08,22.109,22.08,22.09,141194,0
2015-08-04,22.08,22.099,22.07,22.08,136527,0
2015-08-05,22.08,22.08,22.031,22.031,282108,0
2015-08-06,22.04,22.08,22.031,22.08,285608,0
2015-08-07,22.06,22.08,22.04,22.08,96919,0
2015-08-10,22.09,22.09,22.04,22.07,85704,0
2015-08-11,22.08,22.099,22.05,22.07,106144,0
2015-08-12,22.09,22.109,22.05,22.06,64100,0
2015-08-13,22.07,22.09,22.05,22.05,73460,0
2015-08-14,22.04,22.07,22.04,22.06,102783,0
2015-08-17,22.05,22.07,22.04,22.06,146404,0
2015-08-18,22.05,22.07,22.04,22.06,125623,0
2015-08-19,22.06,22.099,22.04,22.099,164613,0
2015-08-20,22.06,22.08,22.04,22.07,79632,0
2015-08-21,22.07,22.109,22.06,22.109,221307,0
2015-08-24,22.04,22.09,21.978,21.986,165947,0
2015-08-25,21.986,22.07,21.968,21.996,173563,0
2015-08-26,21.978,22.031,21.968,22.005,120684,0
2015-08-27,22.005,22.014,21.968,22.005,256491,0
2015-08-28,21.996,22.06,21.986,22.04,164926,0
2015-08-31,22.022,22.05,21.996,22.031,79736,0
2015-09-01,22.028,22.087,22.002,22.077,1792415,0
2015-09-02,22.057,22.096,22.028,22.096,187751,0
2015-09-03,22.067,22.096,22.057,22.077,171823,0
2015-09-04,22.057,22.096,22.057,22.096,143046,0
2015-09-08,22.096,22.106,22.057,22.106,97419,0
2015-09-09,22.077,22.096,22.067,22.087,82211,0
2015-09-10,22.077,22.087,22.067,22.087,281901,0
2015-09-11,22.067,22.116,22.067,22.106,183946,0
2015-09-14,22.106,22.116,22.067,22.116,261537,0
2015-09-15,22.096,22.106,22.067,22.067,111188,0
2015-09-16,22.087,22.096,22.067,22.077,132771,0
2015-09-17,22.077,22.126,22.047,22.087,368678,0
2015-09-18,22.077,22.116,22.067,22.077,348268,0
2015-09-21,22.087,22.116,22.057,22.096,466240,0
2015-09-22,22.096,22.136,22.077,22.126,128968,0
2015-09-23,22.136,22.146,22.096,22.116,151080,0
2015-09-24,22.116,22.146,22.087,22.136,110076,0
2015-09-25,22.126,22.136,22.096,22.106,112013,0
2015-09-28,22.106,22.126,22.037,22.126,1514732,0
2015-09-29,22.087,22.096,22.047,22.067,80567,0
2015-09-30,22.067,22.087,22.037,22.077,154972,0
2015-10-01,22.082,22.082,22.052,22.052,109422,0
2015-10-02,22.082,22.101,22.062,22.082,55737,0
2015-10-05,22.092,22.111,22.052,22.092,91742,0
2015-10-06,22.092,22.101,22.062,22.092,61487,0
2015-10-07,22.092,22.111,22.062,22.092,61733,0
2015-10-08,22.082,22.092,22.062,22.092,90536,0
2015-10-09,22.092,22.101,22.042,22.092,198219,0
2015-10-12,22.072,22.101,22.062,22.101,41879,0
2015-10-13,22.101,22.161,22.082,22.131,115481,0
2015-10-14,22.121,22.171,22.121,22.151,70213,0
2015-10-15,22.141,22.18,22.131,22.141,591162,0
2015-10-16,22.171,22.19,22.131,22.161,88077,0
2015-10-19,22.161,22.18,22.131,22.171,245689,0
2015-10-20,22.161,22.171,22.131,22.161,87973,0
2015-10-21,22.21,22.21,22.131,22.151,127389,0
2015-10-22,22.19,22.19,22.151,22.18,131596,0
2015-10-23,22.18,22.19,22.161,22.19,74524,0
2015-10-26,22.171,22.18,22.151,22.18,85199,0
2015-10-27,22.18,22.21,22.141,22.2,494364,0
2015-10-28,22.19,22.21,22.141,22.141,124002,0
2015-10-29,22.141,22.171,22.141,22.141,178305,0
2015-10-30,22.171,22.18,22.141,22.151,147406,0
2015-11-02,22.136,22.166,22.126,22.146,172634,0
2015-11-03,22.166,22.166,22.077,22.077,938262,0
2015-11-04,22.116,22.126,22.037,22.077,233553,0
2015-11-05,22.077,22.106,22.057,22.096,80286,0
2015-11-06,22.077,22.087,22.037,22.087,99458,0
2015-11-09,22.077,22.087,22.057,22.067,66497,0
2015-11-10,22.057,22.096,22.057,22.067,123452,0
2015-11-11,22.087,22.106,22.067,22.087,106432,0
2015-11-12,22.096,22.106,22.087,22.096,74232,0
2015-11-13,22.096,22.136,22.077,22.087,113403,0
2015-11-16,22.077,22.096,22.067,22.096,104685,0
2015-11-17,22.096,22.096,22.077,22.077,114022,0
2015-11-18,22.087,22.106,22.067,22.106,72801,0
2015-11-19,22.087,22.096,22.047,22.087,220861,0
2015-11-20,22.087,22.096,22.067,22.077,137498,0
2015-11-23,22.077,22.096,22.057,22.077,66854,0
2015-11-24,22.077,22.096,22.057,22.087,142730,0
2015-11-25,22.077,22.087,22.057,22.077,66443,0
2015-11-27,22.096,22.106,22.067,22.096,48808,0
2015-11-30,22.067,22.106,22.067,22.087,122121,0
2015-12-01,22.057,22.087,22.028,22.047,554250,0
2015-12-02,22.037,22.087,22.018,22.028,146035,0
2015-12-03,22.037,22.057,22.011,22.047,63349,0
2015-12-04,22.077,22.077,22.057,22.067,134425,0
2015-12-07,22.067,22.087,22.018,22.067,437314,0
2015-12-08,22.047,22.057,22.018,22.037,89818,0
2015-12-09,22.047,22.077,22.011,22.077,145909,0
2015-12-10,22.067,22.067,22.028,22.037,91255,0
2015-12-11,22.047,22.106,22.037,22.067,154934,0
2015-12-14,22.057,22.087,22.002,22.002,1102210,0
2015-12-15,22.011,22.047,21.955,22.011,442954,0
2015-12-16,22.002,22.002,21.083,21.982,330268,0
2015-12-17,21.964,22.028,21.955,21.974,227218,0
2015-12-18,22.002,22.028,21.974,22.011,166414,0
2015-12-21,22.018,22.028,22.002,22.011,98333,0
2015-12-22,22.018,22.037,22.002,22.028,151430,0
2015-12-23,22.011,22.037,22.002,22.037,106634,0
2015-12-24,22.018,22.028,22.011,22.011,54416,0
2015-12-28,22.028,22.037,22.011,22.018,147478,0
2015-12-29,22.055,22.055,22,22.026,190003,0
2015-12-30,22,22.035,22,22.035,155850,0
2015-12-31,22.016,22.035,22.009,22.009,66965,0
2016-01-04,22.009,22.045,22.004,22.045,166189,0
2016-01-05,22.045,22.085,22.028,22.085,165957,0
2016-01-06,22.045,22.085,22.045,22.065,113205,0
2016-01-07,22.075,22.085,22.035,22.085,114931,0
2016-01-08,22.085,22.104,22.065,22.075,180766,0
2016-01-11,22.065,22.085,22.045,22.065,92900,0
2016-01-12,22.114,22.114,22.065,22.094,298997,0
2016-01-13,22.114,22.114,22.075,22.104,316921,0
2016-01-14,22.114,22.124,22.045,22.114,267452,0
2016-01-15,22.045,22.124,22.035,22.094,291761,0
2016-01-19,22.104,22.124,22.075,22.124,320667,0
2016-01-20,22.124,22.124,21.99,22.035,379735,0
2016-01-21,22.085,22.132,22.065,22.124,129224,0
2016-01-22,22.094,22.134,22.035,22.075,114609,0
2016-01-25,22.124,22.124,22.07,22.104,85600,0
2016-01-26,22.085,22.114,22.075,22.114,146517,0
2016-01-27,22.124,22.124,22.065,22.085,147069,0
2016-01-28,22.085,22.114,22.075,22.114,93493,0
2016-01-29,22.114,22.124,22.085,22.104,175712,0
2016-02-01,22.117,22.117,22.078,22.078,214655,0
2016-02-02,22.058,22.113,22.058,22.078,223313,0
2016-02-03,22.107,22.127,22.078,22.127,137084,0
2016-02-04,22.107,22.117,22.078,22.117,106254,0
2016-02-05,22.097,22.137,22.069,22.088,79997,0
2016-02-08,22.097,22.137,22.078,22.127,205863,0
2016-02-09,22.127,22.157,22.058,22.117,307933,0
2016-02-10,22.107,22.117,22.068,22.088,125750,0
2016-02-11,22.107,22.136,22.068,22.097,114127,0
2016-02-12,22.078,22.097,22.058,22.097,236335,0
2016-02-16,22.058,22.117,22.058,22.088,129092,0
2016-02-17,22.107,22.126,22.068,22.117,181964,0
2016-02-18,22.088,22.127,22.078,22.097,120246,0
2016-02-19,22.097,22.117,22.088,22.107,172302,0
2016-02-22,22.107,22.137,22.097,22.137,148844,0
2016-02-23,22.127,22.147,22.107,22.137,140670,0
2016-02-24,22.117,22.147,22.117,22.137,103382,0
2016-02-25,22.147,22.167,22.127,22.167,72768,0
2016-02-26,22.147,22.156,22.058,22.088,2876649,0
2016-02-29,22.088,22.097,22.029,22.078,1204736,0
2016-03-01,22.103,22.103,22.025,22.025,1047607,0
2016-03-02,22.054,22.054,22.035,22.054,245296,0
2016-03-03,22.044,22.064,22.035,22.064,142829,0
2016-03-04,22.044,22.093,22.035,22.064,196627,0
2016-03-07,22.035,22.054,22.035,22.044,165858,0
2016-03-08,22.035,22.064,22.035,22.044,334877,0
2016-03-09,22.044,22.054,22.035,22.035,125858,0
2016-03-10,22.054,22.054,22.025,22.044,334679,0
2016-03-11,22.035,22.054,22.032,22.049,170156,0
2016-03-14,22.054,22.054,22.044,22.044,80832,0
2016-03-15,22.044,22.064,22.044,22.044,107502,0
2016-03-16,22.054,22.084,22.035,22.064,581090,0
2016-03-17,22.074,22.103,22.074,22.093,553941,0
2016-03-18,22.103,22.113,22.084,22.092,219186,0
2016-03-21,22.103,22.182,22.093,22.103,380473,0
2016-03-22,22.103,22.133,22.093,22.113,131016,0
2016-03-23,22.123,22.142,22.103,22.113,98295,0
2016-03-24,22.123,22.142,22.094,22.103,118292,0
2016-03-28,22.113,22.143,22.103,22.113,320698,0
2016-03-29,22.123,22.172,22.113,22.143,399693,0
2016-03-30,22.133,22.172,22.133,22.172,107449,0
2016-03-31,22.143,22.182,22.133,22.172,69093,0
2016-04-01,22.179,22.189,22.159,22.189,97450,0
2016-04-04,22.189,22.214,22.169,22.169,223032,0
2016-04-05,22.199,22.199,22.169,22.199,168231,0
2016-04-06,22.179,22.209,22.169,22.199,178085,0
2016-04-07,22.189,22.219,22.169,22.209,366149,0
2016-04-08,22.209,22.259,22.191,22.219,97695,0
2016-04-11,22.229,22.257,22.209,22.229,94383,0
2016-04-12,22.209,22.229,22.189,22.219,138708,0
2016-04-13,22.219,22.229,22.199,22.219,150407,0
2016-04-14,22.199,22.219,22.189,22.219,159527,0
2016-04-15,22.199,22.239,22.189,22.229,248808,0
2016-04-18,22.209,22.229,22.199,22.229,142588,0
2016-04-19,22.209,22.249,22.209,22.219,131694,0
2016-04-20,22.219,22.249,22.212,22.229,110632,0
2016-04-21,22.249,22.249,22.219,22.239,133650,0
2016-04-22,22.239,22.269,22.219,22.269,417036,0
2016-04-25,22.229,22.259,22.229,22.249,154140,0
2016-04-26,22.249,22.259,22.219,22.239,389263,0
2016-04-27,22.239,22.278,22.229,22.269,156931,0
2016-04-28,22.239,22.269,22.239,22.264,242748,0
2016-04-29,22.269,22.298,22.259,22.288,338307,0
2016-05-02,22.272,22.282,22.253,22.272,366692,0
2016-05-03,22.272,22.292,22.253,22.272,90432,0
2016-05-04,22.292,22.311,22.263,22.272,408351,0
2016-05-05,22.272,22.302,22.263,22.282,114314,0
2016-05-06,22.263,22.332,22.263,22.302,141829,0
2016-05-09,22.282,22.342,22.282,22.312,79132,0
2016-05-10,22.312,22.332,22.282,22.302,181001,0
2016-05-11,22.302,22.352,22.292,22.342,746533,0
2016-05-12,22.302,22.362,22.302,22.342,116314,0
2016-05-13,22.312,22.342,22.312,22.332,106789,0
2016-05-16,22.322,22.342,22.302,22.342,86727,0
2016-05-17,22.322,22.342,22.312,22.332,89642,0
2016-05-18,22.332,22.342,22.282,22.312,131119,0
2016-05-19,22.322,22.332,22.282,22.322,65020,0
2016-05-20,22.322,22.332,22.282,22.322,130322,0
2016-05-23,22.312,22.312,22.282,22.312,110990,0
2016-05-24,22.302,22.332,22.282,22.322,108730,0
2016-05-25,22.292,22.342,22.292,22.322,127210,0
2016-05-26,22.332,22.342,22.302,22.342,127728,0
2016-05-27,22.332,22.346,22.313,22.322,72251,0
2016-05-31,22.342,22.345,22.292,22.322,108738,0
2016-06-01,22.338,22.348,22.288,22.298,818399,0
2016-06-02,22.338,22.348,22.308,22.328,202136,0
2016-06-03,22.348,22.368,22.328,22.367,74340,0
2016-06-06,22.338,22.368,22.338,22.368,203843,0
2016-06-07,22.348,22.368,22.338,22.356,147180,0
2016-06-08,22.368,22.378,22.348,22.368,142765,0
2016-06-09,22.368,22.378,22.348,22.348,128396,0
2016-06-10,22.348,22.378,22.348,22.368,136494,0
2016-06-13,22.368,22.388,22.358,22.358,94567,0
2016-06-14,22.358,22.387,22.348,22.368,161426,0
2016-06-15,22.368,22.407,22.358,22.388,70996,0
2016-06-16,22.388,22.388,22.368,22.368,144329,0
2016-06-17,22.388,22.388,22.358,22.378,139363,0
2016-06-20,22.358,22.388,22.358,22.378,111914,0
2016-06-21,22.378,22.387,22.358,22.368,229106,0
2016-06-22,22.378,22.384,22.348,22.358,359358,0
2016-06-23,22.358,22.378,22.318,22.378,64343,0
2016-06-24,22.348,22.378,22.318,22.378,196044,0
2016-06-27,22.368,22.397,22.336,22.368,112576,0
2016-06-28,22.378,22.407,22.318,22.348,199922,0
2016-06-29,22.338,22.373,22.338,22.368,242502,0
2016-06-30,22.358,22.388,22.348,22.378,95226,0
2016-07-01,22.372,22.417,22.362,22.382,82064,0
2016-07-05,22.401,22.421,22.352,22.382,101729,0
2016-07-06,22.382,22.391,22.312,22.342,424153,0
2016-07-07,22.362,22.382,22.332,22.372,86287,0
2016-07-08,22.372,22.391,22.352,22.372,78102,0
2016-07-11,22.352,22.391,22.352,22.352,111725,0
2016-07-12,22.382,22.382,22.342,22.342,400858,0
2016-07-13,22.342,22.362,22.332,22.332,191604,0
2016-07-14,22.312,22.362,22.302,22.352,135340,0
2016-07-15,22.312,22.342,22.312,22.312,117089,0
2016-07-18,22.322,22.352,22.322,22.335,116117,0
2016-07-19,22.322,22.382,22.322,22.332,222517,0
2016-07-20,22.332,22.372,22.332,22.372,125857,0
2016-07-21,22.342,22.362,22.342,22.358,94791,0
2016-07-22,22.362,22.372,22.342,22.362,175093,0
2016-07-25,22.342,22.362,22.282,22.322,223913,0
2016-07-26,22.322,22.362,22.322,22.342,113156,0
2016-07-27,22.342,22.391,22.332,22.382,113001,0
2016-07-28,22.372,22.391,22.352,22.367,77696,0
2016-07-29,22.362,22.391,22.352,22.391,76640,0
2016-08-01,22.395,22.405,22.375,22.385,92208,0
2016-08-02,22.375,22.415,22.365,22.385,145314,0
2016-08-03,22.375,22.395,22.365,22.385,158086,0
2016-08-04,22.385,22.395,22.345,22.355,137637,0
2016-08-05,22.345,22.385,22.315,22.385,152535,0
2016-08-08,22.385,22.385,22.335,22.376,105447,0
2016-08-09,22.355,22.375,22.315,22.355,363660,0
2016-08-10,22.335,22.357,22.325,22.345,141649,0
2016-08-11,22.335,22.385,22.325,22.325,97161,0
2016-08-12,22.335,22.365,22.335,22.365,39894,0
2016-08-15,22.345,22.365,22.335,22.362,74893,0
2016-08-16,22.335,22.365,22.325,22.345,87473,0
2016-08-17,22.345,22.365,22.325,22.355,100446,0
2016-08-18,22.345,22.375,22.335,22.375,71498,0
2016-08-19,22.375,22.385,22.345,22.345,104818,0
2016-08-22,22.345,22.365,22.335,22.365,94550,0
2016-08-23,22.345,22.365,22.335,22.345,94241,0
2016-08-24,22.345,22.355,22.325,22.345,77317,0
2016-08-25,22.335,22.355,22.325,22.355,86015,0
2016-08-26,22.335,22.355,22.335,22.335,253174,0
2016-08-29,22.335,22.355,22.325,22.34,123898,0
2016-08-30,22.325,22.345,22.325,22.345,127248,0
2016-08-31,22.325,22.352,22.325,22.345,89834,0
2016-09-01,22.352,22.352,22.312,22.332,159634,0
2016-09-02,22.332,22.352,22.322,22.332,202221,0
2016-09-06,22.342,22.372,22.322,22.372,117984,0
2016-09-07,22.352,22.372,22.342,22.359,78983,0
2016-09-08,22.362,22.362,22.322,22.352,302246,0
2016-09-09,22.352,22.362,22.312,22.322,109592,0
2016-09-12,22.322,22.352,22.322,22.352,75703,0
2016-09-13,22.352,22.372,22.313,22.332,107925,0
2016-09-14,22.322,22.362,22.312,22.332,79510,0
2016-09-15,22.332,22.372,22.332,22.352,85197,0
2016-09-16,22.342,22.362,22.332,22.362,59393,0
2016-09-19,22.342,22.362,22.332,22.362,71030,0
2016-09-20,22.342,22.362,22.322,22.342,164377,0
2016-09-21,22.362,22.392,22.323,22.382,173616,0
2016-09-22,22.372,22.392,22.352,22.362,139242,0
2016-09-23,22.352,22.382,22.342,22.368,112132,0
2016-09-26,22.382,22.392,22.352,22.362,66228,0
2016-09-27,22.372,22.382,22.342,22.342,113845,0
2016-09-28,22.342,22.362,22.332,22.345,198965,0
2016-09-29,22.342,22.362,22.322,22.342,144283,0
2016-09-30,22.372,22.372,22.342,22.362,49598,0
2016-10-03,22.347,22.367,22.337,22.342,76382,0
2016-10-04,22.367,22.367,22.327,22.33,179850,0
2016-10-05,22.337,22.357,22.317,22.357,116641,0
2016-10-06,22.357,22.357,22.327,22.347,87163,0
2016-10-07,22.357,22.357,22.337,22.347,66238,0
2016-10-10,22.357,22.397,22.337,22.38,111276,0
2016-10-11,22.357,22.387,22.357,22.367,74567,0
2016-10-12,22.387,22.387,22.357,22.376,73508,0
2016-10-13,22.367,22.397,22.367,22.367,105156,0
2016-10-14,22.367,22.377,22.357,22.377,52663,0
2016-10-17,22.377,22.377,22.36,22.377,78525,0
2016-10-18,22.377,22.397,22.367,22.387,203599,0
2016-10-19,22.387,22.407,22.367,22.396,51001,0
2016-10-20,22.387,22.407,22.377,22.377,214855,0
2016-10-21,22.377,22.394,22.367,22.387,60289,0
2016-10-24,22.387,22.397,22.357,22.367,99757,0
2016-10-25,22.357,22.377,22.357,22.377,88928,0
2016-10-26,22.367,22.387,22.367,22.387,83331,0
2016-10-27,22.397,22.397,22.377,22.377,229534,0
2016-10-28,22.377,22.387,22.377,22.377,86612,0
2016-10-31,22.377,22.397,22.377,22.397,68653,0
2016-11-01,22.4,22.4,22.38,22.39,135697,0
2016-11-02,22.38,22.42,22.38,22.41,166332,0
2016-11-03,22.39,22.405,22.39,22.39,60608,0
2016-11-04,22.4,22.41,22.39,22.39,122953,0
2016-11-07,22.39,22.4,22.38,22.395,69303,0
2016-11-08,22.41,22.41,22.38,22.387,115469,0
2016-11-09,22.38,22.39,22.37,22.39,112959,0
2016-11-10,22.37,22.39,22.36,22.36,57481,0
2016-11-11,22.36,22.379,22.3,22.34,160112,0
2016-11-14,22.36,22.36,22.27,22.33,435575,0
2016-11-15,22.3,22.33,22.29,22.33,173567,0
2016-11-16,22.37,22.37,22.338,22.356,364832,0
2016-11-17,22.33,22.37,22.32,22.35,166783,0
2016-11-18,22.35,22.36,22.34,22.36,175238,0
2016-11-21,22.35,22.37,22.333,22.37,359788,0
2016-11-22,22.35,22.39,22.35,22.38,179813,0
2016-11-23,22.39,22.39,22.35,22.35,105376,0
2016-11-25,22.37,22.385,22.35,22.35,103794,0
2016-11-28,22.37,22.39,22.37,22.37,76706,0
2016-11-29,22.37,22.39,22.36,22.39,136636,0
2016-11-30,22.38,22.39,22.36,22.38,734668,0
2016-12-01,22.365,22.395,22.355,22.365,83286,0
2016-12-02,22.385,22.395,22.365,22.385,142296,0
2016-12-05,22.375,22.395,22.365,22.365,118916,0
2016-12-06,22.385,22.395,22.365,22.375,166597,0
2016-12-07,22.385,22.385,22.365,22.365,74352,0
2016-12-08,22.365,22.395,22.365,22.385,166765,0
2016-12-09,22.365,22.405,22.365,22.395,145306,0
2016-12-12,22.375,22.392,22.335,22.375,735017,0
2016-12-13,22.365,22.385,22.355,22.375,116819,0
2016-12-14,22.385,22.395,22.355,22.369,87873,0
2016-12-15,22.355,22.385,22.355,22.375,120097,0
2016-12-16,22.385,22.395,22.365,22.395,152775,0
2016-12-19,22.395,22.395,22.365,22.395,69644,0
2016-12-20,22.375,22.388,22.365,22.365,101011,0
2016-12-21,22.385,22.415,22.371,22.405,128431,0
2016-12-22,22.405,22.405,22.395,22.395,64025,0
2016-12-23,22.385,22.405,22.385,22.395,82706,0
2016-12-27,22.415,22.415,22.395,22.395,77775,0
2016-12-28,22.376,22.396,22.376,22.386,189481,0
2016-12-29,22.396,22.405,22.366,22.392,124132,0
2016-12-30,22.386,22.396,22.386,22.396,74008,0
2017-01-03,22.386,22.396,22.376,22.396,239684,0
2017-01-04,22.396,22.406,22.386,22.396,302069,0
2017-01-05,22.386,22.406,22.386,22.406,248803,0
2017-01-06,22.396,22.406,22.386,22.406,218862,0
2017-01-09,22.396,22.406,22.376,22.396,126917,0
2017-01-10,22.386,22.396,22.386,22.396,111840,0
2017-01-11,22.386,22.406,22.386,22.396,285960,0
2017-01-12,22.406,22.406,22.396,22.396,240771,0
2017-01-13,22.396,22.406,22.376,22.386,151542,0
2017-01-17,22.386,22.436,22.386,22.396,135653,0
2017-01-18,22.386,22.401,22.386,22.396,298708,0
2017-01-19,22.396,22.411,22.386,22.396,293486,0
2017-01-20,22.386,22.396,22.376,22.396,425110,0
2017-01-23,22.406,22.436,22.396,22.406,92044,0
2017-01-24,22.406,22.426,22.396,22.403,219713,0
2017-01-25,22.396,22.406,22.386,22.406,265703,0
2017-01-26,22.406,22.406,22.396,22.406,316950,0
2017-01-27,22.406,22.446,22.396,22.396,146261,0
2017-01-30,22.406,22.416,22.396,22.406,187046,0
2017-01-31,22.406,22.436,22.406,22.416,150960,0
2017-02-01,22.433,22.433,22.373,22.413,2846960,0
2017-02-02,22.393,22.413,22.393,22.413,175112,0
2017-02-03,22.413,22.423,22.403,22.413,129873,0
2017-02-06,22.413,22.423,22.413,22.423,197874,0
2017-02-07,22.413,22.423,22.403,22.423,201806,0
2017-02-08,22.413,22.423,22.413,22.423,202235,0
2017-02-09,22.423,22.433,22.413,22.423,381404,0
2017-02-10,22.423,22.433,22.423,22.423,123010,0
2017-02-13,22.423,22.443,22.413,22.423,310770,0
2017-02-14,22.433,22.433,22.413,22.423,149952,0
2017-02-15,22.423,22.433,22.413,22.423,160064,0
2017-02-16,22.423,22.433,22.413,22.423,165045,0
2017-02-17,22.423,22.443,22.423,22.423,143482,0
2017-02-21,22.423,22.453,22.423,22.428,306043,0
2017-02-22,22.423,22.433,22.423,22.428,181865,0
2017-02-23,22.433,22.443,22.426,22.433,90461,0
2017-02-24,22.433,22.443,22.433,22.443,186174,0
2017-02-27,22.433,22.443,22.433,22.443,177810,0
2017-02-28,22.443,22.443,22.433,22.443,204813,0
2017-03-01,22.434,22.464,22.424,22.444,114405,0
2017-03-02,22.434,22.444,22.424,22.434,202504,0
2017-03-03,22.424,22.444,22.424,22.444,75399,0
2017-03-06,22.434,22.454,22.434,22.454,146983,0
2017-03-07,22.434,22.454,22.434,22.454,208977,0
2017-03-08,22.444,22.454,22.444,22.454,127489,0
2017-03-09,22.454,22.454,22.434,22.444,574894,0
2017-03-10,22.434,22.444,22.424,22.434,162483,0
2017-03-13,22.434,22.444,22.424,22.444,101579,0
2017-03-14,22.434,22.444,22.424,22.444,93031,0
2017-03-15,22.434,22.454,22.434,22.444,67074,0
2017-03-16,22.444,22.454,22.434,22.444,98600,0
2017-03-17,22.434,22.444,22.434,22.434,212219,0
2017-03-20,22.434,22.444,22.434,22.439,109932,0
2017-03-21,22.444,22.444,22.434,22.444,126148,0
2017-03-22,22.444,22.454,22.434,22.454,119468,0
2017-03-23,22.454,22.454,22.444,22.454,79434,0
2017-03-24,22.444,22.454,22.444,22.454,63448,0
2017-03-27,22.444,22.451,22.424,22.444,283592,0
2017-03-28,22.444,22.454,22.404,22.454,214874,0
2017-03-29,22.444,22.454,22.434,22.454,152917,0
2017-03-30,22.454,22.454,22.434,22.454,137594,0
2017-03-31,22.454,22.454,22.434,22.454,63222,0
2017-04-03,22.446,22.465,22.446,22.456,100455,0
2017-04-04,22.456,22.456,22.446,22.456,194853,0
2017-04-05,22.456,22.456,22.446,22.456,69477,0
2017-04-06,22.456,22.456,22.446,22.456,73395,0
2017-04-07,22.456,22.465,22.446,22.451,83038,0
2017-04-10,22.456,22.465,22.446,22.465,168935,0
2017-04-11,22.456,22.465,22.456,22.461,103735,0
2017-04-12,22.456,22.465,22.446,22.456,95369,0
2017-04-13,22.456,22.465,22.456,22.456,82816,0
2017-04-17,22.465,22.465,22.446,22.465,130196,0
2017-04-18,22.456,22.465,22.456,22.465,99598,0
2017-04-19,22.465,22.485,22.456,22.461,103129,0
2017-04-20,22.465,22.485,22.456,22.465,117353,0
2017-04-21,22.456,22.475,22.456,22.465,121157,0
2017-04-24,22.456,22.475,22.456,22.465,96990,0
2017-04-25,22.456,22.475,22.456,22.475,201450,0
2017-04-26,22.465,22.475,22.456,22.465,84604,0
2017-04-27,22.475,22.475,22.456,22.461,198470,0
2017-04-28,22.475,22.475,22.456,22.465,96945,0
2017-05-01,22.476,22.496,22.476,22.486,87168,0
2017-05-02,22.486,22.496,22.476,22.476,120231,0
2017-05-03,22.476,22.486,22.466,22.466,155358,0
2017-05-04,22.476,22.486,22.466,22.466,232033,0
2017-05-05,22.476,22.486,22.466,22.476,190633,0
2017-05-08,22.486,22.486,22.476,22.486,67476,0
2017-05-09,22.476,22.486,22.466,22.476,90824,0
2017-05-10,22.476,22.486,22.468,22.486,1040756,0
2017-05-11,22.476,22.486,22.476,22.476,91241,0
2017-05-12,22.476,22.496,22.476,22.496,49341,0
2017-05-15,22.486,22.506,22.486,22.506,87870,0
2017-05-16,22.486,22.496,22.486,22.486,83118,0
2017-05-17,22.486,22.516,22.486,22.516,719150,0
2017-05-18,22.516,22.516,22.496,22.496,91441,0
2017-05-19,22.496,22.516,22.486,22.506,64233,0
2017-05-22,22.486,22.516,22.486,22.496,74633,0
2017-05-23,22.496,22.516,22.486,22.496,104456,0
2017-05-24,22.496,22.506,22.486,22.506,93177,0
2017-05-25,22.496,22.508,22.486,22.496,157034,0
2017-05-26,22.496,22.516,22.496,22.516,38052,0
2017-05-30,22.516,22.516,22.496,22.506,119827,0
2017-05-31,22.496,22.506,22.496,22.506,68416,0
2017-06-01,22.5,22.52,22.5,22.51,119912,0
2017-06-02,22.5,22.52,22.5,22.52,129204,0
2017-06-05,22.5,22.52,22.5,22.51,90705,0
2017-06-06,22.5,22.52,22.5,22.51,208994,0
2017-06-07,22.52,22.52,22.49,22.51,112140,0
2017-06-08,22.52,22.53,22.5,22.51,138696,0
2017-06-09,22.5,22.51,22.49,22.5,74628,0
2017-06-12,22.51,22.51,22.5,22.51,112031,0
2017-06-13,22.5,22.51,22.5,22.51,44243,0
2017-06-14,22.5,22.51,22.5,22.51,79512,0
2017-06-15,22.51,22.536,22.5,22.5,173676,0
2017-06-16,22.5,22.51,22.5,22.51,31560,0
2017-06-19,22.5,22.52,22.5,22.51,72514,0
2017-06-20,22.52,22.52,22.51,22.52,62943,0
2017-06-21,22.51,22.52,22.5,22.505,203160,0
2017-06-22,22.5,22.52,22.5,22.52,245082,0
2017-06-23,22.51,22.52,22.51,22.51,74303,0
2017-06-26,22.51,22.52,22.5,22.52,72552,0
2017-06-27,22.51,22.52,22.51,22.515,109962,0
2017-06-28,22.51,22.53,22.51,22.52,97886,0
2017-06-29,22.52,22.52,22.51,22.51,140175,0
2017-06-30,22.51,22.53,22.51,22.51,69115,0
2017-07-03,22.51,22.53,22.5,22.51,44286,0
2017-07-05,22.51,22.52,22.51,22.51,71865,0
2017-07-06,22.52,22.53,22.51,22.51,77992,0
2017-07-07,22.52,22.53,22.51,22.515,52691,0
2017-07-10,22.52,22.53,22.52,22.521,81728,0
2017-07-11,22.52,22.53,22.51,22.52,79457,0
2017-07-12,22.52,22.529,22.51,22.52,107008,0
2017-07-13,22.52,22.53,22.51,22.52,1174013,0
2017-07-14,22.52,22.53,22.51,22.52,100035,0
2017-07-17,22.53,22.53,22.52,22.525,65319,0
2017-07-18,22.53,22.53,22.52,22.525,181915,0
2017-07-19,22.53,22.54,22.52,22.54,71048,0
2017-07-20,22.53,22.54,22.52,22.525,131573,0
2017-07-21,22.53,22.54,22.52,22.54,58838,0
2017-07-24,22.53,22.54,22.53,22.535,146863,0
2017-07-25,22.52,22.54,22.52,22.53,78863,0
2017-07-26,22.53,22.54,22.52,22.53,127044,0
2017-07-27,22.54,22.55,22.53,22.548,80264,0
2017-07-28,22.54,22.56,22.534,22.54,58728,0
2017-07-31,22.54,22.56,22.53,22.54,76596,0
2017-08-01,22.55,22.56,22.53,22.54,101172,0
2017-08-02,22.53,22.55,22.53,22.54,75864,0
2017-08-03,22.54,22.56,22.531,22.54,93881,0
2017-08-04,22.55,22.556,22.53,22.55,59409,0
2017-08-07,22.54,22.56,22.54,22.55,73026,0
2017-08-08,22.54,22.55,22.54,22.54,91796,0
2017-08-09,22.54,22.55,22.54,22.55,95673,0
2017-08-10,22.54,22.55,22.53,22.54,86153,0
2017-08-11,22.54,22.56,22.54,22.54,50774,0
2017-08-14,22.54,22.56,22.54,22.555,127073,0
2017-08-15,22.56,22.568,22.54,22.55,92220,0
2017-08-16,22.55,22.56,22.54,22.55,205547,0
2017-08-17,22.54,22.565,22.54,22.545,83590,0
2017-08-18,22.55,22.57,22.545,22.55,41541,0
2017-08-21,22.55,22.57,22.54,22.56,52771,0
2017-08-22,22.54,22.56,22.54,22.54,223484,0
2017-08-23,22.55,22.56,22.54,22.54,261375,0
2017-08-24,22.55,22.56,22.54,22.55,104071,0
2017-08-25,22.54,22.56,22.54,22.555,77421,0
2017-08-28,22.56,22.56,22.55,22.555,127861,0
2017-08-29,22.56,22.57,22.55,22.56,59288,0
2017-08-30,22.56,22.57,22.55,22.555,87248,0
2017-08-31,22.55,22.58,22.55,22.58,28834,0
2017-09-01,22.59,22.59,22.55,22.56,52650,0
2017-09-05,22.56,22.58,22.55,22.56,132858,0
2017-09-06,22.55,22.58,22.55,22.58,80097,0
2017-09-07,22.57,22.58,22.56,22.58,579128,0
2017-09-08,22.56,22.57,22.56,22.56,84209,0
2017-09-11,22.57,22.57,22.55,22.57,92962,0
2017-09-12,22.56,22.57,22.55,22.56,91256,0
2017-09-13,22.56,22.57,22.55,22.56,45340,0
2017-09-14,22.56,22.58,22.55,22.57,287288,0
2017-09-15,22.56,22.58,22.56,22.56,64917,0
2017-09-18,22.57,22.57,22.56,22.56,72658,0
2017-09-19,22.57,22.58,22.57,22.57,106238,0
2017-09-20,22.57,22.59,22.56,22.56,155686,0
2017-09-21,22.56,22.57,22.56,22.56,142433,0
2017-09-22,22.57,22.58,22.56,22.57,129972,0
2017-09-25,22.57,22.58,22.57,22.58,79963,0
2017-09-26,22.56,22.589,22.56,22.575,62055,0
2017-09-27,22.59,22.59,22.57,22.58,108842,0
2017-09-28,22.57,22.58,22.565,22.57,30637,0
2017-09-29,22.57,22.58,22.57,22.575,70850,0
2017-10-02,22.57,22.58,22.57,22.58,48923,0
2017-10-03,22.587,22.59,22.57,22.58,102769,0
2017-10-04,22.57,22.59,22.57,22.57,80492,0
2017-10-05,22.58,22.58,22.57,22.58,109693,0
2017-10-06,22.58,22.6,22.57,22.58,189572,0
2017-10-09,22.58,22.59,22.57,22.585,43403,0
2017-10-10,22.58,22.59,22.571,22.585,53299,0
2017-10-11,22.58,22.59,22.57,22.59,77414,0
2017-10-12,22.57,22.59,22.57,22.58,148698,0
2017-10-13,22.58,22.59,22.58,22.589,19800,0
2017-10-16,22.57,22.59,22.57,22.58,74022,0
2017-10-17,22.58,22.59,22.58,22.59,47547,0
2017-10-18,22.58,22.59,22.58,22.58,59293,0
2017-10-19,22.58,22.59,22.58,22.585,49932,0
2017-10-20,22.58,22.59,22.58,22.58,59596,0
2017-10-23,22.58,22.6,22.58,22.59,97549,0
2017-10-24,22.598,22.6,22.58,22.59,39819,0
2017-10-25,22.58,22.6,22.58,22.59,97543,0
2017-10-26,22.58,22.6,22.58,22.59,137355,0
2017-10-27,22.59,22.61,22.59,22.605,155714,0
2017-10-30,22.593,22.61,22.59,22.61,107506,0
2017-10-31,22.605,22.61,22.591,22.6,65090,0
2017-11-01,22.58,22.61,22.58,22.6,140558,0
2017-11-02,22.6,22.61,22.6,22.6,102097,0
2017-11-03,22.6,22.61,22.6,22.6,35274,0
2017-11-06,22.6,22.618,22.59,22.61,61479,0
2017-11-07,22.6,22.62,22.6,22.605,63815,0
2017-11-08,22.62,22.62,22.61,22.61,100193,0
2017-11-09,22.6,22.6114,22.6,22.6,65242,0
2017-11-10,22.6,22.61,22.6,22.6,63296,0
