Date,Open,High,Low,Close,Volume,OpenInt
2012-04-02,17.561,17.561,17.553,17.553,2680,0
2012-04-03,17.596,17.596,17.468,17.468,13007,0
2012-04-04,17.495,17.503,17.478,17.503,3504,0
2012-04-05,17.519,17.528,17.519,17.528,2969,0
2012-04-09,17.611,17.621,17.611,17.621,1550,0
2012-04-10,17.639,17.664,17.639,17.664,2512,0
2012-04-11,17.528,17.553,17.528,17.553,1542,0
2012-04-13,17.63,17.63,17.63,17.63,2399,0
2012-04-16,17.639,17.639,17.611,17.611,3875,0
2012-04-18,17.664,17.664,17.664,17.664,161,0
2012-04-20,17.664,17.674,17.655,17.655,2307,0
2012-04-23,17.702,17.702,17.702,17.702,1139,0
2012-04-24,17.684,17.684,17.674,17.674,2512,0
2012-04-26,17.718,17.718,17.702,17.702,2392,0
2012-04-27,17.727,17.727,17.709,17.727,6959,0
2012-04-30,17.746,17.746,17.738,17.738,4864,0
2012-05-02,17.709,17.709,17.709,17.709,5714,0
2012-05-03,17.786,17.786,17.727,17.727,8634,0
2012-05-08,17.852,17.852,17.852,17.852,2251,0
2012-05-09,17.852,17.871,17.852,17.861,5083,0
2012-05-10,17.777,17.777,17.777,17.777,1407,0
2012-05-11,17.871,17.88,17.871,17.88,4450,0
2012-05-14,17.871,17.871,17.852,17.852,2969,0
2012-05-16,17.736,17.736,17.736,17.736,1018,0
2012-05-17,17.709,17.769,17.702,17.753,5001,0
2012-05-18,17.709,17.736,17.674,17.674,2665,0
2012-05-21,17.693,17.702,17.664,17.693,12219,0
2012-05-22,17.579,17.579,17.503,17.503,1139,0
2012-05-24,17.639,17.639,17.611,17.611,1391,0
2012-05-25,17.702,17.702,17.702,17.702,1376,0
2012-05-30,17.786,17.823,17.786,17.796,917,0
2012-05-31,17.806,17.806,17.806,17.806,2270,0
2012-06-01,17.876,17.876,17.876,17.876,2787,0
2012-06-05,17.776,17.776,17.743,17.767,3998,0
2012-06-06,17.767,17.767,17.767,17.767,207,0
2012-06-07,17.776,17.776,17.767,17.767,3017,0
2012-06-08,17.829,17.829,17.829,17.829,1136,0
2012-06-11,17.858,17.858,17.858,17.858,5697,0
2012-06-12,17.839,17.839,17.792,17.801,10444,0
2012-06-13,17.792,17.81,17.792,17.81,6263,0
2012-06-14,17.775,17.839,17.775,17.82,2298,0
2012-06-15,17.876,17.886,17.876,17.886,4077,0
2012-06-18,17.932,17.94,17.932,17.94,1371,0
2012-06-19,17.923,17.991,17.894,17.894,7434,0
2012-06-20,17.966,17.966,17.966,17.966,1397,0
2012-06-21,17.983,18.025,17.983,17.983,6882,0
2012-06-22,17.993,17.993,17.993,17.993,464,0
2012-06-25,17.999,17.999,17.999,17.999,609,0
2012-06-26,17.957,17.975,17.957,17.975,1997,0
2012-06-27,17.975,17.975,17.975,17.975,1376,0
2012-06-28,18.042,18.042,17.94,17.94,19752,0
2012-06-29,17.915,17.951,17.915,17.951,2294,0
2012-07-02,18.131,18.131,18.009,18.009,80592,0
2012-07-03,18.101,18.101,18.101,18.101,5380,0
2012-07-06,18.131,18.192,18.131,18.166,20108,0
2012-07-09,18.139,18.148,18.069,18.131,31549,0
2012-07-10,18.148,18.235,18.148,18.226,12507,0
2012-07-11,18.184,18.26,18.139,18.139,58211,0
2012-07-12,18.21,18.26,18.174,18.26,18752,0
2012-07-13,18.207,18.248,18.207,18.223,13020,0
2012-07-16,18.325,18.351,18.278,18.316,11005,0
2012-07-17,18.361,18.389,18.252,18.389,20807,0
2012-07-18,18.453,18.461,18.398,18.461,13189,0
2012-07-19,18.478,18.502,18.433,18.469,12198,0
2012-07-20,18.491,18.516,18.458,18.458,8555,0
2012-07-23,18.36,18.452,18.36,18.405,9628,0
2012-07-24,18.512,18.512,18.426,18.426,12991,0
2012-07-25,18.519,18.519,18.493,18.493,1358,0
2012-07-26,18.519,18.519,18.51,18.51,6639,0
2012-07-27,18.356,18.366,18.356,18.356,2885,0
2012-07-30,18.51,18.519,18.51,18.519,3557,0
2012-08-01,18.491,18.491,18.491,18.491,9630,0
2012-08-03,18.499,18.499,18.466,18.466,1242,0
2012-08-06,18.483,18.562,18.483,18.562,4325,0
2012-08-07,18.487,18.487,18.487,18.487,1639,0
2012-08-08,18.476,18.476,18.476,18.476,3484,0
2012-08-09,18.402,18.412,18.356,18.412,6715,0
2012-08-10,18.439,18.449,18.439,18.439,2150,0
2012-08-13,18.499,18.499,18.466,18.466,359,0
2012-08-14,18.384,18.393,18.366,18.366,20758,0
2012-08-16,18.303,18.303,18.109,18.109,58258,0
2012-08-17,18.201,18.201,18.201,18.201,291,0
2012-08-20,18.153,18.231,18.137,18.145,150896,0
2012-08-21,18.171,18.207,18.145,18.207,14182,0
2012-08-22,18.293,18.293,18.293,18.293,562,0
2012-08-23,18.338,18.393,18.338,18.393,962,0
2012-08-24,18.407,18.407,18.407,18.407,445,0
2012-08-27,18.439,18.439,18.439,18.439,284,0
2012-08-28,18.476,18.476,18.476,18.476,1365,0
2012-08-29,18.453,18.453,18.352,18.352,1395,0
2012-08-30,18.494,18.494,18.444,18.478,1086,0
2012-08-31,18.509,18.545,18.492,18.526,6140,0
2012-09-04,18.538,18.538,18.51,18.529,2419,0
2012-09-05,18.547,18.547,18.547,18.547,3982,0
2012-09-06,18.502,18.502,18.478,18.493,3259,0
2012-09-07,18.539,18.539,18.53,18.53,7234,0
2012-09-11,18.539,18.548,18.539,18.548,6317,0
2012-09-12,18.53,18.53,18.487,18.494,11396,0
2012-09-13,18.548,18.548,18.416,18.512,5104,0
2012-09-14,18.51,18.51,18.415,18.442,9391,0
2012-09-17,18.503,18.53,18.503,18.503,6219,0
2012-09-18,18.599,18.599,18.494,18.52,14617,0
2012-09-19,18.599,18.607,18.566,18.592,9512,0
2012-09-20,18.607,18.607,18.574,18.574,5356,0
2012-09-21,18.573,18.614,18.573,18.614,6959,0
2012-09-24,18.644,18.661,18.592,18.651,14833,0
2012-09-25,18.661,18.661,18.644,18.661,4010,0
2012-09-26,18.666,18.721,18.666,18.703,12878,0
2012-09-27,18.713,18.727,18.694,18.721,5466,0
2012-09-28,18.719,18.719,18.71,18.71,411,0
2012-10-01,18.739,18.822,18.73,18.794,23978,0
2012-10-02,18.828,18.828,18.773,18.828,3419,0
2012-10-03,18.81,18.848,18.81,18.848,6164,0
2012-10-04,18.848,18.848,18.82,18.82,3785,0
2012-10-05,18.785,18.803,18.766,18.766,5411,0
2012-10-08,18.84,18.85,18.766,18.85,1845,0
2012-10-09,18.84,18.84,18.822,18.822,4600,0
2012-10-10,18.794,18.859,18.785,18.785,5222,0
2012-10-11,18.84,18.868,18.84,18.868,3040,0
2012-10-12,18.878,18.93,18.878,18.93,4922,0
2012-10-15,18.939,18.939,18.939,18.939,1230,0
2012-10-16,18.983,18.983,18.957,18.974,6275,0
2012-10-17,18.948,18.948,18.948,18.948,460,0
2012-10-18,18.939,18.939,18.894,18.894,5270,0
2012-10-19,18.964,18.964,18.964,18.964,166,0
2012-10-22,18.948,18.948,18.904,18.93,3678,0
2012-10-23,18.893,18.921,18.893,18.903,12632,0
2012-10-24,18.93,18.939,18.93,18.939,4509,0
2012-10-25,18.859,18.894,18.859,18.878,16175,0
2012-10-26,18.901,18.911,18.857,18.911,25973,0
2012-10-31,19.028,19.028,18.967,18.967,6040,0
2012-11-01,19.032,19.032,18.937,18.937,10332,0
2012-11-02,18.99,19.006,18.99,19.006,527,0
2012-11-05,19.041,19.049,19.041,19.049,3594,0
2012-11-06,19.018,19.018,18.921,18.947,19358,0
2012-11-07,19.049,19.059,18.992,18.992,5486,0
2012-11-08,18.973,18.973,18.93,18.973,559,0
2012-11-09,19.016,19.032,18.919,18.972,11821,0
2012-11-13,19.016,19.016,19.016,19.016,105,0
2012-11-14,19.006,19.016,19.006,19.016,5797,0
2012-11-15,18.981,19.025,18.919,19.025,1703,0
2012-11-16,19.043,19.043,18.93,19.018,4049,0
2012-11-19,19.032,19.032,19.025,19.025,1074,0
2012-11-20,19.025,19.025,18.999,18.999,3467,0
2012-11-21,18.955,18.955,18.919,18.946,16404,0
2012-11-26,18.99,18.99,18.972,18.981,2304,0
2012-11-27,18.964,19.016,18.964,19.016,3278,0
2012-11-28,19.032,19.032,18.99,18.999,3065,0
2012-11-29,19.032,19.032,19.032,19.032,296,0
2012-11-30,19.061,19.061,19.044,19.044,2604,0
2012-12-03,19.008,19.033,18.966,19.033,30588,0
2012-12-04,19.052,19.052,19.052,19.052,4383,0
2012-12-05,19.094,19.103,19.049,19.103,9515,0
2012-12-06,19.111,19.12,19.094,19.094,31664,0
2012-12-07,19.078,19.078,19.059,19.059,3701,0
2012-12-10,19.059,19.087,19.008,19.087,10727,0
2012-12-11,19.059,19.059,19.043,19.049,25799,0
2012-12-12,19.078,19.078,18.983,19.033,9177,0
2012-12-13,19.008,19.018,18.93,18.992,22423,0
2012-12-14,18.983,19.026,18.93,19,28009,0
2012-12-17,18.983,19,18.939,18.947,11947,0
2012-12-18,18.973,18.973,18.921,18.93,13649,0
2012-12-19,18.966,18.973,18.957,18.966,4809,0
2012-12-20,19.008,19.018,18.947,18.983,31908,0
2012-12-21,19.312,19.393,18.93,19,3675,0
2012-12-24,19,19.008,19,19.008,202,0
2012-12-26,18.992,18.992,18.939,18.992,1576,0
2012-12-27,19.052,19.097,19.036,19.09,2703,0
2012-12-28,19.123,19.123,19.123,19.123,776,0
2012-12-31,19.061,19.105,19.051,19.061,2568,0
2013-01-02,19.141,19.141,18.94,19.028,42220,0
2013-01-03,19.036,19.036,18.931,18.931,3353,0
2013-01-04,18.95,18.959,18.887,18.931,7198,0
2013-01-07,18.986,19.002,18.976,18.986,30567,0
2013-01-08,19.062,19.062,19.002,19.028,6068,0
2013-01-09,19.047,19.074,19.029,19.029,15179,0
2013-01-10,19.022,19.038,18.995,19.022,104451,0
2013-01-11,19.011,19.028,18.931,19.019,10014,0
2013-01-14,19.072,19.072,19.062,19.072,4554,0
2013-01-15,19.08,19.097,19.052,19.062,3014,0
2013-01-16,19.08,19.08,18.993,19.028,16970,0
2013-01-17,19.002,19.019,18.959,19.019,3436,0
2013-01-18,19.047,19.047,19.029,19.047,6999,0
2013-01-22,19.045,19.045,19.011,19.028,5939,0
2013-01-23,19.082,19.082,19.02,19.082,3238,0
2013-01-24,19.052,19.052,18.993,19.052,4199,0
2013-01-25,19.013,19.013,18.897,18.969,13652,0
2013-01-28,18.897,18.942,18.897,18.933,7199,0
2013-01-29,18.952,18.952,18.881,18.889,166062,0
2013-01-30,18.871,18.897,18.853,18.889,47841,0
2013-01-31,18.918,18.927,18.855,18.891,4679,0
2013-02-01,18.952,18.952,18.861,18.861,9719,0
2013-02-04,18.933,18.969,18.907,18.942,44761,0
2013-02-05,18.887,18.887,18.87,18.88,23959,0
2013-02-06,18.87,18.932,18.87,18.923,58891,0
2013-02-07,18.941,18.951,18.923,18.923,24119,0
2013-02-08,18.96,18.96,18.915,18.941,18363,0
2013-02-11,18.942,18.942,18.933,18.942,6613,0
2013-02-12,18.925,18.942,18.907,18.933,21721,0
2013-02-13,18.907,18.907,18.833,18.871,10961,0
2013-02-14,18.942,18.942,18.815,18.889,27301,0
2013-02-15,18.915,18.915,18.88,18.896,1561,0
2013-02-19,18.961,18.961,18.897,18.897,9602,0
2013-02-20,18.915,18.923,18.896,18.923,25673,0
2013-02-21,18.969,18.978,18.952,18.961,17674,0
2013-02-22,18.994,18.994,18.987,18.987,1404,0
2013-02-25,18.978,19.083,18.961,19.083,18049,0
2013-02-26,18.969,19.108,18.969,19.083,8233,0
2013-02-27,19.116,19.116,19.028,19.073,26435,0
2013-02-28,19.078,19.078,19.041,19.078,15417,0
2013-03-01,19.116,19.116,19.091,19.107,18845,0
2013-03-04,19.091,19.098,19.063,19.073,27612,0
2013-03-05,19.069,19.079,19.059,19.079,24637,0
2013-03-06,19.049,19.059,19.026,19.033,10471,0
2013-03-07,19.017,19.017,18.982,18.982,6382,0
2013-03-08,18.96,18.969,18.896,18.941,47710,0
2013-03-11,18.969,18.969,18.932,18.941,10225,0
2013-03-12,18.987,18.987,18.96,18.969,5995,0
2013-03-13,18.994,18.994,18.932,18.969,7446,0
2013-03-14,18.969,18.977,18.969,18.977,9840,0
2013-03-15,19.026,19.033,18.982,19.033,3728,0
2013-03-18,19.073,19.073,19.046,19.053,4970,0
2013-03-19,19.082,19.107,19.063,19.107,20158,0
2013-03-20,19.082,19.082,19.082,19.082,4288,0
2013-03-22,19.069,19.069,19.049,19.059,2216,0
2013-03-25,19.082,19.082,19.046,19.073,3471,0
2013-03-26,19.063,19.082,19.053,19.082,6737,0
2013-03-27,19.087,19.139,19.087,19.13,9578,0
2013-03-28,19.13,19.147,19.121,19.147,14431,0
2013-04-01,19.147,19.156,19.139,19.147,5833,0
2013-04-02,19.164,19.164,19.103,19.138,6398,0
2013-04-03,19.194,19.211,19.174,19.202,6475,0
2013-04-04,19.249,19.277,19.24,19.277,7011,0
2013-04-05,19.315,19.363,19.306,19.353,94151,0
2013-04-08,19.324,19.344,19.278,19.278,8143,0
2013-04-09,19.334,19.334,19.278,19.315,19779,0
2013-04-10,19.287,19.305,19.22,19.277,8418,0
2013-04-11,19.296,19.296,19.221,19.278,8629,0
2013-04-12,19.314,19.362,19.305,19.334,7920,0
2013-04-15,19.353,19.353,19.334,19.334,5696,0
2013-04-16,19.324,19.372,19.306,19.334,6763,0
2013-04-17,19.259,19.379,19.259,19.334,7755,0
2013-04-18,19.379,19.397,19.324,19.344,10862,0
2013-04-19,19.396,19.396,19.324,19.396,17179,0
2013-04-22,19.406,19.416,19.352,19.416,9116,0
2013-04-23,19.416,19.416,19.372,19.372,4887,0
2013-04-24,19.424,19.433,19.372,19.379,26279,0
2013-04-25,19.396,19.406,19.387,19.406,16622,0
2013-04-26,19.467,19.467,19.416,19.451,10220,0
2013-04-29,19.485,19.485,19.441,19.451,14556,0
2013-04-30,19.472,19.472,19.447,19.453,28204,0
2013-05-01,19.532,19.541,19.477,19.532,151819,0
2013-05-02,19.537,19.537,19.509,19.529,85676,0
2013-05-03,19.457,19.503,19.406,19.441,18854,0
2013-05-06,19.424,19.424,19.387,19.406,28295,0
2013-05-07,19.412,19.412,19.378,19.392,51983,0
2013-05-08,19.402,19.42,19.384,19.412,48477,0
2013-05-09,19.402,19.42,19.384,19.402,44935,0
2013-05-10,19.396,19.396,19.305,19.334,22211,0
2013-05-13,19.296,19.314,19.267,19.314,33040,0
2013-05-14,19.296,19.296,19.211,19.249,14752,0
2013-05-15,19.267,19.267,19.183,19.23,28686,0
2013-05-16,19.249,19.334,19.249,19.296,145695,0
2013-05-17,19.31,19.31,19.226,19.273,72812,0
2013-05-20,19.287,19.305,19.24,19.249,67209,0
2013-05-21,19.24,19.277,19.22,19.267,131397,0
2013-05-22,19.287,19.362,19.164,19.164,185096,0
2013-05-23,19.164,19.183,19.147,19.147,21823,0
2013-05-24,19.159,19.198,19.135,19.159,20515,0
2013-05-28,19.091,19.125,19.02,19.02,19735,0
2013-05-29,19.016,19.086,19.016,19.025,28772,0
2013-05-30,19.046,19.054,19.012,19.028,26121,0
2013-05-31,19.025,19.025,18.881,18.881,176789,0
2013-06-03,18.969,18.994,18.905,18.94,62175,0
2013-06-04,18.944,18.971,18.89,18.927,10771,0
2013-06-05,18.989,18.989,18.834,18.935,9944,0
2013-06-06,18.935,18.981,18.806,18.881,11809,0
2013-06-07,18.969,18.969,18.914,18.914,15208,0
2013-06-10,18.887,18.887,18.822,18.85,17716,0
2013-06-11,18.736,18.83,18.721,18.83,66699,0
2013-06-12,18.783,18.822,18.756,18.783,16066,0
2013-06-13,18.775,18.869,18.775,18.869,46659,0
2013-06-14,18.89,18.918,18.881,18.909,5762,0
2013-06-17,18.905,18.914,18.85,18.86,45323,0
2013-06-18,18.825,18.825,18.787,18.806,13235,0
2013-06-19,18.765,18.812,18.587,18.587,14025,0
2013-06-20,18.495,18.495,18.405,18.434,12108,0
2013-06-21,18.361,18.4,18.277,18.39,17346,0
2013-06-24,18.214,18.214,18.061,18.205,28607,0
2013-06-25,18.161,18.249,18.126,18.249,13696,0
2013-06-26,18.352,18.352,18.224,18.325,15331,0
2013-06-27,18.4,18.437,18.38,18.427,17327,0
2013-06-28,18.511,18.529,18.412,18.529,22752,0
2013-07-01,18.418,18.456,18.287,18.447,24598,0
2013-07-02,18.466,18.476,18.326,18.373,41314,0
2013-07-03,18.368,18.472,18.368,18.462,3556,0
2013-07-05,18.361,18.361,18.18,18.18,50444,0
2013-07-08,18.277,18.316,18.268,18.287,6373,0
2013-07-09,18.316,18.343,18.249,18.333,31687,0
2013-07-10,18.325,18.325,18.268,18.316,54036,0
2013-07-11,18.447,18.456,18.39,18.456,64800,0
2013-07-12,18.447,18.498,18.427,18.437,19089,0
2013-07-15,18.498,18.515,18.464,18.515,14600,0
2013-07-16,18.527,18.537,18.466,18.537,7985,0
2013-07-17,18.603,18.603,18.514,18.514,20826,0
2013-07-18,18.622,18.622,18.525,18.58,10439,0
2013-07-19,18.624,18.644,18.546,18.644,19996,0
2013-07-22,18.59,18.678,18.59,18.668,17877,0
2013-07-23,18.632,18.668,18.612,18.642,14455,0
2013-07-24,18.598,18.598,18.508,18.58,10725,0
2013-07-25,18.554,18.58,18.525,18.58,6716,0
2013-07-26,18.599,18.607,18.537,18.607,9516,0
2013-07-29,18.598,18.598,18.515,18.58,17991,0
2013-07-30,18.492,18.572,18.492,18.564,32091,0
2013-07-31,18.527,18.607,18.466,18.599,58763,0
2013-08-01,18.542,18.561,18.397,18.48,144523,0
2013-08-02,18.614,18.614,18.484,18.556,14451,0
2013-08-05,18.564,18.592,18.466,18.537,94875,0
2013-08-06,18.462,18.542,18.462,18.533,27867,0
2013-08-07,18.564,18.592,18.509,18.592,40728,0
2013-08-08,18.564,18.614,18.537,18.607,15352,0
2013-08-09,18.592,18.624,18.556,18.607,65133,0
2013-08-12,18.634,18.634,18.537,18.572,22220,0
2013-08-13,18.499,18.509,18.466,18.499,6262,0
2013-08-14,18.429,18.499,18.429,18.484,14137,0
2013-08-15,18.298,18.439,18.298,18.391,27820,0
2013-08-16,18.42,18.42,18.308,18.354,18744,0
2013-08-19,18.344,18.344,18.181,18.278,15600,0
2013-08-20,18.34,18.34,18.229,18.247,7310,0
2013-08-21,18.326,18.326,18.208,18.251,20940,0
2013-08-22,18.265,18.293,18.221,18.275,19980,0
2013-08-23,18.275,18.35,18.275,18.35,20703,0
2013-08-26,18.275,18.406,18.275,18.377,29885,0
2013-08-27,18.406,18.426,18.332,18.397,21776,0
2013-08-28,18.406,18.416,18.387,18.387,22404,0
2013-08-29,18.416,18.453,18.332,18.397,84234,0
2013-08-30,18.566,18.575,18.538,18.566,47025,0
2013-09-03,18.387,18.387,18.323,18.368,19221,0
2013-09-04,18.387,18.387,18.284,18.284,87416,0
2013-09-05,18.275,18.293,18.195,18.221,55954,0
2013-09-06,18.247,18.313,18.247,18.284,5913,0
2013-09-09,18.303,18.303,18.238,18.247,153708,0
2013-09-10,18.275,18.275,18.214,18.229,16492,0
2013-09-11,18.293,18.293,18.221,18.275,16671,0
2013-09-12,18.247,18.34,18.247,18.284,16039,0
2013-09-13,18.323,18.323,18.256,18.313,13307,0
2013-09-16,18.416,18.426,18.265,18.303,34668,0
2013-09-17,18.303,18.377,18.303,18.368,28208,0
2013-09-18,18.377,18.603,18.293,18.523,22560,0
2013-09-19,18.533,18.542,18.472,18.505,70058,0
2013-09-20,18.514,18.561,18.472,18.533,54161,0
2013-09-23,18.462,18.57,18.462,18.542,13341,0
2013-09-24,18.496,18.612,18.496,18.561,21082,0
2013-09-25,18.462,18.658,18.462,18.596,9807,0
2013-09-26,18.667,18.667,18.561,18.631,16564,0
2013-09-27,18.667,18.677,18.621,18.649,29449,0
2013-09-30,18.67,18.753,18.67,18.753,9187,0
2013-10-01,18.636,18.662,18.565,18.654,20765,0
2013-10-02,18.607,18.721,18.599,18.711,12663,0
2013-10-03,18.682,18.727,18.672,18.711,8533,0
2013-10-04,18.672,18.701,18.626,18.672,6638,0
2013-10-07,18.727,18.727,18.654,18.701,18560,0
2013-10-08,18.682,18.701,18.662,18.672,8260,0
2013-10-09,18.636,18.701,18.583,18.672,9390,0
2013-10-10,18.654,18.691,18.592,18.672,9827,0
2013-10-11,18.711,18.711,18.682,18.682,8440,0
2013-10-14,18.744,18.801,18.701,18.727,17013,0
2013-10-15,18.682,18.682,18.592,18.646,9195,0
2013-10-16,18.691,18.744,18.672,18.721,5343,0
2013-10-17,18.811,18.849,18.801,18.849,13459,0
2013-10-18,18.801,18.868,18.801,18.859,11302,0
2013-10-21,18.868,18.878,18.839,18.859,6936,0
2013-10-22,18.913,18.96,18.859,18.96,12966,0
2013-10-23,18.905,19.003,18.905,18.969,14570,0
2013-10-24,19.003,19.003,18.922,18.95,7896,0
2013-10-25,18.895,18.96,18.887,18.96,6780,0
2013-10-28,18.859,18.969,18.859,18.95,9634,0
2013-10-29,18.887,19.012,18.887,18.969,5173,0
2013-10-30,19.012,19.029,18.922,18.969,27505,0
2013-10-31,19.091,19.091,18.976,19.029,7858,0
2013-11-01,18.946,18.946,18.892,18.901,18116,0
2013-11-04,18.928,18.937,18.845,18.901,23394,0
2013-11-05,18.855,18.883,18.788,18.864,22609,0
2013-11-06,18.965,18.965,18.855,18.901,20785,0
2013-11-07,18.855,18.928,18.855,18.928,6374,0
2013-11-08,18.798,18.798,18.706,18.724,7589,0
2013-11-11,18.788,18.806,18.76,18.769,113022,0
2013-11-12,18.76,18.779,18.716,18.769,68821,0
2013-11-13,18.816,18.845,18.779,18.798,4683,0
2013-11-14,18.769,18.901,18.769,18.874,13288,0
2013-11-15,18.937,18.937,18.835,18.911,47185,0
2013-11-18,18.928,18.946,18.874,18.928,7798,0
2013-11-19,18.919,18.919,18.835,18.892,34260,0
2013-11-20,18.864,18.928,18.825,18.825,19175,0
2013-11-21,18.825,18.855,18.769,18.855,15778,0
2013-11-22,18.855,18.901,18.845,18.845,9408,0
2013-11-25,18.845,18.937,18.835,18.919,6902,0
2013-11-26,18.874,18.992,18.874,18.956,29770,0
2013-11-27,19.027,19.027,18.919,18.919,6926,0
2013-11-29,19.065,19.065,18.96,18.969,5020,0
2013-12-02,18.949,18.949,18.848,18.894,356807,0
2013-12-03,18.949,18.949,18.894,18.913,29909,0
2013-12-04,18.867,18.877,18.819,18.877,51009,0
2013-12-05,18.8,18.867,18.772,18.809,22959,0
2013-12-06,18.858,18.867,18.819,18.848,40707,0
2013-12-09,18.93,18.93,18.867,18.877,6821,0
2013-12-10,18.828,18.922,18.828,18.904,47452,0
2013-12-11,18.939,18.939,18.877,18.877,7927,0
2013-12-12,18.877,18.894,18.838,18.877,61613,0
2013-12-13,18.913,18.913,18.894,18.894,8676,0
2013-12-16,18.922,18.986,18.886,18.913,53757,0
2013-12-17,18.994,18.994,18.867,18.959,26255,0
2013-12-18,19.064,19.064,18.904,19.029,34525,0
2013-12-19,18.968,18.968,18.848,18.922,51384,0
2013-12-20,18.994,18.994,18.894,18.959,20411,0
2013-12-23,19.012,19.012,18.913,18.913,15026,0
2013-12-24,19.055,19.055,18.904,18.913,6621,0
2013-12-26,19.003,19.003,18.828,18.904,71612,0
2013-12-27,18.948,18.948,18.884,18.912,13241,0
2013-12-30,18.837,18.948,18.837,18.93,6547,0
2013-12-31,18.921,18.93,18.865,18.875,23064,0
2014-01-02,18.92,18.975,18.875,18.902,89165,0
2014-01-03,18.93,18.967,18.912,18.939,80448,0
2014-01-06,18.958,19.002,18.93,18.985,25983,0
2014-01-07,19.091,19.091,18.993,19.011,32924,0
2014-01-08,19.037,19.037,18.912,18.948,31988,0
2014-01-09,18.985,18.985,18.92,18.975,23469,0
2014-01-10,19.074,19.108,19.02,19.108,80797,0
2014-01-13,19.181,19.181,19.091,19.099,20149,0
2014-01-14,19.219,19.219,19.074,19.091,40728,0
2014-01-15,19.126,19.126,19.02,19.074,16544,0
2014-01-16,19.144,19.144,19.064,19.083,21901,0
2014-01-17,19.191,19.191,19.064,19.116,50278,0
2014-01-21,19.171,19.171,19.046,19.152,50886,0
2014-01-22,19.091,19.099,19.028,19.074,10610,0
2014-01-23,19.074,19.126,19.046,19.083,19752,0
2014-01-24,19.083,19.287,19.074,19.116,55973,0
2014-01-27,19.136,19.136,19.099,19.108,18764,0
2014-01-28,19.116,19.144,19.083,19.144,43634,0
2014-01-29,19.191,19.344,19.108,19.181,42278,0
2014-01-30,19.21,19.219,19.152,19.2,22347,0
2014-01-31,19.238,19.238,19.171,19.21,295415,0
2014-02-03,19.212,19.29,19.194,19.27,31904,0
2014-02-04,19.241,19.27,19.203,19.27,39550,0
2014-02-05,19.241,19.241,19.174,19.212,44174,0
2014-02-06,19.222,19.222,19.164,19.174,107652,0
2014-02-07,19.222,19.251,19.174,19.174,124023,0
2014-02-10,19.222,19.241,19.184,19.203,53328,0
2014-02-11,19.212,19.241,19.147,19.203,26263,0
2014-02-12,19.203,19.203,19.155,19.194,62719,0
2014-02-13,19.184,19.26,19.184,19.26,24919,0
2014-02-14,19.232,19.29,19.232,19.27,18146,0
2014-02-18,19.29,19.338,19.222,19.308,49678,0
2014-02-19,19.29,19.377,19.29,19.299,41263,0
2014-02-20,19.28,19.29,19.232,19.28,25636,0
2014-02-21,19.241,19.28,19.241,19.26,29753,0
2014-02-24,19.328,19.338,19.26,19.29,23045,0
2014-02-25,19.29,19.328,19.29,19.328,48034,0
2014-02-26,19.448,19.448,19.29,19.338,18016,0
2014-02-27,19.367,19.384,19.328,19.384,29904,0
2014-02-28,19.347,19.402,19.328,19.367,31843,0
2014-03-03,19.342,19.442,19.342,19.416,46774,0
2014-03-04,19.468,19.468,19.342,19.361,77934,0
2014-03-05,19.303,19.342,19.303,19.332,128915,0
2014-03-06,19.293,19.386,19.264,19.293,97285,0
2014-03-07,19.332,19.332,19.188,19.255,19480,0
2014-03-10,19.284,19.284,19.216,19.245,22246,0
2014-03-11,19.226,19.312,19.207,19.236,31437,0
2014-03-12,19.332,19.332,19.245,19.284,30998,0
2014-03-13,19.236,19.361,19.226,19.342,128776,0
2014-03-14,19.342,19.416,19.322,19.371,47486,0
2014-03-17,19.274,19.322,19.274,19.303,26989,0
2014-03-18,19.342,19.342,19.322,19.322,16487,0
2014-03-19,19.361,19.361,19.188,19.236,49098,0
2014-03-20,19.178,19.245,19.142,19.178,24766,0
2014-03-21,19.188,19.216,19.178,19.216,12415,0
2014-03-24,19.216,19.216,19.168,19.207,31562,0
2014-03-25,19.236,19.236,19.158,19.216,19194,0
2014-03-26,19.284,19.293,19.226,19.284,14957,0
2014-03-27,19.264,19.284,19.216,19.284,23456,0
2014-03-28,19.245,19.303,19.197,19.255,17491,0
2014-03-31,19.226,19.264,19.188,19.264,36864,0
2014-04-01,19.26,19.348,19.232,19.27,48395,0
2014-04-02,19.232,19.241,19.203,19.222,37320,0
2014-04-03,19.232,19.241,19.203,19.203,23980,0
2014-04-04,19.28,19.319,19.251,19.299,13913,0
2014-04-07,19.329,19.393,19.329,19.358,34989,0
2014-04-08,19.378,19.403,19.339,19.403,35324,0
2014-04-09,19.413,19.449,19.368,19.449,33792,0
2014-04-10,19.413,19.502,19.413,19.484,23339,0
2014-04-11,19.502,19.502,19.484,19.502,25931,0
2014-04-14,19.475,19.512,19.43,19.493,32409,0
2014-04-15,19.475,19.502,19.449,19.484,32873,0
2014-04-16,19.475,19.493,19.421,19.449,50800,0
2014-04-17,19.421,19.421,19.368,19.378,21146,0
2014-04-21,19.421,19.421,19.358,19.403,49613,0
2014-04-22,19.413,19.413,19.339,19.378,28634,0
2014-04-23,19.413,19.421,19.384,19.421,36407,0
2014-04-24,19.403,19.413,19.384,19.413,43667,0
2014-04-25,19.378,19.455,19.378,19.413,21347,0
2014-04-28,19.384,19.421,19.384,19.413,40930,0
2014-04-29,19.378,19.413,19.378,19.393,93733,0
2014-04-30,19.421,19.455,19.413,19.455,24924,0
2014-05-01,19.471,19.508,19.471,19.499,20495,0
2014-05-02,19.418,19.508,19.418,19.508,32074,0
2014-05-05,19.499,19.499,19.461,19.49,40870,0
2014-05-06,19.49,19.499,19.451,19.499,16453,0
2014-05-07,19.508,19.518,19.481,19.518,29834,0
2014-05-08,19.564,19.564,19.518,19.556,21611,0
2014-05-09,19.537,19.564,19.508,19.564,16563,0
2014-05-12,19.499,19.574,19.499,19.556,19502,0
2014-05-13,19.564,19.591,19.528,19.584,19352,0
2014-05-14,19.609,19.644,19.591,19.618,73775,0
2014-05-15,19.637,19.663,19.618,19.644,27896,0
2014-05-16,19.644,19.679,19.609,19.653,84301,0
2014-05-19,19.663,19.698,19.663,19.663,68845,0
2014-05-20,19.644,19.689,19.628,19.689,78779,0
2014-05-21,19.653,19.679,19.644,19.679,20493,0
2014-05-22,19.637,19.679,19.609,19.663,38705,0
2014-05-23,19.663,19.679,19.644,19.67,31354,0
2014-05-27,19.653,19.67,19.637,19.653,40065,0
2014-05-28,19.653,19.726,19.653,19.698,39554,0
2014-05-29,19.663,19.726,19.663,19.689,48037,0
2014-05-30,19.653,19.717,19.637,19.67,160415,0
2014-06-02,19.633,19.668,19.606,19.615,142827,0
2014-06-03,19.57,19.624,19.561,19.606,78366,0
2014-06-04,19.58,19.606,19.552,19.606,40876,0
2014-06-05,19.624,19.643,19.58,19.633,34289,0
2014-06-06,19.643,19.649,19.596,19.624,53831,0
2014-06-09,19.596,19.675,19.561,19.58,36516,0
2014-06-10,19.606,19.606,19.552,19.58,21968,0
2014-06-11,19.624,19.624,19.57,19.596,29167,0
2014-06-12,19.624,19.633,19.589,19.624,19290,0
2014-06-13,19.589,19.624,19.57,19.606,23917,0
2014-06-16,19.615,19.615,19.543,19.552,29955,0
2014-06-17,19.589,19.589,19.524,19.561,21241,0
2014-06-18,19.589,19.633,19.58,19.624,33797,0
2014-06-19,19.675,19.675,19.606,19.649,39290,0
2014-06-20,19.643,19.643,19.596,19.615,47447,0
2014-06-23,19.633,19.643,19.615,19.643,40178,0
2014-06-24,19.668,19.703,19.615,19.624,101545,0
2014-06-25,19.659,19.713,19.659,19.695,15021,0
2014-06-26,19.713,19.722,19.703,19.722,17571,0
2014-06-27,19.742,19.742,19.703,19.732,18738,0
2014-06-30,19.732,19.779,19.695,19.742,138067,0
2014-07-01,19.712,19.798,19.712,19.731,36007,0
2014-07-02,19.684,19.702,19.632,19.675,38027,0
2014-07-03,19.658,19.658,19.595,19.648,41901,0
2014-07-07,19.667,19.675,19.614,19.658,70290,0
2014-07-08,19.675,19.702,19.675,19.694,51234,0
2014-07-09,19.702,19.731,19.648,19.731,73189,0
2014-07-10,19.741,19.779,19.684,19.702,87138,0
2014-07-11,19.751,19.759,19.702,19.751,15669,0
2014-07-14,19.684,19.741,19.684,19.712,36472,0
2014-07-15,19.722,19.722,19.675,19.694,32003,0
2014-07-16,19.684,19.731,19.684,19.722,48337,0
2014-07-17,19.779,19.779,19.702,19.769,12540,0
2014-07-18,19.722,19.788,19.722,19.741,55840,0
2014-07-21,19.759,19.769,19.712,19.741,152458,0
2014-07-22,19.751,19.759,19.731,19.759,26945,0
2014-07-23,19.769,19.779,19.751,19.769,11883,0
2014-07-24,19.779,19.779,19.712,19.712,34082,0
2014-07-25,19.751,19.759,19.702,19.741,25242,0
2014-07-28,19.741,19.741,19.684,19.741,81907,0
2014-07-29,19.759,19.769,19.702,19.741,29256,0
2014-07-30,19.712,19.731,19.648,19.684,52691,0
2014-07-31,19.605,19.675,19.605,19.658,27999,0
2014-08-01,19.748,19.785,19.7,19.738,42392,0
2014-08-04,19.776,19.815,19.7,19.757,33910,0
2014-08-05,19.766,19.776,19.728,19.757,13660,0
2014-08-06,19.766,19.795,19.738,19.757,34980,0
2014-08-07,19.785,19.824,19.757,19.815,13352,0
2014-08-08,19.824,19.844,19.795,19.805,29508,0
2014-08-11,19.795,19.815,19.766,19.805,38171,0
2014-08-12,19.824,19.824,19.776,19.815,16103,0
2014-08-13,19.844,19.863,19.805,19.853,17721,0
2014-08-14,19.873,19.881,19.805,19.863,48988,0
2014-08-15,19.824,19.929,19.815,19.899,10663,0
2014-08-18,19.89,19.899,19.776,19.863,60973,0
2014-08-19,19.899,19.899,19.844,19.863,15508,0
2014-08-20,19.873,19.873,19.785,19.795,63459,0
2014-08-21,19.834,19.844,19.815,19.844,44172,0
2014-08-22,19.834,19.834,19.776,19.805,12498,0
2014-08-25,19.815,19.824,19.776,19.785,55097,0
2014-08-26,19.824,19.834,19.795,19.824,32272,0
2014-08-27,19.881,19.881,19.815,19.844,29545,0
2014-08-28,19.863,19.89,19.834,19.863,47955,0
2014-08-29,19.863,19.881,19.853,19.881,18010,0
2014-09-02,19.923,19.923,19.808,19.808,42156,0
2014-09-03,19.788,19.817,19.759,19.808,39996,0
2014-09-04,19.817,19.827,19.769,19.779,32982,0
2014-09-05,19.808,19.837,19.798,19.808,2941002,0
2014-09-08,19.847,19.847,19.769,19.779,24138,0
2014-09-09,19.722,19.759,19.722,19.731,63451,0
2014-09-10,19.731,19.731,19.684,19.712,19791,0
2014-09-11,19.731,19.741,19.658,19.684,55007,0
2014-09-12,19.667,19.96,19.648,19.684,152562,0
2014-09-15,19.702,19.702,19.658,19.694,26908,0
2014-09-16,19.712,19.731,19.667,19.702,50777,0
2014-09-17,19.712,19.741,19.632,19.667,23715,0
2014-09-18,19.632,19.684,19.623,19.675,19574,0
2014-09-19,19.702,19.702,19.642,19.684,12995,0
2014-09-22,19.702,19.722,19.694,19.722,26534,0
2014-09-23,19.702,19.731,19.702,19.712,108966,0
2014-09-24,19.712,19.731,19.694,19.712,36310,0
2014-09-25,19.722,19.741,19.702,19.741,50474,0
2014-09-26,20.837,20.837,19.642,19.658,26313,0
2014-09-29,19.684,19.694,19.632,19.684,15909,0
2014-09-30,19.675,19.712,19.623,19.702,86784,0
2014-10-01,19.734,19.791,19.734,19.791,62943,0
2014-10-02,19.791,19.82,19.744,19.781,114883,0
2014-10-03,19.724,19.753,19.669,19.753,29227,0
2014-10-06,19.753,19.781,19.715,19.762,89796,0
2014-10-07,19.801,19.84,19.791,19.82,427386,0
2014-10-08,19.84,19.879,19.811,19.879,40296,0
2014-10-09,19.879,19.879,19.85,19.85,19580,0
2014-10-10,19.85,19.897,19.811,19.887,70104,0
2014-10-13,19.954,19.954,19.887,19.935,59812,0
2014-10-14,20.02,20.02,19.916,19.945,64983,0
2014-10-15,20.039,20.26,20.001,20.039,108163,0
2014-10-16,20.104,20.104,19.935,20.02,125743,0
2014-10-17,19.954,20.011,19.954,20.001,46446,0
2014-10-20,19.991,20.03,19.954,19.991,65118,0
2014-10-21,20.001,20.02,19.963,20.011,46057,0
2014-10-22,20.001,20.011,19.945,19.963,57976,0
2014-10-23,19.869,19.973,19.869,19.906,78543,0
2014-10-24,19.897,19.954,19.879,19.906,37099,0
2014-10-27,19.926,19.954,19.869,19.897,125143,0
2014-10-28,19.916,19.935,19.897,19.897,19984,0
2014-10-29,19.916,19.916,19.82,19.84,30171,0
2014-10-30,19.83,19.859,19.811,19.85,22213,0
2014-10-31,19.83,19.85,19.801,19.811,52752,0
2014-11-03,19.807,19.884,19.75,19.778,47485,0
2014-11-04,19.826,19.826,19.768,19.816,40486,0
2014-11-05,19.807,19.826,19.73,19.816,37849,0
2014-11-06,19.759,19.826,19.759,19.787,48567,0
2014-11-07,19.807,19.855,19.778,19.846,53114,0
2014-11-10,19.807,19.846,19.778,19.807,94120,0
2014-11-11,19.807,19.807,19.75,19.787,37976,0
2014-11-12,19.816,19.836,19.778,19.797,73064,0
2014-11-13,19.807,19.816,19.787,19.816,277787,0
2014-11-14,19.807,19.846,19.759,19.836,42196,0
2014-11-17,19.865,19.893,19.759,19.816,79487,0
2014-11-18,19.816,19.855,19.768,19.816,324436,0
2014-11-19,19.778,19.816,19.759,19.797,216794,0
2014-11-20,19.855,19.865,19.768,19.826,40672,0
2014-11-21,19.826,19.846,19.787,19.816,55513,0
2014-11-24,19.836,19.855,19.816,19.855,39009,0
2014-11-25,19.875,19.893,19.826,19.893,133105,0
2014-11-26,19.893,19.932,19.893,19.902,53186,0
2014-11-28,19.977,19.977,19.902,19.912,13601,0
2014-12-01,19.987,19.987,19.902,19.922,92600,0
2014-12-02,19.893,19.902,19.875,19.893,62454,0
2014-12-03,19.902,19.902,19.846,19.865,27869,0
2014-12-04,19.884,19.884,19.846,19.875,118898,0
2014-12-05,19.846,19.846,19.768,19.787,57392,0
2014-12-08,19.778,19.816,19.768,19.816,133311,0
2014-12-09,19.846,19.855,19.807,19.836,115365,0
2014-12-10,19.826,19.865,19.797,19.855,73543,0
2014-12-11,19.855,19.865,19.807,19.846,46761,0
2014-12-12,19.816,19.902,19.816,19.884,73974,0
2014-12-15,19.884,19.884,19.826,19.836,58670,0
2014-12-16,19.893,19.893,19.836,19.884,26324,0
2014-12-17,19.884,19.902,19.807,19.836,59125,0
2014-12-18,19.836,19.836,19.758,19.797,36114,0
2014-12-19,19.778,19.875,19.758,19.778,37873,0
2014-12-22,19.778,19.816,19.758,19.778,34055,0
2014-12-23,19.749,19.893,19.719,19.719,72575,0
2014-12-24,19.709,19.729,19.665,19.719,17438,0
2014-12-26,19.749,19.768,19.691,19.719,18272,0
2014-12-29,19.769,19.817,19.71,19.759,84379,0
2014-12-30,19.73,19.827,19.73,19.788,62650,0
2014-12-31,19.74,19.886,19.74,19.886,30360,0
2015-01-02,19.827,19.876,19.759,19.856,48045,0
2015-01-05,19.886,19.952,19.808,19.914,209134,0
2015-01-06,19.971,20.047,19.943,19.979,143682,0
2015-01-07,19.979,20.018,19.904,20.018,90914,0
2015-01-08,20.009,20.028,19.979,19.999,170282,0
2015-01-09,19.971,20.057,19.971,20.037,114424,0
2015-01-12,20.047,20.087,19.999,20.087,122604,0
2015-01-13,20.087,20.112,19.999,20.102,111647,0
2015-01-14,20.168,20.196,20.14,20.158,133195,0
2015-01-15,20.178,20.231,20.148,20.221,101659,0
2015-01-16,20.186,20.231,20.14,20.14,102296,0
2015-01-20,20.178,20.204,20.131,20.158,122261,0
2015-01-21,20.14,20.186,20.102,20.122,82272,0
2015-01-22,20.168,20.168,20.067,20.102,125213,0
2015-01-23,20.131,20.158,20.112,20.158,104145,0
2015-01-26,20.14,20.168,20.087,20.131,149337,0
2015-01-27,20.196,20.196,20.131,20.158,318080,0
2015-01-28,20.178,20.231,20.131,20.213,138860,0
2015-01-29,20.213,20.213,20.168,20.213,97344,0
2015-01-30,20.259,20.297,20.221,20.288,55414,0
2015-02-02,20.317,20.317,20.251,20.298,182089,0
2015-02-03,20.327,20.327,20.232,20.232,70181,0
2015-02-04,20.205,20.251,20.179,20.251,109176,0
2015-02-05,20.214,20.232,20.187,20.232,70064,0
2015-02-06,20.149,20.159,20.087,20.102,59869,0
2015-02-09,20.159,20.179,20.087,20.102,174739,0
2015-02-10,20.102,20.112,20.077,20.102,69879,0
2015-02-11,20.087,20.112,20.057,20.087,88105,0
2015-02-12,20.131,20.149,20.102,20.14,250579,0
2015-02-13,20.122,20.14,20.112,20.112,105559,0
2015-02-17,20.112,20.112,20.037,20.067,226929,0
2015-02-18,20.077,20.149,20.028,20.149,76061,0
2015-02-19,20.149,20.159,20.112,20.122,71980,0
2015-02-20,20.149,20.169,20.067,20.112,78097,0
2015-02-23,20.179,20.179,20.131,20.14,110980,0
2015-02-24,20.149,20.251,20.131,20.242,105205,0
2015-02-25,20.26,20.289,20.197,20.242,57223,0
2015-02-26,20.222,20.222,20.179,20.187,105354,0
2015-02-27,20.242,20.242,20.187,20.232,60608,0
2015-03-02,20.178,20.242,20.13,20.158,192308,0
2015-03-03,20.178,20.178,20.101,20.139,62342,0
2015-03-04,20.187,20.187,20.086,20.158,137894,0
2015-03-05,20.197,20.214,20.121,20.197,93406,0
2015-03-06,20.086,20.093,20.017,20.017,120984,0
2015-03-09,20.066,20.121,20.046,20.121,73754,0
2015-03-10,20.168,20.168,20.093,20.148,189667,0
2015-03-11,20.076,20.168,20.036,20.168,111159,0
2015-03-12,20.168,20.187,20.158,20.168,157758,0
2015-03-13,20.148,20.178,20.13,20.158,223695,0
2015-03-16,21.031,21.031,20.148,20.187,102919,0
2015-03-17,20.178,20.187,20.121,20.187,77665,0
2015-03-18,20.178,20.337,20.158,20.337,138314,0
2015-03-19,20.289,20.289,20.148,20.214,71009,0
2015-03-20,20.26,20.289,20.242,20.279,120672,0
2015-03-23,20.298,20.317,20.279,20.298,71009,0
2015-03-24,20.317,20.347,20.251,20.347,154696,0
2015-03-25,20.347,20.347,20.279,20.289,81573,0
2015-03-26,20.26,20.269,20.205,20.232,160296,0
2015-03-27,20.269,20.289,20.251,20.289,69738,0
2015-03-30,20.317,20.327,20.279,20.317,50085,0
2015-03-31,20.327,20.347,20.317,20.347,72067,0
2015-04-01,20.337,20.366,20.317,20.366,108200,0
2015-04-02,20.366,20.385,20.279,20.337,102391,0
2015-04-06,20.421,20.431,20.366,20.376,97212,0
2015-04-07,20.376,20.393,20.347,20.385,207788,0
2015-04-08,20.357,20.393,20.337,20.376,55578,0
2015-04-09,20.376,20.393,20.317,20.337,59134,0
2015-04-10,20.357,20.357,20.308,20.327,73228,0
2015-04-13,20.308,20.385,20.308,20.376,362432,0
2015-04-14,20.393,20.421,20.366,20.376,45226,0
2015-04-15,20.411,20.431,20.393,20.421,93005,0
2015-04-16,20.421,20.461,20.385,20.451,109904,0
2015-04-17,20.451,20.451,20.385,20.441,95627,0
2015-04-20,20.441,20.451,20.411,20.441,49893,0
2015-04-21,20.411,20.421,20.385,20.411,71532,0
2015-04-22,20.402,20.402,20.347,20.366,64556,0
2015-04-23,20.376,20.411,20.357,20.402,78301,0
2015-04-24,20.421,20.441,20.402,20.441,36347,0
2015-04-27,20.411,20.441,20.402,20.431,66253,0
2015-04-28,20.393,20.402,20.347,20.376,81995,0
2015-04-29,20.347,20.347,20.279,20.327,57481,0
2015-04-30,20.308,20.327,20.26,20.327,103340,0
2015-05-01,20.31,20.319,20.262,20.271,79198,0
2015-05-04,20.3,20.3,20.262,20.262,61693,0
2015-05-05,20.31,20.31,20.224,20.253,73819,0
2015-05-06,20.253,20.253,20.189,20.216,104971,0
2015-05-07,20.216,20.253,20.207,20.253,69212,0
2015-05-08,20.319,20.339,20.281,20.31,87108,0
2015-05-11,20.253,20.281,20.207,20.207,53571,0
2015-05-12,20.199,20.244,20.18,20.234,70553,0
2015-05-13,20.271,20.281,20.224,20.244,58950,0
2015-05-14,20.262,20.31,20.262,20.29,49987,0
2015-05-15,20.329,20.358,20.31,20.358,75261,0
2015-05-18,20.31,20.339,20.271,20.29,73122,0
2015-05-19,20.199,20.262,20.199,20.234,80782,0
2015-05-20,20.234,20.281,20.234,20.271,75188,0
2015-05-21,20.281,20.31,20.262,20.29,32901,0
2015-05-22,20.271,20.3,20.234,20.271,65595,0
2015-05-26,20.234,20.29,20.234,20.29,57582,0
2015-05-27,20.29,20.29,20.253,20.29,50827,0
2015-05-28,20.281,20.31,20.234,20.29,75414,0
2015-05-29,20.339,20.339,20.29,20.329,34484,0
2015-06-01,20.341,20.351,20.226,20.255,248068,0
2015-06-02,20.236,20.236,20.171,20.217,89500,0
2015-06-03,20.181,20.181,20.104,20.133,51258,0
2015-06-04,20.161,20.191,20.123,20.171,101357,0
2015-06-05,20.089,20.114,20.049,20.096,45993,0
2015-06-08,20.123,20.133,20.096,20.133,43681,0
2015-06-09,20.104,20.104,20.049,20.079,102573,0
2015-06-10,20.069,20.089,20.059,20.079,106546,0
2015-06-11,20.059,20.114,20.049,20.104,181350,0
2015-06-12,20.079,20.114,20.069,20.096,155035,0
2015-06-15,20.142,20.151,20.089,20.104,107989,0
2015-06-16,20.114,20.133,20.104,20.133,53049,0
2015-06-17,20.104,20.171,20.079,20.161,102832,0
2015-06-18,20.151,20.161,20.123,20.151,135669,0
2015-06-19,20.181,20.217,20.171,20.201,514888,0
2015-06-22,20.171,20.191,20.133,20.142,101566,0
2015-06-23,20.114,20.151,20.096,20.133,60588,0
2015-06-24,20.133,20.133,20.079,20.123,68726,0
2015-06-25,20.069,20.123,20.069,20.123,87045,0
2015-06-26,20.089,20.089,20.039,20.069,60834,0
2015-06-29,20.114,20.171,20.079,20.161,78413,0
2015-06-30,20.104,20.191,20.104,20.171,50703,0
2015-07-01,20.147,20.147,20.084,20.128,33450,0
2015-07-02,20.119,20.186,20.119,20.176,91375,0
2015-07-06,20.196,20.221,20.186,20.204,102507,0
2015-07-07,20.259,20.297,20.204,20.259,218564,0
2015-07-08,20.25,20.259,20.204,20.25,44216,0
2015-07-09,20.196,20.241,20.196,20.221,78981,0
2015-07-10,20.196,20.196,20.119,20.166,63437,0
2015-07-13,20.091,20.204,20.091,20.119,128135,0
2015-07-14,20.156,20.156,20.128,20.138,484612,0
2015-07-15,20.138,20.196,20.109,20.176,192089,0
2015-07-16,20.156,20.176,20.138,20.176,87803,0
2015-07-17,20.147,20.156,20.138,20.156,84335,0
2015-07-20,20.1,20.128,20.1,20.128,67113,0
2015-07-21,20.119,20.156,20.1,20.128,104398,0
2015-07-22,20.147,20.156,20.119,20.138,64488,0
2015-07-23,20.109,20.166,20.1,20.166,68478,0
2015-07-24,20.186,20.186,20.128,20.176,34870,0
2015-07-27,20.166,20.196,20.147,20.186,98937,0
2015-07-28,20.186,20.196,20.156,20.176,99670,0
2015-07-29,20.138,20.278,20.138,20.176,233583,0
2015-07-30,20.156,20.166,20.109,20.166,56924,0
2015-07-31,20.231,20.25,20.204,20.241,49781,0
2015-08-03,20.149,20.244,20.149,20.234,97819,0
2015-08-04,20.224,20.244,20.159,20.169,69494,0
2015-08-05,20.13,20.179,20.121,20.139,76308,0
2015-08-06,20.139,20.169,20.121,20.159,63315,0
2015-08-07,20.159,20.179,20.121,20.159,127666,0
2015-08-10,20.159,20.179,20.149,20.159,107755,0
2015-08-11,20.207,20.224,20.189,20.216,65121,0
2015-08-12,20.234,20.262,20.207,20.216,64463,0
2015-08-13,20.179,20.189,20.149,20.169,64463,0
2015-08-14,20.169,20.169,20.13,20.149,83642,0
2015-08-17,20.169,20.169,20.139,20.159,81757,0
2015-08-18,20.149,20.159,20.13,20.149,63938,0
2015-08-19,20.13,20.224,20.111,20.224,164039,0
2015-08-20,20.199,20.224,20.179,20.224,44444,0
2015-08-21,20.234,20.262,20.199,20.253,55869,0
2015-08-24,20.339,20.358,20.207,20.271,150584,0
2015-08-25,20.139,20.234,19.988,20.207,96329,0
2015-08-26,20.179,20.216,20.149,20.179,80815,0
2015-08-27,20.159,20.224,20.13,20.224,88044,0
2015-08-28,20.224,20.224,20.149,20.159,230599,0
2015-08-31,20.216,20.216,20.149,20.179,36685,0
2015-09-01,20.192,20.21,20.152,20.192,66631,0
2015-09-02,20.172,20.21,20.162,20.21,106382,0
2015-09-03,20.218,20.246,20.192,20.246,250940,0
2015-09-04,20.218,20.256,20.21,20.246,118515,0
2015-09-08,20.256,20.256,20.21,20.237,129812,0
2015-09-09,20.218,20.246,20.182,20.227,55860,0
2015-09-10,20.227,20.246,20.201,20.227,78642,0
2015-09-11,20.227,20.265,20.192,20.237,110357,0
2015-09-14,20.274,20.293,20.218,20.284,352196,0
2015-09-15,20.265,20.265,20.182,20.182,150420,0
2015-09-16,20.201,20.227,20.182,20.201,41110,0
2015-09-17,20.201,20.391,20.172,20.293,218122,0
2015-09-18,20.303,20.333,20.201,20.313,158370,0
2015-09-21,20.303,20.303,20.265,20.284,62763,0
2015-09-22,20.246,20.353,20.246,20.333,368309,0
2015-09-23,20.323,20.353,20.284,20.323,190902,0
2015-09-24,20.372,20.382,20.323,20.333,97314,0
2015-09-25,20.313,20.333,20.274,20.303,67784,0
2015-09-28,20.303,20.323,20.284,20.323,122851,0
2015-09-29,20.343,20.353,20.284,20.293,57115,0
2015-09-30,20.353,20.353,20.293,20.343,95397,0
2015-10-01,20.333,20.333,20.246,20.323,40196,0
2015-10-02,20.323,20.584,20.303,20.391,99082,0
2015-10-05,20.333,20.391,20.313,20.391,95110,0
2015-10-06,20.333,20.419,20.284,20.372,39466,0
2015-10-07,20.419,20.419,20.323,20.372,62853,0
2015-10-08,20.303,20.382,20.303,20.362,94070,0
2015-10-09,20.353,20.391,20.265,20.284,229798,0
2015-10-12,20.293,20.419,20.256,20.382,40921,0
2015-10-13,20.372,20.372,20.303,20.353,56485,0
2015-10-14,20.4,20.429,20.362,20.429,58990,0
2015-10-15,20.4,20.41,20.372,20.41,71309,0
2015-10-16,20.4,20.4,20.353,20.4,54817,0
2015-10-19,20.419,20.419,20.343,20.391,188558,0
2015-10-20,20.353,20.382,20.353,20.372,48325,0
2015-10-21,20.362,20.419,20.362,20.41,46564,0
2015-10-22,20.419,20.439,20.382,20.429,122991,0
2015-10-23,20.4,20.4,20.382,20.4,81437,0
2015-10-26,20.382,20.41,20.362,20.4,102320,0
2015-10-27,20.429,20.459,20.429,20.449,43432,0
2015-10-28,20.449,20.468,20.362,20.362,181668,0
2015-10-29,20.333,20.333,20.293,20.293,83316,0
2015-10-30,20.323,20.343,20.293,20.333,72458,0
2015-11-02,20.324,20.344,20.257,20.257,100650,0
2015-11-03,20.294,20.314,20.257,20.314,104621,0
2015-11-04,20.314,20.314,20.247,20.257,125312,0
2015-11-05,20.294,20.294,20.228,20.257,101911,0
2015-11-06,20.228,20.228,20.153,20.202,137134,0
2015-11-09,20.211,20.211,20.163,20.193,65473,0
2015-11-10,20.202,20.247,20.193,20.238,81695,0
2015-11-11,20.163,20.324,20.163,20.202,93887,0
2015-11-12,20.247,20.247,20.202,20.219,58666,0
2015-11-13,20.247,20.265,20.202,20.265,81283,0
2015-11-16,20.304,20.334,20.247,20.294,136093,0
2015-11-17,20.285,20.304,20.247,20.275,115671,0
2015-11-18,20.275,20.294,20.202,20.285,83470,0
2015-11-19,20.275,20.285,20.238,20.265,119940,0
2015-11-20,20.265,20.285,20.238,20.238,69191,0
2015-11-23,20.275,20.294,20.257,20.275,67526,0
2015-11-24,20.294,20.304,20.257,20.275,90969,0
2015-11-25,20.285,20.294,20.257,20.275,87426,0
2015-11-27,20.304,20.344,20.247,20.324,39912,0
2015-11-30,20.324,20.324,20.294,20.304,66171,0
2015-12-01,20.294,20.324,20.228,20.314,72933,0
2015-12-02,20.304,20.314,20.238,20.285,103926,0
2015-12-03,20.219,20.257,20.193,20.211,264136,0
2015-12-04,20.202,20.238,20.193,20.228,51791,0
2015-12-07,20.247,20.265,20.228,20.228,83675,0
2015-12-08,20.257,20.265,20.219,20.219,79053,0
2015-12-09,20.228,20.275,20.202,20.257,50227,0
2015-12-10,20.285,20.285,20.219,20.219,82218,0
2015-12-11,20.257,20.257,20.202,20.202,82009,0
2015-12-14,20.219,20.219,20.123,20.193,397730,0
2015-12-15,20.143,20.173,20.114,20.143,133798,0
2015-12-16,20.078,20.133,20.068,20.096,115774,0
2015-12-17,20.048,20.104,20.048,20.088,167042,0
2015-12-18,20.173,20.173,20.068,20.133,64399,0
2015-12-21,20.096,20.143,20.058,20.133,478093,0
2015-12-22,20.114,20.123,20.068,20.123,91885,0
2015-12-23,20.078,20.114,20.058,20.114,104621,0
2015-12-24,20.088,20.133,20.078,20.078,54106,0
2015-12-28,20.104,20.123,20.038,20.088,643856,0
2015-12-29,20.135,20.135,20.05,20.08,133607,0
2015-12-30,20.07,20.116,20.04,20.08,186597,0
2015-12-31,20.116,20.135,20.07,20.098,65409,0
2016-01-04,20.098,20.135,20.061,20.089,137889,0
2016-01-05,20.125,20.165,20.06,20.145,232753,0
2016-01-06,20.175,20.195,20.098,20.175,177135,0
2016-01-07,20.185,20.213,20.155,20.213,307638,0
2016-01-08,20.195,20.241,20.195,20.221,124505,0
2016-01-11,20.278,20.278,20.185,20.221,182128,0
2016-01-12,20.231,20.259,20.195,20.241,720202,0
2016-01-13,20.221,20.622,20.204,20.25,227941,0
2016-01-14,20.268,20.278,20.213,20.241,177305,0
2016-01-15,20.268,20.268,20.145,20.185,192010,0
2016-01-19,20.213,20.221,20.165,20.195,148954,0
2016-01-20,20.241,20.241,20.155,20.204,317179,0
2016-01-21,20.221,20.231,20.155,20.195,169685,0
2016-01-22,20.155,20.212,20.04,20.098,173291,0
2016-01-25,20.165,20.165,20.05,20.145,113689,0
2016-01-26,20.145,20.175,20.107,20.155,167051,0
2016-01-27,20.155,20.165,20.092,20.165,182142,0
2016-01-28,20.145,20.185,20.11,20.155,151858,0
2016-01-29,20.195,20.221,20.135,20.221,172448,0
2016-02-01,20.131,20.171,20.102,20.102,169187,0
2016-02-02,20.181,20.201,20.168,20.181,202404,0
2016-02-03,20.201,20.218,20.141,20.201,147691,0
2016-02-04,20.218,20.238,20.171,20.201,97143,0
2016-02-05,20.161,20.201,20.147,20.191,97752,0
2016-02-08,20.238,20.247,20.191,20.228,110591,0
2016-02-09,20.257,20.257,20.201,20.218,145756,0
2016-02-10,20.218,20.228,20.171,20.216,267703,0
2016-02-11,20.275,20.275,20.191,20.21,103570,0
2016-02-12,20.21,20.21,20.112,20.122,70444,0
2016-02-16,20.102,20.141,20.094,20.094,125542,0
2016-02-17,20.102,20.141,20.076,20.131,116673,0
2016-02-18,20.161,20.191,20.122,20.191,104007,0
2016-02-19,20.171,20.191,20.141,20.181,175763,0
2016-02-22,20.171,20.218,20.154,20.218,139159,0
2016-02-23,20.228,20.228,20.161,20.191,163246,0
2016-02-24,20.21,20.257,20.191,20.218,49306,0
2016-02-25,20.275,20.294,20.228,20.279,168134,0
2016-02-26,20.265,20.265,20.201,20.247,103223,0
2016-02-29,20.257,20.265,20.247,20.265,110952,0
2016-03-01,20.267,20.287,20.21,20.24,134334,0
2016-03-02,20.212,20.212,20.156,20.193,143146,0
2016-03-03,20.23,20.249,20.183,20.249,173973,0
2016-03-04,20.249,20.249,20.185,20.24,103262,0
2016-03-07,20.24,20.267,20.194,20.24,164113,0
2016-03-08,20.277,20.316,20.277,20.287,131856,0
2016-03-09,20.326,20.326,20.267,20.296,116427,0
2016-03-10,20.258,20.287,20.23,20.258,157152,0
2016-03-11,20.24,20.296,20.24,20.267,118567,0
2016-03-14,20.296,20.296,20.267,20.277,125210,0
2016-03-15,20.316,20.365,20.258,20.306,120199,0
2016-03-16,20.316,20.413,20.277,20.408,157688,0
2016-03-17,20.433,20.453,20.385,20.443,345334,0
2016-03-18,20.443,20.492,20.413,20.482,138411,0
2016-03-21,20.502,20.502,20.453,20.482,136313,0
2016-03-22,20.492,20.558,20.443,20.472,96033,0
2016-03-23,20.453,20.522,20.453,20.512,52377,0
2016-03-24,20.512,20.522,20.463,20.522,193919,0
2016-03-28,20.463,20.532,20.423,20.512,105688,0
2016-03-29,20.522,20.588,20.517,20.571,287348,0
2016-03-30,20.551,20.627,20.512,20.627,289499,0
2016-03-31,20.627,20.663,20.544,20.663,175707,0
2016-04-01,20.619,20.656,20.581,20.656,118926,0
2016-04-04,20.665,20.675,20.59,20.665,167858,0
2016-04-05,20.675,20.699,20.665,20.694,153260,0
2016-04-06,20.685,20.704,20.634,20.704,163364,0
2016-04-07,20.724,20.734,20.685,20.724,171333,0
2016-04-08,20.694,20.724,20.628,20.724,119425,0
2016-04-11,20.704,20.744,20.656,20.734,90782,0
2016-04-12,20.675,20.724,20.656,20.714,118768,0
2016-04-13,20.665,20.727,20.656,20.724,226045,0
2016-04-14,20.704,20.742,20.656,20.704,112351,0
2016-04-15,20.714,20.763,20.703,20.744,209033,0
2016-04-18,20.753,20.763,20.665,20.665,399737,0
2016-04-19,20.734,20.773,20.675,20.724,125106,0
2016-04-20,20.724,20.763,20.694,20.724,189691,0
2016-04-21,20.724,20.724,20.628,20.694,114072,0
2016-04-22,20.714,20.759,20.704,20.744,234459,0
2016-04-25,20.704,20.744,20.678,20.724,94393,0
2016-04-26,20.734,20.734,20.704,20.724,203234,0
2016-04-27,20.744,20.782,20.724,20.773,164450,0
2016-04-28,20.782,20.812,20.724,20.802,503801,0
2016-04-29,20.792,20.82,20.744,20.82,477300,0
2016-05-02,20.819,20.819,20.781,20.811,316736,0
2016-05-03,20.839,20.859,20.791,20.839,176088,0
2016-05-04,20.839,20.854,20.819,20.839,113654,0
2016-05-05,20.849,20.849,20.819,20.839,77768,0
2016-05-06,20.849,20.889,20.829,20.849,190597,0
2016-05-09,20.859,20.908,20.849,20.879,110767,0
2016-05-10,20.849,20.908,20.781,20.859,120492,0
2016-05-11,20.839,20.872,20.819,20.859,136211,0
2016-05-12,20.849,20.859,20.811,20.839,102535,0
2016-05-13,20.801,20.839,20.791,20.839,87804,0
2016-05-16,20.829,20.839,20.781,20.819,93943,0
2016-05-17,20.791,20.811,20.762,20.781,98588,0
2016-05-18,20.772,20.781,20.674,20.713,111452,0
2016-05-19,20.733,20.743,20.674,20.674,122505,0
2016-05-20,20.733,20.762,20.703,20.733,144496,0
2016-05-23,20.713,20.739,20.684,20.733,75788,0
2016-05-24,20.733,20.772,20.674,20.733,173106,0
2016-05-25,20.684,20.733,20.684,20.728,93603,0
2016-05-26,20.723,20.791,20.713,20.781,170979,0
2016-05-27,20.801,20.801,20.743,20.753,95489,0
2016-05-31,20.723,20.791,20.723,20.781,84166,0
2016-06-01,20.745,20.803,20.745,20.783,274026,0
2016-06-02,20.851,20.851,20.754,20.793,138777,0
2016-06-03,20.841,20.891,20.841,20.871,92750,0
2016-06-06,20.813,20.92,20.813,20.891,100046,0
2016-06-07,20.91,20.92,20.891,20.91,81733,0
2016-06-08,20.92,20.93,20.891,20.902,310190,0
2016-06-09,20.93,20.949,20.889,20.915,99270,0
2016-06-10,20.9,20.939,20.9,20.93,119871,0
2016-06-13,20.949,20.968,20.922,20.963,55737,0
2016-06-14,20.92,20.968,20.904,20.93,76082,0
2016-06-15,20.91,21.028,20.91,20.988,79670,0
2016-06-16,21.018,21.114,20.939,20.988,74618,0
2016-06-17,20.988,20.998,20.933,20.947,118909,0
2016-06-20,20.93,20.997,20.93,20.949,82031,0
2016-06-21,20.978,20.978,20.91,20.939,99981,0
2016-06-22,20.92,20.994,20.9,20.958,89183,0
2016-06-23,20.91,20.939,20.907,20.939,135742,0
2016-06-24,20.958,21.008,20.939,20.998,115892,0
2016-06-27,21.018,21.068,20.99,21.018,95769,0
2016-06-28,21.077,21.077,21.028,21.058,179076,0
2016-06-29,21.068,21.106,21.022,21.038,1039317,0
2016-06-30,21.028,21.086,21.018,21.086,113484,0
2016-07-01,21.094,21.15,21.066,21.104,265603,0
2016-07-05,21.066,21.15,21.066,21.113,91199,0
2016-07-06,21.104,21.141,21.094,21.131,155008,0
2016-07-07,21.131,21.131,21.074,21.131,73875,0
2016-07-08,21.121,21.16,21.113,21.141,77345,0
2016-07-11,21.15,21.157,21.085,21.085,100588,0
2016-07-12,21.121,21.121,21.026,21.104,166472,0
2016-07-13,21.094,21.121,21.056,21.075,125137,0
2016-07-14,21.046,21.129,21.046,21.094,135934,0
2016-07-15,21.066,21.094,21.066,21.075,115105,0
2016-07-18,21.075,21.094,21.072,21.075,122278,0
2016-07-19,21.075,21.113,21.075,21.113,88593,0
2016-07-20,21.075,21.121,21.073,21.104,159981,0
2016-07-21,21.104,21.121,21.075,21.114,137461,0
2016-07-22,21.131,21.131,21.089,21.113,107591,0
2016-07-25,21.121,21.121,21.085,21.104,114903,0
2016-07-26,21.113,21.113,21.075,21.113,109828,0
2016-07-27,21.113,21.197,21.085,21.141,108448,0
2016-07-28,21.141,21.141,21.094,21.141,111530,0
2016-07-29,21.141,21.187,21.113,21.168,84975,0
2016-08-01,21.157,21.174,21.128,21.147,65763,0
2016-08-02,21.128,21.165,21.109,21.138,107400,0
2016-08-03,21.174,21.174,21.109,21.109,170779,0
2016-08-04,21.204,21.204,21.162,21.194,106481,0
2016-08-05,21.174,21.174,21.118,21.138,185463,0
2016-08-08,21.109,21.146,21.062,21.118,92205,0
2016-08-09,21.128,21.157,21.109,21.157,120518,0
2016-08-10,21.157,21.204,21.138,21.184,402248,0
2016-08-11,21.184,21.224,21.128,21.138,143358,0
2016-08-12,21.165,21.194,21.118,21.147,48724,0
2016-08-15,21.165,21.174,21.118,21.128,68357,0
2016-08-16,21.128,21.165,21.118,21.147,97794,0
2016-08-17,21.147,21.174,21.138,21.157,126209,0
2016-08-18,21.165,21.197,21.157,21.184,64999,0
2016-08-19,21.157,21.184,21.138,21.157,184637,0
2016-08-22,21.174,21.194,21.157,21.157,98455,0
2016-08-23,21.184,21.204,21.157,21.194,112237,0
2016-08-24,21.194,21.234,21.158,21.184,129389,0
2016-08-25,21.165,21.214,21.147,21.165,82537,0
2016-08-26,21.174,21.194,21.138,21.138,167272,0
2016-08-29,21.204,21.204,21.128,21.165,111673,0
2016-08-30,21.165,21.224,21.14,21.157,153695,0
2016-08-31,21.165,21.174,21.1,21.138,152185,0
2016-09-01,21.148,21.185,21.139,21.166,120991,0
2016-09-02,21.175,21.175,21.139,21.166,76321,0
2016-09-06,21.166,21.225,21.158,21.205,101520,0
2016-09-07,21.225,21.235,21.185,21.215,135049,0
2016-09-08,21.185,21.205,21.148,21.149,134942,0
2016-09-09,21.148,21.148,21.101,21.11,191546,0
2016-09-12,21.101,21.148,21.082,21.129,73272,0
2016-09-13,21.129,21.139,21.033,21.091,123903,0
2016-09-14,21.101,21.139,21.082,21.129,170544,0
2016-09-15,21.121,21.139,21.048,21.139,167178,0
2016-09-16,21.139,21.148,21.102,21.148,163415,0
2016-09-19,21.158,21.175,21.091,21.124,94441,0
2016-09-20,21.129,21.148,21.118,21.139,116588,0
2016-09-21,21.129,21.166,21.079,21.139,91544,0
2016-09-22,21.139,21.175,21.114,21.175,149984,0
2016-09-23,21.166,21.185,21.115,21.175,112255,0
2016-09-26,21.185,21.235,21.166,21.185,63346,0
2016-09-27,21.205,21.215,21.166,21.205,115490,0
2016-09-28,21.205,21.215,21.12,21.185,120282,0
2016-09-29,21.158,21.205,21.158,21.195,70701,0
2016-09-30,21.195,21.215,21.185,21.195,61290,0
2016-10-03,21.193,21.193,21.126,21.183,71770,0
2016-10-04,21.183,21.183,21.116,21.136,134524,0
2016-10-05,21.126,21.165,21.098,21.116,143901,0
2016-10-06,21.098,21.126,21.07,21.116,156001,0
2016-10-07,21.107,21.136,21.086,21.136,82900,0
2016-10-10,21.126,21.173,21.07,21.107,167495,0
2016-10-11,21.098,21.104,21.06,21.088,63734,0
2016-10-12,21.098,21.126,21.07,21.098,74607,0
2016-10-13,21.107,21.146,21.098,21.116,108001,0
2016-10-14,21.126,21.156,21.107,21.136,62157,0
2016-10-17,21.098,21.156,21.098,21.136,65571,0
2016-10-18,21.136,21.173,21.107,21.169,113321,0
2016-10-19,21.126,21.193,21.126,21.178,239376,0
2016-10-20,21.183,21.183,21.136,21.173,80526,0
2016-10-21,21.173,21.203,21.133,21.183,78765,0
2016-10-24,21.165,21.173,21.151,21.165,169517,0
2016-10-25,21.165,21.165,21.136,21.136,91617,0
2016-10-26,21.146,21.151,21.098,21.098,101217,0
2016-10-27,21.107,21.116,21.088,21.1,111925,0
2016-10-28,21.098,21.116,21.06,21.088,92543,0
2016-10-31,21.107,21.136,21.098,21.107,55213,0
2016-11-01,21.103,21.121,21.074,21.116,96829,0
2016-11-02,21.112,21.17,21.112,21.141,171376,0
2016-11-03,21.112,21.141,21.103,21.131,44395,0
2016-11-04,21.103,21.131,21.084,21.121,112224,0
2016-11-07,21.112,21.131,21.045,21.131,139539,0
2016-11-08,21.074,21.136,21.074,21.103,77090,0
2016-11-09,21.055,21.084,20.985,21.005,155772,0
2016-11-10,21.005,21.038,20.927,20.965,99500,0
2016-11-11,21.015,21.015,20.917,20.975,48466,0
2016-11-14,20.888,20.965,20.801,20.888,64309,0
2016-11-15,20.917,20.946,20.888,20.936,128667,0
2016-11-16,20.888,20.936,20.836,20.907,120188,0
2016-11-17,20.878,20.919,20.833,20.878,154552,0
2016-11-18,20.848,20.888,20.828,20.858,159027,0
2016-11-21,20.81,20.848,20.791,20.848,153810,0
2016-11-22,20.858,20.868,20.79,20.85,122819,0
2016-11-23,20.858,20.858,20.72,20.78,120164,0
2016-11-25,20.74,20.878,20.74,20.8,21186,0
2016-11-28,20.8,20.845,20.793,20.828,78295,0
2016-11-29,20.858,20.868,20.818,20.858,234813,0
2016-11-30,20.81,20.874,20.73,20.76,2191862,0
2016-12-01,20.801,20.811,20.711,20.751,128737,0
2016-12-02,20.771,20.869,20.761,20.839,325164,0
2016-12-05,20.819,20.829,20.751,20.791,98234,0
2016-12-06,20.819,20.829,20.791,20.811,183485,0
2016-12-07,20.829,20.854,20.793,20.829,105978,0
2016-12-08,20.839,20.851,20.791,20.811,229031,0
2016-12-09,20.771,20.829,20.771,20.791,233155,0
2016-12-12,20.829,20.922,20.781,20.898,224678,0
2016-12-13,20.859,20.898,20.801,20.811,177638,0
2016-12-14,20.839,20.849,20.711,20.741,137253,0
2016-12-15,20.731,20.731,20.682,20.711,134824,0
2016-12-16,20.701,20.781,20.701,20.761,204524,0
2016-12-19,20.701,20.889,20.683,20.771,152454,0
2016-12-20,20.741,20.781,20.691,20.751,163410,0
2016-12-21,20.761,20.791,20.761,20.761,125811,0
2016-12-22,20.701,20.791,20.701,20.781,175654,0
2016-12-23,20.781,20.801,20.761,20.771,346792,0
2016-12-27,20.791,20.791,20.761,20.781,162083,0
2016-12-28,20.799,20.825,20.789,20.799,123807,0
2016-12-29,20.817,20.847,20.779,20.809,1078565,0
2016-12-30,20.799,20.877,20.799,20.857,98605,0
2017-01-03,20.887,20.945,20.846,20.877,310631,0
2017-01-04,20.857,20.915,20.857,20.877,416425,0
2017-01-05,20.877,20.945,20.877,20.906,615093,0
2017-01-06,20.906,20.916,20.877,20.877,322885,0
2017-01-09,20.916,20.945,20.906,20.926,214447,0
2017-01-10,20.945,20.964,20.926,20.945,441858,0
2017-01-11,20.945,20.974,20.926,20.945,461640,0
2017-01-12,20.945,20.984,20.945,20.964,417897,0
2017-01-13,20.955,20.964,20.917,20.945,161477,0
2017-01-17,20.974,20.984,20.935,20.974,240836,0
2017-01-18,20.964,20.964,20.906,20.935,327330,0
2017-01-19,20.935,20.964,20.906,20.945,362789,0
2017-01-20,20.935,20.974,20.916,20.964,429749,0
2017-01-23,20.964,20.994,20.945,20.994,173888,0
2017-01-24,20.994,20.994,20.916,20.955,169367,0
2017-01-25,20.955,20.964,20.906,20.945,268488,0
2017-01-26,20.945,20.964,20.916,20.945,517721,0
2017-01-27,20.945,20.984,20.927,20.979,249033,0
2017-01-30,20.994,21.004,20.955,20.994,311182,0
2017-01-31,20.984,21.014,20.964,20.994,206761,0
2017-02-01,20.966,20.986,20.918,20.966,258093,0
2017-02-02,21.006,21.016,20.947,21.006,269472,0
2017-02-03,21.016,21.046,20.986,20.996,204698,0
2017-02-06,21.026,21.046,20.996,21.046,238291,0
2017-02-07,21.046,21.056,21.016,21.046,355209,0
2017-02-08,21.046,21.075,21.026,21.066,231498,0
2017-02-09,21.056,21.057,21.03,21.036,365277,0
2017-02-10,21.026,21.054,21.013,21.036,199523,0
2017-02-13,21.026,21.056,21.006,21.036,331943,0
2017-02-14,21.036,21.085,20.966,21.006,269756,0
2017-02-15,20.986,20.996,20.966,20.981,194094,0
2017-02-16,20.996,21.034,20.986,21.026,341390,0
2017-02-17,21.036,21.046,21.026,21.026,293609,0
2017-02-21,21.036,21.066,21.024,21.046,425049,0
2017-02-22,21.056,21.066,21.046,21.066,188671,0
2017-02-23,21.085,21.105,21.046,21.095,138425,0
2017-02-24,21.085,21.137,21.046,21.127,597489,0
2017-02-27,21.114,21.124,21.095,21.1,354227,0
2017-02-28,21.066,21.114,21.066,21.085,187599,0
2017-03-01,21.038,21.068,21.028,21.048,142758,0
2017-03-02,21.038,21.04,21.008,21.028,134965,0
2017-03-03,21.028,21.048,21.018,21.038,153265,0
2017-03-06,21.058,21.08,21.027,21.048,141904,0
2017-03-07,21.048,21.058,21.018,21.038,213684,0
2017-03-08,21.018,21.023,20.978,21.008,325338,0
2017-03-09,20.998,20.998,20.968,20.978,208023,0
2017-03-10,20.978,21.008,20.978,20.998,221634,0
2017-03-13,20.998,21.028,20.985,20.988,257611,0
2017-03-14,20.939,20.978,20.939,20.978,250819,0
2017-03-15,20.978,21.038,20.949,21.028,465830,0
2017-03-16,21.038,21.048,20.988,21.008,218812,0
2017-03-17,21.028,21.058,21.008,21.038,228070,0
2017-03-20,21.038,21.077,21.028,21.048,255428,0
2017-03-21,21.068,21.087,21.038,21.077,348160,0
2017-03-22,21.087,21.116,21.058,21.082,266779,0
2017-03-23,21.087,21.102,21.058,21.082,377628,0
2017-03-24,21.116,21.126,21.068,21.097,387907,0
2017-03-27,21.126,21.145,21.087,21.107,188424,0
2017-03-28,21.097,21.136,21.068,21.077,287994,0
2017-03-29,21.058,21.107,21.058,21.102,204196,0
2017-03-30,21.107,21.136,21.068,21.092,135163,0
2017-03-31,21.116,21.116,21.077,21.116,113601,0
2017-04-03,21.131,21.141,21.098,21.131,226390,0
2017-04-04,21.141,21.159,21.121,21.146,159476,0
2017-04-05,21.141,21.179,21.121,21.17,172064,0
2017-04-06,21.17,21.171,21.141,21.156,168049,0
2017-04-07,21.161,21.189,21.124,21.141,186892,0
2017-04-10,21.111,21.151,21.111,21.146,105907,0
2017-04-11,21.151,21.199,21.131,21.179,273565,0
2017-04-12,21.189,21.209,21.161,21.209,328511,0
2017-04-13,21.209,21.229,21.186,21.209,255484,0
2017-04-17,21.219,21.229,21.189,21.219,109400,0
2017-04-18,21.239,21.249,21.209,21.249,186412,0
2017-04-19,21.209,21.239,21.189,21.229,140618,0
2017-04-20,21.229,21.229,21.189,21.219,145793,0
2017-04-21,21.249,21.259,21.209,21.229,69078,0
2017-04-24,21.209,21.227,21.179,21.219,174174,0
2017-04-25,21.199,21.229,21.141,21.161,344389,0
2017-04-26,21.17,21.209,21.151,21.199,326977,0
2017-04-27,21.179,21.209,21.161,21.179,380421,0
2017-04-28,21.179,21.198,21.151,21.189,102052,0
2017-05-01,21.182,21.232,21.172,21.232,143413,0
2017-05-02,21.212,21.222,21.192,21.192,138603,0
2017-05-03,21.202,21.232,21.192,21.212,183455,0
2017-05-04,21.172,21.202,21.163,21.202,111238,0
2017-05-05,21.172,21.202,21.172,21.197,124365,0
2017-05-08,21.202,21.202,21.168,21.192,187675,0
2017-05-09,21.154,21.202,21.154,21.187,177239,0
2017-05-10,21.192,21.202,21.182,21.192,1059644,0
2017-05-11,21.163,21.212,21.163,21.202,160182,0
2017-05-12,21.202,21.252,21.202,21.247,83252,0
2017-05-15,21.262,21.292,21.222,21.262,315697,0
2017-05-16,21.262,21.262,21.242,21.262,427945,0
2017-05-17,21.282,21.302,21.25,21.292,149730,0
2017-05-18,21.272,21.292,21.252,21.282,243339,0
2017-05-19,21.292,21.322,21.262,21.282,140978,0
2017-05-22,21.272,21.302,21.266,21.287,159876,0
2017-05-23,21.282,21.332,21.252,21.262,280244,0
2017-05-24,21.232,21.282,21.232,21.282,153615,0
2017-05-25,21.292,21.292,21.262,21.272,156903,0
2017-05-26,21.252,21.292,21.252,21.282,80667,0
2017-05-30,21.312,21.352,21.292,21.307,161723,0
2017-05-31,21.292,21.327,21.282,21.312,79817,0
2017-06-01,21.31,21.317,21.28,21.29,119348,0
2017-06-02,21.29,21.36,21.28,21.325,128058,0
2017-06-05,21.33,21.34,21.29,21.32,209014,0
2017-06-06,21.32,21.35,21.31,21.31,107343,0
2017-06-07,21.32,21.33,21.29,21.32,140836,0
2017-06-08,21.31,21.32,21.28,21.31,153494,0
2017-06-09,21.29,21.3,21.28,21.29,153750,0
2017-06-12,21.29,21.34,21.28,21.3,99494,0
2017-06-13,21.3,21.3,21.27,21.29,77171,0
2017-06-14,21.3,21.396,21.28,21.31,96871,0
2017-06-15,21.31,21.35,21.27,21.285,136741,0
2017-06-16,21.31,21.32,21.28,21.3,274784,0
2017-06-19,21.34,21.34,21.29,21.305,103297,0
2017-06-20,21.31,21.32,21.29,21.29,115373,0
2017-06-21,21.31,21.33,21.29,21.31,172894,0
2017-06-22,21.31,21.33,21.29,21.33,147082,0
2017-06-23,21.33,21.34,21.31,21.32,147888,0
2017-06-26,21.31,21.34,21.29,21.34,170720,0
2017-06-27,21.31,21.33,21.3,21.305,100625,0
2017-06-28,21.3,21.34,21.298,21.33,147376,0
2017-06-29,21.31,21.323,21.292,21.32,97532,0
2017-06-30,21.32,21.32,21.29,21.31,156770,0
2017-07-03,21.29,21.399,21.24,21.29,125907,0
2017-07-05,21.28,21.31,21.25,21.29,95538,0
2017-07-06,21.27,21.31,21.25,21.28,148101,0
2017-07-07,21.32,21.33,21.26,21.29,136571,0
2017-07-10,21.32,21.37,21.3,21.32,162206,0
2017-07-11,21.32,21.33,21.28,21.33,117225,0
2017-07-12,21.37,21.39,21.334,21.36,126785,0
2017-07-13,21.38,21.386,21.32,21.34,410012,0
2017-07-14,21.38,21.387,21.349,21.355,226114,0
2017-07-17,21.38,21.38,21.34,21.375,115266,0
2017-07-18,21.37,21.384,21.35,21.37,141420,0
2017-07-19,21.35,21.38,21.341,21.38,138161,0
2017-07-20,21.39,21.427,21.36,21.39,112612,0
2017-07-21,21.36,21.43,21.36,21.39,125387,0
2017-07-24,21.42,21.45,21.37,21.39,153094,0
2017-07-25,21.36,21.4,21.35,21.36,148333,0
2017-07-26,21.38,21.41,21.35,21.41,176148,0
2017-07-27,21.41,21.41,21.374,21.405,131279,0
2017-07-28,21.45,21.45,21.38,21.4,83254,0
2017-07-31,21.42,21.43,21.4,21.43,251070,0
2017-08-01,21.4,21.468,21.4,21.42,249124,0
2017-08-02,21.42,21.44,21.4,21.42,149460,0
2017-08-03,21.42,21.43,21.4,21.4,126561,0
2017-08-04,21.42,21.43,21.4,21.41,133716,0
2017-08-07,21.41,21.42,21.4,21.42,118147,0
2017-08-08,21.42,21.43,21.4,21.41,202589,0
2017-08-09,21.42,21.422,21.39,21.42,274219,0
2017-08-10,21.41,21.42,21.39,21.42,168871,0
2017-08-11,21.41,21.44,21.4,21.435,94040,0
2017-08-14,21.42,21.44,21.41,21.43,138213,0
2017-08-15,21.42,21.42,21.39,21.4,102646,0
2017-08-16,21.39,21.43,21.38,21.42,177158,0
2017-08-17,21.42,21.43,21.406,21.43,102346,0
2017-08-18,21.43,21.45,21.41,21.42,180199,0
2017-08-21,21.42,21.45,21.42,21.45,704977,0
2017-08-22,21.43,21.44,21.39,21.44,273891,0
2017-08-23,21.44,21.45,21.42,21.45,176079,0
2017-08-24,21.42,21.45,21.41,21.43,168270,0
2017-08-25,21.43,21.45,21.42,21.43,84603,0
2017-08-28,21.42,21.46,21.41,21.45,109001,0
2017-08-29,21.45,21.49,21.45,21.47,88011,0
2017-08-30,21.46,21.48,21.448,21.46,121686,0
2017-08-31,21.47,21.47,21.43,21.465,134639,0
2017-09-01,21.47,21.48,21.42,21.42,164054,0
2017-09-05,21.46,21.49,21.452,21.48,101862,0
2017-09-06,21.45,21.53,21.45,21.49,163032,0
2017-09-07,21.5,21.52,21.46,21.5,211244,0
2017-09-08,21.51,21.51,21.47,21.5,107267,0
2017-09-11,21.47,21.493,21.47,21.48,94386,0
2017-09-12,21.47,21.5,21.44,21.47,90457,0
2017-09-13,21.47,21.47,21.42,21.45,219769,0
2017-09-14,21.45,21.47,21.44,21.46,130766,0
2017-09-15,21.44,21.46,21.43,21.44,104933,0
2017-09-18,21.45,21.47,21.41,21.45,145443,0
2017-09-19,21.46,21.47,21.416,21.44,126307,0
2017-09-20,21.42,21.45,21.41,21.411,126220,0
2017-09-21,21.45,21.45,21.39,21.4,173711,0
2017-09-22,21.44,21.45,21.4,21.425,239926,0
2017-09-25,21.44,21.46,21.418,21.44,122350,0
2017-09-26,21.42,21.45,21.42,21.42,114834,0
2017-09-27,21.38,21.45,21.38,21.45,104396,0
2017-09-28,21.45,21.46,21.42,21.46,105636,0
2017-09-29,21.43,21.46,21.42,21.44,139233,0
2017-10-02,21.46,21.46,21.44,21.44,114892,0
2017-10-03,21.47,21.47,21.43,21.47,187051,0
2017-10-04,21.45,21.47,21.44,21.46,111885,0
2017-10-05,21.47,21.47,21.44,21.46,175255,0
2017-10-06,21.46,21.46,21.41,21.45,140419,0
2017-10-09,21.47,21.47,21.44,21.47,85888,0
2017-10-10,21.45,21.45,21.42,21.44,244140,0
2017-10-11,21.45,21.46,21.42,21.43,466827,0
2017-10-12,21.43,21.43,21.42,21.43,222814,0
2017-10-13,21.43,21.47,21.43,21.47,79196,0
2017-10-16,21.47,21.47,21.44,21.44,99281,0
2017-10-17,21.43,21.46,21.42,21.44,129232,0
2017-10-18,21.45,21.45,21.42,21.44,178400,0
2017-10-19,21.48,21.48,21.42,21.45,146598,0
2017-10-20,21.41,21.45,21.41,21.44,107585,0
2017-10-23,21.47,21.47,21.42,21.434,160578,0
2017-10-24,21.439,21.45,21.43,21.44,135483,0
2017-10-25,21.43,21.45,21.4,21.42,129442,0
2017-10-26,21.45,21.45,21.4,21.43,150185,0
2017-10-27,21.44,21.46,21.41,21.46,199772,0
2017-10-30,21.48,21.48,21.43,21.45,197548,0
2017-10-31,21.44,21.49,21.43,21.46,185823,0
2017-11-01,21.46,21.46,21.41,21.43,210805,0
2017-11-02,21.43,21.44,21.39,21.41,208688,0
2017-11-03,21.4,21.4393,21.3901,21.42,269257,0
2017-11-06,21.45,21.46,21.41,21.44,185571,0
2017-11-07,21.43,21.4399,21.39,21.415,167654,0
2017-11-08,21.42,21.43,21.37,21.39,308346,0
2017-11-09,21.39,21.41,21.38,21.38,149905,0
2017-11-10,21.4,21.4,21.36,21.4,94710,0
