Date,Open,High,Low,Close,Volume,OpenInt
2011-05-02,50.41,51.21,50.41,50.98,6900,0
2011-05-03,54.95,54.95,50.98,51.05,8800,0
2011-05-04,49.63,49.63,48.8,49.13,10051,0
2011-05-05,48.24,48.42,47.75,47.75,6451,0
2011-05-06,48.93,49.09,48.18,48.27,10740,0
2011-05-09,50.51,50.51,48.16,48.16,1535,0
2011-05-10,48,48,48,48,100,0
2011-05-11,46.37,46.37,45.81,45.86,2100,0
2011-05-12,45.85,46.17,44.03,46.09,5594,0
2011-05-13,45.46,45.76,45.07,45.15,5373,0
2011-05-16,44.43,44.43,44.07,44.07,1300,0
2011-05-17,44.45,44.81,44.41,44.81,7100,0
2011-05-18,45.17,45.47,45.14,45.37,2000,0
2011-05-19,44.49,44.76,44.22,44.22,6500,0
2011-05-20,43.47,43.7,43.43,43.7,2500,0
2011-05-23,44.13,44.13,43.69,43.94,4700,0
2011-05-24,44.15,44.24,43.83,43.91,3100,0
2011-05-25,44.59,44.65,44.59,44.65,400,0
2011-05-26,44.29,44.73,44.29,44.73,3225,0
2011-05-27,44.64,44.64,44.37,44.55,1051,0
2011-05-31,44.73,44.73,44.42,44.42,1800,0
2011-06-01,43.91,43.98,43,43,6653,0
2011-06-02,43.17,43.7,43.17,43.7,6253,0
2011-06-03,45.67,45.77,45.3,45.52,5624,0
2011-06-06,44.29,44.36,43.81,43.86,6434,0
2011-06-07,44.54,44.69,43.98,44.4,8200,0
2011-06-08,44.46,44.59,44.46,44.49,1200,0
2011-06-09,44.77,45.02,44.62,44.93,3000,0
2011-06-10,44.34,44.34,44.21,44.21,400,0
2011-06-13,45.2,45.2,44.85,44.85,800,0
2011-06-14,45,45.03,45,45,400,0
2011-06-15,43.95,45.03,43.95,43.95,300,0
2011-06-17,42.99,42.99,42.99,42.99,100,0
2011-06-21,41.12,41.12,41.12,41.12,700,0
2011-06-24,41.17,41.17,41.17,41.17,100,0
2011-06-29,42.58,42.58,42.58,42.58,500,0
2011-06-30,43.77,43.79,43.55,43.55,655,0
2011-07-01,43.31,43.71,43.31,43.71,825,0
2011-07-07,44.98,44.98,44.57,44.57,3500,0
2011-07-08,44.06,44.25,44.06,44.2,416,0
2011-07-11,42.97,42.97,42.97,42.97,100,0
2011-07-12,42.6,42.6,42.6,42.6,200,0
2011-07-14,42.97,42.97,42.58,42.6,2845,0
2011-07-15,42.64,42.64,42.18,42.23,536,0
2011-07-18,41.79,41.79,41.25,41.34,442,0
2011-07-19,40.94,40.94,40.5,40.56,3851,0
2011-07-20,40.36,40.4,40.36,40.4,300,0
2011-07-21,40.45,40.45,40.45,40.45,100,0
2011-07-22,39.78,40.85,39.77,40.52,6900,0
2011-07-25,40.11,40.11,40.11,40.11,157,0
2011-07-26,40.5,40.94,40.5,40.8,1342,0
2011-07-27,40.17,40.17,40.17,40.17,144,0
2011-07-28,40.45,40.45,40.45,40.45,1600,0
2011-08-02,40.56,40.83,40.15,40.15,2300,0
2011-08-03,40.1,40.34,40.02,40.11,6100,0
2011-08-04,39.27,39.46,39.11,39.11,2300,0
2011-08-05,40,40.36,39.12,40.36,1426,0
2011-08-11,39.41,39.54,39.41,39.54,700,0
2011-08-12,39.6,39.6,39.6,39.6,100,0
2011-08-15,40.97,40.97,40.55,40.65,2000,0
2011-08-16,40.42,41.52,40.42,41.47,4850,0
2011-08-17,42.87,43.65,42.83,43.64,3300,0
2011-08-19,44.05,44.06,44.05,44.05,1400,0
2011-08-22,44.09,44.14,43.61,43.74,4800,0
2011-08-23,44.15,44.63,44.15,44.55,8600,0
2011-08-26,45.12,45.73,45.12,45.73,400,0
2011-08-29,46.8,46.8,46.39,46.39,635,0
2011-08-31,46.91,47.28,46.91,47.28,400,0
2011-09-01,47.4,47.4,47.4,47.4,100,0
2011-09-02,47.05,47.09,47.05,47.07,1576,0
2011-09-06,45.64,45.64,45.51,45.51,435,0
2011-09-07,46.19,46.19,46.17,46.17,200,0
2011-09-09,45.59,45.59,44.07,44.07,6300,0
2011-09-12,44.57,44.65,44.2,44.27,3400,0
2011-09-13,44.44,44.44,43.82,44.06,3672,0
2011-09-14,43.96,43.97,43.24,43.33,4900,0
2011-09-15,43.64,43.98,43.04,43.07,5500,0
2011-09-16,41.97,43,41.71,43,7100,0
2011-09-19,41.76,43.11,41.76,42.72,12100,0
2011-09-20,42.89,43.2,42.62,42.7,5000,0
2011-09-21,41.53,41.53,40.94,40.94,800,0
2011-09-22,38.07,39.82,38.07,38.9,9100,0
2011-09-23,39.13,39.13,38.23,38.35,5700,0
2011-09-26,39.12,39.12,38.54,38.61,600,0
2011-09-27,39.79,39.87,39.29,39.56,7025,0
2011-09-28,38.23,38.78,38.17,38.17,5800,0
2011-09-29,37.86,37.86,37.6,37.6,1500,0
2011-09-30,37.86,37.87,37.48,37.48,700,0
2011-10-03,37.01,37.01,36.24,36.66,700,0
2011-10-04,37.17,37.17,37.17,37.17,200,0
2011-10-05,37.3,37.31,37.04,37.31,1625,0
2011-10-06,38.47,38.47,38.47,38.47,100,0
2011-10-07,37.9,38.1,37.75,37.92,5000,0
2011-10-12,37.04,37.84,37.04,37.84,1550,0
2011-10-13,38.14,38.4,38.14,38.4,250,0
2011-10-17,37.62,38.07,37.62,38.07,200,0
2011-10-18,37.85,37.85,37.64,37.64,433,0
2011-10-19,38.36,38.59,38.36,38.38,4338,0
2011-10-20,37.73,37.73,37.73,37.73,150,0
2011-10-25,39.54,39.54,39.54,39.54,1000,0
2011-10-26,38.67,38.67,37.84,37.84,7251,0
2011-10-27,38.7,38.98,38.36,38.64,1700,0
2011-10-31,36.87,37.24,36.77,37.05,3100,0
2011-11-01,36.45,36.45,36.45,36.45,100,0
2011-11-02,36.94,36.94,36.65,36.76,4200,0
2011-11-04,37.22,37.22,37.22,37.22,100,0
2011-11-07,37.99,38.22,37.81,38.22,2700,0
2011-11-08,38.08,38.08,37.43,37.48,5200,0
2011-11-09,37.46,37.72,37.36,37.52,5500,0
2011-11-14,38.04,38.04,37.32,37.32,1200,0
2011-11-15,38.19,38.19,38.19,38.19,5100,0
2011-11-17,38.34,38.34,37.98,37.98,200,0
2011-11-18,38.42,38.47,38.42,38.42,1300,0
2011-11-28,37.86,37.92,37.13,37.13,2296,0
2011-11-29,36.97,36.97,36.56,36.56,7700,0
2011-12-01,37.56,37.56,37.56,37.56,100,0
2011-12-09,36.61,36.61,36.61,36.61,100,0
2011-12-16,34.31,34.31,34.31,34.31,100,0
2011-12-21,35.37,35.37,35.33,35.33,650,0
2011-12-22,35,35.55,35,35,200,0
2011-12-23,35.35,35.35,35.19,35.19,700,0
2011-12-27,34.66,35.3,33.4,35.3,700,0
2011-12-28,36.44,36.6,36.44,36.6,200,0
2011-12-29,36.43,36.43,36,36,400,0
2012-01-03,35.83,35.83,35.64,35.83,1898,0
2012-01-06,35.94,35.94,35.94,35.94,140,0
2012-01-30,34.87,34.87,34.62,34.62,270,0
2012-02-06,34.73,35.18,34.73,35.18,900,0
2012-02-07,35.13,35.4,34.85,35.4,700,0
2012-02-08,35.61,35.61,35.38,35.38,526,0
2012-02-09,35.17,35.2,35.17,35.2,418,0
2012-02-10,34.3,34.3,34.3,34.3,300,0
2012-02-14,33.4,33.4,32.84,32.84,810,0
2012-02-15,32.6,32.6,31.9,31.9,805,0
2012-02-16,32,32,32,32,400,0
2012-02-17,31.81,32.1,31.74,32.1,300,0
2012-02-21,32.71,32.73,32.6,32.68,600,0
2012-02-22,32.15,32.15,32.08,32.08,200,0
2012-02-23,32.27,32.27,32.27,32.27,100,0
2012-02-29,32.17,32.46,32.17,32.46,397,0
2012-03-02,31.8,31.8,31.8,31.8,300,0
2012-03-05,31.96,31.96,31.96,31.96,100,0
2012-03-06,31.69,31.69,30.7,30.7,300,0
2012-03-07,30,30,30,30,100,0
2012-03-08,29.52,30.7,29.44,30.7,625,0
2012-03-09,29.81,30.55,29.81,30,1200,0
2012-03-12,29.06,29.25,29,29.25,500,0
2012-03-13,29.57,29.57,29.45,29.45,400,0
2012-03-14,29.12,29.12,29,29.06,750,0
2012-03-15,29.36,29.36,29.36,29.36,100,0
2012-03-16,29.15,29.15,29.15,29.15,130,0
2012-03-19,29.11,29.2,29.11,29.2,400,0
2012-03-20,29.08,29.42,28.14,28.14,3809,0
2012-03-21,29.62,29.83,29.49,29.49,800,0
2012-03-22,29.53,29.53,27.71,27.77,3700,0
2012-03-23,27.88,28.37,27.88,28.37,200,0
2012-03-27,28.88,29.03,28.88,29.03,829,0
2012-03-28,29.61,29.61,28.75,28.75,2762,0
2012-03-29,28.5,28.84,28,28.19,2500,0
2012-03-30,28.98,28.98,28.78,28.78,850,0
2012-04-02,29.5,29.5,29.5,29.5,200,0
2012-04-03,29.35,29.35,29.35,29.35,500,0
2012-04-04,29.5,30.18,29.17,29.17,1900,0
2012-04-09,28.47,30,28.38,30,650,0
2012-04-11,28.51,28.51,28.51,28.51,300,0
2012-04-12,28.61,28.8,28.61,28.8,650,0
2012-04-13,28.19,28.19,28.18,28.18,275,0
2012-04-16,28.2,28.2,27.7,27.7,500,0
2012-04-17,27.63,27.63,27.6,27.6,300,0
2012-04-19,27.67,27.67,27.67,27.67,1105,0
2012-04-20,28.13,28.13,28.13,28.13,300,0
2012-04-23,28.12,28.12,28.12,28.12,100,0
2012-04-24,28.25,28.65,28.25,28.65,575,0
2012-04-26,27.67,27.67,27.67,27.67,100,0
2012-04-27,27.72,27.72,27.7,27.71,400,0
2012-04-30,27.95,27.95,27.5,27.95,350,0
2012-05-01,28,28.12,28,28.12,250,0
2012-05-02,28.74,28.94,28.74,28.91,900,0
2012-05-04,27.59,27.59,27.59,27.59,200,0
2012-05-08,27.35,27.55,27.35,27.55,300,0
2012-05-10,27.88,28.03,27.88,27.98,700,0
2012-05-14,28.02,28.02,27.72,27.72,710,0
2012-05-15,28,28,28,28,100,0
2012-05-16,28.23,28.23,27.81,27.81,745,0
2012-05-17,27.9,28.2,27.9,28.2,300,0
2012-05-18,28.35,28.35,27.89,27.89,480,0
2012-05-21,27.87,27.89,27.87,27.89,200,0
2012-05-22,27.19,27.38,27.19,27.35,300,0
2012-05-23,26.28,26.28,26.28,26.28,100,0
2012-05-29,25.94,25.94,25.94,25.94,100,0
2012-05-30,25.5,25.5,25.5,25.5,100,0
2012-06-01,24.98,24.98,24.8,24.8,300,0
2012-06-06,24.88,24.88,24.4,24.4,600,0
2012-06-07,24.5,24.5,24.5,24.5,200,0
2012-06-08,24.49,24.49,24.49,24.49,200,0
2012-06-11,24.18,24.18,24.18,24.18,300,0
2012-06-12,23.9,24.08,23.9,24,980,0
2012-06-13,23.96,23.96,23.68,23.68,700,0
2012-06-19,23.59,24.43,23.59,24.43,1600,0
2012-06-20,24.22,24.22,23.43,23.53,1200,0
2012-06-21,24,24.49,23.98,24.49,2200,0
2012-06-22,23.9,23.9,23.8,23.8,300,0
2012-06-25,24.17,24.27,23.5,24.27,700,0
2012-06-26,24.8,25.66,24.8,25.66,500,0
2012-06-29,25.83,28,25.83,26.47,13800,0
2012-07-02,37.05,37.05,26.75,27.06,1282,0
2012-07-03,27.59,27.75,27.59,27.75,600,0
2012-07-05,27.8,27.8,27.42,27.42,900,0
2012-07-06,27.75,27.75,27.14,27.14,200,0
2012-07-09,27.51,27.51,27.51,27.51,100,0
2012-07-10,28.25,28.25,28.25,28.25,1000,0
2012-07-11,29,29,28.88,28.9,2500,0
2012-07-13,28.29,28.29,28.29,28.29,100,0
2012-07-19,28.39,28.89,28.39,28.89,800,0
2012-07-20,28.9,29.1,28.06,28.52,30952,0
2012-07-23,28.12,28.9,28.1,28.28,7818,0
2012-07-24,28.4,28.56,26.49,26.74,21058,0
2012-07-25,27.36,27.78,26.86,27.08,25400,0
2012-07-26,27.34,27.54,26.67,26.67,8500,0
2012-07-27,27.1,27.19,26.66,26.78,7700,0
2012-07-30,26.84,27.72,26.73,27.35,16450,0
2012-07-31,26.93,26.93,26.62,26.8,5700,0
2012-08-01,26.74,27,26.57,27,1900,0
2012-08-02,27.05,27.05,26.75,26.75,900,0
2012-08-03,26.75,26.75,26.21,26.21,400,0
2012-08-06,27.07,27.07,27.02,27.02,550,0
2012-08-07,26.98,26.98,26.62,26.62,365,0
2012-08-08,26.33,26.43,26.18,26.33,3217,0
2012-08-09,25.7,25.7,25.7,25.7,100,0
2012-08-13,37.05,37.05,25.19,25.33,1126,0
2012-08-15,24.67,24.8,24.59,24.8,1120,0
2012-08-16,24.46,24.68,24.36,24.39,11900,0
2012-08-17,24.66,24.73,24.46,24.59,1300,0
2012-08-20,25.12,25.92,24.79,24.79,2200,0
2012-08-21,25.03,25.03,24.72,24.72,550,0
2012-08-22,24.41,24.41,24.4,24.4,250,0
2012-08-23,24.8,24.8,24.39,24.55,1400,0
2012-08-24,24.47,24.78,24.45,24.55,800,0
2012-08-27,25.13,25.13,25.13,25.13,200,0
2012-08-28,25.34,25.34,25.34,25.34,140,0
2012-08-29,25.45,25.54,25.45,25.54,340,0
2012-08-30,25.3,25.3,24.7,24.7,1050,0
2012-08-31,24.99,24.99,24.99,24.99,150,0
2012-09-04,24.94,24.94,24.93,24.93,1000,0
2012-09-06,23.98,24.04,23.97,24.04,500,0
2012-09-07,24.64,24.84,24.39,24.82,4322,0
2012-09-10,25.45,26.33,25.02,26.17,9474,0
2012-09-11,27.01,27.17,26.52,26.76,5865,0
2012-09-12,26.83,27.45,26.77,26.85,2179,0
2012-09-13,27.03,28.17,26.7,27.34,6700,0
2012-09-14,27.53,27.69,27.23,27.32,14050,0
2012-09-17,26.01,27.66,26.01,26.74,2800,0
2012-09-18,26.62,26.64,26.62,26.64,600,0
2012-09-19,26.64,26.69,26.41,26.41,600,0
2012-09-20,26.81,26.81,26.03,26.08,748,0
2012-09-21,25.84,26.25,25.84,26.2,3840,0
2012-09-24,26.08,26.08,26.08,26.08,100,0
2012-09-25,26.31,26.33,26.31,26.33,2460,0
2012-09-26,25.68,25.68,25.68,25.68,300,0
2012-09-27,26.41,26.41,26.38,26.38,500,0
2012-10-03,27.46,27.51,27.27,27.27,2550,0
2012-10-04,27.15,27.56,26.47,26.47,700,0
2012-10-05,26.09,26.09,25.38,25.48,1500,0
2012-10-08,25.55,25.56,25.53,25.54,600,0
2012-10-09,25.07,25.47,24.89,25.23,3660,0
2012-10-10,24.93,25.03,24.79,24.79,5401,0
2012-10-11,24.49,24.6,24.36,24.43,5800,0
2012-10-12,24.33,24.37,24.33,24.37,600,0
2012-10-15,24.52,24.61,24.52,24.61,594,0
2012-10-16,24.58,24.67,24.58,24.67,500,0
2012-10-17,24.41,24.51,24.41,24.51,4300,0
2012-10-18,24.09,24.13,24,24.13,920,0
2012-10-19,24.41,24.56,24.41,24.5,1600,0
2012-10-22,24.7,24.89,24.7,24.89,800,0
2012-10-23,24.51,24.54,24.44,24.47,1350,0
2012-10-24,24.33,24.33,24.25,24.25,900,0
2012-10-25,24.3,24.38,24.3,24.38,600,0
2012-10-26,24.86,24.86,23.96,23.96,758,0
2012-10-31,23.9,23.9,23.59,23.59,3300,0
2012-11-01,23.51,23.65,23.33,23.33,2100,0
2012-11-02,23.55,23.57,23.54,23.57,360,0
2012-11-05,23.14,23.14,23.11,23.11,700,0
2012-11-07,23.16,23.16,22.95,23.07,1600,0
2012-11-08,23.13,24.11,23.13,23.45,43482,0
2012-11-09,23.5,23.5,23.19,23.2,700,0
2012-11-12,23.24,23.48,23.24,23.42,2110,0
2012-11-13,22.76,22.76,22.37,22.37,850,0
2012-11-14,22.85,22.94,22.55,22.55,1100,0
2012-11-15,22.62,22.62,22.62,22.62,100,0
2012-11-16,22.48,22.55,22.48,22.49,4000,0
2012-11-19,22.71,23.19,22.71,23.19,540,0
2012-11-20,22.65,22.7,22.48,22.48,1475,0
2012-11-21,22.61,22.81,22.6,22.64,2300,0
2012-11-23,22.18,22.28,22.18,22.28,600,0
2012-11-26,22.12,22.26,21.9,21.92,34024,0
2012-11-27,22.28,22.3,22.09,22.09,17190,0
2012-11-28,21.75,22.99,21.75,22.8,4119,0
2012-11-29,23.08,23.18,22.79,23.13,31054,0
2012-11-30,23.18,23.18,22.31,22.33,2100,0
2012-12-03,22.58,22.58,22.21,22.21,2000,0
2012-12-04,22.09,22.09,21.86,21.93,18700,0
2012-12-05,21.87,22.14,21.8,21.91,4020,0
2012-12-06,22.07,22.35,22.07,22.31,4160,0
2012-12-07,22.8,22.81,22.54,22.61,8600,0
2012-12-10,21.85,21.9,21.7,21.74,1074,0
2012-12-11,22.15,22.15,22.03,22.03,1500,0
2012-12-12,22.1,22.1,21.67,21.67,700,0
2012-12-13,21.47,21.51,21.25,21.25,3960,0
2012-12-17,21.31,21.31,21.31,21.31,2189,0
2012-12-18,21.77,21.77,21.41,21.41,850,0
2012-12-19,21.19,21.4,21.19,21.39,635,0
2012-12-20,21.03,21.19,21.01,21.18,2148,0
2012-12-21,21.26,21.66,21.19,21.66,6200,0
2012-12-26,21.77,21.97,21.76,21.79,3600,0
2012-12-27,21.78,21.96,21.78,21.81,1049,0
2012-12-28,21.89,21.89,21.89,21.89,200,0
2012-12-31,21.5,21.83,20.96,21.23,7408,0
2013-01-02,22.3,22.5,21.88,21.99,9443,0
2013-01-03,22.19,22.19,21.62,21.62,3020,0
2013-01-04,21.27,21.78,21.15,21.78,6275,0
2013-01-07,21.99,22.29,21.99,22.04,2455,0
2013-01-08,22.11,22.4,21.7,21.72,9490,0
2013-01-09,21.83,22.05,21.83,21.95,8000,0
2013-01-10,21.9,22.02,21.84,21.98,51000,0
2013-01-11,22.15,22.64,22.09,22.55,65600,0
2013-01-14,22.76,23.39,22.59,22.65,5900,0
2013-01-15,22.57,23.03,22.36,22.41,22340,0
2013-01-16,22.69,22.85,22.54,22.57,24712,0
2013-01-17,22.91,23,22.77,22.86,8350,0
2013-01-18,22.84,23.44,22.84,23.01,9817,0
2013-01-22,23.04,23.04,22.01,22.05,14400,0
2013-01-23,22.26,22.35,21.99,22.27,13850,0
2013-01-24,22.2,22.2,21.66,21.82,20341,0
2013-01-25,21.99,21.99,21.75,21.88,11585,0
2013-01-28,21.94,22.11,21.8,22.11,3746,0
2013-01-29,22,22.14,21.94,22.08,3050,0
2013-01-30,21.96,21.96,21.9,21.9,900,0
2013-01-31,21.72,21.95,21.72,21.86,21395,0
2013-02-01,21.82,21.9,21.81,21.86,1419,0
2013-02-04,21.5,21.51,21.37,21.46,2680,0
2013-02-05,21.44,21.5,21.44,21.5,200,0
2013-02-06,21.12,21.2,21.09,21.13,4350,0
2013-02-07,21.5,21.5,20.75,20.84,8234,0
2013-02-08,20.75,21.13,20.68,21.09,27114,0
2013-02-11,20.76,20.85,20.73,20.73,1625,0
2013-02-12,20.64,20.9,20.64,20.74,6300,0
2013-02-13,20.73,20.83,20.51,20.51,3301,0
2013-02-14,20.42,20.56,20.31,20.37,5450,0
2013-02-15,20.39,20.44,20.32,20.32,3350,0
2013-02-19,20.36,20.36,20.01,20.02,10870,0
2013-02-20,20.36,20.59,20.3,20.44,13850,0
2013-02-21,20.37,20.45,20.37,20.44,1123,0
2013-02-22,20.86,20.86,20.8,20.8,2443,0
2013-02-25,20.74,20.74,20.38,20.62,6687,0
2013-02-26,20.89,20.9,20.89,20.9,750,0
2013-02-27,20.95,20.95,20.95,20.95,500,0
2013-02-28,20.63,20.63,20.57,20.59,1920,0
2013-03-01,20.82,20.82,20.72,20.72,2200,0
2013-03-04,20.81,21.2,20.81,21.2,1355,0
2013-03-05,20.81,20.88,20.38,20.38,4050,0
2013-03-06,20.35,20.51,20.31,20.45,13250,0
2013-03-07,20.9,20.9,20.58,20.74,3347,0
2013-03-08,20.87,20.9,20.72,20.88,2800,0
2013-03-11,20.85,20.86,20.77,20.8,2577,0
2013-03-13,20.4,20.4,20.4,20.4,400,0
2013-03-15,20.2,20.4,19.5,19.94,10797,0
2013-03-18,19.77,21,19.46,19.52,10752,0
2013-03-19,19.49,19.52,19.25,19.25,4625,0
2013-03-20,19.25,19.29,19.25,19.29,7136,0
2013-03-21,19.27,19.28,19.27,19.27,2191,0
2013-03-22,19.5,19.74,19.3,19.74,16182,0
2013-03-25,19.7,19.7,19.59,19.59,1400,0
2013-03-26,19.75,19.93,19.75,19.92,10700,0
2013-03-27,19.75,19.92,19.75,19.87,800,0
2013-03-28,19.9,19.9,19.8,19.8,300,0
2013-04-01,19.85,20.03,19.85,20,500,0
2013-04-03,20,20.15,19.96,20.08,8200,0
2013-04-05,20,20.31,20,20.31,600,0
2013-04-08,19.61,19.83,19.43,19.83,300,0
2013-04-09,19.7,19.7,19.63,19.63,4300,0
2013-04-10,19.82,19.84,19.55,19.62,1300,0
2013-04-11,19.78,19.79,19.78,19.79,350,0
2013-04-12,19.79,19.79,19.47,19.47,600,0
2013-04-15,19.43,19.5,19.01,19.3,2336,0
2013-04-16,19.36,19.42,19.36,19.42,500,0
2013-04-17,20.49,20.49,19.15,19.43,2000,0
2013-04-18,19.97,21,19.52,19.91,1500,0
2013-04-19,20.3,20.34,20.3,20.34,598,0
2013-04-22,20.31,20.45,20.24,20.26,540,0
2013-04-23,20.12,20.12,19.49,19.52,25617,0
2013-04-24,19.69,19.7,19.69,19.7,400,0
2013-04-25,19.52,19.6,19.45,19.55,4200,0
2013-04-26,19.5,19.5,19,19.05,5170,0
2013-04-29,19.1,19.18,18.96,19.02,4049,0
2013-04-30,19.13,19.23,19.13,19.23,250,0
2013-05-01,19.1,19.23,18.93,19.16,4784,0
2013-05-02,19.72,19.86,19.72,19.82,1920,0
2013-05-03,19.95,20.09,19.87,19.88,1900,0
2013-05-06,20.3,20.3,20,20.17,6303,0
2013-05-07,20.45,20.45,20.18,20.28,8926,0
2013-05-08,20.4,20.45,20.39,20.45,1050,0
2013-05-09,20.83,21.05,20.8,20.81,12289,0
2013-05-10,20.86,21.03,20.51,20.51,7029,0
2013-05-13,20.18,20.69,20.18,20.58,1500,0
2013-05-14,20.6,20.6,20.48,20.48,600,0
2013-05-15,20.5,20.65,19.62,19.97,15892,0
2013-05-16,19.81,19.93,19.76,19.92,8350,0
2013-05-17,20.22,20.22,19.43,19.52,4650,0
2013-05-20,19.32,19.32,19.04,19.28,2400,0
2013-05-21,19.35,19.35,18.8,18.84,6975,0
2013-05-22,18.75,18.75,18.29,18.35,6695,0
2013-05-23,18.29,18.6,18.29,18.6,587,0
2013-05-24,18.38,18.38,18.02,18.11,6483,0
2013-05-28,18.17,18.17,17.95,17.99,3926,0
2013-05-29,17.75,18.19,17.75,18.19,8643,0
2013-05-30,17.88,17.95,17.84,17.95,3050,0
2013-05-31,17.88,17.92,17.88,17.92,1000,0
2013-06-03,18.3,18.32,18.25,18.26,14184,0
2013-06-04,18.11,18.32,18.09,18.14,4798,0
2013-06-05,18.25,18.34,18,18.03,1490,0
2013-06-06,18.05,18.41,18.05,18.4,2184,0
2013-06-07,18.12,18.12,18.05,18.05,1740,0
2013-06-10,18.2,18.31,18.2,18.31,2100,0
2013-06-11,18.07,18.07,17.95,18.07,15065,0
2013-06-12,17.98,18.15,17.23,17.32,10305,0
2013-06-13,17.37,17.63,17.37,17.63,9600,0
2013-06-14,18,18,17.3,17.32,12503,0
2013-06-17,17.3,17.55,17.22,17.23,7691,0
2013-06-18,17.37,17.37,17.3,17.3,1060,0
2013-06-19,17.33,17.47,17.33,17.38,4490,0
2013-06-20,17.1,17.23,16.56,16.62,7189,0
2013-06-21,16.81,16.88,16.69,16.69,5365,0
2013-06-24,16.85,16.9,16.73,16.84,5810,0
2013-06-25,16.83,16.93,16.7,16.91,4204,0
2013-06-26,16.74,16.74,16.54,16.56,3355,0
2013-06-27,17.13,17.13,16.96,17.04,2664,0
2013-06-28,17.17,17.17,16.61,16.81,3165,0
2013-07-01,16.73,17.05,16.7,16.99,3449,0
2013-07-02,17.17,17.37,17.17,17.25,5313,0
2013-07-05,17,17.21,16.81,16.87,3330,0
2013-07-08,17.23,17.23,17.17,17.18,1794,0
2013-07-09,16.99,17.07,16.81,16.99,6400,0
2013-07-10,17.05,17.22,16.87,16.88,7017,0
2013-07-11,17.17,17.37,17.17,17.2,4700,0
2013-07-12,17,17,16.57,16.57,8760,0
2013-07-15,16.77,17.23,16.58,17.17,70395,0
2013-07-16,17.35,17.47,17.22,17.39,17469,0
2013-07-17,17.73,17.9,17.64,17.69,23544,0
2013-07-18,17.81,18.3,17.63,17.66,4950,0
2013-07-19,17.7,17.75,17.07,17.09,2770,0
2013-07-22,17.25,17.45,17.23,17.45,6700,0
2013-07-23,17.38,17.45,17.28,17.38,1104,0
2013-07-24,17.26,17.26,16.9,16.99,3590,0
2013-07-25,17,17.31,16.89,17.31,4110,0
2013-07-26,17.12,17.2,16.96,17,7150,0
2013-07-29,16.85,16.92,16.72,16.89,7362,0
2013-07-30,16.93,16.93,16.75,16.78,3044,0
2013-07-31,16.57,16.6,16.36,16.6,8629,0
2013-08-01,16.35,16.4,16.1,16.1,5340,0
2013-08-02,16.05,16.53,16.05,16.52,4037,0
2013-08-05,16.65,16.72,16.65,16.68,1245,0
2013-08-06,17,17,16.4,16.52,2100,0
2013-08-08,17,17,17,17,200,0
2013-08-09,17.08,17.23,17.05,17.08,6000,0
2013-08-12,17,17.25,17,17.19,2989,0
2013-08-13,16.75,16.86,16.58,16.78,5538,0
2013-08-14,17,17.2,17,17,6674,0
2013-08-15,16.7,16.97,16.7,16.91,1700,0
2013-08-16,16.83,17.75,16.78,16.78,13317,0
2013-08-19,16.85,16.85,16.74,16.74,400,0
2013-08-20,16.45,16.45,16.15,16.24,24510,0
2013-08-21,16.21,16.21,15.96,16.03,7220,0
2013-08-22,15.93,16.03,15.83,15.95,3020,0
2013-08-23,15.9,15.9,15.9,15.9,100,0
2013-08-26,16.02,16.02,16,16,2392,0
2013-08-27,16,16.45,15.91,16.45,1916,0
2013-08-28,16.01,16.12,16.01,16.12,3500,0
2013-08-29,15.92,16.06,15.9,16.02,1900,0
2013-08-30,16,16.24,15.9,15.9,9040,0
2013-09-03,15.99,16,15.94,16,2448,0
2013-09-04,15.96,15.96,15.87,15.87,2580,0
2013-09-05,15.85,15.85,15.72,15.85,3690,0
2013-09-06,16.03,16.03,16.03,16.03,3000,0
2013-09-09,16,16.11,15.99,16.09,4830,0
2013-09-10,15.97,15.97,15.8,15.95,5670,0
2013-09-11,16.38,16.46,16.36,16.44,10853,0
2013-09-12,16.11,16.41,16.11,16.38,4340,0
2013-09-13,16.36,16.36,16.29,16.29,1000,0
2013-09-16,16.3,16.3,16.23,16.23,768,0
2013-09-17,16.16,16.16,15.6,15.6,9913,0
2013-09-18,15.65,15.74,15.6,15.74,2635,0
2013-09-19,16.06,16.06,15.74,15.77,1014,0
2013-09-20,15.63,15.67,15.58,15.62,12950,0
2013-09-23,15.87,15.94,15.87,15.94,2940,0
2013-09-24,15.98,16.05,15.98,16.04,2520,0
2013-09-25,16.08,16.2,16.01,16.01,3100,0
2013-09-26,15.74,15.79,15.69,15.73,2338,0
2013-09-27,15.67,15.67,15.46,15.49,9455,0
2013-09-30,15.54,15.57,15.49,15.52,981,0
2013-10-01,15.55,15.61,15.42,15.56,2765,0
2013-10-02,15.65,15.65,15.62,15.62,325,0
2013-10-03,15.76,15.76,15.59,15.69,3420,0
2013-10-04,15.64,15.68,15.54,15.59,5891,0
2013-10-08,15.62,15.66,15.54,15.65,9600,0
2013-10-09,15.65,15.65,15.65,15.65,200,0
2013-10-10,15.75,16.04,15.75,15.92,4390,0
2013-10-11,15.66,15.95,15.65,15.95,3190,0
2013-10-14,15.96,15.96,15.9,15.95,4159,0
2013-10-15,15.94,15.94,15.87,15.87,415,0
2013-10-16,15.85,15.85,15.75,15.77,2100,0
2013-10-17,15.76,15.76,15.55,15.57,44480,0
2013-10-18,15.6,15.62,15.54,15.54,12600,0
2013-10-21,15.49,15.49,15.32,15.33,6600,0
2013-10-22,15.34,15.34,15.25,15.27,2800,0
2013-10-23,15.27,15.27,15.03,15.03,4554,0
2013-10-24,15.07,15.07,14.93,15.03,1935,0
2013-10-25,15.06,15.06,14.84,14.86,9050,0
2013-10-28,14.8,17.31,14.6,14.63,6430,0
2013-10-29,14.57,14.64,14.56,14.62,5150,0
2013-10-30,14.58,14.58,14.54,14.56,4100,0
2013-10-31,14.55,14.55,14.33,14.35,2300,0
2013-11-01,14.35,15.03,14.22,14.42,2730,0
2013-11-04,14.3,14.3,14.1,14.1,12600,0
2013-11-05,14.1,14.11,14.03,14.09,4400,0
2013-11-06,13.97,14.01,13.74,13.75,9760,0
2013-11-07,13.9,14.18,13.9,14.14,3180,0
2013-11-08,14.15,14.19,14.04,14.11,3914,0
2013-11-11,14.36,14.41,14.08,14.1,3400,0
2013-11-12,14.26,14.42,14.26,14.41,5951,0
2013-11-13,14.3,14.3,13.96,13.96,5150,0
2013-11-14,14,14.02,14,14.02,3200,0
2013-11-15,14.23,14.48,14.23,14.48,2084,0
2013-11-18,14.49,14.53,14.39,14.51,7810,0
2013-11-19,14.43,14.45,14.35,14.35,4209,0
2013-11-20,14.52,14.61,14.44,14.52,9510,0
2013-11-21,14.52,14.81,14.52,14.7,8768,0
2013-11-22,14.46,14.46,14.16,14.22,14150,0
2013-11-25,14.42,14.44,14.2,14.44,58350,0
2013-11-26,14.4,14.48,14.34,14.42,39540,0
2013-11-27,14.43,14.43,14.26,14.27,4550,0
2013-11-29,14.7,14.7,14.56,14.69,5996,0
2013-12-02,14.8,14.8,14.47,14.54,6200,0
2013-12-03,14.48,14.51,14.48,14.51,1150,0
2013-12-04,14.46,14.46,14.31,14.31,1500,0
2013-12-05,14.09,14.09,13.97,14.05,8339,0
2013-12-06,14.11,14.12,14.06,14.1,6250,0
2013-12-09,14.13,14.14,14.02,14.04,5007,0
2013-12-10,14.55,14.64,14.53,14.63,21605,0
2013-12-11,14.61,14.73,14.56,14.57,8696,0
2013-12-12,14.71,14.79,14.71,14.79,2475,0
2013-12-13,15,15.3,14.98,15.3,10429,0
2013-12-16,15.31,15.5,15.26,15.28,15070,0
2013-12-17,15.19,15.19,15.1,15.19,7110,0
2013-12-18,15.23,15.4,15.23,15.33,15782,0
2013-12-19,15.17,15.3,15.02,15.02,6610,0
2013-12-20,15.24,15.38,15.19,15.33,4934,0
2013-12-23,15.44,15.7,15.33,15.4,120449,0
2013-12-24,15.21,15.28,15.17,15.26,26182,0
2013-12-26,15.33,15.42,15.3,15.34,16439,0
2013-12-27,15.53,15.66,15.4,15.45,23360,0
2013-12-30,15.4,15.49,15.12,15.15,28338,0
2013-12-31,15,15.02,14.61,14.69,208084,0
2014-01-02,14.61,14.81,14.57,14.76,21948,0
2014-01-03,14.9,15.44,14.5,15.44,139512,0
2014-01-06,15.6,16.06,15.6,16.03,61827,0
2014-01-07,16.1,16.15,15.43,15.59,41950,0
2014-01-08,15.78,16.05,15.78,15.96,22561,0
2014-01-09,15.93,15.97,15.62,15.71,22875,0
2014-01-10,16,16,15.59,15.92,30355,0
2014-01-13,15.93,15.94,15.75,15.83,10570,0
2014-01-14,15.89,15.89,15.66,15.7,31875,0
2014-01-15,15.5,15.56,15.36,15.56,13542,0
2014-01-16,15.67,15.73,15.59,15.59,3226,0
2014-01-17,15.44,15.53,15.44,15.51,5837,0
2014-01-21,15.4,15.74,15.18,15.35,171493,0
2014-01-22,15.21,15.22,15.11,15.15,19331,0
2014-01-23,15.31,15.41,15.19,15.21,28640,0
2014-01-24,15.06,15.12,15,15.08,25349,0
2014-01-27,15.14,15.5,14.95,14.97,104872,0
2014-01-28,15.05,15.15,15.02,15.15,2847,0
2014-01-29,15.05,15.58,15.05,15.58,37272,0
2014-01-30,15.83,15.92,15.65,15.86,11789,0
2014-01-31,16.2,16.57,16.2,16.55,24478,0
2014-02-03,17.51,17.98,17.24,17.85,117781,0
2014-02-04,17.9,18.07,17.6,18.07,65449,0
2014-02-05,18,18.95,18,18.93,54708,0
2014-02-06,18.74,19,17.43,17.83,111113,0
2014-02-07,18.22,18.77,17.47,17.94,26373,0
2014-02-10,17.99,18.13,17.89,17.99,11658,0
2014-02-11,18.16,18.2,18,18,10825,0
2014-02-12,18.25,18.72,18.19,18.64,16793,0
2014-02-13,18.4,18.66,18.3,18.39,16879,0
2014-02-14,18.47,18.59,18.25,18.51,16918,0
2014-02-18,19.15,20.19,19.15,20.19,61690,0
2014-02-19,20.87,22.53,20.66,22.2,102976,0
2014-02-20,21.76,22.11,21.02,21.9,79277,0
2014-02-21,22.05,22.35,21.83,21.91,29592,0
2014-02-24,22,23.24,21.74,22.62,81549,0
2014-02-25,22.75,23.51,22.48,22.87,94606,0
2014-02-26,22.48,23.18,22.37,23.09,34453,0
2014-02-27,23.23,23.48,23.11,23.11,9325,0
2014-02-28,23.12,23.45,23.12,23.43,32078,0
2014-03-03,23.4,25.72,23,25.69,37770,0
2014-03-04,24.86,25.24,23.95,24.08,38446,0
2014-03-05,23.66,26.41,23.58,25.84,48881,0
2014-03-06,25.69,25.72,25,25.18,16685,0
2014-03-07,25.84,25.84,25.4,25.4,15729,0
2014-03-10,26.23,26.83,25.9,26.2,21382,0
2014-03-11,26.79,27.06,26.61,26.68,31948,0
2014-03-12,26.59,27.18,26.19,26.41,30230,0
2014-03-13,26.83,26.88,26.4,26.45,19651,0
2014-03-14,26.71,26.71,25.26,25.53,36035,0
2014-03-17,25.33,25.5,24.6,24.61,24116,0
2014-03-18,25.04,25.25,24.9,24.97,19865,0
2014-03-19,24.86,24.86,23.88,24.05,42891,0
2014-03-20,23.41,23.62,22.45,22.6,151145,0
2014-03-21,22.77,22.8,21.98,22.28,74355,0
2014-03-24,22.39,23.15,22.34,22.81,105252,0
2014-03-25,22.78,22.81,22.55,22.68,35608,0
2014-03-26,22.9,23.28,22.65,22.88,39600,0
2014-03-27,22.72,22.96,22.62,22.92,23143,0
2014-03-28,23.02,23.48,23,23.42,69824,0
2014-03-31,23.69,23.89,22.63,23.07,18680,0
2014-04-01,22.85,22.92,22.67,22.78,20547,0
2014-04-02,22.98,23.13,22.16,22.17,9716,0
2014-04-03,22.33,22.71,22.32,22.61,6574,0
2014-04-04,23.11,24.17,22.35,24.17,35680,0
2014-04-07,24.89,25.35,24.73,25.2,40900,0
2014-04-08,25.58,26.3,25.33,25.34,28528,0
2014-04-09,25,25.96,24.73,25.85,13568,0
2014-04-10,26.69,26.93,26.52,26.71,16719,0
2014-04-11,26.68,26.87,25.13,25.95,23596,0
2014-04-14,25.69,26.89,25.69,26.51,8064,0
2014-04-15,26.35,26.67,25,25.14,35904,0
2014-04-16,25,25.17,24.3,24.55,39120,0
2014-04-17,24.5,26.2,24.47,26.09,36409,0
2014-04-21,25.97,26.03,25.4,25.43,27804,0
2014-04-22,27.02,27.6,26.91,27.48,70927,0
2014-04-23,27.35,27.7,27.27,27.27,18346,0
2014-04-24,27.25,27.82,27.25,27.32,8749,0
2014-04-25,27.22,27.27,26.2,26.33,18397,0
2014-04-28,26.55,26.55,25.78,25.81,14133,0
2014-04-29,25.4,27.11,24.97,27.08,119060,0
2014-04-30,26.78,26.8,26.27,26.38,15495,0
2014-05-01,26.22,26.66,26.2,26.29,18637,0
2014-05-02,26.15,26.39,25.99,25.99,2331,0
2014-05-05,26.45,26.8,26.22,26.32,13953,0
2014-05-06,26.35,26.39,25.94,25.96,3266,0
2014-05-07,25.91,26.38,25.75,25.77,9369,0
2014-05-08,25.5,25.57,25.12,25.14,12690,0
2014-05-09,24.68,25.11,22.62,23.71,14355,0
2014-05-12,23.85,24.38,23.85,24.32,7862,0
2014-05-13,24,25.06,24,24.11,34026,0
2014-05-14,23.77,23.89,23.62,23.84,33302,0
2014-05-15,24.72,25.35,24.69,25.17,42392,0
2014-05-16,24.68,24.78,23.8,23.95,24646,0
2014-05-19,23.79,24.08,23.58,23.65,46270,0
2014-05-20,23.32,23.83,23.21,23.83,29408,0
2014-05-21,23.6,23.69,23.34,23.42,4610,0
2014-05-22,22.96,23.49,22.8,23.35,7680,0
2014-05-23,23.45,23.45,23.35,23.35,2074,0
2014-05-27,23.37,23.4,23.03,23.05,3352,0
2014-05-28,22.82,22.82,22.11,22.77,19085,0
2014-05-29,23.14,23.53,23.13,23.46,24306,0
2014-05-30,23,23,22.76,22.86,10371,0
2014-06-02,22.78,22.78,22.13,22.17,6693,0
2014-06-03,22,22.01,21.6,22,22710,0
2014-06-04,21.72,22.18,21.55,21.77,22077,0
2014-06-05,21.86,21.97,21.83,21.97,2284,0
2014-06-06,21.73,22.38,21.73,22.19,13808,0
2014-06-09,21.5,21.9,21.29,21.3,12988,0
2014-06-10,21.53,21.55,21.38,21.53,11900,0
2014-06-11,21.75,22.21,21.75,22.04,11507,0
2014-06-12,21.75,23,21.75,23,5575,0
2014-06-13,22.78,22.79,22.34,22.46,10982,0
2014-06-16,22.64,22.66,22.33,22.39,1178,0
2014-06-17,22.25,22.25,21.44,21.81,4658,0
2014-06-18,21.67,21.67,21.53,21.53,4327,0
2014-06-19,21.4,21.4,21.24,21.38,5850,0
2014-06-20,22.02,22.54,22.02,22.22,6292,0
2014-06-23,22.46,22.69,22.46,22.69,6617,0
2014-06-24,22.34,22.44,22,22.44,14159,0
2014-06-25,22.9,23.15,22.9,23.15,12178,0
2014-06-26,22.88,22.88,22.77,22.81,1623,0
2014-06-27,23.15,23.39,21.78,21.88,12958,0
2014-06-30,21.74,22.26,21.64,22.26,5215,0
2014-07-01,21.86,21.86,21.68,21.78,9866,0
2014-07-02,21.78,22.07,21.73,21.96,700,0
2014-07-03,21.98,21.98,21.92,21.94,2439,0
2014-07-07,21.7,21.7,21.21,21.35,2995,0
2014-07-08,21.73,22.14,21.59,22.03,6790,0
2014-07-09,22.06,22.06,21.5,21.99,5055,0
2014-07-10,21.49,21.49,20.69,20.69,39065,0
2014-07-11,20.5,20.51,20.39,20.44,7724,0
2014-07-14,20.64,20.96,20.6,20.88,7592,0
2014-07-15,20.43,20.63,20.43,20.51,1989,0
2014-07-16,20.78,20.8,20.59,20.59,2715,0
2014-07-17,20.86,21.02,20.77,20.95,9083,0
2014-07-18,21.14,22,21.14,21.82,9045,0
2014-07-21,21.69,22,21.65,21.97,9235,0
2014-07-22,21.86,21.86,21.3,21.5,4322,0
2014-07-23,21.41,22.55,21.3,22.32,29207,0
2014-07-24,22.74,22.84,21.82,22.69,13353,0
2014-07-25,22.74,22.94,22.69,22.76,14242,0
2014-07-28,23.01,23.23,22.8,23.05,17574,0
2014-07-29,22.88,22.97,22.79,22.89,40571,0
2014-07-30,23.15,23.2,22.98,23.2,3004,0
2014-07-31,24.52,24.85,24.23,24.83,62838,0
2014-08-01,25.73,26.24,24.15,24.4,27138,0
2014-08-04,24.54,24.54,23.46,24.18,31597,0
2014-08-05,24.18,25.45,23.82,23.85,5421,0
2014-08-06,23.95,24.38,23.82,24.38,3736,0
2014-08-07,23.72,23.72,23.44,23.54,8014,0
2014-08-08,23.3,23.3,22.98,23.01,23601,0
2014-08-11,23.75,24.11,23.37,24.11,2411,0
2014-08-12,23.81,23.81,23.33,23.48,4106,0
2014-08-13,23.86,23.86,23.55,23.67,681,0
2014-08-14,23.72,23.8,23.03,23.45,4166,0
2014-08-15,23.87,24.07,23.65,24,22066,0
2014-08-18,24.01,24.27,23.94,24.03,11888,0
2014-08-19,23.95,23.95,23.14,23.14,5020,0
2014-08-20,23.11,23.55,22.7,23.5,70990,0
2014-08-21,23.83,23.83,21.83,23,5297,0
2014-08-22,23.5,23.64,23.3,23.31,6043,0
2014-08-25,23.17,23.58,23.15,23.35,4805,0
2014-08-26,24.36,24.58,24.04,24.48,45396,0
2014-08-27,25,25.2,24.59,24.64,12426,0
2014-08-28,24.75,24.83,22.6,24.57,3365,0
2014-08-29,25.02,25.02,24.8,24.99,2103,0
2014-09-02,25.87,25.99,25.55,25.88,13141,0
2014-09-03,25.56,25.56,24.94,25.01,27710,0
2014-09-04,24.72,25.35,24.42,25.04,15047,0
2014-09-05,25.03,25.03,24.5,24.5,4159,0
2014-09-08,24.08,24.53,23.98,24.22,8354,0
2014-09-09,23.94,24.29,23.87,23.99,7279,0
2014-09-10,23.44,23.6,22.5,22.53,18369,0
2014-09-11,22.67,23.06,22.65,23.06,2473,0
2014-09-12,22.62,22.95,22.6,22.95,7030,0
2014-09-15,22.65,22.74,22.58,22.6,1247,0
2014-09-16,22.48,23.29,22.48,22.87,11903,0
2014-09-17,22.83,22.94,22.78,22.78,900,0
2014-09-18,22.53,22.9,22.47,22.47,2442,0
2014-09-19,22.42,22.79,22.01,22.15,4558,0
2014-09-22,22.27,22.27,22.05,22.14,7281,0
2014-09-23,22.83,22.89,22.44,22.44,6270,0
2014-09-24,22.84,23.45,22,23.41,9495,0
2014-09-26,22.75,23.26,22.73,23,6800,0
2014-09-29,23.28,23.76,23.28,23.75,5308,0
2014-09-30,23.99,24.43,23.9,24.06,17918,0
2014-10-01,24.94,24.98,24.79,24.88,6406,0
2014-10-02,26.12,26.16,25.68,25.74,20004,0
2014-10-03,26,26.07,25.49,25.49,12008,0
2014-10-06,27.14,28.75,26.73,27.44,22212,0
2014-10-07,27.46,27.71,25,26.55,28710,0
2014-10-08,27.1,27.27,26.46,26.46,22620,0
2014-10-09,27.27,27.55,26.99,27.48,19431,0
2014-10-10,27.66,27.75,27.04,27.75,15136,0
2014-10-13,27.23,27.49,27.15,27.15,3754,0
2014-10-14,27.12,27.56,27.12,27.5,3784,0
2014-10-15,27.66,27.71,26.68,26.81,20880,0
2014-10-16,27.26,27.28,26.74,26.74,12313,0
2014-10-17,26.25,26.4,26,26.06,4731,0
2014-10-20,24.58,25.1,24.5,24.5,28936,0
2014-10-21,24.39,24.79,23.92,24.67,14199,0
2014-10-22,24.37,24.47,23.8,23.85,11713,0
2014-10-23,23.8,23.91,23.7,23.83,7372,0
2014-10-24,23.43,25.86,23.43,25.86,5024,0
2014-10-27,23.78,25,22.5,22.6,9198,0
2014-10-28,23.56,23.86,23.53,23.86,12228,0
2014-10-29,23.78,23.8,23.53,23.53,1134,0
2014-10-30,23.41,24.73,22.66,23.43,3417,0
2014-10-31,23.27,23.35,23.25,23.35,2079,0
2014-11-03,23.65,23.7,23.11,23.11,11541,0
2014-11-04,24.34,24.35,23.34,23.4,1808,0
2014-11-05,23.26,23.6,23.01,23.1,5232,0
2014-11-06,22.78,22.78,22.72,22.74,1107,0
2014-11-07,22.89,23.99,22.76,22.81,1480,0
2014-11-10,22.67,22.99,22.5,22.56,27282,0
2014-11-11,22.69,22.83,22.6,22.76,3823,0
2014-11-12,22.77,24.29,22.5,24.29,3940,0
2014-11-13,23.29,23.34,23.2,23.34,1023,0
2014-11-14,23.9,24,22.5,23.76,1937,0
2014-11-17,23.6,23.63,23.32,23.32,2167,0
2014-11-18,23.32,23.5,23.32,23.37,26487,0
2014-11-19,24.04,24.37,24.04,24.24,9088,0
2014-11-20,23.5,23.55,22.9,22.9,6249,0
2014-11-21,22.88,23.31,22.78,23.3,5103,0
2014-11-24,23.82,23.84,23.17,23.17,2826,0
2014-11-25,23.32,23.72,23.32,23.72,3443,0
2014-11-26,23.47,24,23.47,24,2129,0
2014-11-28,23.09,23.2,22.71,22.77,8825,0
2014-12-01,22.6,23.19,22.17,23.04,5274,0
2014-12-02,22.66,22.82,22.36,22.37,26667,0
2014-12-03,22.52,22.61,22.39,22.39,4054,0
2014-12-04,22.31,22.34,22.01,22.24,2344,0
2014-12-05,22,22.58,21.75,22.05,5752,0
2014-12-08,21.7,21.73,21.47,21.64,2751,0
2014-12-09,21.63,21.93,21.63,21.93,521,0
2014-12-10,21.65,21.65,21.64,21.64,332,0
2014-12-11,21.4,21.45,21.35,21.35,1170,0
2014-12-12,21.32,21.32,21.08,21.08,3320,0
2014-12-15,21,21.27,21,21.26,976,0
2014-12-16,21.39,21.68,21.31,21.5,1583,0
2014-12-17,20.95,21.09,20.8,20.8,6575,0
2014-12-18,20.99,21.14,20.98,21.11,2858,0
2014-12-19,21.27,21.33,21.24,21.31,2027,0
2014-12-22,21.08,21.08,20.81,20.87,6463,0
2014-12-23,20.82,20.85,20.73,20.73,2205,0
2014-12-26,20.52,20.52,20.41,20.42,1472,0
2014-12-29,20.31,20.37,20.03,20.12,7966,0
2014-12-30,20.1,20.21,20.01,20.01,5250,0
2014-12-31,20,20.81,19.97,20.47,10242,0
2015-01-02,19.76,19.76,19.45,19.45,2852,0
2015-01-05,19.85,20.38,19.84,20.28,22160,0
2015-01-06,21.02,21.21,21,21.21,5462,0
2015-01-07,21.8,21.84,21.06,21.06,19717,0
2015-01-08,21.81,22.09,21.44,21.57,5011,0
2015-01-09,22.11,22.18,21.83,22.18,2615,0
2015-01-12,22.11,22.11,20.9,21.36,4423,0
2015-01-13,20.8,21.97,20.8,21.97,428,0
2015-01-14,22.23,22.33,20.9,21.43,6943,0
2015-01-15,21.64,21.72,21.37,21.37,4607,0
2015-01-16,21.1,21.1,20.76,20.88,7244,0
2015-01-20,20.25,20.34,20,20.1,8695,0
2015-01-21,20,20,19.68,19.68,7370,0
2015-01-22,19.55,19.69,19.4,19.55,6213,0
2015-01-23,19.5,19.83,19.45,19.74,9003,0
2015-01-26,19.87,20,19.7,19.8,3756,0
2015-01-27,19.72,20.31,19.72,20.31,1905,0
2015-01-28,20.32,20.67,19.82,19.82,4700,0
2015-01-29,19.84,19.84,19,19.05,20095,0
2015-01-30,19.4,19.51,19.4,19.51,736,0
2015-02-02,19.61,19.8,19.61,19.8,960,0
2015-02-03,19.4,19.67,19.4,19.54,2384,0
2015-02-04,20.02,20.2,19.99,20.03,992,0
2015-02-05,20.06,20.06,19.84,19.84,4306,0
2015-02-06,20.34,20.36,20.08,20.08,708,0
2015-02-09,20.29,20.4,20.29,20.4,6270,0
2015-02-10,20.27,21,19.41,19.41,3799,0
2015-02-11,19.42,19.42,19.42,19.42,1268,0
2015-02-12,19.58,19.97,19.58,19.82,7409,0
2015-02-13,19.87,20.95,19.87,20.95,972,0
2015-02-17,19.1,20.69,18.9,19.24,10792,0
2015-02-18,19.23,19.23,18.76,18.77,8823,0
2015-02-19,18.73,19.19,18.3,18.47,24284,0
2015-02-20,18.32,18.43,18.14,18.43,14596,0
2015-02-23,18.08,18.1,17.65,17.65,13070,0
2015-02-24,17.8,19.32,17.8,18.16,5176,0
2015-02-25,17.84,17.84,17.15,17.18,19300,0
2015-02-26,17.2,17.32,16.89,16.92,16062,0
2015-02-27,17.01,17.2,16.86,16.86,8296,0
2015-03-02,16.8,17.45,16.6,16.82,3400,0
2015-03-03,16.5,17.39,15.6,15.73,66700,0
2015-03-04,16.02,16.74,15.73,16.45,11100,0
2015-03-05,16.45,16.49,16.09,16.22,7800,0
2015-03-06,16.14,16.78,16.14,16.77,20200,0
2015-03-09,16.39,16.47,16.19,16.47,8900,0
2015-03-10,16.34,16.44,16.01,16.01,5000,0
2015-03-11,16.06,16.4,15.85,15.87,15100,0
2015-03-12,16.08,16.15,15.68,16.15,10000,0
2015-03-13,15.7,15.7,15.66,15.7,3500,0
2015-03-16,16.31,16.81,16.31,16.66,8600,0
2015-03-17,16.4,16.63,16.4,16.47,8300,0
2015-03-18,16.32,17.01,16.07,16.89,11800,0
2015-03-19,17.46,17.53,17.16,17.2,13700,0
2015-03-20,17.08,17.11,17,17.11,2500,0
2015-03-23,17,17.11,16.84,16.88,21600,0
2015-03-24,16.9,17.05,16.14,16.53,12200,0
2015-03-25,16.75,17.13,16.75,16.94,13300,0
2015-03-26,16.93,17.06,16.9,16.9,1300,0
2015-03-27,16.6,17.13,16.47,16.54,8400,0
2015-03-30,16.35,16.47,15.93,15.93,13200,0
2015-03-31,16.22,16.29,15.85,15.85,8437,0
2015-04-01,16.26,16.75,16.26,16.61,7000,0
2015-04-02,16.56,17.29,15.62,17.24,3900,0
2015-04-06,17.28,18,17.27,17.48,10000,0
2015-04-07,17.26,18.01,16.99,16.99,3298,0
2015-04-08,16.44,16.47,16.3,16.3,11200,0
2015-04-09,16.2,16.52,16.2,16.26,2357,0
2015-04-10,16.26,16.37,16.21,16.27,3600,0
2015-04-13,16.2,16.5,16,16,7800,0
2015-04-14,16.01,16.28,15.89,15.9,13200,0
2015-04-15,16.11,16.39,16.1,16.15,4089,0
2015-04-16,16.7,16.7,16.5,16.5,1902,0
2015-04-17,16.5,16.72,16.5,16.67,1600,0
2015-04-20,16.3,17.18,16.3,17.17,2950,0
2015-04-21,16.66,17,16.66,16.89,3495,0
2015-04-22,17.15,17.2,16.86,16.86,7842,0
2015-04-23,17.02,17.02,16.48,16.49,40600,0
2015-04-24,16.72,16.72,16.56,16.56,1008,0
2015-04-27,16.21,16.21,15.82,16.18,12800,0
2015-04-28,16.09,16.21,16.09,16.21,2311,0
2015-04-29,15.94,16.14,15.94,16.14,2900,0
2015-04-30,16.51,16.51,16.14,16.19,5300,0
2015-05-01,16.19,16.19,15.6,15.82,38300,0
2015-05-04,15.74,15.76,15.55,15.72,5800,0
2015-05-05,15.75,15.75,15.62,15.69,3900,0
2015-05-06,15.5,15.6,15.22,15.29,11802,0
2015-05-07,15.72,16.56,15.31,15.37,4752,0
2015-05-08,15.63,15.88,15.55,15.78,25500,0
2015-05-11,15.82,15.83,15.65,15.65,6800,0
2015-05-12,15.8,15.93,15.69,15.93,2324,0
2015-05-13,15.71,15.86,15.64,15.86,9908,0
2015-05-14,15.96,16.17,15.96,16.04,24000,0
2015-05-15,16.17,16.26,16.15,16.21,11851,0
2015-05-18,16.28,16.79,16.28,16.72,10548,0
2015-05-19,16.5,16.5,16.24,16.41,5924,0
2015-05-20,16.45,16.5,16.02,16.2,10169,0
2015-05-21,15.45,15.53,15.1,15.48,15500,0
2015-05-22,15.04,15.04,14.83,15,23100,0
2015-05-26,14.75,14.91,14.32,14.67,23163,0
2015-05-27,14.85,14.86,14.59,14.6,2600,0
2015-05-28,14.73,15.56,14.61,14.98,3604,0
2015-05-29,14.71,14.82,14.68,14.78,8000,0
2015-06-01,15.43,15.44,15.14,15.22,5630,0
2015-06-02,15.52,15.69,15.51,15.68,14224,0
2015-06-03,15.75,15.75,15.48,15.64,7100,0
2015-06-04,15.91,15.99,15.78,15.8,11800,0
2015-06-05,15.8,15.87,15.63,15.65,5800,0
2015-06-08,16,16.09,15.81,15.88,17500,0
2015-06-09,16.03,16.25,15.96,16.25,10580,0
2015-06-10,16.21,16.21,15.84,15.84,3314,0
2015-06-11,15.46,16.24,15.37,16.24,9551,0
2015-06-12,15.83,15.83,15.3,15.31,13300,0
2015-06-15,15.21,15.42,15,15.42,2700,0
2015-06-16,15.08,15.69,15.08,15.69,4800,0
2015-06-17,15.07,15.07,15,15,3700,0
2015-06-18,14.82,15.59,14.35,15.04,5600,0
2015-06-19,15.02,15.17,14.93,15.13,17600,0
2015-06-22,15.06,15.44,15.06,15.44,1500,0
2015-06-23,15,15.43,14.88,15.19,3878,0
2015-06-24,15.58,15.65,15.35,15.35,2300,0
2015-06-25,15.29,15.56,15.29,15.55,4600,0
2015-06-26,15.3,15.68,15.25,15.47,8100,0
2015-06-29,15.05,15.3,15,15.18,10400,0
2015-06-30,15.19,15.33,14.92,15.11,6200,0
2015-07-01,14.94,14.94,14.62,14.81,3900,0
2015-07-02,14.68,14.97,14.6,14.62,2300,0
2015-07-06,14.5,14.8,14.46,14.49,4300,0
2015-07-07,14.48,14.48,14.24,14.4,12300,0
2015-07-08,14.36,14.42,14.3,14.42,1800,0
2015-07-09,14.42,14.44,14.35,14.44,1700,0
2015-07-10,14.45,14.53,14.44,14.52,1300,0
2015-07-13,14.92,14.94,14.77,14.77,3200,0
2015-07-14,15.08,15.09,15.01,15.02,4475,0
2015-07-15,15.05,15.06,14.9,15.06,5073,0
2015-07-16,14.87,15,14.79,14.86,6000,0
2015-07-17,14.77,14.87,14.77,14.8,2400,0
2015-07-20,14.69,14.74,14.63,14.74,1400,0
2015-07-21,14.53,14.71,14.52,14.63,6000,0
2015-07-22,14.45,14.67,14.43,14.55,4500,0
2015-07-23,14.08,14.17,13.95,14.01,13200,0
2015-07-24,14.12,14.27,14.04,14.04,6900,0
2015-07-27,13.96,14.02,13.69,13.95,5200,0
2015-07-28,13.95,13.96,13.8,13.85,6800,0
2015-07-29,13.96,14.98,13.96,14.98,3800,0
2015-07-30,14.34,14.34,14.23,14.32,5400,0
2015-07-31,14.6,14.6,14.33,14.46,22100,0
2015-08-03,14.22,14.36,14.17,14.33,2775,0
2015-08-04,14.35,14.36,14.35,14.36,4700,0
2015-08-05,14.21,14.47,14.21,14.42,5000,0
2015-08-06,14.6,14.74,14.23,14.23,5651,0
2015-08-07,14.56,14.71,14.46,14.48,3200,0
2015-08-10,14.87,15.36,14.86,15.26,11200,0
2015-08-11,15.34,15.76,15.34,15.75,5414,0
2015-08-12,15.5,15.62,15.21,15.44,4000,0
2015-08-13,15.41,16,15.41,16,13600,0
2015-08-14,15.91,15.91,15.6,15.6,40900,0
2015-08-17,15.87,15.87,15.41,15.56,6000,0
2015-08-18,15.49,15.53,15.4,15.43,4600,0
2015-08-19,15.47,15.47,15.06,15.4,3900,0
2015-08-20,14.94,15.08,14.73,14.82,5000,0
2015-08-21,14.66,14.66,14.09,14.28,5900,0
2015-08-24,13.71,14.32,13.3,13.66,7283,0
2015-08-25,13.68,13.68,13.46,13.46,5600,0
2015-08-26,13.63,13.66,13.53,13.66,1300,0
2015-08-27,13.9,14.08,13.87,14.08,1600,0
2015-08-28,13.91,13.91,13.81,13.86,1500,0
2015-08-31,13.82,14,13.38,14,4600,0
2015-09-01,13.7,13.79,13.61,13.65,3700,0
2015-09-02,13.6,13.6,13.23,13.44,2100,0
2015-09-03,13.29,13.4,13.29,13.39,4800,0
2015-09-04,13.43,13.43,13.35,13.35,2500,0
2015-09-08,13.51,13.51,13.45,13.45,2300,0
2015-09-09,13.43,13.58,13.4,13.57,6800,0
2015-09-10,13.14,13.38,13.01,13.09,5690,0
2015-09-11,13.1,13.12,13.01,13.08,4100,0
2015-09-14,13.26,13.61,13.26,13.61,4900,0
2015-09-15,13.41,13.41,13.22,13.31,3500,0
2015-09-16,13.26,13.3,13.26,13.28,600,0
2015-09-17,13.13,13.41,13.13,13.39,3582,0
2015-09-18,13.34,13.34,13.29,13.29,1900,0
2015-09-21,13.33,13.35,13.1,13.17,4000,0
2015-09-22,13,13,12.9,12.9,6800,0
2015-09-23,12.87,13.06,12.87,13.06,5266,0
2015-09-24,13.11,13.32,13.11,13.29,2126,0
2015-09-25,13.73,13.73,13.57,13.69,3500,0
2015-09-28,13.65,13.65,13.28,13.47,2040,0
2015-09-29,13.4,13.63,13.4,13.47,1300,0
2015-09-30,13.5,13.74,13.49,13.6,1000,0
2015-10-01,13.44,13.44,13.44,13.44,100,0
2015-10-02,13.45,13.96,13.45,13.96,8500,0
2015-10-05,14.11,14.45,14.11,14.3,12267,0
2015-10-06,14.36,14.44,14.3,14.3,7500,0
2015-10-07,14.43,14.44,14,14.14,8514,0
2015-10-08,14.21,14.34,14.21,14.34,500,0
2015-10-09,14.5,15.02,14.26,14.7,9200,0
2015-10-12,15.11,15.37,15.02,15.2,11073,0
2015-10-13,15.07,15.18,14.94,14.99,24600,0
2015-10-14,15.15,15.28,15,15.04,2300,0
2015-10-15,15.05,15.09,14.99,14.99,800,0
2015-10-16,14.31,14.31,14.14,14.25,3800,0
2015-10-19,13.95,14.01,13.85,13.86,5970,0
2015-10-20,13.88,13.88,13.88,13.88,200,0
2015-10-21,13.69,13.73,13.55,13.71,10000,0
2015-10-22,13.53,13.54,13.42,13.44,1900,0
2015-10-23,13.35,13.35,13.21,13.28,4900,0
2015-10-26,13.07,13.38,13.07,13.32,9000,0
2015-10-27,13.13,13.36,13.13,13.33,5400,0
2015-10-28,13.29,13.41,13.29,13.34,4600,0
2015-10-29,13.3,13.4,13.29,13.33,1900,0
2015-10-30,13.53,13.74,13.5,13.73,11500,0
2015-11-02,13.37,13.45,13.3,13.45,2362,0
2015-11-03,13.59,13.66,13.59,13.65,1591,0
2015-11-04,13.54,13.59,13.54,13.55,1216,0
2015-11-05,13.37,13.37,13.37,13.37,200,0
2015-11-06,13.22,13.46,13.16,13.46,3200,0
2015-11-09,13.41,13.41,13.23,13.32,1833,0
2015-11-10,13.14,13.2,13.06,13.06,1100,0
2015-11-11,13.13,13.19,13.12,13.19,800,0
2015-11-12,13,13,12.93,12.93,1100,0
2015-11-13,12.92,12.97,12.6,12.69,4400,0
2015-11-16,12.83,12.91,12.83,12.91,3700,0
2015-11-17,12.89,13,12.84,12.95,3700,0
2015-11-18,12.94,12.94,12.66,12.66,1200,0
2015-11-19,13.1,13.26,13.1,13.2,2200,0
2015-11-20,13.69,13.77,13.46,13.46,2900,0
2015-11-23,13.25,13.35,13.25,13.31,700,0
2015-11-24,13.52,13.77,13.52,13.77,1200,0
2015-11-25,13.58,13.58,13.58,13.58,200,0
2015-11-27,13.58,13.58,13.58,13.58,100,0
2015-11-30,13.13,13.2,12.95,13.2,700,0
2015-12-01,12.91,13,12.82,12.97,3976,0
2015-12-02,13.1,13.3,13.05,13.24,4338,0
2015-12-03,13.32,13.57,13.32,13.56,479,0
2015-12-04,13.77,13.83,13.7,13.8,9600,0
2015-12-07,13.76,13.79,13.76,13.78,1500,0
2015-12-08,13.68,13.8,13.67,13.69,2560,0
2015-12-09,13.84,13.89,13.75,13.89,3300,0
2015-12-10,13.8,13.8,13.8,13.8,300,0
2015-12-11,13.46,13.46,13.17,13.17,700,0
2015-12-14,13.06,13.16,12.88,13.16,1308,0
2015-12-15,13.11,13.11,13.06,13.06,1000,0
2015-12-16,13.11,13.11,13.01,13.05,1000,0
2015-12-17,12.92,13.13,12.82,13.13,1200,0
2015-12-18,13.05,13.15,13.01,13.15,1400,0
2015-12-21,12.9,12.92,12.78,12.86,1300,0
2015-12-22,12.86,12.99,12.86,12.95,1146,0
2015-12-23,12.95,12.95,12.95,12.95,100,0
2015-12-24,13.08,13.089,13.08,13.08,811,0
2015-12-28,13.049,13.049,12.92,12.92,1154,0
2015-12-29,13.26,13.294,13.15,13.16,1879,0
2015-12-30,13.3901,13.4414,13.3901,13.41,3126,0
2015-12-31,13.613,13.8186,13.61,13.7063,8416,0
2016-01-04,13.6,13.6533,13.6,13.6533,487,0
2016-01-05,13.5,13.5,13.301,13.301,2562,0
2016-01-06,13.08,13.1346,13.0501,13.0801,2955,0
2016-01-07,12.87,12.87,12.87,12.87,577,0
2016-01-08,13.0071,13.0293,13.0071,13.022,604,0
2016-01-11,12.71,12.73,12.45,12.5599,3823,0
2016-01-12,12.5,12.5023,12.47,12.4701,2068,0
2016-01-13,12.5581,12.5581,12.5509,12.5509,2500,0
2016-01-14,12.47,12.665,12.466,12.62,3601,0
2016-01-15,12.488,12.59,12.4401,12.5598,3965,0
2016-01-19,12.64,12.64,12.63,12.63,1000,0
2016-01-20,12.3,12.3,12.1601,12.23,4888,0
2016-01-21,12.37,12.48,12.36,12.48,4513,0
2016-01-22,12.71,12.77,12.71,12.73,666,0
2016-01-25,12.66,12.661,12.66,12.661,3820,0
2016-01-27,13,13,12.8784,12.8784,959,0
2016-01-28,13.01,13.01,12.9001,12.9374,1060,0
2016-01-29,12.98,13.01,12.6442,12.7,7862,0
2016-02-01,12.79,12.88,12.736,12.88,3388,0
2016-02-02,12.88,12.978,12.84,12.978,1390,0
2016-02-03,13.12,13.12,13.12,13.12,216,0
2016-02-04,13.38,13.4699,13.318,13.4699,1335,0
2016-02-05,13.14,13.1401,13.05,13.051,2450,0
2016-02-08,12.66,12.74,12.62,12.672,7272,0
2016-02-09,12.66,12.66,12.5101,12.5101,2745,0
2016-02-10,12.6,12.6,12.5492,12.5492,2054,0
2016-02-11,12.4999,12.4999,12.4001,12.42,2354,0
2016-02-12,12.58,12.659,12.51,12.651,2421,0
2016-02-16,12.69,12.69,12.4833,12.619,6281,0
2016-02-18,12.37,12.47,12.37,12.47,1607,0
2016-02-19,12.5099,12.5099,12.5099,12.5099,630,0
2016-02-22,12.78,12.89,12.78,12.89,6875,0
2016-02-23,12.8,12.8,12.711,12.711,1761,0
2016-02-24,12.46,12.46,12.46,12.46,547,0
2016-02-25,12.45,12.45,12.45,12.45,100,0
2016-02-26,12.34,12.39,12.34,12.38,1802,0
2016-02-29,12.3,12.45,12.21,12.321,2817,0
2016-03-01,12.24,12.3399,12.2,12.3399,2289,0
2016-03-02,12.25,12.341,12.25,12.341,350,0
2016-03-03,12.668,12.6799,12.6001,12.6799,600,0
2016-03-04,12.82,12.9293,12.7201,12.89,5081,0
2016-03-07,12.85,12.85,12.809,12.8247,1122,0
2016-03-08,12.9916,13.05,12.96,13.02,1819,0
2016-03-09,13.02,13.02,13.02,13.02,603,0
2016-03-11,13.29,13.415,13.29,13.3951,3935,0
2016-03-14,13.45,13.55,13.45,13.52,11456,0
2016-03-15,13.58,13.62,13.34,13.34,12138,0
2016-03-16,13.55,13.8,13.55,13.684,14970,0
2016-03-17,14.2199,14.2311,14.05,14.14,12260,0
2016-03-18,14.18,14.2808,14.17,14.2001,4580,0
2016-03-21,14.11,14.11,13.95,14.04,2733,0
2016-03-22,14.2576,14.4,14.25,14.327,3612,0
2016-03-23,13.97,13.994,13.84,13.9821,5125,0
2016-03-24,13.74,13.772,13.6172,13.6172,1947,0
2016-03-28,13.72,13.8,13.72,13.7403,658,0
2016-03-29,13.51,13.6331,13.5,13.6125,2821,0
2016-03-30,13.8295,13.8295,13.537,13.5456,1605,0
2016-03-31,13.6,13.6,13.6,13.6,270,0
2016-04-01,13.4132,13.5222,13.4,13.5222,690,0
2016-04-04,13.39,13.4,13.1148,13.15,15310,0
2016-04-05,12.99,13.0122,12.974,12.974,7593,0
2016-04-06,13.044,13.044,13.044,13.044,2500,0
2016-04-08,12.7944,12.86,12.7944,12.813,2096,0
2016-04-11,13.09,13.11,13.09,13.11,5884,0
2016-04-12,13.2693,13.3199,13.18,13.3199,7775,0
2016-04-13,13.314,13.314,13.05,13.05,1446,0
2016-04-14,13.22,13.274,13.2,13.2,676,0
2016-04-15,13.2485,13.2485,13.16,13.16,468,0
2016-04-18,13.15,13.33,13.15,13.33,990,0
2016-04-19,13.552,13.552,13.16,13.33,1408,0
2016-04-20,13.5419,13.5419,13.46,13.4685,540,0
2016-04-21,13.3,13.3,13.0799,13.0799,5318,0
2016-04-22,12.93,13.02,12.93,12.99,1241,0
2016-04-25,13,13.059,13,13.059,502,0
2016-04-27,12.87,12.87,12.7845,12.83,1399,0
2016-04-28,12.72,12.77,12.7,12.7061,4506,0
2016-04-29,12.84,12.943,12.8,12.839,4756,0
2016-05-02,12.78,12.78,12.65,12.699,4416,0
2016-05-03,12.76,12.76,12.5922,12.5922,2860,0
2016-05-04,12.62,12.62,12.56,12.56,1541,0
2016-05-05,12.7,12.7,12.6499,12.69,497,0
2016-05-06,12.86,13.2,12.86,13.2,4123,0
2016-05-09,13.3,13.4739,13.08,13.37,14446,0
2016-05-10,13.55,13.6099,13.45,13.45,1950,0
2016-05-11,13.48,13.73,13.48,13.73,7409,0
2016-05-12,13.73,13.73,13.49,13.65,12615,0
2016-05-13,13.6299,13.8299,13.6299,13.8299,1060,0
2016-05-16,13.71,14.2699,13.71,14.0958,6930,0
2016-05-17,14.1,14.1,13.9001,14.0418,11419,0
2016-05-18,13.76,13.99,13.5901,13.5901,8376,0
2016-05-19,13.375,13.375,13.08,13.0801,1492,0
2016-05-20,13.2666,13.2666,13.15,13.15,901,0
2016-05-23,13.08,13.25,12.98,13.25,974,0
2016-05-24,12.87,12.94,12.87,12.9,848,0
2016-05-25,12.8999,13.07,12.8201,12.9084,1200,0
2016-05-26,13.0199,13.0199,13.0199,13.0199,132,0
2016-05-27,12.855,12.86,12.855,12.8599,2100,0
2016-05-31,13.04,13.06,12.81,12.9799,3908,0
2016-06-01,12.836,12.9199,12.836,12.8899,491,0
2016-06-02,12.9358,13.05,12.9279,13.0174,32400,0
2016-06-03,13.18,13.4999,13.18,13.4999,748,0
2016-06-06,13.69,13.8604,13.558,13.8192,9208,0
2016-06-07,13.96,13.96,13.82,13.8805,10347,0
2016-06-08,14.26,14.7116,14.26,14.64,34203,0
2016-06-09,14.92,14.9699,14.1101,14.2708,10474,0
2016-06-10,14.4,14.593,14.3,14.4,4483,0
2016-06-13,14.23,14.5299,14.23,14.46,8000,0
2016-06-14,14.32,14.32,14.16,14.16,2058,0
2016-06-15,14.4,14.53,14.4,14.4,4841,0
2016-06-16,14.51,14.7639,14.38,14.7639,3212,0
2016-06-17,14.87,14.95,14.78,14.78,951,0
2016-06-20,14.57,14.6775,14.54,14.6234,3779,0
2016-06-21,14.4699,14.6604,14.377,14.6604,2997,0
2016-06-22,14.4899,14.4899,14.4062,14.4601,964,0
2016-06-23,14.62,14.86,14.62,14.86,2817,0
2016-06-24,14.2,14.32,14.1801,14.2702,7016,0
2016-06-27,13.48,14.29,13.25,14.2782,16620,0
2016-06-28,14.62,14.635,14.59,14.59,5381,0
2016-06-29,14.9599,15.02,14.92,14.92,2455,0
2016-06-30,15.114,15.114,15.114,15.114,150,0
2016-07-01,15.32,15.32,15.08,15.17,19964,0
2016-07-05,15.29,15.29,15.02,15.2599,2007,0
2016-07-06,14.8,14.8,14.7041,14.7041,3711,0
2016-07-07,14.95,14.95,14.7228,14.7228,2250,0
2016-07-08,14.99,14.99,14.94,14.96,1400,0
2016-07-11,15.37,15.5499,15.37,15.5005,10686,0
2016-07-12,15.38,15.38,15.2447,15.2447,1284,0
2016-07-13,15.42,15.495,15.41,15.41,2625,0
2016-07-14,15.61,15.89,15.5648,15.89,2879,0
2016-07-15,15.8,15.8,15.25,15.3,10682,0
2016-07-18,15.2,15.4401,15.1011,15.4401,4319,0
2016-07-19,15.43,15.45,15.21,15.21,25476,0
2016-07-20,15.2931,15.33,15.2931,15.3,10974,0
2016-07-21,15.46,15.4752,15.28,15.29,1127,0
2016-07-22,14.94,14.94,14.69,14.7729,7784,0
2016-07-25,14.4411,14.61,14.4411,14.61,935,0
2016-07-26,14.79,14.79,14.641,14.641,9233,0
2016-07-27,14.66,15.105,14.31,15.105,2100,0
2016-07-28,14.59,14.76,14.59,14.76,401,0
2016-07-29,15.07,15.14,15.065,15.065,633,0
2016-08-01,15.0851,15.0851,14.9008,14.9744,670,0
2016-08-02,15.07,15.07,14.59,14.6,2514,0
2016-08-03,14.7,14.74,14.6755,14.6755,644,0
2016-08-04,14.3598,14.9577,14.3598,14.9577,552,0
2016-08-05,14.7962,14.7962,14.7962,14.7962,100,0
2016-08-08,14.9,14.9499,14.79,14.79,882,0
2016-08-09,14.57,14.8,14.57,14.74,1035,0
2016-08-10,14.47,14.49,14.3201,14.47,5100,0
2016-08-11,14.33,14.3719,14.33,14.3719,465,0
2016-08-12,14.24,14.2801,14.11,14.2,1957,0
2016-08-15,15.03,15.03,14.1001,14.2513,4512,0
2016-08-16,14.309,14.51,14.22,14.35,7128,0
2016-08-17,14.25,14.25,14.04,14.1482,2963,0
2016-08-18,14.26,14.438,14.26,14.39,2795,0
2016-08-22,14.75,14.77,14.6701,14.749,2544,0
2016-08-23,14.9,14.99,14.89,14.9,5442,0
2016-08-24,14.91,14.91,14.6,14.6,2140,0
2016-08-25,14.64,14.67,14.63,14.6322,1447,0
2016-08-26,14.9252,14.9252,14.721,14.9054,2256,0
2016-08-29,14.91,14.91,14.91,14.91,699,0
2016-08-30,14.76,14.81,14.5983,14.81,2184,0
2016-08-31,14.82,14.9,14.82,14.9,3259,0
2016-09-01,15.32,15.52,15.31,15.31,24884,0
2016-09-02,15.43,15.5136,15.32,15.32,2453,0
2016-09-06,15.4,15.6591,15.4,15.6314,22570,0
2016-09-07,15.67,15.8,15.67,15.74,9126,0
2016-09-08,15.76,15.8799,15.698,15.8799,888,0
2016-09-09,15.49,15.49,15.4,15.43,1225,0
2016-09-12,15.27,15.34,15.18,15.31,747,0
2016-09-13,15.2484,15.2484,15.19,15.19,434,0
2016-09-14,15.15,15.2,15.141,15.19,1475,0
2016-09-15,15.1663,15.2178,15.1663,15.1758,1594,0
2016-09-16,15.13,15.2699,15.0501,15.2699,4795,0
2016-09-19,15.55,15.6182,15.51,15.5712,5088,0
2016-09-20,15.6501,16.029,15.65,15.95,8633,0
2016-09-21,16.07,16.07,15.94,15.94,4622,0
2016-09-22,15.794,15.95,15.7,15.7,2657,0
2016-09-23,15.59,15.59,15.36,15.3957,5865,0
2016-09-26,15.17,15.54,15.17,15.54,1163,0
2016-09-27,15.562,16.0399,15.562,15.6225,4989,0
2016-09-28,15.45,15.5819,15.388,15.5819,1428,0
2016-09-29,15.526,15.526,15.21,15.29,857,0
2016-09-30,15.46,15.46,15.22,15.22,3086,0
2016-10-03,15.12,15.12,14.978,15.1,5695,0
2016-10-04,14.99,15.1599,14.99,15.1372,2522,0
2016-10-05,15.24,15.24,15.18,15.18,6232,0
2016-10-06,14.94,14.94,14.8,14.8837,1902,0
2016-10-07,15.0399,15.1,14.9654,15.1,1912,0
2016-10-10,15.2,15.5544,15.2,15.5544,2150,0
2016-10-11,15.34,15.3999,15.28,15.3165,5465,0
2016-10-13,15.51,15.5495,15.4619,15.4619,2050,0
2016-10-14,15.8,15.84,15.79,15.801,1700,0
2016-10-17,15.81,15.95,15.81,15.95,2153,0
2016-10-18,16.05,16.1689,16.05,16.1233,6185,0
2016-10-19,15.95,16.086,15.94,16.086,2232,0
2016-10-20,15.8952,15.8952,15.8952,15.8952,303,0
2016-10-21,15.949,15.9501,15.901,15.9501,2181,0
2016-10-24,16.15,16.15,16.01,16.08,5472,0
2016-10-25,16.31,16.58,16.31,16.58,3078,0
2016-10-26,16.78,16.78,16.6561,16.6981,2665,0
2016-10-27,16.86,16.9,16.5126,16.9,14117,0
2016-10-28,16.71,16.8794,16.65,16.8155,5336,0
2016-10-31,16.7301,16.7595,16.6,16.74,2717,0
2016-11-01,16.69,16.69,16.3101,16.4284,3422,0
2016-11-02,16.4136,16.65,16.38,16.6,3957,0
2016-11-03,16.8613,16.87,16.76,16.78,2879,0
2016-11-04,16.92,17.43,16.92,17.43,6559,0
2016-11-07,17.69,17.795,17.61,17.61,10785,0
2016-11-08,17.28,17.28,17.0571,17.0614,15819,0
2016-11-09,16.98,17.2,16.97,17.2,2872,0
2016-11-10,16.87,16.87,16.5466,16.5708,5833,0
2016-11-11,16.35,16.35,16.1168,16.2302,5889,0
2016-11-14,16.15,16.56,16.0608,16.4447,4924,0
2016-11-15,16.4,16.4,16.4,16.4,394,0
2016-11-16,16.5,16.5199,16.3663,16.3663,1717,0
2016-11-17,16.35,16.35,16.18,16.18,1900,0
2016-11-18,16.24,16.24,16.22,16.22,2229,0
2016-11-21,16.8,16.8,15.88,16.29,19585,0
2016-11-22,16.13,16.13,16.13,16.13,190,0
2016-11-23,15.82,15.82,15.73,15.73,2417,0
2016-11-25,15.42,15.42,15.41,15.41,315,0
2016-11-28,15.36,15.65,15.36,15.65,3119,0
2016-11-29,15.39,15.39,15.2,15.3323,3325,0
2016-11-30,15.23,15.23,14.91,14.92,6229,0
2016-12-01,14.89,14.89,14.38,14.38,8100,0
2016-12-02,14.43,14.7101,14.43,14.6355,17822,0
2016-12-05,14.5,14.5,14.415,14.443,2060,0
2016-12-06,14.31,14.44,14.11,14.15,10126,0
2016-12-07,14.15,14.1612,14.0349,14.13,14601,0
2016-12-08,14.17,14.17,14.0421,14.15,5853,0
2016-12-09,14.11,14.11,13.9951,13.9951,3472,0
2016-12-12,13.92,13.959,13.89,13.93,5268,0
2016-12-13,14.13,14.499,14.08,14.499,4354,0
2016-12-14,14.09,14.48,14.09,14.41,23464,0
2016-12-15,13.99,14.18,13.93,14.18,8644,0
2016-12-16,14.15,14.21,14.1,14.21,1182,0
2016-12-19,14.2602,14.37,14.255,14.35,1170,0
2016-12-20,14.3,14.35,14.2551,14.3075,3467,0
2016-12-21,14.38,14.4381,14.38,14.4381,470,0
2016-12-22,14.18,14.2199,13.8642,13.8642,10673,0
2016-12-23,13.7739,13.7739,13.5301,13.6036,3583,0
2016-12-27,13.44,13.48,13.3457,13.41,4220,0
2016-12-28,13.3521,13.39,13.22,13.25,1671,0
2016-12-29,13.61,13.8,13.49,13.659,5323,0
2016-12-30,13.69,13.81,13.63,13.651,6745,0
2017-01-03,13.63,13.63,13.48,13.55,2437,0
2017-01-04,14.0801,14.2778,14.0801,14.2778,12377,0
2017-01-05,14.31,14.31,14.2786,14.296,9247,0
2017-01-06,14.3,14.3,14.3,14.3,1920,0
2017-01-09,14.33,14.51,14.32,14.393,8575,0
2017-01-10,14.57,14.8,14.51,14.8,8043,0
2017-01-11,15,15.0469,14.55,14.8132,6840,0
2017-01-12,14.99,15.02,14.99,15,3655,0
2017-01-13,14.83,14.853,14.821,14.853,1341,0
2017-01-17,14.84,14.97,14.84,14.97,2171,0
2017-01-18,14.72,14.8887,14.72,14.8887,4543,0
2017-01-19,14.86,15.0799,14.86,15.0799,4095,0
2017-01-20,15.11,15.2196,15.1,15.181,6828,0
2017-01-23,15.44,15.5396,15.344,15.3976,4391,0
2017-01-24,15.5418,15.5418,15.0412,15.1704,2882,0
2017-01-25,15.27,15.45,15.27,15.45,3040,0
2017-01-26,15.0764,15.0764,15.0356,15.05,2452,0
2017-01-27,15.21,15.21,15.21,15.21,400,0
2017-01-30,14.94,15.0563,14.94,15.0185,2781,0
2017-01-31,14.85,14.85,14.72,14.8349,3995,0
2017-02-01,14.76,14.91,14.69,14.91,13050,0
2017-02-02,14.85,14.85,14.7702,14.7702,404,0
2017-02-03,14.5201,14.59,14.5201,14.5446,1567,0
2017-02-06,14.45,14.45,14.399,14.4,14544,0
2017-02-07,14.32,14.32,14.32,14.32,317,0
2017-02-08,14.2,14.3747,14.2,14.3747,614,0
2017-02-09,14.5,14.55,14.448,14.4697,805,0
2017-02-10,14.46,14.6,14.46,14.5348,1559,0
2017-02-13,14.46,14.46,14.36,14.4599,1793,0
2017-02-14,14.2137,14.29,14.2137,14.29,1408,0
2017-02-15,14.48,14.51,14.36,14.51,6166,0
2017-02-16,14.4561,14.5792,14.43,14.5055,1486,0
2017-02-17,14.6,14.601,14.5739,14.5739,937,0
2017-02-21,14.74,14.883,14.74,14.8286,1570,0
2017-02-22,14.84,14.95,14.73,14.73,14660,0
2017-02-23,14.76,14.76,14.76,14.76,375,0
2017-02-24,14.57,14.6,14.57,14.6,250,0
2017-02-27,14.09,14.09,13.8252,13.9683,6701,0
2017-02-28,13.75,14.1,13.75,14.0553,2032,0
2017-03-01,13.75,14.2443,13.75,14.2443,781,0
2017-03-02,14.05,14.3352,14.05,14.1,1128,0
2017-03-03,14.0706,14.0706,14.038,14.05,405,0
2017-03-06,14.04,14.0585,13.81,13.83,2804,0
2017-03-07,13.8795,13.8795,13.8795,13.8795,294,0
2017-03-08,13.75,13.95,13.75,13.95,1366,0
2017-03-09,13.96,13.96,13.8252,13.8252,815,0
2017-03-10,13.8621,13.8621,13.8621,13.8621,220,0
2017-03-13,13.72,13.99,13.65,13.99,4033,0
2017-03-14,13.9929,13.9929,13.7595,13.7595,1178,0
2017-03-16,14.09,14.09,14,14,5392,0
2017-03-17,13.8931,13.8931,13.8301,13.8301,2201,0
2017-03-20,14.06,14.2,14.06,14.2,1697,0
2017-03-21,14.28,14.28,13.77,13.77,1405,0
2017-03-22,13.91,13.91,13.85,13.85,615,0
2017-03-23,13.785,13.88,13.785,13.88,570,0
2017-03-24,13.53,13.56,13.47,13.5,15522,0
2017-03-27,13.4,13.781,13.4,13.781,2676,0
2017-03-28,13.6,13.65,13.6,13.65,10132,0
2017-03-29,13.61,13.7,13.61,13.7,1699,0
2017-03-30,13.64,13.67,13.63,13.67,1201,0
2017-03-31,13.6396,13.75,13.6396,13.75,1955,0
2017-04-03,13.93,14.1801,13.6499,14.1801,762,0
2017-04-04,13.5455,13.5455,13.51,13.51,1015,0
2017-04-05,13.5252,13.5252,13.5205,13.5205,308,0
2017-04-06,13.468,13.468,13.468,13.468,330,0
2017-04-07,13.7114,13.7114,13.69,13.69,728,0
2017-04-10,13.67,13.67,13.67,13.67,127,0
2017-04-12,13.86,13.86,13.62,13.62,11212,0
2017-04-13,13.69,13.69,13.6104,13.6104,1010,0
2017-04-17,13.7944,13.808,13.7944,13.808,1221,0
2017-04-18,14,14.04,14,14.01,26161,0
2017-04-19,14,14,13.6135,13.6262,682,0
2017-04-20,13.51,13.51,13,13.065,3209,0
2017-04-21,12.85,12.85,12.7399,12.8004,5501,0
2017-04-24,12.8,12.91,12.7401,12.79,3553,0
2017-04-25,12.82,12.8744,12.73,12.8744,2774,0
2017-04-26,12.678,12.75,12.678,12.75,1605,0
2017-04-27,12.61,12.655,12.4893,12.655,5716,0
2017-04-28,12.5575,12.9716,12.5575,12.9111,3390,0
2017-05-01,13.04,13.3,12.99,13.1866,1801,0
2017-05-02,12.96,13.0501,12.9157,13.0501,869,0
2017-05-03,13.1349,13.18,13.0496,13.18,1576,0
2017-05-04,12.99,13.02,12.8828,13.02,1448,0
2017-05-05,13.05,13.05,13.05,13.05,236,0
2017-05-08,13.08,13.1469,13.05,13.05,4717,0
2017-05-10,13.05,13.13,13.05,13.13,3571,0
2017-05-11,13.0795,13.0795,12.98,12.98,7224,0
2017-05-15,13,13.1299,13,13.1299,336,0
2017-05-16,12.9,12.9,12.4776,12.49,16668,0
2017-05-17,12.63,13.1599,12.56,13.1599,2404,0
2017-05-18,12.55,12.75,12.53,12.66,3660,0
2017-05-19,12.76,12.83,12.76,12.8,965,0
2017-05-22,12.6499,12.6499,12.57,12.6,1665,0
2017-05-23,12.65,12.65,12.505,12.505,18456,0
2017-05-24,12.52,12.5201,12.44,12.4937,2568,0
2017-05-25,12.4698,12.4848,12.36,12.4848,1902,0
2017-05-26,12.62,12.76,12.62,12.7431,2795,0
2017-05-30,12.77,12.77,12.711,12.711,473,0
2017-05-31,12.51,12.56,12.496,12.502,1400,0
2017-06-01,12.46,12.4899,12.415,12.4899,1504,0
2017-06-02,12.25,12.33,12.14,12.14,5994,0
2017-06-05,12.34,12.54,12.3099,12.54,2100,0
2017-06-06,12.2484,12.37,12.1601,12.25,2713,0
2017-06-07,12.17,12.2,12.17,12.2,505,0
2017-06-12,12.3358,12.355,12.3358,12.355,409,0
2017-06-13,12.2047,12.4583,12.165,12.3196,1504,0
2017-06-15,12.2,12.25,12.2,12.229,2318,0
2017-06-16,12.2289,12.2289,11.89,11.89,3310,0
2017-06-19,12,12.137,11.96,12.137,1420,0
2017-06-20,11.86,11.862,11.7264,11.86,11441,0
2017-06-21,11.66,11.66,11.575,11.625,3604,0
2017-06-22,11.58,11.58,11.05,11.26,18103,0
2017-06-23,11.39,12.1097,11.3342,11.99,25910,0
2017-06-26,11.9599,12.006,11.7953,11.863,4004,0
2017-06-27,11.85,11.9276,11.82,11.9276,1744,0
2017-06-28,11.78,11.98,11.78,11.98,2669,0
2017-06-29,11.98,12.14,11.98,12.1051,9388,0
2017-06-30,12.05,12.05,11.99,12.03,3006,0
2017-07-03,12,12.2,12,12.19,991,0
2017-07-05,12.32,12.45,12.254,12.45,2513,0
2017-07-06,12.22,12.38,12.22,12.3173,1667,0
2017-07-10,12.22,12.3,12.12,12.3,1873,0
2017-07-11,12.1,12.1899,11.966,12.1899,3275,0
2017-07-13,12.36,12.53,12.36,12.53,8821,0
2017-07-14,12.6,12.75,12.6,12.75,3230,0
2017-07-17,12.7209,12.7209,12.7141,12.7141,414,0
2017-07-18,12.74,12.9,12.6801,12.9,6073,0
2017-07-19,12.9,12.9355,12.8826,12.9355,738,0
2017-07-20,12.86,12.8999,12.83,12.86,3027,0
2017-07-21,12.92,13,12.88,13,14258,0
2017-07-24,12.91,12.91,12.5699,12.5699,4564,0
2017-07-25,12.3909,12.545,12.2975,12.545,5134,0
2017-07-26,12.79,12.85,12.78,12.784,11996,0
2017-07-27,12.9599,12.9599,12.8311,12.8311,2571,0
2017-07-28,13.08,13.24,13.06,13.15,6437,0
2017-07-31,13.18,13.2816,13.17,13.22,1540,0
2017-08-01,13.16,13.1791,12.91,13.0649,2368,0
2017-08-02,13.35,13.4,13.3334,13.38,3962,0
2017-08-03,13.41,13.41,13.2536,13.3692,1860,0
2017-08-04,13.42,13.42,13.2,13.28,4765,0
2017-08-07,13.45,13.548,13.45,13.5,1157,0
2017-08-08,13.58,13.64,13.58,13.64,970,0
2017-08-09,13.6,13.6016,13.522,13.57,6061,0
2017-08-10,13.39,13.4,13.17,13.17,18791,0
2017-08-11,13.17,13.42,13.17,13.3561,2676,0
2017-08-14,13.06,13.1,12.97,13.09,2341,0
2017-08-15,12.76,12.76,12.5501,12.58,2050,0
2017-08-16,12.48,12.95,12.48,12.78,2567,0
2017-08-17,12.31,12.31,12.1972,12.1972,4034,0
2017-08-18,12.19,12.2112,12.19,12.2112,3527,0
2017-08-21,12.1,12.1,12.0614,12.0614,1594,0
2017-08-22,12.006,12.0119,12,12,1234,0
2017-08-23,11.98,12,11.98,11.9899,1628,0
2017-08-24,11.8479,11.8479,11.8479,11.8479,200,0
2017-08-25,12.11,12.781,12.11,12.34,28611,0
2017-08-28,12.1,12.21,12.06,12.21,3614,0
2017-08-29,12.14,12.144,11.82,11.9676,3460,0
2017-08-30,11.81,11.972,11.77,11.972,1750,0
2017-08-31,11.85,12.01,11.85,11.921,2050,0
2017-09-05,12,12,11.9,11.9,776,0
2017-09-06,11.83,11.9277,11.8118,11.878,1278,0
2017-09-07,11.9999,12.07,11.97,12.07,1754,0
2017-09-08,12.075,12.075,12.075,12.075,249,0
2017-09-11,12.1899,12.1899,12.1079,12.1079,510,0
2017-09-12,12.38,12.4968,12.3701,12.4968,2512,0
2017-09-13,12.67,12.81,12.67,12.7672,3750,0
2017-09-14,12.77,12.82,12.764,12.764,1674,0
2017-09-15,12.995,13.2064,12.995,13.15,6693,0
2017-09-18,13.2,13.28,12.99,13.068,10785,0
2017-09-19,12.75,12.75,12.5101,12.624,6718,0
2017-09-20,12.46,12.73,12.44,12.65,11504,0
2017-09-21,12.48,12.64,12.425,12.64,942,0
2017-09-22,12.57,12.57,12.4549,12.4549,695,0
2017-09-25,12.38,12.38,12.261,12.261,4399,0
2017-09-26,12.26,12.26,12.195,12.195,2846,0
2017-09-27,12.09,12.09,11.9742,12.0224,3203,0
2017-09-28,11.89,12.019,11.89,12.019,3241,0
2017-09-29,11.9,11.9691,11.828,11.9691,7437,0
2017-10-02,11.78,11.8158,11.6499,11.81,8860,0
2017-10-03,11.76,11.76,11.6606,11.73,3459,0
2017-10-04,11.64,11.76,11.5778,11.6923,5113,0
2017-10-05,11.56,11.89,11.56,11.888,6048,0
2017-10-06,11.96,12.178,11.9116,12.178,3763,0
2017-10-09,12.24,12.2799,12.1754,12.1754,2557,0
2017-10-10,12.11,12.199,12.11,12.199,677,0
2017-10-11,11.98,11.98,11.7409,11.7409,1397,0
2017-10-12,11.78,11.86,11.699,11.752,2148,0
2017-10-13,11.75,11.83,11.75,11.8065,3535,0
2017-10-16,11.64,11.64,11.5353,11.5355,6755,0
2017-10-17,11.54,11.58,11.54,11.5735,4238,0
2017-10-18,11.5,11.56,11.5,11.551,1561,0
2017-10-19,11.79,11.885,11.7645,11.7645,4329,0
2017-10-20,11.64,11.6753,11.586,11.6753,1920,0
2017-10-23,11.575,11.59,11.5747,11.5747,2151,0
2017-10-24,11.5,11.52,11.4855,11.4855,49811,0
2017-10-25,11.61,11.6299,11.5301,11.555,5809,0
2017-10-26,11.5,11.59,11.5,11.59,681,0
2017-10-27,11.78,11.82,11.691,11.7385,57344,0
2017-10-30,11.7722,11.7722,11.63,11.6402,2173,0
2017-10-31,11.61,11.6299,11.5325,11.58,11234,0
2017-11-01,11.38,11.38,11.28,11.28,3936,0
2017-11-02,11.4539,11.81,11.4539,11.765,33000,0
2017-11-03,11.73,11.73,11.48,11.54,13227,0
2017-11-06,11.53,11.67,11.46,11.6429,3966,0
2017-11-07,11.5,11.575,11.499,11.575,2570,0
2017-11-08,11.65,11.65,11.5305,11.57,7024,0
2017-11-09,11.66,11.78,11.66,11.7026,4073,0
2017-11-10,11.8,11.8558,11.6857,11.786,5412,0
