Date,Open,High,Low,Close,Volume,OpenInt
2015-06-03,23.432,23.523,23.432,23.442,1662,0
2015-06-04,23.432,23.442,23.353,23.442,2876,0
2015-06-05,23.381,23.416,23.362,23.416,7401,0
2015-06-08,23.408,23.408,23.276,23.381,2319,0
2015-06-09,23.285,23.303,23.267,23.295,4697,0
2015-06-10,23.251,23.313,23.214,23.251,2919,0
2015-06-11,23.241,23.276,23.207,23.207,4073,0
2015-06-12,23.258,23.353,23.258,23.285,44048,0
2015-06-15,23.258,23.303,23.251,23.251,6518,0
2015-06-16,23.323,23.323,23.233,23.313,2979,0
2015-06-17,23.333,23.461,23.251,23.343,3643,0
2015-06-18,23.313,23.362,23.295,23.303,13029,0
2015-06-19,23.267,23.381,23.267,23.267,10710,0
2015-06-22,23.381,23.408,23.362,23.4,5409,0
2015-06-23,23.276,23.353,23.276,23.276,6916,0
2015-06-24,23.233,23.267,23.233,23.233,4193,0
2015-06-25,23.258,23.313,23.258,23.258,5519,0
2015-06-26,23.233,23.241,23.214,23.224,5409,0
2015-06-29,23.207,23.207,23.135,23.135,5519,0
2015-06-30,23.233,23.258,23.214,23.258,3033,0
2015-07-01,23.211,23.247,23.211,23.247,1275,0
2015-07-02,23.247,23.247,23.178,23.178,2089,0
2015-07-06,23.187,23.256,23.187,23.256,19803,0
2015-07-07,23.263,23.309,23.263,23.291,1317,0
2015-07-08,23.291,23.319,23.263,23.319,3298,0
2015-07-09,23.281,23.319,23.272,23.281,6047,0
2015-07-10,23.263,23.299,23.22,23.229,5500,0
2015-07-13,23.194,23.238,23.14,23.229,4839,0
2015-07-14,23.22,23.238,23.194,23.22,3007,0
2015-07-15,23.229,23.247,23.194,23.211,6487,0
2015-07-16,23.309,23.309,23.22,23.229,3080,0
2015-07-17,23.229,23.247,23.22,23.22,1985,0
2015-07-20,23.247,23.272,23.187,23.187,7921,0
2015-07-21,23.178,23.203,23.159,23.187,3298,0
2015-07-22,23.178,23.339,23.14,23.178,6164,0
2015-07-23,23.105,23.263,23.085,23.14,25967,0
2015-07-24,23.132,23.256,23.056,23.066,16395,0
2015-07-27,23.178,23.178,23.115,23.115,9794,0
2015-07-28,23.132,23.15,23.122,23.122,7921,0
2015-07-29,23.122,23.256,23.122,23.14,3745,0
2015-07-30,23.178,23.247,23.178,23.178,4289,0
2015-07-31,23.194,23.238,23.178,23.187,14634,0
2015-08-03,23.255,23.255,23.202,23.202,4978,0
2015-08-04,23.177,23.319,23.177,23.291,2192,0
2015-08-05,23.272,23.272,23.202,23.219,4272,0
2015-08-06,23.167,23.167,23.131,23.131,2942,0
2015-08-07,23.177,23.177,23.114,23.114,1979,0
2015-08-10,23.237,23.237,23.149,23.158,3287,0
2015-08-11,23.094,23.14,23.074,23.14,3033,0
2015-08-12,23.121,23.158,23.084,23.131,2855,0
2015-08-13,23.14,23.14,23.074,23.094,5478,0
2015-08-14,23.121,23.14,23.104,23.114,4937,0
2015-08-17,23.084,23.14,23.074,23.084,2960,0
2015-08-18,23.186,23.186,23.074,23.074,4603,0
2015-08-19,22.866,23.114,22.866,23.027,8440,0
2015-08-20,23.027,23.104,22.999,22.999,4717,0
2015-08-21,23.084,23.14,23.027,23.14,9540,0
2015-08-24,23.074,23.094,22.829,22.876,13452,0
2015-08-25,22.8,23.573,21.91,23.158,54494,0
2015-08-26,23.158,23.64,22.973,23.074,9213,0
2015-08-27,23.046,23.114,23.046,23.055,7130,0
2015-08-28,23.104,23.149,22.963,22.973,5266,0
2015-08-31,23.114,23.255,22.973,23.131,19734,0
2015-09-01,23.101,23.146,22.979,23.137,3934,0
2015-09-02,23.128,23.146,23.033,23.033,5788,0
2015-09-03,23.119,23.146,23.052,23.137,4914,0
2015-09-04,23.175,23.192,23.014,23.072,4152,0
2015-09-08,23.101,23.253,23.101,23.175,12458,0
2015-09-09,23.27,23.27,23.128,23.128,3385,0
2015-09-10,23.175,23.27,23.175,23.235,3978,0
2015-09-11,23.146,23.253,23.146,23.209,1641,0
2015-09-14,23.156,23.279,23.137,23.279,2624,0
2015-09-15,23.165,23.27,23.156,23.217,8738,0
2015-09-16,23.111,23.165,23.111,23.156,1973,0
2015-09-17,23.111,23.209,23.111,23.156,9396,0
2015-09-18,23.192,23.201,23.175,23.175,3059,0
2015-09-21,23.244,23.289,23.128,23.128,1424,0
2015-09-22,23.128,23.146,23.128,23.146,1309,0
2015-09-23,23.217,23.217,23.111,23.156,3825,0
2015-09-24,23.111,23.175,23.111,23.175,4203,0
2015-09-25,23.101,23.101,23.062,23.072,2949,0
2015-09-28,22.899,22.927,22.834,22.834,4574,0
2015-09-29,22.834,22.852,22.796,22.852,4046,0
2015-09-30,22.909,22.909,22.76,22.769,25787,0
2015-10-01,22.785,22.941,22.775,22.941,12631,0
2015-10-02,23.164,23.164,22.693,22.729,15352,0
2015-10-05,22.831,22.95,22.785,22.803,10383,0
2015-10-06,22.95,22.95,22.822,22.933,12848,0
2015-10-07,23.079,23.089,22.941,23.089,13938,0
2015-10-08,23.079,23.155,23.079,23.079,41160,0
2015-10-09,23.216,23.216,23.022,23.109,16660,0
2015-10-12,23.26,23.26,23.07,23.099,33061,0
2015-10-13,23.135,23.27,23.079,23.099,13830,0
2015-10-14,23.216,23.216,23.07,23.109,6096,0
2015-10-15,23.208,23.306,23.117,23.135,9255,0
2015-10-16,23.089,23.155,23.089,23.126,12304,0
2015-10-19,23.145,23.316,23.135,23.174,26459,0
2015-10-20,23.156,23.29,23.156,23.29,1831,0
2015-10-21,23.2,23.297,23.174,23.174,19489,0
2015-10-22,23.208,23.252,23.208,23.208,7407,0
2015-10-23,23.252,23.447,23.234,23.297,4245,0
2015-10-26,23.356,23.404,23.316,23.356,3047,0
2015-10-27,23.384,23.447,23.243,23.243,7187,0
2015-10-28,23.326,23.365,23.26,23.26,2068,0
2015-10-29,23.26,23.394,23.226,23.234,4138,0
2015-10-30,23.183,23.316,23.174,23.316,3047,0
2015-11-02,23.151,23.333,23.151,23.303,3324,0
2015-11-03,23.391,23.391,23.213,23.303,1297,0
2015-11-04,23.401,23.401,23.257,23.257,2578,0
2015-11-05,23.16,23.276,23.122,23.122,22137,0
2015-11-06,23.105,23.105,23,23.047,6400,0
2015-11-09,22.945,23.115,22.874,22.893,8597,0
2015-11-10,22.954,22.954,22.92,22.92,647,0
2015-11-11,22.954,23.189,22.771,22.93,4775,0
2015-11-12,23.095,23.095,22.79,22.846,5644,0
2015-11-13,22.854,22.963,22.798,22.798,2167,0
2015-11-16,23.047,23.047,22.808,22.902,3905,0
2015-11-17,23.095,23.132,22.893,23.095,27672,0
2015-11-18,23.18,23.18,22.846,22.864,3800,0
2015-11-19,23.267,23.267,22.818,22.93,5748,0
2015-11-20,23,23,22.854,22.982,3035,0
2015-11-23,23.066,23.115,23.066,23.085,1415,0
2015-11-24,23.056,23.095,22.902,23.095,3905,0
2015-11-25,23.066,23.066,22.798,22.982,1516,0
2015-11-27,23.018,23.018,22.846,22.846,647,0
2015-11-30,23.095,23.122,22.902,23.085,4125,0
2015-12-01,22.973,23.105,22.884,22.982,1838,0
2015-12-02,22.912,23.16,22.846,22.893,18191,0
2015-12-03,22.93,23.018,22.78,23.018,1071,0
2015-12-04,22.808,22.808,22.743,22.743,85616,0
2015-12-07,22.724,22.963,22.696,22.945,5207,0
2015-12-08,22.752,22.752,22.634,22.634,1385,0
2015-12-09,22.624,22.836,22.55,22.568,3905,0
2015-12-10,22.559,22.836,22.559,22.587,5317,0
2015-12-11,22.513,22.679,22.384,22.384,10309,0
2015-12-14,22.457,22.696,22.439,22.466,9619,0
2015-12-15,22.688,22.688,22.331,22.413,4993,0
2015-12-16,22.578,22.624,22.311,22.596,18663,0
2015-12-17,22.587,22.616,22.331,22.339,17469,0
2015-12-18,22.311,22.578,22.199,22.339,18881,0
2015-12-21,22.394,22.448,22.219,22.347,6513,0
2015-12-22,22.375,22.431,22.228,22.254,11355,0
2015-12-23,22.282,22.643,22.264,22.476,4555,0
2015-12-28,22.335,22.655,22.335,22.436,1918,0
2015-12-29,22.585,22.981,22.16,22.306,48945,0
2015-12-30,22.296,22.454,22.26,22.361,4553,0
2015-12-31,22.353,22.399,22.287,22.287,11140,0
2016-01-04,22.399,22.631,22.297,22.502,16658,0
2016-01-05,22.509,22.673,22.334,22.334,30147,0
2016-01-06,22.454,22.509,22.334,22.371,21560,0
2016-01-07,22.444,22.703,22.371,22.409,2948,0
2016-01-08,22.715,22.722,22.399,22.399,1388,0
2016-01-11,22.343,22.425,22.316,22.361,4061,0
2016-01-12,22.629,22.75,22.306,22.306,4989,0
2016-01-13,22.365,22.418,22.187,22.187,6279,0
2016-01-14,22.232,22.304,22.232,22.304,2070,0
2016-01-15,22.046,22.183,22.029,22.029,1469,0
2016-01-19,22.093,22.269,22.065,22.065,2806,0
2016-01-20,21.938,22.065,21.882,22.065,4562,0
2016-01-21,22.038,22.15,21.937,21.944,4941,0
2016-01-22,21.854,22.141,21.854,22.131,4802,0
2016-01-25,22.234,22.334,22.091,22.091,1097,0
2016-01-26,22.046,22.343,22.046,22.123,3745,0
2016-01-27,22.111,22.361,22.029,22.074,2878,0
2016-01-28,22.084,22.436,22.084,22.156,7668,0
2016-01-29,22.454,22.463,22.009,22.241,4208,0
2016-02-01,22.111,22.569,22.111,22.452,2732,0
2016-02-02,22.51,22.51,22.102,22.102,906,0
2016-02-03,22.253,22.331,22.111,22.187,2304,0
2016-02-04,22.092,22.261,22.028,22.028,4759,0
2016-02-05,22.054,22.34,22.054,22.34,673,0
2016-02-08,22.092,22.308,21.909,22.042,3102,0
2016-02-09,21.852,22.044,21.852,21.926,7123,0
2016-02-10,21.99,22.285,21.84,22.105,1895,0
2016-02-11,22.041,22.142,21.901,22.067,2416,0
2016-02-12,22.21,22.245,21.918,21.994,3102,0
2016-02-16,21.727,22.177,21.727,22.105,6249,0
2016-02-17,21.88,22.149,21.88,22.038,9270,0
2016-02-18,22.201,22.342,21.943,22.026,3457,0
2016-02-19,22.084,22.396,22.038,22.366,6508,0
2016-02-22,22.371,22.519,22.065,22.361,3913,0
2016-02-23,22.102,22.36,22.102,22.326,5490,0
2016-02-24,22.429,22.52,22.241,22.409,13842,0
2016-02-25,22.287,22.497,22.287,22.475,16828,0
2016-02-26,22.585,22.668,22.278,22.604,4539,0
2016-02-29,22.343,22.695,22.343,22.695,2172,0
2016-03-01,22.815,22.837,22.418,22.715,4770,0
2016-03-02,22.696,22.865,22.695,22.752,1429,0
2016-03-03,22.788,22.788,22.788,22.788,1100,0
2016-03-04,22.846,23.02,22.585,22.799,4564,0
2016-03-07,22.846,23.06,22.752,22.921,2709,0
2016-03-08,22.659,23.089,22.659,22.761,5413,0
2016-03-09,23.109,23.109,22.728,23.109,1670,0
2016-03-10,22.885,23.117,22.649,23.031,15164,0
2016-03-11,23.045,23.254,22.941,23.126,5045,0
2016-03-14,23.192,23.192,22.967,23.039,7013,0
2016-03-15,23.124,23.227,22.834,22.951,3655,0
2016-03-16,23.218,23.227,22.837,23.089,9952,0
2016-03-17,23.191,23.35,23.109,23.196,4077,0
2016-03-18,23.3,23.33,23.218,23.267,2697,0
2016-03-21,23.181,23.434,23.079,23.416,30087,0
2016-03-22,23.178,23.401,23.178,23.401,1771,0
2016-03-23,23.291,23.378,23.061,23.157,7907,0
2016-03-24,23.404,23.404,23.073,23.323,1860,0
2016-03-28,23.174,23.33,22.947,23.135,2482,0
2016-03-29,23.058,23.31,23.058,23.229,2113,0
2016-03-30,23.434,23.507,23.137,23.245,126621,0
2016-03-31,23.517,23.517,23.289,23.442,802,0
2016-04-01,23.522,23.541,23.398,23.407,1450,0
2016-04-04,23.551,23.551,23.424,23.424,844,0
2016-04-05,23.415,23.56,23.397,23.56,2783,0
2016-04-06,23.479,23.61,23.479,23.61,142626,0
2016-04-07,23.443,23.61,23.443,23.498,3471,0
2016-04-08,23.688,23.688,23.573,23.678,12488,0
2016-04-11,23.407,23.644,23.407,23.623,5332,0
2016-04-12,23.697,23.81,23.562,23.704,25723,0
2016-04-13,23.591,23.77,23.591,23.713,2788,0
2016-04-14,23.58,23.861,23.58,23.769,2099,0
2016-04-15,23.58,23.829,23.58,23.721,2145,0
2016-04-18,23.723,23.851,23.603,23.603,1697,0
2016-04-19,23.817,23.91,23.639,23.861,2483,0
2016-04-20,23.881,23.987,23.724,23.749,6730,0
2016-04-21,23.774,23.852,23.754,23.754,586,0
2016-04-22,23.659,23.88,23.659,23.671,3790,0
2016-04-25,23.949,23.959,23.705,23.959,2494,0
2016-04-26,23.855,23.966,23.763,23.926,9185,0
2016-04-27,23.668,23.92,23.668,23.77,6042,0
2016-04-28,23.851,24.003,23.751,23.967,1526,0
2016-04-29,23.933,23.933,23.824,23.863,2344,0
2016-05-02,24.097,24.097,23.996,23.996,538,0
2016-05-03,24.033,24.033,23.872,23.931,4213,0
2016-05-04,23.782,23.917,23.78,23.789,1591,0
2016-05-05,24.164,24.164,23.938,23.939,2218,0
2016-05-06,23.843,23.917,23.771,23.913,1602,0
2016-05-09,23.997,23.997,23.698,23.801,667,0
2016-05-10,23.742,24.051,23.742,23.941,7825,0
2016-05-11,23.898,24.097,23.797,23.99,1732,0
2016-05-12,24.021,24.105,23.842,24.025,17678,0
2016-05-13,23.56,24.033,23.543,23.765,1719,0
2016-05-16,23.985,24.102,23.63,23.684,5242,0
2016-05-17,23.892,24.079,23.797,24.079,2409,0
2016-05-18,23.824,23.997,23.824,23.997,1236,0
2016-05-19,23.988,23.988,23.595,23.746,1824,0
2016-05-20,23.48,23.872,23.48,23.815,1626,0
2016-05-23,23.885,23.969,23.847,23.969,3080,0
2016-05-24,23.675,23.997,23.611,23.997,6735,0
2016-05-25,23.832,23.9,23.824,23.832,2191,0
2016-05-26,23.951,24.033,23.59,24.033,1044,0
2016-05-27,24.051,24.051,23.73,23.932,5017,0
2016-05-31,24.097,24.097,23.872,23.872,4567,0
2016-06-01,23.934,24,23.855,23.922,26137,0
2016-06-02,23.954,24.047,23.855,23.983,3174,0
2016-06-03,24.07,24.178,23.845,24.178,7166,0
2016-06-06,24.3,24.3,24.111,24.215,122150,0
2016-06-07,24.06,24.394,24.06,24.346,3091,0
2016-06-08,24.161,24.401,24.092,24.092,1700,0
2016-06-09,24.082,24.364,24.054,24.232,1974,0
2016-06-10,24.284,24.394,24.275,24.394,10459,0
2016-06-13,24.263,24.316,24.054,24.054,18904,0
2016-06-14,24.411,24.411,24.037,24.097,17570,0
2016-06-15,24.217,24.217,24.217,24.217,31549,0
2016-06-16,24.207,24.271,23.905,24.271,2669,0
2016-06-17,24.033,24.158,24.033,24.158,1075,0
2016-06-20,24.037,24.217,24.037,24.217,773,0
2016-06-21,24.241,24.356,24.122,24.356,3557,0
2016-06-22,24.271,24.346,24.047,24.275,7135,0
2016-06-23,24.34,24.509,24.34,24.441,2081,0
2016-06-24,24.318,24.346,24.05,24.215,2657,0
2016-06-27,24.075,24.075,24.064,24.064,563,0
2016-06-28,24.134,24.366,24.134,24.366,1544,0
2016-06-29,24.451,24.466,24.101,24.366,6326,0
2016-06-30,24.499,24.499,24.158,24.306,2157,0
2016-07-01,24.269,24.538,24.269,24.387,3295,0
2016-07-05,24.705,24.705,24.475,24.578,3441,0
2016-07-06,24.663,24.805,24.62,24.73,2581,0
2016-07-07,24.754,24.777,24.669,24.669,15845,0
2016-07-08,24.771,24.899,24.692,24.692,7220,0
2016-07-11,24.862,25.033,24.663,24.663,2027,0
2016-07-12,24.769,25.071,24.769,24.769,2724,0
2016-07-13,24.759,24.966,24.692,24.87,7371,0
2016-07-14,24.901,25.077,24.759,24.917,1814,0
2016-07-15,24.894,24.894,24.747,24.845,1577,0
2016-07-18,24.996,24.996,24.787,24.826,1801,0
2016-07-19,24.986,24.986,24.777,24.777,4597,0
2016-07-20,24.845,24.845,24.759,24.835,1002,0
2016-07-21,24.863,24.863,24.768,24.844,1629,0
2016-07-22,25.155,25.155,24.797,24.962,3258,0
2016-07-25,24.93,24.93,24.797,24.88,1222,0
2016-07-26,24.808,24.927,24.808,24.927,2856,0
2016-07-27,24.947,25.024,24.731,24.826,3517,0
2016-07-28,24.749,24.856,24.74,24.844,1503,0
2016-07-29,24.86,24.975,24.74,24.88,1996,0
2016-08-01,24.833,24.859,24.833,24.859,793,0
2016-08-02,24.838,24.856,24.732,24.78,7858,0
2016-08-03,24.843,24.901,24.732,24.819,3209,0
2016-08-04,24.829,24.95,24.816,24.856,2586,0
2016-08-05,24.964,25.017,24.838,24.988,2440,0
2016-08-08,24.906,24.906,24.839,24.839,1150,0
2016-08-09,24.761,24.989,24.761,24.873,937,0
2016-08-10,24.955,24.955,24.955,24.955,241,0
2016-08-11,24.979,25.04,24.979,25.04,480,0
2016-08-12,24.882,24.999,24.79,24.999,7978,0
2016-08-15,25.051,25.195,24.93,25.158,4907,0
2016-08-16,25.158,25.158,24.991,25.085,2845,0
2016-08-17,25.167,25.167,25.167,25.167,943,0
2016-08-18,25.081,25.245,25.081,25.186,1584,0
2016-08-19,25.158,25.167,24.959,25.108,7201,0
2016-08-22,25.158,25.176,25.027,25.158,5527,0
2016-08-23,25.008,25.284,25.008,25.112,6391,0
2016-08-24,25.284,25.303,25.046,25.158,2352,0
2016-08-25,25.116,25.294,25.116,25.158,2125,0
2016-08-26,25.254,25.254,25.038,25.131,1935,0
2016-08-29,25.162,25.179,25.037,25.14,1529,0
2016-08-30,25.26,25.26,25.09,25.09,1891,0
2016-08-31,25.215,25.215,25.124,25.149,1238,0
2016-09-01,25.114,25.325,25.088,25.209,1758,0
2016-09-02,24.771,25.344,24.771,25.248,1499,0
2016-09-06,25.248,25.287,25.16,25.287,4616,0
2016-09-07,25.335,25.335,25.248,25.277,1783,0
2016-09-08,25.105,25.29,25.105,25.193,1861,0
2016-09-09,25.105,25.248,25.097,25.248,2956,0
2016-09-12,24.875,25.117,24.875,24.986,3173,0
2016-09-13,25.087,25.095,24.848,25.067,16110,0
2016-09-14,25.048,25.048,24.875,24.876,4428,0
2016-09-15,25.01,25.114,24.848,25.018,4527,0
2016-09-16,24.981,25.057,24.961,24.961,1448,0
2016-09-19,24.961,25.097,24.961,24.961,4362,0
2016-09-20,25.095,25.105,24.961,25.037,4883,0
2016-09-21,25.152,25.152,24.961,25.115,8031,0
2016-09-22,25.143,25.248,25.062,25.191,7891,0
2016-09-23,25.077,25.301,25.067,25.208,5246,0
2016-09-26,25.208,25.271,25.208,25.248,3024,0
2016-09-27,25.208,25.287,25.152,25.198,4531,0
2016-09-28,25.344,25.344,25.344,25.344,503,0
2016-09-29,25.188,25.361,25.188,25.352,4543,0
2016-09-30,25.325,25.389,25.185,25.389,2259,0
2016-10-03,25.211,25.355,25.211,25.26,14658,0
2016-10-04,25.374,25.374,25.201,25.26,4526,0
2016-10-05,25.337,25.347,25.241,25.241,5942,0
2016-10-06,25.25,25.27,25.179,25.249,7034,0
2016-10-07,25.289,25.328,25.107,25.29,3499,0
2016-10-10,25.317,25.328,25.135,25.26,4600,0
2016-10-11,25.26,25.299,25.15,25.269,6031,0
2016-10-12,25.211,25.211,25.088,25.2,1705,0
2016-10-13,25.24,25.261,25.216,25.261,1567,0
2016-10-14,25.294,25.364,25.175,25.241,13261,0
2016-10-17,25.318,25.328,25.191,25.25,2185,0
2016-10-18,25.392,25.392,25.25,25.328,2439,0
2016-10-19,25.402,25.402,25.316,25.374,1430,0
2016-10-20,25.459,25.459,25.201,25.364,3460,0
2016-10-21,25.432,25.44,25.374,25.374,9858,0
2016-10-24,25.349,25.43,25.349,25.43,1035,0
2016-10-25,25.435,25.435,25.337,25.383,2333,0
2016-10-26,25.392,25.44,25.221,25.319,13393,0
2016-10-27,25.29,25.383,25.201,25.29,24458,0
2016-10-28,25.229,25.28,25.201,25.244,1370,0
2016-10-31,25.191,25.191,25.163,25.185,1435,0
2016-11-01,25.127,25.23,25.071,25.224,18550,0
2016-11-02,25.033,25.234,25.014,25.014,9624,0
2016-11-03,24.965,25.165,24.946,25.061,17047,0
2016-11-04,25.099,25.137,24.996,25.081,9288,0
2016-11-07,25.127,25.195,25.099,25.195,3378,0
2016-11-08,25.194,25.253,25.129,25.253,11653,0
2016-11-09,25.052,25.147,24.946,24.946,24286,0
2016-11-10,25.043,25.043,24.707,24.773,29586,0
2016-11-11,24.725,24.725,24.505,24.525,6186,0
2016-11-14,24.034,24.749,24.034,24.409,16909,0
2016-11-15,24.598,24.813,24.34,24.813,8406,0
2016-11-16,24.697,24.894,24.466,24.754,12926,0
2016-11-17,24.564,24.866,24.525,24.525,3083,0
2016-11-18,24.504,24.748,24.504,24.748,614,0
2016-11-21,24.735,24.764,24.545,24.545,8212,0
2016-11-22,24.638,24.849,24.598,24.773,18207,0
2016-11-23,24.785,24.789,24.418,24.648,60692,0
2016-11-25,24.58,24.678,24.564,24.677,2982,0
2016-11-28,24.916,24.916,24.436,24.638,11568,0
2016-11-29,24.58,24.85,24.494,24.85,3789,0
2016-11-30,24.716,24.832,24.37,24.37,32729,0
2016-12-01,24.374,24.665,24.354,24.403,13900,0
2016-12-02,24.618,24.721,24.293,24.489,5667,0
2016-12-05,24.603,25.096,24.376,25.096,140678,0
2016-12-06,24.769,25.046,24.613,24.702,328176,0
2016-12-07,24.932,25.057,24.739,24.855,43706,0
2016-12-08,24.942,25.029,24.702,25.029,19161,0
2016-12-09,25.019,25.153,24.711,25.153,8784,0
2016-12-12,24.932,25.096,24.749,24.818,18023,0
2016-12-13,24.818,25.176,24.818,25.01,9921,0
2016-12-14,24.944,25.039,24.672,24.682,31054,0
2016-12-15,24.711,24.986,24.558,24.961,16880,0
2016-12-16,24.798,25.019,24.623,24.966,16664,0
2016-12-19,24.818,24.991,24.643,24.991,14258,0
2016-12-20,25.039,25.087,24.831,25.029,21018,0
2016-12-21,24.739,25.019,24.692,24.749,33037,0
2016-12-22,24.929,24.929,24.711,24.778,8721,0
2016-12-23,24.971,25.019,24.799,24.932,25784,0
2016-12-27,24.969,25.01,24.702,24.991,23688,0
2016-12-28,24.8,25.004,24.8,24.965,14440,0
2016-12-29,24.867,25.09,24.8,24.956,22129,0
2016-12-30,25.19,25.19,24.81,25.014,22341,0
2017-01-03,25.071,25.157,24.97,25.157,17430,0
2017-01-04,25.148,25.255,24.867,25.051,63785,0
2017-01-05,25.11,25.226,24.883,25.176,8228,0
2017-01-06,24.995,25.285,24.936,25.206,5291,0
2017-01-09,25.129,25.167,25.031,25.139,21974,0
2017-01-10,25.139,25.37,25.043,25.37,14065,0
2017-01-11,25.313,25.36,25.106,25.222,9877,0
2017-01-12,25.07,25.496,25.07,25.389,10471,0
2017-01-13,25.285,25.555,25.226,25.337,6931,0
2017-01-17,25.545,25.545,25.162,25.389,9334,0
2017-01-18,25.545,25.575,25.139,25.526,19640,0
2017-01-19,25.333,25.438,25.148,25.219,217237,0
2017-01-20,25.216,25.438,25.196,25.255,13687,0
2017-01-23,25.334,25.334,25.13,25.255,2081,0
2017-01-24,25.241,25.496,25.241,25.313,8867,0
2017-01-25,25.323,25.495,25.226,25.226,21472,0
2017-01-26,25.351,25.438,25.285,25.353,5974,0
2017-01-27,25.216,25.796,25.216,25.236,20012,0
2017-01-30,25.351,25.404,25.285,25.366,1895,0
2017-01-31,25.36,26.482,25.195,25.37,74018,0
2017-02-01,25.326,25.533,25.307,25.307,52560,0
2017-02-02,25.336,25.373,25.295,25.347,6718,0
2017-02-03,25.298,25.403,25.249,25.336,31871,0
2017-02-06,25.374,25.418,25.179,25.326,17938,0
2017-02-07,25.48,25.48,25.229,25.408,5911,0
2017-02-08,25.326,25.571,25.307,25.383,18902,0
2017-02-09,25.354,25.511,25.354,25.442,4417,0
2017-02-10,25.442,25.469,25.285,25.336,8613,0
2017-02-13,25.5,25.589,25.239,25.451,56000,0
2017-02-14,25.423,25.534,25.229,25.229,10308,0
2017-02-15,25.383,25.451,25.298,25.298,20005,0
2017-02-16,25.354,25.354,25.354,25.354,598,0
2017-02-17,25.229,25.445,25.229,25.354,85681,0
2017-02-21,25.413,25.51,25.274,25.307,57351,0
2017-02-22,25.338,25.428,25.338,25.383,2543,0
2017-02-23,25.533,25.544,25.374,25.374,95392,0
2017-02-24,25.344,25.645,25.344,25.48,63818,0
2017-02-27,25.607,25.607,25.41,25.545,7145,0
2017-02-28,25.598,25.598,25.383,25.564,2157,0
2017-03-01,25.602,25.655,25.509,25.655,4869,0
2017-03-02,25.339,25.495,25.338,25.474,1751,0
2017-03-03,25.534,25.689,25.484,25.514,4425,0
2017-03-06,25.484,25.658,25.319,25.319,5297,0
2017-03-07,25.514,25.514,25.456,25.484,1147,0
2017-03-08,25.3,25.453,25.222,25.222,7999,0
2017-03-09,25.212,25.261,25.145,25.145,4987,0
2017-03-10,25.117,25.407,25.115,25.163,4077,0
2017-03-13,25.201,25.34,25.145,25.145,3731,0
2017-03-14,25.329,25.329,25.135,25.329,13478,0
2017-03-15,25.232,25.316,25.153,25.279,1565,0
2017-03-16,25.384,25.4,25.319,25.319,1952,0
2017-03-17,25.358,25.372,25.346,25.346,2038,0
2017-03-20,25.388,25.388,25.201,25.313,1429,0
2017-03-21,25.31,25.372,25.135,25.3,2865,0
2017-03-22,25.332,25.38,25.145,25.357,5219,0
2017-03-23,25.362,25.417,25.236,25.417,3622,0
2017-03-24,25.37,25.411,25.31,25.411,2823,0
2017-03-27,25.172,25.417,25.172,25.417,1970,0
2017-03-28,25.251,25.465,25.251,25.465,199396,0
2017-03-29,25.494,25.65,25.38,25.65,13538,0
2017-03-30,25.679,25.679,25.592,25.592,3481,0
2017-03-31,25.513,25.513,25.504,25.504,611,0
2017-04-03,25.429,25.732,25.429,25.565,7081,0
2017-04-04,25.605,25.751,25.571,25.571,23648,0
2017-04-05,25.673,25.673,25.537,25.537,6442,0
2017-04-06,25.468,25.77,25.4,25.41,11733,0
2017-04-07,25.649,25.779,25.42,25.487,6240,0
2017-04-10,25.566,25.682,25.566,25.682,580,0
2017-04-11,25.606,25.77,25.586,25.691,3022,0
2017-04-12,25.657,25.736,25.586,25.722,5202,0
2017-04-13,25.733,25.784,25.663,25.663,8347,0
2017-04-17,25.683,25.757,25.683,25.757,1632,0
2017-04-18,25.683,25.767,25.683,25.684,2545,0
2017-04-19,25.8,25.843,25.741,25.81,3380,0
2017-04-20,25.879,25.91,25.784,25.869,6547,0
2017-04-21,25.849,25.849,25.78,25.8,3701,0
2017-04-24,25.82,26.006,25.819,25.863,2882,0
2017-04-25,25.89,25.925,25.761,25.761,6310,0
2017-04-26,25.83,25.879,25.761,25.762,3472,0
2017-04-27,25.913,25.984,25.874,25.947,1416,0
2017-04-28,25.762,25.976,25.761,25.849,3171,0
2017-05-01,25.89,25.967,25.771,25.811,7764,0
2017-05-02,25.845,25.923,25.845,25.857,3181,0
2017-05-03,25.908,26.031,25.86,25.961,1988,0
2017-05-04,25.831,26.06,25.791,25.791,6529,0
2017-05-05,25.95,26.012,25.821,25.99,3928,0
2017-05-08,25.966,26.031,25.963,25.963,844,0
2017-05-09,25.821,26.005,25.771,25.902,3708,0
2017-05-10,25.834,25.907,25.834,25.903,1212,0
2017-05-11,25.912,25.976,25.812,25.812,1362,0
2017-05-12,25.87,26.003,25.771,25.771,2075,0
2017-05-15,25.771,26.105,25.769,25.988,3817,0
2017-05-16,25.99,26.154,25.85,25.934,4173,0
2017-05-17,26.154,26.154,25.89,26.115,1816,0
2017-05-18,26.048,26.207,25.968,26.091,1781,0
2017-05-19,25.968,26.23,25.968,26.227,1662,0
2017-05-22,26.183,26.184,26.144,26.182,1488,0
2017-05-23,26.154,26.242,26.036,26.036,13643,0
2017-05-24,26.036,26.227,25.928,25.938,13475,0
2017-05-25,26.056,26.241,26.056,26.059,1689,0
2017-05-26,26.1,26.159,26.064,26.095,2254,0
2017-05-30,26.212,26.212,26.052,26.06,1464,0
2017-05-31,26.144,26.279,26.017,26.125,2727,0
2017-06-01,26.155,26.327,26.116,26.253,3932,0
2017-06-02,26.198,26.332,26.143,26.327,1975,0
2017-06-05,26.106,26.145,26.106,26.116,1794,0
2017-06-06,26.096,26.339,26.057,26.057,2724,0
2017-06-07,26.274,26.274,26.106,26.106,2560,0
2017-06-08,26.223,26.258,26.059,26.233,3306,0
2017-06-09,26.047,26.308,26.028,26.107,21269,0
2017-06-12,26.018,26.209,26.018,26.185,1779,0
2017-06-13,26.066,26.198,26.066,26.165,653,0
2017-06-14,26.139,26.139,26.139,26.139,301,0
2017-06-15,26.158,26.158,26.116,26.145,4347,0
2017-06-16,26.165,26.342,26.124,26.303,7005,0
2017-06-19,26.307,26.332,26.176,26.325,2979,0
2017-06-20,26.253,26.376,26.156,26.253,3927,0
2017-06-21,26.371,26.371,26.283,26.337,1133,0
2017-06-22,26.236,26.321,26.236,26.321,2112,0
2017-06-23,26.273,26.399,26.246,26.246,798,0
2017-06-26,26.303,26.381,26.254,26.381,2362,0
2017-06-27,26.42,26.42,26.145,26.145,6065,0
2017-06-28,26.116,26.337,26.116,26.315,2424,0
2017-06-29,26.145,26.302,26.106,26.116,7671,0
2017-06-30,26.223,26.256,26.145,26.175,2254,0
2017-07-03,26.194,26.233,26.106,26.106,3103,0
2017-07-05,26.118,26.16,26.118,26.145,1203,0
2017-07-06,26.066,26.145,26.017,26.017,9071,0
2017-07-07,25.967,25.987,25.849,25.898,21055,0
2017-07-10,26.047,26.047,25.916,25.947,8524,0
2017-07-11,26.106,26.106,25.898,25.898,23283,0
2017-07-12,26.007,26.232,25.947,25.965,33098,0
2017-07-13,26.007,26.175,26.002,26.086,7820,0
2017-07-14,26.213,26.238,26.076,26.106,2618,0
2017-07-17,26.165,26.242,26.096,26.165,5301,0
2017-07-18,26.086,26.212,26.086,26.212,2332,0
2017-07-19,26.223,26.382,26.175,26.233,7202,0
2017-07-20,26.293,26.402,26.194,26.346,13240,0
2017-07-21,26.213,26.253,26.203,26.234,2135,0
2017-07-24,26.332,26.332,26.282,26.323,2000,0
2017-07-25,26.274,26.332,26.213,26.253,4033,0
2017-07-26,26.243,26.328,26.116,26.323,7878,0
2017-07-27,26.283,26.353,26.145,26.273,5166,0
2017-07-28,26.273,26.343,26.253,26.313,4396,0
2017-07-31,26.243,26.361,26.243,26.271,1702,0
2017-08-01,26.303,26.392,26.303,26.343,6507,0
2017-08-02,26.412,26.412,26.337,26.362,5697,0
2017-08-03,26.343,26.362,26.283,26.353,18686,0
2017-08-04,26.333,26.381,26.293,26.313,7249,0
2017-08-07,26.303,26.363,26.293,26.328,4974,0
2017-08-08,26.283,26.323,26.175,26.243,32811,0
2017-08-09,26.233,26.263,26.115,26.125,5802,0
2017-08-10,26.194,26.194,26.105,26.105,15288,0
2017-08-11,26.165,26.333,26.153,26.333,1276,0
2017-08-14,26.422,26.422,26.176,26.185,8186,0
2017-08-15,26.343,26.387,26.19,26.271,4122,0
2017-08-16,26.273,26.273,26.254,26.255,1756,0
2017-08-17,26.298,26.381,26.253,26.253,8845,0
2017-08-18,26.243,26.401,26.243,26.372,1557,0
2017-08-21,26.659,26.659,26.263,26.407,3558,0
2017-08-22,26.669,26.669,26.252,26.333,4462,0
2017-08-23,26.353,26.387,26.253,26.297,8410,0
2017-08-24,26.432,26.432,26.286,26.286,7601,0
2017-08-25,26.404,26.576,26.263,26.303,25657,0
2017-08-28,26.343,26.477,26.263,26.404,19255,0
2017-08-29,26.303,26.351,26.303,26.351,880,0
2017-08-30,26.392,26.53,26.323,26.382,18646,0
2017-08-31,26.382,26.557,26.354,26.5,9969,0
2017-09-01,26.462,26.491,26.362,26.491,17861,0
2017-09-05,26.462,26.555,26.44,26.55,2861,0
2017-09-06,26.532,26.62,26.442,26.537,4924,0
2017-09-07,26.55,26.55,26.45,26.463,1368,0
2017-09-08,26.472,26.596,26.422,26.5,9549,0
2017-09-11,26.66,26.66,26.442,26.442,20819,0
2017-09-12,26.5,26.52,26.416,26.491,5121,0
2017-09-13,26.5,26.51,26.312,26.352,11348,0
2017-09-14,26.422,26.54,26.342,26.486,2383,0
2017-09-15,26.472,26.558,26.367,26.515,5043,0
2017-09-18,26.472,26.595,26.407,26.513,5946,0
2017-09-19,26.491,26.505,26.419,26.467,10938,0
2017-09-20,26.5,26.803,26.442,26.61,20081,0
2017-09-21,26.535,26.656,26.5,26.5,6058,0
2017-09-22,26.472,26.549,26.472,26.498,10477,0
2017-09-25,26.52,26.7,26.52,26.56,15477,0
2017-09-26,26.57,26.62,26.473,26.474,7555,0
2017-09-27,26.7,26.7,26.537,26.562,3980,0
2017-09-28,26.67,26.779,26.552,26.57,14849,0
2017-09-29,26.663,26.698,26.614,26.643,4484,0
2017-10-02,26.7,26.7,26.56,26.56,6154,0
2017-10-03,26.594,26.751,26.56,26.626,9859,0
2017-10-04,26.62,26.67,26.481,26.507,34703,0
2017-10-05,26.57,26.64,26.508,26.64,22923,0
2017-10-06,26.56,26.63,26.481,26.545,21578,0
2017-10-09,26.909,26.909,26.54,26.6,4124,0
2017-10-10,26.63,26.829,26.62,26.63,26773,0
2017-10-11,26.62,26.714,26.58,26.6,137792,0
2017-10-12,26.461,26.643,26.461,26.616,5845,0
2017-10-13,26.76,26.76,26.55,26.61,5969,0
2017-10-16,26.76,26.76,26.61,26.61,18847,0
2017-10-17,26.6,26.708,26.6,26.683,11346,0
2017-10-18,26.62,26.705,26.58,26.62,20077,0
2017-10-19,26.62,26.7,26.58,26.58,8280,0
2017-10-20,26.62,26.709,26.571,26.61,17475,0
2017-10-23,26.7,26.7,26.59,26.65,6940,0
2017-10-24,26.62,26.66,26.58,26.63,7017,0
2017-10-25,26.57,26.637,26.565,26.59,14821,0
2017-10-26,26.65,26.65,26.506,26.58,9499,0
2017-10-27,26.58,26.67,26.538,26.61,15271,0
2017-10-30,26.69,26.69,26.613,26.66,9342,0
2017-10-31,26.76,26.949,26.63,26.63,9519,0
2017-11-01,26.7,26.828,26.65,26.67,17120,0
2017-11-02,27.01,27.01,26.65,26.67,13043,0
2017-11-03,26.8,29.3643,26.65,26.73,26215,0
2017-11-06,26.76,26.8067,26.72,26.74,10540,0
2017-11-07,26.83,26.98,26.67,26.68,73279,0
2017-11-08,26.68,26.68,26.568,26.61,24641,0
2017-11-09,26.67,26.67,26.48,26.52,16457,0
2017-11-10,26.58,26.58,26.45,26.49,15481,0
