Date,Open,High,Low,Close,Volume,OpenInt
2009-12-08,22.45,22.685,22.45,22.631,20863,0
2009-12-09,22.884,22.912,22.468,22.704,25719,0
2009-12-10,22.74,22.876,22.649,22.73,31850,0
2009-12-11,23.102,23.102,22.822,22.994,61934,0
2009-12-14,23.193,23.193,22.93,23.093,132821,0
2009-12-15,23.083,23.165,22.975,23.012,29885,0
2009-12-16,22.921,23.048,22.912,22.947,37151,0
2009-12-17,22.694,22.784,22.423,22.458,62764,0
2009-12-18,22.395,22.649,22.095,22.204,23461,0
2009-12-21,22.557,22.567,22.368,22.44,11606,0
2009-12-22,22.595,22.595,22.305,22.359,138802,0
2009-12-23,22.876,22.876,22.477,22.775,20309,0
2009-12-24,23.102,23.111,23.002,23.03,16607,0
2009-12-28,23.355,23.355,22.994,23.075,18800,0
2009-12-29,23.111,23.174,23.038,23.048,42649,0
2009-12-30,23.401,23.401,23.102,23.265,13921,0
2009-12-31,23.727,23.727,23.346,23.365,42324,0
2010-01-04,23.945,24.28,23.735,24.235,56069,0
2010-01-05,24.76,24.76,24.47,24.624,62748,0
2010-01-06,24.633,25.076,24.461,24.57,80236,0
2010-01-07,24.388,24.424,24.098,24.225,23315,0
2010-01-08,24.334,24.379,24.197,24.37,15353,0
2010-01-11,24.424,24.751,24.343,24.515,87524,0
2010-01-12,24.424,24.424,23.891,24,35169,0
2010-01-13,24.206,24.461,23.899,24.388,34290,0
2010-01-14,24.86,25.05,24.814,25.032,45862,0
2010-01-15,25.032,25.241,24.904,24.904,96154,0
2010-01-19,24.461,24.587,24.424,24.57,30018,0
2010-01-20,24.298,24.415,24,24.162,26556,0
2010-01-21,23.935,23.935,23.392,23.464,59506,0
2010-01-22,23.355,23.455,22.604,22.622,92590,0
2010-01-25,22.884,23.02,22.748,22.784,10044,0
2010-01-26,22.213,22.314,21.897,22.032,40737,0
2010-01-27,21.779,21.861,21.544,21.815,29282,0
2010-01-28,21.933,22.16,21.662,21.788,35410,0
2010-01-29,21.906,22.204,21.743,21.815,17302,0
2010-02-01,22.133,22.305,22.078,22.232,6551,0
2010-02-02,22.368,22.631,22.196,22.549,27464,0
2010-02-03,22.631,22.857,22.631,22.758,15559,0
2010-02-04,22.631,22.631,21.906,21.977,43241,0
2010-02-05,21.525,21.68,21.163,21.68,29446,0
2010-02-08,21.652,21.743,21.481,21.481,14911,0
2010-02-09,21.697,21.878,21.481,21.643,34708,0
2010-02-10,21.652,21.961,21.652,21.888,30258,0
2010-02-11,22.114,22.395,22.095,22.322,7395,0
2010-02-12,22.196,22.341,22.105,22.341,16280,0
2010-02-16,22.45,22.704,22.45,22.622,7092,0
2010-02-17,22.857,22.876,22.685,22.74,3313,0
2010-02-18,22.631,22.975,22.631,22.894,7600,0
2010-02-19,22.576,22.812,22.513,22.685,22627,0
2010-02-22,23.093,23.102,22.912,23.038,98637,0
2010-02-23,23.02,23.111,22.685,22.685,16412,0
2010-02-24,23.056,23.184,23.02,23.184,7395,0
2010-02-25,22.767,23.03,22.567,23.02,9460,0
2010-02-26,23.075,23.401,23.075,23.401,14454,0
2010-03-01,23.455,23.491,23.365,23.491,21742,0
2010-03-02,23.872,23.916,23.71,23.773,22536,0
2010-03-03,23.817,23.817,23.555,23.645,59847,0
2010-03-04,23.501,23.537,23.302,23.501,7581,0
2010-03-05,23.79,24.089,23.79,24.072,13119,0
2010-03-08,24.307,24.452,24.307,24.415,7200,0
2010-03-09,24.353,24.669,24.307,24.461,13810,0
2010-03-10,24.66,24.786,24.633,24.715,23061,0
2010-03-11,24.723,24.877,24.651,24.877,17366,0
2010-03-12,24.904,24.904,24.605,24.605,8155,0
2010-03-15,24.723,24.805,24.605,24.742,19311,0
2010-03-16,24.951,24.995,24.841,24.995,18797,0
2010-03-17,25.113,25.194,24.995,25.076,91536,0
2010-03-18,25.104,25.131,24.959,25.104,79801,0
2010-03-19,25.022,25.022,24.769,24.769,6627,0
2010-03-22,24.733,24.995,24.614,24.986,30144,0
2010-03-23,24.769,24.769,24.624,24.751,21987,0
2010-03-24,24.697,24.697,24.461,24.487,23916,0
2010-03-25,24.796,24.932,24.587,24.596,18435,0
2010-03-26,24.895,24.914,24.642,24.805,11119,0
2010-03-29,24.995,25.113,24.923,25.05,15645,0
2010-03-30,25.258,25.295,25.086,25.194,26986,0
2010-03-31,24.977,25.005,24.814,24.895,30742,0
2010-04-01,25.158,25.312,25.141,25.266,14703,0
2010-04-05,26.273,26.273,25.349,25.575,22522,0
2010-04-06,25.476,25.665,25.421,25.656,40677,0
2010-04-07,25.493,25.493,25.212,25.295,34159,0
2010-04-08,25.493,25.63,25.266,25.63,19492,0
2010-04-09,25.719,25.792,25.594,25.783,69396,0
2010-04-12,25.766,25.766,25.594,25.594,171405,0
2010-04-13,25.521,25.521,25.249,25.439,19121,0
2010-04-14,25.575,25.602,25.448,25.584,24009,0
2010-04-15,25.594,25.63,25.547,25.547,13619,0
2010-04-16,25.394,25.394,24.851,24.959,30152,0
2010-04-19,24.723,24.868,24.461,24.777,20870,0
2010-04-20,24.868,25.141,24.868,25.113,17383,0
2010-04-21,25.176,25.176,24.923,25.05,12251,0
2010-04-22,24.923,25.05,24.669,25.05,18073,0
2010-04-23,25.231,25.531,25.231,25.531,10888,0
2010-04-26,25.639,25.766,25.594,25.594,8153,0
2010-04-27,25.285,25.285,24.596,24.633,32626,0
2010-04-28,24.959,24.968,24.596,24.678,14501,0
2010-04-29,24.642,25.076,24.496,25.032,9426,0
2010-04-30,24.914,25.113,24.614,24.614,26137,0
2010-05-03,24.841,24.995,24.805,24.923,18882,0
2010-05-04,24.669,24.669,24.107,24.243,20675,0
2010-05-05,23.836,24.153,23.655,23.845,60654,0
2010-05-06,23.41,23.41,21.824,22.503,98123,0
2010-05-07,22.666,23.137,22.061,22.414,66963,0
2010-05-10,23.32,23.681,23.32,23.663,39250,0
2010-05-11,23.373,23.754,23.283,23.537,17408,0
2010-05-12,23.302,23.827,23.302,23.79,10603,0
2010-05-13,23.891,24.271,23.754,23.773,23550,0
2010-05-14,23.563,23.681,23.302,23.681,21913,0
2010-05-17,23.211,23.274,22.649,23.03,35281,0
2010-05-18,23.147,23.147,22.549,22.666,7421,0
2010-05-19,22.15,22.277,21.852,22.204,34939,0
2010-05-20,21.291,21.38,20.728,20.972,35484,0
2010-05-21,20.574,21.507,20.574,21.489,29090,0
2010-05-24,21.471,21.788,21.471,21.571,13725,0
2010-05-25,20.81,21.108,20.475,21.082,17804,0
2010-05-26,21.463,21.67,21.199,21.199,22674,0
2010-05-27,21.878,22.45,21.843,22.45,20747,0
2010-05-28,22.649,22.657,22.204,22.368,16731,0
2010-06-01,22.168,22.322,22.006,22.006,3587,0
2010-06-02,22.286,22.468,22.006,22.431,37842,0
2010-06-03,22.549,22.73,22.45,22.685,13434,0
2010-06-04,22.477,22.622,22.204,22.277,7224,0
2010-06-07,22.032,22.296,21.67,21.725,18685,0
2010-06-08,21.662,21.797,21.444,21.797,24912,0
2010-06-09,21.625,21.897,21.326,21.407,21271,0
2010-06-10,21.316,21.562,21.291,21.562,70236,0
2010-06-11,21.291,21.734,21.236,21.734,11904,0
2010-06-14,21.942,22.142,21.725,21.725,6007,0
2010-06-15,21.933,22.095,21.906,22.095,4056,0
2010-06-16,21.852,22.187,21.771,22.078,28665,0
2010-06-17,22.095,22.105,21.888,22.032,5796,0
2010-06-18,22.078,22.16,22.078,22.133,2202,0
2010-06-21,22.685,22.957,22.631,22.758,8714,0
2010-06-22,22.722,22.722,22.251,22.251,19377,0
2010-06-23,22.477,22.522,22.187,22.314,11696,0
2010-06-24,22.196,22.458,22.032,22.032,6420,0
2010-06-25,22.251,22.251,22.015,22.232,6291,0
2010-06-28,22.024,22.087,22.006,22.042,3426,0
2010-06-29,21.761,21.761,21.108,21.173,25773,0
2010-06-30,21.09,21.326,21.064,21.09,6826,0
2010-07-01,20.918,21.208,20.774,21.191,5415,0
2010-07-02,21.144,21.208,20.982,21.009,3400,0
2010-07-06,21.363,21.489,21.154,21.236,4747,0
2010-07-07,21.335,21.743,21.281,21.716,14206,0
2010-07-08,21.534,21.706,21.534,21.706,3753,0
2010-07-09,21.815,21.861,21.743,21.861,1876,0
2010-07-12,21.852,21.97,21.852,21.888,4074,0
2010-07-13,21.933,22.204,21.924,22.16,21141,0
2010-07-14,22.322,22.322,22.069,22.213,4536,0
2010-07-15,22.196,22.196,21.815,22.16,4372,0
2010-07-16,21.761,21.761,21.544,21.598,11445,0
2010-07-19,21.716,21.716,21.426,21.643,11435,0
2010-07-20,21.652,22.051,21.616,22.051,10099,0
2010-07-21,22.069,22.178,21.888,21.906,11008,0
2010-07-22,22.051,22.44,22.051,22.423,30041,0
2010-07-23,22.277,22.604,22.242,22.604,3753,0
2010-07-26,22.64,22.83,22.503,22.74,16215,0
2010-07-27,22.939,22.939,22.567,22.712,10265,0
2010-07-28,22.758,22.921,22.73,22.767,5784,0
2010-07-29,22.767,22.83,22.567,22.775,1545,0
2010-07-30,22.812,23.147,22.649,23.111,7790,0
2010-08-02,23.545,23.582,23.392,23.582,4624,0
2010-08-03,23.428,23.691,23.428,23.636,1177,0
2010-08-04,23.7,23.71,23.592,23.71,2637,0
2010-08-05,23.636,23.727,23.555,23.727,855,0
2010-08-06,23.464,23.527,23.237,23.527,7948,0
2010-08-09,23.773,23.773,23.601,23.626,2070,0
2010-08-10,23.626,23.626,23.274,23.483,5029,0
2010-08-11,23.093,23.093,22.775,22.812,7468,0
2010-08-12,22.423,22.494,22.223,22.468,5138,0
2010-08-13,22.657,22.666,22.503,22.532,6022,0
2010-08-16,22.567,22.712,22.494,22.612,7836,0
2010-08-17,22.631,22.866,22.631,22.685,5961,0
2010-08-18,22.595,22.758,22.586,22.685,4217,0
2010-08-19,22.712,22.74,22.631,22.73,13190,0
2010-08-20,22.722,22.803,22.649,22.784,5022,0
2010-08-23,22.685,22.685,22.468,22.468,6603,0
2010-08-24,22.395,22.395,22.114,22.15,7330,0
2010-08-25,21.815,22.087,21.815,22.087,5244,0
2010-08-26,22.024,22.213,21.996,22.024,4062,0
2010-08-27,22.15,22.341,22.114,22.341,1986,0
2010-08-30,22.286,22.286,22.087,22.095,1657,0
2010-08-31,22.242,22.242,22.006,22.105,6622,0
2010-09-01,22.204,22.567,22.204,22.522,7617,0
2010-09-02,22.477,22.513,22.45,22.503,2318,0
2010-09-03,22.939,22.975,22.812,22.866,6346,0
2010-09-07,22.812,23.02,22.513,22.513,19924,0
2010-09-08,22.73,22.812,22.704,22.767,7827,0
2010-09-09,22.957,23.102,22.822,22.822,134775,0
2010-09-10,22.947,22.947,22.657,22.803,26580,0
2010-09-13,23.012,23.13,23.012,23.102,8736,0
2010-09-14,23.365,23.365,23.137,23.255,17700,0
2010-09-15,23.002,23.165,23.002,23.165,42103,0
2010-09-16,23.193,23.237,23.083,23.228,14736,0
2010-09-17,23.346,23.437,23.283,23.336,7302,0
2010-09-20,23.563,24.063,23.563,24.053,7510,0
2010-09-21,24.072,24.29,24.053,24.243,10149,0
2010-09-22,24.117,24.29,24.117,24.134,2274,0
2010-09-23,24.107,24.397,24.016,24.307,2905,0
2010-09-24,24.479,24.723,24.479,24.723,15436,0
2010-09-27,24.76,25.158,24.76,25.076,13433,0
2010-09-28,25.186,25.186,24.805,25.113,18438,0
2010-09-29,25.131,25.131,24.995,25.013,18740,0
2010-09-30,25.366,25.448,25.022,25.222,11844,0
2010-10-01,25.421,25.431,25.186,25.312,6095,0
2010-10-04,25.384,25.384,25.013,25.176,16888,0
2010-10-05,25.304,25.602,25.295,25.594,10018,0
2010-10-06,25.594,25.594,25.231,25.285,14157,0
2010-10-07,25.413,25.413,25.086,25.186,6895,0
2010-10-08,25.212,25.421,25.141,25.394,10513,0
2010-10-11,25.403,25.403,25.249,25.285,8573,0
2010-10-12,25.531,25.531,25.15,25.421,13840,0
2010-10-13,25.756,25.855,25.703,25.756,13291,0
2010-10-14,25.584,25.584,25.194,25.312,18406,0
2010-10-15,25.431,25.547,25.266,25.531,38238,0
2010-10-18,25.502,25.884,25.502,25.837,5747,0
2010-10-19,25.62,25.62,25.158,25.186,20024,0
2010-10-20,25.439,25.656,25.413,25.594,8528,0
2010-10-21,25.938,25.992,25.594,25.874,16194,0
2010-10-22,26.037,26.164,25.992,26.127,42794,0
2010-10-25,26.544,26.861,26.382,26.78,26267,0
2010-10-26,26.463,26.635,26.254,26.563,12396,0
2010-10-27,26.001,26.037,25.703,25.992,10094,0
2010-10-28,26.127,26.127,25.792,25.901,11640,0
2010-10-29,25.91,26.064,25.837,26.046,12186,0
2010-11-01,26.336,26.336,25.884,25.929,19841,0
2010-11-02,26.354,26.553,26.219,26.481,295941,0
2010-11-03,26.607,26.607,26.182,26.509,89452,0
2010-11-04,26.644,26.88,26.644,26.88,131584,0
2010-11-05,26.834,26.834,26.672,26.798,95050,0
2010-11-08,26.762,27.033,26.607,27.006,47533,0
2010-11-09,27.215,27.215,26.5,26.607,38269,0
2010-11-10,26.79,27.006,26.454,26.934,80951,0
2010-11-11,26.834,26.907,26.536,26.861,27750,0
2010-11-12,26.382,26.644,26.037,26.145,33262,0
2010-11-15,26.454,26.454,26.092,26.127,9670,0
2010-11-16,25.974,25.974,25.366,25.421,26353,0
2010-11-17,25.304,25.639,25.094,25.556,12824,0
2010-11-18,25.756,26.064,25.756,25.938,20855,0
2010-11-19,25.938,25.938,25.656,25.891,20346,0
2010-11-22,26.009,26.136,25.747,26.001,32191,0
2010-11-23,25.394,25.575,25.285,25.33,79620,0
2010-11-24,25.521,25.719,25.521,25.693,9278,0
2010-11-26,25.531,25.531,25.384,25.466,2750,0
2010-11-29,25.466,25.738,25.448,25.693,15378,0
2010-11-30,25.384,25.602,25.384,25.512,13155,0
2010-12-01,25.946,26.173,25.946,26.145,38653,0
2010-12-02,26.145,26.317,26.082,26.3,24980,0
2010-12-03,26.182,26.526,25.929,26.5,31763,0
2010-12-06,26.463,26.5,26.354,26.5,19708,0
2010-12-07,26.653,26.79,26.454,26.463,36518,0
2010-12-08,26.273,26.445,26.046,26.182,44137,0
2010-12-09,26.111,26.173,26.019,26.173,65472,0
2010-12-10,26.409,26.435,26.336,26.354,9200,0
2010-12-13,26.5,26.509,26.245,26.245,19050,0
2010-12-14,26.092,26.3,25.901,26.019,20466,0
2010-12-15,25.712,26.073,25.566,25.594,41697,0
2010-12-16,25.384,25.384,25.086,25.249,35935,0
2010-12-17,25.349,25.366,25.241,25.276,19996,0
2010-12-20,25.394,25.394,24.904,25.158,104272,0
2010-12-21,25.304,25.547,25.222,25.512,19549,0
2010-12-22,25.693,25.729,25.512,25.611,15767,0
2010-12-23,25.33,25.611,25.33,25.466,22842,0
2010-12-27,25.431,25.431,25.15,25.403,9805,0
2010-12-28,25.231,25.231,24.923,25.059,37931,0
2010-12-29,25.266,25.266,25.086,25.104,59504,0
2010-12-30,25.167,25.167,25.013,25.068,19094,0
2010-12-31,24.98,25.018,24.944,24.989,9766,0
2011-01-03,25.413,25.556,25.34,25.384,26693,0
2011-01-04,25.584,25.83,25.539,25.792,18699,0
2011-01-05,25.792,26.111,25.783,26.037,49582,0
2011-01-06,26.046,26.101,25.946,26.092,22559,0
2011-01-07,26.127,26.173,25.865,26.092,59463,0
2011-01-10,25.946,26.056,25.83,26.056,8185,0
2011-01-11,26.2,26.354,26.182,26.336,23048,0
2011-01-12,26.798,26.798,26.544,26.563,16006,0
2011-01-13,26.681,27.079,26.681,26.915,58415,0
2011-01-14,26.889,27.124,26.889,27.088,37176,0
2011-01-18,27.043,27.151,27.043,27.106,15023,0
2011-01-19,27.124,27.18,26.681,26.743,18658,0
2011-01-20,26.345,26.607,26.001,26.254,48859,0
2011-01-21,26.345,26.481,26.101,26.136,21629,0
2011-01-24,26.082,26.191,25.729,26.191,29954,0
2011-01-25,26.354,26.372,26.037,26.182,15792,0
2011-01-26,26.3,26.509,26.245,26.336,44615,0
2011-01-27,26.481,26.553,26.345,26.454,19720,0
2011-01-28,26.509,26.526,25.874,25.964,57929,0
2011-01-31,26.302,26.479,26.088,26.32,18950,0
2011-02-01,26.617,27.097,26.617,26.925,69768,0
2011-02-02,27.133,27.196,27.043,27.106,16041,0
2011-02-03,27.242,27.242,26.915,27.079,33244,0
2011-02-04,27.25,27.25,26.944,27.142,10903,0
2011-02-07,27.242,27.396,27.234,27.234,10088,0
2011-02-08,27.215,27.234,26.962,27.18,17764,0
2011-02-09,26.861,27.015,26.481,26.771,99386,0
2011-02-10,26.526,27.133,26.5,27.115,47888,0
2011-02-11,27.342,27.486,27.097,27.378,42490,0
2011-02-14,27.712,27.712,27.523,27.55,40259,0
2011-02-15,27.587,27.632,27.352,27.486,62662,0
2011-02-16,27.405,27.613,27.386,27.559,29774,0
2011-02-18,27.623,27.642,27.323,27.422,20275,0
2011-02-22,26.309,26.517,25.738,25.792,50960,0
2011-02-23,25.783,25.855,25.34,25.556,41973,0
2011-02-24,25.476,25.884,25.476,25.837,25118,0
2011-02-25,26.037,26.245,25.901,26.228,24455,0
2011-02-28,26.59,26.59,26.254,26.391,21509,0
2011-03-01,26.382,26.426,26.001,26.101,36057,0
2011-03-02,26.145,26.382,26.092,26.219,70752,0
2011-03-03,26.599,26.743,26.563,26.725,12987,0
2011-03-04,26.843,26.944,26.699,26.944,14065,0
2011-03-07,26.962,27.088,26.417,26.563,16845,0
2011-03-08,26.625,26.989,26.526,26.915,20263,0
2011-03-09,26.989,27.18,26.897,27.133,25600,0
2011-03-10,26.852,26.88,26.553,26.807,48746,0
2011-03-11,26.481,27.006,26.481,26.997,28458,0
2011-03-14,26.716,26.944,26.672,26.798,24637,0
2011-03-15,25.712,26.426,25.693,26.3,26156,0
2011-03-16,26.317,26.526,25.811,25.901,47004,0
2011-03-17,25.811,25.811,25.403,25.439,14028,0
2011-03-18,25.62,25.63,25.349,25.376,20806,0
2011-03-21,25.802,26.027,25.766,25.964,11840,0
2011-03-22,25.964,26.145,25.92,26.111,10589,0
2011-03-23,26.046,26.581,26.037,26.526,11188,0
2011-03-24,26.553,26.79,26.472,26.699,15266,0
2011-03-25,26.689,26.798,26.571,26.653,26433,0
2011-03-28,26.454,26.581,26.3,26.4,52587,0
2011-03-29,26.391,26.852,26.336,26.78,17327,0
2011-03-30,27.052,27.079,26.907,26.979,17060,0
2011-03-31,26.992,27.214,26.992,27.168,9301,0
2011-04-01,27.323,27.587,27.314,27.514,9194,0
2011-04-04,27.569,27.976,27.532,27.976,8345,0
2011-04-05,27.813,27.913,27.759,27.759,5122,0
2011-04-06,28.075,28.084,27.785,27.94,11318,0
2011-04-07,27.994,28.266,27.994,28.238,8460,0
2011-04-08,28.365,28.474,28.23,28.311,14873,0
2011-04-11,28.439,28.439,27.994,28.04,17305,0
2011-04-12,27.931,27.931,27.47,27.55,5992,0
2011-04-13,27.994,28.203,27.994,28.175,11642,0
2011-04-14,28.13,28.52,28.13,28.501,18158,0
2011-04-15,28.501,28.592,28.446,28.574,8915,0
2011-04-18,28.284,28.673,27.913,28.664,13814,0
2011-04-19,28.764,29.226,28.764,29.163,17685,0
2011-04-20,29.842,29.842,29.408,29.571,23432,0
2011-04-21,29.173,29.444,29.173,29.308,18383,0
2011-04-25,29.408,29.571,29.352,29.525,15384,0
2011-04-26,29.815,29.815,29.272,29.444,45198,0
2011-04-27,29.479,29.479,28.692,29.154,41665,0
2011-04-28,29.154,29.208,28.882,29.081,28974,0
2011-04-29,29.272,29.448,28.508,29.383,9412,0
2011-05-02,29.434,29.552,29.199,29.234,13694,0
2011-05-03,29,29,28.012,28.112,22561,0
2011-05-04,27.966,27.966,27.451,27.704,19622,0
2011-05-05,27.432,28.094,27.432,27.75,24145,0
2011-05-06,28.13,28.392,27.931,28.057,12608,0
2011-05-09,28.383,28.446,28.23,28.365,18512,0
2011-05-10,28.492,28.51,28.266,28.402,18022,0
2011-05-11,28.392,28.392,27.785,28.057,13435,0
2011-05-12,28.057,28.22,27.804,27.804,4911,0
2011-05-13,27.894,27.894,27.043,27.106,30246,0
2011-05-16,27.097,27.658,26.944,26.989,29144,0
2011-05-17,26.635,27.006,26.553,26.979,39484,0
2011-05-18,26.97,27.333,26.97,27.234,13482,0
2011-05-19,27.07,27.25,27.062,27.187,27517,0
2011-05-20,26.907,27.033,26.762,26.762,36217,0
2011-05-23,26.264,26.264,25.865,25.865,23426,0
2011-05-24,26.001,26.164,25.874,25.891,34629,0
2011-05-25,25.792,26.228,25.792,26.092,8353,0
2011-05-26,26.027,26.219,25.983,26.21,20632,0
2011-05-27,26.409,26.5,26.245,26.435,9590,0
2011-05-31,26.979,27.133,26.88,27.043,35702,0
2011-06-01,26.925,27.043,26.644,26.653,9284,0
2011-06-02,26.743,27.033,26.517,26.97,40328,0
2011-06-03,26.617,27.006,26.273,26.273,9012,0
2011-06-06,26.2,26.472,25.712,25.756,24806,0
2011-06-07,26.027,26.027,25.484,25.792,15150,0
2011-06-08,25.639,25.665,25.068,25.167,20251,0
2011-06-09,24.968,24.968,24.587,24.796,76547,0
2011-06-10,24.487,24.525,24.153,24.153,23989,0
2011-06-13,24.225,24.433,23.781,23.872,99785,0
2011-06-14,24.216,24.452,24.216,24.407,229390,0
2011-06-15,24.443,24.443,23.817,23.882,24945,0
2011-06-16,23.754,24.089,23.283,23.555,162309,0
2011-06-17,23.655,23.853,23.283,23.355,48237,0
2011-06-20,23.093,23.31,23.02,23.147,127126,0
2011-06-21,23.473,24.189,23.473,24.172,35046,0
2011-06-22,24.197,24.197,23.781,23.79,10346,0
2011-06-23,23.509,24.008,23.464,24.008,17079,0
2011-06-24,24.343,24.407,24.025,24.053,7781,0
2011-06-27,24.343,24.596,24.343,24.551,24610,0
2011-06-28,24.479,24.932,24.479,24.904,10952,0
2011-06-29,24.968,25.04,24.777,25.013,63231,0
2011-06-30,25.101,25.539,25.092,25.539,62155,0
2011-07-01,25.376,26.064,25.366,26.056,49863,0
2011-07-05,26.219,26.49,26.145,26.435,97557,0
2011-07-06,26.155,26.254,26.073,26.191,59912,0
2011-07-07,26.509,26.544,26.327,26.363,114919,0
2011-07-08,26.037,26.155,25.901,26.136,37645,0
2011-07-11,25.766,25.846,25.276,25.312,42106,0
2011-07-12,25.141,25.366,25.005,25.176,70701,0
2011-07-13,25.384,25.874,25.384,25.719,32015,0
2011-07-14,25.811,25.821,25.33,25.531,9493,0
2011-07-15,25.774,25.92,25.648,25.802,22480,0
2011-07-18,25.738,25.738,25.304,25.63,59802,0
2011-07-19,25.421,25.63,25.421,25.493,17412,0
2011-07-20,25.802,25.964,25.747,25.92,10917,0
2011-07-21,25.83,25.874,25.547,25.639,25702,0
2011-07-22,25.639,26.009,25.639,25.974,16707,0
2011-07-25,25.983,26.009,25.91,25.946,38362,0
2011-07-26,26.282,26.409,26.21,26.273,26179,0
2011-07-27,26.264,26.264,25.729,25.821,15232,0
2011-07-28,26.009,26.009,25.62,25.684,12707,0
2011-07-29,25.34,25.756,25.295,25.611,14248,0
2011-08-01,25.964,25.964,25.241,25.394,15865,0
2011-08-02,25.249,25.384,24.687,24.697,19012,0
2011-08-03,24.796,24.841,23.926,24.642,37814,0
2011-08-04,24.034,24.063,23.302,23.328,38708,0
2011-08-05,23.355,23.446,22.105,22.866,83765,0
2011-08-08,21.906,22.069,21.036,21.154,59078,0
2011-08-09,21.834,22.784,21.607,22.784,34550,0
2011-08-10,21.942,22.458,21.725,21.961,18297,0
2011-08-11,22.133,23.056,22.095,22.876,18380,0
2011-08-12,23.083,23.111,22.812,22.984,10265,0
2011-08-15,23.137,23.365,23.137,23.365,10966,0
2011-08-16,22.921,22.921,22.477,22.685,15101,0
2011-08-17,22.675,22.704,22.15,22.286,97750,0
2011-08-18,21.498,21.498,21.009,21.154,21760,0
2011-08-19,20.837,21.463,20.791,20.791,20289,0
2011-08-22,21.001,21.018,20.574,20.619,9061,0
2011-08-23,20.755,21.525,20.711,21.525,9251,0
2011-08-24,21.516,21.643,21.227,21.552,88680,0
2011-08-25,21.607,21.625,21.217,21.227,6711,0
2011-08-26,21.227,21.805,20.927,21.805,11238,0
2011-08-29,21.987,22.368,21.987,22.368,15792,0
2011-08-30,22.242,22.847,22.242,22.775,45598,0
2011-08-31,23.156,23.306,22.989,23.165,16063,0
2011-09-01,23.147,23.237,22.93,22.93,4790,0
2011-09-02,22.431,22.486,22.366,22.439,8300,0
2011-09-06,21.552,22.124,21.471,22.124,18932,0
2011-09-07,22.332,22.694,22.332,22.694,10310,0
2011-09-08,22.812,22.83,22.423,22.532,37217,0
2011-09-09,22.15,22.259,21.634,21.752,12142,0
2011-09-12,21.571,21.888,21.38,21.779,14247,0
2011-09-13,21.761,22.087,21.761,22.087,12186,0
2011-09-14,22.032,22.196,21.643,22.069,19428,0
2011-09-15,22.204,22.223,21.87,21.996,6273,0
2011-09-16,22.015,22.015,21.942,22.006,854,0
2011-09-19,21.39,21.68,21.39,21.607,11177,0
2011-09-20,21.281,21.363,20.647,20.656,8456,0
2011-09-21,20.647,20.864,20.048,20.139,17639,0
2011-09-22,19.188,19.268,18.364,18.517,93938,0
2011-09-23,18.781,19.062,18.689,18.979,38413,0
2011-09-26,18.336,18.545,17.847,18.545,28695,0
2011-09-27,19.268,19.786,19.268,19.478,16455,0
2011-09-28,19.804,19.804,18.979,18.979,2829,0
2011-09-29,19.478,19.533,18.563,18.618,15806,0
2011-09-30,18.354,18.688,17.945,17.953,18125,0
2011-10-03,17.612,17.675,17.222,17.222,23056,0
2011-10-04,16.705,17.539,16.543,17.539,36246,0
2011-10-05,17.521,18.164,17.304,18.147,19153,0
2011-10-06,18.318,18.708,18.318,18.681,14202,0
2011-10-07,18.988,19.097,18.644,18.781,16722,0
2011-10-10,19.026,19.487,18.997,19.487,25123,0
2011-10-11,19.505,19.949,19.278,19.858,8225,0
2011-10-12,20.266,20.612,20.266,20.338,79350,0
2011-10-13,20.456,20.701,20.23,20.673,20457,0
2011-10-14,20.946,21.036,20.837,21.036,6402,0
2011-10-17,20.818,21.018,20.511,20.511,20608,0
2011-10-18,20.284,20.501,19.741,20.501,11002,0
2011-10-19,20.303,20.647,19.967,19.967,6845,0
2011-10-20,19.65,19.75,19.441,19.713,12254,0
2011-10-21,20.175,20.212,20.076,20.148,9012,0
2011-10-24,20.392,21.426,20.392,21.326,25144,0
2011-10-25,21.298,21.353,20.846,20.846,20659,0
2011-10-26,21.326,21.489,20.818,21.199,62130,0
2011-10-27,22.259,22.74,22.105,22.631,30168,0
2011-10-28,22.213,22.532,22.168,22.385,11280,0
2011-10-31,21.668,21.723,21.342,21.342,6457,0
2011-11-01,20.547,21.236,20.547,21.181,9547,0
2011-11-02,21.734,21.987,21.643,21.977,8731,0
2011-11-03,22.078,22.541,22.078,22.494,12805,0
2011-11-04,22.002,22.049,21.62,21.983,16871,0
2011-11-07,22.069,22.223,22.069,22.178,8168,0
2011-11-08,21.607,22.16,21.607,22.069,2318,0
2011-11-09,21.308,21.39,20.728,20.736,21204,0
2011-11-10,21.073,21.073,20.728,20.81,5435,0
2011-11-11,21.073,21.144,21.073,21.126,1006,0
2011-11-14,21.236,21.236,21.045,21.073,886,0
2011-11-15,21.036,21.291,21.036,21.181,8786,0
2011-11-16,20.892,21.1,20.765,20.765,3170,0
2011-11-17,20.954,20.954,20.274,20.293,5706,0
2011-11-18,20.701,20.701,20.293,20.293,2153,0
2011-11-21,19.976,19.976,19.469,19.668,11012,0
2011-11-22,19.686,19.922,19.587,19.759,2048,0
2011-11-23,19.197,19.234,19.106,19.161,15203,0
2011-11-25,19.116,19.224,19.026,19.097,1302,0
2011-11-28,19.686,19.686,19.315,19.369,7769,0
2011-11-29,19.514,19.595,19.487,19.551,5290,0
2011-11-30,20.411,20.541,20.328,20.531,19253,0
2011-12-01,20.421,20.564,20.421,20.564,3500,0
2011-12-02,20.501,20.528,20.257,20.257,3036,0
2011-12-05,20.511,20.628,20.376,20.411,7473,0
2011-12-06,20.206,20.225,20.123,20.15,3531,0
2011-12-07,19.871,20.225,19.824,20.188,6581,0
2011-12-08,19.806,19.806,19.573,19.592,4414,0
2011-12-09,19.787,20.085,19.778,20.029,8925,0
2011-12-12,19.378,19.496,19.378,19.496,21470,0
2011-12-13,19.677,19.677,19.088,19.106,29538,0
2011-12-14,18.908,18.934,18.79,18.861,1852,0
2011-12-15,19.062,19.17,18.717,18.717,8957,0
2011-12-16,18.848,19.042,18.799,18.996,7105,0
2011-12-19,19.088,19.088,18.563,18.572,14256,0
2011-12-20,18.915,19.387,18.889,19.315,30581,0
2011-12-21,18.915,19.151,18.726,18.915,13650,0
2011-12-22,18.96,19.248,18.894,19.239,8721,0
2011-12-23,19.229,19.415,19.219,19.386,6663,0
2011-12-27,19.071,19.274,19.071,19.192,1290,0
2011-12-28,18.977,18.977,18.799,18.865,4287,0
2011-12-29,18.986,18.986,18.819,18.894,7569,0
2011-12-30,19.033,19.033,18.931,19.015,1148,0
2012-01-03,19.284,19.592,19.284,19.545,12779,0
2012-01-04,19.592,19.592,19.304,19.377,2571,0
2012-01-05,19.192,19.331,19.164,19.331,5652,0
2012-01-06,19.36,19.36,18.986,18.996,1934,0
2012-01-09,19.052,19.127,19.015,19.08,3379,0
2012-01-10,19.666,19.861,19.648,19.824,1719,0
2012-01-11,20.029,20.159,19.973,20.15,11207,0
2012-01-12,20.28,20.438,20.28,20.438,14499,0
2012-01-13,20.364,20.383,20.328,20.328,807,0
2012-01-17,20.709,20.735,20.578,20.633,9964,0
2012-01-18,20.663,20.82,20.633,20.811,8245,0
2012-01-19,21.015,21.109,20.876,21.1,21842,0
2012-01-20,20.932,21.09,20.922,21.063,4722,0
2012-01-23,21.183,21.537,21.183,21.211,9728,0
2012-01-24,21.201,21.201,21.034,21.175,1611,0
2012-01-25,21.175,21.527,21.081,21.499,3439,0
2012-01-26,21.472,21.472,21.127,21.155,6137,0
2012-01-27,21.239,21.825,21.239,21.723,3696,0
2012-01-30,21.36,21.575,21.22,21.407,13171,0
2012-01-31,21.444,21.658,21.444,21.49,835,0
2012-02-01,21.742,21.983,21.742,21.937,6552,0
2012-02-02,21.974,22.142,21.974,22.114,6297,0
2012-02-03,22.337,22.486,22.216,22.271,12037,0
2012-02-06,21.677,21.881,21.677,21.806,6601,0
2012-02-07,21.658,21.779,21.639,21.658,3317,0
2012-02-08,22.271,22.271,22.189,22.245,4386,0
2012-02-09,22.383,22.57,22.271,22.504,7837,0
2012-02-10,22.124,22.216,21.983,22.151,13134,0
2012-02-13,22.206,22.383,22.206,22.383,2041,0
2012-02-14,22.133,22.133,22.086,22.095,3115,0
2012-02-15,22.579,22.579,22.281,22.357,5038,0
2012-02-16,22.337,22.599,22.31,22.599,4795,0
2012-02-17,22.942,22.942,22.56,22.645,36587,0
2012-02-21,22.654,22.803,22.366,22.504,99367,0
2012-02-22,22.942,22.942,22.803,22.803,12607,0
2012-02-23,22.599,22.681,22.542,22.626,4965,0
2012-02-24,22.775,22.803,22.672,22.672,7737,0
2012-02-27,22.663,22.663,22.534,22.57,2300,0
2012-02-28,22.681,23.11,22.681,23.035,28140,0
2012-02-29,22.924,23.137,22.793,22.793,9425,0
2012-03-01,22.868,22.98,22.868,22.934,25947,0
2012-03-02,22.97,23.287,22.97,23.185,19541,0
2012-03-05,23.101,23.101,22.701,22.728,4611,0
2012-03-06,22.542,22.542,22.012,22.059,5434,0
2012-03-07,22.366,22.449,22.281,22.422,4508,0
2012-03-08,22.645,22.756,22.645,22.756,537,0
2012-03-09,23.156,23.222,23.101,23.11,4236,0
2012-03-12,23.137,23.137,22.924,22.924,1124,0
2012-03-13,23.11,23.315,22.989,23.315,6882,0
2012-03-14,22.878,22.878,22.607,22.738,5682,0
2012-03-15,22.71,22.98,22.701,22.878,36830,0
2012-03-16,22.766,22.951,22.71,22.896,3342,0
2012-03-19,22.719,22.896,22.719,22.812,5908,0
2012-03-20,22.514,22.599,22.357,22.542,7392,0
2012-03-21,22.393,22.626,22.393,22.55,5337,0
2012-03-22,22.514,22.803,22.373,22.55,6021,0
2012-03-23,22.607,22.701,22.439,22.607,7574,0
2012-03-26,22.848,22.878,22.766,22.848,5864,0
2012-03-27,22.841,22.98,22.841,22.951,4780,0
2012-03-28,22.746,22.848,22.402,22.672,6024,0
2012-03-29,22.189,22.524,22.059,22.412,5860,0
2012-03-30,22.589,22.589,22.439,22.468,3083,0
2012-04-02,22.756,22.766,22.599,22.626,2052,0
2012-04-03,22.783,22.803,22.599,22.681,5112,0
2012-04-04,22.607,22.607,22.206,22.373,5695,0
2012-04-05,22.793,22.831,22.783,22.831,6085,0
2012-04-09,22.206,22.654,22.206,22.542,9008,0
2012-04-10,22.366,22.626,22.059,22.161,13617,0
2012-04-11,22.57,22.589,22.439,22.542,4619,0
2012-04-12,22.579,23.213,22.579,23.203,8775,0
2012-04-13,22.822,22.989,22.803,22.878,22074,0
2012-04-16,22.71,22.738,22.579,22.579,4451,0
2012-04-17,22.951,22.951,22.841,22.841,321,0
2012-04-18,22.831,22.896,22.831,22.858,1237,0
2012-04-19,22.756,22.756,22.504,22.616,6436,0
2012-04-20,22.599,22.905,22.599,22.701,3941,0
2012-04-23,22.169,22.393,22.169,22.373,2256,0
2012-04-24,22.169,22.412,22.169,22.271,9886,0
2012-04-25,22.255,22.301,21.965,22.291,4834,0
2012-04-26,22.291,22.291,22.151,22.206,19858,0
2012-04-27,22.235,22.235,21.937,22.142,35829,0
2012-04-30,22.068,22.068,21.835,21.909,10546,0
2012-05-01,22.151,22.271,22.039,22.049,5732,0
2012-05-02,22.039,22.206,22.039,22.189,1154,0
2012-05-03,22.449,22.449,21.947,22.002,4448,0
2012-05-04,21.872,21.872,21.677,21.788,4082,0
2012-05-07,21.565,21.686,21.397,21.49,8501,0
2012-05-08,21.23,21.342,20.857,21.137,45969,0
2012-05-09,20.745,20.896,20.607,20.839,3720,0
2012-05-10,20.896,20.912,20.774,20.774,5527,0
2012-05-11,20.643,20.857,20.633,20.765,1396,0
2012-05-14,20.476,20.476,20.374,20.401,7086,0
2012-05-15,20.447,20.476,20.319,20.335,2739,0
2012-05-16,20.011,20.411,20.011,20.159,22361,0
2012-05-17,20.103,20.29,19.936,19.964,9605,0
2012-05-18,19.918,19.918,19.675,19.694,2632,0
2012-05-21,19.601,20.085,19.573,20.021,18730,0
2012-05-22,20.029,20.056,19.834,19.964,21031,0
2012-05-23,19.573,19.851,19.573,19.851,989,0
2012-05-24,19.851,19.851,19.648,19.722,1504,0
2012-05-25,19.545,19.573,19.545,19.573,859,0
2012-05-29,19.973,20.141,19.973,20.113,8854,0
2012-05-30,19.871,19.945,19.787,19.945,8622,0
2012-05-31,19.918,19.927,19.787,19.88,3115,0
2012-06-01,19.406,19.406,19.406,19.406,537,0
2012-06-04,19.08,19.229,19.052,19.229,17450,0
2012-06-05,19.172,19.312,19.145,19.312,8572,0
2012-06-06,19.656,19.816,19.629,19.796,3098,0
2012-06-07,20.392,20.615,20.029,20.132,15500,0
2012-06-08,19.824,19.844,19.732,19.834,3275,0
2012-06-11,19.909,19.909,19.806,19.806,1515,0
2012-06-12,19.824,19.983,19.824,19.954,2464,0
2012-06-13,20.076,20.076,19.918,19.936,1182,0
2012-06-14,19.918,20.029,19.732,20.011,6372,0
2012-06-15,20.021,20.261,20.021,20.261,3544,0
2012-06-18,20.094,20.401,20.066,20.374,8930,0
2012-06-19,20.513,20.755,20.513,20.709,7413,0
2012-06-20,20.745,20.745,20.598,20.615,8654,0
2012-06-21,20.374,20.374,19.592,19.694,9670,0
2012-06-22,20.029,20.029,19.722,19.796,2993,0
2012-06-25,19.396,19.396,19.304,19.35,1731,0
2012-06-26,19.209,19.499,19.209,19.386,8058,0
2012-06-27,19.341,19.563,19.341,19.536,4457,0
2012-06-28,19.127,19.266,19.127,19.266,2794,0
2012-06-29,19.806,19.861,19.675,19.851,7156,0
2012-07-02,19.684,19.889,19.619,19.694,10271,0
2012-07-03,19.778,19.88,19.778,19.88,859,0
2012-07-05,19.732,19.973,19.648,19.973,5189,0
2012-07-06,19.656,19.694,19.656,19.675,1440,0
2012-07-09,19.461,19.461,19.257,19.36,5309,0
2012-07-10,19.284,19.443,18.848,18.986,7434,0
2012-07-11,19.137,19.137,18.848,18.912,2465,0
2012-07-12,18.754,18.96,18.754,18.94,1719,0
2012-07-13,18.799,19.033,18.799,19.033,1605,0
2012-07-16,18.624,18.661,18.55,18.615,4082,0
2012-07-17,18.307,18.326,18.15,18.27,1767,0
2012-07-18,17.953,18.252,17.693,18.223,4013,0
2012-07-19,18.232,18.317,18.14,18.317,2197,0
2012-07-20,18.177,18.223,18.103,18.14,7279,0
2012-07-23,17.805,17.945,17.805,17.945,6149,0
2012-07-24,17.925,18.093,17.842,17.973,2794,0
2012-07-25,17.758,17.814,17.758,17.814,1006,0
2012-07-26,18.056,18.065,18.001,18.001,5752,0
2012-07-27,18.01,18.485,17.915,18.391,7294,0
2012-07-30,18.065,18.288,18.056,18.168,4127,0
2012-07-31,18.13,18.13,17.935,17.945,5426,0
2012-08-01,18.15,18.15,18.037,18.037,2632,0
2012-08-02,17.786,17.973,17.571,17.722,91377,0
2012-08-03,18.037,18.075,17.991,17.991,10007,0
2012-08-06,18.075,18.632,18.028,18.521,9824,0
2012-08-07,18.754,19.08,18.754,18.921,7838,0
2012-08-08,18.744,18.894,18.744,18.838,5914,0
2012-08-09,18.977,19.127,18.977,19.042,3976,0
2012-08-10,18.856,18.977,18.856,18.977,1690,0
2012-08-13,18.717,18.763,18.707,18.763,337,0
2012-08-14,18.697,18.763,18.697,18.697,1362,0
2012-08-15,18.783,18.875,18.783,18.792,3564,0
2012-08-16,19.033,19.266,19.033,19.127,8539,0
2012-08-17,19.172,19.201,19.145,19.192,45706,0
2012-08-20,19.042,19.201,18.996,19.201,6275,0
2012-08-21,19.209,19.209,18.969,19.025,6171,0
2012-08-22,18.744,19.025,18.744,18.996,5077,0
2012-08-23,18.95,18.95,18.848,18.848,2018,0
2012-08-24,18.865,19.025,18.865,18.969,3706,0
2012-08-27,18.921,18.996,18.921,18.977,602,0
2012-08-28,18.838,18.986,18.838,18.96,4432,0
2012-08-29,18.931,19.005,18.865,18.903,2592,0
2012-08-30,18.744,18.763,18.595,18.642,7316,0
2012-08-31,18.624,18.68,18.54,18.577,37109,0
2012-09-04,18.615,18.736,18.595,18.736,6265,0
2012-09-05,18.502,18.502,18.317,18.4,6315,0
2012-09-06,18.68,18.792,18.661,18.792,3584,0
2012-09-07,18.986,19.08,18.95,18.95,2622,0
2012-09-10,18.884,18.969,18.884,18.931,2985,0
2012-09-11,18.848,19.015,18.848,19.015,859,0
2012-09-12,19.033,19.127,19.033,19.127,2182,0
2012-09-13,19.071,19.648,19.071,19.592,12969,0
2012-09-14,20.085,20.141,19.889,19.927,9721,0
2012-09-17,19.796,19.816,19.656,19.741,13323,0
2012-09-18,19.611,19.666,19.563,19.619,2684,0
2012-09-19,19.927,19.927,19.927,19.927,108,0
2012-09-20,19.666,19.704,19.666,19.675,1504,0
2012-09-21,19.88,19.88,19.629,19.629,1914,0
2012-09-24,19.834,19.834,19.834,19.834,321,0
2012-09-25,19.909,20.123,19.704,19.704,859,0
2012-09-26,19.592,19.611,19.563,19.611,8121,0
2012-09-27,19.954,20.113,19.861,19.964,10724,0
2012-09-28,20.168,20.168,20.039,20.132,1393,0
2012-10-01,20.141,20.197,20.094,20.094,1724,0
2012-10-03,20.253,20.253,19.927,20.029,1878,0
2012-10-04,20.085,20.243,20.085,20.233,4464,0
2012-10-05,20.541,20.541,20.299,20.345,3704,0
2012-10-08,20.225,20.261,20.141,20.261,1569,0
2012-10-09,19.964,19.964,19.778,19.806,4840,0
2012-10-10,19.851,19.871,19.851,19.861,973,0
2012-10-11,20.103,20.103,19.945,19.945,3223,0
2012-10-12,19.759,19.945,19.759,19.945,2030,0
2012-10-15,19.675,19.824,19.666,19.824,1526,0
2012-10-16,20.039,20.039,19.88,19.927,4408,0
2012-10-17,20.271,20.345,20.225,20.225,4491,0
2012-10-18,20.178,20.328,20.178,20.206,19339,0
2012-10-19,20.056,20.056,19.964,19.991,18515,0
2012-10-22,20.076,20.328,20.076,20.243,4683,0
2012-10-23,20.021,20.094,19.973,20.094,4809,0
2012-10-24,20.345,20.486,20.328,20.328,24215,0
2012-10-25,20.421,20.421,20.271,20.271,4626,0
2012-10-26,20.206,20.206,20.056,20.085,6231,0
2012-10-31,20.029,20.029,19.806,19.871,1290,0
2012-11-01,20.29,20.438,20.271,20.364,12015,0
2012-11-02,20.328,20.328,20.123,20.15,7551,0
2012-11-05,20.374,20.643,20.374,20.513,5344,0
2012-11-06,20.765,20.941,20.765,20.905,17795,0
2012-11-07,20.615,20.765,20.615,20.765,2320,0
2012-11-08,20.735,20.735,20.447,20.495,3476,0
2012-11-09,20.438,20.727,20.438,20.588,3105,0
2012-11-12,20.735,20.735,20.735,20.735,257,0
2012-11-13,20.457,20.457,20.335,20.335,4268,0
2012-11-14,20.374,20.374,19.899,19.954,19768,0
2012-11-15,19.861,19.918,19.861,19.918,3544,0
2012-11-16,19.424,19.563,19.424,19.545,7737,0
2012-11-19,19.899,20.076,19.834,20.076,10590,0
2012-11-20,19.787,19.816,19.778,19.796,3439,0
2012-11-21,19.778,19.806,19.741,19.778,8681,0
2012-11-26,19.871,19.88,19.871,19.88,216,0
2012-11-27,19.796,19.824,19.796,19.806,1564,0
2012-11-28,19.787,19.861,19.722,19.816,4098,0
2012-11-29,19.871,20.039,19.871,19.964,2974,0
2012-11-30,20.056,20.123,19.889,19.936,1439,0
2012-12-03,19.871,19.909,19.851,19.851,9069,0
2012-12-04,19.582,19.656,19.555,19.582,1853,0
2012-12-05,19.787,19.945,19.694,19.694,1029,0
2012-12-06,19.816,19.816,19.816,19.816,321,0
2012-12-07,19.844,19.936,19.844,19.851,886,0
2012-12-10,20.001,20.001,19.954,19.954,1434,0
2012-12-11,19.713,20.056,19.713,19.927,15381,0
2012-12-12,20.299,20.392,20.206,20.206,4697,0
2012-12-13,19.936,19.991,19.936,19.936,2008,0
2012-12-14,19.899,20.216,19.899,20.123,5905,0
2012-12-17,20.011,20.206,20.001,20.159,6585,0
2012-12-18,20.011,20.335,20.011,20.328,15827,0
2012-12-19,20.68,20.792,20.447,20.653,9729,0
2012-12-20,20.615,20.755,20.615,20.735,12807,0
2012-12-21,20.335,20.486,20.328,20.421,9165,0
2012-12-24,20.607,20.607,20.245,20.397,13694,0
2012-12-26,20.255,20.882,20.255,20.672,14674,0
2012-12-27,20.644,20.805,20.444,20.682,12398,0
2012-12-28,20.493,20.824,20.493,20.711,12755,0
2012-12-31,20.814,21.185,20.814,21.185,3357,0
2013-01-02,21.555,21.736,21.555,21.736,16048,0
2013-01-03,21.555,21.868,21.498,21.679,8456,0
2013-01-04,21.955,22.095,21.877,22.068,4215,0
2013-01-07,22.115,22.201,22.115,22.144,13619,0
2013-01-08,22.095,22.095,21.906,21.916,2137,0
2013-01-09,22.144,22.39,22.144,22.296,6617,0
2013-01-10,22.551,22.959,22.551,22.959,17373,0
2013-01-11,22.875,22.979,22.827,22.894,60295,0
2013-01-14,23.083,23.093,22.894,22.969,2793,0
2013-01-15,22.818,22.998,22.818,22.969,5403,0
2013-01-16,23.017,23.197,23.017,23.054,6849,0
2013-01-17,23.008,23.14,23.008,23.112,1264,0
2013-01-18,23.254,23.254,23.027,23.054,3098,0
2013-01-22,23.501,23.51,23.282,23.396,26859,0
2013-01-23,23.416,23.483,23.406,23.425,10279,0
2013-01-24,23.824,23.9,23.606,23.606,5489,0
2013-01-25,23.254,23.406,23.103,23.217,12660,0
2013-01-28,23.245,23.245,23.178,23.217,2949,0
2013-01-29,23.416,23.416,23.235,23.378,3748,0
2013-01-30,23.434,23.501,23.378,23.378,6796,0
2013-01-31,23.197,23.235,23.188,23.207,1738,0
2013-02-01,23.282,23.349,23.122,23.349,11828,0
2013-02-04,22.894,23.168,22.618,22.648,14720,0
2013-02-05,22.429,22.494,22.39,22.494,3475,0
2013-02-06,22.219,22.648,22.219,22.648,1649,0
2013-02-07,22.78,22.78,22.628,22.656,16096,0
2013-02-08,22.638,22.855,22.638,22.855,1264,0
2013-02-11,22.684,22.837,22.684,22.837,1020,0
2013-02-12,22.818,22.818,22.78,22.78,527,0
2013-02-13,22.884,22.894,22.808,22.884,1791,0
2013-02-14,22.884,23.054,22.884,23.045,955,0
2013-02-15,23.178,23.254,23.093,23.112,6896,0
2013-02-19,22.913,22.922,22.855,22.875,6470,0
2013-02-20,23.054,23.054,22.704,22.704,4424,0
2013-02-21,22.59,22.59,22.296,22.372,6342,0
2013-02-22,22.39,22.39,22.258,22.314,5245,0
2013-02-25,22.333,22.494,22.011,22.011,6329,0
2013-02-26,22.001,22.001,21.841,21.925,1611,0
2013-02-27,22.087,22.266,22.068,22.258,4832,0
2013-02-28,22.514,22.59,22.504,22.504,6280,0
2013-03-01,22.333,22.438,22.333,22.438,537,0
2013-03-04,22.41,22.41,22.219,22.4,4813,0
2013-03-05,22.524,22.865,22.524,22.837,2147,0
2013-03-06,22.751,22.751,22.665,22.675,3292,0
2013-03-07,22.524,22.694,22.524,22.638,3672,0
2013-03-08,22.713,22.798,22.713,22.798,1816,0
2013-03-11,22.608,22.608,22.485,22.524,2701,0
2013-03-12,22.314,22.324,21.916,22.011,5857,0
2013-03-13,21.669,21.736,21.66,21.707,2424,0
2013-03-14,21.991,22.163,21.991,22.144,16378,0
2013-03-15,21.85,21.85,21.679,21.774,7492,0
2013-03-18,21.422,21.498,21.385,21.393,26260,0
2013-03-19,21.393,21.422,21.393,21.393,557,0
2013-03-20,21.774,22.059,21.774,22.02,8892,0
2013-03-21,21.991,21.991,21.821,21.868,3598,0
2013-03-22,21.935,22.105,21.935,22.059,13895,0
2013-03-25,21.877,21.877,21.669,21.707,1804,0
2013-03-26,21.841,21.877,21.841,21.877,1475,0
2013-03-27,21.802,21.964,21.802,21.964,31537,0
2013-03-28,21.764,21.887,21.764,21.887,2106,0
2013-04-01,21.754,21.754,21.575,21.631,1865,0
2013-04-02,21.727,21.727,21.64,21.64,1786,0
2013-04-03,21.783,21.783,21.489,21.489,3456,0
2013-04-04,21.412,21.432,21.412,21.432,1215,0
2013-04-05,20.966,21.261,20.938,21.242,8561,0
2013-04-08,21.156,21.223,21.138,21.223,3667,0
2013-04-09,21.489,21.727,21.461,21.717,18359,0
2013-04-10,21.964,22.182,21.955,22.059,2093,0
2013-04-11,21.697,21.821,21.697,21.821,7403,0
2013-04-12,21.366,21.631,21.337,21.536,69824,0
2013-04-15,21.327,21.327,21.147,21.176,2917,0
2013-04-16,21.412,21.64,21.327,21.461,4136,0
2013-04-17,21.223,21.308,21.119,21.185,6208,0
2013-04-18,21.033,21.081,21.006,21.081,2266,0
2013-04-19,21.356,21.441,21.347,21.393,5337,0
2013-04-22,21.622,21.65,21.546,21.64,20650,0
2013-04-23,21.631,21.85,21.631,21.85,6637,0
2013-04-24,21.935,22.135,21.935,22.125,1159,0
2013-04-25,22.314,22.494,22.314,22.353,2550,0
2013-04-26,22.163,22.163,22.105,22.153,1950,0
2013-04-29,22.57,22.732,22.57,22.665,6981,0
2013-04-30,22.827,22.922,22.713,22.913,1635,0
2013-05-01,23.017,23.027,22.713,22.723,2093,0
2013-05-02,23.064,23.217,23.054,23.188,11551,0
2013-05-03,23.396,23.396,23.282,23.302,5884,0
2013-05-06,23.321,23.483,23.321,23.416,15214,0
2013-05-07,23.606,23.662,23.577,23.577,3171,0
2013-05-08,23.463,23.814,23.463,23.786,8224,0
2013-05-09,23.824,23.966,23.824,23.843,1221,0
2013-05-10,23.985,24.062,23.985,24.042,4113,0
2013-05-13,24.317,24.317,24.176,24.176,9001,0
2013-05-14,24.176,24.346,24.176,24.346,6098,0
2013-05-15,24.583,24.82,24.583,24.621,8162,0
2013-05-16,24.81,24.83,24.754,24.754,5871,0
2013-05-17,24.924,25.067,24.839,24.839,4141,0
2013-05-20,25.152,25.637,25.152,25.56,12771,0
2013-05-21,25.542,25.617,25.371,25.58,24579,0
2013-05-22,25.371,25.599,24.782,24.905,35665,0
2013-05-23,24.27,24.782,24.212,24.782,34916,0
2013-05-24,24.82,25.152,24.82,25.152,21113,0
2013-05-28,25.76,25.892,25.722,25.731,17319,0
2013-05-29,25.694,25.714,25.542,25.58,3068,0
2013-05-30,25.74,25.75,25.722,25.722,948,0
2013-05-31,25.808,25.932,25.533,25.533,8501,0
2013-06-03,25.304,25.523,25.257,25.523,9702,0
2013-06-04,25.722,25.722,25.56,25.617,2033,0
2013-06-05,25.513,25.513,25.265,25.275,2581,0
2013-06-06,25.219,25.476,25.219,25.476,6800,0
2013-06-07,25.333,25.674,25.333,25.58,15220,0
2013-06-10,25.864,25.912,25.808,25.874,5000,0
2013-06-11,25.646,25.646,25.295,25.456,14479,0
2013-06-12,25.493,25.493,25.076,25.152,15460,0
2013-06-13,24.963,25.304,24.801,25.304,13545,0
2013-06-14,25.134,25.134,24.725,24.868,18463,0
2013-06-17,25.2,25.371,25.095,25.219,2343,0
2013-06-18,25.105,25.209,25.105,25.181,6411,0
2013-06-19,25.001,25.058,24.621,24.631,6147,0
2013-06-20,24.422,24.422,23.737,24.004,33158,0
2013-06-21,24.014,24.014,23.51,23.757,3055,0
2013-06-24,22.41,23.045,21.461,22.684,49697,0
2013-06-25,23.311,23.321,23.064,23.264,8083,0
2013-06-26,23.587,23.881,23.587,23.824,20305,0
2013-06-27,24.062,24.098,24.022,24.062,4584,0
2013-06-28,24.004,24.089,23.995,24.089,5163,0
2013-07-01,24.156,24.299,24.004,24.032,5020,0
2013-07-02,24.156,24.393,24.156,24.176,5528,0
2013-07-03,23.577,24.042,23.577,23.928,6560,0
2013-07-05,23.681,23.824,23.473,23.681,6651,0
2013-07-08,24.242,24.242,24.032,24.042,10620,0
2013-07-09,23.995,24.08,23.957,24.004,10101,0
2013-07-10,23.843,23.871,23.805,23.834,9662,0
2013-07-11,24.299,24.601,24.299,24.601,13533,0
2013-07-12,24.44,24.497,24.365,24.413,3676,0
2013-07-15,24.972,25.219,24.773,25.2,15628,0
2013-07-16,25.447,25.456,25.295,25.314,6624,0
2013-07-17,25.304,25.419,25.304,25.399,5221,0
2013-07-18,25.379,25.58,25.379,25.523,5473,0
2013-07-19,25.513,25.513,25.265,25.485,2395,0
2013-07-22,25.485,25.503,25.343,25.428,2528,0
2013-07-23,25.57,25.828,25.57,25.694,3035,0
2013-07-24,25.978,25.978,25.55,25.722,26505,0
2013-07-25,26.112,26.424,26.112,26.397,9114,0
2013-07-26,26.187,26.614,26.187,26.614,27960,0
2013-07-29,26.511,26.511,26.348,26.348,7948,0
2013-07-30,26.633,26.633,26.311,26.415,6902,0
2013-07-31,26.073,26.453,26.073,26.329,2192,0
2013-08-01,27.004,27.326,26.994,27.298,12394,0
2013-08-02,27.45,27.61,27.279,27.6,7237,0
2013-08-05,27.838,27.838,27.506,27.6,6390,0
2013-08-06,27.82,27.858,27.677,27.848,3805,0
2013-08-07,27.364,27.63,27.222,27.249,22567,0
2013-08-08,27.486,27.763,27.392,27.744,13971,0
2013-08-09,27.971,28.019,27.885,27.895,8006,0
2013-08-12,27.934,28.161,27.934,28.161,26804,0
2013-08-13,28.418,28.455,28.095,28.38,10799,0
2013-08-14,28.445,28.465,28.209,28.209,23977,0
2013-08-15,27.829,28.019,27.771,27.876,12877,0
2013-08-16,28.161,28.161,27.961,28,22465,0
2013-08-19,28.247,28.389,28.171,28.171,3890,0
2013-08-20,27.876,28.039,27.82,28.039,12422,0
2013-08-21,27.771,28.057,27.771,28.029,12297,0
2013-08-22,28.445,29.613,28.445,28.683,23779,0
2013-08-23,28.949,28.949,28.513,28.617,20971,0
2013-08-26,28.55,28.55,28.247,28.304,35086,0
2013-08-27,28.057,28.143,27.811,27.811,22705,0
2013-08-28,27.848,28.123,27.734,27.953,21336,0
2013-08-29,28.494,28.55,28.351,28.351,24542,0
2013-08-30,28.598,28.598,28.066,28.085,17394,0
2013-09-03,28.664,28.901,28.617,28.655,28914,0
2013-09-04,28.998,28.998,28.722,28.817,27537,0
2013-09-05,29.128,29.262,29.034,29.176,38321,0
2013-09-06,28.968,29.396,28.968,29.262,18573,0
2013-09-09,29.651,29.651,29.119,29.527,16744,0
2013-09-10,29.822,29.984,29.708,29.984,33166,0
2013-09-11,29.917,30.087,29.594,30.022,17758,0
2013-09-12,30.126,30.174,29.717,30.022,46892,0
2013-09-13,29.889,29.889,29.661,29.879,10138,0
2013-09-16,30.315,30.382,30.002,30.069,24503,0
2013-09-17,29.993,30.022,29.917,30.022,8642,0
2013-09-18,29.965,30.696,29.795,30.676,15615,0
2013-09-19,30.686,30.838,30.543,30.838,20304,0
2013-09-20,30.78,30.78,30.126,30.126,23717,0
2013-09-23,30.411,30.553,30.174,30.468,6687,0
2013-09-24,30.459,30.657,30.325,30.392,42689,0
2013-09-25,30.734,30.838,30.516,30.62,26374,0
2013-09-26,31.095,31.199,30.961,31.199,98732,0
2013-09-27,31.008,31.055,30.838,30.904,23390,0
2013-09-30,30.486,31.095,30.411,30.961,35357,0
2013-10-01,31.227,31.54,31.038,31.531,91286,0
2013-10-02,31.702,31.938,31.569,31.938,33148,0
2013-10-03,31.967,31.967,31.179,31.473,32478,0
2013-10-04,32.071,32.461,31.863,32.366,76171,0
2013-10-07,32.442,32.566,32.272,32.29,65002,0
2013-10-08,32.69,32.69,31.245,31.379,71520,0
2013-10-09,31.236,31.483,30.78,31.388,18242,0
2013-10-10,31.911,32.091,31.807,31.967,94656,0
2013-10-11,32.11,32.366,31.987,32.366,23487,0
2013-10-14,32.262,32.49,31.911,32.356,32301,0
2013-10-15,32.518,32.518,31.948,32.11,28483,0
2013-10-16,32.404,32.404,32.176,32.176,33262,0
2013-10-17,32.299,32.499,32.214,32.48,45102,0
2013-10-18,33.078,33.173,32.755,33.097,116998,0
2013-10-21,34.028,34.028,33.372,33.439,74070,0
2013-10-22,33.856,33.856,33.115,33.372,61783,0
2013-10-23,32.878,32.878,32.224,32.308,71757,0
2013-10-24,32.499,32.556,32.366,32.452,33943,0
2013-10-25,32.49,32.747,32.366,32.432,17534,0
2013-10-28,32.318,32.318,31.521,31.54,82585,0
2013-10-29,31.427,31.427,30.942,31.227,113230,0
2013-10-30,31.664,31.977,31.255,31.445,38753,0
2013-10-31,31.569,31.797,31.407,31.531,19280,0
2013-11-01,31.911,31.911,31.427,31.597,17467,0
2013-11-04,31.843,31.843,31.521,31.607,33427,0
2013-11-05,31.569,31.569,31.132,31.341,41173,0
2013-11-06,31.245,31.398,31.048,31.075,16613,0
2013-11-07,30.942,31.038,30.373,30.449,40861,0
2013-11-08,30.468,30.591,30.211,30.468,40167,0
2013-11-11,30.828,30.981,30.754,30.848,64963,0
2013-11-12,30.867,30.914,30.468,30.591,44113,0
2013-11-13,30.382,30.991,30.382,30.981,39198,0
2013-11-14,31.179,31.473,31.038,31.455,15732,0
2013-11-15,32.081,32.49,31.892,32.366,136705,0
2013-11-18,32.68,33.011,32.546,32.556,119606,0
2013-11-19,32.49,32.49,31.996,31.996,36930,0
2013-11-20,31.92,31.957,31.417,31.417,38056,0
2013-11-21,31.323,31.787,31.323,31.787,34956,0
2013-11-22,31.807,31.901,31.693,31.892,41193,0
2013-11-25,32.081,32.091,31.664,31.673,29838,0
2013-11-26,31.824,32.071,31.512,32.034,71894,0
2013-11-27,32.262,32.48,32.195,32.47,76427,0
2013-11-29,32.526,32.64,32.376,32.576,33770,0
2013-12-02,32.67,32.67,32.272,32.338,51065,0
2013-12-03,32.526,32.526,32.062,32.214,20859,0
2013-12-04,32.272,32.793,32.272,32.727,26426,0
2013-12-05,32.945,32.945,32.747,32.803,26042,0
2013-12-06,33.115,33.296,32.945,33.125,44987,0
2013-12-09,33.211,33.211,32.887,33.001,31171,0
2013-12-10,32.935,33.41,32.764,33.335,41830,0
2013-12-11,33.221,33.221,32.49,32.594,30196,0
2013-12-12,32.396,32.47,32.128,32.308,45999,0
2013-12-13,32.432,32.633,32.432,32.603,14222,0
2013-12-16,32.747,32.869,32.49,32.49,25604,0
2013-12-17,32.461,32.461,32.252,32.252,12896,0
2013-12-18,32.224,32.64,31.987,32.566,23206,0
2013-12-19,32.167,32.356,32.081,32.282,18571,0
2013-12-20,32.252,32.272,32.044,32.148,22099,0
2013-12-23,32.536,32.536,32.176,32.347,25784,0
2013-12-24,32.534,32.601,32.343,32.372,12228,0
2013-12-26,32.516,32.516,32.228,32.267,28887,0
2013-12-27,32.458,33.051,32.458,33.033,13871,0
2013-12-30,33.253,33.329,33.023,33.233,20903,0
2013-12-31,33.54,33.587,33.319,33.559,23434,0
2014-01-02,33.587,33.97,33.587,33.855,26439,0
2014-01-03,33.97,34.028,33.425,33.683,20314,0
2014-01-06,33.683,34.075,33.655,33.923,25811,0
2014-01-07,34.028,34.276,33.893,34.237,25349,0
2014-01-08,34.717,34.956,34.659,34.908,86226,0
2014-01-09,35.195,35.195,34.133,34.228,44848,0
2014-01-10,34.382,34.908,34.382,34.86,61847,0
2014-01-13,35.08,35.377,34.457,34.515,51166,0
2014-01-14,34.917,35.099,34.554,35.051,26875,0
2014-01-15,35.291,35.644,35.291,35.482,51404,0
2014-01-16,35.568,35.807,35.387,35.701,62667,0
2014-01-17,35.922,35.922,35.309,35.377,31592,0
2014-01-21,35.883,35.883,35.223,35.559,38570,0
2014-01-22,35.951,36.008,35.596,35.941,198420,0
2014-01-23,35.367,35.367,34.305,34.507,102981,0
2014-01-24,34.075,34.075,33.051,33.157,152917,0
2014-01-27,32.879,33.3,32.352,32.956,99527,0
2014-01-28,33.434,34.257,33.434,34.113,42518,0
2014-01-29,34.095,34.276,33.635,33.759,34075,0
2014-01-30,34.372,34.42,33.893,34.065,25673,0
2014-01-31,34.018,34.046,33.501,33.846,49516,0
2014-02-03,33.932,33.932,32.696,32.793,105068,0
2014-02-04,32.487,32.956,32.477,32.851,72676,0
2014-02-05,32.649,32.811,31.874,32.314,47001,0
2014-02-06,32.267,32.936,32.267,32.716,61986,0
2014-02-07,33.061,33.616,33.061,33.501,20543,0
2014-02-10,34.008,34.008,33.759,33.932,30422,0
2014-02-11,34.152,34.152,33.712,33.883,60985,0
2014-02-12,34.123,34.17,33.807,33.883,30033,0
2014-02-13,33.759,34.564,33.759,34.564,51821,0
2014-02-14,34.726,34.869,34.449,34.602,84848,0
2014-02-18,35.137,35.414,34.841,35.329,81312,0
2014-02-19,35.463,35.568,35.118,35.176,38743,0
2014-02-20,34.994,35.186,34.639,35.186,24075,0
2014-02-21,35.223,35.223,34.831,35.041,18930,0
2014-02-24,35.128,35.176,34.86,34.975,46593,0
2014-02-25,34.449,34.449,34.018,34.095,31209,0
2014-02-26,34.276,34.946,34.276,34.774,30972,0
2014-02-27,35.128,35.664,35.118,35.635,38677,0
2014-02-28,35.922,36.305,35.405,35.684,48486,0
2014-03-03,35.606,35.644,35.041,35.482,186489,0
2014-03-04,36.372,36.477,36.248,36.477,48847,0
2014-03-05,36.42,37.023,36.372,37.023,63266,0
2014-03-06,37.539,38.181,37.453,37.961,51952,0
2014-03-07,38.113,38.113,36.974,37.367,58290,0
2014-03-10,37.434,37.434,36.477,36.841,31393,0
2014-03-11,37.262,37.386,36.18,36.19,12702,0
2014-03-12,36.123,36.315,35.482,36.315,46417,0
2014-03-13,36.343,36.343,34.926,35.051,34920,0
2014-03-14,34.687,34.926,34.477,34.477,57561,0
2014-03-17,35.156,35.568,34.784,34.956,49369,0
2014-03-18,35.606,35.922,35.453,35.893,79168,0
2014-03-19,36.075,36.075,35.262,35.549,35677,0
2014-03-20,35.223,35.492,34.956,34.994,13989,0
2014-03-21,35.291,35.539,35.041,35.071,32858,0
2014-03-24,35.071,35.071,34.113,34.305,35793,0
2014-03-25,34.305,34.392,33.903,33.989,21929,0
2014-03-26,34.649,34.659,33.271,33.271,53924,0
2014-03-27,33.08,33.09,32.267,32.564,149548,0
2014-03-28,33.463,33.635,32.764,33.138,40798,0
2014-03-31,33.923,34.095,33.463,33.491,56105,0
2014-04-01,34.544,34.926,34.497,34.831,61906,0
2014-04-02,34.975,34.975,34.515,34.639,22411,0
2014-04-03,34.467,34.467,33.606,33.893,96479,0
2014-04-04,33.817,34.055,32.784,32.803,80756,0
2014-04-07,32.534,32.544,31.482,31.836,131224,0
2014-04-08,32.123,32.746,32.095,32.554,46799,0
2014-04-09,32.861,33.463,32.764,33.454,21834,0
2014-04-10,34.085,34.41,32.841,33.042,25147,0
2014-04-11,32.123,32.726,31.951,32.382,153596,0
2014-04-14,32.382,32.564,31.903,32.162,34620,0
2014-04-15,31.989,32.056,31.06,31.941,43448,0
2014-04-16,32.429,32.574,32.105,32.497,33841,0
2014-04-17,32.746,33.033,32.458,32.927,26306,0
2014-04-21,33.003,33.003,32.544,32.861,8601,0
2014-04-22,33.013,33.549,33.013,33.368,31308,0
2014-04-23,33.454,33.454,33.033,33.061,14500,0
2014-04-24,33.3,33.3,32.544,32.966,11003,0
2014-04-25,32.831,32.831,32.392,32.601,24075,0
2014-04-28,32.056,32.056,31.003,31.339,41856,0
2014-04-29,31.33,31.664,31.243,31.558,46201,0
2014-04-30,31.003,31.09,30.698,30.841,35059,0
2014-05-01,30.841,31.597,30.621,31.32,48038,0
2014-05-02,31.444,31.644,31.339,31.558,30842,0
2014-05-05,31.549,31.578,31.215,31.462,17191,0
2014-05-06,31.568,31.683,31.175,31.175,14572,0
2014-05-07,30.965,30.965,29.922,30.19,64764,0
2014-05-08,29.721,30.084,29.626,29.635,41712,0
2014-05-09,29.539,29.989,29.539,29.798,31884,0
2014-05-12,30.41,31.205,30.41,31.166,22359,0
2014-05-13,31.08,31.166,30.878,30.936,18848,0
2014-05-14,30.985,31.405,30.985,31.166,55152,0
2014-05-15,31.578,31.578,30.716,31.051,20771,0
2014-05-16,30.813,31.252,30.736,31.033,6000,0
2014-05-19,31.033,31.281,30.993,31.281,18384,0
2014-05-20,31.347,31.644,31.157,31.243,9209,0
2014-05-21,31.607,32.017,31.607,32.017,11124,0
2014-05-22,32.113,32.392,32.113,32.277,21937,0
2014-05-23,32.209,32.524,32.19,32.506,5633,0
2014-05-27,32.898,32.898,32.497,32.631,19225,0
2014-05-28,32.927,33.061,32.784,32.966,27427,0
2014-05-29,32.497,32.793,32.497,32.774,25271,0
2014-05-30,33.023,33.023,32.534,32.582,15684,0
2014-06-02,32.821,32.821,32.506,32.574,10075,0
2014-06-03,32.477,32.592,32.382,32.497,5382,0
2014-06-04,31.989,32.228,31.903,32.123,6125,0
2014-06-05,32.362,32.592,32.267,32.458,17286,0
2014-06-06,32.544,32.851,32.419,32.449,22684,0
2014-06-09,32.544,32.918,32.352,32.726,8706,0
2014-06-10,32.918,33.042,32.851,33.042,30511,0
2014-06-11,32.764,33.348,32.764,33.329,16328,0
2014-06-12,33.501,33.673,33.157,33.195,29950,0
2014-06-13,33.759,33.759,33.415,33.635,13013,0
2014-06-16,33.788,33.788,33.271,33.415,5275,0
2014-06-17,33.09,33.798,33.09,33.778,15362,0
2014-06-18,34.123,34.276,33.769,34.276,27717,0
2014-06-19,34.257,34.257,33.655,33.759,27765,0
2014-06-20,33.635,33.903,33.568,33.731,26470,0
2014-06-23,33.663,33.788,33.472,33.635,14907,0
2014-06-24,33.95,34.392,33.655,33.836,41250,0
2014-06-25,34.305,34.41,34.123,34.228,25763,0
2014-06-26,34.449,34.687,34.42,34.487,17521,0
2014-06-27,34.754,34.754,34.477,34.659,13911,0
2014-06-30,34.764,35.041,34.629,34.735,8865,0
2014-07-01,34.602,35.281,34.602,35.147,16099,0
2014-07-02,35.233,35.883,35.233,35.463,19438,0
2014-07-03,35.816,35.816,35.559,35.807,13687,0
2014-07-07,36.028,36.028,35.358,35.463,25780,0
2014-07-08,35.865,35.865,34.362,34.564,40974,0
2014-07-09,34.325,34.525,34.219,34.497,11321,0
2014-07-10,34.065,34.352,33.52,34.237,19606,0
2014-07-11,33.98,34.554,33.98,34.554,8702,0
2014-07-14,34.831,35.004,34.774,34.899,16609,0
2014-07-15,34.926,35.071,34.669,34.936,4089,0
2014-07-16,35.367,35.367,34.86,34.984,14752,0
2014-07-17,34.994,34.994,34.247,34.305,14235,0
2014-07-18,34.639,34.803,34.639,34.784,43502,0
2014-07-21,34.908,35.166,34.477,35.013,13177,0
2014-07-22,35.405,35.568,35.405,35.539,5452,0
2014-07-23,35.434,35.893,35.319,35.329,10711,0
2014-07-24,35.568,35.578,35.387,35.568,3721,0
2014-07-25,36.056,36.066,35.816,36.056,9113,0
2014-07-28,36.103,36.745,36.103,36.745,31895,0
2014-07-29,37.099,37.099,36.285,36.285,23707,0
2014-07-30,36.458,36.458,35.893,36.018,15160,0
2014-07-31,36.028,36.028,35.071,35.071,37639,0
2014-08-01,35.137,35.309,34.564,34.85,36246,0
2014-08-04,34.926,35.635,34.926,35.539,35049,0
2014-08-05,35.998,35.998,35.3,35.434,64003,0
2014-08-06,35.596,35.931,35.358,35.654,59555,0
2014-08-07,35.711,35.865,35.3,35.444,10388,0
2014-08-08,35.856,36.133,35.836,36.133,25759,0
2014-08-11,36.209,36.602,36.17,36.554,10635,0
2014-08-12,36.869,36.927,36.381,36.611,25067,0
2014-08-13,36.898,37.051,36.869,37.003,17924,0
2014-08-14,36.582,36.984,36.525,36.793,23047,0
2014-08-15,36.994,37.128,36.63,36.802,30375,0
2014-08-18,37.271,37.271,37.099,37.224,14598,0
2014-08-19,37.749,37.749,37.367,37.482,25180,0
2014-08-20,37.482,37.482,37.099,37.271,15932,0
2014-08-21,37.424,37.424,36.869,36.908,9312,0
2014-08-22,36.793,36.965,36.793,36.889,14678,0
2014-08-25,37.185,37.185,36.802,37.003,11471,0
2014-08-26,36.726,37.033,36.726,36.994,24228,0
2014-08-27,36.707,36.898,36.572,36.572,12952,0
2014-08-28,36.39,36.39,35.913,36.113,20577,0
2014-08-29,36.362,36.545,36.248,36.248,9812,0
2014-09-02,36.783,36.822,36.554,36.726,15420,0
2014-09-03,37.692,37.692,36.889,37.118,31315,0
2014-09-04,37.377,37.654,37.185,37.252,20874,0
2014-09-05,37.32,37.568,37.262,37.568,25244,0
2014-09-08,37.702,37.721,37.405,37.549,19720,0
2014-09-09,37.462,37.529,36.726,36.812,20672,0
2014-09-10,36.707,36.822,36.275,36.717,69386,0
2014-09-11,36.458,36.554,36.248,36.477,14068,0
2014-09-12,36.487,36.678,36.458,36.592,30988,0
2014-09-15,36.554,36.621,35.674,35.846,35614,0
2014-09-16,35.262,36.209,35.262,36.028,22712,0
2014-09-17,36.123,36.266,35.865,35.998,14637,0
2014-09-18,36.315,36.4,36.248,36.4,31739,0
2014-09-19,36.659,36.697,35.922,36.085,30918,0
2014-09-22,35.741,35.951,35.137,35.329,63391,0
2014-09-23,34.956,35.654,34.956,35.319,14962,0
2014-09-24,35.52,35.913,35.472,35.903,14780,0
2014-09-25,35.606,35.606,34.994,35.147,11798,0
2014-09-26,34.994,35.348,34.994,35.3,31338,0
2014-09-29,34.534,34.764,34.257,34.612,31920,0
2014-09-30,34.669,34.745,34.439,34.534,26234,0
2014-10-01,34.305,34.42,33.386,33.54,38488,0
2014-10-02,33.454,33.798,32.936,33.645,87950,0
2014-10-03,34.18,34.392,34.065,34.21,14238,0
2014-10-06,35.041,35.061,34.592,34.649,46939,0
2014-10-07,34.735,34.946,34.449,34.467,20756,0
2014-10-08,34.525,34.975,33.998,34.975,14833,0
2014-10-09,34.564,34.639,34.065,34.085,13671,0
2014-10-10,33.606,33.798,32.966,33.061,32694,0
2014-10-13,33.166,33.214,32.544,32.544,38586,0
2014-10-14,32.784,32.993,32.429,32.592,14088,0
2014-10-15,32.429,33.013,32.2,33.013,40518,0
2014-10-16,32.726,33.501,32.689,33.28,9536,0
2014-10-17,33.846,34.228,33.788,33.883,148364,0
2014-10-20,33.635,34.18,33.386,34.133,16731,0
2014-10-21,34.687,34.841,34.449,34.812,14395,0
2014-10-22,34.994,35.099,34.774,34.784,14320,0
2014-10-23,34.831,35.061,34.697,34.793,5878,0
2014-10-24,34.726,34.946,34.487,34.889,9562,0
2014-10-27,34.592,34.764,34.4,34.439,11275,0
2014-10-28,35.013,35.387,34.735,35.272,18080,0
2014-10-29,35.405,35.405,34.975,35.061,18174,0
2014-10-30,34.803,35.596,34.803,35.587,2793,0
2014-10-31,36.028,36.218,35.941,36.075,10947,0
2014-11-03,35.979,36.103,35.684,35.788,17050,0
2014-11-04,35.893,35.988,35.731,35.846,6809,0
2014-11-05,35.941,35.941,35.578,35.578,8887,0
2014-11-06,35.482,35.654,35.387,35.492,10340,0
2014-11-07,35.309,35.472,35.3,35.472,1920,0
2014-11-10,35.309,35.711,35.309,35.635,15308,0
2014-11-11,35.788,35.865,35.664,35.865,15370,0
2014-11-12,35.961,36.037,35.684,35.769,11002,0
2014-11-13,35.951,35.951,35.51,35.568,13261,0
2014-11-14,35.941,36.793,35.941,36.793,27951,0
2014-11-17,36.238,36.238,35.826,35.951,16440,0
2014-11-18,35.444,35.549,35.319,35.414,8931,0
2014-11-19,35.539,35.539,35.204,35.338,12816,0
2014-11-20,35.147,35.492,35.128,35.348,11092,0
2014-11-21,36.248,36.602,36.209,36.285,17911,0
2014-11-24,36.028,36.103,35.798,35.961,22266,0
2014-11-25,35.931,36.046,35.798,35.826,19494,0
2014-11-26,36.037,36.381,35.998,36.381,9512,0
2014-11-28,36.075,36.161,35.779,35.856,4147,0
2014-12-01,34.984,35.424,34.525,34.602,25153,0
2014-12-02,34.803,34.85,34.602,34.659,13289,0
2014-12-03,34.334,34.515,34.334,34.42,8186,0
2014-12-04,34.4,34.564,34.267,34.267,14480,0
2014-12-05,34.18,34.41,34.104,34.276,34075,0
2014-12-08,33.989,34.008,33.338,33.491,21450,0
2014-12-09,32.936,33.741,32.936,33.683,56987,0
2014-12-10,34.142,34.18,33.491,33.53,13598,0
2014-12-11,33.655,34.325,33.655,33.98,8842,0
2014-12-12,33.893,33.923,33.645,33.645,5572,0
2014-12-15,33.923,33.923,33.204,33.444,10230,0
2014-12-16,32.793,33.338,32.736,32.811,42457,0
2014-12-17,32.639,33.108,32.631,33.003,36235,0
2014-12-18,33.549,33.645,33.376,33.511,17779,0
2014-12-19,33.204,33.855,33.204,33.826,20058,0
2014-12-22,33.54,33.778,33.491,33.568,39487,0
2014-12-23,33.482,33.482,33.253,33.319,16072,0
2014-12-24,33.285,33.662,33.179,33.508,3986,0
2014-12-26,33.817,33.924,33.769,33.788,20591,0
2014-12-29,33.556,33.633,33.353,33.353,26688,0
2014-12-30,33.334,33.343,33.111,33.237,15380,0
2014-12-31,33.276,33.633,33.257,33.508,14248,0
2015-01-02,33.392,33.508,33.141,33.324,56163,0
2015-01-05,33.575,33.653,33.169,33.237,29313,0
2015-01-06,33.74,33.788,33.025,33.459,14015,0
2015-01-07,33.826,34.204,33.826,33.991,14079,0
2015-01-08,34.474,34.658,34.31,34.504,27160,0
2015-01-09,34.454,34.687,34.223,34.396,10200,0
2015-01-12,33.914,34.146,33.614,33.614,10011,0
2015-01-13,34.049,34.184,33.459,33.856,9398,0
2015-01-14,33.179,33.614,33.179,33.575,11293,0
2015-01-15,33.778,33.778,33.237,33.237,3217,0
2015-01-16,33.063,33.247,33.063,33.247,9202,0
2015-01-20,33.218,33.488,33.179,33.43,12381,0
2015-01-21,33.575,34.28,33.575,34.28,7588,0
2015-01-22,34.28,34.562,34.126,34.464,26104,0
2015-01-23,34.61,34.687,34.426,34.426,9174,0
2015-01-26,35.16,35.16,34.822,34.986,19838,0
2015-01-27,34.726,34.89,34.638,34.851,4895,0
2015-01-28,34.89,34.89,34.232,34.368,18632,0
2015-01-29,33.991,34.348,33.933,34.348,34202,0
2015-01-30,33.914,33.972,33.662,33.662,12412,0
2015-02-02,33.991,34.116,33.778,34.03,7921,0
2015-02-03,34.378,34.793,34.378,34.726,31326,0
2015-02-04,35.17,35.653,35.112,35.373,32978,0
2015-02-05,34.861,34.977,34.812,34.919,15059,0
2015-02-06,34.638,34.9,34.562,34.59,22865,0
2015-02-09,34.29,34.542,34.29,34.494,8655,0
2015-02-10,34.9,34.9,34.648,34.842,7218,0
2015-02-11,34.909,34.919,34.716,34.832,7633,0
2015-02-12,34.668,34.822,34.668,34.774,898,0
2015-02-13,34.774,35.267,34.774,35.17,12977,0
2015-02-17,35.17,35.334,34.88,35.16,18097,0
2015-02-18,35.131,35.131,34.812,34.87,7259,0
2015-02-19,34.793,34.822,34.628,34.628,11813,0
2015-02-20,34.61,34.735,34.512,34.658,33971,0
2015-02-23,34.938,34.977,34.706,34.793,15642,0
2015-02-24,34.958,35.054,34.774,34.996,9328,0
2015-02-25,34.793,35.035,34.638,34.648,20852,0
2015-02-26,35.083,35.083,34.88,34.88,13171,0
2015-02-27,34.88,34.958,34.59,34.61,14096,0
2015-03-02,34.967,34.967,34.668,34.832,14176,0
2015-03-03,34.832,35.093,34.696,34.919,727799,0
2015-03-04,35.47,35.683,35.238,35.673,25970,0
2015-03-05,36.147,36.571,36.059,36.562,19556,0
2015-03-06,36.562,36.629,35.943,35.953,384386,0
2015-03-09,35.837,35.973,35.769,35.827,354173,0
2015-03-10,35.286,35.595,35.189,35.218,21728,0
2015-03-11,35.228,35.557,35.16,35.305,10658,0
2015-03-12,35.508,35.508,35.112,35.112,535243,0
2015-03-13,35.054,35.093,34.9,34.938,7450,0
2015-03-16,35.421,35.441,35.228,35.402,9208,0
2015-03-17,35.131,35.518,35.093,35.431,6726,0
2015-03-18,35.47,36.117,35.257,35.905,11588,0
2015-03-19,35.943,36.079,35.943,35.953,3932,0
2015-03-20,36.263,36.359,35.973,36.359,14176,0
2015-03-23,36.475,36.659,36.397,36.571,7760,0
2015-03-24,36.61,36.784,36.571,36.639,19556,0
2015-03-25,36.697,36.697,36.049,36.089,7140,0
2015-03-26,35.731,36.097,35.721,36.021,23902,0
2015-03-27,36.107,36.301,36.031,36.175,20486,0
2015-03-30,36.717,37.074,36.717,37.006,17176,0
2015-03-31,36.813,37.064,36.687,37.006,18262,0
2015-04-01,37.442,37.644,37.335,37.48,18624,0
2015-04-02,37.944,38.35,37.944,38.33,94777,0
2015-04-06,38.591,38.659,38.408,38.504,25040,0
2015-04-07,38.601,39.036,38.591,38.852,78790,0
2015-04-08,40.544,41.732,40.157,41.684,72739,0
2015-04-09,42.051,42.679,41.897,42.631,80464,0
2015-04-10,42.573,42.573,42.129,42.312,42008,0
2015-04-13,42.951,43.269,42.573,42.612,41801,0
2015-04-14,42.042,42.303,41.646,42.245,37249,0
2015-04-15,41.79,42.129,41.597,41.964,38505,0
2015-04-16,42.399,42.545,42.206,42.341,6638,0
2015-04-17,40.96,41.452,40.544,40.872,74911,0
2015-04-20,40.96,40.96,40.66,40.804,40698,0
2015-04-21,41.49,41.771,41.49,41.704,23617,0
2015-04-22,42.341,42.341,41.926,42.322,13973,0
2015-04-23,42.505,42.979,42.438,42.931,31662,0
2015-04-24,42.525,42.901,42.525,42.777,17875,0
2015-04-27,43.385,43.579,43.317,43.482,19659,0
2015-04-28,43.173,43.298,42.873,43.183,12179,0
2015-04-29,43.241,43.241,42.815,43.133,32386,0
2015-04-30,42.825,43.017,42.661,42.661,14900,0
2015-05-01,43.095,43.095,42.728,43.009,16348,0
2015-05-04,43.366,43.521,43.183,43.453,22660,0
2015-05-05,42.979,42.979,42.254,42.37,47699,0
2015-05-06,41.936,42.293,41.23,41.404,68701,0
2015-05-07,41.182,41.356,40.93,41.326,108021,0
2015-05-08,42.303,42.312,42.119,42.206,17796,0
2015-05-11,42.825,42.931,42.545,42.583,24626,0
2015-05-12,42.042,42.216,41.936,42.042,13497,0
2015-05-13,42.699,42.777,42.573,42.612,41336,0
2015-05-14,43.201,43.752,43.125,43.617,37973,0
2015-05-15,43.424,43.82,43.405,43.772,40197,0
2015-05-18,43.926,43.926,43.549,43.752,24086,0
2015-05-19,44.004,44.11,43.849,43.936,45771,0
2015-05-20,42.332,42.332,41.298,41.636,90019,0
2015-05-21,42.061,42.767,41.5,42.438,31662,0
2015-05-22,43.133,43.163,42.757,43.163,9312,0
2015-05-26,43.646,43.646,42.728,42.921,16993,0
2015-05-27,42.979,42.979,42.496,42.777,18004,0
2015-05-28,41.82,42.303,41.366,41.5,49251,0
2015-05-29,41.945,42.167,40.93,41.22,30006,0
2015-06-01,41.558,41.916,41.172,41.404,26875,0
2015-06-02,41.085,41.781,41.027,41.578,29234,0
2015-06-03,42.042,42.042,41.085,41.848,11278,0
2015-06-04,41.558,41.616,41.094,41.124,30006,0
2015-06-05,41.076,41.52,40.602,41.5,14796,0
2015-06-08,41.472,41.51,40.737,40.96,17796,0
2015-06-09,39.799,40.592,39.625,39.973,55597,0
2015-06-10,39.219,40.65,39.055,40.138,52668,0
2015-06-11,40.486,41.027,40.177,40.544,25264,0
2015-06-12,41.298,41.308,40.727,41.308,23488,0
2015-06-15,38.659,40.302,38.659,39.954,41905,0
2015-06-16,39.201,39.915,39.201,39.829,50182,0
2015-06-17,40.428,40.621,40.099,40.457,121989,0
2015-06-18,40.099,40.882,40.003,40.853,9622,0
2015-06-19,40.94,40.94,39.635,39.925,46561,0
2015-06-22,40.225,40.225,39.819,39.906,33627,0
2015-06-23,40.225,41.027,39.877,40.804,23076,0
2015-06-24,41.5,41.5,40.708,41.018,33524,0
2015-06-25,40.93,40.94,39.945,40.022,70565,0
2015-06-26,39.403,40.225,39.152,39.287,33627,0
2015-06-29,38.504,38.504,37.258,37.354,69531,0
2015-06-30,39.925,39.925,38.224,38.379,23664,0
2015-07-01,38.418,38.814,38.088,38.398,73049,0
2015-07-02,38.08,38.504,37.692,37.944,20900,0
2015-07-06,35.373,36.165,33.972,34.223,106365,0
2015-07-07,32.851,33.546,30.994,32.251,248635,0
2015-07-08,31.266,31.498,29.081,31.082,106469,0
2015-07-09,31.7,35.441,31.7,34.078,64151,0
2015-07-10,35.75,36.243,34.754,35.238,32592,0
2015-07-13,35.625,35.991,35.625,35.866,20900,0
2015-07-14,35.953,36.097,35.808,36.001,153867,0
2015-07-15,35.373,35.373,34.678,34.774,90938,0
2015-07-16,35.16,35.566,34.822,35.566,21004,0
2015-07-17,36.243,36.523,36.175,36.339,19659,0
2015-07-20,36.407,36.581,36.175,36.233,7242,0
2015-07-21,36.301,36.465,36.213,36.369,6932,0
2015-07-22,36.117,36.233,35.663,36.049,6726,0
2015-07-23,36.369,36.427,36.069,36.069,3828,0
2015-07-24,36.165,36.165,35.508,35.576,14486,0
2015-07-27,33.45,34.02,33.353,33.643,79981,0
2015-07-28,33.952,33.952,33.141,33.595,44698,0
2015-07-29,33.566,33.982,33.537,33.884,17176,0
2015-07-30,33.807,33.807,33.488,33.759,4346,0
2015-07-31,33.45,33.537,33.257,33.257,30834,0
2015-08-03,32.705,32.821,32.503,32.619,13153,0
2015-08-04,32.609,32.995,32.609,32.851,14072,0
2015-08-05,33.073,33.527,33.073,33.334,8278,0
2015-08-06,33.266,33.266,32.967,33.083,5303,0
2015-08-07,33.121,33.218,32.976,32.995,5898,0
2015-08-10,33.334,34.136,33.334,34.107,12106,0
2015-08-11,33.556,33.633,32.821,33.044,77646,0
2015-08-12,32.387,32.387,31.749,32.029,45423,0
2015-08-13,32.599,32.599,32.01,32.019,44905,0
2015-08-14,31.768,32.174,31.768,31.952,21108,0
2015-08-17,31.845,31.845,31.604,31.778,9830,0
2015-08-18,31.16,31.227,30.928,31.092,15210,0
2015-08-19,30.84,30.878,30.367,30.598,11174,0
2015-08-20,29.98,29.98,29.285,29.303,96537,0
2015-08-21,28.723,29.091,28.279,28.318,23384,0
2015-08-24,25.312,27.245,24.51,26.907,38040,0
2015-08-25,26.974,28.955,26.974,27.622,51527,0
2015-08-26,27.602,27.786,27.062,27.65,49562,0
2015-08-27,28.192,29.7,28.192,29.371,32386,0
2015-08-28,29.468,29.719,29.245,29.449,6415,0
2015-08-31,28.869,28.869,28.038,28.327,1158745,0
2015-09-01,27.786,27.864,27.196,27.196,52872,0
2015-09-02,27.544,27.67,27.428,27.67,7656,0
2015-09-03,27.534,28.212,27.534,28.028,60736,0
2015-09-04,27.476,27.738,26.926,27.08,87431,0
2015-09-08,28.53,28.83,28.501,28.501,71497,0
2015-09-09,28.733,29.053,28.434,28.434,31662,0
2015-09-10,28.647,28.647,28.356,28.385,16526,0
2015-09-11,28.26,28.753,28.124,28.608,48010,0
2015-09-14,28.53,28.53,27.98,28.154,9106,0
2015-09-15,28.028,28.511,28.028,28.463,4966,0
2015-09-16,28.888,29.855,28.888,29.787,17072,0
2015-09-17,29.381,29.941,29.381,29.487,4672,0
2015-09-18,29.477,29.477,29.101,29.119,1242,0
2015-09-21,29.159,29.913,29.159,29.449,91363,0
2015-09-22,29.129,29.129,28.53,28.666,9002,0
2015-09-23,28.511,28.695,28.308,28.366,20322,0
2015-09-24,27.873,28.443,27.767,28.424,3171,0
2015-09-25,28.376,28.424,28.028,28.028,1448,0
2015-09-28,27.65,27.941,27.506,27.506,3377,0
2015-09-29,27.67,27.931,27.506,27.786,20694,0
2015-09-30,28.124,28.763,28.124,28.511,26074,0
2015-10-01,28.849,28.849,28.154,28.463,9208,0
2015-10-02,28.821,30.193,28.772,30.125,17486,0
2015-10-05,30.009,30.628,30.009,30.54,21613,0
2015-10-06,30.512,30.512,30.154,30.193,4863,0
2015-10-07,30.608,31.227,30.454,30.802,48679,0
2015-10-08,30.966,31.16,30.628,30.898,46250,0
2015-10-09,31.014,31.092,30.946,30.976,1966,0
2015-10-12,31.642,31.681,31.546,31.633,1673,0
2015-10-13,31.16,31.604,31.16,31.449,2586,0
2015-10-14,31.256,31.468,31.13,31.13,13348,0
2015-10-15,31.932,32.599,31.894,32.571,38801,0
2015-10-16,32.551,32.928,32.551,32.861,7140,0
2015-10-19,32.803,32.841,32.571,32.841,10616,0
2015-10-20,32.629,32.803,32.629,32.667,2380,0
2015-10-21,32.619,32.657,31.961,32.029,8794,0
2015-10-22,32.571,32.793,32.435,32.715,4760,0
2015-10-23,33.015,33.624,33.015,33.546,38180,0
2015-10-26,33.508,33.624,33.373,33.45,23280,0
2015-10-27,34.02,34.02,33.421,33.488,9002,0
2015-10-28,33.817,33.991,33.585,33.72,12934,0
2015-10-29,33.914,33.914,33.479,33.566,4138,0
2015-10-30,33.633,34.204,33.633,34.204,8794,0
2015-11-02,34.262,34.822,34.126,34.774,53598,0
2015-11-03,34.822,35.025,34.764,34.793,10629,0
2015-11-04,35.441,35.537,35.083,35.18,15224,0
2015-11-05,35.412,35.576,34.919,35.035,18314,0
2015-11-06,35.276,35.421,34.793,35.151,11588,0
2015-11-09,34.648,34.803,34.223,34.338,13660,0
2015-11-10,34.098,34.358,33.866,34.184,41698,0
2015-11-11,34.832,34.832,33.972,34.107,7864,0
2015-11-12,34.822,34.822,34.368,34.454,5794,0
2015-11-13,34.446,34.446,33.72,33.72,43457,0
2015-11-16,33.836,34.967,33.836,34.706,52562,0
2015-11-17,35.131,35.131,34.793,34.851,3414,0
2015-11-18,34.262,34.928,34.262,34.909,3208,0
2015-11-19,35.315,35.537,35.257,35.363,5276,0
2015-11-20,35.857,36.107,35.615,35.973,18624,0
2015-11-23,35.827,36.233,35.779,35.827,48837,0
2015-11-24,36.001,36.001,35.518,35.518,828,0
2015-11-25,35.75,36.291,35.75,36.127,9312,0
2015-11-27,35.615,35.615,35.064,35.305,11072,0
2015-11-30,35.731,35.991,35.035,35.991,7554,0
2015-12-01,36.213,36.291,35.808,36.253,55311,0
2015-12-02,35.779,36.417,35.779,36.291,16119,0
2015-12-03,36.552,36.552,35.421,35.421,15525,0
2015-12-04,35.953,36.379,35.943,36.253,19142,0
2015-12-07,36.253,36.271,35.981,36.049,38490,0
2015-12-08,35.354,36.031,35.354,35.885,98595,0
2015-12-09,36.059,36.107,35.528,35.547,50493,0
2015-12-10,35.054,35.605,35.054,35.45,20384,0
2015-12-11,34.454,34.842,34.214,34.29,7346,0
2015-12-14,34.842,34.842,34.388,34.562,837,0
2015-12-15,34.803,35.566,34.803,35.489,4346,0
2015-12-16,35.325,36.205,35.325,36.097,31662,0
2015-12-17,35.847,35.847,35.75,35.808,1242,0
2015-12-18,35.905,35.905,35.499,35.741,1346,0
2015-12-21,34.996,35.808,34.996,35.663,10554,0
2015-12-22,35.837,36.089,35.808,35.885,2283,0
2015-12-23,35.866,36.147,35.866,36.049,6622,0
2015-12-24,36.183,36.183,35.8,36.002,44754,0
2015-12-28,35.888,35.888,35.436,35.452,2586,0
2015-12-29,35.593,35.716,35.505,35.564,5235,0
2015-12-30,35.721,35.888,35.485,35.486,50054,0
2015-12-31,35.396,35.671,35.396,35.406,3364,0
2016-01-04,34.03,34.381,33.754,34.098,104570,0
2016-01-05,34.254,34.443,34.197,34.376,10213,0
2016-01-06,33.646,34.03,33.646,33.982,8347,0
2016-01-07,32.693,33.086,32.358,32.476,42401,0
2016-01-08,32.781,32.989,32.28,32.28,5618,0
2016-01-11,31.955,32.136,31.375,31.581,13041,0
2016-01-12,31.68,32.083,31.655,31.737,8455,0
2016-01-13,32.093,32.093,31.035,31.08,8383,0
2016-01-14,30.785,31.939,30.736,31.709,21670,0
2016-01-15,30.244,30.561,30.038,30.343,16090,0
2016-01-19,31.1,31.375,30.933,31.119,32647,0
2016-01-20,30.441,30.588,29.782,30.588,7340,0
2016-01-21,30.107,30.887,30.107,30.5,14798,0
2016-01-22,31.522,31.522,30.933,31.09,16244,0
2016-01-25,31.029,31.182,30.903,30.903,4387,0
2016-01-26,31.001,31.001,30.647,30.854,9238,0
2016-01-27,30.362,30.656,30.284,30.293,1899,0
2016-01-28,30.972,31.021,30.187,30.392,26490,0
2016-01-29,30.717,30.962,30.717,30.934,2918,0
2016-02-01,30.834,31.031,30.716,30.805,46532,0
2016-02-02,30.57,30.578,30.569,30.578,1335,0
2016-02-03,29.855,30.372,29.713,30.372,9584,0
2016-02-04,30.461,30.461,30.273,30.273,1829,0
2016-02-05,30.067,30.067,29.595,29.733,2876,0
2016-02-08,29.428,29.428,28.661,28.887,8975,0
2016-02-09,28.248,28.901,28.238,28.612,12629,0
2016-02-10,29.182,29.222,28.878,28.907,12327,0
2016-02-11,28.071,28.365,27.993,28.283,6227,0
2016-02-12,28.76,29.3,28.71,29.3,47837,0
2016-02-16,29.654,30.332,29.654,30.329,5982,0
2016-02-17,30.185,30.941,30.185,30.941,3023,0
2016-02-18,30.874,30.874,30.543,30.543,2141,0
2016-02-19,30.875,31.055,30.854,31.055,7421,0
2016-02-22,31.631,31.808,31.424,31.808,13653,0
2016-02-23,31.365,31.365,30.962,30.963,7057,0
2016-02-24,30.48,31.076,30.339,31.076,1865,0
2016-02-25,30.126,30.603,30.126,30.603,3738,0
2016-02-26,31.08,31.089,30.883,30.946,1785,0
2016-02-29,31.218,31.218,30.913,30.913,2994,0
2016-03-01,31.493,31.493,31.316,31.463,1839,0
2016-03-02,31.848,32.027,31.848,32.027,2197,0
2016-03-03,31.945,31.945,31.867,31.876,329,0
2016-03-04,31.935,32.717,31.935,32.594,25342,0
2016-03-07,32.417,32.454,32.211,32.282,1542,0
2016-03-08,32.24,32.24,31.788,31.808,11359,0
2016-03-09,31.896,32.102,31.837,31.983,4334,0
2016-03-10,31.434,31.64,31.414,31.64,1833,0
2016-03-11,32.223,32.517,32.223,32.517,3154,0
2016-03-14,32.643,32.758,32.643,32.758,644,0
2016-03-15,32.358,32.358,32.358,32.358,588,0
2016-03-16,32.28,32.582,32.28,32.447,1401,0
2016-03-17,32.889,33.037,32.712,33.037,4965,0
2016-03-18,33.096,33.676,33.096,33.587,1564,0
2016-03-21,33.44,33.912,33.44,33.817,4670,0
2016-03-22,33.607,33.902,33.607,33.883,11354,0
2016-03-23,34.059,34.059,33.105,33.15,35468,0
2016-03-24,33.004,33.132,32.909,33.132,5380,0
2016-03-28,32.899,33.184,32.899,33.046,5392,0
2016-03-29,33.017,33.551,33.017,33.517,9657,0
2016-03-30,33.577,33.843,33.577,33.735,17014,0
2016-03-31,33.804,33.804,33.676,33.676,655,0
2016-04-01,33.292,33.587,33.292,33.587,829,0
2016-04-04,33.391,33.587,33.391,33.391,15330,0
2016-04-05,33.066,33.135,32.97,32.97,2116,0
2016-04-06,32.879,33.764,32.879,33.735,6127,0
2016-04-07,33.499,33.627,33.318,33.325,7358,0
2016-04-08,33.509,33.597,33.371,33.457,4322,0
2016-04-11,33.981,34.049,33.725,33.725,12885,0
2016-04-12,33.863,34.111,33.774,34.108,4776,0
2016-04-13,34.403,34.797,34.403,34.738,3485,0
2016-04-14,34.738,34.797,34.688,34.728,10664,0
2016-04-15,34.207,34.651,34.207,34.443,3582,0
2016-04-18,34.335,34.797,34.335,34.747,18313,0
2016-04-19,34.698,34.864,34.502,34.747,64914,0
2016-04-20,34.413,34.679,34.276,34.551,5025,0
2016-04-21,34.236,34.325,34.053,34.158,17501,0
2016-04-22,33.695,34.25,33.695,34.07,6386,0
2016-04-25,34.069,34.069,33.784,33.821,4393,0
2016-04-26,33.951,33.951,33.833,33.912,4130,0
2016-04-27,33.617,33.956,33.607,33.956,5160,0
2016-04-28,33.715,34.059,33.568,33.597,6037,0
2016-04-29,33.627,33.656,33.386,33.45,6359,0
2016-05-02,33.332,33.332,33.115,33.204,6750,0
2016-05-03,32.869,32.869,32.624,32.634,5324,0
2016-05-04,32.486,32.81,32.486,32.707,3111,0
2016-05-05,32.801,33.105,32.693,32.702,6935,0
2016-05-06,32.575,32.673,32.318,32.673,15512,0
2016-05-09,32.053,32.447,31.705,31.716,6819,0
2016-05-10,31.955,32.23,31.955,32.23,4707,0
2016-05-11,32.261,32.348,32.044,32.044,2261,0
2016-05-12,32.565,32.565,31.65,31.768,5732,0
2016-05-13,31.798,31.798,31.552,31.613,7283,0
2016-05-16,31.768,32.407,31.768,32.355,5853,0
2016-05-17,32.004,32.516,32.004,32.299,2881,0
2016-05-18,32.545,32.545,32.093,32.093,6884,0
2016-05-19,31.689,31.689,31.562,31.591,2127,0
2016-05-20,31.994,32.063,31.897,31.916,15180,0
2016-05-23,32.083,32.083,32.083,32.083,125,0
2016-05-24,32.407,32.732,32.407,32.712,3096,0
2016-05-25,32.761,32.761,32.574,32.668,18522,0
2016-05-26,32.496,32.771,32.496,32.702,9662,0
2016-05-27,33.139,33.302,33.105,33.105,5742,0
2016-05-31,33.332,33.754,33.332,33.754,2550,0
2016-06-01,33.636,33.636,33.204,33.204,27340,0
2016-06-02,33.184,33.391,33.076,33.322,3270,0
2016-06-03,33.223,33.273,33.145,33.253,5284,0
2016-06-06,33.332,33.685,33.332,33.636,4836,0
2016-06-07,33.745,33.998,33.745,33.941,4967,0
2016-06-08,33.623,33.623,33.623,33.623,394,0
2016-06-09,33.371,33.382,33.223,33.312,3002,0
2016-06-10,32.565,32.594,32.388,32.388,3125,0
2016-06-14,31.916,32.232,31.916,32.122,2038,0
2016-06-15,32.309,32.693,32.309,32.496,5717,0
2016-06-16,32.063,32.397,32.034,32.397,14047,0
2016-06-17,32.329,32.329,32.211,32.24,1476,0
2016-06-20,32.26,32.867,32.26,32.752,7873,0
2016-06-21,32.643,32.83,32.643,32.693,1568,0
2016-06-22,32.908,32.908,32.841,32.841,785,0
2016-06-23,32.594,33.164,32.594,33.081,3656,0
2016-06-24,31.817,32.442,31.817,32.014,896,0
2016-06-27,31.817,31.817,31.282,31.395,13303,0
2016-06-28,31.916,32.26,31.916,32.201,1417,0
2016-06-29,32.447,32.735,32.447,32.735,1604,0
2016-06-30,32.968,33.095,32.968,33.046,1546,0
2016-07-01,32.938,33.263,32.938,33.214,13706,0
2016-07-05,32.643,32.828,32.437,32.604,13206,0
2016-07-06,32.432,32.575,32.329,32.48,9904,0
2016-07-07,32.653,32.673,32.614,32.673,1835,0
2016-07-08,32.958,33.115,32.958,33.115,4639,0
2016-07-11,33.282,33.922,33.273,33.823,32983,0
2016-07-12,33.922,34.187,33.922,34.138,7097,0
2016-07-13,34.02,34.02,33.587,33.617,9395,0
2016-07-14,33.764,34.079,33.764,34.05,8242,0
2016-07-15,33.872,33.872,33.746,33.781,1401,0
2016-07-18,33.922,34.108,33.765,34.108,2247,0
2016-07-19,33.961,33.961,33.71,33.71,499,0
2016-07-20,34,34.253,34,34.217,6625,0
2016-07-21,34.177,34.384,34.149,34.149,3990,0
2016-07-22,34.128,34.482,34.128,34.429,5693,0
2016-07-25,34.245,34.245,34.197,34.197,493,0
2016-07-26,34.099,34.728,34.099,34.675,9167,0
2016-07-27,34.797,34.797,34.615,34.688,1988,0
2016-07-28,34.806,34.806,34.462,34.545,5102,0
2016-07-29,34.147,34.403,34.108,34.285,3738,0
2016-08-01,34.04,34.581,34.04,34.551,3856,0
2016-08-02,34.492,34.492,34.085,34.266,1413,0
2016-08-03,34.58,34.58,34.58,34.58,173,0
2016-08-04,34.6,34.777,34.6,34.747,7092,0
2016-08-05,35.238,35.446,35.153,35.406,19593,0
2016-08-08,35.691,35.79,35.653,35.672,4398,0
2016-08-09,35.731,36.321,35.731,36.291,15906,0
2016-08-10,36.085,36.085,35.937,36.036,858,0
2016-08-11,36.281,36.822,36.281,36.812,12866,0
2016-08-12,36.871,37.109,36.766,37.109,7261,0
2016-08-15,37.324,37.741,37.324,37.654,9479,0
2016-08-16,37.756,37.923,37.599,37.786,343554,0
2016-08-17,37.501,37.569,37.274,37.569,13548,0
2016-08-18,38.1,38.1,37.737,37.992,7640,0
2016-08-19,38.1,38.14,37.987,38.071,3080,0
2016-08-22,37.838,38.022,37.82,37.86,7920,0
2016-08-23,37.855,38.109,37.835,37.835,3680,0
2016-08-24,37.953,37.953,37.461,37.461,3483,0
2016-08-25,37.334,37.373,37.334,37.355,3671,0
2016-08-26,37.953,38.051,37.62,37.628,11395,0
2016-08-29,37.864,38.326,37.864,38.28,23306,0
2016-08-30,38.346,38.877,38.346,38.619,18226,0
2016-08-31,38.739,38.739,38.307,38.425,10844,0
2016-09-01,38.317,38.901,38.317,38.887,6591,0
2016-09-02,38.848,39.487,38.848,39.359,10625,0
2016-09-06,40.067,40.784,40.047,40.716,88227,0
2016-09-07,40.716,40.794,40.068,40.322,44623,0
2016-09-08,40.49,40.804,40.322,40.706,24760,0
2016-09-09,40.067,40.197,39.461,39.536,22584,0
2016-09-12,38.513,40.073,38.454,39.821,16319,0
2016-09-13,39.614,39.614,38.966,39.241,22796,0
2016-09-14,39.624,39.949,39.506,39.506,6523,0
2016-09-15,39.821,40.765,39.821,40.765,28550,0
2016-09-16,40.942,41.05,40.322,40.519,32735,0
2016-09-19,40.716,40.893,40.362,40.568,40912,0
2016-09-20,41.237,41.237,40.322,40.45,6570,0
2016-09-21,40.608,41.556,40.608,41.532,50815,0
2016-09-22,41.886,41.886,41.62,41.778,63288,0
2016-09-23,41.443,41.512,41.197,41.198,21194,0
2016-09-26,41.197,41.197,40.234,40.254,21177,0
2016-09-27,40.529,41.099,40.529,41.011,15276,0
2016-09-28,41.846,41.846,40.735,41.001,37165,0
2016-09-29,41.05,41.05,40.686,40.763,8833,0
2016-09-30,40.608,40.981,40.48,40.962,24926,0
2016-10-03,41.817,41.817,40.431,40.961,9695,0
2016-10-04,40.745,41.158,40.676,40.676,6800,0
2016-10-05,41.355,41.355,41.188,41.227,27425,0
2016-10-06,42.662,42.662,41.232,41.276,206443,0
2016-10-07,41.394,41.394,40.833,40.903,9725,0
2016-10-10,41.994,41.994,41.424,41.655,34512,0
2016-10-11,42.279,42.279,40.444,40.667,21095,0
2016-10-12,40.883,40.883,40.578,40.735,3922,0
2016-10-13,39.909,40.323,39.742,40.057,16078,0
2016-10-14,40.391,40.883,40.136,40.224,11357,0
2016-10-17,40.155,40.371,40.037,40.116,19828,0
2016-10-18,41.207,41.207,40.486,40.647,59355,0
2016-10-19,40.765,40.981,40.461,40.676,4794,0
2016-10-20,40.716,40.716,40.381,40.594,3137,0
2016-10-21,40.214,40.516,40.165,40.516,7583,0
2016-10-24,40.647,40.762,40.49,40.49,11829,0
2016-10-25,40.853,40.853,40.517,40.517,3179,0
2016-10-26,40.411,40.411,39.831,39.939,101996,0
2016-10-27,40.057,40.116,39.876,39.876,5223,0
2016-10-28,39.801,39.842,39.369,39.46,11268,0
2016-10-31,39.388,39.388,38.779,38.789,10686,0
2016-11-01,39.31,39.31,38.616,38.661,8774,0
2016-11-02,38.69,38.72,37.963,38.144,13969,0
2016-11-03,38.09,38.17,37.894,38.1,21069,0
2016-11-04,38.169,38.169,37.825,37.825,43522,0
2016-11-07,38.513,39.016,38.513,38.867,13072,0
2016-11-08,38.621,39.025,38.621,38.739,5597,0
2016-11-09,37.776,38.641,37.373,38.454,52468,0
2016-11-10,38.739,38.739,37.451,37.55,34181,0
2016-11-11,37.314,37.442,36.507,37.412,42437,0
2016-11-14,36.891,37.127,36.121,36.281,81658,0
2016-11-15,36.507,36.93,36.389,36.734,18345,0
2016-11-16,36.96,37.109,36.901,37.043,5482,0
2016-11-17,36.901,37.246,36.901,37.117,6880,0
2016-11-18,37.756,37.756,37.196,37.294,7100,0
2016-11-21,37.51,37.529,37.261,37.333,5192,0
2016-11-22,37.668,37.736,37.53,37.736,5789,0
2016-11-23,37.751,37.761,37.643,37.678,3473,0
2016-11-25,37.64,37.683,37.575,37.608,1130,0
2016-11-28,37.658,38.169,37.658,37.825,13535,0
2016-11-29,37.992,38.069,37.717,37.854,11519,0
2016-11-30,38.208,38.208,37.56,37.658,4095,0
2016-12-01,37.56,37.599,36.566,36.606,14166,0
2016-12-02,36.321,36.771,36.321,36.488,6096,0
2016-12-05,36.163,36.848,36.163,36.704,25012,0
2016-12-06,36.645,36.645,36.527,36.566,3094,0
2016-12-07,36.576,36.859,36.467,36.859,21537,0
2016-12-08,36.586,36.95,36.586,36.871,11879,0
2016-12-09,36.645,36.768,36.645,36.753,7662,0
2016-12-12,36.38,36.38,35.75,35.809,8584,0
2016-12-13,35.977,36.448,35.977,36.153,28599,0
2016-12-14,36.163,36.163,35.514,35.642,9456,0
2016-12-15,35.691,35.691,35.2,35.2,19108,0
2016-12-16,35.2,35.367,35.082,35.18,15955,0
2016-12-19,35.17,35.269,35.052,35.052,11261,0
2016-12-20,35.19,35.19,35.013,35.101,128084,0
2016-12-21,35.101,35.259,35.033,35.033,29641,0
2016-12-22,34.954,35.021,34.806,34.91,12590,0
2016-12-23,35.04,35.105,34.8995,34.91,13180,0
2016-12-27,35.14,35.25,35,35.11,8785,0
2016-12-28,35.5,35.5,35.124,35.151,3073,0
2016-12-29,35.35,35.6,35.35,35.55,4849,0
2016-12-30,35.46,35.596,35.26,35.27,11334,0
2017-01-03,35.35,35.99,35.35,35.65,59101,0
2017-01-04,36.23,36.57,36.23,36.57,20640,0
2017-01-05,37.02,37.52,36.98,37.49,12289,0
2017-01-06,37.235,37.25,37.16,37.25,25192,0
2017-01-09,37.47,37.87,37.31,37.86,8086,0
2017-01-10,38.13,38.2,37.8188,38.2,13723,0
2017-01-11,38.35,38.35,37.71,38.2,7752,0
2017-01-12,37.81,38.02,37.58,38.02,7526,0
2017-01-13,38.12,38.22,37.7848,38.22,8922,0
2017-01-17,38.31,38.31,37.915,38.2,17731,0
2017-01-18,38.0929,38.3299,37.9778,38.25,6058,0
2017-01-19,38.44,38.44,37.9477,38.11,32868,0
2017-01-20,38.3,38.3,38.051,38.15,6008,0
2017-01-23,38.15,38.355,37.8,38.355,4389,0
2017-01-24,38.58,38.9428,38.58,38.9428,5694,0
2017-01-25,38.8,39.117,38.63,39.09,2844,0
2017-01-26,39.42,39.42,38.925,39.38,7900,0
2017-01-27,39.2,39.415,39.01,39.194,6723,0
2017-01-30,39.09,39.1299,38.121,38.585,19118,0
2017-01-31,38.33,38.889,38.33,38.843,8971,0
2017-02-01,39.25,39.27,38.542,38.81,7959,0
2017-02-02,39.01,39.0399,38.924,38.995,5021,0
2017-02-03,39.21,39.3,38.9445,39.2199,5583,0
2017-02-06,39.22,39.44,39.011,39.3,16415,0
2017-02-07,39.36,39.73,39.36,39.605,5221,0
2017-02-08,39.88,40.3,39.7484,40.25,13087,0
2017-02-09,40.4,40.6,40.255,40.5999,13607,0
2017-02-10,40.39,40.39,40.073,40.35,17398,0
2017-02-13,40.78,40.92,40.654,40.84,23396,0
2017-02-14,40.95,40.95,40.719,40.89,5975,0
2017-02-15,41.08,41.29,41.057,41.29,5146,0
2017-02-16,41.49,41.65,41.15,41.33,23019,0
2017-02-17,41.03,41.134,40.74,41.03,11606,0
2017-02-21,41.35,41.41,41.09,41.41,16292,0
2017-02-22,41.63,41.77,41.498,41.76,14238,0
2017-02-23,41.48,41.4899,40.89,40.95,20856,0
2017-02-24,40.41,40.5782,40,40.44,21513,0
2017-02-27,40.28,40.85,40.28,40.7,35395,0
2017-02-28,40.49,40.92,40.39,40.415,22107,0
2017-03-01,40.47,40.9094,40.47,40.87,11777,0
2017-03-02,40.68,40.68,40.12,40.18,14394,0
2017-03-03,40.18,40.274,40.0749,40.225,3355,0
2017-03-06,40.93,40.93,40.22,40.64,62885,0
2017-03-07,40.55,40.55,40.23,40.35,12483,0
2017-03-08,40.35,40.6,40.35,40.56,4828,0
2017-03-09,40.345,40.434,40.043,40.07,6575,0
2017-03-10,40.607,40.607,40.47,40.47,789,0
2017-03-13,41.38,41.38,41.2298,41.33,11730,0
2017-03-14,40.85,40.87,40.6855,40.87,5531,0
2017-03-15,41.066,41.47,41.0028,41.47,5968,0
2017-03-16,41.95,41.955,41.66,41.9,18244,0
2017-03-17,41.94,41.9701,41.8,41.9701,4286,0
2017-03-20,42.14,42.45,42.14,42.45,19654,0
2017-03-21,42.45,42.45,41.39,41.4208,13617,0
2017-03-22,41.36,41.5733,41.31,41.5334,4651,0
2017-03-23,41.6,42.12,41.6,42.09,10595,0
2017-03-24,42.2,42.49,42.2,42.49,6966,0
2017-03-27,41.86,42.21,41.7098,42.21,6060,0
2017-03-28,42.33,42.43,42.154,42.36,9132,0
2017-03-29,42.1782,42.36,42.12,42.36,3215,0
2017-03-30,42.2,42.2799,42.0269,42.11,22945,0
2017-03-31,42,42.17,41.935,42.1505,7832,0
2017-04-03,42.39,42.5,42.15,42.38,19680,0
2017-04-04,42.15,42.2942,42.08,42.0919,8043,0
2017-04-05,42.3083,42.4662,42.02,42.12,10264,0
2017-04-06,41.91,42.159,41.85,41.9231,7316,0
2017-04-07,41.82,42.15,41.82,42.1,7557,0
2017-04-10,42.1,42.35,42.005,42.26,12094,0
2017-04-11,42.2,42.26,41.821,42.0204,20169,0
2017-04-12,42.07,42.092,41.89,41.89,7743,0
2017-04-13,41.92,42.115,41.68,41.68,15793,0
2017-04-17,41.72,42.24,41.7,41.98,32442,0
2017-04-18,41.47,41.47,41.1163,41.34,13380,0
2017-04-19,41.52,42,41.52,41.58,16055,0
2017-04-20,42.03,42.5346,42.03,42.498,10590,0
2017-04-21,42.56,42.74,42.4964,42.69,22762,0
2017-04-24,43,43.37,42.965,43.01,24493,0
2017-04-25,43.49,43.84,43.4139,43.61,20594,0
2017-04-26,43.87,43.87,43.56,43.62,26851,0
2017-04-27,43.64,44.36,43.64,43.76,26522,0
2017-04-28,44.18,44.18,43.86,43.97,8395,0
2017-05-01,44.45,44.45,44.1983,44.35,32142,0
2017-05-02,44.39,44.6691,44.32,44.5016,23047,0
2017-05-03,44.56,44.58,44,44.12,169767,0
2017-05-04,43.79,43.89,43.5768,43.59,13042,0
2017-05-05,43.44,43.72,43.28,43.72,20463,0
2017-05-08,43.91,44.13,43.91,44.1,9552,0
2017-05-09,44.59,44.966,44.3,44.87,35080,0
2017-05-10,44.98,45.43,44.77,45.31,43641,0
2017-05-11,44.88,44.92,44.32,44.75,35950,0
2017-05-12,44.76,44.76,44.56,44.61,43379,0
2017-05-15,44.67,45.018,44.5376,44.97,24981,0
2017-05-16,45.17,46.14,45.17,46,91751,0
2017-05-17,45.85,45.85,45.21,45.2353,42970,0
2017-05-18,44.65,45.09,44.5001,45.07,19669,0
2017-05-19,45.49,45.8305,45.49,45.76,15267,0
2017-05-22,46.04,46.4994,46.04,46.36,51683,0
2017-05-23,46.34,46.48,45.77,45.82,19853,0
2017-05-24,45.65,45.67,45.44,45.52,30040,0
2017-05-25,45.77,46,45.765,46,27674,0
2017-05-26,45.89,46.043,45.8301,45.9,25215,0
2017-05-30,45.81,45.85,45.45,45.4768,40371,0
2017-05-31,45.54,45.54,44.75,44.87,59934,0
2017-06-01,44.87,45.33,44.87,45.31,22902,0
2017-06-02,45.36,45.36,45.0952,45.275,11791,0
2017-06-05,45.27,45.35,45.2174,45.24,9403,0
2017-06-06,45.32,45.6199,45.31,45.46,12837,0
2017-06-07,45.83,46.28,45.83,46.28,11328,0
2017-06-08,47.61,47.82,46.97,47.27,51285,0
2017-06-09,47.5,47.689,46.3717,46.59,43997,0
2017-06-12,46.17,46.3226,45.668,46.1306,42169,0
2017-06-13,46.61,46.61,46.102,46.1992,27011,0
2017-06-14,46.6,46.6,45.92,46.005,23419,0
2017-06-15,45.62,45.6914,45.25,45.61,26387,0
2017-06-16,45.74,45.74,45.5186,45.6851,10998,0
2017-06-19,46.21,46.97,46.21,46.96,39652,0
2017-06-20,46.79,46.823,46.61,46.6418,26984,0
2017-06-21,47.09,47.56,47.0845,47.56,27423,0
2017-06-22,47.3,47.478,47,47.3,58313,0
2017-06-23,47.36,47.48,47.3,47.48,18319,0
2017-06-26,48.07,48.3481,47.6,47.6786,39834,0
2017-06-27,47.71,47.71,47.19,47.19,22696,0
2017-06-28,47.11,47.35,46.751,47.29,23833,0
2017-06-29,47.14,47.14,46.22,46.63,29437,0
2017-06-30,46.74,46.92,46.6,46.7943,29657,0
2017-07-03,47.04,47.064,46.795,46.84,21912,0
2017-07-05,46.65,46.79,46.41,46.65,20953,0
2017-07-06,46.59,46.79,46.51,46.52,15638,0
2017-07-07,46.48,46.778,46.48,46.7075,116195,0
2017-07-10,46.82,47.21,46.82,47.13,22581,0
2017-07-11,47.7,47.8,47.4656,47.8,25425,0
2017-07-12,48.53,48.87,48.39,48.87,29016,0
2017-07-13,48.77,48.98,48.6678,48.73,45403,0
2017-07-14,48.9,49.37,48.802,49.313,32834,0
2017-07-17,49.5,49.5299,48.95,48.985,43573,0
2017-07-18,49.67,50.32,49.6248,50.24,126146,0
2017-07-19,51.29,51.698,51.2,51.26,94989,0
2017-07-20,51.32,51.45,51.056,51.1675,71328,0
2017-07-21,50.58,50.58,50.2981,50.5,46970,0
2017-07-24,50.72,50.9783,50.6786,50.956,36840,0
2017-07-25,50.91,51.0364,50.83,50.95,40409,0
2017-07-26,50.79,50.99,50.5135,50.97,36621,0
2017-07-27,51.17,51.59,50.01,50.65,50077,0
2017-07-28,50.73,51.4424,50.6,51.25,18266,0
2017-07-31,51.73,51.9,51.4148,51.51,60858,0
2017-08-01,51.57,51.57,51.24,51.33,57567,0
2017-08-02,51.64,51.64,50.6,50.94,187599,0
2017-08-03,50.64,50.974,50.31,50.95,112449,0
2017-08-04,51.1847,51.38,51.15,51.28,21685,0
2017-08-07,51.95,52.67,51.95,52.63,126132,0
2017-08-08,53.02,53.27,52.8226,52.93,146082,0
2017-08-09,52.55,52.98,52.17,52.96,75325,0
2017-08-10,52.49,52.49,51,51.01,120401,0
2017-08-11,50.55,50.9741,50.22,50.86,129177,0
2017-08-14,52,52.21,51.83,52.183,58143,0
2017-08-15,52.18,52.18,51.8,52.12,50176,0
2017-08-16,53,53.48,52.956,53.39,81298,0
2017-08-17,53,53.16,52.35,52.37,169170,0
2017-08-18,52.76,53.119,52.398,52.92,282879,0
2017-08-21,53.41,54.03,53.12,53.98,99952,0
2017-08-22,54.11,54.4,53.87,54.31,163818,0
2017-08-23,54.31,54.84,54,54.75,121905,0
2017-08-24,55.09,55.09,54.5856,54.76,84464,0
2017-08-25,55.16,55.19,54.5576,54.56,78652,0
2017-08-28,54.61,54.61,53.57,53.74,89334,0
2017-08-29,53.28,54.0972,53.0121,53.95,109680,0
2017-08-30,54.12,54.562,54.03,54.46,60571,0
2017-08-31,55.16,55.3,54.87,55.21,113646,0
2017-09-01,55.46,55.92,55.37,55.83,283993,0
2017-09-05,55.69,55.8,54.9414,55.28,120623,0
2017-09-06,55.58,55.614,55.2,55.53,95823,0
2017-09-07,55.6,56.1258,55.49,56.06,51936,0
2017-09-08,55.82,56,55.43,55.43,63120,0
2017-09-11,56.22,56.6343,56.22,56.53,121042,0
2017-09-12,56.89,57.29,56.834,57.23,120143,0
2017-09-13,57.43,57.9,57.43,57.68,291830,0
2017-09-14,57.73,58.25,57.67,58,93196,0
2017-09-15,57.92,58.13,57.59,57.9,204176,0
2017-09-18,58.38,58.93,58.38,58.77,152230,0
2017-09-19,58.72,58.74,58.31,58.56,317887,0
2017-09-20,58.84,58.97,57.93,58.48,92969,0
2017-09-21,58.6,58.72,58.0502,58.45,56586,0
2017-09-22,58.08,58.3,57.93,58.255,44446,0
2017-09-25,57.29,57.29,55.2046,55.47,273986,0
2017-09-26,55.94,56.22,55.5,55.72,137696,0
2017-09-27,56.47,56.82,56.3866,56.67,86994,0
2017-09-28,56.33,56.486,56.06,56.43,60688,0
2017-09-29,56.78,57.3999,56.55,57.17,110469,0
2017-10-02,57.45,57.87,57.45,57.7,89202,0
2017-10-03,58.37,58.82,58.275,58.82,107436,0
2017-10-04,58.67,58.67,58.4,58.49,79063,0
2017-10-05,58.64,58.95,58.6,58.75,102267,0
2017-10-06,58.5,58.91,58.5,58.88,62015,0
2017-10-09,58.92,59.16,58.76,58.95,64200,0
2017-10-10,59.48,59.71,59.37,59.6,85404,0
2017-10-11,59.15,59.505,59,59.42,76239,0
2017-10-12,59.25,59.39,58.9601,59.05,72967,0
2017-10-13,59.46,60.2,59.45,59.93,130518,0
2017-10-16,60.3,60.7476,60.3,60.65,160658,0
2017-10-17,60.68,60.68,59.89,59.92,185129,0
2017-10-18,60,60.323,59.8201,60.17,124893,0
2017-10-19,59,59.049,58.38,58.98,155252,0
2017-10-20,59.67,59.71,59.29,59.29,97743,0
2017-10-23,59.64,59.64,59.18,59.19,105565,0
2017-10-24,59.2,59.2824,58.8721,58.9,86666,0
2017-10-25,59.26,59.42,57.7001,58.19,174047,0
2017-10-26,58.5,58.5,57.98,58,144973,0
2017-10-27,57.91,58.01,57.25,57.88,198936,0
2017-10-30,57.88,58.61,57.88,58.2,83932,0
2017-10-31,58.65,59.3,58.5694,59.15,184370,0
2017-11-01,60.29,60.44,59.86,60.02,161279,0
2017-11-02,60.56,60.585,59.76,60.11,133406,0
2017-11-03,60.53,60.53,60.05,60.36,99313,0
2017-11-06,61.72,62.38,61.72,62.28,237301,0
2017-11-07,62.66,62.66,62,62.17,144918,0
2017-11-08,62.73,63.28,62.5203,62.92,165464,0
2017-11-09,63.29,63.29,62.3601,63.08,176257,0
2017-11-10,63.57,63.57,62.9446,63.03,199769,0
