Date,Open,High,Low,Close,Volume,OpenInt
2011-06-17,19.699,19.699,19.699,19.699,1269,0
2011-06-27,21.67,21.67,19.392,19.504,1903,0
2011-06-28,19.565,19.565,19.565,19.565,128,0
2011-07-05,19.047,20.102,19.047,20.102,762,0
2011-07-12,19.73,19.73,19.73,19.73,128,0
2011-07-13,20.014,20.014,18.817,19.842,1395,0
2011-07-14,19.936,19.936,19.834,19.834,254,0
2011-07-15,19.834,19.834,19.811,19.811,381,0
2011-07-19,19.817,19.817,19.817,19.817,1269,0
2011-07-20,19.866,19.866,19.866,19.866,2539,0
2011-07-22,20.14,20.14,19.896,19.896,1395,0
2011-07-26,19.866,19.866,19.866,19.866,128,0
2011-07-27,19.472,19.472,19.472,19.472,128,0
2011-08-02,18.991,18.991,18.991,18.991,128,0
2011-08-04,18.597,18.597,18.597,18.597,128,0
2011-08-05,18.494,20.093,18.124,18.124,2412,0
2011-08-08,17.666,17.666,16.051,17.509,3058,0
2011-08-09,17.84,17.84,17.84,17.84,377,0
2011-08-16,18.73,18.73,18.73,18.73,377,0
2011-08-18,17.492,18.367,17.492,18.304,5710,0
2011-08-22,18.124,18.124,18.124,18.124,128,0
2011-08-23,17.965,18.124,17.88,18.124,762,0
2011-08-29,18.486,18.486,18.486,18.486,128,0
2011-08-31,18.912,18.912,18.912,18.912,128,0
2011-09-06,18.312,18.312,18.312,18.312,128,0
2011-09-12,18.21,18.21,18.21,18.21,128,0
2011-09-14,18.164,18.164,18.164,18.164,128,0
2011-09-22,17.729,17.729,17.201,17.201,254,0
2011-09-26,17.335,17.335,17.335,17.335,128,0
2011-09-27,17.571,17.571,17.571,17.571,128,0
2011-10-13,17.88,17.88,17.88,17.88,128,0
2011-10-19,17.88,17.88,17.88,17.88,1269,0
2011-11-21,17.864,17.864,17.864,17.864,128,0
2011-12-14,17.344,17.462,16.658,17.288,2517,0
2011-12-15,17.225,17.225,17.225,17.225,128,0
2012-01-04,18.044,18.044,18.044,18.044,634,0
2012-02-13,18.367,18.367,18.367,18.367,314,0
2012-02-16,18.438,18.438,18.438,18.438,233,0
2012-03-08,18.565,18.565,18.565,18.565,888,0
2012-03-19,18.636,18.636,18.62,18.62,1269,0
2012-04-27,18.037,18.171,17.998,18.171,508,0
2012-05-07,17.517,17.517,17.517,17.517,381,0
2012-05-16,16.784,16.784,16.73,16.73,505,0
2012-05-22,17.052,17.052,17.02,17.02,426,0
2012-05-25,16.39,17.131,16.13,17.02,1778,0
2012-05-30,16.839,16.839,16.8,16.8,1142,0
2012-06-06,17.236,17.292,17.236,17.292,762,0
2012-06-12,16.965,16.965,16.965,16.965,128,0
2012-06-25,16.672,16.672,16.672,16.672,253,0
2012-06-27,16.88,16.88,16.88,16.88,298,0
2012-06-29,17.418,17.418,17.418,17.418,253,0
2012-07-03,17.687,17.687,17.687,17.687,253,0
2012-07-19,17.284,17.284,17.284,17.284,379,0
2012-07-26,17.125,17.125,17.125,17.125,379,0
2012-08-03,16.926,17.284,16.688,17.276,2144,0
2012-08-17,17.696,17.696,17.681,17.681,504,0
2012-09-06,17.981,17.989,17.981,17.989,1262,0
2012-10-05,18.321,18.321,18.251,18.251,253,0
2012-10-16,18.18,18.18,18.18,18.18,631,0
2012-10-17,18.466,18.496,18.466,18.496,3154,0
2012-10-18,18.267,18.305,18.267,18.305,1891,0
2012-10-22,18.392,18.392,18.392,18.392,253,0
2012-11-19,17.964,17.964,17.964,17.964,631,0
2012-12-05,18.188,18.219,18.188,18.219,504,0
2012-12-11,18.385,18.528,17.744,18.48,8968,0
2012-12-12,18.585,18.585,18.567,18.567,1262,0
2012-12-18,19.028,19.028,18.425,18.425,379,0
2012-12-19,18.869,18.869,17.893,18.044,882,0
2012-12-20,18.084,18.084,18.06,18.06,1009,0
2012-12-21,17.951,17.951,17.951,17.951,126,0
2012-12-28,17.981,18.014,17.76,17.989,3533,0
2012-12-31,17.918,18.156,17.87,18.147,8955,0
2013-01-02,18.433,18.456,18.077,18.244,4038,0
2013-01-03,18.1,18.1,18.084,18.084,758,0
2013-01-04,18.108,18.132,17.997,18.132,4541,0
2013-01-08,18.077,18.077,17.87,18.044,634,0
2013-01-09,18.084,18.084,18.06,18.06,290,0
2013-01-10,18.235,18.275,18.156,18.211,6181,0
2013-01-18,18.347,18.417,18.347,18.417,8072,0
2013-01-28,18.656,18.719,18.656,18.663,1013,0
2013-02-05,18.496,18.496,18.496,18.496,126,0
2013-02-13,18.648,18.648,18.64,18.64,1134,0
2013-02-14,18.64,19.59,18.64,18.656,758,0
2013-02-19,18.505,18.56,18.505,18.56,774,0
2013-02-25,18.496,18.496,18.496,18.496,520,0
2013-02-26,18.433,18.441,18.433,18.441,755,0
2013-03-04,19.028,19.028,19.028,19.028,631,0
2013-03-08,19.781,19.781,19.781,19.781,522,0
2013-03-13,18.528,18.528,18.528,18.528,631,0
2013-03-14,18.624,18.624,18.624,18.624,253,0
2013-03-20,18.631,18.631,18.441,18.441,2270,0
2013-03-25,18.513,18.513,18.466,18.466,14362,0
2013-03-27,18.402,18.41,18.385,18.392,2509,0
2013-03-28,18.663,18.663,18.663,18.663,1891,0
2013-04-02,18.496,18.496,18.496,18.496,597,0
2013-04-09,18.138,18.138,18.1,18.116,670,0
2013-04-16,17.576,17.576,17.576,17.576,593,0
2013-04-18,17.513,17.545,17.331,17.331,3488,0
2013-04-19,17.387,17.481,17.378,17.418,6811,0
2013-04-22,17.489,17.569,17.442,17.505,10821,0
2013-04-23,17.505,17.569,17.467,17.473,10847,0
2013-04-24,17.664,17.799,17.664,17.744,3533,0
2013-04-25,17.824,17.879,17.824,17.847,2775,0
2013-04-29,17.045,17.045,17.045,17.045,233,0
2013-04-30,17.828,17.828,17.828,17.828,253,0
2013-05-07,18.029,18.053,17.981,17.981,2058,0
2013-05-10,18.172,18.172,18.172,18.172,271,0
2013-05-14,18.26,18.26,18.26,18.26,821,0
2013-05-16,18.132,18.132,18.132,18.132,148,0
2013-05-22,18.567,18.567,18.567,18.567,128,0
2013-05-31,18.379,18.379,18.321,18.37,1262,0
2013-06-04,18.354,18.47,18.312,18.312,3974,0
2013-06-05,18.273,18.273,18.273,18.273,631,0
2013-06-06,17.893,18.024,17.893,17.893,1534,0
2013-06-07,17.806,18.361,17.806,18.211,10090,0
2013-06-10,18.347,18.369,18.338,18.369,504,0
2013-06-12,17.981,17.981,17.981,17.981,183,0
2013-06-14,18.024,18.058,17.983,17.983,1282,0
2013-06-17,18.26,18.26,18.26,18.26,253,0
2013-06-18,18.248,18.248,18.248,18.248,253,0
2013-06-20,17.767,17.767,17.712,17.712,253,0
2013-06-21,17.242,17.621,17.242,17.621,8076,0
2013-06-25,17.324,17.349,17.324,17.341,1262,0
2013-06-26,17.67,17.705,17.646,17.705,882,0
2013-06-27,18.239,18.239,17.819,18.124,52598,0
2013-07-02,17.646,17.646,17.646,17.646,244,0
2013-07-08,17.745,17.745,17.745,17.745,120,0
2013-07-09,17.975,17.975,17.975,17.975,213,0
2013-07-15,18.453,18.453,18.37,18.37,1456,0
2013-07-16,18.413,18.535,18.413,18.495,3983,0
2013-07-17,18.511,18.71,18.511,18.601,2659,0
2013-07-18,18.527,18.981,18.527,18.981,3277,0
2013-07-19,18.595,18.595,18.595,18.595,970,0
2013-07-22,18.601,18.601,18.601,18.601,1456,0
2013-07-23,18.66,18.66,18.586,18.635,906,0
2013-07-24,18.774,18.791,18.75,18.782,3082,0
2013-07-25,18.724,18.733,18.71,18.733,7377,0
2013-07-26,18.527,18.677,18.511,18.552,43538,0
2013-07-29,18.511,18.692,18.511,18.668,3432,0
2013-07-30,18.495,18.495,18.495,18.495,31698,0
2013-07-31,18.486,18.495,18.239,18.256,58508,0
2013-08-01,18.47,18.568,16.648,18.395,18335,0
2013-08-02,18.511,18.544,18.354,18.544,6916,0
2013-08-05,18.544,18.544,18.544,18.544,667,0
2013-08-06,18.462,18.907,18.354,18.619,26704,0
2013-08-07,18.552,18.552,18.462,18.462,1340,0
2013-08-08,18.957,18.957,18.561,18.8,7273,0
2013-08-09,18.578,18.808,18.561,18.808,5027,0
2013-08-12,18.568,18.717,18.568,18.668,2306,0
2013-08-13,18.453,18.99,18.453,18.99,43533,0
2013-08-14,18.733,18.957,18.733,18.957,14347,0
2013-08-15,18.535,18.733,18.535,18.733,5096,0
2013-08-16,18.635,18.808,18.568,18.808,7778,0
2013-08-19,18.635,18.71,18.568,18.626,12529,0
2013-08-20,18.923,18.923,18.413,18.619,29599,0
2013-08-21,18.511,18.724,18.42,18.568,6797,0
2013-08-22,18.619,19.476,18.619,18.816,4093,0
2013-08-23,18.692,18.833,18.692,18.774,12303,0
2013-08-26,18.808,18.973,18.733,18.774,13795,0
2013-08-27,19.211,19.838,18.297,18.297,120407,0
2013-08-28,18.132,18.19,17.803,17.803,25560,0
2013-08-29,18.124,18.19,18.091,18.091,20809,0
2013-08-30,18.049,18.075,18.024,18.024,3520,0
2013-09-03,18.182,18.206,18.091,18.182,1756,0
2013-09-04,19.483,19.483,16.888,18.264,12423,0
2013-09-05,18.304,18.33,18.29,18.321,3187,0
2013-09-06,18.28,18.37,18.28,18.37,2185,0
2013-09-09,18.338,18.504,18.338,18.495,7765,0
2013-09-10,18.568,18.774,18.568,18.774,5802,0
2013-09-11,18.866,18.973,18.759,18.898,11528,0
2013-09-12,18.898,18.931,18.874,18.874,15626,0
2013-09-13,18.882,18.923,18.882,18.923,1013,0
2013-09-16,20.25,20.25,19.145,19.211,5001,0
2013-09-17,19.664,19.664,19.171,19.252,29032,0
2013-09-18,19.145,20.044,19.014,19.41,19723,0
2013-09-19,19.657,19.657,19.287,19.451,24641,0
2013-09-20,19.451,19.451,19.277,19.393,16197,0
2013-09-23,19.138,19.186,19.138,19.186,2791,0
2013-09-24,19.327,19.327,19.186,19.268,4821,0
2013-09-25,19.295,19.417,19.235,19.359,8895,0
2013-09-26,19.261,19.386,19.261,19.386,10272,0
2013-09-27,19.534,19.599,19.268,19.352,7421,0
2013-09-30,19.039,19.204,19.039,19.171,5220,0
2013-10-01,19.22,19.377,19.22,19.377,1456,0
2013-10-02,20.342,20.342,19.13,19.277,18192,0
2013-10-03,19.186,19.211,19.08,19.171,9306,0
2013-10-04,19.451,19.451,19.096,19.261,9867,0
2013-10-07,19.096,19.186,19.096,19.153,7410,0
2013-10-08,19.048,19.048,18.916,18.998,4749,0
2013-10-09,18.973,19.121,18.939,19.055,46525,0
2013-10-10,19.229,19.393,19.22,19.377,8372,0
2013-10-11,19.748,19.748,19.319,19.393,4603,0
2013-10-14,19.417,19.565,19.417,19.542,16927,0
2013-10-15,19.517,19.657,19.517,19.565,8894,0
2013-10-16,19.821,19.821,19.559,19.715,25234,0
2013-10-17,19.624,19.698,19.59,19.673,12061,0
2013-10-18,19.69,19.756,19.599,19.69,28168,0
2013-10-21,19.69,19.763,19.69,19.763,12066,0
2013-10-22,20.918,20.918,19.887,19.954,32027,0
2013-10-23,20.192,20.192,19.797,19.863,47296,0
2013-10-24,19.921,19.954,19.921,19.954,2810,0
2013-10-25,19.963,20.019,19.963,20.002,13733,0
2013-10-28,20.002,20.068,19.97,20.027,11941,0
2013-10-29,19.97,20.036,19.963,20.036,9349,0
2013-10-30,20.077,20.176,20.036,20.068,12246,0
2013-10-31,20.068,20.126,20.068,20.093,5944,0
2013-11-01,20.036,20.102,19.954,20.102,10209,0
2013-11-04,20.134,20.15,20.126,20.15,981,0
2013-11-05,20.126,20.316,20.068,20.11,7098,0
2013-11-06,20.11,20.118,20.077,20.102,3793,0
2013-11-07,20.226,20.226,20.027,20.036,8874,0
2013-11-08,20.168,20.259,20.15,20.242,12467,0
2013-11-11,20.275,20.291,20.233,20.275,7310,0
2013-11-12,20.192,20.217,20.102,20.168,12675,0
2013-11-13,20.102,20.217,20.086,20.209,5083,0
2013-11-14,20.415,20.415,20.068,20.333,22014,0
2013-11-15,20.25,20.407,20.25,20.366,15250,0
2013-11-18,20.803,20.803,20.463,20.463,11567,0
2013-11-19,20.555,20.555,20.399,20.44,5995,0
2013-11-20,20.546,20.546,20.407,20.415,9192,0
2013-11-21,20.498,20.529,20.463,20.529,16066,0
2013-11-22,20.605,20.605,20.529,20.563,4217,0
2013-11-25,20.95,20.95,20.671,20.687,7328,0
2013-11-26,20.72,20.746,20.72,20.746,2403,0
2013-11-27,20.918,20.918,20.787,20.859,13028,0
2013-11-29,20.941,20.941,20.892,20.933,2791,0
2013-12-02,20.927,20.968,20.892,20.918,9159,0
2013-12-03,20.663,20.663,20.44,20.488,14612,0
2013-12-04,20.391,20.391,19.574,20.349,17533,0
2013-12-05,20.44,20.44,20.168,20.168,6067,0
2013-12-06,20.463,20.463,20.366,20.415,5181,0
2013-12-09,20.291,20.456,20.291,20.423,4495,0
2013-12-10,20.307,20.333,20.242,20.3,7425,0
2013-12-11,20.275,20.275,20.126,20.15,11090,0
2013-12-12,20.036,20.093,19.986,20.059,12535,0
2013-12-13,20.036,20.102,20.027,20.102,41765,0
2013-12-16,20.374,20.399,20.325,20.374,16042,0
2013-12-17,20.63,20.63,20.291,20.358,11688,0
2013-12-18,20.728,20.728,20.48,20.579,13427,0
2013-12-19,20.703,20.812,20.654,20.812,9819,0
2013-12-20,20.884,20.927,20.884,20.892,8553,0
2013-12-23,20.918,21.157,20.918,21.141,15557,0
2013-12-24,21.189,21.279,21.189,21.279,14511,0
2013-12-26,21.379,21.42,21.354,21.388,14774,0
2013-12-27,21.279,21.379,21.272,21.371,11729,0
2013-12-30,21.371,21.428,21.321,21.403,9585,0
2013-12-31,21.437,21.593,21.437,21.545,198613,0
2014-01-02,21.297,21.297,20.91,20.968,25462,0
2014-01-03,21.272,21.272,21.033,21.066,41205,0
2014-01-06,21.321,21.321,21.058,21.091,26911,0
2014-01-07,21.297,21.297,21.141,21.182,14544,0
2014-01-08,21.313,21.313,21.124,21.165,19765,0
2014-01-09,21.354,21.354,21.008,21.075,14435,0
2014-01-10,21.288,21.288,21.049,21.173,19790,0
2014-01-13,21.321,21.321,20.992,20.992,25783,0
2014-01-14,21.141,21.321,21.124,21.321,11100,0
2014-01-15,21.792,21.792,21.585,21.701,16889,0
2014-01-16,21.931,21.931,21.619,21.684,23514,0
2014-01-17,21.824,21.824,21.602,21.651,6694,0
2014-01-21,22.097,22.097,21.643,21.726,61273,0
2014-01-22,21.89,21.89,21.585,21.635,28574,0
2014-01-23,21.561,21.643,21.345,21.412,75669,0
2014-01-24,21.337,21.337,20.769,20.769,66344,0
2014-01-27,21.001,21.001,20.654,20.654,637224,0
2014-01-28,20.803,21.016,20.769,20.933,33893,0
2014-01-29,20.645,20.794,20.514,20.663,42796,0
2014-01-30,20.892,20.892,20.687,20.777,26828,0
2014-01-31,20.488,20.588,20.285,20.538,31450,0
2014-02-03,20.636,20.636,20.15,20.15,38581,0
2014-02-04,20.11,20.307,20.11,20.217,74494,0
2014-02-05,20.275,20.463,20.275,20.333,14764,0
2014-02-06,20.48,20.588,20.415,20.572,10498,0
2014-02-07,20.645,20.761,20.63,20.761,8086,0
2014-02-10,20.803,20.803,20.645,20.679,18442,0
2014-02-11,20.968,21.141,20.968,21.132,12840,0
2014-02-12,21.141,21.263,21.141,21.223,10867,0
2014-02-13,21.255,21.371,21.116,21.371,19333,0
2014-02-14,21.42,21.545,21.388,21.478,48684,0
2014-02-18,21.611,21.611,21.388,21.445,23904,0
2014-02-19,21.412,21.545,21.272,21.337,12507,0
2014-02-20,21.207,21.337,21.189,21.215,7966,0
2014-02-21,21.42,21.47,21.379,21.445,8706,0
2014-02-24,21.428,21.602,21.379,21.545,10780,0
2014-02-25,21.397,21.512,21.397,21.455,6057,0
2014-02-26,21.527,21.527,21.362,21.362,10109,0
2014-02-27,21.263,21.33,21.182,21.24,10436,0
2014-02-28,21.397,21.42,21.223,21.321,6844,0
2014-03-03,21.016,21.182,20.192,20.746,56500,0
2014-03-04,21.337,21.337,21.157,21.24,8070,0
2014-03-05,21.279,21.279,21.149,21.165,6977,0
2014-03-06,21.288,21.288,21.157,21.189,15497,0
2014-03-07,21.182,21.182,20.777,20.869,8304,0
2014-03-10,20.621,20.636,20.529,20.636,4946,0
2014-03-11,20.812,20.812,20.663,20.671,10678,0
2014-03-12,20.226,20.546,20.226,20.415,14237,0
2014-03-13,20.612,20.612,19.904,19.904,13133,0
2014-03-14,19.863,20.176,19.863,20.143,6929,0
2014-03-17,20.307,20.407,20.307,20.383,5455,0
2014-03-18,20.514,20.605,20.472,20.563,27518,0
2014-03-19,20.572,20.654,20.423,20.423,19078,0
2014-03-20,20.48,20.671,20.431,20.529,24242,0
2014-03-21,20.728,20.728,20.506,20.546,18136,0
2014-03-24,20.654,20.654,20.3,20.44,17025,0
2014-03-25,20.636,20.746,20.605,20.654,3821,0
2014-03-26,21.182,21.182,20.844,20.844,20143,0
2014-03-27,20.927,20.927,20.812,20.927,13304,0
2014-03-28,20.959,21.198,20.959,21.091,13358,0
2014-03-31,21.182,21.207,21.099,21.189,3991,0
2014-04-01,21.255,21.255,21.223,21.255,2828,0
2014-04-02,21.297,21.379,21.248,21.354,6928,0
2014-04-03,21.519,21.519,21.272,21.362,8479,0
2014-04-04,21.354,21.362,21.297,21.321,3556,0
2014-04-07,21.016,21.099,20.901,21.033,20331,0
2014-04-08,20.941,20.968,20.859,20.968,8101,0
2014-04-09,21.058,21.058,20.984,20.984,3004,0
2014-04-10,21.016,21.016,20.72,20.72,2790,0
2014-04-11,20.538,20.645,20.44,20.506,13664,0
2014-04-14,20.44,20.621,20.44,20.563,6147,0
2014-04-15,20.563,20.621,20.134,20.307,2379,0
2014-04-16,20.498,20.712,20.498,20.712,19752,0
2014-04-17,20.695,20.968,20.695,20.968,1525,0
2014-04-21,21.084,21.084,20.859,20.901,4184,0
2014-04-22,21.231,21.288,21.207,21.272,15606,0
2014-04-23,21.099,21.157,21.066,21.066,2179,0
2014-04-24,21.075,21.132,21.066,21.066,33769,0
2014-04-25,20.959,20.959,20.803,20.803,2325,0
2014-04-28,20.975,20.984,20.736,20.91,15564,0
2014-04-29,21.116,21.132,21.116,21.124,1770,0
2014-04-30,21.207,21.263,21.173,21.24,10763,0
2014-05-01,21.397,21.397,21.263,21.288,4697,0
2014-05-02,21.165,21.182,21.049,21.116,2683,0
2014-05-05,21.049,21.075,20.794,21.075,11964,0
2014-05-06,20.884,20.941,20.859,20.859,3438,0
2014-05-07,20.85,21.058,20.85,21.058,7528,0
2014-05-08,21.288,21.288,21.091,21.149,84097,0
2014-05-09,21.248,21.248,21.173,21.231,2650,0
2014-05-12,21.397,21.495,21.397,21.461,3715,0
2014-05-13,21.519,21.519,21.519,21.519,924,0
2014-05-14,21.519,21.519,21.412,21.42,2914,0
2014-05-15,21.388,21.388,21.263,21.337,3245,0
2014-05-16,21.223,21.33,21.189,21.33,10698,0
2014-05-19,21.263,21.371,21.248,21.288,4249,0
2014-05-20,21.297,21.313,21.255,21.255,1716,0
2014-05-21,21.313,21.495,21.313,21.495,9156,0
2014-05-22,21.379,21.379,21.379,21.379,374,0
2014-05-23,21.57,21.619,21.47,21.619,2952,0
2014-05-27,21.774,21.923,21.749,21.874,3218,0
2014-05-28,21.94,21.94,21.94,21.94,505,0
2014-05-29,21.883,21.915,21.866,21.915,1736,0
2014-05-30,22.063,22.063,21.874,21.883,4518,0
2014-06-02,21.824,21.923,21.815,21.906,39704,0
2014-06-03,21.849,21.89,21.815,21.883,2712,0
2014-06-04,21.849,21.883,21.824,21.883,1606,0
2014-06-05,21.94,21.998,21.857,21.947,11046,0
2014-06-06,21.965,22.014,21.947,21.988,11468,0
2014-06-09,22.071,22.089,22.014,22.014,2501,0
2014-06-10,22.154,22.161,22.089,22.161,16502,0
2014-06-11,21.973,22.006,21.915,21.998,3877,0
2014-06-12,21.89,22.031,21.883,21.906,4632,0
2014-06-13,21.824,21.931,21.792,21.923,3732,0
2014-06-16,21.923,21.94,21.774,21.931,3139,0
2014-06-17,21.931,22.031,21.883,22.023,4946,0
2014-06-18,22.097,22.161,21.89,22.161,9185,0
2014-06-19,22.055,22.187,22.055,22.154,2738,0
2014-06-20,21.965,22.097,21.965,22.097,2675,0
2014-06-23,21.906,21.988,21.866,21.931,2086,0
2014-06-24,21.906,21.906,21.832,21.832,4892,0
2014-06-25,21.841,21.866,21.758,21.866,4726,0
2014-06-26,21.808,21.808,21.536,21.691,185286,0
2014-06-27,21.602,21.693,21.602,21.676,1771,0
2014-06-30,21.577,21.734,21.577,21.728,2029,0
2014-07-01,21.777,21.845,21.777,21.845,1355,0
2014-07-02,21.894,21.903,21.827,21.878,6221,0
2014-07-03,22.062,22.062,22.062,22.062,542,0
2014-07-07,21.946,21.946,21.835,21.869,4765,0
2014-07-08,21.619,21.652,21.493,21.56,9694,0
2014-07-09,21.41,21.669,21.41,21.619,3299,0
2014-07-10,21.318,21.51,21.3,21.3,21176,0
2014-07-11,21.184,21.283,21.184,21.249,2428,0
2014-07-14,21.326,21.552,21.326,21.535,12549,0
2014-07-15,21.434,21.544,21.376,21.443,3889,0
2014-07-16,21.66,21.71,21.66,21.71,2212,0
2014-07-17,21.636,21.636,21.401,21.426,4252,0
2014-07-18,21.326,21.468,21.226,21.459,8192,0
2014-07-21,21.209,21.259,21.192,21.259,721,0
2014-07-22,21.41,21.434,21.351,21.41,5167,0
2014-07-23,21.452,21.51,21.434,21.468,5943,0
2014-07-24,21.569,21.569,21.51,21.569,7498,0
2014-07-25,21.318,21.326,21.226,21.243,7240,0
2014-07-28,21.235,21.235,21.033,21.151,14385,0
2014-07-29,21.259,21.283,21.143,21.143,39162,0
2014-07-30,21.235,21.235,21.05,21.151,7243,0
2014-07-31,20.774,20.791,20.623,20.623,5378,0
2014-08-01,20.407,20.565,20.213,20.247,12271,0
2014-08-04,20.34,20.34,20.213,20.34,15390,0
2014-08-05,20.198,20.298,20.08,20.088,16433,0
2014-08-06,20.097,20.213,20.097,20.122,8464,0
2014-08-07,20.423,20.431,19.873,19.888,23910,0
2014-08-08,19.905,20.148,19.896,20.139,17755,0
2014-08-11,20.44,20.44,20.282,20.282,45879,0
2014-08-12,20.129,20.139,20.03,20.063,31129,0
2014-08-13,20.305,20.373,20.265,20.365,11397,0
2014-08-14,20.464,20.481,20.382,20.481,10418,0
2014-08-15,20.481,20.481,20.088,20.155,38338,0
2014-08-18,20.557,20.557,20.415,20.548,49492,0
2014-08-19,20.599,20.599,20.54,20.548,13782,0
2014-08-20,20.373,20.581,20.373,20.581,10214,0
2014-08-21,20.707,20.707,20.607,20.683,5954,0
2014-08-22,20.591,20.691,20.531,20.657,20409,0
2014-08-25,20.882,20.967,20.866,20.89,33901,0
2014-08-26,20.925,21.125,20.925,21.092,7673,0
2014-08-27,21.176,21.176,20.992,21.025,42398,0
2014-08-28,20.817,20.857,20.767,20.832,15721,0
2014-08-29,20.633,20.866,20.633,20.825,4526,0
2014-09-02,20.817,20.925,20.817,20.874,6594,0
2014-09-03,21.085,21.243,21.085,21.201,15992,0
2014-09-04,21.359,21.452,21.309,21.41,44716,0
2014-09-05,21.585,21.585,21.41,21.486,6198,0
2014-09-08,21.41,21.443,21.41,21.434,2002,0
2014-09-09,21.334,21.41,21.318,21.351,6545,0
2014-09-10,21.417,21.417,21.334,21.41,2120,0
2014-09-11,21.341,21.341,21.243,21.292,50581,0
2014-09-12,21.209,21.209,21.209,21.209,329,0
2014-09-15,21.209,21.283,21.201,21.218,16793,0
2014-09-16,21.117,21.235,21.1,21.192,59505,0
2014-09-17,21.235,21.235,21.226,21.226,1814,0
2014-09-18,21.417,21.468,21.417,21.468,1185,0
2014-09-19,21.569,21.577,21.459,21.459,3634,0
2014-09-22,21.477,21.477,21.443,21.459,2780,0
2014-09-23,21.025,21.249,21.025,21.1,60626,0
2014-09-24,21.117,21.275,21.117,21.259,11721,0
2014-09-25,21.151,21.151,20.817,20.866,5337,0
2014-09-26,20.882,20.967,20.882,20.925,14477,0
2014-09-29,20.666,20.767,20.649,20.733,30410,0
2014-09-30,20.758,20.825,20.733,20.825,61668,0
2014-10-01,20.733,20.733,20.581,20.623,16442,0
2014-10-02,20.507,20.507,20.213,20.298,40230,0
2014-10-03,20.473,20.499,20.398,20.499,2312,0
2014-10-06,20.407,20.523,20.155,20.172,8902,0
2014-10-07,20.005,20.148,19.896,19.988,1471,0
2014-10-08,19.922,20.03,19.762,20.005,29784,0
2014-10-09,20.013,20.013,19.586,19.586,7176,0
2014-10-10,19.336,19.578,19.336,19.361,53048,0
2014-10-13,19.353,19.462,19.176,19.176,15124,0
2014-10-14,19.42,19.445,19.303,19.353,17737,0
2014-10-15,19.268,19.268,18.759,18.935,23897,0
2014-10-16,18.783,18.96,18.316,18.818,34380,0
2014-10-17,19.219,19.504,19.185,19.395,18190,0
2014-10-20,19.336,19.336,19.176,19.252,12254,0
2014-10-21,19.562,19.704,19.538,19.645,36036,0
2014-10-22,19.728,19.728,19.562,19.569,8872,0
2014-10-23,19.813,19.996,19.813,19.996,7578,0
2014-10-24,19.863,19.905,19.797,19.846,146002,0
2014-10-27,19.696,19.696,19.629,19.645,2136,0
2014-10-28,20.013,20.022,19.863,20.022,4020,0
2014-10-29,20.097,20.106,19.896,20.03,27362,0
2014-10-30,19.797,20.222,19.797,20.106,4622,0
2014-10-31,20.523,20.557,20.39,20.531,2173,0
2014-11-03,20.415,20.423,20.407,20.407,1508,0
2014-11-04,20.373,20.39,20.172,20.348,97779,0
2014-11-05,20.481,20.574,20.473,20.507,145029,0
2014-11-06,20.725,20.733,20.607,20.715,6230,0
2014-11-07,20.447,20.447,20.398,20.407,2866,0
2014-11-10,20.415,20.615,20.415,20.591,19055,0
2014-11-11,20.623,20.64,20.581,20.615,8373,0
2014-11-12,20.324,20.373,20.265,20.365,6007,0
2014-11-13,20.373,20.44,20.373,20.415,12503,0
2014-11-14,20.407,20.431,20.407,20.415,894,0
2014-11-17,20.523,20.523,20.44,20.523,1901,0
2014-11-18,20.857,20.909,20.707,20.909,3740,0
2014-11-19,20.849,20.949,20.849,20.949,793,0
2014-11-20,20.909,20.94,20.715,20.94,1655,0
2014-11-21,21.443,21.468,21.259,21.443,30182,0
2014-11-24,21.619,21.628,21.535,21.56,5229,0
2014-11-25,21.685,21.827,21.66,21.734,39315,0
2014-11-26,21.861,21.894,21.819,21.869,4768,0
2014-11-28,21.937,21.946,21.861,21.946,5390,0
2014-12-01,21.937,21.995,21.886,21.995,9586,0
2014-12-02,21.903,21.953,21.819,21.953,9842,0
2014-12-03,21.962,22.037,21.927,22.037,21129,0
2014-12-04,21.853,21.911,21.693,21.777,31662,0
2014-12-05,22.053,22.228,22.053,22.204,10110,0
2014-12-08,22.07,22.161,21.946,21.953,11326,0
2014-12-09,21.628,21.728,21.552,21.728,10209,0
2014-12-10,21.644,21.734,21.417,21.493,13340,0
2014-12-11,21.878,21.878,21.676,21.693,11419,0
2014-12-12,21.41,21.426,21.1,21.1,35068,0
2014-12-15,21.249,21.249,20.548,20.557,69624,0
2014-12-16,20.34,21.025,20.34,20.825,28765,0
2014-12-17,21.125,21.259,20.932,21.226,16968,0
2014-12-18,21.526,21.702,21.526,21.66,6210,0
2014-12-19,21.613,21.669,21.477,21.613,5047,0
2014-12-22,21.823,21.841,21.659,21.787,19497,0
2014-12-23,21.95,21.95,21.768,21.768,22550,0
2014-12-24,21.914,22.033,21.723,21.977,7080,0
2014-12-26,21.85,22.051,21.813,22.051,2910,0
2014-12-29,21.805,21.868,21.749,21.868,7103,0
2014-12-30,21.586,21.74,21.431,21.468,28947,0
2014-12-31,21.569,21.595,21.313,21.367,91938,0
2015-01-02,21.605,21.605,21.477,21.577,8422,0
2015-01-05,21.214,21.249,20.857,20.94,9218,0
2015-01-06,20.968,21.012,20.904,20.904,166633,0
2015-01-07,21.285,21.285,21.022,21.204,24481,0
2015-01-08,21.431,21.723,21.396,21.695,81993,0
2015-01-09,21.768,21.795,21.304,21.44,64463,0
2015-01-12,21.404,21.586,21.404,21.586,5215,0
2015-01-13,22.005,22.005,21.605,21.704,16007,0
2015-01-14,21.768,21.831,21.613,21.831,7130,0
2015-01-15,22.096,22.168,22.042,22.096,12798,0
2015-01-16,22.259,22.778,22.241,22.733,355972,0
2015-01-20,22.769,22.888,22.587,22.642,126255,0
2015-01-21,22.578,22.751,22.469,22.751,113045,0
2015-01-22,22.879,23.27,22.714,23.196,69960,0
2015-01-23,23.461,23.515,23.316,23.407,116737,0
2015-01-26,23.644,23.842,23.552,23.798,150338,0
2015-01-27,23.57,23.57,23.307,23.407,98968,0
2015-01-28,23.616,23.634,23.279,23.297,63433,0
2015-01-29,23.515,23.707,23.479,23.707,80845,0
2015-01-30,23.661,23.661,23.378,23.397,46445,0
2015-02-02,23.525,23.852,23.433,23.824,51065,0
2015-02-03,24.016,24.061,23.879,24.053,330258,0
2015-02-04,23.806,23.988,23.698,23.806,70695,0
2015-02-05,23.788,24.007,23.788,24.007,208824,0
2015-02-06,23.861,23.953,23.661,23.725,53810,0
2015-02-09,23.451,23.469,22.769,23.397,48256,0
2015-02-10,23.707,23.788,23.525,23.752,75589,0
2015-02-11,23.735,23.735,23.543,23.688,32330,0
2015-02-12,24.108,24.152,23.925,24.152,131845,0
2015-02-13,24.316,24.316,24.071,24.171,94178,0
2015-02-17,23.943,24.098,23.824,24.035,92225,0
2015-02-18,24.171,24.207,24.089,24.171,396591,0
2015-02-19,24.18,24.225,24.116,24.207,75776,0
2015-02-20,24.289,24.563,24.18,24.507,124225,0
2015-02-23,24.599,24.599,24.435,24.517,383927,0
2015-02-24,24.553,24.725,24.499,24.707,87975,0
2015-02-25,24.634,24.699,24.599,24.671,83873,0
2015-02-26,24.798,24.953,24.772,24.917,69439,0
2015-02-27,24.935,25.071,24.89,25.034,107580,0
2015-03-02,25.071,25.153,25.009,25.153,254714,0
2015-03-03,25.052,25.071,24.753,24.89,180321,0
2015-03-04,24.899,25.081,24.689,25.044,121094,0
2015-03-05,25.254,25.308,25.172,25.245,167245,0
2015-03-06,25.29,25.427,25.217,25.254,199441,0
2015-03-09,25.318,25.454,25.299,25.436,714802,0
2015-03-10,25.207,25.354,25.099,25.281,665134,0
2015-03-11,25.672,25.964,25.581,25.927,297350,0
2015-03-12,25.828,25.954,25.782,25.954,349765,0
2015-03-13,25.81,26.21,25.782,26.201,396247,0
2015-03-16,26.5,26.692,26.399,26.61,458660,0
2015-03-17,26.273,26.382,26.119,26.301,258010,0
2015-03-18,26.1,26.264,25.982,26.008,398224,0
2015-03-19,25.945,26.137,25.864,26.109,227572,0
2015-03-20,26.391,26.437,26.273,26.327,176585,0
2015-03-23,26.072,26.1,25.935,25.935,198123,0
2015-03-24,26.164,26.345,26.1,26.219,110324,0
2015-03-25,26.237,26.245,25.945,25.964,193069,0
2015-03-26,25.627,26.046,25.581,25.999,148565,0
2015-03-27,26.018,26.09,25.927,26.036,74612,0
2015-03-30,26.345,26.5,26.318,26.464,226802,0
2015-03-31,26.191,26.301,26.082,26.119,325339,0
2015-04-01,26.409,26.418,26.182,26.301,234385,0
2015-04-02,26.245,26.292,26.146,26.255,478000,0
2015-04-06,26.064,26.382,26.064,26.309,291086,0
2015-04-07,26.464,26.574,26.418,26.446,111202,0
2015-04-08,26.455,26.482,26.292,26.427,487342,0
2015-04-09,26.564,26.773,26.491,26.701,105486,0
2015-04-10,27.029,27.12,26.973,27.12,246142,0
2015-04-13,27.074,27.083,26.865,26.91,257572,0
2015-04-14,26.855,26.855,26.692,26.819,174059,0
2015-04-15,26.901,26.919,26.701,26.755,265731,0
2015-04-16,26.418,26.446,26.21,26.264,225712,0
2015-04-17,25.8,25.927,25.5,25.554,391740,0
2015-04-20,26.018,26.072,25.935,25.999,303604,0
2015-04-21,26.345,26.382,26.119,26.21,311513,0
2015-04-22,26.027,26.1,25.864,26.064,157216,0
2015-04-23,25.753,25.836,25.608,25.782,139773,0
2015-04-24,25.736,25.909,25.672,25.845,160102,0
2015-04-27,26.273,26.345,26.191,26.219,219662,0
2015-04-28,25.982,26.008,25.663,25.864,157245,0
2015-04-29,25.382,25.436,24.816,25.089,332293,0
2015-04-30,25.153,25.245,24.753,24.816,107139,0
2015-05-01,24.899,25.189,24.899,25.189,88127,0
2015-05-04,25.318,25.4,25.271,25.318,157905,0
2015-05-05,25.099,25.144,24.625,24.699,388004,0
2015-05-06,24.753,24.808,24.48,24.653,160494,0
2015-05-07,24.725,24.863,24.717,24.789,167346,0
2015-05-08,25.153,25.508,25.116,25.48,62526,0
2015-05-11,25.39,25.445,25.264,25.299,45054,0
2015-05-12,25.034,25.071,24.844,25.026,97258,0
2015-05-13,25.009,25.044,24.581,24.671,155158,0
2015-05-14,24.935,25.189,24.935,25.153,250429,0
2015-05-15,25.099,25.144,24.772,24.972,88657,0
2015-05-18,25.062,25.308,25.026,25.299,83241,0
2015-05-19,25.663,25.873,25.599,25.736,137796,0
2015-05-20,25.699,25.828,25.663,25.791,110984,0
2015-05-21,25.727,25.845,25.699,25.845,160761,0
2015-05-22,25.763,25.763,25.663,25.727,101754,0
2015-05-26,25.508,25.508,25.217,25.336,82792,0
2015-05-27,25.327,25.627,25.318,25.599,128675,0
2015-05-28,25.49,25.563,25.271,25.462,25025,0
2015-05-29,25.144,25.144,24.798,24.908,55162,0
2015-06-01,24.953,25.018,24.798,24.953,39876,0
2015-06-02,24.634,24.78,24.571,24.699,62243,0
2015-06-03,24.945,24.953,24.707,24.836,300535,0
2015-06-04,24.699,24.917,24.407,24.507,40218,0
2015-06-05,24.471,24.517,24.316,24.334,25053,0
2015-06-08,24.089,24.198,23.889,23.943,156366,0
2015-06-09,23.824,23.98,23.725,23.834,1019519,0
2015-06-10,24.225,24.59,24.171,24.489,278329,0
2015-06-11,24.863,24.917,24.563,24.617,292636,0
2015-06-12,24.325,24.381,24.108,24.362,62305,0
2015-06-15,23.943,23.997,23.861,23.943,76480,0
2015-06-16,23.898,24.098,23.87,24.061,109335,0
2015-06-17,23.961,24.061,23.606,23.707,206035,0
2015-06-18,23.707,24.499,23.698,24.18,104720,0
2015-06-19,24.089,24.108,23.906,23.98,67468,0
2015-06-22,24.707,24.908,24.661,24.826,482506,0
2015-06-23,25.199,25.281,25.081,25.144,447679,0
2015-06-24,24.951,25.027,24.77,24.817,141329,0
2015-06-25,24.884,24.951,24.674,24.903,187111,0
2015-06-26,25.055,25.151,24.951,25.084,88946,0
2015-06-29,24.589,24.589,23.834,23.843,362802,0
2015-06-30,24.197,24.206,23.786,23.958,180808,0
2015-07-01,24.436,24.55,24.206,24.321,77107,0
2015-07-02,24.216,24.263,24.092,24.188,104242,0
2015-07-06,23.681,23.892,23.538,23.653,499417,0
2015-07-07,23.595,23.758,23.281,23.74,263485,0
2015-07-08,23.462,23.481,23.243,23.338,130119,0
2015-07-09,23.929,23.986,23.853,23.863,208483,0
2015-07-10,24.55,24.808,24.503,24.779,98270,0
2015-07-13,25.019,25.019,24.856,24.961,172968,0
2015-07-14,24.874,25.094,24.817,25.075,145039,0
2015-07-15,25.113,25.142,24.97,25.065,113279,0
2015-07-16,25.476,25.552,25.438,25.485,480245,0
2015-07-17,25.438,25.438,25.343,25.419,101309,0
2015-07-20,25.6,25.6,25.466,25.542,58983,0
2015-07-21,25.324,25.381,25.151,25.208,104032,0
2015-07-22,25.019,25.132,24.951,25.094,61183,0
2015-07-23,25.036,25.075,24.865,24.884,35831,0
2015-07-24,24.894,24.951,24.56,24.569,227237,0
2015-07-27,24.234,24.234,24.006,24.045,387527,0
2015-07-28,24.292,24.436,24.159,24.397,340697,0
2015-07-29,24.387,24.56,24.359,24.512,84232,0
2015-07-30,24.455,24.522,24.263,24.522,97956,0
2015-07-31,24.464,24.684,24.387,24.645,277210,0
2015-08-03,24.932,24.951,24.808,24.874,32496,0
2015-08-04,24.923,25.009,24.923,25.009,18754,0
2015-08-05,25.247,25.371,25.247,25.275,170768,0
2015-08-06,25.343,25.361,25.113,25.228,20923,0
2015-08-07,25.104,25.151,25.009,25.065,16973,0
2015-08-10,25.122,25.275,25.122,25.275,35620,0
2015-08-11,24.684,24.703,24.55,24.625,79741,0
2015-08-12,23.949,24.073,23.72,24.063,703710,0
2015-08-13,24.092,24.111,23.968,23.986,80251,0
2015-08-14,24.016,24.131,23.949,24.102,63383,0
2015-08-17,23.73,23.978,23.701,23.978,134728,0
2015-08-18,23.892,23.91,23.776,23.824,81927,0
2015-08-19,23.548,23.548,23.338,23.385,79936,0
2015-08-20,23.108,23.108,22.517,22.526,90832,0
2015-08-21,22.393,22.584,21.763,21.82,274799,0
2015-08-24,20.646,21.591,20.073,20.951,1078891,0
2015-08-25,21.896,22.202,21.342,21.391,69879,0
2015-08-26,22.078,22.24,21.649,22.24,87688,0
2015-08-27,22.535,22.67,22.383,22.641,842315,0
2015-08-28,22.422,22.545,22.336,22.526,27554,0
2015-08-31,22.307,22.469,22.297,22.393,34258,0
2015-09-01,21.925,21.954,21.676,21.725,294706,0
2015-09-02,22.106,22.154,21.925,22.154,250704,0
2015-09-03,22.479,22.689,22.393,22.393,177787,0
2015-09-04,21.973,22.078,21.782,21.925,62126,0
2015-09-08,22.574,22.631,22.432,22.593,131690,0
2015-09-09,22.842,22.86,22.23,22.259,73127,0
2015-09-10,22.336,22.469,22.326,22.432,38304,0
2015-09-11,22.192,22.297,22.144,22.279,65793,0
2015-09-14,22.192,22.307,22.126,22.212,33839,0
2015-09-15,22.22,22.441,22.183,22.432,77003,0
2015-09-16,22.383,22.441,22.365,22.441,10896,0
2015-09-17,22.402,22.498,22.288,22.316,20299,0
2015-09-18,21.668,21.858,21.62,21.772,35831,0
2015-09-21,21.753,21.82,21.649,21.801,41172,0
2015-09-22,21.153,21.181,20.971,21.104,38239,0
2015-09-23,21.162,21.2,20.98,21.018,102985,0
2015-09-24,20.627,20.923,20.503,20.894,56930,0
2015-09-25,21.2,21.266,20.971,21.066,48087,0
2015-09-28,20.961,20.961,20.666,20.703,57832,0
2015-09-29,20.694,20.77,20.589,20.732,72708,0
2015-09-30,21.181,21.266,20.971,21.143,59507,0
2015-10-01,21.086,21.086,20.742,20.913,40544,0
2015-10-02,20.666,21.162,20.57,21.162,25668,0
2015-10-05,21.477,21.611,21.458,21.591,149105,0
2015-10-06,21.63,21.725,21.563,21.601,64012,0
2015-10-07,21.925,22.04,21.753,21.906,36143,0
2015-10-08,21.829,22.088,21.82,22.078,38973,0
2015-10-09,22.106,22.106,21.982,22.106,15506,0
2015-10-12,22.05,22.134,22.011,22.106,36051,0
2015-10-13,21.801,21.964,21.733,21.839,15296,0
2015-10-14,21.792,21.915,21.658,21.676,72708,0
2015-10-15,21.954,22.154,21.906,22.106,136405,0
2015-10-16,21.982,22.068,21.964,22.068,30487,0
2015-10-19,22.106,22.192,22.097,22.163,32791,0
2015-10-20,22.068,22.185,22.068,22.116,51246,0
2015-10-21,22.326,22.393,22.202,22.202,49345,0
2015-10-22,22.641,23.032,22.641,22.955,38239,0
2015-10-23,23.414,23.605,23.405,23.558,71555,0
2015-10-26,23.558,23.567,23.395,23.462,36143,0
2015-10-27,23.31,23.376,23.214,23.261,12782,0
2015-10-28,23.366,23.691,23.366,23.691,15191,0
2015-10-29,23.491,23.519,23.376,23.509,78784,0
2015-10-30,23.433,23.624,23.433,23.491,40021,0
2015-11-02,23.796,23.853,23.748,23.843,37657,0
2015-11-03,23.672,23.843,23.672,23.748,10267,0
2015-11-04,23.672,23.672,23.481,23.558,50254,0
2015-11-05,23.662,23.701,23.548,23.605,15925,0
2015-11-06,23.882,23.939,23.786,23.805,4818,0
2015-11-09,23.73,23.73,23.385,23.499,42841,0
2015-11-10,23.452,23.538,23.395,23.529,6600,0
2015-11-11,23.653,23.653,23.519,23.548,32791,0
2015-11-12,23.356,23.414,23.253,23.253,170977,0
2015-11-13,23.204,23.261,23.042,23.137,55527,0
2015-11-16,23.204,23.462,23.204,23.462,24829,0
2015-11-17,23.672,23.815,23.577,23.653,43792,0
2015-11-18,23.776,23.939,23.691,23.92,47250,0
2015-11-19,24.006,24.082,23.978,23.978,107490,0
2015-11-20,24.111,24.149,24.035,24.054,29858,0
2015-11-23,24.045,24.082,23.91,23.978,20534,0
2015-11-24,23.644,23.815,23.634,23.776,49240,0
2015-11-25,24.111,24.216,24.111,24.149,23782,0
2015-11-27,24.426,24.473,24.407,24.455,28496,0
2015-11-30,24.598,24.635,24.55,24.569,70822,0
2015-12-01,24.512,24.532,24.35,24.407,21564,0
2015-12-02,24.263,24.369,24.025,24.025,19159,0
2015-12-03,23.748,23.758,23.071,23.128,153598,0
2015-12-04,23.176,23.586,23.176,23.548,31953,0
2015-12-07,23.796,23.796,23.558,23.672,25039,0
2015-12-08,23.147,23.271,23.061,23.166,15630,0
2015-12-09,22.937,23.137,22.67,22.766,24096,0
2015-12-10,22.852,23.099,22.852,22.955,60345,0
2015-12-11,22.412,22.479,22.24,22.279,71660,0
2015-12-14,22.345,22.345,21.935,22.259,125685,0
2015-12-15,22.574,22.727,22.574,22.603,33210,0
2015-12-16,22.856,23.113,22.693,23.085,256824,0
2015-12-17,23.401,23.401,23.219,23.295,29058,0
2015-12-18,22.989,23.027,22.864,22.864,20906,0
2015-12-21,23.295,23.295,22.702,22.836,24982,0
2015-12-22,22.769,22.932,22.645,22.913,43947,0
2015-12-23,23.103,23.324,23.103,23.295,131705,0
2015-12-24,23.199,23.352,23.199,23.305,64225,0
2015-12-28,23.152,23.209,23.066,23.162,50479,0
2015-12-29,23.515,23.576,23.461,23.515,17179,0
2015-12-30,23.315,23.315,23.171,23.171,28689,0
2015-12-31,23.152,23.179,22.96,22.97,52490,0
2016-01-04,22.558,22.578,22.286,22.454,49104,0
2016-01-05,22.425,22.467,22.319,22.444,12060,0
2016-01-06,22.004,22.195,21.956,22.09,262694,0
2016-01-07,21.602,21.774,21.343,21.343,90453,0
2016-01-08,21.774,21.774,21.143,21.171,58344,0
2016-01-11,21.611,21.611,21.298,21.468,59448,0
2016-01-12,21.831,21.908,21.602,21.86,304244,0
2016-01-13,21.917,21.917,21.204,21.267,150609,0
2016-01-14,21.229,21.592,21.143,21.592,38295,0
2016-01-15,20.588,20.788,20.435,20.559,151881,0
2016-01-19,21.008,21.028,20.741,20.865,16725,0
2016-01-20,20.521,20.621,20.071,20.492,130903,0
2016-01-21,20.665,20.942,20.636,20.751,59583,0
2016-01-22,21.343,21.392,21.21,21.353,69145,0
2016-01-25,21.181,21.248,21.028,21.066,100231,0
2016-01-26,21.19,21.449,21.19,21.449,48178,0
2016-01-27,21.353,21.554,21.123,21.181,40164,0
2016-01-28,21.229,21.229,20.904,20.988,22069,0
2016-01-29,21.257,21.401,21.143,21.401,99151,0
2016-02-01,21.133,21.267,21.008,21.267,73600,0
2016-02-02,20.904,20.904,20.684,20.712,34705,0
2016-02-03,20.847,20.847,20.377,20.734,111390,0
2016-02-04,20.339,20.521,20.253,20.453,147944,0
2016-02-05,20.53,20.53,20.119,20.138,29075,0
2016-02-08,19.622,19.66,19.411,19.583,72205,0
2016-02-09,19.067,19.459,19.028,19.344,102857,0
2016-02-10,19.66,19.851,19.392,19.411,89847,0
2016-02-11,19.172,19.277,19.013,19.22,154444,0
2016-02-12,19.411,19.545,19.277,19.545,62639,0
2016-02-16,19.88,20.081,19.813,20.081,56835,0
2016-02-17,20.32,20.54,20.32,20.54,193508,0
2016-02-18,20.779,20.779,20.569,20.612,153048,0
2016-02-19,20.416,20.482,20.367,20.445,90503,0
2016-02-22,20.788,20.904,20.788,20.865,55116,0
2016-02-23,20.741,20.741,20.473,20.521,22109,0
2016-02-24,20.081,20.272,19.889,20.253,97277,0
2016-02-25,20.377,20.435,20.214,20.435,27100,0
2016-02-26,20.693,20.734,20.636,20.652,42455,0
2016-02-29,20.569,20.655,20.483,20.502,10860,0
2016-03-01,20.98,21.267,20.951,21.257,56464,0
2016-03-02,21.143,21.265,21.087,21.248,72951,0
2016-03-03,21.245,21.296,21.153,21.278,243041,0
2016-03-04,21.339,21.429,21.21,21.306,16465,0
2016-03-07,21.114,21.278,21.114,21.233,6583,0
2016-03-08,21.153,21.171,21,21.047,18295,0
2016-03-09,21.257,21.267,21.057,21.078,65627,0
2016-03-10,21.372,21.452,20.483,20.684,158063,0
2016-03-11,21.296,21.525,21.229,21.525,406043,0
2016-03-14,21.631,21.784,21.631,21.755,17571,0
2016-03-15,21.506,21.611,21.506,21.611,13401,0
2016-03-16,21.602,21.764,21.602,21.745,13912,0
2016-03-17,21.392,21.564,21.335,21.525,87091,0
2016-03-18,21.564,21.659,21.564,21.641,33586,0
2016-03-21,21.582,21.707,21.573,21.678,27644,0
2016-03-22,21.525,21.794,21.525,21.755,21372,0
2016-03-23,21.889,21.889,21.707,21.764,28999,0
2016-03-24,21.478,21.525,21.458,21.506,43748,0
2016-03-28,21.343,21.545,21.343,21.516,85538,0
2016-03-29,21.363,21.659,21.363,21.659,32039,0
2016-03-30,21.927,22.023,21.88,21.898,71656,0
2016-03-31,21.755,21.774,21.65,21.659,84342,0
2016-04-01,21.219,21.458,21.153,21.439,24338,0
2016-04-04,21.458,21.469,21.306,21.343,20426,0
2016-04-05,20.904,21.028,20.818,20.818,112652,0
2016-04-06,20.808,21.133,20.798,21.114,16241,0
2016-04-07,20.932,20.934,20.674,20.722,39191,0
2016-04-08,21.123,21.123,20.951,21.008,15912,0
2016-04-11,21.248,21.248,21.101,21.104,2323,0
2016-04-12,21.19,21.382,21.181,21.363,19298,0
2016-04-13,21.698,21.908,21.698,21.87,56302,0
2016-04-14,21.956,22.013,21.956,21.994,10950,0
2016-04-15,21.927,21.937,21.86,21.89,13049,0
2016-04-18,21.889,22.099,21.87,22.09,9149,0
2016-04-19,22.444,22.568,22.444,22.568,38268,0
2016-04-20,22.578,22.75,22.549,22.683,42188,0
2016-04-21,22.568,22.68,22.549,22.635,8382,0
2016-04-22,22.607,22.645,22.511,22.607,66730,0
2016-04-25,22.415,22.472,22.339,22.472,20728,0
2016-04-26,22.339,22.415,22.287,22.415,68619,0
2016-04-27,22.386,22.53,22.386,22.492,27997,0
2016-04-28,22.233,22.482,22.233,22.243,8463,0
2016-04-29,22.042,22.052,21.87,21.927,11558,0
2016-05-02,22.09,22.109,21.975,22.099,53060,0
2016-05-03,21.698,21.735,21.65,21.683,14399,0
2016-05-04,21.458,21.602,21.401,21.429,311165,0
2016-05-05,21.392,21.506,21.392,21.488,13009,0
2016-05-06,21.564,21.631,21.496,21.621,20025,0
2016-05-09,21.811,21.87,21.717,21.763,52210,0
2016-05-10,21.87,21.984,21.851,21.975,22222,0
2016-05-11,21.794,21.841,21.678,21.678,2685,0
2016-05-12,21.812,21.812,21.545,21.573,44817,0
2016-05-13,21.611,21.745,21.564,21.582,11576,0
2016-05-16,21.468,21.717,21.468,21.707,41217,0
2016-05-17,21.602,21.65,21.449,21.496,12111,0
2016-05-18,21.488,21.735,21.488,21.688,6714,0
2016-05-19,21.439,21.496,21.42,21.496,8208,0
2016-05-20,21.592,21.678,21.592,21.65,8025,0
2016-05-23,21.525,21.611,21.496,21.506,59159,0
2016-05-24,21.822,22.09,21.822,22.052,93128,0
2016-05-25,22.166,22.281,22.166,22.243,16549,0
2016-05-26,22.339,22.396,22.329,22.368,18396,0
2016-05-27,22.368,22.444,22.368,22.434,13988,0
2016-05-31,22.454,22.516,22.31,22.396,116094,0
2016-06-01,22.223,22.262,22.176,22.262,31443,0
2016-06-02,22.157,22.368,22.157,22.339,84768,0
2016-06-03,22.09,22.09,21.917,22.052,108248,0
2016-06-06,22.061,22.114,22.061,22.109,7263,0
2016-06-07,22.368,22.444,22.348,22.368,29840,0
2016-06-08,22.3,22.319,22.214,22.319,52088,0
2016-06-09,21.984,22.061,21.975,22.042,58533,0
2016-06-10,21.478,21.564,21.352,21.429,112394,0
2016-06-13,21.094,21.248,20.961,21.008,45251,0
2016-06-14,20.923,20.985,20.789,20.923,32244,0
2016-06-15,21.047,21.086,20.875,20.904,48898,0
2016-06-16,20.702,21.076,20.636,21.076,145507,0
2016-06-17,21.037,21.219,20.98,21.19,99036,0
2016-06-20,21.707,21.735,21.659,21.678,20052,0
2016-06-21,21.828,22.065,21.824,21.982,14949,0
2016-06-22,22.055,22.125,21.937,21.937,69656,0
2016-06-23,22.223,22.559,22.144,22.539,25290,0
2016-06-24,20.959,21.269,20.729,20.791,177059,0
2016-06-27,20.544,20.594,20.228,20.475,116620,0
2016-06-28,20.791,20.831,20.633,20.781,294930,0
2016-06-29,21.018,21.018,20.92,20.989,3590,0
2016-06-30,21.008,21.378,20.959,21.295,28483,0
2016-07-01,21.315,21.443,21.315,21.344,15995,0
2016-07-05,20.949,20.949,20.712,20.791,30285,0
2016-07-06,20.485,20.673,20.386,20.653,46605,0
2016-07-07,20.663,20.722,20.515,20.565,13843,0
2016-07-08,20.989,21.078,20.989,21.068,16713,0
2016-07-11,21.384,21.512,21.384,21.394,12690,0
2016-07-12,21.769,21.806,21.73,21.739,140636,0
2016-07-13,21.779,21.779,21.66,21.73,30393,0
2016-07-14,21.991,22.046,21.947,21.986,41480,0
2016-07-15,21.968,21.998,21.937,21.986,104768,0
2016-07-18,21.937,22.075,21.907,21.976,12776,0
2016-07-19,21.823,21.848,21.794,21.828,10003,0
2016-07-20,22.125,22.174,22.085,22.115,51106,0
2016-07-21,22.154,22.245,22.086,22.125,43926,0
2016-07-22,22.174,22.211,22.154,22.194,5079,0
2016-07-25,22.342,22.342,22.233,22.273,35635,0
2016-07-26,22.391,22.451,22.372,22.411,6615,0
2016-07-27,22.569,22.569,22.49,22.5,22259,0
2016-07-28,22.539,22.599,22.5,22.589,16976,0
2016-07-29,22.5,22.618,22.5,22.599,58447,0
2016-08-01,22.549,22.609,22.49,22.534,57672,0
2016-08-02,22.302,22.312,22.144,22.204,37313,0
2016-08-03,22.301,22.312,22.226,22.312,32094,0
2016-08-04,22.362,22.411,22.293,22.372,76188,0
2016-08-05,22.579,22.678,22.579,22.668,4238,0
2016-08-08,22.796,22.846,22.767,22.796,40846,0
2016-08-09,23.004,23.359,23.004,23.31,35206,0
2016-08-10,23.27,23.317,23.251,23.26,15682,0
2016-08-11,23.419,23.507,23.399,23.488,26190,0
2016-08-12,23.428,23.438,23.399,23.419,9782,0
2016-08-15,23.498,23.517,23.478,23.488,12931,0
2016-08-16,23.339,23.419,23.339,23.349,13849,0
2016-08-17,23.102,23.221,23.023,23.221,23628,0
2016-08-18,23.171,23.201,23.122,23.169,17855,0
2016-08-19,23.023,23.102,22.965,23.102,18336,0
2016-08-22,22.895,23.023,22.895,23.023,18470,0
2016-08-23,23.211,23.231,23.155,23.191,15518,0
2016-08-24,23.191,23.251,23.191,23.231,24084,0
2016-08-25,22.994,23.043,22.994,22.994,4200,0
2016-08-26,23.152,23.152,22.905,23.023,13769,0
2016-08-29,23.053,23.122,23.053,23.122,4513,0
2016-08-30,23.29,23.359,23.251,23.27,10813,0
2016-08-31,23.221,23.27,23.122,23.172,5592,0
2016-09-01,23.241,23.241,23.007,23.132,23148,0
2016-09-02,23.27,23.468,23.27,23.428,15014,0
2016-09-06,23.488,23.488,23.32,23.399,140669,0
2016-09-07,23.468,23.507,23.468,23.498,2501,0
2016-09-08,23.241,23.389,23.241,23.339,11549,0
2016-09-09,23.132,23.132,22.905,22.905,16195,0
2016-09-12,22.658,23.023,22.658,23.023,13584,0
2016-09-13,22.826,22.836,22.668,22.776,22580,0
2016-09-14,22.737,22.786,22.697,22.697,5306,0
2016-09-15,22.697,22.885,22.688,22.882,6822,0
2016-09-16,22.52,22.599,22.52,22.569,11516,0
2016-09-19,22.678,22.749,22.638,22.668,8268,0
2016-09-20,22.856,22.895,22.767,22.806,65766,0
2016-09-21,22.905,23.033,22.816,23.014,138622,0
2016-09-22,23.349,23.428,23.349,23.389,19915,0
2016-09-23,23.27,23.29,23.251,23.26,15280,0
2016-09-26,22.865,22.865,22.776,22.776,7414,0
2016-09-27,22.628,22.826,22.628,22.816,8921,0
2016-09-28,22.964,23.083,22.895,23.083,7814,0
2016-09-29,23.063,23.063,22.592,22.592,26692,0
2016-09-30,22.776,23.141,22.776,23.102,9591,0
2016-10-03,22.905,23.014,22.905,23.014,7318,0
2016-10-04,23.211,23.356,23.093,23.152,188391,0
2016-10-05,23.231,23.27,23.211,23.26,230008,0
2016-10-06,23.181,23.28,23.181,23.26,26317,0
2016-10-07,23.023,23.053,22.915,23.004,27553,0
2016-10-10,23.201,23.32,23.201,23.317,7285,0
2016-10-11,23.29,23.29,23.132,23.162,20614,0
2016-10-12,23.073,23.132,23.043,23.102,11235,0
2016-10-13,22.767,22.956,22.767,22.895,18638,0
2016-10-14,23.181,23.221,23.162,23.211,15869,0
2016-10-17,23.073,23.112,22.994,23.033,14201,0
2016-10-18,23.32,23.328,23.27,23.29,19034,0
2016-10-19,23.349,23.369,23.32,23.33,42009,0
2016-10-20,23.359,23.468,23.339,23.419,48400,0
2016-10-21,23.32,23.419,23.32,23.419,30281,0
2016-10-24,23.577,23.626,23.507,23.537,6581,0
2016-10-25,23.527,23.577,23.448,23.498,7743,0
2016-10-26,23.29,23.389,23.29,23.349,92139,0
2016-10-27,23.399,23.448,23.33,23.379,25112,0
2016-10-28,23.29,23.379,23.251,23.27,19636,0
2016-10-31,23.28,23.339,23.261,23.32,2236,0
2016-11-01,23.241,23.241,22.895,22.994,34937,0
2016-11-02,22.826,22.826,22.638,22.697,34120,0
2016-11-03,22.727,22.727,22.53,22.549,85489,0
2016-11-04,22.391,22.447,22.322,22.332,7753,0
2016-11-07,22.767,22.836,22.767,22.826,11079,0
2016-11-08,22.796,22.857,22.796,22.857,477,0
2016-11-09,22.806,23.26,22.806,23.251,39468,0
2016-11-10,23.26,23.28,23.053,23.191,27406,0
2016-11-11,23.211,23.251,23.152,23.251,18029,0
2016-11-14,23.311,23.311,23.201,23.251,17110,0
2016-11-15,23.251,23.369,23.231,23.369,42972,0
2016-11-16,23.102,23.241,23.102,23.201,19788,0
2016-11-17,23.132,23.32,23.132,23.32,18324,0
2016-11-18,23.26,23.27,23.181,23.191,30776,0
2016-11-21,23.241,23.32,23.197,23.28,34602,0
2016-11-22,23.369,23.369,23.28,23.349,42117,0
2016-11-23,23.053,23.257,23.053,23.241,51776,0
2016-11-25,23.26,23.32,23.241,23.31,22540,0
2016-11-28,23.152,23.181,23.033,23.033,28409,0
2016-11-29,23.043,23.191,23.043,23.152,25505,0
2016-11-30,23.221,23.26,23.189,23.191,12855,0
2016-12-01,22.984,22.994,22.846,22.865,16349,0
2016-12-02,22.776,22.984,22.776,22.935,20610,0
2016-12-05,23.162,23.31,23.162,23.31,133681,0
2016-12-06,23.3,23.577,23.3,23.577,15206,0
2016-12-07,23.705,24.09,23.705,24.041,32020,0
2016-12-08,24.238,24.342,24.209,24.258,25588,0
2016-12-09,24.317,24.446,24.317,24.416,52142,0
2016-12-12,24.258,24.337,24.258,24.298,6997,0
2016-12-13,24.446,24.574,24.446,24.505,12625,0
2016-12-14,24.426,24.599,24.416,24.478,30813,0
2016-12-15,24.475,24.708,24.475,24.673,18939,0
2016-12-16,24.722,24.811,24.693,24.722,33380,0
2016-12-19,24.712,24.835,24.712,24.762,68352,0
2016-12-20,24.87,24.89,24.859,24.87,9382,0
2016-12-21,24.87,24.93,24.87,24.92,15433,0
2016-12-22,24.9,24.917,24.87,24.878,17989,0
2016-12-23,24.841,24.9,24.831,24.88,37170,0
2016-12-27,24.91,24.959,24.91,24.935,18261,0
2016-12-28,24.969,24.999,24.851,24.87,26187,0
2016-12-29,24.861,24.91,24.846,24.861,20303,0
2016-12-30,24.94,24.979,24.861,24.89,48389,0
2017-01-03,25.186,25.273,25.157,25.206,2412,0
2017-01-04,25.098,25.206,25.098,25.186,17742,0
2017-01-05,25.196,25.236,25.137,25.186,6313,0
2017-01-06,25.186,25.266,25.157,25.236,6926,0
2017-01-09,25.127,25.177,25.127,25.157,6376,0
2017-01-10,25.137,25.206,25.137,25.206,3282,0
2017-01-11,25.266,25.443,25.236,25.374,20632,0
2017-01-12,25.186,25.222,25.068,25.196,15546,0
2017-01-13,25.256,25.315,25.256,25.305,277112,0
2017-01-17,25.186,25.206,25.113,25.177,10598,0
2017-01-18,25.186,25.315,25.186,25.315,17824,0
2017-01-19,25.295,25.295,25.216,25.216,3802,0
2017-01-20,25.315,25.325,25.295,25.305,11886,0
2017-01-23,25.206,25.246,25.137,25.226,4491,0
2017-01-24,25.253,25.384,25.253,25.374,3848,0
2017-01-25,25.7,25.789,25.7,25.769,14202,0
2017-01-26,25.799,25.799,25.779,25.791,4768,0
2017-01-27,25.76,25.76,25.74,25.759,8637,0
2017-01-30,25.453,25.493,25.443,25.49,21353,0
2017-01-31,25.414,25.414,25.186,25.256,36101,0
2017-02-01,25.503,25.503,25.364,25.424,19958,0
2017-02-02,25.295,25.364,25.295,25.345,26032,0
2017-02-03,25.394,25.394,25.315,25.384,3371,0
2017-02-06,25.127,25.177,25.019,25.058,15036,0
2017-02-07,25.266,25.266,25.137,25.206,7977,0
2017-02-08,25.059,25.206,25.059,25.206,21635,0
2017-02-09,25.275,25.394,25.249,25.394,5945,0
2017-02-10,25.441,25.463,25.433,25.463,1395,0
2017-02-13,25.72,25.73,25.676,25.68,6364,0
2017-02-14,25.661,25.713,25.651,25.695,4156,0
2017-02-15,25.572,25.73,25.572,25.7,195993,0
2017-02-16,25.621,25.69,25.572,25.69,57894,0
2017-02-17,25.552,25.72,25.552,25.71,11422,0
2017-02-21,25.878,26.116,25.878,26.105,22215,0
2017-02-22,26.056,26.164,26.056,26.164,27768,0
2017-02-23,26.075,26.115,25.987,25.996,17432,0
2017-02-24,25.641,25.799,25.582,25.799,20915,0
2017-02-27,25.651,25.829,25.651,25.829,9783,0
2017-02-28,25.74,25.775,25.74,25.749,4554,0
2017-03-01,26.125,26.293,26.125,26.272,21339,0
2017-03-02,26.224,26.263,26.194,26.194,46062,0
2017-03-03,26.145,26.233,26.145,26.204,15144,0
2017-03-06,26.016,26.135,25.977,26.135,41843,0
2017-03-07,25.996,26.046,25.987,26.046,31198,0
2017-03-08,26.036,26.075,25.947,25.987,12852,0
2017-03-09,26.006,26.115,25.977,26.016,19711,0
2017-03-10,26.115,26.115,25.982,26.007,11156,0
2017-03-13,26.105,26.154,26.066,26.154,17700,0
2017-03-14,26.026,26.095,26.026,26.09,3074,0
2017-03-15,26.075,26.233,26.075,26.184,17058,0
2017-03-16,26.233,26.301,26.233,26.285,801,0
2017-03-17,26.293,26.362,26.283,26.283,38858,0
2017-03-20,26.303,26.303,26.236,26.243,2142,0
2017-03-21,26.342,26.362,25.908,25.908,22796,0
2017-03-22,25.868,26.006,25.868,26.006,96935,0
2017-03-23,25.996,26.194,25.996,26.115,27920,0
2017-03-24,26.283,26.312,26.263,26.273,2225,0
2017-03-27,25.947,26.214,25.947,26.214,6120,0
2017-03-28,26.243,26.502,26.239,26.5,23000,0
2017-03-29,26.56,26.589,26.54,26.55,7910,0
2017-03-30,26.569,26.658,26.54,26.647,33330,0
2017-03-31,26.668,26.836,26.655,26.794,9913,0
2017-04-03,26.806,26.826,26.609,26.744,17004,0
2017-04-04,26.698,26.757,26.688,26.727,17837,0
2017-04-05,26.708,26.737,26.51,26.559,34034,0
2017-04-06,26.579,26.634,26.579,26.589,10084,0
2017-04-07,26.57,26.66,26.57,26.646,11454,0
2017-04-10,26.638,26.638,26.569,26.594,2612,0
2017-04-11,26.391,26.579,26.391,26.579,163858,0
2017-04-12,26.5,26.53,26.461,26.504,37188,0
2017-04-13,26.391,26.422,26.362,26.372,4115,0
2017-04-17,26.372,26.461,26.362,26.461,21538,0
2017-04-18,26.243,26.243,26.164,26.184,11780,0
2017-04-19,26.233,26.233,26.154,26.154,795,0
2017-04-20,26.194,26.303,26.194,26.283,3432,0
2017-04-21,26.293,26.372,26.263,26.352,44491,0
2017-04-24,26.994,27.162,26.994,27.152,53990,0
2017-04-25,27.152,27.209,27.152,27.182,42295,0
2017-04-26,27.162,27.198,27.122,27.122,39413,0
2017-04-27,27.192,27.192,27.122,27.132,25217,0
2017-04-28,27.104,27.134,27.104,27.132,2131,0
2017-05-01,27.28,27.28,27.172,27.28,17279,0
2017-05-02,27.182,27.275,27.182,27.271,9165,0
2017-05-03,27.271,27.31,27.231,27.31,88290,0
2017-05-04,27.478,27.557,27.478,27.537,69653,0
2017-05-05,27.626,27.932,27.626,27.913,4301,0
2017-05-08,27.705,27.705,27.646,27.676,60364,0
2017-05-09,27.784,27.814,27.725,27.745,12562,0
2017-05-10,27.79,27.79,27.739,27.755,4467,0
2017-05-11,27.587,27.676,27.577,27.666,16754,0
2017-05-12,27.764,27.784,27.755,27.764,9158,0
2017-05-15,27.843,27.863,27.843,27.843,3539,0
2017-05-16,27.893,27.893,27.824,27.843,10323,0
2017-05-17,27.676,27.676,27.31,27.32,13928,0
2017-05-18,27.271,27.455,27.271,27.448,15927,0
2017-05-19,27.478,27.547,27.478,27.488,26387,0
2017-05-22,27.508,27.517,27.498,27.517,10017,0
2017-05-23,27.557,27.626,27.537,27.606,21071,0
2017-05-24,27.557,27.587,27.527,27.577,48252,0
2017-05-25,27.577,27.577,27.468,27.539,2714,0
2017-05-26,27.429,27.488,27.429,27.458,3844,0
2017-05-30,27.498,27.547,27.458,27.478,17892,0
2017-05-31,27.685,27.685,27.498,27.547,21455,0
2017-06-01,27.596,27.695,27.596,27.676,19680,0
2017-06-02,27.972,28.031,27.883,27.982,84697,0
2017-06-05,27.903,27.932,27.873,27.932,4213,0
2017-06-06,27.725,27.735,27.636,27.656,23651,0
2017-06-07,27.745,27.745,27.596,27.705,2150,0
2017-06-08,27.695,27.774,27.685,27.754,39156,0
2017-06-09,27.853,27.947,27.784,27.853,57844,0
2017-06-12,27.705,27.715,27.646,27.715,25874,0
2017-06-13,27.824,27.883,27.814,27.883,9594,0
2017-06-14,28.09,28.09,27.947,27.982,7630,0
2017-06-15,27.557,27.705,27.537,27.705,80079,0
2017-06-16,27.745,27.834,27.735,27.824,23804,0
2017-06-19,28.11,28.155,28.067,28.15,5282,0
2017-06-20,28.099,28.099,27.913,27.952,2469,0
2017-06-21,27.84,27.9,27.8171,27.83,13167,0
2017-06-22,27.85,27.9126,27.82,27.87,10768,0
2017-06-23,27.718,27.79,27.718,27.74,5736,0
2017-06-26,27.96,27.96,27.83,27.85,10292,0
2017-06-27,27.64,27.68,27.47,27.4896,17224,0
2017-06-28,27.488,27.66,27.488,27.66,10355,0
2017-06-29,27.37,27.37,27.0098,27.05,321290,0
2017-06-30,27.06,27.06,26.9102,27.02,9616,0
2017-07-03,27.17,27.23,27.17,27.19,11853,0
2017-07-05,27.14,27.239,27.14,27.2267,5355,0
2017-07-06,27.03,27.03,26.93,26.94,1225,0
2017-07-07,26.99,27.11,26.97,27.11,11339,0
2017-07-10,27.13,27.2,27.12,27.17,3382,0
2017-07-11,27.2,27.26,27.13,27.25,17471,0
2017-07-12,27.55,27.6,27.54,27.56,9275,0
2017-07-13,27.56,27.615,27.56,27.615,1938,0
2017-07-14,27.57,27.64,27.55,27.63,3925,0
2017-07-17,27.53,27.5304,27.49,27.5,18244,0
2017-07-18,27.14,27.21,27.1,27.21,17707,0
2017-07-19,27.18,27.29,27.171,27.28,166655,0
2017-07-20,27.16,27.2188,27.16,27.1997,6363,0
2017-07-21,26.83,26.83,26.66,26.78,18197,0
2017-07-24,26.68,26.7694,26.68,26.7694,7621,0
2017-07-25,26.82,26.82,26.77,26.783,7631,0
2017-07-26,26.88,26.9234,26.85,26.85,3065,0
2017-07-27,26.68,26.74,26.62,26.67,21464,0
2017-07-28,26.6,26.6,26.55,26.59,24156,0
2017-07-31,26.58,26.58,26.42,26.46,22289,0
2017-08-01,26.75,26.86,26.71,26.76,105583,0
2017-08-02,26.75,26.75,26.6,26.6567,12469,0
2017-08-03,26.59,26.63,26.5799,26.595,8548,0
2017-08-04,26.83,26.93,26.81,26.8838,4638,0
2017-08-07,26.79,26.81,26.76,26.78,6936,0
2017-08-08,26.721,26.92,26.72,26.78,25103,0
2017-08-09,26.54,26.65,26.54,26.65,27047,0
2017-08-10,26.34,26.35,26.18,26.18,39067,0
2017-08-11,26.26,26.3218,26.215,26.215,11296,0
2017-08-14,26.59,26.631,26.59,26.605,4331,0
2017-08-15,26.69,26.73,26.59,26.66,35575,0
2017-08-16,26.8236,26.8236,26.7267,26.7267,2389,0
2017-08-17,26.74,26.74,26.58,26.58,946,0
2017-08-18,26.544,26.591,26.544,26.591,524,0
2017-08-21,26.32,26.366,26.32,26.3401,763,0
2017-08-22,26.64,26.75,26.64,26.75,3522,0
2017-08-23,26.61,26.66,26.61,26.64,3120,0
2017-08-24,26.77,26.77,26.62,26.62,9300,0
2017-08-25,26.65,26.65,26.59,26.64,16410,0
2017-08-28,26.61,26.61,26.4925,26.5,3012,0
2017-08-29,26.09,26.164,26.09,26.16,12346,0
2017-08-30,26.31,26.31,26.22,26.29,27257,0
2017-08-31,26.46,26.47,26.3498,26.38,25647,0
2017-09-01,26.54,26.61,26.53,26.56,1833,0
2017-09-05,26.58,26.59,26.3608,26.38,7771,0
2017-09-06,26.71,26.8277,26.65,26.8277,18195,0
2017-09-07,26.846,26.865,26.846,26.865,465,0
2017-09-08,26.8876,26.8876,26.82,26.82,645,0
2017-09-11,27.16,27.3,27.16,27.271,1536,0
2017-09-12,27.35,27.3792,27.2,27.31,28049,0
2017-09-13,27.35,27.41,27.35,27.38,52910,0
2017-09-14,27.33,27.39,27.33,27.39,5401,0
2017-09-15,27.34,27.37,27.32,27.37,57891,0
2017-09-18,27.44,27.46,27.41,27.43,14486,0
2017-09-19,27.45,27.45,27.42,27.44,4814,0
2017-09-20,27.4186,27.59,27.4186,27.59,2734,0
2017-09-21,27.5184,27.53,27.5184,27.53,3320,0
2017-09-22,27.52,27.5546,27.52,27.5546,5118,0
2017-09-25,27.55,27.57,27.44,27.46,23075,0
2017-09-26,27.58,27.58,27.53,27.56,44736,0
2017-09-27,27.6,27.68,27.6,27.68,29275,0
2017-09-28,27.7,27.78,27.7,27.78,2257,0
2017-09-29,27.913,28.012,27.913,28.012,2249,0
2017-10-02,28.03,28.1699,28.03,28.1699,12592,0
2017-10-04,28.23,28.31,28.23,28.23,9801,0
2017-10-05,28.241,28.33,28.24,28.33,9702,0
2017-10-06,28.26,28.3,28.23,28.29,20027,0
2017-10-09,28.25,28.2779,28.2,28.21,8545,0
2017-10-10,28.2,28.28,28.2,28.28,10225,0
2017-10-11,28.26,28.335,28.26,28.335,6250,0
2017-10-12,28.33,28.37,28.31,28.31,7501,0
2017-10-13,28.42,28.42,28.38,28.38,4906,0
2017-10-16,28.42,28.4599,28.35,28.4099,13101,0
2017-10-17,28.41,28.41,28.391,28.391,1660,0
2017-10-18,28.5,28.54,28.44,28.54,47982,0
2017-10-19,28.3,28.4,28.25,28.369,30582,0
2017-10-20,28.34,28.36,28.3,28.33,3097,0
2017-10-23,28.39,28.39,28.29,28.3,14422,0
2017-10-24,28.4,28.42,28.4,28.42,5022,0
2017-10-25,28.35,28.392,28.22,28.3,6444,0
2017-10-26,28.54,28.72,28.54,28.6801,7360,0
2017-10-27,28.82,28.88,28.81,28.8499,4090,0
2017-10-30,28.92,28.925,28.84,28.85,20987,0
2017-10-31,28.99,29.0665,28.97,28.97,10724,0
2017-11-01,29.36,29.39,29.301,29.3441,19830,0
2017-11-02,29.32,29.38,29.32,29.38,1204,0
2017-11-03,29.3966,29.45,29.3966,29.4267,19537,0
2017-11-06,29.36,29.41,29.35,29.38,7779,0
2017-11-07,29.2194,29.2899,29.17,29.21,28576,0
2017-11-08,29.23,29.245,29.22,29.245,4374,0
2017-11-09,28.8752,28.9,28.68,28.77,43034,0
2017-11-10,28.7738,28.7738,28.67,28.73,4867,0
