Date,Open,High,Low,Close,Volume,OpenInt
2011-05-02,24.64,24.649,24.525,24.525,1497,0
2011-05-03,24.364,24.364,23.899,23.899,2481,0
2011-05-04,24.026,24.026,23.478,23.478,20289,0
2011-05-05,23.736,23.786,23.374,23.374,1166,0
2011-05-06,24.14,24.197,23.777,24.034,2919,0
2011-05-09,24.124,24.147,23.931,24.147,1057,0
2011-05-10,24.124,24.332,24.074,24.332,5526,0
2011-05-11,23.881,23.89,23.777,23.89,1636,0
2011-05-12,23.703,24.074,23.478,24.074,2980,0
2011-05-13,23.543,23.678,23.339,23.39,6767,0
2011-05-16,23.494,23.678,23.494,23.678,496,0
2011-05-17,23.43,23.543,23.413,23.543,1616,0
2011-05-18,23.711,23.938,23.711,23.938,206829,0
2011-05-20,23.535,23.986,23.535,23.905,744,0
2011-05-23,23.56,23.608,23.439,23.608,1298,0
2011-05-24,23.777,23.777,23.777,23.777,496,0
2011-05-25,23.912,24.051,23.912,24.01,2481,0
2011-05-26,24.026,24.171,24.026,24.171,496,0
2011-05-27,24.404,24.453,24.404,24.404,977,0
2011-05-31,24.478,24.953,24.478,24.953,6101,0
2011-06-01,24.606,24.606,24.301,24.301,783,0
2011-06-02,24.486,24.662,24.372,24.662,2359,0
2011-06-03,25.082,25.082,25.082,25.082,122,0
2011-06-06,24.686,24.686,24.492,24.59,2725,0
2011-06-07,24.615,24.694,24.615,24.615,2359,0
2011-06-08,24.372,24.436,24.235,24.332,1850,0
2011-06-09,24.147,24.356,24.147,24.252,3511,0
2011-06-10,23.899,23.899,23.694,23.694,250,0
2011-06-13,24.042,24.042,23.718,23.777,22887,0
2011-06-15,23.718,23.718,23.654,23.718,940,0
2011-06-16,23.462,23.509,23.22,23.277,2481,0
2011-06-17,23.43,23.452,23.43,23.452,2020,0
2011-06-20,23.39,23.413,23.347,23.347,881,0
2011-06-21,23.639,23.639,23.582,23.582,496,0
2011-06-22,23.728,23.728,23.694,23.694,765,0
2011-06-23,23.132,23.237,22.859,23.132,3424,0
2011-06-27,23.132,23.631,23.132,23.631,7694,0
2011-06-28,23.736,23.938,23.736,23.912,6197,0
2011-06-29,24.163,24.259,23.986,24.259,6949,0
2011-06-30,24.444,24.444,24.252,24.252,5140,0
2011-07-01,24.653,24.775,24.582,24.653,4194,0
2011-07-05,24.498,24.783,24.478,24.486,5536,0
2011-07-06,24.364,24.364,24.163,24.163,5214,0
2011-07-07,24.268,24.268,24.163,24.235,622,0
2011-07-08,23.646,24.116,23.6,23.687,1972,0
2011-07-11,23.462,23.462,23.188,23.188,2352,0
2011-07-12,22.987,23.277,22.987,23.277,496,0
2011-07-13,23.303,23.631,23.303,23.616,3430,0
2011-07-14,23.56,23.56,23.303,23.303,1396,0
2011-07-15,23.141,24.775,23.141,23.294,3322,0
2011-07-19,23.172,23.277,22.964,23.172,1129,0
2011-07-20,23.374,23.374,23.237,23.294,2751,0
2011-07-21,23.502,23.752,23.502,23.671,1834,0
2011-07-22,23.6,23.736,23.518,23.518,2893,0
2011-07-25,23.471,23.994,23.471,23.931,1563,0
2011-07-26,24.018,24.018,23.809,23.809,1020,0
2011-07-27,23.101,23.269,22.906,23.269,8363,0
2011-07-28,23.212,23.327,22.859,22.859,3355,0
2011-07-29,24.549,24.549,23.02,23.535,3127,0
2011-08-01,23.518,23.518,23.318,23.318,4591,0
2011-08-02,23.115,23.115,22.889,22.922,1920,0
2011-08-03,22.672,22.672,22.321,22.321,1968,0
2011-08-04,21.819,21.819,20.934,21.19,6920,0
2011-08-05,20.658,21.305,20.273,21.255,6927,0
2011-08-08,20.424,20.424,18.864,19.509,18613,0
2011-08-09,19.322,19.741,18.798,19.403,26271,0
2011-08-10,19.387,19.597,18.805,19.122,4004,0
2011-08-11,19.613,19.966,19.356,19.613,184497,0
2011-08-12,19.917,19.917,19.917,19.917,122,0
2011-08-15,20.806,21.037,20.78,21.037,6642,0
2011-08-16,20.715,20.715,20.699,20.699,446,0
2011-08-17,21.248,21.248,21.111,21.111,651,0
2011-08-18,20.177,20.546,20.177,20.546,1517,0
2011-08-19,20.845,20.845,20.016,20.016,622,0
2011-08-22,20.603,20.603,20.168,20.417,1550,0
2011-08-23,20.507,20.884,20.507,20.884,646,0
2011-08-24,20.715,20.715,20.643,20.643,496,0
2011-08-25,20.377,20.377,20.354,20.377,371,0
2011-08-26,20.507,20.619,20.507,20.524,391,0
2011-08-29,21.233,21.233,21.233,21.233,122,0
2011-08-30,21.321,21.536,21.288,21.288,744,0
2011-08-31,21.836,21.987,21.521,21.972,4019,0
2011-09-01,22.358,22.358,22.343,22.343,250,0
2011-09-02,21.706,21.706,21.706,21.706,122,0
2011-09-06,20.789,21.19,20.524,21.126,1985,0
2011-09-07,21.778,21.819,21.778,21.819,371,0
2011-09-08,21.585,21.61,21.576,21.61,371,0
2011-09-09,21.053,21.07,20.507,20.507,1057,0
2011-09-12,20.611,20.771,20.144,20.144,2571,0
2011-09-13,20.45,20.49,20.29,20.29,371,0
2011-09-14,20.183,20.242,20.097,20.242,371,0
2011-09-15,20.797,20.853,20.797,20.853,250,0
2011-09-16,20.636,20.636,20.339,20.377,870,0
2011-09-19,19.282,19.59,19.282,19.59,250,0
2011-09-20,19.475,19.829,19.475,19.829,371,0
2011-09-21,19.348,19.348,17.446,18.967,3640,0
2011-09-22,17.663,18.089,17.082,17.082,667,0
2011-09-23,17.478,17.848,17.478,17.494,994,0
2011-09-26,17.794,17.866,17.478,17.866,622,0
2011-09-27,18.476,18.805,18.476,18.534,2980,0
2011-09-28,18.534,18.534,18.534,18.534,122,0
2011-09-29,18.276,18.276,17.56,17.56,2344,0
2011-09-30,17.527,17.527,16.937,16.937,5090,0
2011-10-05,17.082,17.082,17.082,17.082,521,0
2011-10-06,17.645,17.645,17.645,17.645,122,0
2011-10-11,18.373,18.831,18.373,18.831,2112,0
2011-10-12,19.113,19.597,19.082,19.597,2870,0
2011-10-13,18.822,18.864,18.67,18.758,2729,0
2011-10-14,19.072,19.072,19.047,19.047,496,0
2011-10-17,19.047,19.131,18.525,18.525,1616,0
2011-10-18,18.887,19.161,18.887,19.161,508,0
2011-10-19,18.887,18.887,18.887,18.887,371,0
2011-10-20,19.459,19.459,18.413,18.693,1621,0
2011-10-21,19.039,19.249,19.039,19.249,936,0
2011-10-25,19.451,19.459,19.322,19.459,4662,0
2011-10-26,19.348,19.348,19.348,19.348,645,0
2011-10-27,20.433,20.789,19.892,20.676,1242,0
2011-10-28,20.596,20.742,20.596,20.742,250,0
2011-11-02,20.33,20.33,20.314,20.314,1480,0
2011-11-03,19.966,19.966,19.853,19.853,622,0
2011-11-08,19.879,20.424,19.846,19.846,10190,0
2011-11-09,19.59,19.59,18.525,19.105,60840,0
2011-11-10,19.372,19.372,19.372,19.372,250,0
2011-11-11,19.999,19.999,19.879,19.879,496,0
2011-11-14,19.621,19.781,19.621,19.781,1365,0
2011-11-16,19.708,19.741,19.684,19.717,5338,0
2011-11-17,19.668,19.668,19.018,19.057,807,0
2011-11-21,18.574,18.728,18.574,18.728,371,0
2011-11-22,18.517,18.616,18.517,18.616,1242,0
2011-11-23,17.943,17.969,17.943,17.969,250,0
2011-11-25,17.904,17.904,17.576,17.576,532,0
2011-11-28,18.462,18.462,18.356,18.356,285,0
2011-11-30,19.131,19.226,19.131,19.194,16016,0
2011-12-02,19.491,19.491,19.194,19.194,1852,0
2011-12-05,19.661,19.674,19.491,19.491,901,0
2011-12-06,19.59,19.838,19.573,19.838,686,0
2011-12-07,19.491,19.775,19.491,19.775,2481,0
2011-12-08,19.138,19.233,18.983,18.983,744,0
2011-12-09,19.329,19.379,19.298,19.298,3226,0
2011-12-12,18.887,18.887,18.741,18.75,3715,0
2011-12-13,18.663,18.805,18.502,18.502,3355,0
2011-12-14,18.323,18.331,18.177,18.177,5697,0
2011-12-15,18.557,18.59,18.534,18.541,1985,0
2011-12-16,18.549,18.549,18.541,18.541,1739,0
2011-12-19,18.242,18.242,17.993,17.993,3770,0
2011-12-20,18.728,18.831,18.728,18.734,9226,0
2011-12-21,18.269,18.269,18.269,18.269,122,0
2011-12-22,18.428,18.428,18.428,18.428,2481,0
2011-12-23,18.525,18.758,18.525,18.758,8764,0
2011-12-28,18.251,18.365,18.251,18.282,3849,0
2011-12-29,18.502,18.502,18.348,18.421,2471,0
2011-12-30,18.502,18.684,18.502,18.611,3041,0
2012-01-03,19.258,19.348,19.258,19.29,744,0
2012-01-04,19.532,19.532,19.491,19.491,1365,0
2012-01-05,19.329,19.329,19.145,19.145,686,0
2012-01-06,19.314,19.314,19.122,19.122,250,0
2012-01-09,19.387,19.573,19.387,19.573,2428,0
2012-01-10,20.016,20.016,19.909,19.917,3409,0
2012-01-12,19.879,20.088,19.879,20.088,622,0
2012-01-13,19.629,19.892,19.54,19.879,1677,0
2012-01-17,20.144,20.264,20.144,20.264,1242,0
2012-01-18,20.458,20.628,20.458,20.628,2112,0
2012-01-19,20.658,20.658,20.658,20.658,122,0
2012-01-20,20.708,20.708,20.708,20.708,728,0
2012-01-23,20.771,20.9,20.771,20.828,6335,0
2012-01-25,20.789,21.159,20.789,21.078,4261,0
2012-01-26,21.061,21.329,21.061,21.078,43493,0
2012-01-27,21.045,21.078,21.045,21.078,1861,0
2012-01-30,21.345,21.353,20.667,20.667,807,0
2012-01-31,21.059,21.2,21.059,21.103,5203,0
2012-02-01,21.521,21.634,21.353,21.634,1461,0
2012-02-02,21.804,21.804,21.723,21.778,10244,0
2012-02-03,21.987,21.994,21.836,21.893,2013,0
2012-02-06,21.916,21.916,21.804,21.804,1118,0
2012-02-07,21.828,22.117,21.819,22.086,7347,0
2012-02-08,22.229,22.229,22.101,22.101,772,0
2012-02-10,21.796,21.804,21.796,21.804,371,0
2012-02-13,21.972,22.086,21.972,22.036,628,0
2012-02-14,22.036,22.101,21.987,22.004,3093,0
2012-02-15,22.068,22.068,22.004,22.004,9685,0
2012-02-16,21.899,22.182,21.899,22.182,1509,0
2012-02-17,22.422,22.592,22.422,22.592,3851,0
2012-02-21,22.559,22.559,22.503,22.503,378,0
2012-02-22,22.647,22.647,22.592,22.592,1230,0
2012-02-23,22.439,22.672,22.439,22.625,906,0
2012-02-24,22.647,22.842,22.647,22.842,413,0
2012-02-27,22.625,22.625,22.416,22.456,6581,0
2012-02-28,22.696,23.012,22.696,23.012,932,0
2012-02-29,23.048,23.147,22.655,22.655,3595,0
2012-03-01,23.012,23.237,22.972,23.076,13692,0
2012-03-02,23.269,23.312,23.044,23.253,1377,0
2012-03-05,22.875,22.972,22.875,22.972,5214,0
2012-03-06,22.503,22.503,22.165,22.174,3057,0
2012-03-07,22.036,22.358,22.036,22.28,1834,0
2012-03-08,22.456,22.544,22.439,22.544,2322,0
2012-03-09,22.511,22.511,22.407,22.478,2808,0
2012-03-12,21.916,21.916,21.916,21.916,250,0
2012-03-13,22.012,22.526,22.012,22.526,1424,0
2012-03-14,22.472,22.472,22.28,22.439,1365,0
2012-03-15,22.526,22.526,22.384,22.384,2290,0
2012-03-16,22.544,22.544,22.544,22.544,223,0
2012-03-19,22.456,22.535,22.456,22.535,774,0
2012-03-20,22.044,22.158,22.044,22.158,706,0
2012-03-21,21.972,22.295,21.972,22.196,1731,0
2012-03-22,22.02,22.044,21.86,21.899,3306,0
2012-03-23,22.02,22.036,21.994,22.036,3274,0
2012-03-26,22.068,22.393,22.068,22.393,9783,0
2012-03-27,22.407,22.407,22.229,22.229,18481,0
2012-03-28,21.884,21.907,21.819,21.852,2866,0
2012-03-29,21.683,21.683,21.683,21.683,122,0
2012-03-30,21.983,21.983,21.785,21.934,2524,0
2012-04-02,21.868,22.126,21.868,22.012,1854,0
2012-04-03,22.174,22.174,21.868,21.876,5975,0
2012-04-04,21.763,21.812,21.763,21.812,707,0
2012-04-05,21.893,21.907,21.769,21.86,113588,0
2012-04-09,21.86,21.899,21.828,21.899,8752,0
2012-04-10,21.723,21.723,21.329,21.497,17050,0
2012-04-11,21.321,21.321,21.248,21.248,814,0
2012-04-12,21.602,21.689,21.497,21.536,10570,0
2012-04-13,21.503,21.503,21.174,21.297,7998,0
2012-04-16,21.415,21.415,21.07,21.393,1741,0
2012-04-17,21.312,21.376,21.288,21.376,2265,0
2012-04-18,21.393,21.393,20.941,20.941,4792,0
2012-04-19,20.997,21.255,20.997,21.225,11085,0
2012-04-20,21.149,21.543,21.149,21.497,14717,0
2012-04-23,20.989,20.989,20.78,20.821,1079,0
2012-04-24,21.225,21.225,21.078,21.078,2128,0
2012-04-25,21.473,21.473,21.03,21.078,2497,0
2012-04-26,21.013,21.111,20.973,21.111,371,0
2012-04-27,21.233,21.386,21.233,21.345,7753,0
2012-04-30,21.499,21.499,21.076,21.192,1810,0
2012-05-01,21.264,21.297,21.264,21.297,266,0
2012-05-02,21.142,21.142,20.981,20.981,290,0
2012-05-03,21.021,21.111,20.797,20.941,3415,0
2012-05-04,20.958,20.973,20.733,20.764,22331,0
2012-05-07,20.49,20.65,20.49,20.586,1219,0
2012-05-09,20.273,20.29,20.208,20.281,2908,0
2012-05-10,20.306,20.339,20.151,20.339,2463,0
2012-05-11,20.481,20.481,20.183,20.183,2722,0
2012-05-14,19.646,19.646,19.41,19.41,2010,0
2012-05-15,19.177,19.177,18.822,18.822,6475,0
2012-05-17,18.534,18.534,18.147,18.147,5816,0
2012-05-18,18.195,18.211,17.952,18.036,11101,0
2012-05-21,17.976,18.042,17.952,18.017,2029,0
2012-05-23,17.22,17.414,17.195,17.366,32067,0
2012-05-24,17.623,17.623,17.301,17.568,5173,0
2012-05-25,17.703,17.943,17.679,17.936,121806,0
2012-05-29,18.338,18.338,18.011,18.073,2724,0
2012-05-30,17.679,17.711,17.599,17.599,9979,0
2012-05-31,17.51,17.667,17.51,17.667,761,0
2012-06-01,17.639,17.639,17.469,17.469,861,0
2012-06-04,17.504,17.544,17.461,17.461,1739,0
2012-06-05,17.557,17.557,17.557,17.557,122,0
2012-06-06,17.745,17.745,17.745,17.745,496,0
2012-06-07,18.045,18.077,18.045,18.077,393,0
2012-06-08,17.853,17.853,17.695,17.797,7777,0
2012-06-11,17.888,17.904,17.639,17.759,5855,0
2012-06-12,17.576,17.776,17.576,17.776,1804,0
2012-06-13,17.841,17.841,17.735,17.735,1902,0
2012-06-14,17.88,17.88,17.785,17.785,1687,0
2012-06-15,17.827,17.827,17.827,17.827,138,0
2012-06-18,18.098,18.106,18.098,18.106,777,0
2012-06-19,18.073,18.616,18.073,18.502,502,0
2012-06-20,18.525,18.581,18.525,18.581,435,0
2012-06-21,17.909,17.909,17.909,17.909,243,0
2012-06-22,17.779,17.779,17.779,17.779,243,0
2012-06-25,17.611,17.611,17.611,17.611,990,0
2012-06-26,17.678,17.678,17.678,17.678,423,0
2012-06-28,17.621,17.621,17.414,17.414,243,0
2012-06-29,18.283,18.66,18.283,18.467,1205,0
2012-07-02,18.575,18.881,18.575,18.881,762,0
2012-07-05,18.881,18.95,18.798,18.798,1544,0
2012-07-06,18.682,18.682,18.534,18.534,604,0
2012-07-09,18.46,18.46,18.46,18.46,243,0
2012-07-10,18.525,18.525,18.086,18.086,2024,0
2012-07-11,18.052,18.052,18.052,18.052,243,0
2012-07-13,18.086,18.086,18.086,18.086,206,0
2012-07-16,17.969,17.969,17.87,17.87,841,0
2012-07-17,18.052,18.052,18.052,18.052,243,0
2012-07-20,18.167,18.209,18.167,18.209,755,0
2012-07-23,17.662,17.662,17.662,17.662,405,0
2012-07-25,17.737,17.737,17.58,17.695,604,0
2012-07-26,17.976,18.128,17.976,18.128,830,0
2012-07-30,18.757,18.757,18.757,18.757,243,0
2012-08-01,18.558,18.558,18.493,18.493,1688,0
2012-08-03,18.725,18.725,18.725,18.725,139,0
2012-08-06,18.874,19.157,18.874,19.157,1056,0
2012-08-07,18.972,18.972,18.923,18.923,367,0
2012-08-08,19.016,19.106,19.016,19.046,1898,0
2012-08-09,19.157,19.157,19.082,19.082,360,0
2012-08-10,18.93,19.157,18.93,19.157,770,0
2012-08-13,19.114,19.157,19.114,19.157,2362,0
2012-08-14,19.157,19.214,18.98,18.98,2483,0
2012-08-15,18.733,18.906,18.733,18.881,557,0
2012-08-16,19.056,19.056,19.03,19.03,327,0
2012-08-17,19.181,19.181,19.181,19.181,380,0
2012-08-20,18.708,19.114,18.583,19.114,4552,0
2012-08-21,19.205,19.205,18.897,18.897,1384,0
2012-08-22,18.805,19.056,18.798,19.056,941,0
2012-08-23,18.897,18.897,18.633,18.791,3053,0
2012-08-24,18.798,18.881,18.798,18.798,63537,0
2012-08-27,18.682,18.748,18.651,18.651,6066,0
2012-08-29,18.442,18.442,18.325,18.325,1033,0
2012-08-30,18.277,18.342,18.277,18.342,964,0
2012-08-31,18.475,18.551,18.369,18.502,2579,0
2012-09-04,18.377,18.377,18.377,18.377,118,0
2012-09-05,18.526,18.526,18.526,18.526,303,0
2012-09-06,18.843,18.843,18.843,18.843,1326,0
2012-09-07,19.101,19.526,19.101,19.501,1540,0
2012-09-10,19.106,19.181,19.106,19.181,243,0
2012-09-11,19.254,19.289,19.147,19.262,4653,0
2012-09-12,18.997,19.03,18.997,19.016,1177,0
2012-09-13,19.03,19.553,19.03,19.522,3988,0
2012-09-14,19.825,19.825,19.485,19.485,5420,0
2012-09-17,19.246,19.396,19.246,19.365,1809,0
2012-09-18,19.369,19.369,19.369,19.369,167,0
2012-09-19,19.501,19.543,19.325,19.426,2886,0
2012-09-20,19.292,19.3,19.242,19.3,808,0
2012-09-24,19.393,19.418,19.292,19.343,3608,0
2012-09-25,19.333,19.343,19.144,19.267,3238,0
2012-09-26,18.934,19.041,18.934,19.041,1384,0
2012-09-27,19.259,19.259,19.085,19.251,26479,0
2012-09-28,19.004,19.004,18.894,18.894,386,0
2012-10-01,19.151,19.426,19.151,19.393,1877,0
2012-10-02,19.3,19.3,19.193,19.193,6360,0
2012-10-03,19.267,19.292,19.085,19.242,42400,0
2012-10-04,19.11,19.11,19.11,19.11,326,0
2012-10-05,19.526,19.526,19.526,19.526,242,0
2012-10-08,19.385,19.385,19.352,19.352,433,0
2012-10-09,19.485,19.485,19.467,19.467,828,0
2012-10-10,19.352,19.352,19.176,19.176,2633,0
2012-10-11,19.418,19.426,19.333,19.393,2793,0
2012-10-15,19.393,19.476,19.325,19.476,838,0
2012-10-16,19.377,19.467,19.377,19.467,3129,0
2012-10-17,19.467,19.467,19.467,19.467,124,0
2012-10-18,19.393,19.467,19.393,19.418,993,0
2012-10-19,19.369,19.369,19.361,19.361,846,0
2012-10-22,19.393,19.418,19.284,19.318,4161,0
2012-10-23,19.167,19.21,19.019,19.21,2881,0
2012-10-24,19.067,19.067,19.01,19.067,912,0
2012-10-25,19.318,19.318,19.01,19.094,1861,0
2012-10-26,19.11,19.11,19.11,19.11,150,0
2012-10-31,19.076,19.276,18.9,18.9,4588,0
2012-11-01,19.318,19.318,19.3,19.3,809,0
2012-11-02,19.543,19.543,19.325,19.325,1547,0
2012-11-06,19.385,19.385,19.233,19.233,3238,0
2012-11-07,19.369,19.369,19.167,19.167,1469,0
2012-11-08,19.233,19.233,19.085,19.11,1439,0
2012-11-09,18.909,18.984,18.883,18.984,1947,0
2012-11-12,18.567,18.567,18.567,18.567,118,0
2012-11-13,18.635,18.635,18.46,18.585,1107,0
2012-11-14,18.451,18.467,18.201,18.201,2040,0
2012-11-15,18.092,18.092,18.092,18.092,242,0
2012-11-16,18.293,18.293,18.27,18.293,480,0
2012-11-19,18.334,18.352,18.334,18.352,1893,0
2012-11-20,18.467,18.467,18.386,18.386,285,0
2012-11-21,18.234,18.234,18.234,18.234,1680,0
2012-11-23,18.467,18.467,18.467,18.467,943,0
2012-11-26,18.653,18.653,18.386,18.386,3040,0
2012-11-27,18.475,18.526,18.226,18.226,1386,0
2012-11-28,18.174,18.174,18.174,18.174,567,0
2012-11-29,18.226,18.226,18.226,18.226,1260,0
2012-11-30,18.392,18.392,18.342,18.342,10797,0
2012-12-03,18.302,18.334,18.201,18.201,9176,0
2012-12-04,18.401,18.401,18.1,18.1,8647,0
2012-12-05,18.293,18.369,18.293,18.369,2088,0
2012-12-06,18.467,18.567,18.418,18.502,2318,0
2012-12-07,18.611,18.611,18.611,18.611,1800,0
2012-12-10,18.619,18.934,18.602,18.934,2721,0
2012-12-11,18.775,18.9,18.775,18.877,2860,0
2012-12-12,19.001,19.001,18.992,18.992,688,0
2012-12-13,18.7,18.7,18.7,18.7,182,0
2012-12-14,18.75,18.75,18.75,18.75,118,0
2012-12-17,18.734,18.859,18.727,18.727,1859,0
2012-12-18,18.66,18.967,18.66,18.967,9692,0
2012-12-19,18.951,19.067,18.951,19.067,832,0
2012-12-20,19.409,19.409,19.409,19.409,1199,0
2012-12-21,18.943,19.201,18.943,19.201,2100,0
2012-12-24,18.951,19.136,18.951,19.085,2023,0
2012-12-26,19.627,19.627,19.3,19.476,2417,0
2012-12-27,19.752,19.752,19.309,19.492,2155,0
2012-12-28,19.61,19.742,19.511,19.526,19626,0
2012-12-31,19.65,19.853,19.65,19.853,3105,0
2013-01-02,19.943,19.968,19.943,19.968,2224,0
2013-01-03,20.001,20.042,20.001,20.001,750,0
2013-01-04,19.934,20.01,19.925,20.01,3947,0
2013-01-07,19.834,20.017,19.683,20.017,32344,0
2013-01-08,19.852,19.877,19.568,19.62,5081,0
2013-01-09,19.683,19.742,19.674,19.683,3330,0
2013-01-10,19.659,19.925,19.659,19.925,785,0
2013-01-11,19.559,19.645,19.559,19.645,1081,0
2013-01-15,19.801,19.809,19.734,19.734,3698,0
2013-01-16,19.718,19.891,19.636,19.891,4996,0
2013-01-17,19.777,19.984,19.759,19.984,15205,0
2013-01-18,19.916,19.943,19.801,19.825,2169,0
2013-01-22,19.852,19.852,19.852,19.852,242,0
2013-01-23,19.984,19.984,19.984,19.984,242,0
2013-01-24,20.025,20.217,20.001,20.001,6433,0
2013-01-25,20.102,20.102,20.102,20.102,242,0
2013-01-28,20.069,20.069,19.868,19.925,1717,0
2013-01-29,20.042,20.343,20.042,20.343,2287,0
2013-01-30,20.227,20.227,20.025,20.118,1199,0
2013-01-31,20.382,20.517,20.275,20.458,5413,0
2013-02-01,20.469,20.658,20.469,20.617,4109,0
2013-02-05,20.311,20.627,20.311,20.493,4798,0
2013-02-06,20.434,20.577,20.434,20.493,2888,0
2013-02-07,20.65,20.65,20.399,20.609,928,0
2013-02-08,20.568,20.568,20.277,20.417,5938,0
2013-02-11,20.343,20.351,20.168,20.351,4501,0
2013-02-12,20.361,20.444,20.361,20.417,2680,0
2013-02-13,20.584,20.635,20.417,20.417,18774,0
2013-02-14,20.502,20.51,20.469,20.51,12238,0
2013-02-15,20.343,20.383,20.317,20.336,7157,0
2013-02-19,20.469,20.477,20.383,20.383,1559,0
2013-02-20,20.244,20.244,19.916,19.916,1380,0
2013-02-21,19.734,19.784,19.701,19.784,1230,0
2013-02-22,19.852,19.934,19.742,19.934,3961,0
2013-02-25,20.102,20.102,19.886,19.886,4169,0
2013-02-26,19.916,20.001,19.752,19.959,17098,0
2013-02-27,20.15,20.168,20.15,20.168,601,0
2013-02-28,20.289,20.289,20.262,20.289,5633,0
2013-03-01,20.149,20.265,20.132,20.265,4915,0
2013-03-04,20.135,20.158,20.118,20.128,23137,0
2013-03-05,20.359,20.491,20.359,20.423,20566,0
2013-03-06,20.292,20.666,20.292,20.542,7174,0
2013-03-07,20.709,20.709,20.709,20.709,118,0
2013-03-08,20.784,20.784,20.784,20.784,507,0
2013-03-11,20.71,20.785,20.617,20.617,2759,0
2013-03-12,20.802,20.802,20.601,20.65,3573,0
2013-03-14,20.627,20.627,20.392,20.392,3868,0
2013-03-15,20.165,20.309,20.165,20.182,1920,0
2013-03-18,20.01,20.094,20.01,20.094,1052,0
2013-03-20,19.904,19.904,19.904,19.904,404,0
2013-03-21,19.679,19.679,19.328,19.328,4298,0
2013-03-22,19.389,19.389,19.389,19.389,603,0
2013-03-25,19.389,19.389,19.245,19.261,3073,0
2013-03-26,19.179,19.539,19.179,19.488,2557,0
2013-03-27,19.523,19.64,19.514,19.64,1250,0
2013-03-28,19.755,19.774,19.755,19.774,1704,0
2013-04-01,19.895,19.904,19.64,19.679,1935,0
2013-04-02,19.582,19.582,19.506,19.506,1629,0
2013-04-03,19.582,19.623,19.582,19.623,1841,0
2013-04-04,19.648,19.648,19.404,19.404,1804,0
2013-04-05,19.765,19.765,19.514,19.656,887,0
2013-04-08,19.679,19.94,19.679,19.94,1432,0
2013-04-09,20.125,20.275,20.125,20.275,1165,0
2013-04-10,20.467,20.533,20.324,20.324,1724,0
2013-04-11,20.048,20.302,20.048,20.302,777,0
2013-04-12,20.165,20.224,20.165,20.224,1287,0
2013-04-15,19.555,19.555,19.523,19.539,1314,0
2013-04-16,19.514,19.514,19.514,19.514,118,0
2013-04-17,19.539,19.73,19.296,19.296,1293,0
2013-04-18,19.095,19.179,19.095,19.095,1124,0
2013-04-22,19.547,19.631,19.48,19.591,2673,0
2013-04-24,19.679,19.956,19.679,19.956,733,0
2013-04-25,19.921,19.981,19.921,19.981,479,0
2013-04-26,19.631,19.664,19.598,19.598,911,0
2013-05-01,19.765,19.765,19.747,19.747,308,0
2013-05-06,19.64,19.888,19.64,19.705,1417,0
2013-05-07,19.722,19.821,19.722,19.821,479,0
2013-05-08,20.066,20.091,20.066,20.091,1224,0
2013-05-09,20.108,20.108,20.108,20.108,176,0
2013-05-13,19.722,19.856,19.722,19.831,909,0
2013-05-14,19.839,19.839,19.813,19.813,1406,0
2013-05-15,19.623,19.78,19.623,19.739,1002,0
2013-05-16,19.78,19.99,19.78,19.99,997,0
2013-05-17,19.895,19.895,19.705,19.739,955,0
2013-05-21,19.972,20.182,19.972,20.182,2120,0
2013-05-23,19.839,20.182,19.839,20.132,7436,0
2013-05-24,19.972,20.108,19.755,19.895,1566,0
2013-05-28,20.066,20.198,19.895,19.914,2149,0
2013-05-29,19.514,19.514,19.265,19.265,410,0
2013-05-30,19.261,19.413,19.261,19.413,4784,0
2013-05-31,18.489,18.531,18.268,18.352,6579,0
2013-06-03,18.392,18.392,18.392,18.392,268,0
2013-06-04,18.595,18.595,18.595,18.595,240,0
2013-06-05,18.587,18.603,18.544,18.544,1842,0
2013-06-06,18.398,18.425,18.279,18.425,15151,0
2013-06-07,18.143,18.312,18.109,18.297,7056,0
2013-06-10,17.85,17.924,17.809,17.924,4628,0
2013-06-11,17.558,17.641,17.558,17.641,479,0
2013-06-12,17.599,17.599,17.599,17.599,358,0
2013-06-13,17.315,17.423,17.223,17.423,3063,0
2013-06-14,17.549,17.549,17.361,17.361,1988,0
2013-06-17,17.541,17.541,17.365,17.365,1914,0
2013-06-19,17.182,17.241,17.182,17.241,515,0
2013-06-20,15.967,15.967,15.847,15.847,520,0
2013-06-21,15.856,15.942,15.839,15.942,7987,0
2013-06-24,15.616,15.898,15.209,15.685,2674,0
2013-06-26,16.451,16.451,16.22,16.408,1471,0
2013-06-27,16.756,16.756,16.647,16.68,1504,0
2013-06-28,16.254,16.476,16.254,16.374,1304,0
2013-07-01,16.426,16.433,16.426,16.433,313,0
2013-07-02,15.873,15.873,15.787,15.787,2352,0
2013-07-03,15.712,15.746,15.712,15.746,1291,0
2013-07-05,15.694,15.694,15.422,15.422,1279,0
2013-07-08,15.616,15.832,15.583,15.832,26568,0
2013-07-09,15.95,16.025,15.754,15.795,22043,0
2013-07-10,15.694,15.729,15.651,15.729,4752,0
2013-07-11,16.084,16.084,16.084,16.084,1142,0
2013-07-12,15.865,15.865,15.787,15.787,499,0
2013-07-15,15.873,16.187,15.873,16.143,4946,0
2013-07-16,16.162,16.162,16.12,16.143,4794,0
2013-07-17,16.417,16.426,16.417,16.426,430,0
2013-07-18,16.272,16.451,16.272,16.441,1527,0
2013-07-19,16.451,16.451,16.426,16.426,353,0
2013-07-22,16.503,16.739,16.305,16.739,11424,0
2013-07-23,16.96,16.96,16.878,16.893,3479,0
2013-07-24,16.622,16.654,16.459,16.553,4045,0
2013-07-25,16.571,16.571,16.364,16.364,940,0
2013-07-26,16.553,16.622,16.553,16.622,381,0
2013-07-29,16.562,16.562,16.562,16.562,290,0
2013-07-30,16.467,16.467,16.204,16.228,3868,0
2013-07-31,16.143,16.357,16.128,16.325,4335,0
2013-08-01,16.187,16.187,16.187,16.187,353,0
2013-08-02,16.417,16.417,16.351,16.351,470,0
2013-08-05,16.263,16.263,16.263,16.263,353,0
2013-08-06,16.178,16.178,16.032,16.032,2621,0
2013-08-08,15.999,16.408,15.999,16.342,1333,0
2013-08-12,16.765,16.834,16.433,16.433,2021,0
2013-08-13,16.441,16.493,16.357,16.493,8464,0
2013-08-14,16.408,16.408,16.187,16.187,353,0
2013-08-16,15.779,15.779,15.685,15.685,575,0
2013-08-19,15.608,15.608,15.422,15.422,2176,0
2013-08-20,15.703,15.703,15.505,15.505,3151,0
2013-08-21,15.328,15.371,15.227,15.227,3584,0
2013-08-23,15.568,15.77,15.568,15.77,2277,0
2013-08-26,15.822,15.856,15.558,15.558,1917,0
2013-08-27,15.438,15.471,15.337,15.471,2524,0
2013-08-28,15.346,15.746,15.346,15.608,3812,0
2013-08-29,15.625,15.729,15.414,15.729,1947,0
2013-08-30,15.464,15.464,15.38,15.429,1394,0
2013-09-03,15.708,15.827,15.708,15.827,7525,0
2013-09-04,15.783,15.964,15.783,15.913,6699,0
2013-09-05,16.348,16.348,16.348,16.348,2000,0
2013-09-06,16.739,16.868,16.62,16.653,2364,0
2013-09-09,16.869,17.139,16.869,17.139,1295,0
2013-09-10,17.189,17.278,17.106,17.106,2799,0
2013-09-11,17.088,17.097,17.055,17.055,7861,0
2013-09-12,16.902,17.003,16.902,16.943,1821,0
2013-09-13,16.968,16.977,16.79,16.935,25417,0
2013-09-16,17.249,17.249,17.012,17.065,1534,0
2013-09-17,17.278,17.278,17.199,17.199,400,0
2013-09-18,18.282,18.282,18.282,18.282,3089,0
2013-09-19,17.89,17.89,17.745,17.745,4055,0
2013-09-20,17.737,17.79,17.737,17.737,3998,0
2013-09-23,17.813,17.898,17.813,17.882,703,0
2013-09-24,17.874,18.018,17.874,18.018,498,0
2013-09-25,17.763,17.763,17.678,17.693,1008,0
2013-09-26,17.577,17.577,17.515,17.515,1399,0
2013-09-27,17.403,17.463,17.379,17.463,2909,0
2013-09-30,17.507,17.507,17.507,17.507,291,0
2013-10-02,17.79,17.89,17.79,17.89,1051,0
2013-10-03,17.702,17.702,17.651,17.651,2754,0
2013-10-04,17.617,17.687,17.617,17.617,1115,0
2013-10-07,17.651,17.651,17.642,17.651,1284,0
2013-10-08,17.584,17.584,17.568,17.568,1004,0
2013-10-09,17.79,17.898,17.617,17.898,659,0
2013-10-10,18.018,18.018,18.018,18.018,262,0
2013-10-11,18.249,18.258,18.198,18.258,1412,0
2013-10-14,18.13,18.42,18.13,18.392,70446,0
2013-10-15,18.497,18.505,18.378,18.402,93918,0
2013-10-16,18.652,18.652,18.522,18.591,1677,0
2013-10-17,18.617,18.617,18.489,18.497,2134,0
2013-10-18,18.667,18.676,18.352,18.378,24749,0
2013-10-21,19.05,19.05,18.437,18.505,1521,0
2013-10-22,18.778,18.778,18.643,18.7,985,0
2013-10-23,18.392,18.392,18.387,18.392,790,0
2013-10-24,18.239,18.239,18.045,18.223,3667,0
2013-10-25,18.268,18.378,18.223,18.342,4172,0
2013-10-28,18.437,18.513,18.342,18.428,9744,0
2013-10-29,18.268,18.352,18.268,18.307,1013,0
2013-10-30,18.291,18.387,18.258,18.387,6581,0
2013-10-31,18.13,18.147,18.061,18.061,2696,0
2013-11-04,18.028,18.028,18.028,18.028,821,0
2013-11-05,17.651,17.737,17.601,17.678,1056,0
2013-11-06,17.532,17.532,17.403,17.515,3166,0
2013-11-08,16.977,16.977,16.774,16.774,469,0
2013-11-11,17.02,17.079,17.02,17.02,2812,0
2013-11-12,16.96,16.986,16.901,16.91,3514,0
2013-11-13,16.852,16.852,16.852,16.852,177,0
2013-11-14,17.318,17.353,17.294,17.353,2660,0
2013-11-15,17.678,17.737,17.577,17.577,2164,0
2013-11-18,17.949,17.949,17.949,17.949,116,0
2013-11-19,17.79,17.79,17.577,17.577,1056,0
2013-11-21,17.413,17.43,17.311,17.37,15985,0
2013-11-22,17.693,17.693,17.507,17.627,3110,0
2013-11-25,17.447,17.515,17.344,17.344,3780,0
2013-11-26,17.278,17.337,17.25,17.337,10883,0
2013-11-27,17.216,17.225,17.199,17.208,479,0
2013-11-29,17.294,17.353,17.285,17.337,1936,0
2013-12-02,17.065,17.065,16.868,16.878,2509,0
2013-12-03,16.739,16.739,16.627,16.637,1582,0
2013-12-04,16.491,16.491,16.278,16.339,7264,0
2013-12-05,16.459,16.601,16.424,16.592,2749,0
2013-12-06,16.968,16.968,16.886,16.886,469,0
2013-12-09,16.968,16.968,16.942,16.942,409,0
2013-12-10,17.029,17.029,17.029,17.029,230,0
2013-12-11,16.96,16.96,16.517,16.552,5596,0
2013-12-12,16.627,16.627,16.449,16.525,5105,0
2013-12-13,16.491,16.491,16.449,16.449,2930,0
2013-12-16,16.713,16.73,16.56,16.569,3607,0
2013-12-17,16.764,16.764,16.627,16.697,3380,0
2013-12-18,16.565,17.249,16.461,17.053,3002,0
2013-12-19,16.496,16.736,16.478,16.702,4467,0
2013-12-20,16.658,16.658,16.513,16.556,3043,0
2013-12-23,16.71,16.779,16.649,16.674,6114,0
2013-12-24,16.71,16.736,16.71,16.736,1512,0
2013-12-26,16.674,16.674,16.625,16.625,1417,0
2013-12-27,16.454,16.779,16.454,16.779,1369,0
2013-12-30,16.779,16.848,16.666,16.795,8327,0
2013-12-31,16.711,16.813,16.711,16.736,1190,0
2014-01-02,16.41,16.41,16.333,16.333,1416,0
2014-01-03,16.366,16.539,16.307,16.539,4687,0
2014-01-06,16.307,16.307,16.283,16.283,631,0
2014-01-07,16.565,16.565,16.239,16.343,1474,0
2014-01-10,16.352,16.352,16.195,16.343,4029,0
2014-01-13,16.352,16.352,16.239,16.273,909,0
2014-01-15,16.366,16.376,16.366,16.376,2304,0
2014-01-16,16.333,16.385,16.291,16.291,3241,0
2014-01-17,16.229,16.428,16.229,16.326,1923,0
2014-01-21,16.178,16.22,16.12,16.12,1240,0
2014-01-22,16.102,16.178,16.102,16.12,5032,0
2014-01-23,15.966,15.966,15.656,15.777,956,0
2014-01-24,15.477,15.477,15.409,15.409,2201,0
2014-01-27,15.384,15.384,15.203,15.332,13095,0
2014-01-28,15.34,15.34,15.21,15.246,6927,0
2014-01-29,14.956,14.997,14.921,14.956,941,0
2014-01-30,15.246,15.246,15.075,15.092,1865,0
2014-01-31,15.041,15.041,15.041,15.041,233,0
2014-02-03,14.835,14.835,14.654,14.654,2611,0
2014-02-04,14.679,14.973,14.679,14.973,22834,0
2014-02-05,14.811,14.828,14.689,14.689,121976,0
2014-02-07,15.426,15.426,15.289,15.314,3648,0
2014-02-10,14.973,14.973,14.973,14.973,341,0
2014-02-11,15.229,15.374,15.229,15.306,1132,0
2014-02-12,15.229,15.229,15.119,15.119,726,0
2014-02-13,15.141,15.141,15.141,15.141,585,0
2014-02-14,15.409,15.409,15.374,15.374,427,0
2014-02-18,14.835,14.844,14.57,14.58,3046,0
2014-02-19,14.365,14.432,14.365,14.432,1285,0
2014-02-20,14.963,15.032,14.963,15.015,5020,0
2014-02-21,15.092,15.15,15.092,15.15,832,0
2014-02-24,15.229,15.229,15.229,15.229,393,0
2014-02-25,15.059,15.059,14.903,14.903,800,0
2014-02-26,15.007,15.007,14.887,14.887,940,0
2014-03-05,15.084,15.306,15.041,15.186,2131,0
2014-03-06,15.426,15.614,15.418,15.441,3547,0
2014-03-07,15.126,15.126,14.852,14.929,3823,0
2014-03-10,14.654,14.654,14.654,14.654,116,0
2014-03-11,14.777,14.777,14.58,14.638,776,0
2014-03-13,14.759,14.759,14.613,14.654,2219,0
2014-03-14,14.562,14.562,14.554,14.554,701,0
2014-03-17,14.554,14.554,14.554,14.554,288,0
2014-03-19,15.1,15.203,15.1,15.203,775,0
2014-03-20,15.52,15.52,15.409,15.409,3504,0
2014-03-21,15.374,15.64,15.186,15.572,1950,0
2014-03-24,15.656,15.656,15.441,15.441,1037,0
2014-03-25,15.797,15.797,15.747,15.747,4647,0
2014-03-27,16.09,16.324,16.09,16.324,1854,0
2014-03-31,16.666,16.702,16.657,16.657,4557,0
2014-04-01,16.657,16.657,16.357,16.401,609,0
2014-04-02,16.736,16.736,16.736,16.736,117,0
2014-04-03,16.581,16.761,16.581,16.674,1950,0
2014-04-07,17.054,17.295,17.054,17.122,1994,0
2014-04-08,17.39,17.39,17.038,17.122,2206,0
2014-04-09,16.71,16.761,16.71,16.761,881,0
2014-04-10,16.839,16.839,16.831,16.831,260,0
2014-04-15,16.392,16.392,16.392,16.392,317,0
2014-04-16,16.596,16.71,16.596,16.657,5213,0
2014-04-17,17.106,17.106,17.064,17.064,698,0
2014-04-21,16.839,16.865,16.839,16.865,582,0
2014-04-23,16.743,16.875,16.727,16.875,1047,0
2014-04-24,16.736,16.736,16.736,16.736,115,0
2014-04-28,16.616,16.719,16.616,16.719,1497,0
2014-04-29,16.966,16.966,16.693,16.693,4009,0
2014-04-30,16.821,16.821,16.821,16.821,118,0
2014-05-02,17.287,17.372,17.287,17.372,349,0
2014-05-06,17.555,17.579,17.511,17.511,29273,0
2014-05-07,17.45,17.45,17.45,17.45,1162,0
2014-05-09,17.381,17.397,17.269,17.372,16782,0
2014-05-12,17.622,17.622,17.511,17.536,7497,0
2014-05-13,17.546,17.612,17.527,17.612,8002,0
2014-05-15,17.39,17.39,17.39,17.39,526,0
2014-05-21,17.2,17.242,17.139,17.2,2133,0
2014-05-22,17.19,17.2,17.19,17.2,802,0
2014-05-23,17.329,17.329,17.329,17.329,318,0
2014-05-27,16.95,16.994,16.925,16.994,1993,0
2014-05-28,17.2,17.2,17.097,17.155,1081,0
2014-05-29,17.182,17.182,17.182,17.182,582,0
2014-05-30,16.994,16.994,16.994,16.994,592,0
2014-06-02,16.805,16.805,16.674,16.684,14281,0
2014-06-03,16.805,16.805,16.805,16.805,232,0
2014-06-04,16.693,16.743,16.589,16.743,5173,0
2014-06-05,16.975,16.975,16.831,16.831,3386,0
2014-06-06,17.287,17.32,17.209,17.261,10937,0
2014-06-09,17.708,17.837,17.708,17.837,3022,0
2014-06-10,17.854,17.879,17.796,17.796,1047,0
2014-06-11,17.947,18.027,17.947,18.001,3139,0
2014-06-12,17.854,17.854,17.725,17.725,4316,0
2014-06-13,17.896,17.896,17.896,17.896,408,0
2014-06-16,17.769,17.769,17.769,17.769,770,0
2014-06-17,17.596,17.605,17.503,17.579,21294,0
2014-06-18,17.777,17.982,17.777,17.982,3895,0
2014-06-19,17.991,17.991,17.888,17.965,5706,0
2014-06-20,17.947,17.947,17.932,17.939,2520,0
2014-06-23,17.769,17.769,17.759,17.759,1076,0
2014-06-24,18.018,18.018,17.86,17.86,411,0
2014-06-25,17.903,17.911,17.833,17.911,708,0
2014-06-27,17.808,17.808,17.763,17.763,1491,0
2014-06-30,17.612,17.612,17.562,17.57,5080,0
2014-07-01,17.639,17.639,17.639,17.639,283,0
2014-07-02,17.145,17.472,17.145,17.472,453,0
2014-07-09,17.903,17.903,17.903,17.903,699,0
2014-07-10,17.877,17.877,17.763,17.791,2355,0
2014-07-11,18.097,18.097,17.991,17.991,536,0
2014-07-15,18.142,18.142,18.062,18.062,7308,0
2014-07-16,18.388,18.396,18.247,18.247,11043,0
2014-07-17,17.869,17.869,17.86,17.86,489,0
2014-07-18,18.38,18.38,18.343,18.353,4641,0
2014-07-21,18.353,18.564,18.353,18.564,2480,0
2014-07-22,18.705,18.924,18.705,18.89,4674,0
2014-07-23,18.654,18.654,18.628,18.654,2834,0
2014-07-24,18.705,18.705,18.705,18.705,226,0
2014-07-28,18.495,18.555,18.495,18.555,340,0
2014-07-29,18.503,18.503,18.362,18.475,1082,0
2014-07-30,18.088,18.115,18.071,18.071,742,0
2014-07-31,17.562,17.562,17.562,17.562,495,0
2014-08-04,17.851,17.851,17.791,17.791,406,0
2014-08-05,17.622,17.727,17.562,17.562,1540,0
2014-08-06,17.525,17.772,17.525,17.772,2012,0
2014-08-07,17.7,17.7,17.7,17.7,1333,0
2014-08-08,17.341,17.341,17.341,17.341,1476,0
2014-08-11,17.57,17.579,17.57,17.579,1046,0
2014-08-13,17.525,17.525,17.525,17.525,1866,0
2014-08-14,17.595,17.605,17.595,17.605,716,0
2014-08-18,17.982,18.054,17.982,18.054,626,0
2014-08-20,18.3,18.38,18.212,18.212,2682,0
2014-08-21,18.291,18.291,18.281,18.281,1124,0
2014-08-22,18.071,18.071,18.018,18.018,824,0
2014-08-25,18.212,18.212,18.212,18.212,765,0
2014-08-26,18.628,18.628,18.628,18.628,1474,0
2014-08-27,18.915,19.286,18.897,19.286,2658,0
2014-08-28,19.093,19.093,19.093,19.093,824,0
2014-08-29,19.329,19.329,19.191,19.191,2509,0
2014-09-02,19.181,19.605,19.181,19.596,1315,0
2014-09-03,19.551,19.665,19.497,19.497,7100,0
2014-09-04,19.568,19.596,19.392,19.392,1285,0
2014-09-05,19.329,19.329,19.329,19.329,210,0
2014-09-08,19.233,19.277,18.961,18.961,14077,0
2014-09-09,18.247,18.316,18.247,18.307,1936,0
2014-09-10,18.01,18.062,18.01,18.062,1715,0
2014-09-11,18.291,18.291,18.291,18.291,124,0
2014-09-12,17.791,17.791,17.508,17.508,33662,0
2014-09-15,17.454,17.454,17.454,17.454,651,0
2014-09-16,17.93,18.175,17.93,18.175,672,0
2014-09-19,17.472,17.472,17.367,17.472,1973,0
2014-09-22,16.9,16.96,16.83,16.96,5001,0
2014-09-23,17.085,17.085,17.085,17.085,450,0
2014-09-25,16.521,16.521,16.459,16.459,255,0
2014-09-26,16.618,16.813,16.618,16.813,483,0
2014-09-29,16.183,16.183,16.031,16.031,2109,0
2014-09-30,15.812,15.964,15.812,15.928,11856,0
2014-10-01,15.698,15.707,15.388,15.388,10652,0
2014-10-02,15.414,15.51,15.201,15.51,16066,0
2014-10-03,15.414,15.414,15.414,15.414,115,0
2014-10-06,16.74,16.74,16.74,16.74,490,0
2014-10-07,16.876,17.085,16.876,17.007,4633,0
2014-10-08,16.866,16.97,16.493,16.97,12808,0
2014-10-09,16.961,16.961,16.919,16.943,592,0
2014-10-10,16.538,16.538,16.345,16.459,398,0
2014-10-13,16.679,17.085,16.679,16.91,15911,0
2014-10-14,16.582,16.723,16.582,16.723,971,0
2014-10-15,16.095,16.165,15.979,15.988,1619,0
2014-10-16,15.493,15.616,15.457,15.616,40325,0
2014-10-17,16.051,16.051,15.848,15.848,1471,0
2014-10-21,15.138,15.201,14.971,15.023,12689,0
2014-10-22,14.98,14.98,14.961,14.961,572,0
2014-10-23,14.609,14.609,14.351,14.547,1865,0
2014-10-24,14.917,15.033,14.917,14.934,15878,0
2014-10-27,14.227,14.591,14.051,14.591,8761,0
2014-10-28,14.812,15.281,14.812,15.193,18440,0
2014-10-29,15.475,15.493,15.138,15.138,4099,0
2014-10-30,15.759,15.857,15.759,15.857,1893,0
2014-11-03,15.679,15.679,15.52,15.565,7085,0
2014-11-04,15.669,15.669,15.669,15.669,112,0
2014-11-05,15.475,15.475,15.475,15.475,244,0
2014-11-06,14.669,15.183,14.669,15.183,8657,0
2014-11-07,15.165,15.165,15.165,15.165,2213,0
2014-11-10,15.334,15.334,15.077,15.112,23110,0
2014-11-11,14.997,15.051,14.997,15.051,1433,0
2014-11-12,15.343,15.343,15.068,15.12,2682,0
2014-11-13,14.794,14.794,14.669,14.669,450,0
2014-11-14,14.465,14.609,14.465,14.609,790,0
2014-11-17,14.669,14.669,14.413,14.413,5872,0
2014-11-18,14.839,14.961,14.803,14.953,11354,0
2014-11-19,15.138,15.281,15.138,15.281,15700,0
2014-11-20,15.591,15.591,15.289,15.289,702,0
2014-11-21,15.707,15.707,15.591,15.591,708,0
2014-11-24,15.669,15.669,15.669,15.669,326,0
2014-11-25,15.759,15.759,15.759,15.759,237,0
2014-12-01,14.961,14.961,14.961,14.961,259,0
2014-12-02,14.925,14.925,14.9,14.9,1130,0
2014-12-03,15.155,15.155,15.068,15.068,580,0
2014-12-04,14.803,14.803,14.706,14.706,283,0
2014-12-05,14.723,14.812,14.626,14.812,568,0
2014-12-08,14.687,14.812,14.438,14.438,2476,0
2014-12-10,14.316,14.316,14.316,14.316,182,0
2014-12-11,13.979,14.032,13.952,14.032,1659,0
2014-12-12,13.634,13.915,13.634,13.741,1068,0
2014-12-15,13.332,13.332,13.236,13.236,303,0
2014-12-16,12.749,12.925,12.749,12.855,17399,0
2014-12-17,13.571,13.571,13.324,13.448,10279,0
2014-12-18,13.793,13.793,13.625,13.625,1024,0
2014-12-19,13.802,13.802,13.784,13.784,4362,0
2014-12-22,13.768,13.909,13.768,13.909,4300,0
2014-12-23,13.777,13.822,13.733,13.813,5427,0
2014-12-24,13.769,13.769,13.644,13.644,2274,0
2014-12-26,13.911,13.973,13.804,13.804,3556,0
2014-12-29,13.945,13.945,13.76,13.866,3489,0
2014-12-30,13.945,14.09,13.857,13.866,8336,0
2014-12-31,13.769,13.918,13.76,13.918,31212,0
2015-01-02,13.296,13.296,13.226,13.226,676,0
2015-01-05,13.003,13.003,12.924,12.941,1265,0
2015-01-06,12.959,13.003,12.915,13.003,732,0
2015-01-07,13.324,13.324,13.324,13.324,1126,0
2015-01-09,13.304,13.304,13.304,13.304,449,0
2015-01-12,12.906,12.906,12.862,12.897,7082,0
2015-01-13,13.039,13.039,13.039,13.039,422,0
2015-01-14,13.218,13.263,13.182,13.263,6945,0
2015-01-15,13.199,13.199,13.164,13.164,258,0
2015-01-16,13.378,13.378,13.332,13.332,859,0
2015-01-20,13.012,13.111,13.012,13.111,302,0
2015-01-21,13.34,13.556,13.34,13.556,5228,0
2015-01-22,13.652,13.652,13.652,13.652,1271,0
2015-01-23,13.43,13.43,13.34,13.34,766,0
2015-01-26,13.324,13.324,13.304,13.304,1336,0
2015-01-27,13.404,13.412,13.084,13.35,1031,0
2015-01-28,13.254,13.332,13.254,13.332,1299,0
2015-01-29,13.075,13.226,13.075,13.226,1912,0
2015-01-30,12.63,12.63,12.558,12.558,1350,0
2015-02-02,12.558,12.558,12.558,12.558,677,0
2015-02-03,12.807,12.852,12.807,12.852,563,0
2015-02-04,12.693,12.693,12.693,12.693,4162,0
2015-02-06,12.425,12.434,12.372,12.372,1777,0
2015-02-09,12.451,12.515,12.451,12.515,1866,0
2015-02-10,12.257,12.301,12.115,12.141,1857,0
2015-02-11,11.962,11.998,11.909,11.962,2656,0
2015-02-12,12.434,12.434,12.292,12.381,1910,0
2015-02-17,12.683,12.693,12.674,12.674,2488,0
2015-02-19,12.603,12.736,12.603,12.637,436,0
2015-02-20,12.63,12.63,12.63,12.63,288,0
2015-02-23,12.541,12.541,12.541,12.541,112,0
2015-02-24,12.798,12.879,12.736,12.852,4212,0
2015-02-25,12.585,12.585,12.585,12.585,1314,0
2015-02-26,12.693,12.763,12.693,12.746,2458,0
2015-02-27,12.771,12.888,12.771,12.79,8389,0
2015-03-02,12.603,12.666,12.532,12.532,2024,0
2015-03-03,12.523,12.523,12.523,12.523,337,0
2015-03-04,12.115,12.115,12.078,12.078,448,0
2015-03-05,11.989,12.008,11.962,12.008,1800,0
2015-03-06,11.794,11.794,11.749,11.749,900,0
2015-03-09,11.563,11.659,11.359,11.359,3147,0
2015-03-10,11.412,11.412,11.296,11.296,337,0
2015-03-11,11.234,11.234,11.224,11.224,563,0
2015-03-12,11.447,11.447,11.447,11.447,1462,0
2015-03-13,10.761,10.761,10.761,10.761,112,0
2015-03-17,10.824,10.851,10.824,10.851,1238,0
2015-03-18,11.49,11.49,11.429,11.429,337,0
2015-03-19,11.11,11.11,11.11,11.11,112,0
2015-03-20,11.528,11.528,11.49,11.49,563,0
2015-03-23,11.758,11.758,11.758,11.758,448,0
2015-03-24,11.713,11.741,11.713,11.741,224,0
2015-03-25,11.673,11.727,11.673,11.727,893,0
2015-03-26,11.423,11.432,11.423,11.432,1675,0
2015-03-27,11.262,11.271,11.172,11.172,781,0
2015-03-30,11.29,11.459,11.29,11.459,15849,0
2015-03-31,11.594,11.594,11.531,11.531,2380,0
2015-04-01,11.97,11.987,11.872,11.872,1117,0
2015-04-02,12.115,12.131,12.115,12.131,2010,0
2015-04-06,12.131,12.131,12.131,12.131,111,0
2015-04-07,12.319,12.319,12.275,12.275,373,0
2015-04-08,12.598,12.598,12.598,12.598,223,0
2015-04-09,12.498,12.498,12.498,12.498,481,0
2015-04-10,12.498,12.498,12.498,12.498,111,0
2015-04-14,12.498,12.498,12.498,12.498,111,0
2015-04-15,12.713,12.838,12.713,12.82,1262,0
2015-04-17,12.598,12.598,12.598,12.598,111,0
2015-04-20,12.659,12.669,12.659,12.669,2231,0
2015-04-21,12.695,12.759,12.695,12.759,3014,0
2015-04-22,12.838,12.838,12.838,12.838,278,0
2015-04-24,13.275,13.303,13.275,13.303,335,0
2015-04-27,13.386,13.394,13.197,13.197,3460,0
2015-04-28,13.323,13.323,13.17,13.207,670,0
2015-04-29,13.143,13.17,13.018,13.091,5582,0
2015-04-30,13.036,13.036,13.036,13.036,2231,0
2015-05-01,12.928,12.928,12.928,12.928,2904,0
2015-05-05,13.135,13.135,13.135,13.135,1450,0
2015-05-06,13.17,13.19,13.17,13.19,1119,0
2015-05-07,13.072,13.072,13.072,13.072,2368,0
2015-05-08,13.072,13.072,13.072,13.072,111,0
2015-05-11,13.474,13.474,13.474,13.474,1117,0
2015-05-12,13.269,13.303,13.269,13.303,670,0
2015-05-13,13.269,13.269,13.269,13.269,111,0
2015-05-14,13.403,13.474,13.386,13.456,8370,0
2015-05-15,13.474,13.61,13.464,13.61,9977,0
2015-05-18,13.61,13.61,13.61,13.61,2,0
2015-05-19,13.143,13.143,13.143,13.143,445,0
2015-05-20,13.143,13.143,13.143,13.143,111,0
2015-05-22,12.901,12.901,12.82,12.82,335,0
2015-05-26,12.82,12.82,12.82,12.82,2,0
2015-05-27,12.407,12.407,12.407,12.407,445,0
2015-05-29,12.407,12.407,12.407,12.407,111,0
2015-06-01,12.043,12.043,12.043,12.043,336,0
2015-06-02,12.4,12.4,12.39,12.39,8990,0
2015-06-03,12.39,12.39,12.39,12.39,111,0
2015-06-04,12.301,12.319,12.221,12.319,6472,0
2015-06-05,12.319,12.319,12.319,12.319,111,0
2015-06-09,12.319,12.319,12.319,12.319,1675,0
2015-06-10,12.561,12.561,12.525,12.525,1372,0
2015-06-11,12.221,12.221,12.221,12.221,560,0
2015-06-15,12.319,12.319,12.319,12.319,335,0
2015-06-17,12.319,12.319,12.319,12.319,111,0
2015-06-18,12.319,12.319,12.319,12.319,111,0
2015-06-19,12.416,12.416,12.416,12.416,1005,0
2015-06-22,12.498,12.588,12.498,12.498,223,0
2015-06-23,12.479,12.479,12.462,12.462,4503,0
2015-06-24,12.512,12.512,12.512,12.512,4396,0
2015-06-25,12.094,12.104,12.094,12.104,1100,0
2015-06-29,12.175,12.175,12.175,12.175,109,0
2015-06-30,12.175,12.175,12.175,12.175,289,0
2015-07-01,12.175,12.175,12.175,12.175,109,0
2015-07-02,12.175,12.175,12.175,12.175,109,0
2015-07-06,12.167,12.211,12.167,12.211,330,0
2015-07-07,11.839,11.893,11.839,11.893,879,0
2015-07-08,11.802,11.802,11.802,11.802,109,0
2015-07-10,12.021,12.021,12.021,12.021,109,0
2015-07-13,12.021,12.021,12.021,12.021,109,0
2015-07-14,12.139,12.193,12.113,12.193,1372,0
2015-07-15,12.167,12.185,12.167,12.185,633,0
2015-07-16,12.113,12.113,12.113,12.113,2308,0
2015-07-17,11.966,11.966,11.856,11.856,659,0
2015-07-22,11.448,11.465,11.448,11.448,1318,0
2015-07-23,11.248,11.248,10.992,10.992,550,0
2015-07-24,10.783,10.783,10.691,10.691,330,0
2015-07-27,10.593,10.664,10.593,10.664,330,0
2015-07-28,10.636,10.636,10.636,10.636,220,0
2015-07-29,10.857,10.857,10.857,10.857,109,0
2015-07-30,10.709,10.709,10.709,10.709,330,0
2015-08-03,10.719,10.719,10.719,10.719,378,0
2015-08-05,10.473,10.52,10.448,10.448,1759,0
2015-08-06,10.317,10.317,10.317,10.317,1124,0
2015-08-07,10.064,10.073,10.028,10.028,879,0
2015-08-10,10.165,10.165,10.165,10.165,109,0
2015-08-11,10.119,10.119,9.982,9.982,1494,0
2015-08-12,9.919,9.919,9.909,9.919,1537,0
2015-08-13,9.836,9.836,9.782,9.782,659,0
2015-08-14,9.9,9.9,9.9,9.9,109,0
2015-08-19,9.736,9.736,9.554,9.554,330,0
2015-08-24,8.8726,8.8726,8.8726,8.8726,379,0
2015-08-25,9.1535,9.1535,8.9268,8.9268,659,0
2015-08-26,8.8634,8.8634,8.8634,8.8634,220,0
2015-08-28,9.2275,9.2275,9.2275,9.2275,659,0
2015-08-31,8.9362,9.0813,8.7995,9.0813,1428,0
2015-09-01,8.7627,8.7627,8.7169,8.7261,550,0
2015-09-02,8.7995,8.7995,8.5811,8.6808,770,0
2015-09-04,8.5719,8.5719,8.5719,8.5719,109,0
2015-09-08,8.6356,8.6356,8.6356,8.6356,439,0
2015-09-09,8.781,8.781,8.781,8.781,3406,0
2015-09-10,8.4354,8.5538,8.4354,8.5538,802,0
2015-09-15,8.7534,8.7534,8.7534,8.7534,439,0
2015-09-17,8.9624,9.0635,8.9624,9.0635,825,0
2015-09-18,8.8359,8.854,8.6083,8.6083,2308,0
2015-09-21,8.4173,8.4173,8.4173,8.4173,220,0
2015-09-22,8.1988,8.1988,8.0077,8.0077,439,0
2015-09-23,7.8999,7.9091,7.8908,7.8908,2190,0
2015-09-24,7.5711,8.046,7.5711,8.046,1885,0
2015-09-25,8.1556,8.1556,8.1556,8.1556,767,0
2015-09-29,7.7083,7.8451,7.7083,7.8451,22446,0
2015-10-01,8.1831,8.1831,8.0095,8.0095,329,0
2015-10-02,8.448,8.448,8.448,8.448,109,0
2015-10-05,8.5119,8.5119,8.5119,8.5119,230,0
2015-10-06,8.8041,8.8128,8.8041,8.8128,1532,0
2015-10-07,8.8405,8.8405,8.8405,8.8405,438,0
2015-10-13,8.7763,9.0045,8.7763,8.7763,219,0
2015-10-14,8.8503,8.8503,8.8405,8.8405,876,0
2015-10-15,8.9044,8.9044,8.8405,8.8405,219,0
2015-10-21,8.6941,8.6941,8.6941,8.6941,219,0
2015-10-22,8.7763,8.8313,8.7763,8.822,1313,0
2015-10-23,8.8587,8.8587,8.8128,8.8313,2735,0
2015-10-27,8.7032,8.7032,8.7032,8.7032,219,0
2015-10-28,8.8128,8.8128,8.5758,8.5758,767,0
2015-10-30,8.5484,8.6032,8.5484,8.6032,1532,0
2015-11-02,8.6671,8.7215,8.6625,8.7215,10782,0
2015-11-05,9.2246,9.4261,9.2246,9.4261,19161,0
2015-11-06,9.2516,9.3152,9.0411,9.3152,8541,0
2015-11-09,9.0869,9.16,9.0364,9.0963,4811,0
2015-11-10,8.9502,8.9502,8.9502,8.9502,109,0
2015-11-12,9.187,9.2612,9.187,9.2612,438,0
2015-11-13,9.0692,9.0692,9.0411,9.0411,438,0
2015-11-16,9.0233,9.1422,9.0233,9.1422,767,0
2015-11-17,9.1422,9.1516,9.1235,9.1516,2849,0
2015-11-18,9.4164,9.4164,9.4164,9.4164,438,0
2015-11-19,9.644,9.644,9.626,9.626,1095,0
2015-11-20,9.689,9.909,9.689,9.909,2735,0
2015-11-23,9.689,9.689,9.543,9.543,876,0
2015-11-25,9.4357,9.4357,9.3981,9.3981,987,0
2015-11-27,9.2246,9.2246,9.0869,9.0869,438,0
2015-11-30,9.0504,9.0504,8.8041,8.8128,5475,0
2015-12-01,8.6799,8.7215,8.6799,8.6978,2195,0
2015-12-02,8.822,8.895,8.7855,8.895,4113,0
2015-12-03,9.1966,9.1966,9.1966,9.1966,109,0
2015-12-04,9.0963,9.0963,9.0045,9.0598,1313,0
2015-12-07,9.0411,9.0504,9.0411,9.0504,2080,0
2015-12-08,8.758,8.9137,8.7435,8.9044,54922,0
2015-12-09,9.1048,9.1328,9.0692,9.0692,15111,0
2015-12-10,8.9868,8.9868,8.7855,8.7855,2849,0
2015-12-14,8.4883,8.4897,8.4883,8.4897,500,0
2015-12-16,8.3747,8.5575,7.7995,8.5575,8759,0
2015-12-17,8.5575,8.6579,8.5575,8.6579,876,0
2015-12-18,8.384,8.384,8.1374,8.1374,547,0
2015-12-21,8.0826,8.0826,8.0826,8.0826,109,0
2015-12-22,8.046,8.0734,8.0121,8.0734,1543,0
2015-12-23,8.1922,8.1922,8.1831,8.1831,1313,0
2015-12-28,8.3255,8.3968,8.311,8.3968,2902,0
2015-12-30,8.0864,8.1308,8.0864,8.1308,574,0
2015-12-31,8.0095,8.0918,8.0005,8.0918,1063,0
2016-01-04,7.763,7.763,7.7539,7.763,1840,0
2016-01-05,7.7981,7.7981,7.7981,7.7981,109,0
2016-01-07,7.4614,7.4614,7.4614,7.4614,109,0
2016-01-12,7.3793,7.3975,7.3793,7.3975,547,0
2016-01-13,7.5164,7.5164,7.3155,7.3633,767,0
2016-01-14,7.3063,7.3063,7.3063,7.3063,219,0
2016-01-15,7.1327,7.1327,7.1327,7.1327,329,0
2016-01-19,7.0232,7.0232,7.0232,7.0232,109,0
2016-01-20,6.8368,6.8587,6.8368,6.8587,832,0
2016-01-25,7.0872,7.0872,7.0597,7.0597,1374,0
2016-01-26,6.8587,6.9683,6.8587,6.9683,3294,0
2016-01-28,7.1147,7.1147,7.0506,7.1147,438,0
2016-02-04,7.9091,7.9091,7.8988,7.8988,2027,0
2016-02-05,7.8635,7.8635,7.8635,7.8635,384,0
2016-02-08,7.7264,7.7265,7.7264,7.7265,1095,0
2016-02-11,7.4891,7.4891,7.4891,7.4891,547,0
2016-02-12,7.4324,7.4324,7.4324,7.4324,219,0
2016-02-17,7.8359,7.9455,7.8359,7.8543,818,0
2016-02-24,7.8908,7.8917,7.8908,7.8917,438,0
2016-03-03,8.781,9.0233,8.7773,9.0233,1423,0
2016-03-04,9.2795,9.3152,9.2795,9.3152,2735,0
2016-03-09,9.635,9.635,9.514,9.514,3155,0
2016-03-10,9.705,9.809,9.705,9.809,943,0
2016-03-11,9.909,9.946,9.909,9.946,3033,0
2016-03-14,9.9,9.928,9.699,9.699,3152,0
2016-03-15,9.3518,9.3538,8.9773,9.0214,2665,0
2016-03-16,8.9502,9.2342,8.938,9.2342,7446,0
2016-03-17,9.8,10.037,9.8,10.037,657,0
2016-03-21,10.192,10.224,10.192,10.224,1637,0
2016-03-22,10.247,10.338,10.247,10.338,438,0
2016-03-23,10.084,10.084,9.931,9.931,219,0
2016-03-28,9.943,9.943,9.902,9.902,2298,0
2016-03-29,10.103,10.103,10.103,10.103,220,0
2016-03-30,10.257,10.329,10.239,10.275,1312,0
2016-03-31,10.221,10.221,9.948,9.948,1940,0
2016-04-01,10.266,10.266,10.25,10.25,864,0
2016-04-04,10.065,10.065,9.745,9.772,25744,0
2016-04-05,9.562,9.613,9.562,9.613,985,0
2016-04-06,9.526,9.526,9.526,9.526,190,0
2016-04-08,9.718,9.902,9.718,9.902,1520,0
2016-04-11,10.174,10.231,10.138,10.231,20723,0
2016-04-12,10.239,10.239,10.239,10.239,109,0
2016-04-13,10.604,10.669,10.574,10.632,6541,0
2016-04-14,10.601,10.601,10.601,10.601,192,0
2016-04-15,10.468,10.468,10.468,10.468,1094,0
2016-04-18,10.404,10.423,10.386,10.395,2805,0
2016-04-19,10.561,10.567,10.528,10.567,1860,0
2016-04-20,10.432,10.454,10.432,10.454,580,0
2016-04-22,10.3,10.304,10.3,10.304,291,0
2016-04-26,10.558,10.558,10.558,10.558,109,0
2016-04-27,10.615,10.769,10.615,10.769,2248,0
2016-04-28,10.797,10.842,10.797,10.842,2844,0
2016-04-29,10.897,10.897,10.794,10.794,2981,0
2016-05-02,10.752,10.752,10.648,10.648,438,0
2016-05-03,10.494,10.494,10.494,10.494,109,0
2016-05-04,10.405,10.405,10.405,10.405,165,0
2016-05-09,9.883,9.883,9.836,9.865,7596,0
2016-05-10,10.432,10.605,10.432,10.605,1299,0
2016-05-11,10.824,10.824,10.814,10.814,580,0
2016-05-12,10.724,10.962,10.567,10.962,1023,0
2016-05-13,10.513,10.513,10.513,10.513,823,0
2016-05-16,10.572,10.572,10.572,10.572,219,0
2016-05-17,10.303,10.303,10.303,10.303,219,0
2016-05-18,10.138,10.19,10.138,10.19,874,0
2016-05-20,10.086,10.086,10.086,10.086,494,0
2016-05-23,9.845,9.845,9.845,9.845,219,0
2016-05-24,9.901,10.022,9.8,9.8,1690,0
2016-05-31,9.562,9.728,9.562,9.6,3281,0
2016-06-01,9.6,9.6,9.6,9.6,275,0
2016-06-03,10.165,10.173,10.165,10.165,917,0
2016-06-06,10.285,10.386,10.285,10.386,14695,0
2016-06-07,10.358,10.377,10.358,10.367,10510,0
2016-06-08,10.759,10.759,10.759,10.759,109,0
2016-06-09,10.641,10.687,10.641,10.678,1422,0
2016-06-13,10.157,10.165,10.157,10.165,219,0
2016-06-14,9.993,10.01,9.993,10.01,1312,0
2016-06-15,9.948,9.948,9.948,9.948,109,0
2016-06-16,9.79,9.79,9.79,9.79,547,0
2016-06-17,10.339,10.339,10.339,10.339,438,0
2016-06-20,10.577,10.577,10.55,10.55,1398,0
2016-06-22,10.788,10.788,10.658,10.674,1620,0
2016-06-23,10.918,11.103,10.918,11.103,1188,0
2016-06-27,10.815,11.038,10.694,11.038,64290,0
2016-06-28,11.112,11.269,11.112,11.269,22416,0
2016-06-29,11.576,11.834,11.576,11.732,396861,0
2016-06-30,11.973,11.982,11.707,11.861,220820,0
2016-07-01,12.019,12.019,11.677,11.963,7173899,0
2016-07-05,11.852,11.852,11.548,11.704,37664,0
2016-07-06,11.648,11.648,11.279,11.398,71355,0
2016-07-07,11.436,11.548,11.279,11.279,155375,0
2016-07-08,11.648,11.843,11.576,11.742,146111,0
2016-07-11,11.899,12.029,11.879,11.917,22691,0
2016-07-12,12.14,12.251,11.955,11.955,17695,0
2016-07-13,11.954,12.121,11.945,12.066,28150,0
2016-07-14,12.334,12.472,12.334,12.342,98984,0
2016-07-15,12.297,12.306,12.158,12.168,82669,0
2016-07-18,12.408,12.51,12.408,12.482,12626,0
2016-07-19,12.51,12.557,12.427,12.557,10542,0
2016-07-20,12.638,12.638,12.482,12.507,637,0
2016-07-21,12.449,12.492,12.371,12.427,7519,0
2016-07-22,12.427,12.63,12.427,12.63,1303,0
2016-07-25,12.668,12.668,12.392,12.427,8644,0
2016-07-26,12.677,12.677,12.566,12.612,3983,0
2016-07-27,12.594,12.63,12.443,12.63,6577,0
2016-07-28,12.408,12.529,12.342,12.38,23865,0
2016-07-29,12.702,12.778,12.702,12.761,11576,0
2016-08-01,12.696,12.751,12.575,12.594,8455,0
2016-08-02,12.564,12.584,12.51,12.51,4152,0
2016-08-03,12.482,12.677,12.482,12.658,4163,0
2016-08-04,12.815,13.019,12.815,12.954,1700,0
2016-08-05,13.047,13.095,13.047,13.094,1011,0
2016-08-08,13.084,13.084,13.084,13.084,108,0
2016-08-09,13.187,13.27,13.088,13.177,15093,0
2016-08-10,13.139,13.196,13.075,13.075,29540,0
2016-08-11,13.196,13.251,13.094,13.251,3308,0
2016-08-12,13.311,13.311,13.019,13.019,1803,0
2016-08-15,13.251,13.277,13.121,13.121,16335,0
2016-08-16,13.131,13.343,13.103,13.232,1364185,0
2016-08-17,13.029,13.103,12.843,13.065,300181,0
2016-08-18,13.261,13.261,12.945,13.075,44351,0
2016-08-19,12.995,13.111,12.995,13.111,5252,0
2016-08-22,13.019,13.047,12.779,12.842,114512,0
2016-08-23,12.894,12.982,12.736,12.736,7784,0
2016-08-24,12.658,12.852,12.547,12.751,67437,0
2016-08-25,12.796,12.796,12.63,12.724,22534,0
2016-08-26,12.89,13.094,12.566,12.575,10765,0
2016-08-29,12.716,13.019,12.716,12.936,22892,0
2016-08-30,12.945,12.945,12.824,12.918,11676,0
2016-08-31,13.032,13.042,12.824,12.899,7620,0
2016-09-01,12.88,13.029,12.761,12.991,45547,0
2016-09-02,13.111,13.232,13.075,13.121,122191,0
2016-09-06,13.167,13.504,13.139,13.445,8472,0
2016-09-07,13.491,13.547,13.418,13.454,10924,0
2016-09-08,13.582,13.621,13.445,13.445,17474,0
2016-09-09,13.196,13.196,12.815,12.815,5685,0
2016-09-12,12.621,12.963,12.603,12.945,20375,0
2016-09-13,12.734,12.734,12.319,12.418,11876,0
2016-09-14,12.427,12.464,12.307,12.38,19504,0
2016-09-15,12.537,12.663,12.437,12.573,15815,0
2016-09-16,12.506,12.621,12.492,12.574,2547,0
2016-09-19,12.714,12.777,12.594,12.696,4774,0
2016-09-20,12.778,12.843,12.734,12.734,46285,0
2016-09-21,12.884,13.079,12.763,13.079,28904,0
2016-09-22,13.293,13.293,13.023,13.051,19280,0
2016-09-23,13.098,13.135,12.866,12.874,6892,0
2016-09-26,12.902,12.902,12.717,12.717,5958,0
2016-09-27,12.781,12.94,12.708,12.922,33421,0
2016-09-28,12.995,13.164,12.88,13.164,5532,0
2016-09-29,13.172,13.181,12.793,12.809,5427,0
2016-09-30,12.798,12.901,12.727,12.727,13998,0
2016-10-03,12.931,13.153,12.931,13.107,7702,0
2016-10-04,13.06,13.098,12.809,12.866,14414,0
2016-10-05,13.079,13.273,13.079,13.171,5283,0
2016-10-06,13.17,13.3,13.163,13.262,5990,0
2016-10-07,13.45,13.45,13.225,13.328,6356,0
2016-10-10,13.459,13.477,13.385,13.423,21443,0
2016-10-11,13.376,13.505,13.32,13.413,5541,0
2016-10-12,13.45,13.45,13.376,13.376,2085,0
2016-10-13,13.323,13.598,13.276,13.524,7339,0
2016-10-14,13.682,13.802,13.561,13.561,18520,0
2016-10-17,13.552,13.774,13.552,13.681,10849,0
2016-10-18,13.895,14.072,13.83,13.996,6819,0
2016-10-19,14.072,14.09,13.941,14.029,44557,0
2016-10-20,13.987,14.209,13.987,14.15,9974,0
2016-10-21,13.977,14.191,13.977,14.099,5186,0
2016-10-24,14.396,14.396,14.265,14.265,7650,0
2016-10-25,14.265,14.405,14.191,14.331,4462,0
2016-10-26,14.275,14.331,14.127,14.201,33123,0
2016-10-27,14.285,14.405,14.238,14.293,7625,0
2016-10-28,14.163,14.265,14.062,14.09,223992,0
2016-10-31,14.303,14.401,14.201,14.257,38422,0
2016-11-01,14.238,14.248,13.711,13.796,95861,0
2016-11-02,13.61,13.709,13.394,13.533,27095,0
2016-11-03,13.838,13.839,13.44,13.44,8003,0
2016-11-04,13.34,13.765,13.34,13.45,15504,0
2016-11-07,14.034,14.034,13.83,13.978,10845,0
2016-11-08,14.006,14.145,13.992,14.044,19132,0
2016-11-09,13.58,13.887,13.524,13.654,91680,0
2016-11-10,13.079,13.079,12.485,12.485,11495,0
2016-11-11,12.207,12.392,11.744,12.16,51711,0
2016-11-14,12.059,12.059,11.772,11.984,156629,0
2016-11-15,12.411,12.43,12.188,12.355,23203,0
2016-11-16,12.263,12.327,12.096,12.263,25064,0
2016-11-17,12.308,12.407,12.031,12.076,9196,0
2016-11-18,12.178,12.308,12.122,12.235,35702,0
2016-11-21,12.327,12.541,12.327,12.513,15983,0
2016-11-22,12.736,12.736,12.532,12.559,23801,0
2016-11-23,12.273,12.457,12.273,12.457,9996,0
2016-11-25,12.308,12.355,12.254,12.254,5240,0
2016-11-28,12.336,12.637,12.336,12.597,21591,0
2016-11-29,12.439,12.569,12.355,12.383,13443,0
2016-11-30,12.513,12.593,12.392,12.392,25924,0
2016-12-01,12.132,12.132,11.659,11.734,25277,0
2016-12-02,11.762,11.89,11.746,11.762,7648,0
2016-12-05,11.724,11.929,11.724,11.919,6761,0
2016-12-06,11.988,12.16,11.988,12.15,8697,0
2016-12-07,12.263,12.308,12.164,12.29,31000,0
2016-12-08,12.247,12.308,12.188,12.3,29428,0
2016-12-09,12.345,12.364,12.216,12.235,27544,0
2016-12-12,12.132,12.235,12.122,12.16,80639,0
2016-12-13,12.188,12.346,12.188,12.281,31113,0
2016-12-14,12.244,12.266,11.891,11.929,13881,0
2016-12-15,11.855,12.068,11.855,12.003,63747,0
2016-12-16,12.086,12.114,11.91,11.975,27250,0
2016-12-19,12.049,12.049,11.876,11.929,22487,0
2016-12-20,11.901,11.925,11.836,11.863,38086,0
2016-12-21,12.359,12.359,11.921,12.023,44087,0
2016-12-22,11.986,12.201,11.94,12.191,42764,0
2016-12-23,12.209,12.387,12.209,12.331,3701,0
2016-12-27,12.387,12.545,12.387,12.545,10668,0
2016-12-28,12.592,12.76,12.592,12.684,9740,0
2016-12-29,12.805,12.955,12.788,12.88,5833,0
2016-12-30,12.88,12.88,12.718,12.732,5542,0
2017-01-03,12.982,13.168,12.982,13.064,20387,0
2017-01-04,13.315,13.459,13.3,13.383,8324,0
2017-01-05,13.402,13.558,13.402,13.513,11720,0
2017-01-06,13.364,13.429,13.273,13.327,16225,0
2017-01-09,13.551,13.569,13.416,13.421,16432,0
2017-01-10,13.644,13.644,13.434,13.476,107427,0
2017-01-11,13.644,13.719,13.272,13.709,39586,0
2017-01-12,14.017,14.086,13.942,14.017,6549,0
2017-01-13,13.867,13.933,13.727,13.811,86395,0
2017-01-17,14.147,14.147,13.747,14.025,20391,0
2017-01-18,13.905,14.032,13.759,13.821,40456,0
2017-01-19,13.951,13.983,13.795,13.895,13261,0
2017-01-20,13.984,14.147,13.941,14.147,16048,0
2017-01-23,14.203,14.668,14.203,14.547,64198,0
2017-01-24,14.706,14.771,14.51,14.593,38939,0
2017-01-25,14.64,14.779,14.612,14.779,20734,0
2017-01-26,14.874,14.874,14.445,14.715,149339,0
2017-01-27,14.672,14.815,14.672,14.744,59274,0
2017-01-30,14.744,14.744,14.389,14.453,99454,0
2017-01-31,14.706,14.706,14.389,14.453,18501,0
2017-02-01,14.752,14.752,14.483,14.687,35669,0
2017-02-02,14.808,14.864,14.706,14.817,177408,0
2017-02-03,14.902,15.004,14.752,14.826,153899,0
2017-02-06,14.789,14.794,14.519,14.557,19243,0
2017-02-07,14.673,14.703,14.501,14.557,29260,0
2017-02-08,14.607,14.808,14.566,14.687,7723,0
2017-02-09,14.745,14.752,14.649,14.706,6011,0
2017-02-10,14.845,15.175,14.845,15.134,40097,0
2017-02-13,15.33,15.344,15.194,15.227,25643,0
2017-02-14,15.348,15.395,15.013,15.31,19527,0
2017-02-15,15.395,15.785,15.395,15.711,54154,0
2017-02-16,15.832,15.856,15.468,15.506,86747,0
2017-02-17,15.404,15.563,15.348,15.488,146583,0
2017-02-21,15.735,15.889,15.735,15.889,20207,0
2017-02-22,15.898,15.898,15.712,15.822,17750,0
2017-02-23,15.898,16.073,15.497,15.516,26869,0
2017-02-24,15.31,15.354,15.069,15.208,111656,0
2017-02-27,15.273,15.358,15.206,15.348,17861,0
2017-02-28,15.376,15.376,15.019,15.022,12939,0
2017-03-01,15.414,15.544,15.203,15.469,167018,0
2017-03-02,15.338,15.338,14.957,14.957,23755,0
2017-03-03,15.088,15.419,15.05,15.32,15764,0
2017-03-06,15.292,15.437,15.181,15.188,23929,0
2017-03-07,15.343,15.386,15.172,15.172,16064,0
2017-03-08,15.05,15.05,14.594,14.608,58963,0
2017-03-09,14.649,14.687,14.333,14.385,12540,0
2017-03-10,14.678,14.678,14.49,14.659,19422,0
2017-03-13,14.721,14.892,14.612,14.892,8515,0
2017-03-14,14.789,14.836,14.576,14.696,47774,0
2017-03-15,14.621,15.246,14.482,15.124,22391,0
2017-03-16,15.18,15.247,15.05,15.078,9338,0
2017-03-17,15.131,15.131,14.774,14.943,32277,0
2017-03-20,14.836,15.115,14.836,15.096,48611,0
2017-03-21,14.903,14.957,14.491,14.529,51735,0
2017-03-22,14.408,14.64,14.358,14.593,16089,0
2017-03-23,14.424,14.583,14.302,14.443,36870,0
2017-03-24,14.443,14.611,14.443,14.611,18261,0
2017-03-27,14.433,14.577,14.311,14.574,21286,0
2017-03-28,14.415,14.564,14.386,14.546,9558,0
2017-03-29,14.471,14.779,14.471,14.779,11794,0
2017-03-30,14.602,14.714,14.48,14.48,8432,0
2017-03-31,14.45,14.751,14.358,14.658,23625,0
2017-04-03,14.753,14.817,14.605,14.799,29951,0
2017-04-04,14.667,14.872,14.624,14.872,6188,0
2017-04-05,15.033,15.107,14.658,14.677,75106,0
2017-04-06,14.583,14.62,14.332,14.332,9814,0
2017-04-07,14.274,14.521,14.264,14.34,6445,0
2017-04-10,14.33,14.345,14.226,14.345,5729,0
2017-04-11,14.264,14.443,14.106,14.443,33252,0
2017-04-12,14.227,14.284,14.118,14.227,17176,0
2017-04-13,14.115,14.264,13.889,13.889,12728,0
2017-04-17,14.227,14.386,14.203,14.34,180320,0
2017-04-18,14.209,14.415,14.199,14.218,16944,0
2017-04-19,14.192,14.209,13.976,14,9192,0
2017-04-20,13.918,14.124,13.9,13.976,51073,0
2017-04-21,13.974,14.007,13.881,13.889,29198,0
2017-04-24,14.209,14.292,14.115,14.181,7274,0
2017-04-25,14.04,14.255,13.965,14.2,81300,0
2017-04-26,14.04,14.196,13.909,14.096,23238,0
2017-04-27,14.14,14.14,13.937,14.021,12673,0
2017-04-28,13.909,14.302,13.909,14.189,21671,0
2017-05-01,14.267,14.424,14.267,14.377,11959,0
2017-05-02,14.433,14.751,14.433,14.714,38467,0
2017-05-03,14.736,14.736,14.492,14.62,58985,0
2017-05-04,14.433,14.433,14.049,14.129,34146,0
2017-05-05,14.386,14.451,14.34,14.386,75359,0
2017-05-08,14.209,14.318,14.096,14.096,8420,0
2017-05-09,14.302,14.508,14.302,14.508,5411,0
2017-05-10,14.845,14.854,14.686,14.686,43367,0
2017-05-11,14.779,14.882,14.761,14.826,48711,0
2017-05-12,15.023,15.182,15.023,15.089,16822,0
2017-05-15,15.273,15.313,15.201,15.257,30058,0
2017-05-16,15.313,15.448,15.281,15.448,17931,0
2017-05-17,15.21,15.295,14.93,14.93,28315,0
2017-05-18,13.03,13.487,12.139,12.513,164015,0
2017-05-19,13.319,13.562,13.094,13.562,506208,0
2017-05-22,13.206,13.328,12.934,13.122,160775,0
2017-05-23,13.262,13.543,13.262,13.534,35608,0
2017-05-24,13.591,13.778,13.468,13.468,22200,0
2017-05-25,13.684,13.684,13.44,13.599,20114,0
2017-05-26,13.824,13.881,13.768,13.824,27105,0
2017-05-30,13.918,13.937,13.796,13.909,24610,0
2017-05-31,13.889,13.889,13.702,13.712,22548,0
2017-06-01,13.899,13.909,13.468,13.468,79659,0
2017-06-02,13.581,13.62,13.45,13.534,12113,0
2017-06-05,13.422,13.515,13.376,13.403,11454,0
2017-06-06,13.506,13.591,13.394,13.591,10160,0
2017-06-07,13.591,13.637,13.431,13.543,2489697,0
2017-06-08,13.422,13.459,13.262,13.431,191776,0
2017-06-09,13.478,13.478,13.122,13.16,10800199,0
2017-06-12,13.14,13.225,12.953,13.094,359906,0
2017-06-13,13,13.15,12.944,13.112,393031,0
2017-06-14,13.244,13.328,13.112,13.225,85826,0
2017-06-15,13.131,13.131,12.981,13.112,135633,0
2017-06-16,13.178,13.244,13.075,13.234,76178,0
2017-06-19,13.178,13.281,13.15,13.206,45151,0
2017-06-20,13.103,13.103,12.785,12.794,14235,0
2017-06-21,12.853,12.853,12.719,12.729,9191,0
2017-06-22,12.841,12.927,12.792,12.831,8146,0
2017-06-23,12.834,12.899,12.812,12.841,23622,0
2017-06-26,13.043,13.172,13.014,13.159,62426,0
2017-06-27,13.101,13.101,12.927,13.004,108752,0
2017-06-28,13.053,13.226,13.024,13.226,33468,0
2017-06-29,13.217,13.236,13.091,13.159,15697,0
2017-06-30,13.265,13.352,13.188,13.294,79106,0
2017-07-03,13.487,13.506,13.38,13.409,15526,0
2017-07-05,13.429,13.564,13.337,13.544,18998,0
2017-07-06,13.544,13.544,13.429,13.486,26217,0
2017-07-07,13.554,13.554,13.4,13.506,44824,0
2017-07-10,13.621,13.785,13.621,13.785,22746,0
2017-07-11,13.781,13.959,13.756,13.959,18245,0
2017-07-12,14.065,14.316,14.046,14.306,14516,0
2017-07-13,14.373,14.431,14.325,14.431,43340,0
2017-07-14,14.47,14.614,14.47,14.566,20134,0
2017-07-17,14.585,14.663,14.563,14.595,34270,0
2017-07-18,14.595,14.778,14.595,14.769,10680,0
2017-07-19,14.798,14.855,14.701,14.74,19350,0
2017-07-20,14.836,14.846,14.73,14.826,20753,0
2017-07-21,14.904,14.913,14.778,14.798,34882,0
2017-07-24,14.798,14.818,14.74,14.798,17030,0
2017-07-25,14.894,14.894,14.701,14.759,13595,0
2017-07-26,14.72,14.825,14.701,14.798,4818,0
2017-07-27,14.855,14.878,14.759,14.788,3933,0
2017-07-28,14.74,14.884,14.74,14.884,5898,0
2017-07-31,15.029,15.039,14.923,15.019,364383,0
2017-08-01,15.106,15.146,15.029,15.039,239161,0
2017-08-02,15,15.241,15,15.202,93654,0
2017-08-03,15.231,15.231,15.164,15.212,5908,0
2017-08-04,15.212,15.251,15.173,15.231,23560,0
2017-08-07,15.251,15.472,15.251,15.472,4131,0
2017-08-08,15.366,15.511,15.366,15.434,35437,0
2017-08-09,15.26,15.289,15.164,15.251,10188,0
2017-08-10,15.193,15.193,14.942,14.942,12391,0
2017-08-11,14.932,15.159,14.932,15.067,35215,0
2017-08-14,15.077,15.366,15.077,15.106,7620,0
2017-08-15,15.231,15.26,15.164,15.212,7252,0
2017-08-16,15.395,15.53,15.347,15.53,6828,0
2017-08-17,15.472,15.472,15.168,15.202,4062,0
2017-08-18,15.183,15.366,15.143,15.366,273929,0
2017-08-21,15.511,15.511,15.318,15.318,10327,0
2017-08-22,15.569,15.742,15.569,15.646,7427,0
2017-08-23,15.752,15.841,15.74,15.79,7589,0
2017-08-24,15.945,16.046,15.898,16.012,3323,0
2017-08-25,16.031,16.157,16.003,16.003,1946,0
2017-08-28,16.089,16.141,16.003,16.022,1526,0
2017-08-29,15.945,16.043,15.945,16.003,8415,0
2017-08-30,16.041,16.041,15.931,16.012,4747,0
2017-08-31,16.186,16.223,16.109,16.223,2913,0
2017-09-01,16.446,16.475,16.342,16.388,1950,0
2017-09-05,16.889,16.967,16.713,16.803,59495,0
2017-09-06,17.015,17.127,16.967,17.111,4343,0
2017-09-07,17.314,17.333,17.246,17.314,15762,0
2017-09-08,17.333,17.333,17.217,17.217,13058,0
2017-09-11,17.477,17.544,17.371,17.371,6216,0
2017-09-12,17.208,17.323,17.068,17.13,8454,0
2017-09-13,16.976,17.11,16.941,17.034,9898,0
2017-09-14,17.121,17.323,17.111,17.323,7454,0
2017-09-15,17.376,17.564,17.376,17.526,3778,0
2017-09-18,17.497,17.516,17.362,17.381,9022,0
2017-09-19,17.42,17.429,17.362,17.362,2315,0
2017-09-20,17.584,17.584,17.217,17.41,32200,0
2017-09-21,17.27,17.27,17.1,17.17,14483,0
2017-09-22,17.21,17.2499,17.14,17.17,2934,0
2017-09-25,16.91,16.94,16.71,16.71,5892,0
2017-09-26,16.7599,16.76,16.63,16.67,25535,0
2017-09-27,16.46,16.52,16.08,16.15,14900,0
2017-09-28,16.2,16.32,16.2,16.23,9410,0
2017-09-29,16.42,16.595,16.42,16.58,10162,0
2017-10-02,16.6452,16.74,16.64,16.74,19509,0
2017-10-03,16.99,17.19,16.99,17.18,16426,0
2017-10-04,17.22,17.3699,17.22,17.29,11350,0
2017-10-05,17.56,17.6,17.2714,17.2714,4086,0
2017-10-06,16.98,17.1099,16.87,17.08,11812,0
2017-10-09,16.86,16.86,16.7999,16.85,1541,0
2017-10-10,17.12,17.16,17.02,17.09,4929,0
2017-10-11,17.25,17.25,17.0801,17.12,5232,0
2017-10-12,17.1199,17.12,17.0228,17.04,2802,0
2017-10-13,17.1899,17.1899,17.1,17.17,644,0
2017-10-16,17.2103,17.25,16.9775,16.9775,2975,0
2017-10-17,16.92,16.92,16.68,16.68,1579,0
2017-10-18,16.7699,16.8759,16.74,16.8759,1248,0
2017-10-19,16.66,16.79,16.62,16.77,7888,0
2017-10-20,16.91,16.91,16.85,16.87,1343,0
2017-10-23,16.77,16.77,16.53,16.53,3694,0
2017-10-24,16.4499,16.46,16.2599,16.41,7071,0
2017-10-25,16.59,16.59,16.26,16.4152,1113,0
2017-10-26,16.1881,16.1881,16.07,16.0701,6865,0
2017-10-27,16.19,16.3,16.14,16.28,6607,0
2017-10-30,15.98,16.0623,15.76,15.78,15226,0
2017-10-31,15.77,15.84,15.7229,15.81,9396,0
2017-11-01,15.8656,15.8656,15.8656,15.8656,276,0
2017-11-02,15.66,15.7,15.59,15.69,17002,0
2017-11-03,15.47,15.48,15.2,15.34,9411,0
2017-11-06,15.5,15.71,15.5,15.71,4418,0
2017-11-07,15.61,15.61,15.3,15.35,3055,0
2017-11-08,15.55,15.71,15.41,15.71,9831,0
2017-11-09,15.58,15.655,15.46,15.505,2277,0
2017-11-10,15.12,15.2677,15.07,15.07,8944,0
