Date,Open,High,Low,Close,Volume,OpenInt
2015-02-19,59.22,59.25,58.11,58.11,1667,0
2015-02-20,58.11,58.11,55.86,55.98,2300,0
2015-02-23,55.23,56.79,55.05,56.37,1839,0
2015-02-24,55.14,56.52,55.14,55.89,933,0
2015-02-25,57.15,58.41,57.15,57.72,500,0
2015-02-26,59.28,59.52,58.41,58.62,1009,0
2015-02-27,60.15,61.35,60,60.42,2400,0
2015-03-02,59.58,59.58,56.91,57.57,1367,0
2015-03-03,58.92,58.92,55.26,55.5,1567,0
2015-03-04,55.05,55.05,53.4,53.91,2400,0
2015-03-05,53.79,55.23,53.49,53.85,1533,0
2015-03-06,50.64,50.64,45.54,46.08,4267,0
2015-03-09,44.91,44.91,42.57,42.66,2433,0
2015-03-10,42.69,43.59,40.59,40.68,2100,0
2015-03-11,40.83,43.74,39.66,43.74,3833,0
2015-03-12,44.37,44.37,42.39,43.02,61433,0
2015-03-13,42.63,43.29,40.83,43.26,4367,0
2015-03-16,43.35,44.04,41.88,43.86,2267,0
2015-03-17,43.29,43.92,42.24,42.48,1633,0
2015-03-18,42.15,46.65,41.58,46.65,3267,0
2015-03-19,45.39,46.83,45.39,46.11,1833,0
2015-03-20,47.97,49.86,47.97,49.14,3800,0
2015-03-23,49.89,51.06,49.47,51.06,3000,0
2015-03-24,50.91,51.69,50.22,50.76,2133,0
2015-03-25,51.9,51.9,49.44,49.5,1900,0
2015-03-26,49.95,50.58,47.22,47.73,1367,0
2015-03-27,46.5,48.06,45.75,47.37,3833,0
2015-03-30,44.43,45.72,44.43,45.09,1600,0
2015-03-31,44.91,45.45,43.38,43.71,1633,0
2015-04-01,45.51,48.39,45.51,48.21,1867,0
2015-04-02,47.82,47.88,46.32,46.86,1200,0
2015-04-06,50.52,51.09,49.95,50.7,1733,0
2015-04-07,49.68,49.71,48.12,48.12,2783,0
2015-04-08,49.35,49.35,46.86,47.43,3733,0
2015-04-09,46.35,47.31,46.35,46.62,2241,0
2015-04-10,48.9,49.38,48.54,49.38,2667,0
2015-04-13,49.32,49.47,48.09,48.12,1700,0
2015-04-14,49.44,49.86,48.45,48.78,2067,0
2015-04-15,49.56,52.05,49.56,51.99,1186,0
2015-04-16,51.48,52.23,50.46,51.03,1259,0
2015-04-17,52.17,52.26,50.58,50.7,1200,0
2015-04-20,50.46,51.21,49.5,51.21,1794,0
2015-04-21,50.61,52.2,50.58,51.75,1609,0
2015-04-22,51.39,51.39,48.69,48.84,1667,0
2015-04-23,48.84,51.27,48.84,50.64,1700,0
2015-04-24,50.01,50.88,48.87,48.9,1433,0
2015-04-27,50.07,52.53,50.07,50.67,2267,0
2015-04-28,52.8,54.78,52.8,54.6,2333,0
2015-04-29,55.71,56.4,54.12,55.68,1267,0
2015-04-30,52.05,52.98,51.06,52.2,3200,0
2015-05-01,51.72,53.1,51.69,53.07,1800,0
2015-05-04,54.48,54.78,53.4,53.94,1167,0
2015-05-05,54.51,54.6,52.35,52.98,1967,0
2015-05-06,53.37,53.37,50.1,50.16,1648,0
2015-05-07,49.29,50.1,48.27,50.1,1333,0
2015-05-08,50.88,51.87,50.19,51.54,1933,0
2015-05-11,51.66,52.44,51.09,51.78,1100,0
2015-05-12,52.44,53.28,52.23,53.13,1400,0
2015-05-13,55.32,56.28,55.29,55.74,1767,0
2015-05-14,56.7,58.2,55.56,55.8,2533,0
2015-05-15,54.66,56.49,54.66,55.62,3692,0
2015-05-18,55.71,56.4,55.2,55.62,1601,0
2015-05-19,53.88,53.88,51.66,51.66,1800,0
2015-05-20,51.93,53.01,51.84,51.96,1733,0
2015-05-21,51.21,51.57,51.09,51.57,567,0
2015-05-22,51.12,51.69,50.73,50.79,1400,0
2015-05-26,48.78,48.78,47.64,47.7,3304,0
2015-05-27,48.09,48.51,48,48.51,1367,0
2015-05-28,48,49.59,45,49.59,3155,0
2015-05-29,49.62,50.16,48.99,49.26,733,0
2015-06-01,50.58,50.91,48.75,49.14,700,0
2015-06-02,49.68,50.64,49.68,50.22,2138,0
2015-06-03,49.44,49.98,48.18,48.42,1600,0
2015-06-04,47.07,47.1,46.8,46.86,667,0
2015-06-05,45.63,46.2,44.88,45.63,1367,0
2015-06-08,45.78,46.41,45.12,46.41,500,0
2015-06-09,46.65,46.65,45.33,45.36,467,0
2015-06-10,46.44,46.77,45.87,46.11,633,0
2015-06-11,44.67,45.09,44.67,45.06,500,0
2015-06-12,44.58,45.12,44.01,44.25,567,0
2015-06-15,43.92,45.18,43.92,44.43,500,0
2015-06-16,43.68,43.68,43.08,43.08,467,0
2015-06-17,42.87,45.63,42.78,45.51,1033,0
2015-06-18,46.53,46.86,46.35,46.62,2067,0
2015-06-19,46.41,46.47,43.98,44.55,833,0
2015-06-22,43.35,43.56,42.96,42.96,1200,0
2015-06-23,43.65,43.65,43.14,43.14,300,0
2015-06-24,43.17,43.62,42.81,43.23,633,0
2015-06-25,43.05,43.29,42.36,42.42,1300,0
2015-06-26,41.85,42.6,41.85,41.97,600,0
2015-06-29,42.03,42.36,41.13,41.19,767,0
2015-06-30,40.62,41.4,40.17,40.26,1367,0
2015-07-01,39.63,39.96,38.25,38.25,833,0
2015-07-02,39.15,39.69,38.73,39.66,633,0
2015-07-06,39.03,41.4,39.03,40.65,933,0
2015-07-07,37.89,37.89,36.75,37.32,533,0
2015-07-08,37.08,37.08,36.45,36.54,767,0
2015-07-09,37.41,37.41,36,36.36,467,0
2015-07-10,35.67,36.06,35.31,35.4,533,0
2015-07-13,34.5,35.79,34.5,35.79,833,0
2015-07-14,35.79,36.42,35.52,35.52,856,0
2015-07-15,34.5,34.59,33.84,33.87,725,0
2015-07-16,33.21,33.63,33.21,33.36,400,0
2015-07-17,32.04,32.04,30.06,30.24,800,0
2015-07-20,27.45,27.45,23.82,24.06,2433,0
2015-07-21,24.75,26.22,24.75,24.96,1600,0
2015-07-22,23.97,25.32,23.85,24.78,2233,0
2015-07-23,24.69,24.69,22.83,22.83,1933,0
2015-07-24,22.5,24.63,21.93,24.63,5800,0
2015-07-27,24.03,25.59,22.47,22.95,9867,0
2015-07-28,23.49,23.73,22.98,23.49,1067,0
2015-07-29,23.4,24.33,22.98,24.33,433,0
2015-07-30,22.5,23.67,22.35,22.53,1233,0
2015-07-31,23.85,23.85,23.46,23.58,1200,0
2015-08-03,22.92,22.92,21.69,21.81,3497,0
2015-08-04,22.62,22.62,21.69,21.69,4767,0
2015-08-05,22.02,22.02,21.51,21.51,67,0
2015-08-06,21.69,23.04,21.69,22.62,1507,0
2015-08-07,22.89,23.16,22.2,22.29,1467,0
2015-08-10,22.89,24.9,22.35,24.87,6800,0
2015-08-11,25.59,25.98,24.06,25.98,3807,0
2015-08-12,27.09,29.4,27.09,29.4,5433,0
2015-08-13,27.9,28.2,25.98,26.16,12367,0
2015-08-14,26.97,27.24,25.38,25.47,1533,0
2015-08-17,26.7,27.6,26.7,27.6,2567,0
2015-08-18,26.61,26.88,25.98,26.61,5500,0
2015-08-19,27.72,28.41,27.66,28.11,1233,0
2015-08-20,30.18,31.17,29.94,30.42,2967,0
2015-08-21,31.62,31.62,28.32,28.77,8533,0
2015-08-24,28.05,28.77,24.12,24.3,8142,0
2015-08-25,25.35,25.5,22.32,22.32,7067,0
2015-08-26,22.02,22.02,20.28,20.43,3000,0
2015-08-27,21.15,22.89,20.85,22.89,2267,0
2015-08-28,23.73,24.6,23.34,24.54,5167,0
2015-08-31,23.1,23.76,22.17,23.73,1233,0
2015-09-01,23.58,23.58,22.41,22.41,900,0
2015-09-02,22.44,22.44,21.33,21.63,1900,0
2015-09-03,22.23,23.4,21.33,21.33,2033,0
2015-09-04,20.7,21.36,20.43,21.33,2067,0
2015-09-08,21.84,22.38,21.84,21.84,767,0
2015-09-09,20.76,20.82,20.7,20.76,467,0
2015-09-10,21.15,21.15,20.55,20.55,303,0
2015-09-11,20.25,20.82,19.23,20.73,2800,0
2015-09-14,20.46,21.12,20.13,20.52,3867,0
2015-09-15,21.06,21.15,20.49,20.49,1000,0
2015-09-16,21.75,23.01,21.75,22.83,5933,0
2015-09-17,22.86,24.66,22.29,24.12,3867,0
2015-09-18,25.59,25.62,23.97,24.87,10367,0
2015-09-21,24.09,24.39,23.34,23.34,3267,0
2015-09-22,22.11,22.26,21.3,21.3,4067,0
2015-09-23,21.78,21.84,20.79,20.82,6100,0
2015-09-24,21.96,23.76,21.96,23.76,5578,0
2015-09-25,23.07,23.37,22.77,23.37,1700,0
2015-09-28,21.93,22.02,21,21,1809,0
2015-09-29,21.54,21.66,21.51,21.51,467,0
2015-09-30,20.64,21.84,20.64,21.84,1367,0
2015-10-01,22.5,22.5,20.97,21.3,2267,0
2015-10-02,23.13,24.42,22.98,24.42,5567,0
2015-10-05,25.14,26.67,25.14,26.64,5680,0
2015-10-06,28.08,28.74,27.45,28.5,3733,0
2015-10-07,28.71,28.92,27.45,28.29,4533,0
2015-10-08,27.54,30.03,27.54,27.99,4067,0
2015-10-09,29.67,30.45,29.67,30.45,12133,0
2015-10-12,31.62,31.62,28.32,28.68,11769,0
2015-10-13,28.89,29.94,28.77,29.07,3600,0
2015-10-14,31.14,33.12,30.63,33.03,14933,0
2015-10-15,31.77,33.39,31.77,32.97,6633,0
2015-10-16,33.06,33.06,31.14,31.2,6367,0
2015-10-19,30.66,30.93,28.08,28.38,6667,0
2015-10-20,29.892,31.23,29.79,31.14,2767,0
2015-10-21,28.5,29.13,28.47,28.71,2133,0
2015-10-22,29.43,30.18,29.25,29.67,4867,0
2015-10-23,30.6,31.59,29.55,31.17,3533,0
2015-10-26,30.69,30.69,29.31,29.4,2600,0
2015-10-27,28.95,29.97,28.59,29.43,14533,0
2015-10-28,30.87,32.1,27.9,28.8,2467,0
2015-10-29,27.84,28.23,26.1,26.19,4200,0
2015-10-30,26.01,26.7,25.74,25.74,1300,0
2015-11-02,25.17,26.13,25.02,25.74,1097,0
2015-11-03,24.84,25.8,24.78,25.8,1733,0
2015-11-04,25.89,26.31,24.54,24.69,2794,0
2015-11-05,23.04,23.31,22.5,22.8,3600,0
2015-11-06,21.15,21.33,20.55,20.64,4367,0
2015-11-09,20.28,21.63,20.25,21.63,1572,0
2015-11-10,20.55,20.85,20.55,20.55,1022,0
2015-11-11,20.7,21.03,20.7,21,1458,0
2015-11-12,20.19,21.39,20.1,21.09,2375,0
2015-11-13,20.77,21,20.77,20.98,6400,0
2015-11-16,21.64,21.71,21.23,21.36,3200,0
2015-11-17,21.07,21.11,19.36,19.36,11500,0
2015-11-18,19.21,20.68,18.89,20.49,3500,0
2015-11-19,21.44,22.04,21.44,21.92,3800,0
2015-11-20,21.64,21.64,20.12,20.24,3500,0
2015-11-23,20.06,20.23,20,20.04,1500,0
2015-11-24,20.95,21.52,20.94,21.48,1600,0
2015-11-25,20.93,21.75,20.76,21.14,5400,0
2015-11-27,20.56,20.56,20.09,20.39,2600,0
2015-11-30,20.95,21.21,20.95,21.16,8900,0
2015-12-01,21.29,22.43,21.29,22.43,2401,0
2015-12-02,21.65,21.85,20.91,21.29,2953,0
2015-12-03,21.95,22.49,21.51,22.18,3666,0
2015-12-04,22.91,24.5,22.91,24.44,5300,0
2015-12-07,23.77,23.85,22.21,22.42,5000,0
2015-12-08,22.59,22.59,21.66,22.1,27448,0
2015-12-09,23.1,23.39,22.26,22.62,3600,0
2015-12-10,22.36,22.97,22.36,22.5,4300,0
2015-12-11,22.11,23.26,22.11,22.96,1500,0
2015-12-14,22.66,22.66,20.49,20.49,37474,0
2015-12-15,20.79,20.81,20.39,20.64,6100,0
2015-12-16,21.43,22.36,20.79,22.16,33700,0
2015-12-17,20.32,20.32,19.58,19.6,17900,0
2015-12-18,20.36,20.67,20.36,20.67,2600,0
2015-12-21,21.36,21.53,21.02,21.19,17500,0
2015-12-22,21.22,21.51,20.85,20.98,2256,0
2015-12-23,21.22,21.81,21.22,21.81,5300,0
2015-12-24,22.18,22.79,22.14,22.65,12022,0
2015-12-28,21.98,21.98,21,21.24,3821,0
2015-12-29,21.58,21.72,21.38,21.72,1496,0
2015-12-30,20.8,20.91,20.62,20.82,27704,0
2015-12-31,20.87,20.92,20.75,20.75,34232,0
2016-01-04,22.16,22.51,21.58,22.07,25428,0
2016-01-05,22.29,22.29,21.73,21.87,2986,0
2016-01-06,22.84,22.84,22.38,22.73,6273,0
2016-01-07,23.37,24.56,23.2099,24.38,8509,0
2016-01-08,23.36,23.67,22.63,23.36,7439,0
2016-01-11,22.6542,22.6542,21.49,21.49,14517,0
2016-01-12,21.08,21.08,19.88,20.56,7607,0
2016-01-13,20.67,20.67,19.83,20.37,4454,0
2016-01-14,20.39,20.39,18.79,19.1,8045,0
2016-01-15,20.37,20.37,18.9,18.93,7242,0
2016-01-19,19.34,19.34,17.19,17.29,12600,0
2016-01-20,17.9,18.2,17.3,18.2,5605,0
2016-01-21,17.28,18.32,17.2,18.28,4389,0
2016-01-22,18.15,18.93,18.15,18.63,4335,0
2016-01-25,19.34,19.72,19.22,19.65,4280,0
2016-01-26,20.16,21.45,20.16,21.28,10040,0
2016-01-27,21.15,22.12,20.88,22.11,8027,0
2016-01-28,21.13,21.95,20.77,21.1,4451,0
2016-01-29,21.18,22.12,20.98,22.08,2991,0
2016-02-01,22.52,23.42,22.52,23.42,5410,0
2016-02-02,22.95,22.95,21.85,22.48,2924,0
2016-02-03,22.97,25.52,22.97,25.52,8436,0
2016-02-04,27.14,28.93,27.12,28.3,16348,0
2016-02-05,26.98,31.55,26.41,31.55,16724,0
2016-02-08,33.28,34.6195,32.91,32.97,23566,0
2016-02-09,34.05,34.29,30.36,30.36,23623,0
2016-02-10,30,31.7,28.34,31.65,28384,0
2016-02-11,36.21,37.05,34.1307,36.34,49794,0
2016-02-12,34.26,38.11,34.02,38.11,12484,0
2016-02-16,34.44,35.8,31.56,31.64,20465,0
2016-02-17,32.0642,33.92,32.0642,33.77,9064,0
2016-02-18,32.94,37.75,32.75,37.75,20282,0
2016-02-19,36.78,37.5,35.56,35.62,18857,0
2016-02-22,34.3199,36.74,34.25,36.02,9744,0
2016-02-23,37.85,38.22,37.17,37.76,10297,0
2016-02-24,39.64,41.48,37.57,38.52,23519,0
2016-02-25,38.16,39.85,38.07,39.61,10668,0
2016-02-26,38.01,39.27,36.74,36.98,11800,0
2016-02-29,38.39,39.62,38.12,39.51,12705,0
2016-03-01,39.92,40,36.3,36.34,27102,0
2016-03-02,36.93,38.51,36.42,38.14,9580,0
2016-03-03,38.48,41.9306,38.48,41.18,16350,0
2016-03-04,41.38,45.57,40.28,40.89,22081,0
2016-03-07,41.88,44.8,41.88,43.6,19754,0
2016-03-08,44.47,45,39.39,39.42,17037,0
2016-03-09,37.72,40.6,37.06,39.73,11509,0
2016-03-10,41.6,43.527,41.6,43.37,19733,0
2016-03-11,42.68,43.6,41.08,41.53,12797,0
2016-03-14,42.18,42.18,38.18,38.29,12147,0
2016-03-15,38.01,39.68,37.17,39.66,9990,0
2016-03-16,38.46,45.38,37.44,45.02,14323,0
2016-03-17,45.9,47.29,43.0447,43.16,20302,0
2016-03-18,44.65,45.0104,43.52,44.02,6409,0
2016-03-21,43.51,44.43,42.81,43.79,9651,0
2016-03-22,45.25,45.4688,43,43.86,9738,0
2016-03-23,40.51,40.64,37.29,37.29,16544,0
2016-03-24,38.12,39.39,37.6294,39.39,6204,0
2016-03-28,39.65,39.65,37.52,38.82,10101,0
2016-03-29,39.52,43.15,38.781,43.08,16974,0
2016-03-30,42.11,42.6899,40.49,41.82,13391,0
2016-03-31,43.01,43.19,40.78,40.8,19589,0
2016-04-01,38.53,41.3736,38.53,41.32,21625,0
2016-04-04,41.16,41.16,39.03,39.1,7627,0
2016-04-05,41.23,41.53,39.4,41.33,19699,0
2016-04-06,40.47,41.75,40.25,41.332,31895,0
2016-04-07,43.37,44.17,43,44.12,19318,0
2016-04-08,43.78,46.92,43.78,46.78,21026,0
2016-04-11,49.02,52.58,48.91,52.58,18989,0
2016-04-12,52.73,53.846,50.9,53.14,14591,0
2016-04-13,51.33,52.32,49.912,50.07,43642,0
2016-04-14,49.93,50.4,46.16,47.31,15217,0
2016-04-15,47.92,50.16,46.9,49.86,68448,0
2016-04-18,51.03,51.03,48.69,49.9,13758,0
2016-04-19,53.87,55.5,53.31,54.81,15599,0
2016-04-20,54.78,57.26,52.33,52.63,16189,0
2016-04-21,55.58,55.58,53.2301,54.63,14380,0
2016-04-22,53.24,54.8,51.08,51.45,12454,0
2016-04-25,52.26,52.6002,50.59,50.94,8815,0
2016-04-26,51.829,53.18,50.83,53.18,4678,0
2016-04-27,54.03,54.4301,51.61,54.27,10634,0
2016-04-28,55.5,59.62,55.5,59.22,9032,0
2016-04-29,61.96,66.6099,61.65,66.6099,59268,0
2016-05-02,68.98,68.98,63.11,64.37,33302,0
2016-05-03,63.8999,64.4613,60,60.6785,17256,0
2016-05-04,58.61,60.7299,54.13,54.61,27279,0
2016-05-05,56.49,58.838,56.49,58.31,15514,0
2016-05-06,60.57,64.261,60.1,62.78,16718,0
2016-05-09,57.24,57.95,54.8,54.81,18710,0
2016-05-10,54.9299,59.22,54,58.94,8898,0
2016-05-11,61.46,63.06,58.0454,61.88,20932,0
2016-05-12,62.03,63.4986,59.457,59.73,9989,0
2016-05-13,60.17,61.53,59.34,60.56,9576,0
2016-05-16,63.35,64.086,61.91,62.73,15018,0
2016-05-17,62.69,65.512,61.46,64.8,14758,0
2016-05-18,61.89,63.45,54.48,54.48,16478,0
2016-05-19,51.66,56.55,51,55.87,17217,0
2016-05-20,57.65,57.65,53.6,56.26,22607,0
2016-05-23,54.02,57.35,53.43,55.18,8135,0
2016-05-24,52.95,53.4,49.26,49.34,20387,0
2016-05-25,48.61,52.11,47.44,51.7,24540,0
2016-05-26,53.19,53.68,50.56,51.28,10682,0
2016-05-27,50.3,50.7985,48.23,48.43,8201,0
2016-05-31,48.41,51.3892,48,49.61,34497,0
2016-06-01,50.23,51.37,48.62,50.42,10409,0
2016-06-02,50.05,50.709,49.43,50.37,4141,0
2016-06-03,56.09,61.75,56.09,61.75,28877,0
2016-06-06,61.37,62.41,59.74,62.39,15124,0
2016-06-07,60.59,61.74,60.34,60.83,14083,0
2016-06-08,66.03,67.32,64.49,64.68,13710,0
2016-06-09,64.43,66.84,64,66.52,13878,0
2016-06-10,67.5,69.4247,64,64.71,17745,0
2016-06-13,67.92,68.1999,63.01,64.46,9105,0
2016-06-14,65.07,65.07,60.84,61.75,14717,0
2016-06-15,61.89,67.1,61.401,66.35,7497,0
2016-06-16,69.88,69.88,62.14,62.14,23139,0
2016-06-17,64.41,64.72,61.63,64.5,15259,0
2016-06-20,59.99,63.14,59.56,63.14,9868,0
2016-06-21,60.28,61.2594,59.41,59.41,10891,0
2016-06-22,60.25,62.11,58.873,61.88,10719,0
2016-06-23,61.0224,62.755,60.5384,60.79,9982,0
2016-06-24,72.74,72.74,66.4834,68.1801,26520,0
2016-06-27,70.07,71.47,66.71,69.77,35601,0
2016-06-28,67.42,69,67,67.36,15856,0
2016-06-29,69.32,72.294,69.32,70.3,7547,0
2016-06-30,71.87,73.2395,70.88,73.05,9189,0
2016-07-01,77.09,80.7,76.94,79.99,23809,0
2016-07-05,82.6,83.866,79.25,83.39,32686,0
2016-07-06,86.25,88.73,85.25,88.73,33980,0
2016-07-07,86.5,86.5,82.17,83.09,29992,0
2016-07-08,83.49,88.724,82.55,87.86,29427,0
2016-07-11,86.54,89.25,86,88.635,26170,0
2016-07-12,86.97,87.505,82.04,82.04,17804,0
2016-07-13,85.51,88.1132,84.2875,87.12,24449,0
2016-07-14,82.29,86.25,81.6406,85.9,17206,0
2016-07-15,83.34,85.399,83.34,84.28,7118,0
2016-07-18,84.75,84.75,82.78,84.6,15164,0
2016-07-19,83.83,84.274,82.8,82.89,9340,0
2016-07-20,79.18,79.18,72.55,73.4983,25942,0
2016-07-21,75.06,78.78,74.75,78.22,13374,0
2016-07-22,76.3,78.5667,76.25,77.74,7505,0
2016-07-25,75.19,75.2001,70.5,72,23386,0
2016-07-26,74.58,76.585,74.146,75.89,10353,0
2016-07-27,78.42,83.4328,74.63,82.72,12511,0
2016-07-28,83.73,84.45,79.8842,82.56,18236,0
2016-07-29,85.59,88.13,84.151,87.26,25491,0
2016-08-01,86.73,89.55,85.62,89.42,8763,0
2016-08-02,91.71,93.2171,91.1001,91.5,15335,0
2016-08-03,90.42,90.42,87.9501,89.31,17581,0
2016-08-04,90.44,91.89,90.26,90.74,11506,0
2016-08-05,85.71,86.0556,84.22,85.16,21527,0
2016-08-08,84.96,88.2,84.79,86.44,15192,0
2016-08-09,88.1085,88.86,87.6,87.9,5175,0
2016-08-10,92.62,93.206,90.93,91.12,17375,0
2016-08-11,91.28,93.7376,89.7,89.73,12268,0
2016-08-12,93.85,93.85,89.164,89.8,18295,0
2016-08-15,90.06,90.2199,88.1323,88.64,6450,0
2016-08-16,88.87,89.66,87.86,88.18,10767,0
2016-08-17,86.35,87.02,81.7836,85.66,23413,0
2016-08-18,87.27,87.86,85.73,87.86,9669,0
2016-08-19,84.35,85.25,82.943,83.33,35453,0
2016-08-22,80.69,80.91,79.85,80.61,20851,0
2016-08-23,82.13,82.27,77.96,77.96,20056,0
2016-08-24,75.91,75.91,66.5,67.11,32229,0
2016-08-25,66.84,71.278,66.84,68.71,16403,0
2016-08-26,71.81,74.3,66.06,68.13,17482,0
2016-08-29,66.58,69.41,66.01,68.36,14275,0
2016-08-30,67.22,67.547,60.78,61.7899,37880,0
2016-08-31,60.2,61.36,58.99,59.48,19761,0
2016-09-01,59.17,64.2,58.5,63.98,26568,0
2016-09-02,68.09,68.92,65.89,68.57,20729,0
2016-09-06,71.51,75.17,70.3,74.92,31054,0
2016-09-07,75.5,75.5,70.85,74.39,35965,0
2016-09-08,74.6619,74.6619,70.17,71,14005,0
2016-09-09,69.16,69.16,63,63.3,22761,0
2016-09-12,60.8,67.53,60.8,66.58,45570,0
2016-09-13,65.17,65.17,60,61.65,20653,0
2016-09-14,63.519,64.47,61.51,61.51,16686,0
2016-09-15,61.35,64.2751,59.7,62.39,20854,0
2016-09-16,60.59,62.48,59.43,60.93,16469,0
2016-09-19,63.11,63.18,61.79,61.85,9770,0
2016-09-20,61.79,62.5,61.03,61.65,4719,0
2016-09-21,64.48,70.7999,64.23,70.34,49576,0
2016-09-22,72.11,73.62,68.86,69.68,34569,0
2016-09-23,68.71,69.5099,64.8491,66.01,17710,0
2016-09-26,66.82,67.54,64.58,64.6,15789,0
2016-09-27,63.31,63.49,61.06,62.53,12954,0
2016-09-28,62.15,65.73,61.4071,65.4,29266,0
2016-09-29,63.84,65.19,63.38,64.45,16175,0
2016-09-30,66.76,66.8,62.89,63.17,12353,0
2016-10-03,63.55,63.55,59.42,60.83,13358,0
2016-10-04,56.8,56.8,48.78,48.78,34824,0
2016-10-05,50.55,50.7301,47,49.49,22802,0
2016-10-06,46.47,47.95,45.49,46.64,32850,0
2016-10-07,49.31,50.01,45.64,47.05,22799,0
2016-10-10,47.88,48.3901,47.224,47.59,8450,0
2016-10-11,46.48,47.04,45.27,45.27,8078,0
2016-10-12,46.227,47.9416,45.6486,47.24,11079,0
2016-10-13,47.96,51.21,47.884,49.11,18688,0
2016-10-14,47.45,49.54,46.7,46.86,14733,0
2016-10-17,47.87,48.67,47.05,48.34,19670,0
2016-10-18,50.33,52.06,49.3222,51.79,35922,0
2016-10-19,53.7,55.1799,52.56,54.72,14790,0
2016-10-20,54.79,54.79,52.74,54.39,16413,0
2016-10-21,54.16,54.16,52.9,53.69,6427,0
2016-10-24,54.55,54.55,50.051,51.22,15467,0
2016-10-25,52.15,54.64,52.01,53.72,35783,0
2016-10-26,53.66,53.66,50.7225,51.43,11807,0
2016-10-27,52.25,52.25,48.88,49.7,10866,0
2016-10-28,49.88,52,48.7184,49.86,7212,0
2016-10-31,50.56,53.01,50.07,52.98,12568,0
2016-11-01,55.49,57.378,55.35,55.78,32385,0
2016-11-02,58.21,59.1,53.9197,54.03,39283,0
2016-11-03,53.99,56.4652,53.98,56.38,18083,0
2016-11-04,56,56,53.53,55.12,33122,0
2016-11-07,51.6,51.8,49.6,50.96,20122,0
2016-11-08,51.28,53.15,49.38,50.59,15658,0
2016-11-09,58.37,58.37,50.92,53.18,59728,0
2016-11-10,52.09,52.09,44.59,45.24,50109,0
2016-11-11,44.73,45,37.61,37.89,32812,0
2016-11-14,36.45,40.45,35.49,38.7,40674,0
2016-11-15,39,42.17,38.7,41.94,53839,0
2016-11-16,41.46,41.48,39.88,41.2,12271,0
2016-11-17,41.08,42.55,37.7115,39.21,45512,0
2016-11-18,38.08,38.82,37.32,38.41,14922,0
2016-11-21,39.5,40.6687,39.14,39.84,30890,0
2016-11-22,40.08,40.24,37.93,40.12,29286,0
2016-11-23,36.84,36.84,35,36.14,39663,0
2016-11-25,36.77,37.1,36,36.3446,21029,0
2016-11-28,37.59,39.36,36.8,39.36,37156,0
2016-11-29,37.36,39.09,37.03,38.66,57198,0
2016-11-30,37.83,37.83,36.26,37.19,37437,0
2016-12-01,36.39,38.25,35.3,36.5,41901,0
2016-12-02,37.39,39.44,37.39,39.07,72768,0
2016-12-05,37.73,39.77,36.42,38.9,68456,0
2016-12-06,38.83,40.14,38.1801,38.43,39425,0
2016-12-07,39.92,40.38,38.99,39.44,52646,0
2016-12-08,39.1,39.6,38.5301,39.43,33246,0
2016-12-09,38.54,38.63,35.99,36.48,46889,0
2016-12-12,37.31,37.99,36.5,36.79,35044,0
2016-12-13,36.77,37.86,36.28,37.79,26820,0
2016-12-14,38.89,39.32,33.821,34,48317,0
2016-12-15,31.71,31.71,29.69,30.79,39757,0
2016-12-16,31.38,32.031,30.17,30.85,28432,0
2016-12-19,31.25,31.6,30.49,31.06,31887,0
2016-12-20,29.94,31.33,29.5,31.17,36137,0
2016-12-21,31.5,31.5,30.7875,31.18,23514,0
2016-12-22,31.29,32.0318,30.84,31.02,25895,0
2016-12-23,31.27,32.06,31.26,31.92,8207,0
2016-12-27,33.05,33.555,32.6,33.55,7100,0
2016-12-28,33.25,35,32.96,34.89,15614,0
2016-12-29,35.93,40.24,35.93,40.24,61283,0
2016-12-30,40.1,41.7299,36.71,36.94,81012,0
2017-01-03,37.53,39.92,37.26,39.78,63054,0
2017-01-04,40.93,40.93,39.3872,40.47,34674,0
2017-01-05,42.65,45.74,42.53,45.22,75845,0
2017-01-06,43.15,44.7701,41,42.07,28366,0
2017-01-09,44.17,44.17,42.36,42.58,41150,0
2017-01-10,43.26,43.85,41.892,42.87,37775,0
2017-01-11,42.13,43.7875,40.34,42.45,19200,0
2017-01-12,44.71,45.2356,42.289,42.91,13617,0
2017-01-13,42,43.6,41.4769,43.54,14124,0
2017-01-17,46.33,46.55,45.22,45.8,29290,0
2017-01-18,45.7,46.37,43.19,44.37,27630,0
2017-01-19,43.7572,44.55,43,43.94,20720,0
2017-01-20,43.96,45.0225,43.52,44.75,34375,0
2017-01-23,45.69,47.5037,45.4,47.37,30274,0
2017-01-24,47.16,49,46.74,47.59,50384,0
2017-01-25,45.72,46.19,44.84,46.19,26474,0
2017-01-26,44.05,44.54,43.4659,43.79,23365,0
2017-01-27,43.81,45.19,43.81,44.96,28328,0
2017-01-30,45.52,46.43,44.7601,44.89,24444,0
2017-01-31,47.05,47.8,46.9812,47.67,33501,0
2017-02-01,46.38,47.9284,45.9532,47.49,45394,0
2017-02-02,49.67,50.1644,49.1918,49.57,24277,0
2017-02-03,49.6,50.6258,49.17,50.14,43334,0
2017-02-06,51.68,53.85,50.6344,53.85,26638,0
2017-02-07,52.72,54.53,52.34,53.29,35332,0
2017-02-08,54.46,55.05,53.401,54.6,15148,0
2017-02-09,54.51,54.5982,51.4917,51.67,26149,0
2017-02-10,50.56,53.41,50.5,53.09,29245,0
2017-02-13,52.04,52.4746,51.639,51.85,22062,0
2017-02-14,53.15,53.31,50.5,51.75,29794,0
2017-02-15,50.3,51.76,50,51.75,16483,0
2017-02-16,52.2307,53.28,52.05,52.85,15166,0
2017-02-17,53.15,53.15,50.97,51.09,20457,0
2017-02-21,49.86,50.854,48.5889,50.42,10196,0
2017-02-22,50.14,50.14,47.24,49.18,19006,0
2017-02-23,50.6759,51.2056,49.36,49.36,8621,0
2017-02-24,50.68,50.68,48.3,48.3,16684,0
2017-02-27,48.17,49.35,42.85,43.21,28974,0
2017-02-28,44.56,45.27,42.5146,43.01,34497,0
2017-03-01,41.72,44.3125,41.01,43.77,35245,0
2017-03-02,41.91,42.44,39.4197,39.6401,24644,0
2017-03-03,39.04,41.5089,38.66,40.69,20176,0
2017-03-06,40.22,40.25,37.7489,38.61,17636,0
2017-03-07,37.57,39.0117,37.3082,38.15,18447,0
2017-03-08,37.18,38.3697,37.04,37.64,40515,0
2017-03-09,37.53,38,36.964,36.964,18628,0
2017-03-10,37.42,39.113,37.074,38.91,12981,0
2017-03-13,39.47,40.0358,38.94,39.9,12049,0
2017-03-14,39.52,40.4,37.33,37.51,16907,0
2017-03-15,38.31,43.25,37.99,43.2,24762,0
2017-03-16,44.54,44.7,42.2551,42.4,25601,0
2017-03-17,43.12,43.4999,41.52,42.02,12372,0
2017-03-20,42.41,43.1787,41.83,42.88,14779,0
2017-03-21,43.45,45.07,43.45,44.275,11347,0
2017-03-22,44.84,45.3,43.75,44.23,8066,0
2017-03-23,44.7867,44.7867,42.2074,43.33,9558,0
2017-03-24,42.96,43.8353,42.75,42.9,7064,0
2017-03-27,44.905,45.0904,44.1898,44.79,13335,0
2017-03-28,44.51,44.78,41.58,42.47,12414,0
2017-03-29,42.25,43.22,42.13,42.86,6528,0
2017-03-30,42,42.71,41.47,41.47,9708,0
2017-03-31,41.9,43.2269,41.5,42.31,16389,0
2017-04-03,42.43,43.86,42.43,43.8,13205,0
2017-04-04,44.45,44.74,44.08,44.72,8321,0
2017-04-05,43.62,45.5,43.62,44.93,2830,0
2017-04-06,44.35,45.05,44.3,44.9,3163,0
2017-04-07,46.48,46.8,43.93,44.6801,28033,0
2017-04-10,44.34,45.6132,44.008,45.3916,24278,0
2017-04-11,46.82,48.45,46.5,48.16,30994,0
2017-04-12,48.32,48.96,47.88,48.96,29036,0
2017-04-13,49.25,50.244,48.51,48.82,28639,0
2017-04-17,49.14,49.4894,48.25,48.66,9388,0
2017-04-18,48.37,48.37,46.98,48,8929,0
2017-04-19,46.99,46.99,43.98,44.47,37019,0
2017-04-20,44.37,45.9394,44.28,45.26,17622,0
2017-04-21,45.31,45.8313,44.9,45.2,5559,0
2017-04-24,43.34,44.27,43.33,43.69,7976,0
2017-04-25,42.31,42.31,39.05,39.97,14423,0
2017-04-26,39.5,40.64,38.45,40.15,24373,0
2017-04-27,39.86,39.86,38.39,38.5,8533,0
2017-04-28,39.03,40.46,38.75,40.06,58329,0
2017-05-01,39.55,39.88,37.57,37.99,17220,0
2017-05-02,37.71,38.8779,37.5,38.2,12224,0
2017-05-03,38.2,40,37.44,37.44,17493,0
2017-05-04,36.13,36.45,35.27,35.93,20352,0
2017-05-05,36.18,37.8699,36.04,37.51,40590,0
2017-05-08,37.51,37.51,36.571,37.42,14652,0
2017-05-09,36.95,37.43,36.36,37.33,13410,0
2017-05-10,38.4,39.07,38.18,38.71,7817,0
2017-05-11,39,40.6669,39,40.32,23606,0
2017-05-12,41.45,41.84,41.3619,41.56,11493,0
2017-05-15,42.25,42.25,40.7,41.77,20354,0
2017-05-16,42.07,42.6,41.83,42.35,8383,0
2017-05-17,44.27,44.84,43.18,43.88,30082,0
2017-05-18,42.92,43.01,41.21,41.28,6485,0
2017-05-19,42.32,42.43,41.94,41.94,33408,0
2017-05-22,42.72,43.78,42.72,43.09,12472,0
2017-05-23,43.7201,43.723,41.06,41.1,8163,0
2017-05-24,41.01,41.5983,39.7747,41.48,16988,0
2017-05-25,41.0185,41.65,40.9416,41.65,3729,0
2017-05-26,41.9529,42.27,41.9529,42.19,15307,0
2017-05-30,41.07,41.61,40.94,40.98,3012,0
2017-05-31,41.28,41.93,40.5567,41.3,2432,0
2017-06-01,41.1819,41.341,40.9394,41.0578,2106,0
2017-06-02,41.67,41.82,41.25,41.44,3286,0
2017-06-05,41.9,41.9,40.5392,41.4,4372,0
2017-06-06,43.04,45.41,43.04,45.41,16447,0
2017-06-07,44.44,45.1,43.52,44.64,7983,0
2017-06-08,43.65,43.65,42.26,43.09,5906,0
2017-06-09,41.71,42.37,41.56,41.64,4473,0
2017-06-12,41.2422,42.14,41.2118,41.29,4833,0
2017-06-13,40.86,42.61,40.86,42.15,18298,0
2017-06-14,43.55,43.55,38.99,39.38,21226,0
2017-06-15,38.6592,39.14,38.64,38.92,7213,0
2017-06-16,38.87,39.009,38.43,38.4357,2549,0
2017-06-19,38.23,39.1637,38.06,38.39,3040,0
2017-06-20,38,38.14,37.8,37.84,20816,0
2017-06-21,38.1339,38.93,38.1339,38.93,2813,0
2017-06-22,39.8,40.2276,39.6381,39.87,9176,0
2017-06-23,40.55,41.2947,40.55,41.19,7762,0
2017-06-26,40.1,41.16,40.05,40.38,4392,0
2017-06-27,41.08,41.1417,39.43,39.43,11512,0
2017-06-28,39.83,40.018,39.0201,39.9,5237,0
2017-06-29,38.8851,38.8851,38.2318,38.32,6691,0
2017-06-30,38,38.8297,38,38.64,2088,0
2017-07-03,37.25,37.25,36.6301,36.67,6854,0
2017-07-05,36.57,37.609,36.39,37.53,8966,0
2017-07-06,36.96,37,36.5,36.64,2773,0
2017-07-07,36.1,36.1,35,35.65,6126,0
2017-07-10,35.29,37.03,35.29,36.79,9674,0
2017-07-11,36.42,37.35,36.04,37.21,6906,0
2017-07-12,38.22,38.4,37.39,37.47,8055,0
2017-07-13,37.48,37.745,36.4907,36.6,19855,0
2017-07-14,38.1,38.156,37.81,37.86,9221,0
2017-07-17,38.46,38.7496,38.41,38.41,2717,0
2017-07-18,38.8998,39.1,38.7427,38.9888,4875,0
2017-07-19,38.81,39.155,38.81,38.8693,1829,0
2017-07-20,38.82,39.6907,38.66,39.39,20875,0
2017-07-21,40,40,39.46,39.69,3993,0
2017-07-24,39.6001,39.7302,38.5,38.5,4942,0
2017-07-25,39.43,39.5593,38.99,39.19,1558,0
2017-07-26,39.5,41.6311,39.5,41.39,6750,0
2017-07-27,41.68,41.69,39.56,40.24,21143,0
2017-07-28,40.75,41.4,40.75,41.195,5973,0
2017-07-31,41.19,41.8,41.0621,41.27,3108,0
2017-08-01,41.6451,41.8758,41.22,41.22,1711,0
2017-08-02,41.15,41.56,40.9,41.5501,3059,0
2017-08-03,40.77,40.77,40.6418,40.6418,1728,0
2017-08-04,39.98,39.98,38.78,39.24,10691,0
2017-08-07,38.95,39.5975,38.95,39.46,12130,0
2017-08-08,39.5261,39.5261,38.47,38.9,16683,0
2017-08-09,40.09,40.579,39.92,40.16,15522,0
2017-08-10,41.54,41.86,41.31,41.7,16495,0
2017-08-11,41.92,42.333,41.6107,42.18,12597,0
2017-08-14,41.29,41.525,40.68,41.2513,11660,0
2017-08-15,39.58,40.1599,39.58,40.11,11035,0
2017-08-16,40.25,42.0341,40.25,41.82,21812,0
2017-08-17,42.23,42.32,41.56,41.78,17920,0
2017-08-18,43.2,43.2,41.31,41.42,6638,0
2017-08-21,41.64,42.65,41.64,42.49,5034,0
2017-08-22,42.2734,42.5011,41.9,41.92,6583,0
2017-08-23,42.047,42.6046,41.9586,42.6046,3366,0
2017-08-24,42.52,42.8185,42.45,42.74,2768,0
2017-08-25,42.51,43.61,42.51,43.2051,7336,0
2017-08-28,43.85,46.15,43.5683,46.02,28626,0
2017-08-29,47.36,47.8,45.6925,46.73,33615,0
2017-08-30,46.44,46.65,45.581,45.83,11213,0
2017-08-31,46.02,47.9218,46.02,47.79,13662,0
2017-09-01,48.32,48.32,47.09,48.19,16654,0
2017-09-05,48.94,50.16,48.94,50.16,10636,0
2017-09-06,49.73,50.08,48.1601,48.74,19594,0
2017-09-07,49.61,50.96,49.5231,50.81,32817,0
2017-09-08,50.5,50.71,49.192,49.91,16200,0
2017-09-11,47.94,48.7,46.9233,47.13,15832,0
2017-09-12,46.54,47.6974,46.54,47.57,9478,0
2017-09-13,47.31,47.36,45.55,45.8,8369,0
2017-09-14,45.48,46.5838,45.25,46.36,6345,0
2017-09-15,46.04,46.09,45.36,45.44,6331,0
2017-09-18,44.34,44.64,43.41,43.85,12093,0
2017-09-19,43.96,44.5,43.8253,44.4,6668,0
2017-09-20,44.68,45.542,42,43.05,20281,0
2017-09-21,41.62,42.6576,41.62,42.04,5369,0
2017-09-22,42.63,43,42.5379,42.79,5822,0
2017-09-25,42.31,44.25,42.31,44.25,10263,0
2017-09-26,42.87,43.46,42.21,42.4,7421,0
2017-09-27,41.37,41.73,41.15,41.2,5284,0
2017-09-28,41.32,41.95,41.12,41.73,4747,0
2017-09-29,41.71,41.8492,41,41.06,5116,0
2017-10-02,40.87,41.6296,40.45,41.27,7340,0
2017-10-03,41.35,42.33,41.35,42.13,215967,0
2017-10-04,42.63,42.744,42.15,42.68,19689,0
2017-10-05,42.63,42.63,41.79,41.93,18563,0
2017-10-06,41.86,43.2,41.1,43.19,35246,0
2017-10-09,43.59,44.018,43.353,43.78,19355,0
2017-10-10,44.18,44.24,43.01,43.24,33709,0
2017-10-11,43.49,44.03,41.96,43.94,82144,0
2017-10-12,43.87,44.06,43.21,43.7,29528,0
2017-10-13,44.39,44.69,43.7777,44.08,31262,0
2017-10-16,44.22,44.22,42.15,42.68,32414,0
2017-10-17,41.99,42.78,41.86,42.62,32639,0
2017-10-18,42.28,42.63,41.95,42.15,95492,0
2017-10-19,42.64,43.0169,42.32,42.57,28858,0
2017-10-20,41.99,42.24,41.53,41.79,9878,0
2017-10-23,41.12,42,41,41.56,9632,0
2017-10-24,41.2301,41.379,40.74,40.85,3540,0
2017-10-25,40.67,40.72,39.815,40.39,9532,0
2017-10-26,40.15,40.22,38.55,38.89,9747,0
2017-10-27,38.69,39.56,38.6,39.3,15628,0
2017-10-30,39.31,40.4332,39.31,40.07,7539,0
2017-10-31,39.86,39.86,39.13,39.13,3417,0
2017-11-01,39.65,40.24,39.56,40,3205,0
2017-11-02,40,40.11,39.196,39.328,3718,0
2017-11-03,38.76,38.96,38.6598,38.92,2991,0
2017-11-06,39.19,40.7493,39.12,40.53,11207,0
2017-11-07,40.2308,40.2308,39.6,39.78,3481,0
2017-11-08,40.64,40.81,40.3888,40.4045,4002,0
2017-11-09,40.275,40.39,40.196,40.3,8232,0
2017-11-10,40.12,40.24,39.117,39.21,5978,0
