Date,Open,High,Low,Close,Volume,OpenInt
2011-12-13,14.252,14.252,13.364,13.47,8275,0
2011-12-14,13.345,13.345,12.983,13.222,608,0
2011-12-15,13.317,13.355,13.317,13.355,3981,0
2011-12-16,13.364,13.44,12.697,13.107,11521,0
2011-12-19,13.021,13.804,12.849,13.039,4529,0
2011-12-20,13.25,13.45,13.174,13.174,3456,0
2011-12-21,13.403,13.403,13.403,13.403,524,0
2011-12-22,13.413,13.68,13.335,13.335,2200,0
2011-12-23,13.222,13.528,13.222,13.528,2234,0
2011-12-27,13.613,13.613,13.508,13.508,1414,0
2011-12-28,13.079,13.164,13.079,13.164,731,0
2011-12-30,13.747,13.747,13.384,13.384,786,0
2012-01-03,13.364,13.556,13.203,13.538,2697,0
2012-01-04,13.126,13.126,13.126,13.126,2094,0
2012-01-05,12.659,12.888,12.659,12.888,1257,0
2012-01-09,12.888,12.888,12.334,12.381,3038,0
2012-01-10,12.219,12.229,12.124,12.124,1576,0
2012-01-11,12.266,12.266,12.2,12.2,1363,0
2012-01-12,12.411,12.515,12.171,12.401,5720,0
2012-01-13,12.219,12.42,12.219,12.42,1295,0
2012-01-17,13.059,13.145,12.496,12.926,13552,0
2012-01-18,13.364,13.651,13.27,13.46,6748,0
2012-01-19,13.843,14.072,13.843,13.938,10526,0
2012-01-20,14.415,14.577,14.272,14.462,10474,0
2012-01-23,15.646,15.646,15.131,15.284,15537,0
2012-01-24,15.131,15.16,14.52,14.52,6195,0
2012-01-25,15.389,15.761,15.284,15.761,5342,0
2012-01-26,17.183,17.203,16.266,16.563,2094,0
2012-01-27,16.467,16.898,16.467,16.61,4924,0
2012-01-30,16.61,16.801,16.42,16.63,3980,0
2012-01-31,17.547,18.406,17.547,18.33,15037,0
2012-02-01,18.53,18.53,18.023,18.138,13990,0
2012-02-02,18.032,18.042,17.689,17.908,13964,0
2012-02-03,16.993,16.993,16.706,16.888,40448,0
2012-02-06,17.316,17.651,17.164,17.479,21404,0
2012-02-07,18.042,18.654,18.042,18.51,51937,0
2012-02-08,18.52,18.644,18.232,18.29,8403,0
2012-02-09,18.731,18.959,18.023,18.338,30245,0
2012-02-10,17.232,17.679,16.782,17.173,17522,0
2012-02-13,18.185,19.026,18.072,18.434,13565,0
2012-02-14,18.606,18.606,17.862,17.966,6049,0
2012-02-15,17.622,17.622,16.553,16.773,18259,0
2012-02-16,16.706,17.346,16.44,17.326,6385,0
2012-02-17,18.1,18.711,18.1,18.52,66046,0
2012-02-21,18.232,18.232,17.498,17.718,20397,0
2012-02-22,17.039,17.039,16.229,16.248,13078,0
2012-02-23,16.229,16.324,15.799,16.314,4070,0
2012-02-24,16.229,16.763,16.229,16.42,8291,0
2012-02-27,16.229,16.688,16.229,16.373,6730,0
2012-02-28,16.134,16.134,15.59,15.627,11497,0
2012-02-29,16.229,16.467,16.229,16.229,9468,0
2012-03-01,16.363,16.43,16.086,16.095,17576,0
2012-03-02,16.105,16.381,15.951,16.086,2867,0
2012-03-05,15.941,15.941,15.513,15.561,1969,0
2012-03-06,15.941,16.477,15.847,15.847,19848,0
2012-03-07,16.266,16.4,16.115,16.181,6495,0
2012-03-08,16.916,16.916,16.162,16.858,9494,0
2012-03-09,16.858,16.858,16.095,16.199,8997,0
2012-03-12,15.941,15.941,15.456,15.561,1841,0
2012-03-13,15.37,15.751,14.998,15.704,13631,0
2012-03-14,15.694,15.894,15.34,15.34,31505,0
2012-03-15,15.456,15.751,15.379,15.636,6381,0
2012-03-16,15.829,16.171,15.829,15.941,6495,0
2012-03-19,16.229,16.792,16.229,16.678,8697,0
2012-03-20,16.61,16.61,16.363,16.534,8615,0
2012-03-21,16.124,16.477,16.029,16.076,6445,0
2012-03-22,15.799,16.209,15.799,16.209,1591,0
2012-03-23,16.019,16.086,16.019,16.086,416,0
2012-03-26,16.124,16.324,16.124,16.324,5436,0
2012-03-27,15.847,15.941,15.58,15.751,9716,0
2012-03-28,15.37,15.561,15.112,15.246,8591,0
2012-03-29,14.988,15.045,14.988,14.998,1477,0
2012-03-30,14.797,14.95,14.797,14.95,2757,0
2012-04-02,14.491,14.634,14.491,14.587,21354,0
2012-04-03,14.444,14.597,14.166,14.166,4354,0
2012-04-04,14.397,14.397,13.651,13.718,10000,0
2012-04-05,14.213,14.262,13.718,13.908,7457,0
2012-04-09,13.938,13.976,13.689,13.889,4846,0
2012-04-10,14.339,14.797,14.339,14.472,13560,0
2012-04-11,14.597,14.597,14.329,14.339,733,0
2012-04-12,14.281,14.912,14.281,14.577,3154,0
2012-04-13,14.243,14.329,14.052,14.176,6201,0
2012-04-16,14.319,14.567,14.223,14.329,1608,0
2012-04-17,14.415,14.902,14.415,14.902,8956,0
2012-04-18,14.52,14.702,14.491,14.607,3036,0
2012-04-19,14.099,14.119,13.976,14.119,1203,0
2012-04-20,14.204,14.213,14.204,14.213,628,0
2012-04-23,13.843,13.956,13.843,13.956,2253,0
2012-04-25,14.109,14.109,14.062,14.062,781,0
2012-04-27,13.794,13.794,13.603,13.756,3771,0
2012-04-30,13.938,13.938,13.872,13.872,543,0
2012-05-01,13.603,14.033,13.603,14.033,377,0
2012-05-02,13.785,13.785,13.079,13.528,8618,0
2012-05-03,13.423,13.47,13.317,13.393,10221,0
2012-05-04,13.498,13.556,13.364,13.556,1290,0
2012-05-07,12.324,12.754,12.324,12.697,30025,0
2012-05-08,12.171,12.171,11.561,12.086,26265,0
2012-05-09,11.79,12.028,11.695,11.828,2765,0
2012-05-10,12.42,12.42,11.8,12.133,7176,0
2012-05-11,11.952,11.952,11.742,11.913,37757,0
2012-05-14,11.447,11.695,11.122,11.122,34614,0
2012-05-15,11.141,11.141,10.548,10.606,62975,0
2012-05-16,10.5,10.5,10.167,10.224,25390,0
2012-05-17,9.938,10.1,9.785,9.88,25810,0
2012-05-18,10.5,11.932,10.043,10.233,31449,0
2012-05-21,10.902,10.902,9.995,10.214,3756,0
2012-05-22,10.214,10.214,9.852,9.88,65017,0
2012-05-23,9.795,9.823,9.4605,9.756,78068,0
2012-05-24,9.3742,9.4036,9.155,9.2603,24603,0
2012-05-25,9.2893,9.4507,8.8302,8.9925,47380,0
2012-05-29,9.4212,9.604,9.4036,9.537,36412,0
2012-05-30,9.556,9.556,9.0689,9.0689,31078,0
2012-05-31,9.2893,9.4212,9.155,9.2603,7196,0
2012-06-01,9.0689,9.3555,8.6775,8.773,40922,0
2012-06-04,8.8302,9.0593,8.8207,8.9258,19311,0
2012-06-05,8.5535,8.6394,8.3816,8.4484,41408,0
2012-06-06,8.6966,9.2507,8.649,8.8207,35681,0
2012-06-07,9.0117,9.0213,8.7253,8.7253,7780,0
2012-06-08,8.8685,9.0689,8.6871,9.0689,4480,0
2012-06-11,9.2797,9.2797,8.8112,8.8494,21031,0
2012-06-12,9.0117,9.155,8.8112,8.983,12016,0
2012-06-13,8.9449,9.2797,8.9449,9.241,49379,0
2012-06-14,9.871,10.396,9.871,10.396,66100,0
2012-06-15,10.5,11.379,10.472,11.302,156855,0
2012-06-18,11.322,11.456,10.912,11.026,90630,0
2012-06-19,11.456,11.848,11.427,11.675,46026,0
2012-06-20,11.542,11.598,11.083,11.513,45301,0
2012-06-21,11.665,11.722,11.179,11.179,88796,0
2012-06-22,11.207,11.465,11.197,11.341,17881,0
2012-06-25,10.979,11.189,10.29,10.5,16772,0
2012-06-26,10.5,10.597,10.377,10.597,15232,0
2012-06-27,10.597,10.748,10.597,10.664,15188,0
2012-06-28,10.844,10.883,10.472,10.568,8245,0
2012-06-29,11.542,11.675,11.274,11.551,31003,0
2012-07-02,11.818,11.818,11.044,11.456,24378,0
2012-07-03,11.494,11.532,11.312,11.322,3331,0
2012-07-05,11.551,11.655,11.417,11.532,22349,0
2012-07-06,11.456,11.475,11.083,11.447,14262,0
2012-07-09,11.417,11.542,11.294,11.294,5741,0
2012-07-10,11.036,11.036,10.778,10.873,69870,0
2012-07-11,10.606,11.407,10.606,10.615,11350,0
2012-07-12,10.768,10.806,10.453,10.768,59417,0
2012-07-13,11.159,11.284,11.073,11.112,4979,0
2012-07-16,11.294,11.36,11.026,11.322,20531,0
2012-07-17,11.256,11.36,10.738,11.122,9832,0
2012-07-18,11.169,11.179,11.007,11.141,7924,0
2012-07-19,11.427,11.475,11.102,11.207,27844,0
2012-07-20,11.122,11.169,10.816,11.141,14553,0
2012-07-23,10.597,10.787,9.975,10.3,29407,0
2012-07-24,10.175,10.253,9.966,10.043,5814,0
2012-07-25,10.005,10.396,9.995,10.071,32933,0
2012-07-26,10.31,10.568,10.263,10.31,14247,0
2012-07-27,10.558,11.456,10.329,10.415,6832,0
2012-07-30,10.902,10.912,10.538,10.568,24595,0
2012-07-31,10.52,10.568,10.387,10.387,2189,0
2012-08-01,10.32,11.302,9.985,10.664,14579,0
2012-08-02,10.625,10.625,10.11,10.29,20150,0
2012-08-03,10.434,11.007,10.434,10.712,18183,0
2012-08-06,10.939,11.131,10.806,10.949,9125,0
2012-08-07,11.197,11.35,11.083,11.264,4478,0
2012-08-08,11.427,11.427,10.892,10.892,7958,0
2012-08-09,11.112,11.447,10.873,10.873,5416,0
2012-08-10,10.883,11.112,10.738,10.979,4086,0
2012-08-13,11.264,11.302,10.997,11.044,17196,0
2012-08-14,11.217,11.217,10.979,10.979,7333,0
2012-08-15,11.044,11.044,10.854,10.854,2932,0
2012-08-16,11.073,11.389,10.988,11.389,9442,0
2012-08-17,11.379,11.598,11.36,11.581,107959,0
2012-08-20,11.427,11.447,11.197,11.294,44918,0
2012-08-21,11.627,11.8,11.561,11.675,24175,0
2012-08-22,11.752,11.752,11.598,11.695,17791,0
2012-08-23,11.695,11.742,11.456,11.456,25324,0
2012-08-24,11.647,11.808,11.475,11.8,12799,0
2012-08-27,11.818,11.818,11.655,11.655,23821,0
2012-08-28,11.655,11.818,11.456,11.494,79744,0
2012-08-29,11.695,11.695,11.456,11.522,26135,0
2012-08-30,11.407,11.637,11.284,11.341,14685,0
2012-08-31,11.551,11.742,11.542,11.588,15448,0
2012-09-04,11.695,11.885,11.598,11.828,44110,0
2012-09-05,11.932,12.515,11.922,12.44,71292,0
2012-09-06,12.515,12.744,12.363,12.63,193109,0
2012-09-07,12.888,13.164,12.801,13.135,165097,0
2012-09-10,13.384,13.852,13.364,13.718,139556,0
2012-09-11,13.651,14.348,13.508,14.291,134366,0
2012-09-12,14.539,15.274,14.529,15.055,90491,0
2012-09-13,15.236,15.246,14.166,14.845,133838,0
2012-09-14,14.702,14.825,14.367,14.529,58311,0
2012-09-17,14.692,14.748,14.329,14.387,19484,0
2012-09-18,14.387,15.035,14.387,14.806,48723,0
2012-09-19,14.835,14.892,14.625,14.815,62991,0
2012-09-20,14.767,14.767,14.558,14.711,25244,0
2012-09-21,15.055,15.055,14.797,14.815,49364,0
2012-09-24,14.739,14.739,14.204,14.319,53276,0
2012-09-25,14.252,14.444,14.033,14.072,54441,0
2012-09-26,14.129,14.139,13.947,14.023,25260,0
2012-09-27,14.043,14.397,14.023,14.357,21021,0
2012-09-28,14.052,14.119,13.889,13.976,23221,0
2012-10-01,14.233,14.415,14.033,14.052,61755,0
2012-10-02,14.434,14.797,14.319,14.682,102443,0
2012-10-03,14.787,14.864,14.711,14.758,134133,0
2012-10-04,15.007,15.065,14.882,14.988,46431,0
2012-10-05,15.951,16.514,15.951,16.124,193537,0
2012-10-08,16.095,16.095,15.59,16.029,55756,0
2012-10-09,16.162,16.162,15.484,15.484,39604,0
2012-10-10,15.256,15.397,14.892,14.96,23797,0
2012-10-11,14.94,15.475,14.902,15.256,12410,0
2012-10-12,15.656,15.933,15.389,15.636,29128,0
2012-10-15,15.971,16.229,15.809,16.181,443465,0
2012-10-16,16.248,16.782,16.239,16.744,65600,0
2012-10-17,16.82,17.393,16.82,17.373,80608,0
2012-10-18,17.203,17.346,17.012,17.107,40042,0
2012-10-19,17.107,17.498,17.078,17.232,109057,0
2012-10-22,17.956,18.138,17.747,17.947,171393,0
2012-10-23,17.995,17.995,17.241,17.289,136833,0
2012-10-24,17.469,17.927,17.469,17.566,85721,0
2012-10-25,17.631,17.698,17.326,17.469,62039,0
2012-10-26,17.355,17.574,17.279,17.336,35176,0
2012-10-31,16.209,16.229,15.121,15.446,139251,0
2012-11-01,15.065,15.065,14.329,14.424,147720,0
2012-11-02,15.007,15.379,14.96,15.207,43396,0
2012-11-05,15.446,15.999,15.322,15.799,318674,0
2012-11-06,15.819,16.038,15.819,15.951,31391,0
2012-11-07,15.999,16.009,15.513,15.847,37130,0
2012-11-08,15.35,15.35,14.711,14.739,76948,0
2012-11-09,14.397,15.389,14.397,15.37,287094,0
2012-11-12,14.491,14.882,14.272,14.424,42963,0
2012-11-13,14.176,14.607,13.966,14.501,16181,0
2012-11-14,14.815,14.94,14.52,14.654,49594,0
2012-11-15,14.825,14.825,14.397,14.663,14444,0
2012-11-16,14.663,14.787,14.406,14.777,4190,0
2012-11-19,15.436,15.684,15.17,15.541,38746,0
2012-11-20,15.494,15.58,15.092,15.494,9795,0
2012-11-21,15.731,15.731,15.426,15.504,9949,0
2012-11-23,15.941,16.324,15.923,16.266,32327,0
2012-11-26,16.373,16.381,16.095,16.229,17812,0
2012-11-27,16.41,16.41,15.694,15.771,54634,0
2012-11-28,15.112,15.322,14.872,15.226,102037,0
2012-11-29,15.131,15.178,14.978,15.131,27084,0
2012-11-30,15.055,15.082,14.767,14.921,39047,0
2012-12-03,15.417,15.417,15.025,15.207,23478,0
2012-12-04,15.065,15.217,15.045,15.14,18298,0
2012-12-05,15.16,15.475,15.16,15.293,26693,0
2012-12-06,15.389,15.598,15.34,15.37,21776,0
2012-12-07,15.322,15.465,15.274,15.274,10920,0
2012-12-10,15.513,15.646,15.513,15.627,15750,0
2012-12-11,15.884,16.209,15.884,16.181,38186,0
2012-12-12,16.189,16.41,16.066,16.229,25518,0
2012-12-13,15.923,16.124,15.684,15.847,26183,0
2012-12-14,16.105,16.495,15.989,16.189,30919,0
2012-12-17,15.704,15.941,15.284,15.809,26701,0
2012-12-18,15.617,16.009,15.531,15.856,35975,0
2012-12-19,16.42,16.715,16.42,16.524,41525,0
2012-12-20,16.648,16.735,16.467,16.658,42957,0
2012-12-21,16.239,16.878,16.239,16.773,30042,0
2012-12-24,16.898,17.039,16.82,16.82,5887,0
2012-12-26,17.068,17.068,16.658,16.715,23004,0
2012-12-27,17.171,17.42,16.865,17.096,17609,0
2012-12-28,17.096,17.096,16.645,16.799,9319,0
2012-12-31,16.645,17.287,16.645,17.277,27411,0
2013-01-02,17.688,17.726,17.315,17.612,101638,0
2013-01-03,17.765,17.765,17.401,17.515,69326,0
2013-01-04,17.697,17.927,17.63,17.927,36796,0
2013-01-07,18.042,18.262,17.803,18.062,29281,0
2013-01-08,18.377,18.453,17.985,18.11,23186,0
2013-01-09,18.195,18.195,17.898,17.975,35132,0
2013-01-10,18.147,18.147,17.746,18.081,154359,0
2013-01-11,18.052,18.434,17.908,18.396,34422,0
2013-01-14,18.396,18.396,17.793,18.052,22139,0
2013-01-15,17.937,17.937,17.381,17.688,40852,0
2013-01-16,17.88,17.88,17.564,17.688,8275,0
2013-01-17,17.861,17.89,17.756,17.89,23875,0
2013-01-18,18.11,18.147,17.908,17.975,30858,0
2013-01-22,18.242,18.511,18.242,18.482,48202,0
2013-01-23,18.75,18.932,18.712,18.932,85508,0
2013-01-24,18.511,18.511,17.956,18.252,117439,0
2013-01-25,18.932,19.037,18.655,18.998,26202,0
2013-01-28,19.027,19.027,18.779,18.902,43867,0
2013-01-29,18.645,18.856,18.205,18.856,21632,0
2013-01-30,18.846,18.846,18.558,18.674,8804,0
2013-01-31,18.215,18.607,18.176,18.215,50948,0
2013-02-01,18.242,18.702,18.242,18.558,39162,0
2013-02-04,18.607,18.769,18.147,18.176,41286,0
2013-02-05,18.712,19.027,18.558,18.856,42527,0
2013-02-06,19.037,19.429,19.037,19.314,32337,0
2013-02-07,19.382,19.41,18.664,19.113,48261,0
2013-02-08,19.056,19.392,18.75,19.066,47892,0
2013-02-11,18.846,18.846,18.491,18.54,27302,0
2013-02-12,19.094,19.314,18.75,19.267,40456,0
2013-02-13,19.046,19.094,18.837,18.892,29099,0
2013-02-14,18.892,19.037,18.741,18.827,19229,0
2013-02-15,19.085,19.296,18.76,18.912,20669,0
2013-02-19,19.085,19.314,18.97,19.142,53014,0
2013-02-20,18.779,19.286,18.779,18.884,17823,0
2013-02-21,18.232,18.396,17.717,17.765,140508,0
2013-02-22,17.985,18.3,17.985,18.262,19131,0
2013-02-25,18.223,18.262,16.76,16.76,147474,0
2013-02-26,17.335,17.669,17.21,17.459,78237,0
2013-02-27,17.459,18.062,17.459,18.062,27455,0
2013-02-28,17.908,17.975,17.602,17.841,21289,0
2013-03-01,17.555,17.555,17.162,17.525,39722,0
2013-03-04,17.124,17.134,16.98,17.047,28523,0
2013-03-05,17.047,17.086,16.99,17.009,16708,0
2013-03-06,17.028,17.028,16.674,16.702,28343,0
2013-03-07,16.57,16.57,16.235,16.32,62512,0
2013-03-08,16.301,16.711,16.301,16.674,19561,0
2013-03-11,16.474,16.474,16.11,16.157,41896,0
2013-03-12,16.263,16.426,16.253,16.253,16545,0
2013-03-13,16.474,16.837,16.474,16.76,18294,0
2013-03-14,16.474,16.684,16.474,16.597,12837,0
2013-03-15,16.741,17.191,16.597,16.597,13628,0
2013-03-18,16.253,16.253,15.985,15.994,71979,0
2013-03-19,15.841,16.034,15.268,15.344,56234,0
2013-03-20,15.727,15.823,15.526,15.746,42317,0
2013-03-21,15.976,16.235,15.374,15.488,29230,0
2013-03-22,15.488,15.966,15.383,15.785,16409,0
2013-03-25,16.034,16.272,15.44,15.45,48329,0
2013-03-26,15.105,15.105,14.733,14.733,42553,0
2013-03-27,14.198,14.198,13.67,14.015,80838,0
2013-03-28,14.292,14.349,14.158,14.254,43787,0
2013-04-01,14.282,14.368,13.747,13.775,88015,0
2013-04-02,13.775,14.063,13.584,13.872,60972,0
2013-04-03,14.063,14.063,13.593,13.67,149505,0
2013-04-04,14.053,14.053,13.603,13.708,264827,0
2013-04-05,13.756,13.881,13.651,13.689,41338,0
2013-04-08,13.738,13.833,13.66,13.823,35873,0
2013-04-09,14.713,15.058,14.559,14.943,107509,0
2013-04-10,15.115,15.478,15.085,15.44,58646,0
2013-04-11,15.946,16.177,15.651,16.119,55312,0
2013-04-12,15.966,16.014,15.689,15.966,23896,0
2013-04-15,15.776,15.776,15.325,15.411,43177,0
2013-04-16,15.2,15.593,15.191,15.498,85107,0
2013-04-17,15.401,15.603,15.01,15.068,50798,0
2013-04-18,15.43,15.565,15.249,15.364,22601,0
2013-04-19,15.411,15.584,15.259,15.401,11978,0
2013-04-22,16.024,16.024,15.593,15.976,20490,0
2013-04-23,15.641,15.919,15.575,15.612,14396,0
2013-04-24,15.966,15.976,15.832,15.946,9052,0
2013-04-25,16.263,16.616,16.263,16.606,15986,0
2013-04-26,16.645,16.721,16.396,16.588,19929,0
2013-04-29,16.436,16.971,16.436,16.674,25988,0
2013-04-30,16.808,16.808,16.32,16.597,16965,0
2013-05-01,17.401,17.401,16.654,16.654,45758,0
2013-05-02,16.895,17.191,16.33,17.124,46655,0
2013-05-03,17.21,17.65,17.21,17.496,68287,0
2013-05-06,17.64,17.717,17.248,17.621,34115,0
2013-05-07,17.679,18.127,17.545,17.679,78470,0
2013-05-08,18.33,18.664,18.32,18.645,237657,0
2013-05-09,18.866,18.95,18.443,18.501,247549,0
2013-05-10,18.377,18.463,17.995,18.156,48139,0
2013-05-13,18.702,18.989,18.511,18.808,323266,0
2013-05-14,18.732,19.324,18.674,19.228,365397,0
2013-05-15,19.611,20.079,19.41,20.032,189461,0
2013-05-16,19.898,20.721,19.898,20.368,621552,0
2013-05-17,20.988,21.648,20.893,21.39,494758,0
2013-05-20,20.807,20.854,19.449,19.593,649423,0
2013-05-21,19.103,19.314,18.769,19.208,182405,0
2013-05-22,19.2,19.228,18.702,18.741,152347,0
2013-05-23,18.185,18.769,17.841,18.607,250213,0
2013-05-24,18.262,18.798,18.262,18.692,58487,0
2013-05-28,18.846,18.846,18.272,18.511,91131,0
2013-05-29,18.147,18.31,17.956,18.205,97896,0
2013-05-30,17.803,17.803,16.98,17.105,195800,0
2013-05-31,17.467,17.803,16.904,16.904,186898,0
2013-06-03,16.77,17.582,16.77,17.572,218643,0
2013-06-04,16.827,17.028,16.502,16.626,207364,0
2013-06-05,16.521,17.028,16.416,16.436,79144,0
2013-06-06,16.396,16.922,16.396,16.846,94608,0
2013-06-07,17.114,17.391,16.875,17.153,76837,0
2013-06-10,16.942,17.019,16.406,16.502,50007,0
2013-06-11,16.119,16.119,15.709,15.766,151774,0
2013-06-12,15.631,15.631,15.038,15.181,105659,0
2013-06-13,15.286,16.235,15.286,15.727,80047,0
2013-06-14,16.138,16.493,15.46,15.736,154331,0
2013-06-17,16.043,16.043,15.699,15.719,55957,0
2013-06-18,16.004,16.349,15.813,15.86,80408,0
2013-06-19,15.593,16.426,15.593,15.785,40454,0
2013-06-20,15.306,15.383,14.608,14.656,84825,0
2013-06-21,14.684,14.818,13.698,14.235,187947,0
2013-06-24,13.957,14.254,13.497,14.13,265767,0
2013-06-25,14.493,14.761,14.368,14.704,71198,0
2013-06-26,14.55,14.559,14.149,14.368,124616,0
2013-06-27,14.14,14.349,13.872,14.254,113326,0
2013-06-28,14.263,14.991,14.263,14.828,107960,0
2013-07-01,14.627,15.115,14.627,14.828,50168,0
2013-07-02,14.674,14.674,14.235,14.398,98683,0
2013-07-03,14.14,14.541,14.14,14.398,38834,0
2013-07-05,14.388,14.733,14.358,14.512,22125,0
2013-07-08,14.684,15.163,14.684,15.001,97636,0
2013-07-09,14.971,15.068,14.617,14.636,79868,0
2013-07-10,14.541,14.646,14.254,14.589,99792,0
2013-07-11,14.617,14.694,14.398,14.579,55220,0
2013-07-12,14.559,14.569,14.398,14.455,29292,0
2013-07-15,14.415,14.415,14.015,14.178,100338,0
2013-07-16,14.292,14.674,14.292,14.541,42382,0
2013-07-17,14.742,14.848,14.627,14.713,11866,0
2013-07-18,14.857,15.133,14.848,15.075,70009,0
2013-07-19,14.962,15.085,14.828,14.991,26681,0
2013-07-22,14.924,15.075,14.924,15.019,20587,0
2013-07-23,15.268,15.268,14.723,15.01,70612,0
2013-07-24,15.068,15.249,14.943,15.115,26067,0
2013-07-25,15.143,15.249,15.038,15.2,27566,0
2013-07-26,15.259,15.631,15.259,15.498,59561,0
2013-07-29,15.776,16.119,15.689,15.785,74757,0
2013-07-30,15.727,15.727,15.374,15.575,47149,0
2013-07-31,15.67,16.043,15.67,15.746,53536,0
2013-08-01,16.119,16.349,15.88,16.081,120492,0
2013-08-02,16.359,16.808,16.34,16.694,139102,0
2013-08-05,16.626,16.77,16.272,16.636,39513,0
2013-08-06,16.597,16.721,16.436,16.531,42920,0
2013-08-07,16.741,16.875,16.55,16.799,43177,0
2013-08-08,17.134,17.381,16.263,17.362,171977,0
2013-08-09,17.22,17.612,17.22,17.564,57397,0
2013-08-12,17.612,17.65,17.439,17.564,90944,0
2013-08-13,17.525,17.63,17,17.297,59585,0
2013-08-14,17.258,17.267,17.047,17.191,21321,0
2013-08-15,17.047,17.047,16.578,16.741,85633,0
2013-08-16,16.817,17.143,16.817,17.076,140405,0
2013-08-19,16.846,16.846,15.985,16.186,212791,0
2013-08-20,16.024,16.378,16.024,16.263,59075,0
2013-08-21,16.263,16.311,15.832,16.024,63824,0
2013-08-22,16.024,16.177,15.946,16.177,28198,0
2013-08-23,16.502,16.626,16.349,16.606,24432,0
2013-08-26,16.311,16.55,16.311,16.474,10626,0
2013-08-27,15.928,15.946,15.555,15.651,37424,0
2013-08-28,15.584,15.841,15.584,15.719,30572,0
2013-08-29,16.052,16.167,15.87,16.157,19309,0
2013-08-30,15.889,16.138,15.746,15.88,15891,0
2013-09-03,16.215,16.578,16.024,16.436,57570,0
2013-09-04,16.282,16.731,16.282,16.684,36837,0
2013-09-05,16.75,16.75,16.502,16.731,139148,0
2013-09-06,16.875,16.971,16.711,16.922,138882,0
2013-09-09,17.22,17.545,17.21,17.535,229761,0
2013-09-10,17.908,18.005,17.64,17.64,121377,0
2013-09-11,17.525,17.956,17.467,17.861,122802,0
2013-09-12,17.66,17.918,17.66,17.851,71328,0
2013-09-13,17.66,17.918,17.592,17.871,32235,0
2013-09-16,17.927,18.005,17.688,17.927,96758,0
2013-09-17,18.081,18.137,17.966,18.137,19759,0
2013-09-18,18.052,18.655,17.784,18.655,44877,0
2013-09-19,18.722,18.769,18.482,18.597,52566,0
2013-09-20,18.367,18.367,17.937,17.937,43892,0
2013-09-23,17.793,18.1,17.793,17.995,23931,0
2013-09-24,18.185,18.645,18.185,18.482,49783,0
2013-09-25,18.338,18.827,18.223,18.674,55792,0
2013-09-26,18.732,18.75,18.531,18.616,15933,0
2013-09-27,18.558,18.846,18.558,18.769,23375,0
2013-09-30,18.443,18.463,18.185,18.463,24383,0
2013-10-01,18.416,19.017,18.367,18.856,52312,0
2013-10-02,18.587,18.692,18.434,18.674,24742,0
2013-10-03,18.75,19.046,18.75,18.856,31712,0
2013-10-04,19.343,19.783,19.334,19.677,144168,0
2013-10-07,19.831,20.807,19.831,20.673,114475,0
2013-10-08,20.452,20.462,19.611,19.697,212414,0
2013-10-09,20.118,20.51,19.86,20.262,109131,0
2013-10-10,20.538,20.797,20.099,20.377,203996,0
2013-10-11,20.281,20.501,20.137,20.253,80572,0
2013-10-14,20.577,20.673,20.214,20.653,81417,0
2013-10-15,20.682,20.712,20.386,20.491,92754,0
2013-10-16,20.328,20.519,20.194,20.32,75290,0
2013-10-17,20.452,21.171,20.452,21.142,95824,0
2013-10-18,21.275,22.089,21.18,21.946,408428,0
2013-10-21,21.993,22.137,21.917,22.031,285262,0
2013-10-22,22.002,22.213,21.936,22.117,193679,0
2013-10-23,21.429,21.429,21.123,21.152,214937,0
2013-10-24,21.514,21.678,21.371,21.668,98717,0
2013-10-25,21.907,22.069,21.783,22.04,58664,0
2013-10-28,22.04,22.079,21.812,21.849,122917,0
2013-10-29,21.543,21.543,20.941,21.39,106219,0
2013-10-30,21.487,21.639,21.323,21.323,132239,0
2013-10-31,21.735,21.849,21.419,21.793,63033,0
2013-11-01,21.783,21.821,21.198,21.342,154465,0
2013-11-04,21.065,21.237,20.883,21.008,135501,0
2013-11-05,20.893,20.903,20.568,20.759,140592,0
2013-11-06,21.152,21.38,20.807,21.094,178512,0
2013-11-07,21.256,21.285,20.712,20.844,82759,0
2013-11-08,20.778,21.228,20.778,21.161,90869,0
2013-11-11,21.152,21.246,20.941,21.065,52998,0
2013-11-12,20.472,20.491,20.118,20.281,162278,0
2013-11-13,20.109,20.692,20.089,20.616,44356,0
2013-11-14,20.739,20.797,20.558,20.682,51963,0
2013-11-15,20.137,20.644,20.127,20.433,130581,0
2013-11-18,20.739,20.787,20.386,20.663,110484,0
2013-11-19,20.835,20.835,20.185,20.712,58682,0
2013-11-20,20.462,20.653,20.3,20.443,46190,0
2013-11-21,20.739,20.941,20.616,20.922,47534,0
2013-11-22,21.266,21.429,21.152,21.342,225724,0
2013-11-25,21.534,21.62,21.075,21.62,193550,0
2013-11-26,21.39,21.39,21.055,21.055,163112,0
2013-11-27,21.256,21.371,21.142,21.275,406004,0
2013-11-29,21.639,21.879,21.362,21.879,206437,0
2013-12-02,22.002,22.079,21.849,21.917,137088,0
2013-12-03,22.137,22.137,21.639,21.83,232090,0
2013-12-04,21.697,22.031,21.409,21.926,328681,0
2013-12-05,21.763,21.763,21.275,21.487,113511,0
2013-12-06,21.487,21.582,21.285,21.477,79210,0
2013-12-09,21.477,21.6,21.304,21.582,58350,0
2013-12-10,21.688,22.069,21.688,21.898,182720,0
2013-12-11,21.983,21.983,21.524,21.524,108941,0
2013-12-12,21.477,21.678,21.313,21.63,30017,0
2013-12-13,21.409,21.409,20.721,20.988,250717,0
2013-12-16,20.912,21.037,20.729,20.903,151388,0
2013-12-17,20.769,20.941,20.729,20.787,180842,0
2013-12-18,20.95,21.371,20.712,21.285,70168,0
2013-12-19,21.228,21.237,20.874,21.037,216345,0
2013-12-20,20.634,20.634,20.185,20.443,231930,0
2013-12-23,20.32,20.424,20.223,20.386,55563,0
2013-12-24,20.176,20.586,20.167,20.577,35028,0
2013-12-26,20.864,20.883,20.51,20.616,139507,0
2013-12-27,21.186,21.542,21.139,21.455,191777,0
2013-12-30,21.512,21.522,21.226,21.485,102107,0
2013-12-31,21.532,21.628,21.436,21.58,61357,0
2014-01-02,21.924,21.944,21.59,21.771,185851,0
2014-01-03,21.81,21.848,21.551,21.551,168755,0
2014-01-06,21.36,21.877,21.36,21.656,115848,0
2014-01-07,22.193,22.269,22.088,22.231,323598,0
2014-01-08,22.824,23.035,22.749,22.824,379637,0
2014-01-09,22.892,23.16,22.749,22.959,341923,0
2014-01-10,23.17,23.495,23.122,23.284,344962,0
2014-01-13,23.208,23.639,22.595,22.623,302934,0
2014-01-14,22.787,23.055,22.47,22.93,298214,0
2014-01-15,23.179,23.179,22.69,23.103,136905,0
2014-01-16,22.911,22.911,22.69,22.854,275070,0
2014-01-17,22.902,22.902,22.432,22.432,255282,0
2014-01-21,22.126,22.183,21.551,21.723,334595,0
2014-01-22,21.982,22.03,21.791,21.953,157877,0
2014-01-23,21.762,22.241,21.762,22.002,568359,0
2014-01-24,21.637,21.723,20.689,20.814,479396,0
2014-01-27,20.67,20.9,20.306,20.756,202741,0
2014-01-28,20.679,20.689,20.324,20.631,120235,0
2014-01-29,20.21,20.469,20.123,20.249,101140,0
2014-01-30,20.824,21.072,20.66,20.66,172115,0
2014-01-31,20.709,21.005,20.525,20.938,198534,0
2014-02-03,21.331,21.455,20.65,20.804,353830,0
2014-02-04,21.292,21.455,20.995,21.302,168329,0
2014-02-05,21.743,21.905,21.618,21.8,188067,0
2014-02-06,21.8,22.317,21.331,22.231,154829,0
2014-02-07,22.279,22.461,22.039,22.364,87873,0
2014-02-10,22.633,22.633,22.203,22.347,74144,0
2014-02-11,22.183,22.461,22.078,22.413,304759,0
2014-02-12,22.364,22.653,22.364,22.548,64552,0
2014-02-13,22.489,22.787,22.413,22.69,144835,0
2014-02-14,22.528,22.749,22.413,22.557,83814,0
2014-02-18,22.92,22.92,22.548,22.777,138213,0
2014-02-19,22.729,22.729,22.155,22.163,242613,0
2014-02-20,22.269,22.575,22.269,22.528,136156,0
2014-02-21,22.259,22.327,22.039,22.183,54505,0
2014-02-24,21.791,21.81,21.551,21.733,307041,0
2014-02-25,22.021,22.566,22.021,22.538,774750,0
2014-02-26,22.988,23.236,22.988,23.141,310746,0
2014-02-27,23.008,23.218,22.595,23.218,141672,0
2014-02-28,23.371,23.485,23.179,23.351,439300,0
2014-03-03,22.663,22.959,22.413,22.585,231973,0
2014-03-04,23.324,23.659,23.179,23.63,153542,0
2014-03-05,23.505,23.649,23.275,23.333,219957,0
2014-03-06,23.649,23.649,23.429,23.562,80518,0
2014-03-07,24.09,24.137,23.754,23.879,350244,0
2014-03-10,24.098,24.204,23.945,24.07,265825,0
2014-03-11,24.08,24.243,23.985,24.108,1144218,0
2014-03-12,24.213,24.252,24.08,24.127,102461,0
2014-03-13,24.377,24.377,23.284,23.371,188309,0
2014-03-14,23.39,23.783,23.304,23.659,102778,0
2014-03-17,24.07,24.636,24.07,24.578,285887,0
2014-03-18,24.281,24.606,24.281,24.597,161047,0
2014-03-19,24.549,24.673,23.945,23.975,345037,0
2014-03-20,24.415,24.444,24.032,24.425,236187,0
2014-03-21,24.022,24.108,22.988,23.15,708092,0
2014-03-24,23.371,23.764,23.275,23.659,84708,0
2014-03-25,24.032,24.042,23.754,23.965,260000,0
2014-03-26,23.668,23.85,23.341,23.341,121212,0
2014-03-27,23.17,23.582,23.113,23.4,189858,0
2014-03-28,23.284,23.659,23.275,23.562,150616,0
2014-03-31,23.659,23.706,23.351,23.534,148574,0
2014-04-01,23.659,23.783,23.505,23.659,200244,0
2014-04-02,23.897,24.051,23.801,23.945,195542,0
2014-04-03,23.686,23.726,23.236,23.515,304751,0
2014-04-04,23.314,23.324,23.045,23.15,355844,0
2014-04-07,23.179,23.351,22.548,22.719,895275,0
2014-04-08,22.92,23.131,22.653,22.92,677707,0
2014-04-09,22.892,23.236,22.71,23.15,318556,0
2014-04-10,23.016,23.055,22.374,22.404,128228,0
2014-04-11,22.126,22.394,22.058,22.25,168965,0
2014-04-14,21.676,21.781,21.264,21.512,993947,0
2014-04-15,21.186,21.254,20.488,20.851,1027528,0
2014-04-16,21.485,21.791,21.226,21.733,598397,0
2014-04-17,22.126,22.489,22.039,22.442,185188,0
2014-04-21,22.442,22.499,22.241,22.356,171766,0
2014-04-22,22.413,22.548,22.374,22.404,80205,0
2014-04-23,22.126,22.155,21.857,21.982,348501,0
2014-04-24,21.762,22.173,21.713,22.163,124007,0
2014-04-25,21.972,22.021,21.656,21.666,414264,0
2014-04-28,21.532,21.532,21.091,21.292,148216,0
2014-04-29,21.37,21.485,21.292,21.455,71732,0
2014-04-30,21.752,22.212,21.752,22.212,79997,0
2014-05-01,22.364,22.364,22.03,22.259,66163,0
2014-05-02,22.088,22.193,21.848,21.905,171978,0
2014-05-05,22.011,22.241,21.857,22.106,43213,0
2014-05-06,21.848,22.021,21.686,21.704,115148,0
2014-05-07,22.183,22.364,21.962,22.308,275830,0
2014-05-08,22.269,22.269,21.819,21.887,545844,0
2014-05-09,21.551,21.561,21.149,21.226,1078255,0
2014-05-12,20.929,20.929,20.67,20.861,449224,0
2014-05-13,20.679,20.776,20.498,20.555,278826,0
2014-05-14,20.91,21.091,20.736,20.776,610813,0
2014-05-15,20.153,20.172,19.769,19.847,730268,0
2014-05-16,19.319,19.415,19.147,19.281,621934,0
2014-05-19,19.147,19.147,18.87,19.08,662235,0
2014-05-20,19.847,20.105,19.655,20.009,877301,0
2014-05-21,20.048,20.469,20.048,20.44,737885,0
2014-05-22,20.43,20.631,20.258,20.43,1214488,0
2014-05-23,20.555,20.957,20.555,20.947,487496,0
2014-05-27,21.292,21.502,21.082,21.436,755029,0
2014-05-28,21.436,21.676,21.34,21.646,308756,0
2014-05-29,21.37,21.455,21.062,21.445,526903,0
2014-05-30,21.637,21.924,21.637,21.791,569525,0
2014-06-02,21.829,22.241,21.829,22.212,410769,0
2014-06-03,22.078,22.126,21.723,22.03,625067,0
2014-06-04,22.03,22.317,21.962,22.317,968553,0
2014-06-05,22.767,23.141,22.633,23.141,737102,0
2014-06-06,23.15,23.4,23.025,23.4,735127,0
2014-06-09,23.371,23.543,23.284,23.419,162452,0
2014-06-10,23.447,23.447,23.113,23.371,1295648,0
2014-06-11,22.94,23.035,22.749,23.008,655176,0
2014-06-12,23.065,23.065,22.806,22.864,334441,0
2014-06-13,22.337,22.585,22.269,22.413,453425,0
2014-06-16,22.394,22.442,22.289,22.364,248160,0
2014-06-17,22.25,22.509,22.173,22.461,787644,0
2014-06-18,22.69,23.055,22.509,23.045,433215,0
2014-06-19,23.113,23.227,23.008,23.15,845768,0
2014-06-20,23.275,23.275,23.074,23.074,222519,0
2014-06-23,22.834,22.969,22.605,22.672,176411,0
2014-06-24,22.47,22.509,21.887,21.953,1276836,0
2014-06-25,21.934,22.03,21.608,21.656,1661657,0
2014-06-26,21.696,21.972,21.696,21.905,1389248,0
2014-06-27,21.628,21.666,21.445,21.608,335221,0
2014-06-30,21.628,21.696,21.485,21.551,475491,0
2014-07-01,21.646,22.155,21.646,22.068,192226,0
2014-07-02,22.183,22.489,22.163,22.308,193877,0
2014-07-03,22.337,22.47,22.308,22.461,77265,0
2014-07-07,22.364,22.374,22.136,22.222,244525,0
2014-07-08,21.598,21.608,21.168,21.216,332746,0
2014-07-09,21.025,21.043,20.842,20.91,799399,0
2014-07-10,20.401,20.804,20.354,20.784,458090,0
2014-07-11,20.727,20.824,20.593,20.776,113336,0
2014-07-14,20.985,21.139,20.929,21.062,80979,0
2014-07-15,21.072,21.11,20.919,20.967,65806,0
2014-07-16,21.015,21.254,21.005,21.216,140651,0
2014-07-17,21.159,21.254,20.603,20.65,236060,0
2014-07-18,20.65,20.91,20.517,20.861,216528,0
2014-07-21,20.44,20.65,20.316,20.508,466656,0
2014-07-22,20.421,20.517,20.258,20.498,439293,0
2014-07-23,20.498,20.603,20.411,20.545,725695,0
2014-07-24,20.976,21.206,20.727,21.101,1203421,0
2014-07-25,21.417,21.666,21.302,21.397,159372,0
2014-07-28,21.397,21.666,21.37,21.551,170637,0
2014-07-29,21.11,21.244,21.082,21.139,116274,0
2014-07-30,21.072,21.139,20.842,20.929,104831,0
2014-07-31,20.65,20.814,20.21,20.219,366974,0
2014-08-01,20.229,20.613,20.115,20.115,196949,0
2014-08-04,20.306,20.459,20.153,20.392,174083,0
2014-08-05,20.048,20.057,19.357,19.453,544620,0
2014-08-06,19.213,19.348,18.907,18.975,1377246,0
2014-08-07,19.108,19.213,18.687,18.706,492856,0
2014-08-08,18.63,18.659,18.342,18.544,697047,0
2014-08-11,18.668,18.927,18.601,18.783,574238,0
2014-08-12,19.061,19.281,19.012,19.243,1714876,0
2014-08-13,19.405,19.884,19.338,19.837,1253577,0
2014-08-14,19.779,19.874,19.655,19.827,358391,0
2014-08-15,19.864,20.009,19.166,19.769,465789,0
2014-08-18,19.424,19.424,19.166,19.424,243309,0
2014-08-19,19.502,19.549,19.357,19.405,119064,0
2014-08-20,19.549,19.837,19.434,19.827,202206,0
2014-08-21,19.962,20.143,19.913,20.028,221960,0
2014-08-22,20.249,20.44,19.999,20.018,130518,0
2014-08-25,20.163,20.459,20.018,20.364,312243,0
2014-08-26,20.354,20.709,20.354,20.498,154896,0
2014-08-27,20.613,20.613,20.354,20.525,137827,0
2014-08-28,20.219,20.45,20.018,20.411,676844,0
2014-08-29,20.401,20.469,20.2,20.459,269822,0
2014-09-02,20.057,20.508,19.683,19.97,736859,0
2014-09-03,20.219,20.229,19.97,20.048,191566,0
2014-09-04,20.105,20.373,20.105,20.21,264761,0
2014-09-05,20.469,20.508,20.229,20.45,481779,0
2014-09-08,20.354,20.44,20.095,20.133,1062869,0
2014-09-09,20.028,20.048,19.636,19.663,340286,0
2014-09-10,19.712,19.999,19.683,19.962,145953,0
2014-09-11,19.712,19.952,19.693,19.942,407853,0
2014-09-12,19.942,19.952,19.606,19.616,1070250,0
2014-09-15,19.645,19.645,19.521,19.568,197634,0
2014-09-16,19.252,19.444,19.051,19.108,1369135,0
2014-09-17,19.203,19.233,18.927,18.945,434739,0
2014-09-18,18.821,18.888,18.659,18.736,189225,0
2014-09-19,19.176,19.397,19.08,19.156,269729,0
2014-09-22,19.397,19.397,18.917,18.917,209395,0
2014-09-23,18.744,18.773,18.457,18.477,229682,0
2014-09-24,18.544,18.955,18.485,18.802,821310,0
2014-09-25,18.351,18.351,18.007,18.055,270539,0
2014-09-26,18.093,18.294,18.017,18.16,158624,0
2014-09-29,17.317,17.824,17.25,17.643,582388,0
2014-09-30,17.585,17.883,17.374,17.806,315185,0
2014-10-01,17.681,17.729,17.25,17.299,206953,0
2014-10-02,17.681,17.834,17.116,17.279,830531,0
2014-10-03,17.116,17.384,17.116,17.241,427358,0
2014-10-06,17.241,17.299,17.011,17.126,313420,0
2014-10-07,16.963,16.963,16.608,16.608,251386,0
2014-10-08,16.934,17.308,16.608,17.279,547102,0
2014-10-09,17.011,17.317,16.723,16.857,330684,0
2014-10-10,16.666,16.897,16.532,16.58,294724,0
2014-10-13,16.762,16.982,16.59,16.647,267434,0
2014-10-14,15.852,16.149,15.785,15.977,414756,0
2014-10-15,14.952,15.115,14.166,14.415,1417505,0
2014-10-16,14.482,15.038,14.424,14.923,716926,0
2014-10-17,15.66,16.082,15.66,15.929,620780,0
2014-10-20,15.814,16.044,15.746,16.025,802447,0
2014-10-21,16.484,16.954,16.283,16.857,575780,0
2014-10-22,16.801,16.829,16.226,16.226,294656,0
2014-10-23,16.321,16.618,16.321,16.551,137443,0
2014-10-24,16.532,16.647,16.445,16.608,115855,0
2014-10-27,16.015,16.139,15.66,16.13,371828,0
2014-10-28,16.484,16.503,16.158,16.484,339100,0
2014-10-29,15.746,15.967,15.374,15.421,369010,0
2014-10-30,15.259,15.43,14.99,15.22,426224,0
2014-10-31,15.296,15.46,14.942,15.038,258690,0
2014-11-03,15.163,15.517,15.153,15.45,228667,0
2014-11-04,15.651,15.881,15.393,15.488,239770,0
2014-11-05,15.719,15.785,15.631,15.727,540123,0
2014-11-06,15.584,15.947,15.555,15.575,145095,0
2014-11-07,15,15.085,14.817,15.009,412763,0
2014-11-10,14.827,14.856,14.703,14.76,1380703,0
2014-11-11,14.616,14.76,14.558,14.635,197101,0
2014-11-12,14.444,14.444,14.176,14.357,392316,0
2014-11-13,14.377,14.655,14.377,14.463,88377,0
2014-11-14,14.568,14.837,14.568,14.789,122051,0
2014-11-17,14.789,14.789,14.511,14.549,253360,0
2014-11-18,15.018,15.43,14.894,15.411,536716,0
2014-11-19,15.852,15.967,15.679,15.842,365083,0
2014-11-20,15.814,16.12,15.785,16.101,347519,0
2014-11-21,16.35,16.465,16.216,16.321,464282,0
2014-11-24,16.331,16.407,16.12,16.196,375366,0
2014-11-25,16.062,16.139,15.631,15.746,649801,0
2014-11-26,16.035,16.226,15.766,16.226,114891,0
2014-11-28,16.226,16.226,15.719,15.727,167168,0
2014-12-01,15.776,16.245,15.736,15.746,122352,0
2014-12-02,16.216,16.245,16.072,16.187,125708,0
2014-12-03,16.196,16.427,16.168,16.341,84577,0
2014-12-04,16.379,16.427,16.196,16.37,186973,0
2014-12-05,16.743,16.762,16.571,16.723,200042,0
2014-12-08,16.762,17.039,16.522,16.638,184277,0
2014-12-09,15.133,15.21,14.635,14.655,564435,0
2014-12-10,14.549,14.76,14.319,14.329,227004,0
2014-12-11,13.658,13.86,12.988,13.017,1135585,0
2014-12-12,13.611,13.64,13.084,13.199,429649,0
2014-12-15,13.64,14.071,13.228,13.236,245539,0
2014-12-16,13.763,14.377,13.649,14.156,972802,0
2014-12-17,14.013,14.817,14.003,14.817,1872979,0
2014-12-18,13.955,14.262,13.937,14.118,272739,0
2014-12-19,14.108,14.128,13.802,13.965,169351,0
2014-12-22,13.763,14.051,13.726,14.003,157575,0
2014-12-23,13.611,13.87,13.591,13.591,115818,0
2014-12-24,13.467,13.831,13.467,13.736,21183,0
2014-12-26,13.726,14.186,13.706,14.156,405326,0
2014-12-29,13.393,13.481,13.132,13.326,685335,0
2014-12-30,13.181,13.278,12.949,12.977,300742,0
2014-12-31,12.997,13.296,12.949,12.949,389597,0
2015-01-02,13.258,13.278,12.997,13.278,695306,0
2015-01-05,12.543,12.563,12.34,12.34,729411,0
2015-01-06,12.166,12.263,11.789,11.915,484379,0
2015-01-07,12.021,12.35,11.828,12.117,842029,0
2015-01-08,11.915,11.963,11.645,11.934,314687,0
2015-01-09,12.117,12.224,11.896,12.166,1200957,0
2015-01-12,12.543,12.707,12.427,12.523,1028592,0
2015-01-13,12.987,12.987,12.523,12.794,396836,0
2015-01-14,12.678,12.852,12.437,12.563,336865,0
2015-01-15,12.659,12.659,12.272,12.369,194178,0
2015-01-16,11.992,12.378,11.818,12.292,302589,0
2015-01-20,12.369,12.369,11.896,11.906,541012,0
2015-01-21,11.799,12.195,11.799,12.176,582665,0
2015-01-22,11.896,12.079,11.848,12.011,622933,0
2015-01-23,12.514,12.872,12.302,12.62,1927343,0
2015-01-26,12.011,12.185,11.886,12.176,601225,0
2015-01-27,11.393,11.693,11.316,11.653,604445,0
2015-01-28,10.388,10.494,10.273,10.301,2124596,0
2015-01-29,10.639,10.958,10.562,10.794,1264466,0
2015-01-30,10.794,10.794,10.088,10.146,1323757,0
2015-02-02,10.823,11.354,10.727,11.335,1175506,0
2015-02-03,12.176,13.113,12.079,12.833,2503033,0
2015-02-04,12.417,12.485,11.354,11.499,1266335,0
2015-02-05,11.886,12.205,11.828,12.002,566400,0
2015-02-06,11.673,11.799,11.374,11.451,644417,0
2015-02-09,10.978,11.151,10.881,11.026,1160614,0
2015-02-10,11.934,12.011,11.596,11.866,1691270,0
2015-02-11,11.451,11.577,11.248,11.538,794923,0
2015-02-12,12.011,12.553,11.982,12.553,1310804,0
2015-02-13,13.055,13.22,12.852,13.19,1674785,0
2015-02-17,12.32,13.19,12.079,12.881,2540357,0
2015-02-18,12.272,12.563,12.185,12.408,1108146,0
2015-02-19,12.417,12.495,12.195,12.388,1222691,0
2015-02-20,12.311,14.099,12.157,13.635,5413411,0
2015-02-23,13.481,13.567,12.987,13.21,1456712,0
2015-02-24,13.529,13.722,13.326,13.519,1750856,0
2015-02-25,13.306,13.374,13.181,13.21,418006,0
2015-02-26,12.833,12.987,12.63,12.977,768676,0
2015-02-27,12.427,12.62,12.36,12.514,969015,0
2015-03-02,12.224,12.36,11.963,12.311,891311,0
2015-03-03,12.282,12.302,12.117,12.127,641293,0
2015-03-04,11.963,12.05,11.78,12.002,477477,0
2015-03-05,11.789,12.041,11.789,11.963,410419,0
2015-03-06,11.886,11.886,11.335,11.422,1134912,0
2015-03-09,11.161,11.209,11.064,11.074,693759,0
2015-03-10,10.938,11.074,10.92,10.968,534807,0
2015-03-11,10.862,10.862,10.581,10.784,659919,0
2015-03-12,10.687,10.727,10.484,10.707,621217,0
2015-03-13,10.398,10.427,10.214,10.321,961162,0
2015-03-16,9.982,10.33,9.982,10.291,728012,0
2015-03-17,10.562,10.581,10.369,10.466,529219,0
2015-03-18,9.982,10.291,9.915,10.195,1738123,0
2015-03-19,9.915,9.992,9.712,9.817,701106,0
2015-03-20,10.175,10.514,10.146,10.388,1338260,0
2015-03-23,10.591,10.842,10.524,10.755,876305,0
2015-03-24,11.064,11.248,10.948,11.151,938293,0
2015-03-25,11.123,11.229,10.765,10.803,504693,0
2015-03-26,10.62,10.727,10.552,10.649,322871,0
2015-03-27,10.61,10.639,10.533,10.533,406073,0
2015-03-30,10.649,10.669,10.494,10.601,444983,0
2015-03-31,10.717,10.717,10.61,10.649,298540,0
2015-04-01,10.581,10.601,10.388,10.542,398311,0
2015-04-02,10.601,10.794,10.524,10.755,313868,0
2015-04-06,11.045,11.113,10.91,10.978,417042,0
2015-04-07,10.91,10.93,10.639,10.639,314640,0
2015-04-08,10.687,10.755,10.649,10.697,217938,0
2015-04-09,10.727,10.755,10.533,10.601,591426,0
2015-04-10,10.639,10.765,10.62,10.697,284168,0
2015-04-13,10.765,10.784,10.427,10.514,345948,0
2015-04-14,10.388,10.484,10.214,10.291,608074,0
2015-04-15,10.06,10.118,9.982,10.05,770906,0
2015-04-16,10.06,10.166,9.963,10.03,525862,0
2015-04-17,9.885,10.118,9.817,10.118,685480,0
2015-04-20,9.934,9.982,9.809,9.867,937457,0
2015-04-21,9.663,9.673,9.431,9.634,1066840,0
2015-04-22,9.76,10.195,9.712,10.06,1771376,0
2015-04-23,10.088,10.263,10.002,10.185,1217701,0
2015-04-24,10.533,10.727,10.398,10.591,971511,0
2015-04-27,11.045,11.209,10.842,11.191,1654508,0
2015-04-28,11.296,11.393,11.171,11.209,1574307,0
2015-04-29,11.364,11.451,11.123,11.191,409384,0
2015-04-30,11.364,12.031,11.316,11.944,1873791,0
2015-05-01,12.109,12.147,11.886,12.05,617594,0
2015-05-04,11.751,11.838,11.48,11.509,1358543,0
2015-05-05,11.316,11.384,11.093,11.093,975754,0
2015-05-06,11.605,12.011,11.548,11.992,904482,0
2015-05-07,12.205,12.36,12.137,12.311,1331041,0
2015-05-08,12.137,12.33,12.079,12.224,651951,0
2015-05-11,11.587,11.856,11.47,11.731,858196,0
2015-05-12,11.818,12.05,11.818,11.886,363644,0
2015-05-13,12.137,12.292,11.838,11.848,569061,0
2015-05-14,12.33,12.369,12.069,12.272,1409767,0
2015-05-15,12.021,12.041,11.848,12.002,723383,0
2015-05-18,11.645,12.166,11.596,12.05,789957,0
2015-05-19,12.147,12.34,12.099,12.117,1082757,0
2015-05-20,12.109,12.166,11.944,12.137,586135,0
2015-05-21,12.157,12.205,12.002,12.166,729772,0
2015-05-22,11.954,12.011,11.896,11.934,489378,0
2015-05-26,11.625,11.663,11.141,11.181,1432289,0
2015-05-27,11.548,12.176,11.442,12.109,1368891,0
2015-05-28,11.992,12.011,11.702,11.963,654483,0
2015-05-29,11.828,11.886,11.683,11.77,621113,0
2015-06-01,11.818,12.089,11.519,11.789,468361,0
2015-06-02,11.731,12.137,11.519,12.079,1515672,0
2015-06-03,12.109,12.35,11.973,12.33,1259612,0
2015-06-04,12.069,12.166,11.596,11.605,1077065,0
2015-06-05,11.384,11.432,11.151,11.354,841327,0
2015-06-08,11.287,11.335,10.948,10.996,579513,0
2015-06-09,11.191,11.345,11.084,11.132,377368,0
2015-06-10,11.258,11.799,11.074,11.615,1076102,0
2015-06-11,12.031,12.079,11.557,11.741,1037435,0
2015-06-12,11.267,11.49,11.171,11.393,872373,0
2015-06-15,10.717,10.958,10.436,10.659,1562303,0
2015-06-16,10.407,10.407,10.175,10.195,1403973,0
2015-06-17,10.263,10.33,9.915,10.214,1831052,0
2015-06-18,10.349,11.074,10.195,10.224,1415873,0
2015-06-19,10.504,10.813,10.359,10.727,1692590,0
2015-06-22,11.006,11.78,10.996,11.615,3080522,0
2015-06-23,11.538,11.906,11.538,11.731,2136395,0
2015-06-24,11.335,11.567,11.277,11.422,1606077,0
2015-06-25,11.509,11.673,11.374,11.538,799313,0
2015-06-26,11.721,11.838,11.026,11.384,2057372,0
2015-06-29,9.624,9.731,9.1028,9.1705,6470463,0
2015-06-30,9.663,9.895,9.4026,9.721,3315560,0
2015-07-01,10.649,11.016,9.817,10.291,4587875,0
2015-07-02,10.34,10.484,10.012,10.484,2116669,0
2015-07-06,9.528,10.06,9.431,9.702,4431097,0
2015-07-07,9.576,9.992,9.2284,9.847,2703218,0
2015-07-08,9.702,9.817,9.2961,9.3545,2016910,0
2015-07-09,9.702,10.146,9.528,9.963,2748648,0
2015-07-10,10.871,10.938,10.33,10.881,4461314,0
2015-07-13,11.451,11.46,10.214,10.407,4871526,0
2015-07-14,10.33,10.359,9.4212,9.4889,3772443,0
2015-07-15,9.779,10.572,9.692,10.446,2975559,0
2015-07-16,10.735,10.862,10.321,10.436,1855992,0
2015-07-17,10.378,10.398,9.809,9.992,1075823,0
2015-07-20,10.012,10.127,9.566,9.596,1373444,0
2015-07-21,9.663,9.789,9.566,9.702,819596,0
2015-07-22,9.741,9.876,9.712,9.731,543293,0
2015-07-23,9.895,10.03,9.712,9.712,460195,0
2015-07-24,9.857,9.876,9.383,9.4212,940051,0
2015-07-27,9.2477,9.3634,8.9096,9.0159,1415149,0
2015-07-28,9.1222,9.3634,9.0738,9.3349,701727,0
2015-07-29,9.3447,9.3634,9.2477,9.3058,289963,0
2015-07-30,9.3058,9.3251,9.0932,9.1995,715387,0
2015-07-31,9.3447,9.4408,9.2091,9.4408,630116,0
2015-08-03,9.4605,9.615,9.1802,9.1898,1515245,0
2015-08-04,9.3447,9.4212,9.0932,9.3058,1162440,0
2015-08-05,9.1318,9.1898,8.8999,9.0062,1408629,0
2015-08-06,9.3154,9.3251,9.1705,9.2284,734818,0
2015-08-07,9.4507,9.4507,9.1415,9.2381,658264,0
2015-08-10,9.606,9.837,9.528,9.809,1480654,0
2015-08-11,9.944,10.108,9.905,9.963,1206785,0
2015-08-12,9.934,9.934,9.644,9.876,846709,0
2015-08-13,9.867,9.867,9.615,9.712,667474,0
2015-08-14,9.799,9.799,9.4703,9.663,835533,0
2015-08-17,9.817,9.867,9.683,9.809,422009,0
2015-08-18,9.692,9.769,9.663,9.712,300415,0
2015-08-19,9.702,9.712,9.4801,9.596,452433,0
2015-08-20,9.4703,9.518,9.3058,9.3349,644294,0
2015-08-21,9.1995,9.2768,8.9385,9.0835,871235,0
2015-08-24,8.3297,8.9869,7.8562,8.4651,2162066,0
2015-08-25,9.2961,9.2961,8.5713,8.639,773442,0
2015-08-26,8.9482,9.0641,8.639,9.0448,936534,0
2015-08-27,9.0641,9.3251,8.9675,9.2574,834601,0
2015-08-28,9.3447,9.3447,9.0835,9.1802,278994,0
2015-08-31,9.0835,9.0835,8.8902,8.8902,320594,0
2015-09-01,8.7549,8.8419,8.6487,8.726,550122,0
2015-09-02,8.7453,9.0932,8.7453,9.0835,441671,0
2015-09-03,9.2188,9.2961,9.1125,9.1511,565956,0
2015-09-04,9.1511,9.1511,8.9675,9.0255,568336,0
2015-09-08,9.3732,9.634,9.3732,9.606,909213,0
2015-09-09,9.634,9.634,9.2381,9.2671,410936,0
2015-09-10,9.4987,9.741,9.383,9.741,506790,0
2015-09-11,9.663,9.885,9.606,9.827,423147,0
2015-09-14,9.624,9.837,9.4801,9.817,857782,0
2015-09-15,9.731,9.857,9.712,9.847,366438,0
2015-09-16,9.876,10.214,9.876,10.156,723355,0
2015-09-17,9.982,10.175,9.982,10.012,444663,0
2015-09-18,9.963,10.388,9.915,10.205,795381,0
2015-09-21,10.137,10.137,9.817,9.817,642017,0
2015-09-22,9.663,9.683,9.4703,9.538,415593,0
2015-09-23,9.4703,9.548,9.3732,9.383,243603,0
2015-09-24,9.4605,9.4605,9.2574,9.4124,231844,0
2015-09-25,9.509,9.557,9.3251,9.4026,327011,0
2015-09-28,9.2961,9.3154,8.9966,9.0062,600461,0
2015-09-29,9.0352,9.1222,9.0255,9.0448,281891,0
2015-09-30,9.2477,9.2961,8.9966,9.2865,316352,0
2015-10-01,9.0159,9.1318,8.8323,8.9869,356503,0
2015-10-02,9.0062,9.2477,8.9096,9.2091,329702,0
2015-10-05,9.3732,9.615,9.3732,9.548,431671,0
2015-10-06,9.576,9.799,9.576,9.741,649364,0
2015-10-07,9.809,9.905,9.741,9.867,379167,0
2015-10-08,9.809,10.07,9.712,10.02,507797,0
2015-10-09,9.895,10.02,9.857,9.963,267300,0
2015-10-12,10.002,10.05,9.867,9.915,261641,0
2015-10-13,9.915,9.934,9.769,9.817,482341,0
2015-10-14,9.827,9.905,9.673,9.721,156055,0
2015-10-15,10.118,10.214,9.992,10.185,704521,0
2015-10-16,10.07,10.166,10.07,10.118,683204,0
2015-10-19,9.963,10.127,9.963,10.002,173543,0
2015-10-20,10.04,10.166,10.04,10.156,391202,0
2015-10-21,10.205,10.514,10.205,10.466,1460681,0
2015-10-22,10.34,10.601,10.195,10.533,842466,0
2015-10-23,10.33,10.378,10.233,10.369,330529,0
2015-10-26,10.301,10.359,10.175,10.321,202933,0
2015-10-27,10.398,10.494,10.321,10.378,224871,0
2015-10-28,10.417,10.475,10.273,10.33,211728,0
2015-10-29,10.281,10.281,10.078,10.214,186996,0
2015-10-30,10.002,10.146,9.924,10.146,357745,0
2015-11-02,10.34,10.542,10.243,10.533,464996,0
2015-11-03,10.291,10.62,10.281,10.504,241947,0
2015-11-04,10.127,10.224,9.953,10.002,516238,0
2015-11-05,9.799,9.799,9.548,9.548,895346,0
2015-11-06,9.509,9.518,9.2574,9.3545,685998,0
2015-11-09,9.4507,9.4703,9.2284,9.2574,706480,0
2015-11-10,9.1608,9.2574,9.1125,9.1995,432978,0
2015-11-11,9.1898,9.2284,9.1028,9.1608,218352,0
2015-11-12,9.0641,9.0835,8.9579,9.0159,578271,0
2015-11-13,8.9579,8.9675,8.7936,8.8709,1124875,0
2015-11-16,8.8323,9.0062,8.7646,9.0062,373579,0
2015-11-17,8.9869,9.0738,8.8612,9.0159,1402420,0
2015-11-18,9.0159,9.2574,9.0159,9.1415,1164510,0
2015-11-19,9.1222,9.2381,9.0738,9.1802,1044261,0
2015-11-20,9.0352,9.0448,8.7549,8.7839,1013733,0
2015-11-23,8.6873,8.7936,8.6294,8.726,281684,0
2015-11-24,8.6969,8.7646,8.6487,8.726,335186,0
2015-11-25,8.7163,8.726,8.61,8.6197,421802,0
2015-11-27,8.726,8.726,8.61,8.61,138151,0
2015-11-30,8.5037,8.6003,8.3104,8.4167,1202798,0
2015-12-01,8.4747,8.61,8.4554,8.5037,334390,0
2015-12-02,8.494,8.494,8.2525,8.2911,671572,0
2015-12-03,8.3297,8.407,8.1268,8.2622,829108,0
2015-12-04,8.1945,8.3104,8.1268,8.2815,282202,0
2015-12-07,8.1461,8.2718,8.1268,8.2525,315006,0
2015-12-08,7.9625,7.9916,7.8853,7.9723,580165,0
2015-12-09,7.7789,7.8176,7.7017,7.7983,528908,0
2015-12-10,7.8466,7.9336,7.8273,7.8853,1026461,0
2015-12-11,7.7693,7.9239,7.7693,7.8273,505521,0
2015-12-14,7.75,7.8273,7.7017,7.7789,359663,0
2015-12-15,7.7693,7.7887,7.6823,7.6919,419732,0
2015-12-16,7.9046,8.0495,7.8853,8.0398,374509,0
2015-12-17,8.0689,8.0882,7.9723,8.0109,1052125,0
2015-12-18,8.0205,8.1268,7.8755,8.0495,415593,0
2015-12-21,8.0012,8.1075,7.9625,8.0012,201691,0
2015-12-22,8.0591,8.0591,7.9723,8.0495,89678,0
2015-12-23,7.9819,8.0495,7.9239,7.9819,300932,0
2015-12-24,7.9625,7.9964,7.8562,7.9143,254018,0
2015-12-28,7.808,8.0012,7.808,7.9529,250943,0
2015-12-29,7.954,8.0227,7.9442,7.9834,350144,0
2015-12-30,7.905,7.9932,7.8167,7.8167,411838,0
2015-12-31,7.9442,8.003,7.8069,7.8069,439018,0
2016-01-04,7.905,7.905,7.7579,7.905,205152,0
2016-01-05,7.7677,7.8069,7.7088,7.7186,158376,0
2016-01-06,7.6009,7.6219,7.4734,7.4832,397265,0
2016-01-07,7.3754,7.3999,7.189,7.1988,693364,0
2016-01-08,7.3754,7.3754,7.0654,7.1204,401410,0
2016-01-11,7.3557,7.444,7.1792,7.2282,430485,0
2016-01-12,7.3557,7.4342,7.3166,7.3754,114296,0
2016-01-13,7.3754,7.3901,7.1498,7.189,391492,0
2016-01-14,7.189,7.3165,7.189,7.3165,259630,0
2016-01-15,7.0615,7.1204,6.8264,6.9634,595886,0
2016-01-19,6.8359,6.9144,6.7182,6.7771,490739,0
2016-01-20,6.4829,6.5025,6.228,6.4338,894211,0
2016-01-21,6.4632,6.4731,6.2965,6.375,148594,0
2016-01-22,6.5613,6.6006,6.4436,6.5319,493543,0
2016-01-25,6.5417,6.5417,6.4142,6.4436,179592,0
2016-01-26,6.5907,6.7281,6.5711,6.6986,307202,0
2016-01-27,6.6888,6.7967,6.6496,6.6986,213876,0
2016-01-28,6.6398,6.7574,6.5907,6.7281,262817,0
2016-01-29,6.7869,7.0615,6.6692,6.934,823025,0
2016-02-01,6.9634,7.1007,6.8851,7.0615,179007,0
2016-02-02,6.9242,6.9438,6.8065,6.8261,178574,0
2016-02-03,6.7084,6.8457,6.5319,6.7967,311700,0
2016-02-04,6.4338,6.5613,6.3161,6.4829,355889,0
2016-02-05,6.424,6.424,6.2082,6.2769,322072,0
2016-02-08,5.7865,5.9336,5.6884,5.8846,915640,0
2016-02-09,5.6394,5.8846,5.6394,5.6688,778940,0
2016-02-10,5.7669,5.8159,5.5315,5.5609,567634,0
2016-02-11,5.5021,5.6296,5.4532,5.5707,548094,0
2016-02-12,5.6982,5.7473,5.6982,5.7473,357264,0
2016-02-16,6.12,6.2279,6.0906,6.1298,497203,0
2016-02-17,6.2475,6.3652,6.2082,6.3063,458604,0
2016-02-18,6.2867,6.3358,6.1886,6.2671,318957,0
2016-02-19,6.0807,6.1288,5.9827,6.0415,164408,0
2016-02-22,6.1102,6.1494,6.0034,6.0906,318398,0
2016-02-23,6.1298,6.1396,6.0219,6.0415,101580,0
2016-02-24,5.9042,5.9238,5.8257,5.8944,233805,0
2016-02-25,5.9925,6.0415,5.9238,6.0023,109470,0
2016-02-26,6.1396,6.2965,6.1396,6.1592,356080,0
2016-02-29,6.2769,6.3652,6.2573,6.3259,223683,0
2016-03-01,6.3259,6.5024,6.3161,6.4731,182329,0
2016-03-02,6.6202,6.7673,6.576,6.7477,350495,0
2016-03-03,6.8065,6.9929,6.8065,6.983,475813,0
2016-03-04,7.0223,7.0807,6.9732,6.9831,418011,0
2016-03-07,6.8065,7.2871,6.8065,7.2577,576529,0
2016-03-08,7.2282,7.2479,7.0811,7.1106,278826,0
2016-03-09,6.9732,6.9929,6.8359,6.9242,170721,0
2016-03-10,7.0713,7.2282,6.9536,7.1007,727768,0
2016-03-11,7.2871,7.3082,7.1694,7.2871,281231,0
2016-03-14,7.3165,7.3165,7.2086,7.238,127369,0
2016-03-15,7.3067,7.4048,7.2577,7.3852,366391,0
2016-03-16,7.1792,7.4244,7.1007,7.4048,297968,0
2016-03-17,7.2871,7.3754,7.2675,7.3361,261562,0
2016-03-18,7.2773,7.2773,7.037,7.1302,749159,0
2016-03-21,6.9831,7.0125,6.885,6.9046,308371,0
2016-03-22,6.8752,6.9634,6.7967,6.8457,236466,0
2016-03-23,6.9929,7.1007,6.8262,6.8457,270165,0
2016-03-24,6.8654,7.0027,6.8654,6.9144,265717,0
2016-03-28,7.0223,7.1095,6.9448,7.0027,99635,0
2016-03-29,7.1498,7.3361,7.1302,7.3067,419389,0
2016-03-30,7.395,7.4715,7.3562,7.395,302980,0
2016-03-31,7.3067,7.5127,7.3067,7.3852,237400,0
2016-04-01,7.3165,7.4538,7.238,7.4538,222702,0
2016-04-04,7.2969,7.2969,7.14,7.14,281259,0
2016-04-05,7.0909,7.1135,7.0321,7.0517,268105,0
2016-04-06,7.0909,7.14,6.9831,7.1302,265128,0
2016-04-07,7.0517,7.0517,6.8752,6.9144,278994,0
2016-04-08,7.1204,7.1792,7.0321,7.0419,343234,0
2016-04-11,7.1596,7.2282,7.1204,7.1302,200625,0
2016-04-12,7.0223,7.1498,7.0125,7.1204,201976,0
2016-04-13,6.9536,7.0419,6.9144,7.0321,183125,0
2016-04-14,6.9242,7.0615,6.9242,7.0419,174849,0
2016-04-15,7.4048,7.4783,7.3361,7.3557,501814,0
2016-04-18,7.3655,7.4832,7.3557,7.4636,237736,0
2016-04-19,7.5323,7.6009,7.5029,7.5679,374618,0
2016-04-20,7.6009,7.6402,7.5323,7.6009,696097,0
2016-04-21,7.699,7.9442,7.699,7.8952,440051,0
2016-04-22,7.9442,8.0913,7.8952,8.0913,551502,0
2016-04-25,8.0129,8.0129,7.8658,7.9148,351366,0
2016-04-26,7.9736,7.9736,7.8069,7.8657,476308,0
2016-04-27,7.6598,7.6794,7.5617,7.5911,604088,0
2016-04-28,7.5813,7.6304,7.493,7.5029,778731,0
2016-04-29,7.5029,7.699,7.5029,7.699,789769,0
2016-05-02,7.6892,7.7284,7.5836,7.6892,267605,0
2016-05-03,7.6009,7.6205,7.4234,7.4244,264405,0
2016-05-04,7.6598,7.8167,7.6205,7.65,813199,0
2016-05-05,7.8952,7.9627,7.8559,7.8952,514558,0
2016-05-06,8.0227,8.1011,7.9211,7.9638,361284,0
2016-05-09,7.954,8.2188,7.954,8.1894,1624923,0
2016-05-10,8.415,8.4444,8.2875,8.3463,1217269,0
2016-05-11,8.3267,8.3453,8.2384,8.2679,362437,0
2016-05-12,8.4542,8.513,8.2973,8.3561,373875,0
2016-05-13,8.3071,8.3169,8.0423,8.1011,390969,0
2016-05-16,8.2188,8.2188,8.1305,8.1894,364653,0
2016-05-17,8.2777,8.3954,8.2286,8.3169,415849,0
2016-05-18,8.2482,8.4052,8.2482,8.3071,393430,0
2016-05-19,8.2384,8.2428,8.1207,8.209,278384,0
2016-05-20,8.4248,8.513,8.415,8.513,801960,0
2016-05-23,8.7288,8.8857,8.6307,8.8563,1804426,0
2016-05-24,8.6602,8.7803,8.5327,8.7779,1799994,0
2016-05-25,8.5327,8.6013,8.4346,8.5032,1384958,0
2016-05-26,8.5523,8.6111,8.4738,8.5327,439316,0
2016-05-27,8.5425,8.5425,8.2875,8.3365,747354,0
2016-05-31,8.5621,8.6208,8.1894,8.2482,1301906,0
2016-06-01,8.3267,8.415,8.258,8.3561,353976,0
2016-06-02,8.2482,8.3071,8.16,8.258,547057,0
2016-06-03,8.4346,8.5229,8.4052,8.4921,1072255,0
2016-06-06,8.5229,8.5719,8.3855,8.5032,391339,0
2016-06-07,8.5327,8.768,8.5327,8.6798,830944,0
2016-06-08,8.6209,8.6602,8.5425,8.5523,468615,0
2016-06-09,8.5229,8.5327,8.4052,8.4934,409724,0
2016-06-10,8.16,8.16,7.8561,7.8903,2814482,0
2016-06-13,7.6794,7.6794,7.4538,7.4832,765238,0
2016-06-14,7.493,7.5519,7.3067,7.395,582829,0
2016-06-15,7.3655,7.3655,7.2282,7.2675,459539,0
2016-06-16,6.9634,7.1204,6.8359,7.0909,671022,0
2016-06-17,7.3361,7.4734,7.3165,7.4244,339058,0
2016-06-20,7.7088,7.8559,7.6794,7.8069,1361173,0
2016-06-21,7.8559,7.8657,7.7481,7.8069,227181,0
2016-06-22,7.8069,7.9342,7.748,7.7677,702246,0
2016-06-23,8.0717,8.1649,7.9638,8.1316,490461,0
2016-06-24,6.7379,6.8948,6.5319,6.8016,2009848,0
2016-06-27,6.5515,6.5711,6.2475,6.2867,1691592,0
2016-06-28,6.679,6.7476,6.5809,6.7084,561066,0
2016-06-29,6.7575,6.7966,6.679,6.7771,547800,0
2016-06-30,6.8163,7.0713,6.6398,7.0615,812067,0
2016-07-01,6.7869,6.9634,6.7771,6.9043,553657,0
2016-07-05,6.5809,6.6251,6.4045,6.4829,473924,0
2016-07-06,6.4142,6.6496,6.4142,6.6398,179598,0
2016-07-07,6.6202,6.6398,6.4731,6.5613,275183,0
2016-07-08,6.63,6.7477,6.63,6.7477,247445,0
2016-07-11,6.7673,6.9144,6.7673,6.8752,285593,0
2016-07-12,7.0125,7.0615,6.9242,7.0517,375276,0
2016-07-13,7.1007,7.2086,7.0909,7.1498,634815,0
2016-07-14,7.2086,7.238,7.1204,7.2086,334364,0
2016-07-15,7.1106,7.1302,7.0125,7.0517,301948,0
2016-07-18,6.9929,7.1547,6.9732,7.1204,249719,0
2016-07-19,7.1498,7.1586,7.0909,7.1204,135587,0
2016-07-20,7.1498,7.2086,7.1282,7.189,193431,0
2016-07-21,7.1694,7.189,7.1302,7.1596,102430,0
2016-07-22,7.1302,7.2086,7.1302,7.2086,81513,0
2016-07-25,7.14,7.2282,7.1223,7.1351,591011,0
2016-07-26,7.0811,7.1596,7.0811,7.14,93471,0
2016-07-27,7.1302,7.1939,7.042,7.1792,124618,0
2016-07-28,7.1204,7.14,7.0125,7.0985,191638,0
2016-07-29,7.1596,7.3754,7.1204,7.3655,351017,0
2016-08-01,7.2969,7.3655,7.1792,7.189,238859,0
2016-08-02,7.0125,7.0223,6.8844,6.9929,293934,0
2016-08-03,6.8752,7.0125,6.8359,7.0027,186528,0
2016-08-04,7.0125,7.0615,6.9831,7.0125,139748,0
2016-08-05,7.0125,7.1106,6.9978,7.0713,147163,0
2016-08-08,7.0615,7.1302,7.0125,7.0517,291118,0
2016-08-09,7.0615,7.1204,7.0126,7.1007,202856,0
2016-08-10,7.14,7.1498,7.0734,7.1007,203975,0
2016-08-11,7.0615,7.2282,7.0125,7.1792,207162,0
2016-08-12,7.1596,7.2184,7.14,7.1694,75278,0
2016-08-15,7.1596,7.2577,7.1596,7.2184,159874,0
2016-08-16,7.2184,7.2866,7.2086,7.2282,224919,0
2016-08-17,7.1988,7.2969,7.1205,7.2184,81610,0
2016-08-18,7.2479,7.3067,6.9536,7.2577,135263,0
2016-08-19,7.2479,7.3066,7.1499,7.2577,85524,0
2016-08-22,7.238,7.238,7.1694,7.1694,91258,0
2016-08-23,7.2577,7.3067,7.1949,7.1988,80617,0
2016-08-24,7.238,7.2577,7.1694,7.2184,125454,0
2016-08-25,7.2086,7.2282,7.14,7.189,228290,0
2016-08-26,7.14,7.2969,7.0125,7.0615,203945,0
2016-08-29,6.9929,7.0811,6.9732,7.0223,159390,0
2016-08-30,7.0027,7.0615,6.9781,6.9844,109932,0
2016-08-31,7.238,7.2871,7.1182,7.1988,273581,0
2016-09-01,7.2282,7.3459,7.2002,7.3459,481064,0
2016-09-02,7.3557,7.5223,7.3551,7.4734,448446,0
2016-09-06,7.3557,7.395,7.2675,7.3852,385076,0
2016-09-07,7.2871,7.3459,7.2577,7.3361,73510,0
2016-09-08,7.3165,7.3754,7.2871,7.3557,137025,0
2016-09-09,7.2479,7.2479,7.0223,7.0517,199337,0
2016-09-12,7.0223,7.1106,6.9732,7.0811,320292,0
2016-09-13,7.0419,7.0507,6.8654,6.8752,372644,0
2016-09-14,6.9438,6.9495,6.8654,6.8654,170940,0
2016-09-15,6.8654,6.8752,6.7673,6.8556,368569,0
2016-09-16,6.8556,6.8948,6.8065,6.8654,143671,0
2016-09-19,6.885,6.9536,6.8448,6.8457,167524,0
2016-09-20,6.885,6.9438,6.8556,6.8556,179794,0
2016-09-21,6.9144,7.0909,6.9046,7.0027,210962,0
2016-09-22,7.1694,7.2086,7.0909,7.0909,252099,0
2016-09-23,7.1596,7.2184,7.1101,7.1302,78280,0
2016-09-26,7.0223,7.0909,6.9732,7.0223,147475,0
2016-09-27,6.9929,7.0419,6.9242,7.0223,118162,0
2016-09-28,7.0027,7.0615,6.9242,7.0223,111394,0
2016-09-29,6.9929,7.0811,6.8654,6.8654,171824,0
2016-09-30,6.9144,7.0615,6.9144,7.0419,252905,0
2016-10-03,7.0517,7.1007,6.9634,7.0615,220558,0
2016-10-04,7.1106,7.2066,7.0419,7.0713,161548,0
2016-10-05,7.0909,7.1694,7.0517,7.1301,98993,0
2016-10-06,7.0713,7.1302,7.0419,7.0517,382898,0
2016-10-07,7.1204,7.1849,7.0811,7.1498,155355,0
2016-10-10,7.2479,7.3263,7.2282,7.2626,321282,0
2016-10-11,7.2577,7.2871,7.1351,7.1792,168298,0
2016-10-12,7.1792,7.2184,7.1596,7.1988,78316,0
2016-10-13,7.1007,7.2576,7.0615,7.238,149740,0
2016-10-14,7.2577,7.3067,7.14,7.1792,116453,0
2016-10-17,7.14,7.2086,7.0909,7.1106,229892,0
2016-10-18,7.2184,7.3263,7.189,7.3164,185325,0
2016-10-19,7.2773,7.3361,7.2469,7.3165,87413,0
2016-10-20,7.2479,7.3459,7.2086,7.3165,238938,0
2016-10-21,7.2969,7.2969,7.2086,7.2968,63260,0
2016-10-24,7.2871,7.2871,7.14,7.189,158572,0
2016-10-25,7.1596,7.1694,7.0811,7.1204,157105,0
2016-10-26,7.1106,7.1988,7.1106,7.1988,91360,0
2016-10-27,7.1498,7.1792,7.1007,7.1694,77740,0
2016-10-28,7.1988,7.2282,7.1106,7.1498,46222,0
2016-10-31,7.1106,7.2086,7.1007,7.14,231822,0
2016-11-01,7.1007,7.2184,7.0125,7.0321,270941,0
2016-11-02,7.1204,7.1988,7.0615,7.189,155928,0
2016-11-03,7.1302,7.14,7.0321,7.0615,111146,0
2016-11-04,7.1007,7.1007,6.9831,6.9929,368244,0
2016-11-07,7.238,7.238,7.0713,7.2184,266243,0
2016-11-08,7.1792,7.3557,7.1302,7.2969,295858,0
2016-11-09,7.1498,7.2773,7.0713,7.2282,340693,0
2016-11-10,7.2184,7.2764,7.0811,7.1106,331686,0
2016-11-11,7.1106,7.2184,7.0468,7.0909,740560,0
2016-11-14,7.0419,7.1204,6.9929,7.0321,241581,0
2016-11-15,6.9929,7.1498,6.9831,7.14,202600,0
2016-11-16,7.14,7.3068,7.14,7.2468,388017,0
2016-11-17,7.3165,7.4636,7.3067,7.3754,675605,0
2016-11-18,7.5421,7.5813,7.4147,7.4832,256035,0
2016-11-21,7.5715,7.7186,7.5715,7.699,1569303,0
2016-11-22,7.8461,7.93,7.7677,7.8952,522396,0
2016-11-23,7.8461,7.905,7.7579,7.8657,259107,0
2016-11-25,7.7677,7.7775,7.7088,7.7677,485311,0
2016-11-28,7.5421,7.5421,7.4048,7.444,459818,0
2016-11-29,7.4636,7.65,7.4636,7.6402,254668,0
2016-11-30,7.7677,7.8608,7.7319,7.7775,1902491,0
2016-12-01,7.748,7.748,7.65,7.7186,543952,0
2016-12-02,7.748,7.7677,7.699,7.7382,444970,0
2016-12-05,7.8363,7.8952,7.7972,7.8854,618061,0
2016-12-06,7.8559,7.9638,7.8069,7.9442,335457,0
2016-12-07,8.0423,8.2679,8.0423,8.2679,653311,0
2016-12-08,8.1796,8.2286,8.0521,8.1502,589980,0
2016-12-09,7.9638,8.0815,7.9442,8.0815,323310,0
2016-12-12,8.1011,8.1011,8.003,8.0423,448264,0
2016-12-13,8.003,8.0619,7.9834,8.0129,356288,0
2016-12-14,7.8461,7.8559,7.5421,7.5519,699690,0
2016-12-15,7.4244,7.5127,7.3754,7.444,526969,0
2016-12-16,7.6696,7.7872,7.65,7.65,328221,0
2016-12-19,7.6402,7.6892,7.4146,7.4146,455051,0
2016-12-20,7.5029,7.5617,7.4832,7.5029,185481,0
2016-12-21,7.6107,7.7382,7.6107,7.6794,266345,0
2016-12-22,7.65,7.6794,7.6156,7.6205,309421,0
2016-12-23,7.6794,7.6794,7.6009,7.6107,118262,0
2016-12-27,7.7677,7.7775,7.6696,7.748,296589,0
2016-12-28,7.7,7.8,7.62,7.7,169081,0
2016-12-29,7.68,7.79,7.68,7.7,310366,0
2016-12-30,7.82,7.88,7.764,7.79,716970,0
2017-01-03,7.9,8.05,7.89,8.04,605013,0
2017-01-04,8.06,8.17,8.02,8.15,377943,0
2017-01-05,8.11,8.18,8.05,8.18,329967,0
2017-01-06,8.14,8.18,8.04,8.17,227273,0
2017-01-09,8.11,8.15,8.01,8.135,173006,0
2017-01-10,8.14,8.14,8.05,8.07,311454,0
2017-01-11,8.053,8.15,8.01,8.15,253542,0
2017-01-12,8.2,8.29,8.16,8.2,359861,0
2017-01-13,8.08,8.1001,8.01,8.04,357171,0
2017-01-17,8,8,7.93,7.95,203429,0
2017-01-18,7.93,7.9712,7.9,7.97,143534,0
2017-01-19,7.82,7.8601,7.77,7.82,342163,0
2017-01-20,7.83,7.93,7.83,7.91,238690,0
2017-01-23,7.88,7.94,7.83,7.9,583015,0
2017-01-24,7.99,8.11,7.96,8.08,375267,0
2017-01-25,8.16,8.25,8.16,8.24,439222,0
2017-01-26,8.27,8.27,8.12,8.18,225770,0
2017-01-27,7.98,8,7.87,7.91,235466,0
2017-01-30,7.7,7.7,7.55,7.615,546249,0
2017-01-31,7.58,7.69,7.52,7.57,633541,0
2017-02-01,7.67,7.7,7.57,7.64,295996,0
2017-02-02,7.71,7.8,7.7,7.73,609233,0
2017-02-03,7.75,7.928,7.75,7.88,802664,0
2017-02-06,7.74,7.763,7.65,7.7,413275,0
2017-02-07,7.72,7.72,7.6,7.63,273260,0
2017-02-08,7.48,7.52,7.4,7.43,773247,0
2017-02-09,7.49,7.5,7.41,7.45,384422,0
2017-02-10,7.6,7.72,7.58,7.63,456303,0
2017-02-13,7.61,7.63,7.54,7.58,212134,0
2017-02-14,7.63,7.7,7.61,7.67,344770,0
2017-02-15,7.58,7.6,7.52,7.565,230782,0
2017-02-16,7.57,7.66,7.57,7.59,537547,0
2017-02-17,7.63,7.73,7.63,7.72,319560,0
2017-02-21,7.79,7.9,7.79,7.86,585092,0
2017-02-22,7.78,7.83,7.71,7.77,267928,0
2017-02-23,7.74,7.82,7.74,7.76,154813,0
2017-02-24,7.75,7.78,7.7,7.71,579469,0
2017-02-27,7.76,7.78,7.7102,7.77,227012,0
2017-02-28,7.78,7.81,7.7,7.71,369043,0
2017-03-01,7.81,7.95,7.8,7.9048,246356,0
2017-03-02,7.9,7.92,7.81,7.82,268215,0
2017-03-03,7.82,7.85,7.785,7.85,205091,0
2017-03-06,7.75,7.8,7.7,7.76,183285,0
2017-03-07,7.74,7.78,7.71,7.76,168394,0
2017-03-08,7.81,7.84,7.73,7.76,185460,0
2017-03-09,7.76,7.83,7.75,7.76,155132,0
2017-03-10,7.81,7.9,7.799,7.9,253268,0
2017-03-13,7.88,7.94,7.85,7.91,349011,0
2017-03-14,7.77,7.79,7.62,7.75,334028,0
2017-03-15,7.69,7.75,7.611,7.72,155328,0
2017-03-16,7.8,7.81,7.72,7.74,166279,0
2017-03-17,7.84,7.9,7.805,7.87,338487,0
2017-03-20,7.87,7.89,7.8,7.82,215123,0
2017-03-21,7.88,7.89,7.72,7.72,223486,0
2017-03-22,7.72,7.78,7.7,7.76,160616,0
2017-03-23,7.76,7.7993,7.73,7.73,134120,0
2017-03-24,7.72,7.74,7.66,7.69,162007,0
2017-03-27,7.89,7.94,7.85,7.9,284279,0
2017-03-28,8.03,8.15,8.02,8.15,451353,0
2017-03-29,8.14,8.14,8.08,8.11,220185,0
2017-03-30,8.1,8.17,8.09,8.11,407111,0
2017-03-31,8.04,8.1,7.95,7.96,627599,0
2017-04-03,8,8.04,7.96,8,532797,0
2017-04-04,8.06,8.1,7.98,8.04,175145,0
2017-04-05,8.07,8.09,7.99,7.99,280722,0
2017-04-06,8.05,8.0601,8,8.04,233666,0
2017-04-07,8.16,8.2,8.13,8.19,545947,0
2017-04-10,8.15,8.18,8.0778,8.15,423313,0
2017-04-11,8.15,8.15,8.05,8.14,253702,0
2017-04-12,8.13,8.18,8.1,8.17,280317,0
2017-04-13,8.14,8.15,8.01,8.03,196126,0
2017-04-17,8.03,8.14,8.03,8.07,255832,0
2017-04-18,8.03,8.04,7.93,7.98,279798,0
2017-04-19,8.07,8.12,7.97,7.98,341500,0
2017-04-20,8.02,8.12,8,8.02,303121,0
2017-04-21,7.98,7.98,7.89,7.92,206003,0
2017-04-24,8.17,8.26,8.09,8.25,430266,0
2017-04-25,8.38,8.48,8.36,8.47,863458,0
2017-04-26,8.47,8.56,8.46,8.53,368894,0
2017-04-27,8.53,8.53,8.4489,8.47,328024,0
2017-04-28,8.55,8.6,8.48,8.57,638086,0
2017-05-01,8.62,8.7,8.57,8.68,528190,0
2017-05-02,8.83,9.02,8.83,9.01,1110617,0
2017-05-03,9.02,9.25,9.01,9.23,1339931,0
2017-05-04,9.22,9.25,9.1,9.25,1000313,0
2017-05-05,9.2,9.48,9.18,9.47,1168058,0
2017-05-08,9.39,9.4,9.27,9.29,911753,0
2017-05-09,9.4,9.47,9.33,9.42,1394735,0
2017-05-10,9.54,9.71,9.515,9.64,1424283,0
2017-05-11,9.72,9.72,9.63,9.69,716447,0
2017-05-12,9.62,9.63,9.55,9.56,566718,0
2017-05-15,9.58,9.62,9.52,9.57,413022,0
2017-05-16,9.65,9.75,9.62,9.73,1182019,0
2017-05-17,9.8,9.825,9.35,9.45,1350524,0
2017-05-18,9.54,9.62,9.49,9.55,625209,0
2017-05-19,9.59,9.67,9.57,9.61,497836,0
2017-05-22,9.6,9.75,9.6,9.74,470949,0
2017-05-23,9.7,9.76,9.65,9.69,563109,0
2017-05-24,9.48,9.51,9.3,9.4,713581,0
2017-05-25,9.4,9.5,9.33,9.38,476727,0
2017-05-26,9.44,9.51,9.3762,9.5,459152,0
2017-05-30,9.48,9.5,9.38,9.43,529274,0
2017-05-31,9.4,9.4,9.23,9.23,1244840,0
2017-06-01,9.41,9.56,9.41,9.54,596026,0
2017-06-02,9.57,9.77,9.56,9.76,1264547,0
2017-06-05,9.72,9.745,9.64,9.67,588310,0
2017-06-06,9.56,9.56,9.41,9.44,554452,0
2017-06-07,9.43,9.44,9.29,9.35,363191,0
2017-06-08,9.38,9.47,9.3799,9.45,257594,0
2017-06-09,9.45,9.51,9.397,9.48,556868,0
2017-06-12,9.5,9.57,9.47,9.56,452171,0
2017-06-13,9.66,9.84,9.66,9.81,769671,0
2017-06-14,9.81,9.84,9.6703,9.75,817371,0
2017-06-15,9.65,9.85,9.47,9.85,685436,0
2017-06-16,9.83,9.925,9.78,9.9,3357898,0
2017-06-19,10.02,10.05,9.945,9.97,1044324,0
2017-06-20,9.96,10,9.82,9.85,413381,0
2017-06-21,9.84,9.88,9.795,9.82,328494,0
2017-06-22,9.73,9.83,9.68,9.75,388603,0
2017-06-23,9.77,9.9101,9.75,9.9,354909,0
2017-06-26,9.98,9.99,9.84,9.87,728867,0
2017-06-27,9.93,10.06,9.93,9.98,379841,0
2017-06-28,9.98,10.16,9.98,10.15,450172,0
2017-06-29,10.19,10.19,10.01,10.05,471942,0
2017-06-30,10.11,10.2,10.09,10.11,1314340,0
2017-07-03,10.15,10.24,10.144,10.22,401369,0
2017-07-05,10.28,10.35,10.25,10.34,676192,0
2017-07-06,10.39,10.52,10.34,10.45,1117174,0
2017-07-07,10.36,10.4,10.31,10.36,453161,0
2017-07-10,10.4,10.4511,10.4,10.43,312025,0
2017-07-11,10.43,10.54,10.4,10.54,281199,0
2017-07-12,10.45,10.64,10.45,10.57,991848,0
2017-07-13,10.65,10.67,10.5916,10.67,338592,0
2017-07-14,10.74,10.75,10.64,10.74,419649,0
2017-07-17,10.74,10.77,10.685,10.71,472152,0
2017-07-18,10.7,10.7667,10.645,10.69,291397,0
2017-07-19,10.76,10.77,10.71,10.77,176637,0
2017-07-20,10.78,10.79,10.7,10.72,345050,0
2017-07-21,10.72,10.74,10.64,10.66,648108,0
2017-07-24,10.66,10.7,10.5907,10.67,937867,0
2017-07-25,10.67,10.75,10.62,10.63,1075697,0
2017-07-26,10.55,10.605,10.42,10.6,374339,0
2017-07-27,10.5,10.5,10.18,10.2,770295,0
2017-07-28,10.3,10.43,10.23,10.4,395189,0
2017-07-31,10.34,10.34,10.17,10.18,1221933,0
2017-08-01,10.4,10.49,10.385,10.45,620978,0
2017-08-02,10.52,10.57,10.47,10.57,405608,0
2017-08-03,10.61,10.625,10.5499,10.56,319222,0
2017-08-04,10.56,10.5799,10.47,10.51,232237,0
2017-08-07,10.42,10.49,10.42,10.47,210514,0
2017-08-08,10.49,10.53,10.45,10.47,222629,0
2017-08-09,10.42,10.4695,10.405,10.44,282611,0
2017-08-10,10.39,10.44,10.22,10.23,852121,0
2017-08-11,10.25,10.34,10.25,10.31,358491,0
2017-08-14,10.4,10.45,10.37,10.4,135036,0
2017-08-15,10.36,10.42,10.29,10.42,342240,0
2017-08-16,10.49,10.53,10.43,10.49,276972,0
2017-08-17,10.37,10.43,10.26,10.28,540929,0
2017-08-18,10.25,10.39,10.2207,10.32,316399,0
2017-08-21,10.36,10.43,10.33,10.37,233845,0
2017-08-22,10.39,10.51,10.3511,10.44,550127,0
2017-08-23,10.41,10.44,10.32,10.41,134498,0
2017-08-24,10.45,10.4601,10.41,10.41,232694,0
2017-08-25,10.43,10.5893,10.41,10.585,279922,0
2017-08-28,10.55,10.74,10.54,10.67,492737,0
2017-08-29,10.48,10.56,10.31,10.52,363520,0
2017-08-30,10.49,10.49,10.27,10.31,752320,0
2017-08-31,10.24,10.3255,10.22,10.27,492483,0
2017-09-01,10.28,10.28,10.14,10.22,301753,0
2017-09-05,10.16,10.1799,9.84,9.97,841098,0
2017-09-06,10.18,10.24,10.0425,10.07,1982837,0
2017-09-07,10.25,10.27,10.2,10.23,332885,0
2017-09-08,10.24,10.24,10.07,10.14,239608,0
2017-09-11,10.19,10.2,10.12,10.16,245281,0
2017-09-12,10.16,10.22,10.1213,10.15,297691,0
2017-09-13,10.16,10.19,10.04,10.06,730652,0
2017-09-14,9.92,9.92,9.78,9.86,739301,0
2017-09-15,9.72,9.77,9.6,9.67,815100,0
2017-09-18,9.57,9.59,9.38,9.42,1088227,0
2017-09-19,9.51,9.58,9.48,9.53,559016,0
2017-09-20,9.54,9.65,9.46,9.6,811546,0
2017-09-21,9.72,9.74,9.67,9.7,308301,0
2017-09-22,9.75,9.86,9.75,9.81,307597,0
2017-09-25,9.41,9.41,9.16,9.19,1764268,0
2017-09-26,9.18,9.277,9.14,9.17,532243,0
2017-09-27,9.14,9.16,9.01,9.06,926082,0
2017-09-28,9.38,9.41,9.31,9.33,664768,0
2017-09-29,9.35,9.47,9.33,9.46,625435,0
2017-10-02,9.22,9.25,9.14,9.24,830836,0
2017-10-03,9.39,9.39,9.3,9.36,288130,0
2017-10-04,9.24,9.284,9.22,9.245,480964,0
2017-10-05,9.22,9.23,9.145,9.17,214143,0
2017-10-06,9.2,9.2033,9.13,9.18,240078,0
2017-10-09,9.25,9.28,9.22,9.25,174102,0
2017-10-10,9.32,9.42,9.29,9.4,652081,0
2017-10-11,9.35,9.37,9.31,9.37,257987,0
2017-10-12,9.41,9.41,9.33,9.37,254663,0
2017-10-13,9.5,9.59,9.47,9.55,485406,0
2017-10-16,9.53,9.64,9.52,9.57,233987,0
2017-10-17,9.53,9.57,9.47,9.5,194426,0
2017-10-18,9.47,9.49,9.44,9.47,159856,0
2017-10-19,9.36,9.39,9.231,9.36,436611,0
2017-10-20,9.4,9.4,9.35,9.36,218304,0
2017-10-23,9.2,9.2,9.05,9.06,534956,0
2017-10-24,9.13,9.2,9.13,9.19,277632,0
2017-10-25,9.17,9.17,9.04,9.07,575204,0
2017-10-26,9.16,9.2,9.1,9.12,465121,0
2017-10-27,9.09,9.14,9.04,9.12,753005,0
2017-10-30,9.14,9.149,9.07,9.1,173789,0
2017-10-31,9.17,9.32,9.17,9.27,456932,0
2017-11-01,9.42,9.44,9.34,9.42,1942266,0
2017-11-02,9.42,9.46,9.3875,9.41,324240,0
2017-11-03,9.43,9.43,9.32,9.39,557583,0
2017-11-06,9.3,9.36,9.28,9.31,451802,0
2017-11-07,9.2,9.235,9.03,9.09,568042,0
2017-11-08,9.1,9.17,9.06,9.09,280727,0
2017-11-09,9.07,9.09,9.02,9.07,364915,0
2017-11-10,9.06,9.06,8.92,8.96,439510,0
