Date,Open,High,Low,Close,Volume,OpenInt
2010-07-14,3.0042,3.0842,3.0042,3.0283,923050,0
2010-07-15,3.0314,3.0788,3.0251,3.0717,1225763,0
2010-07-16,2.9498,2.952,2.8828,2.8937,773018,0
2010-07-19,2.8696,2.8696,2.8588,2.8634,147921,0
2010-07-20,2.8409,2.9708,2.8409,2.9708,54019,0
2010-07-21,3.0175,3.0205,2.928,2.928,48877,0
2010-07-22,3.0111,3.0392,3.0111,3.0392,131195,0
2010-07-23,3.0026,3.1316,2.9762,3.1316,91067,0
2010-07-26,3.1231,3.1994,3.1192,3.1994,45662,0
2010-07-27,3.2219,3.2219,3.2219,3.2219,4909,0
2010-07-28,3.0717,3.0717,3.0703,3.0703,2577,0
2010-07-30,2.9569,2.9569,2.9569,2.9569,1289,0
2010-08-02,3.1651,3.1651,3.1651,3.1651,1289,0
2010-08-03,3.0749,3.0749,3.0749,3.0749,1289,0
2010-08-04,3.0821,3.1644,3.0821,3.1512,661114,0
2010-08-05,3.1587,3.1587,3.1587,3.1587,1289,0
2010-08-06,3.0811,3.085,3.0811,3.085,43736,0
2010-08-09,3.193,3.2265,3.193,3.1994,12861,0
2010-08-10,3.1284,3.1916,3.1284,3.1362,393584,0
2010-08-11,3.0392,3.0539,3.0368,3.0368,7976,0
2010-08-12,3.0175,3.0175,3.0143,3.0158,3853,0
2010-08-13,2.9947,2.9947,2.953,2.953,14149,0
2010-08-16,2.9762,2.9762,2.9762,2.9762,12861,0
2010-08-17,3.0881,3.0881,3.0375,3.0375,6958,0
2010-08-18,3.1231,3.1231,3.1131,3.1131,5142,0
2010-08-19,3.1092,3.1092,3.0011,3.0097,147921,0
2010-08-20,2.9847,2.9847,2.9847,2.9847,1289,0
2010-08-23,3.0696,3.1131,3.0136,3.0143,167211,0
2010-08-24,2.9302,2.9669,2.9123,2.9669,22506,0
2010-08-25,2.9716,3.0478,2.9473,3.0439,45012,0
2010-08-26,3.0554,3.0571,3.0414,3.0414,21291,0
2010-08-27,2.9941,3.0422,2.9405,3.0422,82317,0
2010-08-30,2.9312,2.9312,2.9312,2.9312,15438,0
2010-08-31,2.8999,2.9669,2.8999,2.9661,37489,0
2010-09-01,3.0749,3.1092,3.071,3.1092,106762,0
2010-09-02,3.1683,3.2289,3.1644,3.2289,32151,0
2010-09-03,3.2956,3.3385,3.2679,3.2943,15438,0
2010-09-07,3.2925,3.2925,3.2194,3.2194,22383,0
2010-09-08,3.2568,3.2593,3.249,3.2553,6430,0
2010-09-09,3.3096,3.3096,3.2444,3.2467,36017,0
2010-09-10,3.3035,3.3035,3.3028,3.3028,6430,0
2010-09-13,3.3673,3.3673,3.3673,3.3673,1289,0
2010-09-14,3.4715,3.4918,3.4715,3.4918,2577,0
2010-09-15,3.4194,3.4644,3.4194,3.4644,12222,0
2010-09-16,3.4675,3.4675,3.4443,3.4451,10590,0
2010-09-17,3.438,3.438,3.438,3.438,1289,0
2010-09-20,3.546,3.5857,3.546,3.5857,32483,0
2010-09-21,3.8284,3.8284,3.5756,3.5756,18002,0
2010-09-22,3.6137,3.6177,3.5834,3.5834,9007,0
2010-09-24,3.7856,3.7856,3.7849,3.7849,14149,0
2010-09-27,3.6387,3.7629,3.6222,3.7443,78452,0
2010-09-28,3.6844,3.8096,3.6844,3.8096,8357,0
2010-09-29,3.791,3.791,3.7731,3.7731,14149,0
2010-09-30,3.8274,3.8274,3.7218,3.7513,19291,0
2010-10-01,3.7257,3.7296,3.7257,3.7296,3853,0
2010-10-05,3.7699,3.8266,3.7699,3.8174,96466,0
2010-10-06,3.8049,3.8049,3.8049,3.8049,2577,0
2010-10-07,3.8159,3.8159,3.8159,3.8159,2577,0
2010-10-08,3.8399,3.8399,3.8399,3.8399,3853,0
2010-10-11,3.8626,3.8626,3.8626,3.8626,3853,0
2010-10-12,3.8384,3.8501,3.8384,3.8501,6430,0
2010-10-13,3.8719,3.9076,3.8142,3.8142,4626,0
2010-10-14,3.8028,3.8028,3.721,3.721,14149,0
2010-10-15,3.8096,3.8501,3.802,3.8501,19291,0
2010-10-18,3.9635,3.9635,3.8152,3.8245,56179,0
2010-10-19,3.7653,3.7902,3.6962,3.7179,101203,0
2010-10-20,3.7382,3.7934,3.7382,3.777,15438,0
2010-10-21,3.8734,3.9061,3.8274,3.8695,126053,0
2010-10-22,3.8937,3.8959,3.8937,3.8959,5142,0
2010-10-25,3.9628,3.9628,3.913,3.913,9682,0
2010-10-26,3.8866,3.9457,3.8866,3.9371,14149,0
2010-10-27,3.8655,3.8741,3.8034,3.8103,91324,0
2010-10-28,3.882,3.882,3.8423,3.8501,6688,0
2010-10-29,3.8299,3.8494,3.8299,3.8494,11572,0
2010-11-01,3.8548,3.8873,3.8253,3.8517,128618,0
2010-11-02,3.8827,3.9746,3.8748,3.9301,194221,0
2010-11-03,3.934,3.9496,3.8976,3.9496,73310,0
2010-11-04,4.0381,4.0903,4.0375,4.0903,51577,0
2010-11-05,4.0981,4.1711,4.0981,4.1337,177765,0
2010-11-08,4.1159,4.1307,4.0981,4.1073,105473,0
2010-11-09,4.0834,4.1105,4.032,4.032,102896,0
2010-11-10,4.0609,4.0873,4.0032,4.0873,12861,0
2010-11-11,4.032,4.102,4.0274,4.0973,72034,0
2010-11-12,4.074,4.074,3.9736,3.9853,138177,0
2010-11-15,4.001,4.001,3.9239,3.9348,108038,0
2010-11-16,3.9301,4.0328,3.9084,3.9317,111904,0
2010-11-17,3.9746,3.9782,3.9582,3.9635,77949,0
2010-11-18,4.0678,4.1083,4.0142,4.0142,120899,0
2010-11-19,4.0085,4.088,4.001,4.088,243098,0
2010-11-22,4.0895,4.1922,4.0756,4.1697,123414,0
2010-11-23,4.1354,4.1354,4.0787,4.1176,77053,0
2010-11-24,4.1929,4.2831,4.1929,4.2745,85790,0
2010-11-26,4.2403,4.2582,4.2371,4.2575,24433,0
2010-11-29,4.6212,4.6212,4.1604,4.2139,63210,0
2010-11-30,4.1245,4.2628,4.1245,4.245,72291,0
2010-12-01,4.3709,4.3719,4.2971,4.3476,134054,0
2010-12-02,4.3709,4.4667,4.3377,4.4557,141454,0
2010-12-03,4.4293,4.4417,4.3662,4.4339,441430,0
2010-12-06,4.4363,4.4564,4.4363,4.4433,20457,0
2010-12-07,4.5413,4.5413,4.4667,4.4667,31317,0
2010-12-08,4.4378,4.455,4.4378,4.455,6430,0
2010-12-09,4.5841,4.5841,4.4518,4.4518,14149,0
2010-12-10,4.4564,4.4707,4.4534,4.4707,8872,0
2010-12-13,4.4792,4.4821,4.4339,4.44,26703,0
2010-12-14,4.405,4.4182,4.3912,4.4182,114984,0
2010-12-15,4.3897,4.4317,4.3897,4.4317,53712,0
2010-12-16,4.4115,4.4689,4.2396,4.4572,13327,0
2010-12-17,4.4707,4.4838,4.4697,4.4697,5142,0
2010-12-20,4.4635,4.4971,4.4635,4.4971,52731,0
2010-12-21,4.4914,4.5141,4.4885,4.5024,34593,0
2010-12-22,4.4658,4.4938,4.4642,4.4707,17364,0
2010-12-23,4.4542,4.4814,4.4525,4.4814,27230,0
2010-12-27,4.4782,4.4782,4.4767,4.4767,3853,0
2010-12-28,4.4611,4.4611,4.4394,4.4534,77040,0
2010-12-29,4.4486,4.5095,4.4486,4.5,23156,0
2010-12-30,4.4931,4.5116,4.4931,4.4992,14149,0
2011-01-03,4.5227,4.5538,4.5227,4.5538,7719,0
2011-01-05,4.4347,4.4603,4.3897,4.4215,35501,0
2011-01-06,4.3819,4.3819,4.2086,4.2971,107523,0
2011-01-07,4.3149,4.3149,4.2389,4.2862,38790,0
2011-01-10,4.2513,4.3041,4.2513,4.3041,25083,0
2011-01-11,4.3049,4.3056,4.3002,4.3002,21217,0
2011-01-12,4.3344,4.3719,4.3344,4.3508,16211,0
2011-01-13,4.3693,4.3726,4.3537,4.3547,329269,0
2011-01-14,4.3423,4.4146,4.3383,4.4107,232164,0
2011-01-18,4.4029,4.4029,4.4029,4.4029,5142,0
2011-01-19,4.3615,4.3615,4.3369,4.3462,52731,0
2011-01-20,4.4129,4.4371,4.4129,4.4371,69457,0
2011-01-21,4.5031,4.5031,4.3951,4.3951,113192,0
2011-01-24,4.4247,4.4247,4.4247,4.4247,4504,0
2011-01-25,4.4479,4.4479,4.3958,4.4347,14149,0
2011-01-26,4.4759,4.5046,4.4759,4.4938,19782,0
2011-01-27,4.5669,4.5747,4.5669,4.5701,16726,0
2011-01-28,4.5235,4.5287,4.3555,4.3633,175188,0
2011-01-31,4.324,4.3295,4.324,4.3295,13940,0
2011-02-01,4.385,4.4146,4.385,4.4044,36974,0
2011-02-03,4.3687,4.4022,4.368,4.4022,10296,0
2011-02-04,4.3975,4.4806,4.3975,4.4736,29304,0
2011-02-07,4.4611,4.5017,4.4611,4.5017,5461,0
2011-02-08,4.5669,4.5669,4.5669,4.5669,7719,0
2011-02-09,4.6353,4.6353,4.6314,4.633,15818,0
2011-02-10,4.6066,4.6144,4.6066,4.6144,19291,0
2011-02-11,4.5958,4.6953,4.5958,4.6936,12137,0
2011-02-14,4.6547,4.6555,4.6547,4.6555,5485,0
2011-02-15,4.6478,4.6578,4.6447,4.6578,24568,0
2011-02-16,4.7598,4.7598,4.6943,4.7077,93251,0
2011-02-17,4.6718,4.7427,4.6718,4.7145,14272,0
2011-02-18,4.738,4.738,4.7246,4.7341,8026,0
2011-02-22,4.6182,4.6182,4.5473,4.5473,14468,0
2011-02-23,4.3765,4.3765,4.3765,4.3765,1289,0
2011-02-24,4.3641,4.3641,4.3484,4.3484,14149,0
2011-02-25,4.3975,4.4689,4.3975,4.4083,27979,0
2011-03-01,4.4083,4.455,4.339,4.3423,34728,0
2011-03-02,4.3149,4.3633,4.3149,4.3623,16726,0
2011-03-03,4.4317,4.4503,4.4317,4.444,7719,0
2011-03-04,4.3508,4.353,4.3508,4.353,3853,0
2011-03-07,4.2917,4.3165,4.2917,4.3165,37489,0
2011-03-09,4.3928,4.4472,4.3928,4.4355,11572,0
2011-03-10,4.3701,4.3772,4.3662,4.3662,158204,0
2011-03-11,4.3693,4.4308,4.3693,4.4097,31513,0
2011-03-14,4.1946,4.3351,4.1946,4.3344,18334,0
2011-03-15,4.294,4.294,4.2761,4.2761,7719,0
2011-03-16,4.1843,4.1843,4.1822,4.1822,18100,0
2011-03-25,4.4433,4.4674,4.4278,4.4325,10296,0
2011-03-28,4.4449,4.465,4.3569,4.3569,30139,0
2011-03-29,4.3997,4.4129,4.3997,4.4129,3853,0
2011-03-30,4.4689,4.5295,4.4603,4.5295,21217,0
2011-03-31,4.5062,4.5121,4.429,4.4591,23794,0
2011-04-01,4.5024,4.5545,4.4868,4.4868,14149,0
2011-04-04,4.517,4.5334,4.5116,4.5334,6430,0
2011-04-05,4.5872,4.6842,4.5872,4.6525,39036,0
2011-04-06,4.6967,4.6967,4.6508,4.6594,28519,0
2011-04-07,4.7192,4.7192,4.6842,4.7106,31084,0
2011-04-08,4.6907,4.6907,4.65,4.65,38582,0
2011-04-11,4.6439,4.661,4.6439,4.661,20579,0
2011-04-12,4.6578,4.7139,4.6578,4.6764,61738,0
2011-04-13,4.6975,4.6975,4.6975,4.6975,12861,0
2011-04-14,4.6625,4.6782,4.6625,4.6782,16726,0
2011-04-15,4.7139,4.7139,4.7038,4.7038,3853,0
2011-04-18,4.5776,4.5902,4.5776,4.5902,7743,0
2011-04-19,4.6314,4.6314,4.6314,4.6314,1289,0
2011-04-20,4.7713,4.8244,4.7713,4.773,23156,0
2011-04-21,4.7855,4.7855,4.7806,4.7806,11572,0
2011-04-26,4.7403,4.7777,4.7403,4.7777,5142,0
2011-04-27,4.8833,4.9463,4.8833,4.9353,16395,0
2011-04-28,4.9267,4.9293,4.9121,4.9121,32090,0
2011-05-03,4.9128,4.9267,4.9128,4.9267,11572,0
2011-05-05,4.864,4.957,4.864,4.899,24690,0
2011-05-09,4.8679,4.9339,4.8679,4.9339,3853,0
2011-05-10,5.0016,5.0473,5.0016,5.0458,48681,0
2011-05-11,5.0458,5.0473,5.0006,5.0395,105977,0
2011-05-12,5.15,5.1585,5.1428,5.1585,15438,0
2011-05-13,5.1686,5.1881,5.0955,5.0955,24150,0
2011-05-16,4.9627,4.9627,4.9314,4.9541,27010,0
2011-05-17,4.9549,4.9867,4.9143,4.9867,19291,0
2011-05-23,4.797,4.8094,4.7466,4.8094,7670,0
2011-05-25,4.692,4.7021,4.692,4.7021,10001,0
2011-05-26,4.7317,4.7713,4.7317,4.7713,2577,0
2011-05-31,4.8165,4.8172,4.8158,4.8172,16726,0
2011-06-01,4.7791,4.7816,4.7791,4.7816,15438,0
2011-06-02,4.6725,4.6725,4.5559,4.5559,5461,0
2011-06-06,4.3866,4.3866,4.3866,4.3866,2246,0
2011-06-14,4.3423,4.409,4.3423,4.4061,605009,0
2011-06-15,4.2917,4.3034,4.2917,4.2917,14149,0
2011-06-16,4.2917,4.3291,4.2823,4.2823,36017,0
2011-06-17,4.4075,4.4097,4.3523,4.3537,29587,0
2011-06-21,4.4534,4.5887,4.4347,4.5887,16579,0
2011-06-22,4.5095,4.5466,4.5095,4.5095,2638,0
2011-06-23,4.5209,4.5616,4.465,4.5616,334091,0
2011-06-24,4.5872,4.5948,4.5862,4.5862,5142,0
2011-06-28,4.6136,4.6244,4.609,4.6244,11903,0
2011-06-29,4.6696,4.6953,4.6244,4.6764,50804,0
2011-06-30,4.6694,4.6774,4.6694,4.6774,2577,0
2011-07-01,4.7021,4.8475,4.7021,4.8475,28298,0
2011-07-05,4.8468,4.8864,4.8468,4.885,45012,0
2011-07-06,4.8957,4.9136,4.8661,4.9136,52092,0
2011-07-07,5.098,5.1477,5.0955,5.1211,14849,0
2011-07-08,5.0216,5.0216,5.0216,5.0216,12861,0
2011-07-11,4.8911,4.9174,4.8911,4.9174,9056,0
2011-07-14,4.9479,4.9479,4.8811,4.8811,14149,0
2011-07-15,4.8172,4.8172,4.8172,4.8172,10296,0
2011-07-19,4.9485,4.9485,4.9485,4.9485,1644,0
2011-07-20,4.8918,4.8918,4.8918,4.8918,1644,0
2011-07-21,4.9657,4.9657,4.9525,4.9525,19671,0
2011-07-22,4.9479,4.9703,4.9479,4.9703,25721,0
2011-07-25,4.9285,4.9293,4.9285,4.9293,33440,0
2011-07-27,4.9277,4.9277,4.9277,4.9277,25721,0
2011-07-28,4.8415,4.8718,4.8415,4.8718,6430,0
2011-08-01,4.6422,4.6422,4.6422,4.6422,1289,0
2011-08-03,4.333,4.3344,4.2761,4.3344,23218,0
2011-08-08,3.8859,3.9325,3.7001,3.7001,23156,0
2011-08-09,3.6362,3.6362,3.6362,3.6362,1976,0
2011-08-11,3.9279,3.9279,3.9279,3.9279,1976,0
2011-08-12,3.9643,3.9697,3.8292,3.9557,156916,0
2011-08-15,4.0135,4.0135,4.0135,4.0135,3853,0
2011-08-16,4.0352,4.0926,4.0352,4.0926,8357,0
2011-08-19,3.9115,3.9115,3.7607,3.7607,8075,0
2011-08-22,3.8609,3.8609,3.7839,3.7839,7719,0
2011-08-24,4.0249,4.0513,4.0242,4.0453,9007,0
2011-08-25,4.0078,4.0078,4.0078,4.0078,3853,0
2011-08-26,4.1401,4.1408,4.1401,4.1408,3596,0
2011-08-29,4.2575,4.2575,4.2575,4.2575,2577,0
2011-08-30,4.3562,4.3562,4.3562,4.3562,3853,0
2011-08-31,4.4037,4.4469,4.3386,4.3386,72034,0
2011-09-02,4.1382,4.1382,4.1382,4.1382,3853,0
2011-09-06,3.9604,3.9604,3.9604,3.9604,1289,0
2011-09-07,4.2389,4.2506,4.1982,4.2389,4185,0
2011-09-08,4.2474,4.2909,4.2474,4.2909,5142,0
2011-09-12,4.0078,4.0817,3.9964,4.0817,56596,0
2011-09-13,4.2917,4.2917,4.266,4.2878,3853,0
2011-09-14,4.4207,4.4207,4.4207,4.4207,7719,0
2011-09-16,4.5848,4.6571,4.5848,4.6493,204762,0
2011-09-19,4.6415,4.6415,4.6415,4.6415,2184,0
2011-09-20,4.6742,4.6742,4.5559,4.5591,117905,0
2011-09-21,4.5794,4.5794,4.5381,4.5381,69457,0
2011-09-22,4.1376,4.1672,4.1376,4.1665,20334,0
2011-09-23,4.2295,4.2295,4.2295,4.2295,2233,0
2011-09-28,4.4759,4.4759,4.3819,4.3819,7486,0
2011-09-29,4.4707,4.4707,4.3547,4.3547,12222,0
2011-09-30,4.1894,4.1894,4.1894,4.1894,5792,0
2011-10-03,4.1144,4.165,4.0577,4.0584,12222,0
2011-10-04,3.8626,3.8626,3.8626,3.8626,1289,0
2011-10-05,4.1376,4.241,4.1112,4.241,7719,0
2011-10-06,4.2582,4.2761,4.2435,4.2692,15118,0
2011-10-07,4.4044,4.441,4.3429,4.3429,14149,0
2011-10-10,4.6493,4.6493,4.5684,4.6019,26433,0
2011-10-11,4.5934,4.6525,4.5669,4.6525,15438,0
2011-10-12,4.7077,4.8048,4.7077,4.7855,76918,0
2011-10-14,4.8023,4.8195,4.7481,4.8195,181532,0
2011-10-17,4.8244,4.8244,4.7403,4.7481,160131,0
2011-10-18,4.7442,4.9596,4.7442,4.9253,28936,0
2011-10-19,4.8857,4.8857,4.8857,4.8857,2368,0
2011-10-20,4.825,4.825,4.825,4.825,6479,0
2011-10-21,4.9874,4.9938,4.9657,4.9938,24494,0
2011-10-24,5.1236,5.1236,5.0662,5.0662,18604,0
2011-10-25,4.9766,4.986,4.8772,4.8772,53320,0
2011-10-26,4.7285,4.7388,4.6422,4.7317,72795,0
2011-10-27,4.8889,4.9409,4.8889,4.9378,182858,0
2011-10-28,4.8765,4.8765,4.8765,4.8765,1289,0
2011-10-31,4.8397,4.8471,4.8201,4.8201,222519,0
2011-11-01,4.7145,4.737,4.6889,4.692,31636,0
2011-11-02,4.8554,4.8554,4.8009,4.8009,22506,0
2011-11-03,4.7598,4.8974,4.7476,4.8911,86232,0
2011-11-04,4.807,4.9089,4.7898,4.8974,312555,0
2011-11-07,4.9463,4.9752,4.839,4.9735,312555,0
2011-11-08,5.0194,5.0861,4.8982,5.0861,411451,0
2011-11-09,4.9531,4.9531,4.7931,4.8072,108799,0
2011-11-10,4.9065,4.9303,4.7891,4.8315,63149,0
2011-11-11,4.9495,5.0529,4.9495,5.0444,84244,0
2011-11-14,5.0372,5.0854,4.9999,5.0248,120972,0
2011-11-15,5.0038,5.0038,4.9096,4.9813,10492,0
2011-11-16,4.94,4.9969,4.8234,4.8234,53418,0
2011-11-17,4.8219,4.8436,4.6789,4.7046,13842,0
2011-11-18,4.7349,4.797,4.665,4.6811,59873,0
2011-11-21,4.5677,4.5862,4.4728,4.5623,144239,0
2011-11-22,4.5227,4.5724,4.4792,4.5505,125513,0
2011-11-23,4.4083,4.444,4.4083,4.444,4504,0
2011-11-25,4.5098,4.5098,4.3768,4.3768,48104,0
2011-11-28,4.6097,4.6346,4.5473,4.5794,91239,0
2011-11-29,4.626,4.6953,4.5919,4.6953,70549,0
2011-11-30,4.9138,4.9138,4.7386,4.8397,88539,0
2011-12-01,4.7862,4.9161,4.7862,4.8747,92282,0
2011-12-02,5.0222,5.0361,4.9244,4.9244,28678,0
2011-12-05,5.0349,5.1415,5.0349,5.0615,9964,0
2011-12-06,5.0343,5.12,5.0011,5.12,36201,0
2011-12-07,5.0556,5.1747,5.0556,5.1747,180072,0
2011-12-08,5.0623,5.0874,4.9016,4.9016,120776,0
2011-12-09,4.957,5.0587,4.9244,5.0385,25893,0
2011-12-12,4.9083,4.9212,4.8576,4.9065,63665,0
2011-12-13,5.0018,5.0018,4.6148,4.6148,48509,0
2011-12-14,4.5503,4.5978,4.4542,4.5757,47859,0
2011-12-15,4.693,4.693,4.604,4.604,148178,0
2011-12-16,4.7134,4.7679,4.6506,4.6694,160757,0
2011-12-19,4.7231,4.7386,4.4877,4.4877,136042,0
2011-12-20,4.6676,4.8837,4.6676,4.8716,365163,0
2011-12-21,4.8045,4.8276,4.8045,4.8276,13499,0
2011-12-22,4.8755,4.8755,4.8217,4.8217,31906,0
2011-12-23,4.8853,4.9089,4.8217,4.9023,5890,0
2011-12-27,4.9146,4.9578,4.9121,4.9473,27304,0
2011-12-28,4.8984,4.8984,4.816,4.8168,105535,0
2012-01-03,4.9864,4.9864,4.86,4.86,13499,0
2012-01-04,4.8869,4.9033,4.8869,4.9033,12271,0
2012-01-05,4.7313,4.9293,4.676,4.9212,166892,0
2012-01-06,4.9212,4.9586,4.9212,4.9586,6136,0
2012-01-09,4.8503,4.8876,4.8119,4.8876,39269,0
2012-01-10,4.9326,4.9326,4.9267,4.9267,2454,0
2012-01-12,4.9872,4.9872,4.896,4.896,10210,0
2012-01-13,4.8747,4.9707,4.8667,4.9065,222445,0
2012-01-17,5.0744,5.1387,5.0703,5.107,75862,0
2012-01-18,5.1534,5.3619,5.1534,5.3619,82219,0
2012-01-19,5.4157,5.5512,5.3961,5.5512,45405,0
2012-01-20,5.4663,5.4753,5.402,5.402,15953,0
2012-01-23,5.2813,5.3594,5.2578,5.3594,62585,0
2012-01-24,5.3204,5.3815,5.3204,5.3815,33133,0
2012-01-25,5.3801,5.4769,5.3472,5.4639,204934,0
2012-01-26,5.5682,5.5682,5.4272,5.4867,38042,0
2012-01-27,5.5152,5.5536,5.4352,5.5536,15953,0
2012-01-30,5.4792,5.4792,5.3465,5.4142,41723,0
2012-01-31,5.5421,5.5421,5.3824,5.4769,100626,0
2012-02-02,5.5062,5.5062,5.503,5.503,3681,0
2012-02-03,5.6944,5.7328,5.6944,5.7311,31906,0
2012-02-06,5.693,5.693,5.693,5.693,2454,0
2012-02-07,5.745,5.745,5.7377,5.7377,10431,0
2012-02-09,5.6611,5.767,5.6611,5.7646,12885,0
2012-02-13,5.8508,5.8508,5.8508,5.8508,8590,0
2012-02-14,5.8655,5.8655,5.8526,5.8526,2454,0
2012-02-15,5.8753,5.8753,5.7335,5.7335,17045,0
2012-02-16,5.7639,5.7646,5.7468,5.7646,27206,0
2012-02-17,5.8875,5.9756,5.8875,5.9699,17180,0
2012-02-21,5.9251,5.9251,5.7695,5.8166,12271,0
2012-02-22,5.6497,5.7426,5.6497,5.7426,9817,0
2012-02-23,5.6953,5.6953,5.6748,5.6748,11044,0
2012-02-24,5.7866,5.8428,5.7866,5.8428,3681,0
2012-02-27,5.7468,5.8714,5.7468,5.8714,56449,0
2012-02-28,5.8875,6.0084,5.8875,6.0084,15094,0
2012-02-29,6.0359,6.0359,6.0196,6.0196,44177,0
2012-03-01,6.0482,6.0953,6.0262,6.0953,131305,0
2012-03-02,6.1125,6.1223,6.1117,6.1184,19634,0
2012-03-05,6.1435,6.1598,6.0489,6.1575,72402,0
2012-03-06,6.0294,6.0294,6.0294,6.0294,2454,0
2012-03-07,6.1379,6.2713,6.1344,6.2713,21475,0
2012-03-08,6.3873,6.4972,6.3758,6.4962,127808,0
2012-03-09,6.4988,6.5428,6.4864,6.52,49172,0
2012-03-12,6.6104,6.6104,6.5526,6.5836,39686,0
2012-03-13,6.6838,6.7286,6.6014,6.7286,49430,0
2012-03-14,6.7872,6.7872,6.6953,6.7824,73629,0
2012-03-15,6.7638,6.8322,6.7638,6.8068,42300,0
2012-03-16,6.8434,6.8434,6.7677,6.7798,104210,0
2012-03-19,6.6838,6.7847,6.6455,6.7571,109376,0
2012-03-20,6.6478,6.9568,6.6478,6.9568,25316,0
2012-03-21,6.9593,7.0497,6.9593,7.0106,15708,0
2012-03-22,6.9838,7.061,6.9258,7.0089,61652,0
2012-03-23,6.8029,6.9754,6.8029,6.973,11940,0
2012-03-26,7.1475,7.3333,7.1475,7.3274,33133,0
2012-03-27,7.3812,7.4661,7.3349,7.3349,54976,0
2012-03-28,7.3421,7.3446,7.1084,7.114,34299,0
2012-03-29,7.0774,7.1514,6.9803,7.1514,39772,0
2012-03-30,7.242,7.2443,7.1637,7.1637,35011,0
2012-04-02,7.1588,7.2648,7.0976,7.2224,77102,0
2012-04-03,7.2241,7.3212,7.0888,7.1581,57148,0
2012-04-04,7.0497,7.0888,6.8874,6.9349,29034,0
2012-04-05,6.9283,7.1784,6.9283,7.1784,15290,0
2012-04-09,6.9153,6.9813,6.8322,6.9625,109670,0
2012-04-10,6.9307,6.9307,6.4923,6.4972,69125,0
2012-04-11,6.6953,6.7247,6.6855,6.6862,31292,0
2012-04-12,6.7082,6.9226,6.7082,6.9226,13474,0
2012-04-16,6.9754,6.9754,6.8207,6.9314,28715,0
2012-04-17,7.106,7.2185,7.0855,7.2185,26384,0
2012-04-18,7.1849,7.3372,7.1622,7.3176,26249,0
2012-04-19,7.2247,7.2656,7.0693,7.0757,14247,0
2012-04-20,7.1972,7.2527,7.1549,7.2436,8897,0
2012-04-23,6.9241,6.9241,6.7033,6.8354,34642,0
2012-04-24,6.7172,6.8199,6.6056,6.6161,34483,0
2012-04-25,6.8109,6.8776,6.8109,6.8776,20862,0
2012-04-26,6.9349,7.1581,6.9128,7.1507,39477,0
2012-04-27,7.4636,7.7416,7.435,7.6624,129415,0
2012-04-30,7.6665,7.6665,7.2322,7.5279,70757,0
2012-05-01,7.4972,7.7489,7.4972,7.6152,49270,0
2012-05-02,7.6494,7.8076,7.5761,7.77,37269,0
2012-05-03,7.8385,7.8506,7.5484,7.5549,49111,0
2012-05-04,7.4532,7.4532,7.242,7.2803,48804,0
2012-05-07,6.9275,7.3104,6.9265,7.2517,66131,0
2012-05-08,7.017,7.0243,6.8354,7.0243,60143,0
2012-05-09,6.9437,6.9998,6.9437,6.9779,7584,0
2012-05-10,7.0571,7.1287,7.0253,7.0693,17241,0
2012-05-11,7.2599,7.2599,7.1605,7.1605,2454,0
2012-05-14,6.982,6.982,6.8549,6.8549,16812,0
2012-05-15,6.7456,6.8958,6.7351,6.8958,17180,0
2012-05-16,6.841,6.8567,6.841,6.8567,4909,0
2012-05-17,6.6171,6.6171,6.3537,6.3537,19548,0
2012-05-18,6.3726,6.4483,6.2542,6.2853,17720,0
2012-05-21,6.1264,6.463,6.1264,6.4509,116334,0
2012-05-22,6.5011,6.6087,6.5011,6.5884,16812,0
2012-05-23,6.4833,6.7693,6.4229,6.7309,33280,0
2012-05-24,7.1947,7.1947,6.815,6.815,6197,0
2012-05-25,6.9894,7.0145,6.9715,6.9813,8590,0
2012-05-29,7.1109,7.1794,7.0089,7.1794,33219,0
2012-05-30,6.9429,6.9429,6.9046,6.9046,9915,0
2012-05-31,6.9796,6.9796,6.7824,6.9796,17180,0
2012-06-01,6.77,6.77,6.4215,6.4825,54719,0
2012-06-04,6.5567,6.5567,6.5567,6.5567,2454,0
2012-06-06,6.9363,6.9705,6.9363,6.9558,6136,0
2012-06-07,7.1165,7.1426,7.0366,7.0456,29120,0
2012-06-08,7.0644,7.3358,7.0644,7.3292,38152,0
2012-06-11,7.7423,7.7423,6.9813,6.9861,4909,0
2012-06-12,7.0896,7.1856,7.0878,7.1856,16652,0
2012-06-13,7.1018,7.1018,6.8427,6.8451,45036,0
2012-06-14,7.0082,7.2404,7.0082,7.2404,60265,0
2012-06-15,7.2558,7.304,7.1776,7.2942,110505,0
2012-06-18,7.2932,7.5377,7.2932,7.5377,38937,0
2012-06-19,7.5963,7.6624,7.5866,7.6421,15339,0
2012-06-20,7.8555,7.8555,7.5216,7.5607,17291,0
2012-06-21,7.5607,7.5607,7.0669,7.0669,22629,0
2012-06-22,7.0749,7.1434,7.0749,7.1434,9817,0
2012-06-25,6.9111,6.9747,6.8981,6.9535,6308,0
2012-06-26,7.0487,7.1109,7.0082,7.1109,15953,0
2012-06-27,7.092,7.092,6.9803,7.0106,5903,0
2012-06-28,6.7962,6.7962,6.7229,6.7407,9817,0
2012-06-29,7.167,7.4196,7.167,7.4154,40741,0
2012-07-02,7.8555,8.0595,7.3414,7.4587,39048,0
2012-07-03,7.4229,7.4514,7.317,7.4514,8308,0
2012-07-05,7.4685,7.523,7.4483,7.5167,33243,0
2012-07-06,7.5729,7.5736,7.5729,7.5736,12271,0
2012-07-09,7.6599,7.6599,7.5631,7.5705,6136,0
2012-07-10,7.7057,7.7057,7.5003,7.5549,4909,0
2012-07-12,7.2502,7.2502,7.198,7.198,11928,0
2012-07-13,7.3773,7.6879,7.3773,7.6879,17156,0
2012-07-16,7.506,7.6488,7.506,7.6488,3681,0
2012-07-17,7.4399,7.603,7.4399,7.5639,20052,0
2012-07-18,7.4563,7.6429,7.4563,7.6429,7363,0
2012-07-19,7.7374,7.788,7.7374,7.788,2516,0
2012-07-20,7.6355,7.6732,7.603,7.6732,8590,0
2012-07-23,7.2656,7.2656,7.2527,7.2527,4540,0
2012-07-24,7.3871,7.3871,7.383,7.383,3068,0
2012-07-25,7.5705,7.5705,7.2713,7.361,6308,0
2012-07-26,7.5461,7.6292,7.5461,7.6233,19757,0
2012-07-27,8.0585,8.2075,8.0413,8.1824,34569,0
2012-07-30,8.2306,8.2306,8.0315,8.1677,21475,0
2012-07-31,8.4555,8.4555,7.7416,7.9208,13572,0
2012-08-01,7.8907,7.8907,7.7416,7.7416,9817,0
2012-08-02,7.7912,7.7912,7.5761,7.5761,4086,0
2012-08-03,8.0203,8.0675,8.0203,8.0235,5706,0
2012-08-06,8.1058,8.1107,8.0821,8.0821,27280,0
2012-08-07,8.2264,8.2687,8.2264,8.2362,17548,0
2012-08-08,8.2687,8.3022,8.2557,8.2557,9817,0
2012-08-09,8.2875,8.2875,8.1915,8.2019,28151,0
2012-08-10,8.1596,8.1596,8.0937,8.0937,8246,0
2012-08-13,8.1488,8.1488,7.6478,8.0755,37772,0
2012-08-14,8.3493,8.3601,8.2557,8.2795,8651,0
2012-08-15,8.3364,8.4635,8.3364,8.4073,8897,0
2012-08-16,8.4097,8.5768,8.4097,8.5768,9474,0
2012-08-17,8.5996,8.7072,8.5996,8.6241,17033,0
2012-08-20,8.5547,8.5547,8.4506,8.4506,12824,0
2012-08-21,8.7039,9.1596,8.5271,8.5572,30004,0
2012-08-23,8.5914,8.5914,8.4488,8.4635,9240,0
2012-08-24,9.0045,9.0045,8.6061,8.7097,44852,0
2012-08-27,8.8009,8.8009,8.6315,8.6713,43392,0
2012-08-28,8.7642,8.8327,8.7365,8.7764,23205,0
2012-08-29,8.8033,8.9598,8.8033,8.9378,18174,0
2012-08-30,8.8822,8.9053,8.8009,8.8539,33096,0
2012-08-31,8.9102,8.9647,8.8009,8.9141,31305,0
2012-09-04,8.9117,9.008,8.7202,9.008,24580,0
2012-09-05,8.8822,8.9476,8.8734,8.8907,16677,0
2012-09-06,9.1278,9.3505,9.0788,9.3505,51160,0
2012-09-07,9.4473,9.4473,9.2842,9.3016,42275,0
2012-09-10,9.3524,9.458,9.3524,9.4326,14652,0
2012-09-11,9.2646,9.3143,9.184,9.2116,37097,0
2012-09-12,9.3368,9.3368,9.2336,9.2336,23254,0
2012-09-13,9.2587,9.643,9.2108,9.642,30556,0
2012-09-14,9.776,9.86,9.615,9.615,52510,0
2012-09-17,9.754,9.754,9.4649,9.4737,62585,0
2012-09-18,9.3211,9.3798,9.2784,9.328,37907,0
2012-09-19,9.4365,9.699,9.3632,9.699,45773,0
2012-09-20,9.413,9.597,9.3309,9.568,36287,0
2012-09-21,9.673,9.673,9.612,9.634,8443,0
2012-09-24,9.3622,9.3798,9.3368,9.3739,27451,0
2012-09-25,9.4052,9.552,9.1179,9.1179,10529,0
2012-09-26,9.1684,9.2036,8.964,9.1097,49160,0
2012-09-27,9.2898,9.3025,9.0038,9.2678,68585,0
2012-09-28,9.0276,9.1749,8.964,9.1749,38655,0
2012-10-01,9.2918,9.4365,9.2532,9.2867,25206,0
2012-10-02,9.1805,9.1805,9.0405,9.0405,18824,0
2012-10-03,9.1781,9.3954,9.1781,9.37,45613,0
2012-10-04,9.644,9.69,9.558,9.64,66487,0
2012-10-05,9.779,9.961,9.779,9.818,45196,0
2012-10-08,9.839,9.879,9.735,9.766,22187,0
2012-10-09,9.4531,9.4531,9.3759,9.3759,21991,0
2012-10-10,9.3465,9.568,9.2214,9.2214,44288,0
2012-10-11,9.3397,9.3896,9.0446,9.0454,22923,0
2012-10-12,9.0674,9.0674,8.9419,8.9615,51418,0
2012-10-15,9.192,9.192,8.5564,9.1414,59799,0
2012-10-16,9.4121,9.4121,9.2898,9.3593,166745,0
2012-10-17,9.546,9.567,9.3016,9.4375,50252,0
2012-10-18,9.459,9.53,9.3064,9.3064,37968,0
2012-10-19,9.1169,9.1169,9.0364,9.0364,3068,0
2012-10-22,8.9476,8.9476,8.7764,8.8156,52767,0
2012-10-23,8.6378,8.9092,8.1514,8.8138,52080,0
2012-10-24,8.8871,9.2476,8.6053,8.6469,21438,0
2012-10-26,8.4604,8.6591,8.4471,8.6591,38434,0
2012-10-31,9.0796,9.0796,8.7813,8.9468,37428,0
2012-11-01,9.0429,9.0429,8.9622,8.9793,8774,0
2012-11-02,9.126,9.2483,8.8822,8.8822,42705,0
2012-11-05,8.7723,9.0056,8.7715,9.0056,27795,0
2012-11-06,9.184,9.2808,9.1456,9.1733,20125,0
2012-11-07,8.937,8.9859,8.3112,8.8669,46190,0
2012-11-08,8.9151,8.9151,8.3933,8.3933,73936,0
2012-11-09,8.1824,8.3413,8.1824,8.3413,10529,0
2012-11-13,8.153,8.6182,8.153,8.4872,12591,0
2012-11-14,8.3437,8.3437,8.1293,8.1293,10063,0
2012-11-15,7.9298,8.0657,7.8809,8.0657,28016,0
2012-11-16,8.1488,8.1563,7.9086,8.14,60130,0
2012-11-19,8.5533,8.6681,8.5204,8.6681,26298,0
2012-11-20,8.6779,8.7454,8.672,8.7454,24383,0
2012-11-21,8.7911,8.8734,8.6681,8.8652,38250,0
2012-11-23,9.0485,9.1676,9.0299,9.1676,12271,0
2012-11-26,9.1676,9.1676,8.9273,9.0837,37551,0
2012-11-27,9.0862,9.1676,8.9654,9.0422,102013,0
2012-11-28,9.2417,9.4531,9.2417,9.4531,14873,0
2012-11-29,9.3143,9.4111,8.9556,9.3387,36078,0
2012-11-30,9.3201,9.575,9.3201,9.575,67653,0
2012-12-03,9.818,9.818,9.4336,9.4336,51921,0
2012-12-04,9.369,9.369,9.2036,9.2036,13928,0
2012-12-05,9.1302,9.3192,9.0886,9.3192,7240,0
2012-12-07,9.2646,9.52,9.2646,9.3338,7363,0
2012-12-10,9.4365,9.4365,9.0837,9.0837,21794,0
2012-12-11,9.0918,9.2085,8.8822,8.8822,93435,0
2012-12-12,8.6159,8.6159,8.2378,8.3853,36360,0
2012-12-13,8.4342,8.4513,8.4342,8.4513,4909,0
2012-12-14,8.2394,8.2394,8.1172,8.1172,16014,0
2012-12-17,8.109,8.4324,8.109,8.4056,73494,0
2012-12-18,8.5556,8.8001,8.5556,8.7414,28850,0
2012-12-19,8.6697,8.699,8.496,8.496,50804,0
2012-12-20,8.3356,8.4262,8.2208,8.4262,50632,0
2012-12-21,8.3127,8.3127,8.1449,8.2125,72635,0
2012-12-24,8.1439,8.2362,8.1439,8.2355,32090,0
2012-12-26,8.1488,8.1488,7.815,7.8548,50730,0
2012-12-27,7.8678,7.8988,7.5663,7.823,55197,0
2012-12-28,7.6208,7.8199,7.6208,7.6934,41195,0
2012-12-31,7.8443,8.1488,7.8433,8.0888,52313,0
2013-01-02,8.3127,8.964,8.2753,8.4105,79433,0
2013-01-03,8.6744,8.7184,8.4715,8.4911,55762,0
2013-01-04,8.5654,8.6322,8.5654,8.6143,12787,0
2013-01-07,8.7184,8.7184,8.4653,8.598,182146,0
2013-01-08,8.4929,8.5899,8.4415,8.452,24997,0
2013-01-09,8.54,8.54,8.488,8.5018,14726,0
2013-01-10,8.4545,8.4545,8.3005,8.3005,7056,0
2013-01-11,8.5093,8.5662,8.5075,8.5662,22395,0
2013-01-14,8.5924,8.6378,8.5564,8.6012,16616,0
2013-01-15,8.5973,8.8107,8.5973,8.8107,16935,0
2013-01-16,8.8123,8.8662,8.8089,8.8627,57701,0
2013-01-17,8.9109,9.0496,8.9109,9.0258,33194,0
2013-01-18,8.9965,9.0201,8.9402,9.0201,30065,0
2013-01-22,9.0191,9.1823,9.0191,9.1627,29439,0
2013-01-23,9.1645,9.2329,9.0901,9.2074,100872,0
2013-01-24,9.3602,9.693,9.3602,9.649,183275,0
2013-01-25,9.68,9.921,9.659,9.892,18027,0
2013-01-28,9.869,9.906,9.654,9.779,54350,0
2013-01-29,9.645,9.727,9.4795,9.633,28089,0
2013-01-30,9.708,9.708,9.708,9.708,1227,0
2013-01-31,9.667,9.667,9.525,9.581,13045,0
2013-02-01,9.658,9.742,9.658,9.681,37526,0
2013-02-04,9.531,9.575,9.371,9.3827,22260,0
2013-02-05,9.646,9.812,9.646,9.727,23684,0
2013-02-07,9.4776,9.503,9.4776,9.503,8651,0
2013-02-08,9.625,9.865,9.625,9.806,57394,0
2013-02-11,9.832,9.832,9.731,9.769,128667,0
2013-02-12,9.781,9.819,9.729,9.769,25132,0
2013-02-13,9.991,9.991,9.858,9.877,12198,0
2013-02-14,9.779,9.922,9.728,9.922,18775,0
2013-02-15,9.779,9.868,9.555,9.639,25770,0
2013-02-19,9.901,9.901,9.708,9.816,9105,0
2013-02-20,9.759,9.901,9.759,9.774,58547,0
2013-02-21,9.4355,9.663,9.3671,9.4776,45503,0
2013-02-22,9.3123,9.4776,9.3123,9.4101,33133,0
2013-02-25,9.579,9.601,9.1676,9.1676,14726,0
2013-02-26,9.3104,9.3104,9.2744,9.2744,2454,0
2013-02-27,9.676,9.802,9.676,9.802,5068,0
2013-02-28,9.684,9.991,9.653,9.856,31010,0
2013-03-01,9.3328,9.853,9.3328,9.853,8590,0
2013-03-04,10.187,10.22,10.187,10.219,8148,0
2013-03-05,10.447,10.598,10.312,10.598,55897,0
2013-03-06,10.757,10.757,10.459,10.459,23009,0
2013-03-07,10.344,10.383,10.339,10.365,17548,0
2013-03-08,10.345,10.607,10.345,10.607,164561,0
2013-03-11,10.675,10.675,10.593,10.6,30777,0
2013-03-12,10.771,10.771,10.627,10.627,3681,0
2013-03-13,10.768,10.842,10.675,10.765,31906,0
2013-03-14,10.854,10.854,10.627,10.627,8504,0
2013-03-15,10.346,10.423,10.241,10.257,28789,0
2013-03-18,10.174,10.324,10.145,10.324,5522,0
2013-03-19,10.162,10.162,9.797,9.816,19941,0
2013-03-20,10.194,10.354,10.194,10.354,21095,0
2013-03-21,10.27,10.27,10.188,10.188,10124,0
2013-03-22,10.408,10.431,10.408,10.431,10234,0
2013-03-25,10.593,10.757,10.561,10.631,23475,0
2013-03-26,10.707,10.707,10.686,10.686,4909,0
2013-03-27,10.614,10.843,10.394,10.758,16211,0
2013-03-28,10.71,10.833,10.701,10.825,25856,0
2013-04-01,10.854,10.877,10.716,10.716,32654,0
2013-04-02,10.894,11.011,10.856,10.952,32376,0
2013-04-03,11.052,11.052,10.592,10.696,14018,0
2013-04-04,10.588,10.96,10.185,10.895,94707,0
2013-04-05,10.491,10.696,10.491,10.683,10615,0
2013-04-08,10.986,11.185,10.933,11.185,19949,0
2013-04-09,11.14,11.28,11.028,11.187,26543,0
2013-04-10,11.326,11.392,11.192,11.368,13343,0
2013-04-11,11.588,11.912,11.588,11.674,55574,0
2013-04-12,11.674,11.945,11.671,11.945,44128,0
2013-04-15,11.832,12.085,11.358,11.456,42897,0
2013-04-16,11.49,11.622,11.361,11.588,17082,0
2013-04-17,11.257,11.456,10.879,11.29,12537,0
2013-04-18,11.084,11.205,10.774,10.942,40120,0
2013-04-19,10.843,11.316,10.843,11.316,10897,0
2013-04-22,11.326,11.365,11.277,11.336,4884,0
2013-04-23,11.735,11.808,11.674,11.684,13024,0
2013-04-24,11.857,11.969,11.754,11.759,7097,0
2013-04-25,12.013,12.265,11.979,12.089,25823,0
2013-04-26,12.091,12.091,11.733,11.883,16252,0
2013-04-29,12.419,12.419,11.723,11.783,42893,0
2013-04-30,11.827,11.891,11.71,11.879,34782,0
2013-05-01,11.837,11.869,11.573,11.573,28388,0
2013-05-02,11.93,11.93,11.668,11.847,16648,0
2013-05-03,12.101,12.419,11.974,12.323,22670,0
2013-05-06,12.323,12.446,12.267,12.411,23160,0
2013-05-07,12.656,12.671,12.263,12.642,100045,0
2013-05-08,12.825,12.825,12.564,12.732,61832,0
2013-05-09,12.825,12.957,12.712,12.714,22412,0
2013-05-10,12.957,13.131,12.871,13.086,36430,0
2013-05-13,13.177,13.221,12.957,13.15,47139,0
2013-05-14,12.947,13.591,12.947,13.591,50747,0
2013-05-15,13.69,13.866,13.617,13.69,79311,0
2013-05-16,13.896,13.896,12.847,13.348,80726,0
2013-05-17,13.526,13.617,13.324,13.617,25034,0
2013-05-20,13.68,13.68,13.385,13.415,54322,0
2013-05-21,13.553,13.945,13.553,13.778,48301,0
2013-05-22,13.8,14.072,13.216,13.372,53835,0
2013-05-23,12.835,13.36,12.712,13.307,46521,0
2013-05-24,13.123,13.297,13.043,13.297,15446,0
2013-05-28,13.69,13.959,13.314,13.544,39379,0
2013-05-29,13.561,13.561,13.011,13.211,24748,0
2013-05-30,13.346,13.446,13.196,13.196,39465,0
2013-05-31,13.079,13.377,12.906,12.923,98822,0
2013-06-03,12.923,13.037,12.502,13.037,117320,0
2013-06-04,13.135,13.219,12.531,12.825,34741,0
2013-06-05,12.798,12.849,12.316,12.437,68324,0
2013-06-06,12.36,12.724,12.297,12.695,58257,0
2013-06-07,13.291,13.291,13.221,13.221,2863,0
2013-06-10,13.568,13.568,13.201,13.201,63583,0
2013-06-11,13.004,13.102,12.957,13.011,8795,0
2013-06-12,12.805,12.805,12.574,12.574,9453,0
2013-06-13,12.593,13.089,12.556,13.082,9412,0
2013-06-14,13.268,13.268,12.874,12.978,33640,0
2013-06-17,13.324,13.348,13.084,13.084,7690,0
2013-06-18,13.138,13.514,13.138,13.512,15863,0
2013-06-19,13.506,13.578,12.957,13.043,59509,0
2013-06-20,12.714,12.714,12.052,12.114,64299,0
2013-06-21,12.458,12.458,11.891,12.241,34552,0
2013-06-24,11.896,12.075,11.49,11.964,74382,0
2013-06-25,12.065,12.313,12.065,12.313,18325,0
2013-06-26,12.607,12.665,12.531,12.665,13445,0
2013-06-27,12.994,13.011,12.818,12.896,9817,0
2013-06-28,12.998,13.094,12.83,12.949,21046,0
2013-07-01,13.245,13.375,13.057,13.203,10578,0
2013-07-02,13.203,13.68,13.145,13.387,131256,0
2013-07-03,13.27,13.475,13.255,13.424,7158,0
2013-07-05,13.715,13.808,13.317,13.617,32839,0
2013-07-08,13.933,14.365,13.933,14.347,103109,0
2013-07-09,14.35,14.629,14.265,14.539,63182,0
2013-07-10,14.546,14.641,14.301,14.639,36716,0
2013-07-11,15.079,15.169,14.888,15.142,75703,0
2013-07-12,15.279,15.321,15.133,15.321,39490,0
2013-07-15,15.36,15.519,15.188,15.214,59022,0
2013-07-16,15.157,15.299,15.022,15.061,23144,0
2013-07-17,15.304,15.331,15.149,15.157,36639,0
2013-07-18,15.279,15.402,15.179,15.226,19704,0
2013-07-19,15.45,15.45,15.079,15.182,18137,0
2013-07-22,15.328,15.37,15.05,15.341,51295,0
2013-07-23,15.206,15.39,15.165,15.263,19000,0
2013-07-24,15.255,15.265,14.862,14.913,35064,0
2013-07-25,15.045,15.045,14.827,15.045,40790,0
2013-07-26,15.098,15.201,14.529,15.175,15613,0
2013-07-29,15.182,15.182,15.057,15.057,8643,0
2013-07-30,15.059,15.299,15.001,15.001,33117,0
2013-07-31,14.93,15.511,14.93,15.255,24326,0
2013-08-01,15.55,15.758,15.504,15.625,25619,0
2013-08-02,15.475,15.925,15.448,15.881,53622,0
2013-08-05,15.726,15.91,15.519,15.91,28008,0
2013-08-06,15.915,15.915,14.732,15.345,40214,0
2013-08-07,15.157,15.23,14.722,14.973,68577,0
2013-08-08,15.263,15.263,14.915,15.177,18223,0
2013-08-09,15.147,15.194,14.807,15.064,26286,0
2013-08-12,14.885,15.157,14.883,15.11,9429,0
2013-08-13,15.157,15.157,14.688,15.147,28928,0
2013-08-14,15.001,15.001,14.5,14.588,33309,0
2013-08-15,14.155,14.179,13.194,13.641,104287,0
2013-08-16,13.695,13.886,13.451,13.451,24907,0
2013-08-19,13.493,13.624,13.36,13.379,22395,0
2013-08-20,13.651,13.881,13.651,13.81,10034,0
2013-08-21,13.641,13.702,12.984,13.702,14975,0
2013-08-22,13.757,13.757,13.585,13.688,9420,0
2013-08-23,13.666,13.737,13.532,13.641,38381,0
2013-08-26,13.886,14.025,13.793,13.793,22297,0
2013-08-27,13.268,13.412,12.8,13.062,232095,0
2013-08-28,13.317,13.326,12.996,13.326,22395,0
2013-08-29,13.407,13.444,13.407,13.409,2863,0
2013-08-30,13.201,13.258,13.082,13.084,14791,0
2013-09-03,12.712,13.646,12.712,13.172,14280,0
2013-09-04,13.076,13.641,13.076,13.585,44087,0
2013-09-05,13.901,13.901,13.661,13.661,18571,0
2013-09-06,14.033,14.033,13.272,13.641,23259,0
2013-09-09,13.866,14.099,13.764,14.054,14055,0
2013-09-10,14.218,14.363,14.138,14.21,32552,0
2013-09-11,14.473,14.582,14.445,14.471,22972,0
2013-09-12,14.445,14.512,14.334,14.35,7482,0
2013-09-13,14.424,14.48,14.363,14.37,8066,0
2013-09-16,15.394,15.394,14.543,14.559,22637,0
2013-09-17,14.52,15.108,14.514,15.108,25488,0
2013-09-18,14.839,15.778,14.592,15.703,50694,0
2013-09-19,15.888,15.962,15.612,15.761,52620,0
2013-09-20,15.89,15.976,15.397,15.397,54273,0
2013-09-23,15.402,15.402,15.04,15.11,50039,0
2013-09-24,15.038,15.443,15.025,15.218,22571,0
2013-09-25,14.971,15.133,14.668,14.92,80260,0
2013-09-26,15.208,15.272,15.098,15.128,5727,0
2013-09-27,14.873,15.089,14.873,15.087,6308,0
2013-09-30,14.578,14.95,14.578,14.901,14579,0
2013-10-01,14.803,15.292,14.803,15.126,5727,0
2013-10-02,15.022,15.416,15.022,15.416,25427,0
2013-10-03,15.416,15.416,14.748,14.993,43457,0
2013-10-04,15.079,15.184,15.079,15.128,3137,0
2013-10-07,14.954,14.954,14.451,14.521,73281,0
2013-10-08,14.5,14.582,13.898,13.915,34577,0
2013-10-09,13.874,13.915,13.546,13.888,21712,0
2013-10-10,14.343,14.563,14.343,14.563,12697,0
2013-10-11,14.531,14.8,14.448,14.8,36966,0
2013-10-14,14.688,14.971,14.658,14.971,18084,0
2013-10-15,15.048,15.157,14.644,14.69,10443,0
2013-10-16,14.748,15.184,14.719,15.118,30466,0
2013-10-17,15.067,15.573,14.859,15.573,23279,0
2013-10-18,15.817,15.89,15.482,15.744,26825,0
2013-10-21,15.879,15.879,15.501,15.707,55115,0
2013-10-22,16.133,16.379,15.915,16.201,17650,0
2013-10-23,16.143,16.143,15.89,16.045,13765,0
2013-10-24,16.135,16.489,16.135,16.463,17843,0
2013-10-25,16.624,17.049,16.624,16.929,20330,0
2013-10-28,17.113,17.191,16.883,16.883,70946,0
2013-10-29,17.209,17.47,17.181,17.47,34638,0
2013-10-30,17.561,17.827,17.142,17.548,100663,0
2013-10-31,17.453,17.612,17.225,17.558,83233,0
2013-11-01,17.602,17.602,17.03,17.336,55201,0
2013-11-04,17.776,17.776,17.338,17.516,18072,0
2013-11-05,17.516,17.698,17.113,17.698,12366,0
2013-11-06,18.05,18.591,17.465,17.509,20526,0
2013-11-07,17.602,17.864,16.639,16.639,26404,0
2013-11-08,16.683,17.209,16.683,17.02,36720,0
2013-11-11,17.649,17.748,16.991,17.741,28613,0
2013-11-12,17.846,17.846,17.349,17.528,24359,0
2013-11-13,17.357,18.418,17.357,18.325,77396,0
2013-11-14,18.335,19.034,18.335,19.02,89741,0
2013-11-15,18.992,19.993,18.78,19.225,147904,0
2013-11-18,19.553,19.553,18.633,18.748,92404,0
2013-11-19,18.824,19.122,18.63,18.63,21901,0
2013-11-20,18.682,18.702,18.12,18.198,47131,0
2013-11-21,18.188,18.614,18.091,18.614,30409,0
2013-11-22,18.689,18.689,18.247,18.679,50317,0
2013-11-25,18.679,19.029,18.679,18.873,28216,0
2013-11-26,19.034,19.293,18.971,19.166,34728,0
2013-11-27,19.166,19.479,19.166,19.432,50804,0
2013-11-29,19.558,19.9,19.435,19.559,104107,0
2013-12-02,19.636,19.636,19.069,19.166,58130,0
2013-12-03,18.897,18.897,18.506,18.773,42705,0
2013-12-04,18.795,18.959,18.135,18.497,91284,0
2013-12-05,18.433,18.629,18.255,18.257,56420,0
2013-12-06,18.555,18.719,18.389,18.558,18947,0
2013-12-09,18.531,18.751,18.443,18.443,20956,0
2013-12-10,18.409,18.578,18.311,18.409,10300,0
2013-12-11,18.441,18.548,18.032,18.091,43269,0
2013-12-12,17.988,18.167,17.846,17.897,24940,0
2013-12-13,17.983,18.042,17.983,18.042,4467,0
2013-12-16,18.321,18.335,18.022,18.102,14317,0
2013-12-17,18.108,18.108,17.822,18.008,18685,0
2013-12-18,18.102,18.812,17.741,18.77,26719,0
2013-12-19,18.624,18.685,18.519,18.646,17385,0
2013-12-20,18.897,18.976,18.709,18.761,19377,0
2013-12-23,18.809,19.069,18.765,19.041,52686,0
2013-12-24,19.191,19.237,18.992,18.995,16301,0
2013-12-26,18.865,19.458,18.865,19.458,16881,0
2013-12-27,19.46,19.558,19.029,19.122,42173,0
2013-12-30,19.073,19.24,19.028,19.198,32724,0
2013-12-31,19.448,19.477,19.22,19.22,17483,0
2014-01-02,19.23,19.592,19.191,19.344,46055,0
2014-01-03,19.507,19.699,19.266,19.292,28764,0
2014-01-06,19.362,19.362,18.763,18.807,46607,0
2014-01-07,18.941,19.129,18.809,18.917,16403,0
2014-01-08,18.58,18.871,18.58,18.871,15855,0
2014-01-09,18.949,18.949,18.511,18.885,27881,0
2014-01-10,18.966,19.031,18.629,18.92,15241,0
2014-01-13,18.836,18.836,17.739,17.885,51479,0
2014-01-14,18.076,18.2,17.724,18.174,51741,0
2014-01-15,18.311,18.311,17.913,17.998,46546,0
2014-01-16,17.795,17.795,17.235,17.406,59705,0
2014-01-17,17.26,17.416,17.142,17.201,63517,0
2014-01-21,17.357,17.359,16.795,17.039,74525,0
2014-01-22,17.091,17.113,16.746,16.917,37383,0
2014-01-23,16.624,16.79,16.531,16.79,32147,0
2014-01-24,16.575,16.599,16.076,16.084,38852,0
2014-01-27,16.084,16.201,15.585,15.9,215962,0
2014-01-28,16.117,16.243,16.013,16.221,14039,0
2014-01-29,15.893,15.947,15.384,15.419,21921,0
2014-01-30,15.615,16.135,15.615,16.135,13875,0
2014-01-31,15.402,15.402,14.8,15.01,35485,0
2014-02-03,14.94,14.962,13.78,13.78,69555,0
2014-02-04,14.044,14.209,13.808,13.907,19757,0
2014-02-05,13.751,14.174,13.448,14.174,90523,0
2014-02-06,14.424,15.059,14.424,15.032,23066,0
2014-02-07,15.304,15.419,15.03,15.394,33153,0
2014-02-10,15.595,15.595,15.208,15.416,29542,0
2014-02-11,15.538,15.944,15.499,15.89,49867,0
2014-02-12,15.971,15.976,15.475,15.582,32086,0
2014-02-13,15.312,15.922,15.304,15.922,17650,0
2014-02-14,15.846,16.125,15.805,16.065,33922,0
2014-02-18,15.734,15.937,15.646,15.937,21160,0
2014-02-19,15.646,15.802,15.524,15.605,27631,0
2014-02-20,15.394,15.634,15.394,15.634,11744,0
2014-02-21,15.656,15.717,15.48,15.517,15151,0
2014-02-24,15.719,15.978,15.719,15.89,22710,0
2014-02-25,15.988,16.514,15.988,16.438,53855,0
2014-02-26,16.873,17.68,16.87,17.32,70185,0
2014-02-27,16.995,17.516,16.995,17.316,20125,0
2014-02-28,17.436,17.778,17.225,17.57,32699,0
2014-03-03,17.044,17.355,16.932,17.14,38970,0
2014-03-04,17.766,17.807,17.616,17.704,19094,0
2014-03-05,17.704,17.856,17.616,17.702,18992,0
2014-03-06,17.731,17.731,17.301,17.535,36062,0
2014-03-07,17.815,17.822,17.572,17.572,9461,0
2014-03-10,17.396,17.538,17.396,17.524,13016,0
2014-03-11,17.841,17.841,17.504,17.516,15675,0
2014-03-12,17.355,17.541,17.213,17.541,13740,0
2014-03-13,17.895,17.895,16.903,17.017,17331,0
2014-03-14,17.235,17.443,17.037,17.176,15732,0
2014-03-17,17.524,17.524,17.352,17.431,10120,0
2014-03-18,17.48,17.602,17.406,17.48,7776,0
2014-03-19,17.48,17.538,17.162,17.162,35330,0
2014-03-20,17.072,17.297,17.072,17.228,9318,0
2014-03-21,17.48,17.756,17.48,17.553,9584,0
2014-03-24,17.144,17.698,16.624,16.707,26196,0
2014-03-25,16.859,16.863,16.479,16.507,25607,0
2014-03-26,16.651,16.651,16.176,16.176,6954,0
2014-03-27,15.89,16.274,15.866,15.866,7277,0
2014-03-28,16.032,16.223,15.954,16.094,6598,0
2014-03-31,15.819,16.379,15.819,16.231,12026,0
2014-04-01,16.243,16.785,16.243,16.714,22833,0
2014-04-02,16.866,17.115,16.866,16.991,10284,0
2014-04-03,16.991,16.991,16.487,16.487,9936,0
2014-04-04,16.612,16.624,16.022,16.12,30830,0
2014-04-07,15.888,15.888,15.113,15.314,47515,0
2014-04-08,15.257,15.744,15.089,15.744,13724,0
2014-04-09,15.739,16.074,15.651,16.074,11588,0
2014-04-10,15.9,15.9,14.92,14.944,13875,0
2014-04-11,14.668,14.69,14.238,14.326,32777,0
2014-04-14,14.693,14.717,14.399,14.484,11809,0
2014-04-15,14.637,14.637,14.243,14.243,15663,0
2014-04-17,15.157,15.169,15.123,15.123,9437,0
2014-04-21,14.869,15.377,14.869,15.364,10476,0
2014-04-22,15.731,15.89,15.609,15.881,9408,0
2014-04-23,15.644,15.666,15.472,15.472,7465,0
2014-04-24,15.592,15.752,15.592,15.724,2029,0
2014-04-25,15.402,15.402,14.913,14.947,20223,0
2014-04-28,15.279,15.279,14.705,15.255,15180,0
2014-04-29,14.94,15.218,14.94,15.218,6447,0
2014-04-30,15.138,15.138,14.969,15.126,3714,0
2014-05-01,15.286,15.402,15.286,15.335,4540,0
2014-05-02,15.617,15.631,15.465,15.553,10852,0
2014-05-05,15.279,15.279,15.177,15.177,5882,0
2014-05-06,14.973,14.973,14.334,14.334,18129,0
2014-05-07,14.201,14.201,13.866,14.128,27999,0
2014-05-08,13.884,14.668,13.884,14.424,28454,0
2014-05-09,14.324,14.608,14.324,14.608,3440,0
2014-05-12,15.079,15.372,15.079,15.372,8770,0
2014-05-13,15.45,15.45,15.162,15.162,12300,0
2014-05-14,15.118,15.165,14.707,14.707,13045,0
2014-05-15,14.13,14.236,13.935,14.236,30765,0
2014-05-16,14.375,14.668,14.375,14.668,16562,0
2014-05-19,14.619,14.732,14.536,14.732,3788,0
2014-05-20,14.424,14.475,14.109,14.169,15311,0
2014-05-21,14.248,14.248,14.155,14.155,5988,0
2014-05-22,14.621,14.702,14.541,14.541,10852,0
2014-05-23,14.663,14.774,14.634,14.774,6909,0
2014-05-27,15.274,15.274,14.758,14.875,18583,0
2014-05-28,14.514,14.746,14.514,14.727,9322,0
2014-05-30,14.973,15.05,14.901,15.05,4090,0
2014-06-02,14.937,15.159,14.937,15.126,5465,0
2014-06-03,15.074,15.084,15.074,15.084,945,0
2014-06-04,15.279,15.472,15.279,15.377,6553,0
2014-06-05,15.392,15.89,15.314,15.83,16562,0
2014-06-06,16.068,16.311,16.068,16.192,22530,0
2014-06-09,16.671,16.671,16.049,16.143,12685,0
2014-06-10,16.458,16.458,16.076,16.076,7764,0
2014-06-11,16.037,16.147,15.922,15.93,24473,0
2014-06-12,15.67,15.67,15.255,15.255,24506,0
2014-06-13,15.255,15.255,15.11,15.136,10987,0
2014-06-16,15.022,15.426,15.022,15.426,8357,0
2014-06-17,15.625,15.638,15.514,15.638,5338,0
2014-06-18,15.695,15.89,15.649,15.89,13883,0
2014-06-19,15.983,16.052,15.825,15.849,13981,0
2014-06-20,15.758,15.758,15.602,15.602,27255,0
2014-06-23,15.712,15.812,15.712,15.812,912,0
2014-06-24,16.067,16.086,15.939,15.939,11560,0
2014-06-25,15.673,15.915,15.592,15.793,13949,0
2014-06-26,15.67,15.67,15.458,15.531,11069,0
2014-06-27,15.433,15.771,15.433,15.658,34548,0
2014-06-30,15.795,15.832,15.726,15.832,6312,0
2014-07-01,15.749,16.306,15.749,16.303,14591,0
2014-07-02,16.619,16.619,16.293,16.293,7363,0
2014-07-03,16.632,16.831,16.612,16.831,51602,0
2014-07-07,16.685,16.724,16.551,16.551,21336,0
2014-07-08,16.417,16.417,16.135,16.196,36729,0
2014-07-09,16.507,16.507,16.379,16.502,7052,0
2014-07-10,15.746,16.145,15.746,16.016,11216,0
2014-07-11,16.062,16.379,16.062,16.379,3747,0
2014-07-14,16.624,16.624,16.489,16.489,11138,0
2014-07-15,16.44,16.507,16.426,16.492,32442,0
2014-07-16,16.489,16.489,16.37,16.45,8455,0
2014-07-17,16.135,16.306,16.062,16.062,11302,0
2014-07-18,15.981,16.511,15.981,16.511,20759,0
2014-07-21,16.208,16.262,16.208,16.262,2569,0
2014-07-22,16.426,16.426,16.274,16.391,3874,0
2014-07-23,16.274,16.417,16.25,16.381,9559,0
2014-07-24,16.426,16.766,16.426,16.766,27325,0
2014-07-25,15.683,16.15,15.548,15.582,35653,0
2014-07-28,15.595,15.619,15.402,15.619,12901,0
2014-07-29,15.752,15.89,15.617,15.617,5567,0
2014-07-30,15.605,15.861,15.605,15.861,5567,0
2014-07-31,15.468,15.673,15.149,15.165,19769,0
2014-08-01,14.891,15.333,14.717,14.937,17172,0
2014-08-04,15.087,15.397,15.087,15.294,22895,0
2014-08-05,15.006,15.216,14.915,15.064,13188,0
2014-08-06,15.419,15.419,15.335,15.335,2687,0
2014-08-07,15.279,15.279,15.279,15.279,830,0
2014-08-08,15.693,16.047,15.402,16.037,18092,0
2014-08-11,16.208,16.247,15.971,16.166,18501,0
2014-08-12,15.92,16.108,15.92,16.074,33526,0
2014-08-13,15.795,16.125,15.795,15.898,8655,0
2014-08-14,16.123,16.355,15.837,16.355,18227,0
2014-08-15,16.492,16.492,15.91,15.91,3215,0
2014-08-18,16.606,16.839,16.606,16.739,37060,0
2014-08-19,17.199,17.737,17.199,17.698,82563,0
2014-08-20,17.846,18.213,17.496,18.213,20788,0
2014-08-21,18.157,18.441,18.128,18.257,18587,0
2014-08-22,18.484,18.568,18.275,18.501,13822,0
2014-08-25,18.961,18.961,18.575,18.624,36299,0
2014-08-26,18.624,18.937,18.541,18.897,24469,0
2014-08-27,18.795,18.985,18.754,18.92,6488,0
2014-08-28,18.702,18.92,18.66,18.897,10398,0
2014-08-29,18.78,18.927,18.78,18.865,15912,0
2014-09-02,18.946,19.069,18.809,18.873,21970,0
2014-09-03,19.057,19.159,18.824,18.824,11920,0
2014-09-04,19.184,19.501,19.184,19.337,37101,0
2014-09-05,18.865,19.614,18.865,19.585,15552,0
2014-09-08,19.631,19.714,19.041,19.243,21029,0
2014-09-09,18.981,18.981,18.58,18.58,26204,0
2014-09-10,18.816,18.816,18.435,18.692,15773,0
2014-09-11,18.575,18.617,18.484,18.617,4303,0
2014-09-12,18.728,18.761,18.511,18.614,11723,0
2014-09-15,18.472,18.472,18.267,18.325,5101,0
2014-09-16,18.509,19.02,18.135,19.02,10275,0
2014-09-17,19.069,19.069,18.715,18.897,11871,0
2014-09-18,18.995,19.249,18.995,19.069,23676,0
2014-09-19,19.266,19.553,19.264,19.399,14489,0
2014-09-22,18.91,18.91,18.35,18.35,20256,0
2014-09-23,18.284,18.365,18.154,18.157,15483,0
2014-09-24,18.177,18.959,18.115,18.881,9846,0
2014-09-25,18.829,18.829,18.213,18.237,15172,0
2014-09-26,18.399,18.562,18.275,18.562,6254,0
2014-09-29,18.125,18.355,18.069,18.159,18599,0
2014-09-30,18.164,18.277,17.954,18.265,9936,0
2014-10-01,17.858,17.939,17.698,17.698,15478,0
2014-10-02,17.766,17.971,17.318,17.968,6258,0
2014-10-03,18.58,18.746,18.501,18.746,16665,0
2014-10-06,18.824,18.971,18.46,18.604,26752,0
2014-10-07,18.102,18.237,17.92,17.92,8480,0
2014-10-08,18.22,18.702,17.944,18.702,27627,0
2014-10-09,18.702,18.736,18.003,18.027,8026,0
2014-10-10,18.091,18.213,17.714,17.721,10635,0
2014-10-13,17.662,17.662,17.326,17.357,11740,0
2014-10-14,17.025,17.235,16.984,17.113,19344,0
2014-10-15,16.624,16.766,15.182,15.756,58179,0
2014-10-16,15.646,16.262,15.404,15.89,11682,0
2014-10-17,16.379,16.514,16.241,16.391,8758,0
2014-10-20,16.331,17.132,16.018,17.132,11756,0
2014-10-21,17.308,18.206,17.308,18.206,94990,0
2014-10-22,18.402,18.555,18.099,18.171,34188,0
2014-10-23,18.562,18.763,18.296,18.49,18792,0
2014-10-24,17.812,18.024,17.668,18.024,20264,0
2014-10-27,18.003,18.294,17.91,18.2,12914,0
2014-10-28,18.188,18.335,18.171,18.335,15941,0
2014-10-29,18.482,18.614,18.235,18.237,30818,0
2014-10-30,18.474,18.9,18.474,18.765,15208,0
2014-10-31,19.435,19.458,19.135,19.135,26388,0
2014-11-03,19.393,19.458,19.022,19.171,21082,0
2014-11-04,19.083,19.184,18.824,19.113,19283,0
2014-11-05,19.44,19.543,19.054,19.096,16002,0
2014-11-06,19.191,19.66,19.191,19.66,37236,0
2014-11-07,19.704,20.046,19.558,19.937,32155,0
2014-11-10,19.888,20.364,19.888,20.364,97170,0
2014-11-11,20.475,20.475,20.264,20.318,8709,0
2014-11-12,20.389,20.941,20.234,20.897,33313,0
2014-11-13,21.466,21.469,20.99,21.457,51475,0
2014-11-14,21.423,21.763,21.339,21.743,127914,0
2014-11-17,21.805,21.841,21.391,21.45,160949,0
2014-11-18,21.191,21.453,21.059,21.378,72406,0
2014-11-19,21.453,22.343,21.15,22.212,55455,0
2014-11-20,22.45,22.874,21.769,22.77,75204,0
2014-11-21,23.435,23.625,22.965,22.982,79679,0
2014-11-24,23.542,23.562,23.236,23.354,68401,0
2014-11-25,23.479,23.829,22.951,23.137,93362,0
2014-11-26,23.09,23.332,22.98,23.135,56715,0
2014-11-28,23.596,24.596,23.445,24.281,97178,0
2014-12-01,23.96,24.494,23.097,23.244,250486,0
2014-12-02,23.526,23.616,23.107,23.448,44533,0
2014-12-03,24.044,24.044,23.151,23.399,64663,0
2014-12-04,23.242,23.379,22.831,23.379,77286,0
2014-12-05,23.469,23.606,22.953,23.141,29758,0
2014-12-08,23.33,23.445,22.785,22.943,30196,0
2014-12-09,22.491,23.146,22.356,23.146,68864,0
2014-12-10,23.125,23.461,22.303,22.303,25766,0
2014-12-11,22.972,23.823,22.972,23.181,83765,0
2014-12-12,22.767,23.588,22.767,22.831,55009,0
2014-12-15,23.415,23.665,22.601,23.197,53074,0
2014-12-16,23.027,23.129,21.758,21.768,55553,0
2014-12-17,22.061,23.05,21.948,23.029,72385,0
2014-12-18,23.713,23.958,23.217,23.958,84837,0
2014-12-19,24.386,24.386,23.64,23.97,119402,0
2014-12-22,24.202,24.762,24.183,24.762,62421,0
2014-12-23,24.807,25.319,24.807,25.169,60261,0
2014-12-24,25.425,25.669,24.877,24.892,80043,0
2014-12-26,24.914,25.378,24.914,25.198,42570,0
2014-12-29,25.525,25.757,25.036,25.701,35260,0
2014-12-30,25.57,25.896,25.337,25.609,58445,0
2014-12-31,25.98,26.334,25.511,25.511,53418,0
2015-01-02,25.777,25.798,24.618,24.983,72340,0
2015-01-05,24.449,24.527,23.65,23.816,84305,0
2015-01-06,23.907,24.349,23.027,23.618,99600,0
2015-01-07,24.202,25.361,24.202,25.224,54964,0
2015-01-08,25.98,26.408,25.681,26.28,61431,0
2015-01-09,25.863,26.036,25.084,25.084,60343,0
2015-01-12,25.081,25.081,24.447,24.862,40750,0
2015-01-13,25.442,25.798,24.126,24.302,47303,0
2015-01-14,23.469,23.852,22.98,23.53,77106,0
2015-01-15,23.611,23.777,22.736,22.887,42742,0
2015-01-16,22.491,23.469,22.247,23.469,28388,0
2015-01-20,23.477,23.713,22.491,23.097,59153,0
2015-01-21,22.929,24.114,22.929,23.872,35129,0
2015-01-22,24.202,25.818,24.202,25.557,77294,0
2015-01-23,25.779,26.391,25.591,25.98,62928,0
2015-01-26,26.532,26.532,25.669,26.146,36250,0
2015-01-27,25.791,26.158,25.286,25.791,43961,0
2015-01-28,26.403,26.403,24.965,24.993,90875,0
2015-01-29,24.963,26.06,24.862,25.834,36688,0
2015-01-30,26.158,26.892,25.615,25.72,115315,0
2015-02-02,25.652,26.528,24.457,26.339,55512,0
2015-02-03,26.892,28.138,26.755,28.135,102577,0
2015-02-04,27.92,28.836,27.825,28.446,103481,0
2015-02-05,28.894,29.358,28.894,29.276,92940,0
2015-02-06,29.481,29.7,28.95,29.045,52755,0
2015-02-09,28.368,29.18,28.36,28.487,60515,0
2015-02-10,29.559,29.581,28.901,29.452,42447,0
2015-02-11,29.813,29.825,29.214,29.573,63313,0
2015-02-12,29.813,29.923,29.336,29.923,45544,0
2015-02-13,29.947,30.414,29.649,30.199,60846,0
2015-02-17,29.947,30.169,29.256,29.945,53884,0
2015-02-18,29.825,30.009,29.602,29.996,57144,0
2015-02-19,29.654,30.163,29.503,29.503,66188,0
2015-02-20,29.595,30.424,29.092,30.361,69219,0
2015-02-23,30.844,31.111,30.107,30.326,34393,0
2015-02-24,31.079,31.292,30.521,30.952,71510,0
2015-02-25,31.108,31.488,30.71,31.263,53066,0
2015-02-26,31.537,31.537,30.612,30.989,72525,0
2015-02-27,31.108,31.263,30.754,30.991,36471,0
2015-03-02,31.126,31.757,30.991,31.757,205343,0
2015-03-03,32.162,32.162,30.649,31.346,96127,0
2015-03-04,31.339,31.4,30.332,30.586,100217,0
2015-03-05,30.559,31.39,30.559,31.316,40496,0
2015-03-06,31.61,31.61,29.972,29.974,63812,0
2015-03-09,30.003,30.676,29.901,30.502,47450,0
2015-03-10,29.825,29.923,29.377,29.696,42950,0
2015-03-11,29.69,30.143,29.094,29.143,35587,0
2015-03-12,30.068,31.096,29.987,31.04,50722,0
2015-03-13,30.725,31.165,29.899,30.541,24543,0
2015-03-16,30.74,31.447,30.336,31.356,51540,0
2015-03-17,31.121,31.62,30.803,31.17,40496,0
2015-03-18,30.852,31.664,29.85,31.243,70357,0
2015-03-19,31.268,31.564,31.048,31.351,44177,0
2015-03-20,31.757,32.624,31.439,32.438,64221,0
2015-03-23,32.563,32.986,32.28,32.28,42132,0
2015-03-24,32.164,32.808,32.065,32.392,41314,0
2015-03-25,31.991,32.475,30.805,30.805,66266,0
2015-03-26,30.185,30.537,29.62,30.211,74856,0
2015-03-27,30.583,30.813,30.348,30.619,21271,0
2015-03-30,31.292,31.965,31.17,31.675,108807,0
2015-03-31,31.065,32.27,31.065,31.515,18534,0
2015-04-01,31.392,31.392,30.314,30.609,46223,0
2015-04-02,30.559,31.414,30.559,31.365,15953,0
2015-04-06,30.617,32.143,30.617,31.815,34769,0
2015-04-07,32.008,32.145,31.059,31.17,47920,0
2015-04-08,31.698,32.203,31.499,32.203,26588,0
2015-04-09,32.221,32.221,31.292,31.845,40754,0
2015-04-10,31.37,32.187,31.37,32.187,21271,0
2015-04-13,32.229,32.336,31.652,31.652,24543,0
2015-04-14,31.859,31.937,30.999,31.581,44586,0
2015-04-15,32.27,32.27,31.059,31.065,47327,0
2015-04-16,30.962,31.754,30.962,31.429,40021,0
2015-04-17,30.918,31.222,29.727,29.788,119033,0
2015-04-20,30.314,30.967,29.987,30.967,46276,0
2015-04-21,31.186,31.497,30.925,31.16,71048,0
2015-04-22,31.476,31.476,30.606,31.111,27046,0
2015-04-23,31.048,31.903,31.048,31.681,86719,0
2015-04-24,32.759,33.813,32.673,33.59,93783,0
2015-04-27,33.797,33.981,32.27,32.27,72811,0
2015-04-28,31.939,32.236,31.316,31.744,30601,0
2015-04-29,31.414,31.414,30.07,30.375,66675,0
2015-04-30,30.498,30.727,29.19,29.424,65448,0
2015-05-01,29.63,30.803,29.63,30.803,40087,0
2015-05-04,31.048,31.336,30.803,31.108,50313,0
2015-05-05,31.098,31.098,30.072,30.226,38451,0
2015-05-06,29.62,30.126,29.465,30.126,44820,0
2015-05-07,29.996,31.282,29.996,31.092,43396,0
2015-05-08,31.72,32.524,31.529,32.082,62994,0
2015-05-11,31.786,32.558,31.786,31.867,33542,0
2015-05-12,31.365,32.089,31.292,32.076,35902,0
2015-05-13,31.781,31.986,30.842,30.928,61378,0
2015-05-14,31.219,31.294,30.439,30.625,59312,0
2015-05-15,30.72,31.537,30.72,31.537,34536,0
2015-05-18,31.708,32.268,31.497,32.109,49094,0
2015-05-19,32.27,32.27,31.096,31.194,41895,0
2015-05-20,31.605,31.605,30.51,30.715,35556,0
2015-05-21,30.735,31.722,30.705,31.263,26077,0
2015-05-22,30.784,31.351,30.686,30.793,20146,0
2015-05-26,31.204,31.204,29.982,30.119,19202,0
2015-05-27,30.109,31.038,29.855,30.842,35383,0
2015-05-28,30.559,30.793,30.48,30.705,5036,0
2015-05-29,30.559,30.803,29.903,30.119,21373,0
2015-06-01,30.285,30.51,29.884,30.167,71481,0
2015-06-02,30.177,30.891,29.825,30.373,8349,0
2015-06-03,30.901,31.576,30.715,31.409,21577,0
2015-06-04,30.999,31.39,30.52,30.715,17998,0
2015-06-05,30.725,30.725,29.972,30.158,16873,0
2015-06-08,29.825,30.001,29.336,29.356,21986,0
2015-06-09,29.336,29.62,29.062,29.483,30843,0
2015-06-10,29.786,30.422,29.385,30.422,34215,0
2015-06-11,30.803,31.184,30.432,30.432,26684,0
2015-06-12,30.207,30.559,30.05,30.314,22395,0
2015-06-15,29.933,30.07,29.395,29.727,18612,0
2015-06-16,29.493,30.138,29.493,30.04,14010,0
2015-06-17,30.314,30.656,29.747,30.539,13090,0
2015-06-18,30.803,31.722,30.803,31.488,31701,0
2015-06-19,31.488,31.732,31.488,31.497,18816,0
2015-06-22,31.683,31.81,31.546,31.585,20964,0
2015-06-23,31.683,32.182,31.595,32.065,25615,0
2015-06-24,31.781,32.514,31.585,31.634,40291,0
2015-06-25,31.546,31.752,31.272,31.272,19941,0
2015-06-26,31.488,31.742,31.018,31.272,35792,0
2015-06-29,30.813,31.126,29.532,29.669,22293,0
2015-06-30,30.021,30.05,29.336,29.776,32642,0
2015-07-01,30.05,31.077,30.021,30.568,21577,0
2015-07-02,30.529,30.803,29.943,30.177,16464,0
2015-07-06,29.375,30.754,29.375,30.334,20964,0
2015-07-07,30.803,31.38,29.718,31.292,55324,0
2015-07-08,30.911,31.253,29.903,30.099,13908,0
2015-07-09,31.136,31.136,30.304,30.422,13908,0
2015-07-10,30.911,31.752,30.911,31.546,14419,0
2015-07-13,32.074,33.189,31.771,33.072,47552,0
2015-07-14,33.248,33.492,32.808,33.394,44889,0
2015-07-15,33.082,33.375,32.827,33.189,24074,0
2015-07-16,33.668,34.715,33.619,34.715,58187,0
2015-07-17,34.724,35.204,34.128,34.265,30679,0
2015-07-20,34.94,35.438,33.981,34.226,46734,0
2015-07-21,34.079,34.294,33.59,33.883,22293,0
2015-07-22,33.258,34.715,33.258,34.382,13805,0
2015-07-23,34.724,34.724,33.248,33.482,31804,0
2015-07-24,36.573,36.856,34.147,34.333,104103,0
2015-07-27,34.03,34.822,33.551,33.932,33747,0
2015-07-28,34.235,34.294,33.033,34.245,24032,0
2015-07-29,34.715,35.428,34.539,35.301,23009,0
2015-07-30,35.301,35.976,34.627,35.595,20657,0
2015-07-31,36.181,36.377,35.79,36.074,39882,0
2015-08-03,36.758,36.758,34.861,35.526,64093,0
2015-08-04,35.937,36.348,35.204,36.093,35587,0
2015-08-05,37.648,37.648,36.788,37.326,42746,0
2015-08-06,37.805,37.805,35.243,35.898,33202,0
2015-08-07,35.448,36.074,34.47,35.174,35996,0
2015-08-10,35.409,36.719,35.409,35.937,34565,0
2015-08-11,35.692,36.113,35.204,36.084,18214,0
2015-08-12,35.37,35.81,33.776,35.546,52665,0
2015-08-13,36.084,37.101,35.595,36.445,34156,0
2015-08-14,36.719,37.022,36.524,36.964,23929,0
2015-08-17,36.768,37.384,36.133,37.159,61664,0
2015-08-18,37.345,38.352,37.345,37.599,32929,0
2015-08-19,37.893,38.069,36.67,37.296,35178,0
2015-08-20,36.719,36.876,35.233,35.243,71584,0
2015-08-21,34.891,34.891,31.302,31.497,148792,0
2015-08-24,26.403,31.781,14.668,27.869,256310,0
2015-08-25,30.314,33.199,28.495,28.495,109830,0
2015-08-26,29.062,30.647,27.537,30.451,70663,0
2015-08-27,31.057,32.661,30.999,32.338,89173,0
2015-08-28,32.172,32.72,31.595,31.771,23623,0
2015-08-31,31.585,32.172,31.145,31.752,37224,0
2015-09-01,29.336,30.529,28.583,29.043,135600,0
2015-09-02,30.021,30.754,29.591,30.656,22191,0
2015-09-03,31.106,31.908,30.608,30.608,24952,0
2015-09-04,29.825,30.128,29.092,29.718,30474,0
2015-09-08,30.93,31.673,30.51,31.673,50109,0
2015-09-09,32.642,32.759,30.461,30.862,47552,0
2015-09-10,30.207,31.39,30.207,30.793,14197,0
2015-09-11,30.754,31.409,30.529,31.409,22702,0
2015-09-14,31.018,31.272,30.48,30.744,26690,0
2015-09-15,30.803,31.654,30.324,31.448,34462,0
2015-09-16,31.018,32.534,31.018,32.465,30270,0
2015-09-17,32.866,34.509,32.573,32.622,72174,0
2015-09-18,31.771,32.622,31.243,31.497,51540,0
2015-09-21,32.201,32.759,31.497,32.025,47961,0
2015-09-22,31.292,31.36,30.51,31.341,50722,0
2015-09-23,31.194,31.478,30.911,31.409,18197,0
2015-09-24,31.419,31.527,30.314,31.087,44306,0
2015-09-25,32.27,32.475,30.823,31.351,35690,0
2015-09-28,30.412,30.979,28.358,28.965,83654,0
2015-09-29,28.574,29.327,27.684,28.3,53279,0
2015-09-30,29.473,30.226,29.102,30.119,76492,0
2015-10-01,30.647,30.881,29.454,30.881,25054,0
2015-10-02,29.903,31.664,29.229,31.664,42337,0
2015-10-05,32.602,33.346,32.27,33.209,74342,0
2015-10-06,33.179,33.365,31.644,32.133,39064,0
2015-10-07,33.385,33.385,31.869,32.485,30213,0
2015-10-08,32.857,33.482,31.791,33.346,28940,0
2015-10-09,33.707,33.727,32.925,33.619,29043,0
2015-10-12,34.304,34.421,33.629,34.304,49891,0
2015-10-13,33.854,34.431,33.375,33.434,23623,0
2015-10-14,33.492,33.776,31.106,31.321,89991,0
2015-10-15,31.106,32.074,30.872,31.996,31804,0
2015-10-16,32.153,32.69,32.035,32.69,32008,0
2015-10-19,32.26,33.082,32.26,32.974,29176,0
2015-10-20,32.827,32.866,32.172,32.436,30679,0
2015-10-21,32.651,32.808,32.201,32.27,11249,0
2015-10-22,32.289,33.277,32.289,33.091,22907,0
2015-10-23,35.428,35.428,33.101,33.365,37735,0
2015-10-26,33.561,34.587,33.443,34.519,18305,0
2015-10-27,34.832,34.832,33.805,34.089,20350,0
2015-10-28,34.421,35.194,33.952,35.135,40087,0
2015-10-29,35.135,35.624,34.773,35.604,23316,0
2015-10-30,35.624,36.494,35.458,35.868,64630,0
2015-11-02,36.181,36.338,34.93,36.162,52086,0
2015-11-03,36.172,36.964,36.172,36.69,48558,0
2015-11-04,36.876,37.316,36.406,37.042,81788,0
2015-11-05,37.629,38.03,36.954,37.971,46223,0
2015-11-06,38.137,38.274,37.14,37.687,63403,0
2015-11-09,37.834,37.834,35.409,36.181,66402,0
2015-11-10,35.702,37.091,35.702,37.091,23623,0
2015-11-11,37.159,37.159,35.908,36.035,52358,0
2015-11-12,35.448,35.917,34.979,34.979,24645,0
2015-11-13,34.177,34.177,31.106,31.106,167710,0
2015-11-16,30.725,32.7,30.637,32.7,46529,0
2015-11-17,34.206,34.754,33.424,33.962,76799,0
2015-11-18,34.578,35.477,33.883,35.477,46018,0
2015-11-19,35.546,36.005,35.213,35.399,29247,0
2015-11-20,36.142,37.081,36.015,37.081,73936,0
2015-11-23,37.228,38.567,37.159,38.303,152064,0
2015-11-24,37.707,38.724,37.071,38.352,58699,0
2015-11-25,38.382,39.35,38.382,39.027,80583,0
2015-11-27,39.584,39.584,38.626,39.017,26793,0
2015-11-30,39.056,39.056,37.404,37.619,83242,0
2015-12-01,38.127,38.528,37.638,38.391,43575,0
2015-12-02,38.235,39.076,37.883,37.981,70158,0
2015-12-03,38.225,38.626,36.68,37.081,36707,0
2015-12-04,37.189,39.193,37.189,39.115,53176,0
2015-12-07,39.115,39.115,37.863,38.509,43768,0
2015-12-08,37.511,39.291,37.355,39.144,49599,0
2015-12-09,38.88,39.526,36.885,37.355,54915,0
2015-12-10,37.316,38.372,37.218,37.55,35178,0
2015-12-11,36.299,36.651,35.164,35.301,109216,0
2015-12-14,35.399,36.67,34.685,36.67,59759,0
2015-12-15,38.039,38.039,36.377,36.406,35485,0
2015-12-16,37.15,38.343,36.397,38.127,24645,0
2015-12-17,38.626,38.626,36.514,36.514,35996,0
2015-12-18,36.054,36.074,35.125,35.125,42643,0
2015-12-21,35.497,35.702,34.9,35.38,30883,0
2015-12-22,35.751,36.485,35.644,36.221,28118,0
2015-12-23,37.062,37.062,36.406,36.905,17794,0
2015-12-24,37.013,37.013,36.473,36.67,11256,0
2015-12-28,36.543,36.934,36.142,36.934,38061,0
2015-12-29,37.453,38.808,37.453,38.577,73684,0
2015-12-30,38.577,38.629,37.971,38.039,38544,0
2015-12-31,38.186,38.186,36.768,36.807,65181,0
2016-01-04,34.969,34.969,33.62,34.744,150016,0
2016-01-05,35.223,35.546,34.539,35.096,55865,0
2016-01-06,33.737,34.744,33.664,34.49,70998,0
2016-01-07,32.818,34.47,32.289,32.837,105103,0
2016-01-08,33.737,33.737,30.95,31.096,67621,0
2016-01-11,31.546,32.615,30.862,32.503,89349,0
2016-01-12,33.551,33.913,32.221,33.19,90907,0
2016-01-13,33.541,33.541,28.945,29.278,109219,0
2016-01-14,29.072,30.226,27.527,29.395,115354,0
2016-01-15,26.96,28.476,26.96,27.909,61579,0
2016-01-19,27.977,29.229,27.791,28.476,139384,0
2016-01-20,27.684,28.016,24.941,27.439,139031,0
2016-01-21,27.703,29.503,27.42,28.349,48128,0
2016-01-22,29.62,30.314,29.551,30.06,64181,0
2016-01-25,29.845,30.451,29.508,29.532,38249,0
2016-01-26,29.884,30.568,29.505,30.324,19072,0
2016-01-27,30.119,30.82,28.619,29.141,11003,0
2016-01-28,30.07,31.096,29.467,31.096,24650,0
2016-01-29,29.825,31.165,29.309,31.087,33840,0
2016-02-01,30.392,31.756,29.894,31.527,21975,0
2016-02-02,30.622,30.735,29.688,30.011,20232,0
2016-02-03,30.265,30.265,27.077,28.202,42305,0
2016-02-04,27.39,27.435,26.403,27.4,23903,0
2016-02-05,26.901,26.901,24.701,24.809,58955,0
2016-02-08,23.625,24.242,22.432,23.577,82951,0
2016-02-09,22.972,24.457,22.873,23.743,308938,0
2016-02-10,24.457,25.141,23.987,23.987,14921,0
2016-02-11,23.823,24.163,22.931,24.163,15496,0
2016-02-12,24.691,25.239,24.369,25.142,42677,0
2016-02-16,25.982,27.048,25.953,26.852,49420,0
2016-02-17,27.566,28.437,27.566,28.212,74563,0
2016-02-18,28.358,28.368,26.939,27.224,57704,0
2016-02-19,26.432,27.586,26.153,27.586,26301,0
2016-02-22,28.332,29.434,28.332,29.346,22403,0
2016-02-23,29.639,29.854,28.857,29.327,19979,0
2016-02-24,28.652,30.478,27.967,30.373,53662,0
2016-02-25,30.656,31.263,30.04,31.253,35354,0
2016-02-26,31.634,31.634,30.608,30.793,12373,0
2016-02-29,30.862,31.145,30.021,30.021,22427,0
2016-03-01,30.471,32.003,30.05,31.947,49903,0
2016-03-02,31.898,32.27,31.507,32.094,26633,0
2016-03-03,31.928,32.231,31.292,32.192,26038,0
2016-03-04,32.27,32.925,32.113,32.358,25593,0
2016-03-07,32.123,32.505,31.233,31.703,34114,0
2016-03-08,31.39,32.817,31.39,31.874,18216,0
2016-03-09,32.465,32.465,31.713,32.006,28228,0
2016-03-10,32.221,33.101,31.155,32.377,34711,0
2016-03-11,33.101,33.655,33.101,33.61,16737,0
2016-03-14,33.59,34.226,33.434,34.03,17875,0
2016-03-15,33.629,34.402,33.484,34.079,12641,0
2016-03-16,33.59,34.715,33.46,34.294,37164,0
2016-03-17,34.226,34.226,33.522,33.893,13874,0
2016-03-18,33.952,34.392,33.72,33.903,28277,0
2016-03-21,33.952,34.157,33.496,33.923,13284,0
2016-03-22,33.737,34.296,33.727,33.893,21630,0
2016-03-23,33.971,34.343,33.815,34.128,9865,0
2016-03-24,33.541,34.441,33.541,34.441,32441,0
2016-03-28,34.47,35.458,34.47,35.018,12537,0
2016-03-29,34.91,36.348,34.91,36.265,44574,0
2016-03-30,36.846,37.159,36.67,36.905,29130,0
2016-03-31,36.866,37.003,36.346,36.524,24063,0
2016-04-01,35.947,37.452,35.644,37.335,36562,0
2016-04-04,37.448,37.448,36.24,36.533,28287,0
2016-04-05,35.957,36.25,35.595,35.595,19357,0
2016-04-06,35.937,36.719,35.937,36.633,6776,0
2016-04-07,36.191,36.191,34.539,34.91,70576,0
2016-04-08,35.546,35.546,34.2,34.587,40263,0
2016-04-11,34.715,35.295,34.226,34.226,28029,0
2016-04-12,34.196,35.402,33.874,35.331,19652,0
2016-04-13,35.702,36.454,35.702,36.416,30699,0
2016-04-14,36.651,36.817,36.133,36.573,36854,0
2016-04-15,36.67,37.296,36.582,37.296,33302,0
2016-04-18,37.159,38.212,37.159,38.167,43235,0
2016-04-19,38.136,38.155,36.573,37.013,22515,0
2016-04-20,37.423,37.423,36.993,37.159,15997,0
2016-04-21,37.521,37.521,36.289,36.328,18117,0
2016-04-22,36.475,36.475,35.204,36.035,19900,0
2016-04-25,35.908,36.24,35.399,36.035,6494,0
2016-04-26,36.318,36.631,36.084,36.25,5841,0
2016-04-27,36.074,36.426,35.683,36.269,19427,0
2016-04-28,36.005,36.563,34.509,34.509,18828,0
2016-04-29,36.494,36.856,35.536,36.142,30472,0
2016-05-02,36.191,38.137,36.191,38.069,37049,0
2016-05-03,37.169,37.668,36.788,36.993,20196,0
2016-05-04,36.112,37.179,36.074,37.14,15113,0
2016-05-05,37.648,37.648,35.272,35.321,27435,0
2016-05-06,35.204,36.312,34.822,36.312,7420,0
2016-05-09,36.846,37.756,36.788,37.362,29031,0
2016-05-10,38.186,38.518,38,38.509,37410,0
2016-05-11,37.99,37.99,35.888,35.986,76933,0
2016-05-12,36.455,36.602,35.507,36.26,26764,0
2016-05-13,35.859,35.859,34.47,34.539,44198,0
2016-05-16,34.607,36.089,34.47,35.8,24261,0
2016-05-17,35.438,35.438,33.626,33.874,23079,0
2016-05-18,32.915,33.744,32.534,33.121,36990,0
2016-05-19,33.649,34.529,33.649,34.519,21956,0
2016-05-20,35.174,35.448,35.028,35.135,33867,0
2016-05-23,35.233,35.341,34.392,34.392,7777,0
2016-05-24,34.685,35.917,34.685,35.761,40965,0
2016-05-25,36.211,36.729,35.937,36.465,48305,0
2016-05-26,37.159,37.824,37.159,37.609,27310,0
2016-05-27,37.795,38.049,37.707,37.902,14785,0
2016-05-31,37.971,38.284,37.785,38.274,25212,0
2016-06-01,37.99,38.489,37.99,37.99,8298,0
2016-06-02,38.049,38.831,37.629,38.831,42590,0
2016-06-03,38.655,38.655,37.709,38.607,6659,0
2016-06-06,38.428,38.428,37.599,37.99,15624,0
2016-06-07,38.261,38.626,38.137,38.137,11701,0
2016-06-08,38.127,38.512,38.039,38.255,6499,0
2016-06-09,37.873,38.039,37.795,37.989,9806,0
2016-06-10,37.159,37.326,36.69,36.983,45973,0
2016-06-13,36.983,37.376,36.191,36.201,22412,0
2016-06-14,35.986,36.181,35.36,35.878,50779,0
2016-06-15,36.338,37.062,36.338,36.348,8134,0
2016-06-16,35.791,36.817,35.458,36.7,22580,0
2016-06-17,36.221,36.67,36.093,36.093,2068,0
2016-06-20,37.521,38.02,36.866,36.866,28015,0
2016-06-21,36.878,37.081,36.621,37.022,29349,0
2016-06-22,37.57,37.57,36.67,36.67,6683,0
2016-06-23,37.541,37.593,37.12,37.355,20981,0
2016-06-24,34.235,36.377,33.668,36.005,41416,0
2016-06-27,34.949,35.057,33.376,34.519,14825,0
2016-06-28,35.497,36.181,35.116,36.181,17972,0
2016-06-29,37.286,37.599,37.159,37.316,20917,0
2016-06-30,37.453,37.99,36.934,37.795,27809,0
2016-07-01,38.02,38.977,38.02,38.812,42597,0
2016-07-05,38.773,38.773,37.893,38.597,30013,0
2016-07-06,37.961,39.927,37.463,39.834,42336,0
2016-07-07,40.093,40.314,39.418,39.716,19180,0
2016-07-08,40.944,42.029,40.924,41.977,29859,0
2016-07-11,42.929,43.193,42.479,42.88,48802,0
2016-07-12,43.271,43.34,42.098,42.436,26499,0
2016-07-13,42.675,42.675,41.551,41.824,16970,0
2016-07-14,42.371,42.684,41.97,42.195,10195,0
2016-07-15,42.635,42.635,41.521,41.53,17664,0
2016-07-18,41.403,42.792,41.403,42.577,11964,0
2016-07-19,42.547,42.547,41.824,41.931,13845,0
2016-07-20,42.538,42.668,42.127,42.635,9899,0
2016-07-21,42.635,42.635,41.755,41.931,14301,0
2016-07-22,42.518,42.714,42.462,42.462,6793,0
2016-07-25,42.391,42.946,42.304,42.87,18433,0
2016-07-26,43.232,43.872,42.987,43.203,28124,0
2016-07-27,43.613,43.613,42.127,42.577,27682,0
2016-07-28,42.988,44.004,42.498,44.004,6662,0
2016-07-29,44.532,44.757,43.831,44.601,14085,0
2016-08-01,44.924,45.357,44.435,45.07,24851,0
2016-08-02,44.982,44.982,42.899,43.223,11850,0
2016-08-03,42.538,43.163,42.137,43.163,16942,0
2016-08-04,43.163,43.657,42.802,43.329,2846,0
2016-08-05,44.288,44.708,43.946,44.249,14714,0
2016-08-08,45.207,45.207,43.692,43.898,10098,0
2016-08-09,44.64,44.64,43.32,43.457,18658,0
2016-08-10,44.151,44.151,43.525,43.682,50898,0
2016-08-11,44.699,45.588,44.33,45.053,22157,0
2016-08-12,44.924,45.481,44.591,45.207,11073,0
2016-08-15,45.569,45.765,45.285,45.351,14898,0
2016-08-16,44.845,45.08,44.249,44.249,9968,0
2016-08-17,43.819,43.819,42.547,43.388,46931,0
2016-08-18,43.799,43.799,43.335,43.437,11977,0
2016-08-19,43.555,43.897,43.379,43.675,4474,0
2016-08-22,43.506,43.506,43.124,43.388,4734,0
2016-08-23,43.975,44.464,43.858,43.868,10321,0
2016-08-24,44.161,44.161,43.331,43.354,6508,0
2016-08-25,43.291,43.291,42.285,42.322,16380,0
2016-08-26,42.313,42.88,41.716,42.156,29074,0
2016-08-29,42.323,42.684,42.323,42.567,7769,0
2016-08-30,42.303,42.567,41.526,41.609,12424,0
2016-08-31,41.423,41.775,40.875,41.775,26716,0
2016-09-01,41.599,41.648,40.973,41.589,10956,0
2016-09-02,42.276,42.415,41.746,42.01,8490,0
2016-09-06,42.098,42.371,41.706,42.371,29489,0
2016-09-07,42.137,42.137,41.56,41.902,43870,0
2016-09-08,41.863,41.863,40.621,40.758,21408,0
2016-09-09,39.907,39.907,37.668,37.668,33554,0
2016-09-12,37.159,39.428,37.159,39.213,26995,0
2016-09-13,39.115,39.115,37.286,37.687,13135,0
2016-09-14,37.697,38.46,37.394,37.511,22617,0
2016-09-15,37.824,38.865,37.159,38.685,12762,0
2016-09-16,38.039,38.919,38.039,38.808,4355,0
2016-09-19,39.32,39.604,38.415,38.674,29407,0
2016-09-20,39.135,39.135,38.569,38.783,9324,0
2016-09-21,38.714,39.663,38.601,39.663,7518,0
2016-09-22,40.054,40.804,40.054,40.533,26068,0
2016-09-23,40.543,40.763,40.488,40.504,10346,0
2016-09-26,40.093,40.288,39.213,39.213,18672,0
2016-09-27,39.242,40.709,39.242,40.709,8088,0
2016-09-28,40.973,41.071,40.592,40.674,11817,0
2016-09-29,40.601,41.413,40.015,40.318,8111,0
2016-09-30,40.983,41.99,40.836,41.609,23796,0
2016-10-03,40.914,41.705,40.914,41.57,7173,0
2016-10-04,41.775,41.813,40.924,41.088,7476,0
2016-10-05,41.374,42.019,41.345,41.599,12944,0
2016-10-06,41.579,41.853,41.061,41.853,6869,0
2016-10-07,42.039,42.045,40.966,41.4,10918,0
2016-10-10,42.146,42.146,40.953,40.978,5546,0
2016-10-11,41.002,41.002,39.399,39.731,15064,0
2016-10-12,39.672,40.523,39.672,40.23,27046,0
2016-10-13,39.848,40.473,39.115,40.078,9569,0
2016-10-14,40.572,40.645,39.79,39.79,4668,0
2016-10-17,39.379,39.379,38.46,38.607,13525,0
2016-10-18,39.809,40.054,39.565,39.721,5934,0
2016-10-19,40.161,40.161,39.408,39.917,6464,0
2016-10-20,39.555,39.887,39.555,39.804,2372,0
2016-10-21,39.428,40.181,39.279,40.161,2820,0
2016-10-24,41.315,41.658,41.09,41.501,15713,0
2016-10-25,41.501,41.501,40.337,40.343,6132,0
2016-10-26,39.897,40.254,39.796,40.151,2763,0
2016-10-27,39.179,39.492,38.724,38.752,10812,0
2016-10-28,38.753,38.753,36.729,37.374,32043,0
2016-10-31,37.286,37.916,37.286,37.873,6819,0
2016-11-01,38.137,38.137,35.976,36.573,15559,0
2016-11-02,36.338,36.661,35.927,36.063,12054,0
2016-11-03,36.201,36.446,35.194,35.428,9494,0
2016-11-04,35.301,35.565,34.724,34.724,12422,0
2016-11-07,36.191,37.208,36.191,37.15,13702,0
2016-11-08,37.15,37.834,36.67,37.208,8436,0
2016-11-09,33.59,37.893,33.59,37.814,37742,0
2016-11-10,38.509,39.462,37.55,37.973,32314,0
2016-11-11,37.208,38.323,37.208,38.323,10643,0
2016-11-14,39.213,39.369,37.443,37.506,26168,0
2016-11-15,38.538,38.538,37.619,38,26492,0
2016-11-16,38.284,39.076,37.99,38.871,42988,0
2016-11-17,38.929,40.236,38.832,40.171,71007,0
2016-11-18,40.435,40.513,39.907,40.044,44488,0
2016-11-21,40.377,41.315,40.377,41.266,30251,0
2016-11-22,41.951,43.652,41.951,43.515,83033,0
2016-11-23,43.731,43.731,43.124,43.485,25660,0
2016-11-25,44.004,44.229,43.607,43.711,48211,0
2016-11-28,43.496,43.496,42.098,42.384,29221,0
2016-11-29,42.733,42.843,42.018,42.049,19876,0
2016-11-30,42.948,42.948,40.925,41.041,33700,0
2016-12-01,40.983,41.618,39.81,40.748,29202,0
2016-12-02,41.755,41.755,40.68,40.68,8284,0
2016-12-05,40.973,42.342,40.748,42.146,14733,0
2016-12-06,42.342,43.515,41.667,43.222,26129,0
2016-12-07,43.907,45.938,43.546,45.54,51895,0
2016-12-08,45.745,48.059,45.745,47.74,47983,0
2016-12-09,48.806,48.806,46.569,46.899,40370,0
2016-12-12,46.889,46.889,44.102,44.542,61407,0
2016-12-13,45.002,45.364,44.005,44.718,29698,0
2016-12-14,44.689,44.704,42.919,43.173,108444,0
2016-12-15,43.31,44.268,42.655,43.31,17505,0
2016-12-16,43.095,43.481,41.442,41.833,16457,0
2016-12-19,41.98,42.733,41.824,42.049,12397,0
2016-12-20,42.7,44.386,42.7,44.01,17844,0
2016-12-21,43.69,43.79,42.76,42.827,10396,0
2016-12-22,42,42.138,38.04,38.36,69579,0
2016-12-23,38.4,39.2208,37.58,37.85,33526,0
2016-12-27,37.85,39.45,37.85,38.87,42861,0
2016-12-28,39.25,39.25,37.05,37.5,22246,0
2016-12-29,37.52,38.17,36.7561,37.2689,15542,0
2016-12-30,37.43,37.43,36.15,36.52,29689,0
2017-01-03,37.73,37.88,36.28,37.2045,48821,0
2017-01-04,37.76,39.75,37.76,39.3,46922,0
2017-01-05,37.49,37.49,35.59,36.46,75048,0
2017-01-06,36.46,36.46,35.56,35.595,50093,0
2017-01-09,35.87,36.12,35.67,35.84,17571,0
2017-01-10,35.67,37.6,35.67,37.274,21702,0
2017-01-11,37.31,37.31,35.6001,36.56,20200,0
2017-01-12,36.31,36.4847,35.0723,36.2,30958,0
2017-01-13,36.2,36.9632,36.2,36.4614,30173,0
2017-01-17,36.83,38.66,36.46,37.15,50450,0
2017-01-18,36.68,37.1,35.6834,36.874,47858,0
2017-01-19,36.36,36.4,34.7,34.9742,26360,0
2017-01-20,35.73,35.73,34.34,34.8656,30439,0
2017-01-23,34.56,34.66,33.88,34.16,35412,0
2017-01-24,34.77,35.46,34.4,35.46,59181,0
2017-01-25,35.54,36.1536,35.46,35.89,29235,0
2017-01-26,35.44,36.1863,34.47,34.47,45298,0
2017-01-27,34.4,34.83,32.681,33.077,66186,0
2017-01-30,32.5,33.2,31.81,33.07,37004,0
2017-01-31,32.6,34.3586,32.244,34.2999,33529,0
2017-02-01,34.5,34.5,32.9,33.2266,13717,0
2017-02-02,33.05,34.219,32.7078,33.15,20880,0
2017-02-03,32.95,34.2324,32.95,33.7,19687,0
2017-02-06,33.7,33.8,32.497,32.7985,7738,0
2017-02-07,33.074,33.074,32.07,32.2,12737,0
2017-02-08,32.14,33.64,31.952,33.6,29968,0
2017-02-09,33.87,35.73,33.87,35.36,84512,0
2017-02-10,35.66,36.399,34.9,36,25925,0
2017-02-13,36.24,36.72,34.73,34.8,31123,0
2017-02-14,35.6,35.7759,34.7,35.67,12886,0
2017-02-15,35.4,36.7447,35.4,36.6341,41321,0
2017-02-16,36.34,36.443,34.458,34.51,30967,0
2017-02-17,34.03,35.3,34.03,35.3,15102,0
2017-02-21,36,36.8,35.78,36.6,38434,0
2017-02-22,36.45,36.6164,35.9,36.428,24619,0
2017-02-23,35.9219,35.9219,33.6046,33.78,27562,0
2017-02-24,33.13,35.593,33.1,34.93,17805,0
2017-02-27,34.92,35.93,34.72,35.93,10919,0
2017-02-28,35.29,35.29,32.88,33.45,30835,0
2017-03-01,34.97,34.97,32.2012,33.33,22987,0
2017-03-02,33.25,34.34,33.25,33.855,23015,0
2017-03-03,33.87,34.1125,32.3,32.58,18833,0
2017-03-06,32.29,32.29,31.42,31.93,46570,0
2017-03-07,32.02,32.02,30.8,30.8,14590,0
2017-03-08,31.1072,32.08,31.1072,31.65,16702,0
2017-03-09,31.7175,31.7175,30.6,30.73,18329,0
2017-03-10,31.08,31.92,30.9922,31.2,33789,0
2017-03-13,31.65,31.65,30.4,30.67,19046,0
2017-03-14,30.45,30.79,30,30.79,32513,0
2017-03-15,31.08,31.69,30.5623,31.55,20084,0
2017-03-16,31.7319,32.16,31.45,32,9719,0
2017-03-17,32.02,32.45,31.56,32.45,14160,0
2017-03-20,31.5,31.63,30.37,30.75,41561,0
2017-03-21,30.5931,30.5931,28.4217,28.98,36368,0
2017-03-22,28.49,28.8234,27.904,28.67,46456,0
2017-03-23,28.98,29.99,28.98,29.35,21712,0
2017-03-24,29.1372,29.2532,28.6134,29.12,16658,0
2017-03-27,28.5453,29.5,28.5453,29.17,9744,0
2017-03-28,29.4403,30.46,29.11,30.46,19367,0
2017-03-29,30.46,32.385,30.4,32.07,39617,0
2017-03-30,32.012,32.45,31.4965,32.26,23497,0
2017-03-31,31.97,32.15,31.46,31.65,12637,0
2017-04-03,31.1632,31.27,29.9,30.2499,39501,0
2017-04-04,29.49,30.031,28.9471,29.29,30447,0
2017-04-05,29.59,30.12,28.1418,28.45,19140,0
2017-04-06,28.61,30.43,28.61,30.16,19388,0
2017-04-07,29.9701,30.2,29.6849,29.9,19258,0
2017-04-10,29.9,31.2899,29.8116,31.16,21316,0
2017-04-11,31.14,31.8327,30.6462,31.73,11885,0
2017-04-12,31.28,31.74,30.942,31.51,16731,0
2017-04-13,31.4,31.4,29.92,30.2699,12109,0
2017-04-17,30.38,30.81,30,30.56,6853,0
2017-04-18,30.63,31.04,30.4757,31.04,3675,0
2017-04-19,31.7,32.52,31.5,31.7,33566,0
2017-04-20,31.94,33.8412,31.94,33.31,45739,0
2017-04-21,33.6,33.6,32.2,32.77,14915,0
2017-04-24,33.74,33.74,32.9691,33.2294,14643,0
2017-04-25,33.28,34.246,32.77,33.35,13705,0
2017-04-26,33.592,34.846,33.592,34.1388,21780,0
2017-04-27,34.19,34.19,33.5,33.95,12536,0
2017-04-28,34,34.0044,32.5194,32.85,14907,0
2017-05-01,32.84,33.3899,32.33,32.74,22769,0
2017-05-02,33.08,33.5,32.75,33.5,9263,0
2017-05-03,33.62,33.62,32.6188,33,10098,0
2017-05-04,33.36,33.36,32.11,32.36,13634,0
2017-05-05,32.67,33.7,32.57,33.6,9266,0
2017-05-08,33.2,34.15,33.2,33.52,16642,0
2017-05-09,33.9,35.08,33.9,34.51,18225,0
2017-05-10,34.65,35.56,34.49,35.42,25610,0
2017-05-11,34.77,34.78,32.15,32.65,33140,0
2017-05-12,32.2843,32.2843,30.8,30.92,40017,0
2017-05-15,30.7,31.6763,30.65,30.76,23114,0
2017-05-16,30.12,30.3468,29.5501,29.95,141271,0
2017-05-17,29.34,29.348,28.28,28.32,43288,0
2017-05-18,28.19,28.7,28.043,28.42,24119,0
2017-05-19,28.24,28.45,27.5,28.23,41068,0
2017-05-22,28.17,29,28.17,28.827,14249,0
2017-05-23,29.08,29.64,27.47,27.5,23900,0
2017-05-24,27.39,27.39,26.5301,27.26,32982,0
2017-05-25,27.97,28.63,27.8007,28.04,26291,0
2017-05-26,28.04,28.04,27.25,27.841,7057,0
2017-05-30,27.9,28.08,27.67,27.86,10769,0
2017-05-31,28.12,28.12,26.51,27.6,19825,0
2017-06-01,27.67,29.46,27.67,29.22,33286,0
2017-06-02,29.68,29.68,28.6266,28.71,18517,0
2017-06-05,28.61,28.8095,28.2,28.61,9368,0
2017-06-06,28.03,28.03,26.72,26.98,25609,0
2017-06-07,27.16,27.233,26.8644,27.15,12701,0
2017-06-08,27.65,27.72,26.9799,27.06,20679,0
2017-06-09,27.17,28.15,27.15,27.94,22680,0
2017-06-12,27.94,29.1742,27.94,28.6097,11313,0
2017-06-13,28.59,28.7231,27.8544,28.37,15744,0
2017-06-14,28.46,28.46,27.76,27.98,7639,0
2017-06-15,27.76,27.7898,26.6853,27.27,17147,0
2017-06-16,26.65,26.65,25.0807,26.2701,22184,0
2017-06-19,26.5,26.74,25.7172,26.5397,8236,0
2017-06-20,26.11,26.12,25.02,25.04,23099,0
2017-06-21,25.01,25.05,23.781,24.08,42633,0
2017-06-22,24.16,24.91,24,24.5073,18184,0
2017-06-23,25,25.3712,24.1,25.13,14531,0
2017-06-26,25.44,26.89,25.34,26.7,85330,0
2017-06-27,26.8166,27.559,26.71,26.8094,13978,0
2017-06-28,27.41,27.9451,27.4,27.51,28098,0
2017-06-29,27.18,27.83,26.2997,27.3094,23277,0
2017-06-30,27.71,27.818,27.3864,27.81,5616,0
2017-07-03,27.89,28.57,27.89,28.4,33300,0
2017-07-05,27.71,27.9218,26.55,26.82,31031,0
2017-07-06,27.185,27.185,25.07,25.1628,18795,0
2017-07-07,25.33,25.7925,25.142,25.6652,5611,0
2017-07-10,24.9,24.94,23.78,23.97,36823,0
2017-07-11,23.93,24.396,23.3542,23.765,23991,0
2017-07-12,23.9,24.8185,23.9,24.14,17036,0
2017-07-13,24.8,26.03,24.6617,25.996,220494,0
2017-07-14,26.28,26.36,25.52,25.89,23614,0
2017-07-17,26.49,26.84,26.01,26.46,348108,0
2017-07-18,26.35,26.4052,25.8362,26.17,17865,0
2017-07-19,26.55,27.1001,26.46,26.9999,27194,0
2017-07-20,27.77,27.77,26.9214,27.19,11639,0
2017-07-21,27.36,27.36,26.3356,26.78,27770,0
2017-07-24,26.94,26.94,25.4,25.4812,21704,0
2017-07-25,25.95,27.6204,25.6885,27.22,13347,0
2017-07-26,27.13,27.7118,26.7297,27.5,9477,0
2017-07-27,27.5,28.6,27.48,28.6,724038,0
2017-07-28,28.35,28.62,28,28.41,13704,0
2017-07-31,28.569,28.569,27.35,28,7194,0
2017-08-01,27.6487,28.5,27.5,28.5,5625,0
2017-08-02,27.88,28.2364,26.999,27.4199,8269,0
2017-08-03,27.61,28.11,27.1217,27.2737,6244,0
2017-08-04,27.55,28.1,27.4953,28.1,6824,0
2017-08-07,28.62,28.72,27.8,28.4026,9548,0
2017-08-08,28.9,29.2854,27.8,27.81,30993,0
2017-08-09,26.94,27.31,26.03,26.99,16646,0
2017-08-10,26.59,27.25,24.51,24.7,175356,0
2017-08-11,25.09,25.2968,24.6084,25.2,12800,0
2017-08-14,25.8,26,24.9538,25.19,14185,0
2017-08-15,24.61,24.61,23.1353,23.1547,47461,0
2017-08-16,23.9,24.18,23.68,23.76,38488,0
2017-08-17,23.66,23.67,22.5576,22.57,32383,0
2017-08-18,22.14,22.42,21.8704,22.28,73731,0
2017-08-21,21.97,22.08,21.33,21.88,9655,0
2017-08-22,22.09,22.948,22.09,22.76,26551,0
2017-08-23,22.79,23.14,22.5777,22.61,21208,0
2017-08-24,23.76,24.83,23.22,23.22,62327,0
2017-08-25,24.1,24.4033,23.46,24.4033,10018,0
2017-08-28,24.31,24.31,23.462,24,42101,0
2017-08-29,23,23.37,22.744,23.37,27472,0
2017-08-30,23.35,23.9,23.35,23.55,15169,0
2017-08-31,24.03,24.06,23.75,23.881,10831,0
2017-09-01,24,24.9291,24,24.82,31420,0
2017-09-05,24.49,25.07,24.2376,24.7157,17129,0
2017-09-06,24.93,25.7605,24.93,25.57,178286,0
2017-09-07,26,26.36,25.75,26.17,68139,0
2017-09-08,26,26,25.1684,25.54,15841,0
2017-09-11,26.02,26.2,25.86,26.1326,9313,0
2017-09-12,25.99,27.6,25.99,27.1818,52434,0
2017-09-13,27.79,28.33,27.5,28.15,40022,0
2017-09-14,28.06,28.06,27.2378,27.38,20714,0
2017-09-15,27.64,28.07,27.5348,28.07,11800,0
2017-09-18,28.5,28.62,27.504,27.58,63571,0
2017-09-19,27.8,28,26.5001,26.83,37144,0
2017-09-20,26.75,26.8596,26.28,26.66,20159,0
2017-09-21,26.66,26.66,26.18,26.3573,8585,0
2017-09-22,26.35,27.328,26.33,27.26,32731,0
2017-09-25,27.77,28.2792,27.5096,27.99,169265,0
2017-09-26,28.07,28.795,28.07,28.68,127807,0
2017-09-27,29.18,29.6695,28.4,29.58,311493,0
2017-09-28,29.5,29.62,28.54,29.14,23117,0
2017-09-29,29.65,29.65,29.11,29.25,32363,0
2017-10-02,29.23,29.27,28.3724,29.16,23468,0
2017-10-03,29.41,29.59,28.91,29.397,31055,0
2017-10-04,29.35,29.5,28.71,28.77,39212,0
2017-10-05,28.97,29.5198,28.9338,29.45,308031,0
2017-10-06,29.22,29.35,28.82,28.8467,15363,0
2017-10-09,28.86,28.926,27.28,27.31,21953,0
2017-10-10,27.53,28.139,27.2298,27.54,218074,0
2017-10-11,27.9,27.9,26.131,26.41,90191,0
2017-10-12,26.19,26.19,24.651,25.41,66321,0
2017-10-13,25.77,26.33,25.3406,25.57,60830,0
2017-10-16,25.6,25.6,24.7098,25.09,50097,0
2017-10-17,25.29,25.87,25.2,25.55,79401,0
2017-10-18,25.94,26.472,25.78,26.01,69535,0
2017-10-19,25.8,25.8,25.3,25.7493,22105,0
2017-10-20,26.26,26.92,26.215,26.78,45459,0
2017-10-23,27.17,27.909,26.94,26.98,55250,0
2017-10-24,27.35,27.48,26.84,27.2,28257,0
2017-10-25,27.18,27.18,25.66,26.65,39745,0
2017-10-26,26.8,27.38,26.26,26.9,39835,0
2017-10-27,26.71,26.71,24.92,25.66,91217,0
2017-10-30,25.3019,25.3019,24.1443,24.39,139267,0
2017-10-31,24.44,25.01,24.44,24.5,62349,0
2017-11-01,25.05,25.1802,24.015,24.55,23263,0
2017-11-02,24.89,25.673,24.6143,25.42,19763,0
2017-11-03,25,25.55,25,25.16,5165,0
2017-11-06,25.55,25.7,25.12,25.21,19091,0
2017-11-07,23.8937,24.0599,23.25,23.4282,158388,0
2017-11-08,23.48,23.8,22.8,23.5372,255302,0
2017-11-09,23.29,24.979,23.29,24.71,45280,0
2017-11-10,24.97,25.7,24.97,25.59,37673,0
