Date,Open,High,Low,Close,Volume,OpenInt
2011-10-20,439.6,460.2,402.4,425.4,40051,0
2011-10-21,455,461.1,443.1,457,3337,0
2011-10-24,463.2,485,463.2,471.8,4658,0
2011-10-25,467.6,549,461.6,545.4,16004,0
2011-10-26,568.1,570.1,538.6,548.3,11304,0
2011-10-27,575.1,648.7,564.7,631,21233,0
2011-10-28,641.3,646.2,615.2,637.9,25085,0
2011-10-31,586.9,603.6,584.9,593.2,8676,0
2011-11-01,500,558,493.4,533.7,18227,0
2011-11-02,566.1,586.7,557.2,578.7,14715,0
2011-11-03,603.3,606.3,560.5,595.6,6070,0
2011-11-04,577.8,588.3,565.2,575.4,4516,0
2011-11-07,598.5,620,597.3,617.8,15229,0
2011-11-08,614,636.4,600.7,615.7,21131,0
2011-11-09,600.8,606.6,559.2,571.1,18925,0
2011-11-10,573.7,574.2,530.4,568.7,6682,0
2011-11-11,578.3,609.8,574.1,601,28656,0
2011-11-14,593.1,594.4,568,580.5,13629,0
2011-11-15,593,607,570,595.2,28896,0
2011-11-16,568.1,581.7,545,550.5,35876,0
2011-11-17,518,519.7,424.3,443.4,23876,0
2011-11-18,458.4,486.2,450.7,473,10362,0
2011-11-21,430.5,444.6,405.3,443.3,31698,0
2011-11-22,449.6,500,447.8,488.2,59595,0
2011-11-23,443.8,458.6,426.4,448,9923,0
2011-11-25,415.1,444.3,410.4,413,8476,0
2011-11-28,454.9,461.6,449.2,453.2,4343,0
2011-11-29,443.9,454.8,440,445.8,15263,0
2011-11-30,465.3,490.6,461.2,486.5,13482,0
2011-12-01,495.5,512.1,472.9,481.2,21174,0
2011-12-02,503.7,506.3,461.8,473.5,13297,0
2011-12-05,485,491.4,443.5,445.2,28560,0
2011-12-06,441.3,487,432.4,484.7,15664,0
2011-12-07,481,483.2,460.1,470,5706,0
2011-12-08,455.3,455.8,423,428.4,15472,0
2011-12-09,444,460.9,439.9,454,8743,0
2011-12-12,413.8,417.9,400,416,15326,0
2011-12-13,418.5,440.6,381.1,389.9,26598,0
2011-12-14,329.3,342.5,305,317.8,53066,0
2011-12-15,330.1,331.1,307.5,321.9,25171,0
2011-12-16,338.4,348.5,333,345.3,13727,0
2011-12-19,323.7,330,311.1,311.9,12489,0
2011-12-20,335,341.3,330.5,338.9,23727,0
2011-12-21,331.1,340,324.5,334,25919,0
2011-12-22,326.9,332.3,320,324.5,9338,0
2011-12-23,333.1,333.1,322,323.2,2905,0
2011-12-27,314.5,325.4,307.9,309.2,35176,0
2011-12-28,298.8,298.8,252.4,256.5,57976,0
2011-12-29,241.7,280.1,236.8,280,54492,0
2011-12-30,285.1,298,273.2,274.6,41285,0
2012-01-03,306.3,336.8,305.8,333.3,34254,0
2012-01-04,319.3,330.6,314.7,318,10981,0
2012-01-05,305.6,326,304.4,322.1,12391,0
2012-01-06,324.5,324.9,299.1,302.4,29628,0
2012-01-09,316.1,318.1,305,309.9,13806,0
2012-01-10,346.2,349.9,338,340.4,25210,0
2012-01-11,336.9,350.9,332.6,343.5,18854,0
2012-01-12,359.4,366.4,342.5,349.4,17157,0
2012-01-13,335.2,342.7,325,331.7,22077,0
2012-01-17,351,358.3,340.1,343.7,26175,0
2012-01-18,349.5,364.1,346.4,359.9,14308,0
2012-01-19,359.2,366.7,355.8,363.9,9642,0
2012-01-20,362.3,420.2,359.4,420.2,26579,0
2012-01-23,416.7,442.9,416.5,426.5,29267,0
2012-01-24,421.8,428.1,411.5,413.7,16149,0
2012-01-25,407.8,469.5,396.8,465.2,64254,0
2012-01-26,485.4,486.3,463.8,467.7,23002,0
2012-01-27,470.5,492.3,469.4,491.2,17373,0
2012-01-30,469.5,481.4,463.9,472.4,21619,0
2012-01-31,495.5,496.2,450,460.1,20899,0
2012-02-01,490,494.1,475.2,482,25568,0
2012-02-02,484.7,511.3,480.9,507.9,26659,0
2012-02-03,490,494.9,464.7,478,31494,0
2012-02-06,465.5,487,465.3,479.6,10420,0
2012-02-07,472.7,509.5,464.7,504,26429,0
2012-02-08,503.4,511.7,480,492.8,23234,0
2012-02-09,508.2,512.1,483.6,487.5,18206,0
2012-02-10,471.4,486.3,464,470.5,15701,0
2012-02-13,479.7,485.6,469.9,481,12610,0
2012-02-14,481.8,485.5,460.1,471.7,9524,0
2012-02-15,487,487,456.1,467.5,24594,0
2012-02-16,445,473.2,437.9,472.1,31788,0
2012-02-17,475.1,475.1,453.4,458.8,15761,0
2012-02-21,486.3,510,484.3,507.2,45857,0
2012-02-22,493,513.2,490.4,509.8,41362,0
2012-02-23,527,561.5,517.6,552,60374,0
2012-02-24,554.7,563.8,544.2,553.2,23368,0
2012-02-27,549.9,562.5,542.9,550.8,66981,0
2012-02-28,582.2,637.8,578,621,127032,0
2012-02-29,629.9,651.3,478.2,501.1,187978,0
2012-03-01,509.2,548,507.8,540.1,84673,0
2012-03-02,516.5,521.1,492,506.2,61920,0
2012-03-05,498.7,498.7,453.2,473.4,72098,0
2012-03-06,421.8,434.3,410.5,429.2,77134,0
2012-03-07,431.4,452.8,423.9,445.2,57473,0
2012-03-08,458.2,468.3,445.1,462.5,41517,0
2012-03-09,445.8,486.2,438.8,478.7,66005,0
2012-03-12,464.8,464.8,443.2,451.9,28645,0
2012-03-13,439.9,458.9,428.2,436.9,45480,0
2012-03-14,417.3,432.5,375.2,395.7,69007,0
2012-03-15,393.4,420.4,387.6,405,54619,0
2012-03-16,409.5,414.4,402,408,24482,0
2012-03-19,406.9,428.2,404.6,421.7,36337,0
2012-03-20,397.8,405.3,379.2,388.5,66942,0
2012-03-21,389.5,400.5,384.1,391.5,52807,0
2012-03-22,365.6,373.1,353,364.6,103522,0
2012-03-23,376.7,394.4,372.3,388.9,61551,0
2012-03-26,408.7,417.7,404.8,415.7,82139,0
2012-03-27,420.9,425.4,402,402,76270,0
2012-03-28,398.4,401.4,375.1,385.5,80583,0
2012-03-29,380.5,392.6,369.8,392.2,66505,0
2012-03-30,401,405.5,391.2,393.3,79785,0
2012-04-02,398.9,427.9,397.3,418.7,35445,0
2012-04-03,418.6,430,398.7,401.2,55088,0
2012-04-04,362.6,368.1,341.2,349,143382,0
2012-04-05,357.4,368.1,356.2,365.5,71075,0
2012-04-09,365.7,367,352.1,356.8,42285,0
2012-04-10,360.6,369,345,364.9,150363,0
2012-04-11,363,368.6,353.4,358.9,84534,0
2012-04-12,361.1,394,361.1,385.9,119305,0
2012-04-13,381,381,349,354.2,121323,0
2012-04-16,357,361.5,348.5,354.9,76467,0
2012-04-17,363.2,368.7,350.7,361.4,44513,0
2012-04-18,355.8,359.7,349.5,356.3,63456,0
2012-04-19,364.6,372,359.3,362,25870,0
2012-04-20,361,363.6,357.7,359.3,18699,0
2012-04-23,327.5,332.2,320,332.1,74236,0
2012-04-24,336.8,340.2,326,329.9,39238,0
2012-04-25,332.8,332.8,303,327.5,62562,0
2012-04-26,328.6,344.7,326.1,338,86673,0
2012-04-27,348,349.2,340.6,344.7,27253,0
2012-04-30,326.8,337.4,320.7,336.1,73738,0
2012-05-01,342.9,345.7,331,333.5,36037,0
2012-05-02,320,323.3,315,323.2,64780,0
2012-05-03,314,316.6,298.5,307.1,48488,0
2012-05-04,304.5,315.8,303.1,311.1,26378,0
2012-05-07,309.9,309.9,292,304.9,34997,0
2012-05-08,285,288.1,275.9,287,95583,0
2012-05-09,269.4,281.1,266.2,277.8,126822,0
2012-05-10,280.9,285,273,274,39056,0
2012-05-11,259.3,274.6,255.7,268.9,93123,0
2012-05-14,257.2,257.2,249.3,250.4,136413,0
2012-05-15,246.5,251,232.9,234.8,133060,0
2012-05-16,229.8,243.6,212,221.4,100138,0
2012-05-17,235.8,250.2,230.6,243.3,95129,0
2012-05-18,253.7,266,253.2,259.3,78975,0
2012-05-21,245.4,255.4,243.2,254.5,36933,0
2012-05-22,250.7,262.4,240.5,245.1,117659,0
2012-05-23,234.9,238.3,218.2,237.8,235179,0
2012-05-24,252.5,253.3,241,247.7,125046,0
2012-05-25,247.9,255.9,245.7,252.9,40059,0
2012-05-29,255.6,258.9,234,237.7,107356,0
2012-05-30,228.9,244.8,224.4,238.4,71534,0
2012-05-31,239.1,243,228.5,233.7,101228,0
2012-06-01,247.8,257.9,244,251.5,142237,0
2012-06-04,250.3,250.3,238.9,246.1,70819,0
2012-06-05,248.2,254.2,246.6,254.2,103640,0
2012-06-06,283.2,288.8,271.8,275.8,101797,0
2012-06-07,282.2,282.5,247.4,253.4,159246,0
2012-06-08,241.3,253,241,253,87062,0
2012-06-11,255.4,255.4,245,253,68109,0
2012-06-12,261,265.2,255,263.3,99564,0
2012-06-13,265,266.6,257.9,259.4,73356,0
2012-06-14,260.3,260.4,241.8,253.5,149191,0
2012-06-15,254.1,257.3,251.8,253.5,50297,0
2012-06-18,246.3,258.6,244.5,255.7,97064,0
2012-06-19,256.5,257.6,244.8,248,184790,0
2012-06-20,241.4,252.5,228.8,237.9,159286,0
2012-06-21,226,227.9,206.1,207.8,93449,0
2012-06-22,204.7,208.1,200,208.1,122083,0
2012-06-25,204.9,223.9,203.2,221.6,234989,0
2012-06-26,214.6,216.9,203.6,210.5,69391,0
2012-06-27,214.6,215.7,203.1,206.5,59359,0
2012-06-28,203.5,204,188,194.6,131407,0
2012-06-29,218.6,224.3,211.9,217,62496,0
2012-07-02,217.5,220.6,213.8,218.6,26547,0
2012-07-03,232.9,240.4,231.9,238.4,78392,0
2012-07-05,220.1,226.9,218.6,221.6,105785,0
2012-07-06,211,211.8,203.5,207.3,91721,0
2012-07-09,210,215.9,209,212.3,44977,0
2012-07-10,214.4,214.6,198.5,200.8,115856,0
2012-07-11,204,209.9,200.2,205.6,61096,0
2012-07-12,194.9,212.6,193,208.1,59694,0
2012-07-13,209.7,216.6,209.6,210.3,40863,0
2012-07-16,212,213.5,208,210.7,14790,0
2012-07-17,211,213.8,199.2,209.6,58668,0
2012-07-18,205.8,211.3,205.8,209.1,61342,0
2012-07-19,212.6,213.9,207.1,209.4,45782,0
2012-07-20,201.3,213.6,200.5,210.5,169810,0
2012-07-23,200.8,207.4,198.3,203.7,76789,0
2012-07-24,206.9,207.5,195.1,203.9,78430,0
2012-07-25,210,215.7,205.7,211.4,116059,0
2012-07-26,218.5,220.5,211.9,215.3,83141,0
2012-07-27,218,221.7,211.5,220.9,98108,0
2012-07-30,219.4,232.2,218.9,231.3,41714,0
2012-07-31,230.9,232.2,224.5,225.4,115138,0
2012-08-01,208.6,216.6,206,210.5,103985,0
2012-08-02,207.8,210.3,201.6,205,91075,0
2012-08-03,210.6,223.2,209,219.3,166585,0
2012-08-06,218.4,224.9,217,222.9,78240,0
2012-08-07,227.6,229.6,225,228,65468,0
2012-08-08,225.8,231.1,224.6,225.9,83873,0
2012-08-09,224.9,229.9,224.7,228.2,122379,0
2012-08-10,220.5,233.9,218.3,227.3,121215,0
2012-08-13,225.1,226.3,218.7,219.2,106386,0
2012-08-14,219,221.1,217.8,220.2,82060,0
2012-08-15,222,224.8,219.3,220.6,15278,0
2012-08-16,222.4,231.5,220,229.7,136598,0
2012-08-17,231.7,231.7,224.8,226.6,95518,0
2012-08-20,227.2,245,227,244.7,85973,0
2012-08-21,254.5,262.1,254.1,256.2,136451,0
2012-08-22,260.7,273.3,258.9,271.2,129269,0
2012-08-23,291.7,297.5,285.3,290,163547,0
2012-08-24,289,295.1,286.9,294.2,203236,0
2012-08-27,299,308.9,293.7,293.9,145494,0
2012-08-28,298.9,301.3,293.5,299.4,80046,0
2012-08-29,299.7,300,290.3,294.3,100877,0
2012-08-30,298.5,299,280.2,284.5,62780,0
2012-08-31,295.1,324.7,281.3,324.7,195108,0
2012-09-04,337.6,344.3,330.2,341.7,150953,0
2012-09-05,339.9,341.7,333.6,338.6,50762,0
2012-09-06,351.4,360.4,346,351.8,114297,0
2012-09-07,375.6,385.9,370.4,384.2,111339,0
2012-09-10,378.7,389.6,369.6,372.1,94402,0
2012-09-11,385.6,388,374.1,376.2,47572,0
2012-09-12,388.3,388.3,343.2,369.1,164962,0
2012-09-13,366.3,423.1,350.9,417.6,236828,0
2012-09-14,414.3,418.4,406.1,417.1,70593,0
2012-09-17,412.4,415,386.4,394.2,140170,0
2012-09-18,405.4,429.6,402.6,420.8,158363,0
2012-09-19,416.1,420.8,407.5,415,96644,0
2012-09-20,409.1,417.6,395,415.3,138197,0
2012-09-21,432,433,404.3,412,144777,0
2012-09-24,387.5,400,385.8,391.7,133812,0
2012-09-25,400.7,404.6,381,383,134205,0
2012-09-26,381.3,393.7,372.9,390.1,107476,0
2012-09-27,401.7,418.4,398.2,414.9,126274,0
2012-09-28,414.2,418.3,401.5,411.2,127525,0
2012-10-01,422.2,433.7,412.3,417.7,155513,0
2012-10-02,420.8,422.8,405,412.8,75698,0
2012-10-03,419.4,419.4,409,412.3,46856,0
2012-10-04,420,429.7,416.2,426.3,76616,0
2012-10-05,421.2,423.7,401.5,408.2,109182,0
2012-10-08,388.8,395.3,386.5,390.9,62596,0
2012-10-09,387.9,392.6,374.8,386,103050,0
2012-10-10,386.7,395,383.1,390.9,82718,0
2012-10-11,395.1,400.6,389,389.2,59195,0
2012-10-12,380,384.7,372.5,373.1,89401,0
2012-10-15,361.5,362.2,340.5,345.2,111890,0
2012-10-16,351.8,356.6,347.9,353.5,50665,0
2012-10-17,353.8,363.8,350.8,360.5,68787,0
2012-10-18,350.3,358,345.4,347.2,47777,0
2012-10-19,340.6,341,321.1,326.1,107194,0
2012-10-22,327.3,337.4,327.1,335.9,59491,0
2012-10-23,321.9,322,309.5,313,83803,0
2012-10-24,319,320,308.6,313.7,55166,0
2012-10-25,325.9,329.8,321.9,327,68960,0
2012-10-26,330.5,333,322.6,324.7,70443,0
2012-10-31,328.1,334.6,327.1,330.4,51196,0
2012-11-01,338.3,339,328.7,328.9,56054,0
2012-11-02,317.9,318.4,285.5,288.7,120668,0
2012-11-05,292.9,297.6,288,295.5,45437,0
2012-11-06,299.1,326.6,293.5,319.9,68552,0
2012-11-07,316.9,319.2,295.5,313.7,99158,0
2012-11-08,312.5,331.4,312.5,330.5,50693,0
2012-11-09,334.2,342.2,332,336,55335,0
2012-11-12,335.3,336.5,323.7,330.4,61476,0
2012-11-13,324.4,343.1,324,331.1,36663,0
2012-11-14,336.7,346,329.5,337.9,64416,0
2012-11-15,339.9,340.5,322,334.7,57447,0
2012-11-16,328.1,336,318,324.5,55920,0
2012-11-19,347.3,354.6,341.5,351.9,53935,0
2012-11-20,350.9,353.6,343.8,353.2,61343,0
2012-11-21,347.9,360,346,359.1,57249,0
2012-11-23,362.4,385,361.2,382,63948,0
2012-11-26,382.3,385.5,377.8,383.1,39052,0
2012-11-27,380.5,384.6,377.3,380.4,35803,0
2012-11-28,345.5,372.3,345,369.3,111715,0
2012-11-29,377.2,392.1,376.4,386.4,78372,0
2012-11-30,381.2,386.3,349.4,358.3,143726,0
2012-12-03,363.8,371.7,363,363,81321,0
2012-12-04,340,348.8,333.9,341.9,96033,0
2012-12-05,339.3,341.9,329.3,339.4,75051,0
2012-12-06,334,351.5,332.5,343.1,62337,0
2012-12-07,346.4,351.8,340,345.8,53121,0
2012-12-10,354.7,355.5,349.4,350,53386,0
2012-12-11,341,343,336,342,37679,0
2012-12-12,351,367.9,344.5,356.6,100850,0
2012-12-13,324.1,331,317.2,327.1,121008,0
2012-12-14,324.2,327.4,316.1,316.2,42495,0
2012-12-17,317.8,320,311.1,317.3,35142,0
2012-12-18,320.7,322.2,291.4,299.8,131568,0
2012-12-19,285.8,293.6,282.2,284.6,87689,0
2012-12-20,259,262.1,242.8,252.2,141320,0
2012-12-21,250.8,259.7,250,252.1,83366,0
2012-12-24,254.2,256,248.3,249.8,28889,0
2012-12-26,255.8,257.9,248.5,251.7,55138,0
2012-12-27,251.6,264.6,249.3,257.9,73805,0
2012-12-28,253.7,254.9,249.2,253.9,63613,0
2012-12-31,252.8,263.7,251.1,261.1,78941,0
2013-01-02,287.5,290.2,274.7,275.9,90784,0
2013-01-03,272.5,278.5,250.8,255,103911,0
2013-01-04,245.5,257.2,239,255.8,86803,0
2013-01-07,249.5,256.1,248.8,254.2,46345,0
2013-01-08,261.2,264.5,255,259.5,66130,0
2013-01-09,258.4,259.9,251.9,259.1,59061,0
2013-01-10,267,274.1,266.7,269.9,80040,0
2013-01-11,268.5,268.5,253,261.7,74002,0
2013-01-14,277,279,268.8,276.5,56906,0
2013-01-15,281,290.6,278,285.3,50862,0
2013-01-16,282.2,290,279,288,39225,0
2013-01-17,279.4,300.1,278.7,294,93859,0
2013-01-18,304.4,304.5,294,298.2,89531,0
2013-01-22,299.6,312,299.4,307.6,62354,0
2013-01-23,312.4,315.5,305.1,309.6,67743,0
2013-01-24,295.8,300.6,290.3,292.6,103524,0
2013-01-25,286.2,288.3,277.2,279.7,90505,0
2013-01-28,272.7,275.8,266.9,270.6,71622,0
2013-01-29,276.6,285.6,276.5,283,55484,0
2013-01-30,297.5,308,295.5,299.7,103688,0
2013-01-31,294.2,296,275,284.3,83133,0
2013-02-01,300.5,301.9,285.5,294.4,74162,0
2013-02-04,283.9,296.5,283.9,291.3,42882,0
2013-02-05,297.7,298.4,288.5,293.7,49681,0
2013-02-06,289.4,295.7,289,294.2,51632,0
2013-02-07,282.2,295.7,280.5,283.9,102010,0
2013-02-08,283,290,280.3,284,51564,0
2013-02-11,272.2,274.2,266.5,270.9,89444,0
2013-02-12,266.5,275,263.3,274.1,45206,0
2013-02-13,271.8,272.4,264,264.7,54478,0
2013-02-14,268.6,270.3,250.7,256.4,87962,0
2013-02-15,245.8,247.9,237.3,240.5,97248,0
2013-02-19,241.1,241.3,225.6,230.2,83446,0
2013-02-20,219.9,220.8,204.5,209.6,169706,0
2013-02-21,211.2,217.1,210.2,212.9,70915,0
2013-02-22,210.5,214.8,206,214.4,53158,0
2013-02-25,218.7,223,218,220.2,90408,0
2013-02-26,217.5,230,210.3,228.7,108831,0
2013-02-27,223.3,224.4,216,218.5,60675,0
2013-02-28,217.6,218.1,205.6,207.8,87611,0
2013-03-01,209.7,212.8,205.8,209.2,60091,0
2013-03-04,208.5,211.6,206.1,208.6,37962,0
2013-03-05,217.9,219.7,208.1,211.9,58013,0
2013-03-06,210.5,220.8,208,219.6,88605,0
2013-03-07,218.4,219.3,212.9,215.2,48368,0
2013-03-08,207.5,224.3,206.7,217.2,84804,0
2013-03-11,214,218.4,213.2,218.3,35515,0
2013-03-12,222.6,226.1,221.2,222.4,48750,0
2013-03-13,222.2,224.2,214.9,215.9,49360,0
2013-03-14,210.3,215.5,210.1,212.6,49148,0
2013-03-15,214.3,218.4,211.5,212.3,33448,0
2013-03-18,217.9,218.8,214.2,215.8,35135,0
2013-03-19,213.7,220.2,213.2,215.1,40242,0
2013-03-20,213.9,214.8,206.7,212.9,38334,0
2013-03-21,222.3,224.5,221.2,221.3,54535,0
2013-03-22,210.8,214.9,209.8,210.7,89573,0
2013-03-25,212.1,215.4,210.1,213.2,41990,0
2013-03-26,212,213,209.1,210.8,50284,0
2013-03-27,202.2,212.2,197.6,210.1,79740,0
2013-03-28,205.8,208.7,199.7,203.1,52217,0
2013-04-01,195.8,196.9,192.1,195.2,72858,0
2013-04-02,186.1,187.4,178.4,179.1,137267,0
2013-04-03,178.7,181,169,173.7,98184,0
2013-04-04,169.5,173.7,167,171.9,79879,0
2013-04-05,176.1,180.8,174,179.8,82006,0
2013-04-08,178.7,179.8,176.5,178.6,29615,0
2013-04-09,181.6,195,181,193,84192,0
2013-04-10,191.3,192,183.3,185.6,82756,0
2013-04-11,185.1,190.2,184.3,185.6,41927,0
2013-04-12,172,173.5,153.8,156.5,237292,0
2013-04-15,113,115.2,98.9,99.1,478814,0
2013-04-16,111.6,112,103.7,106.6,215758,0
2013-04-17,105.7,110.3,101.8,103.4,124065,0
2013-04-18,103.2,106.4,102,102.8,74399,0
2013-04-19,106.2,106.7,99.4,102.9,94916,0
2013-04-22,107.2,107.7,104.1,105.3,70041,0
2013-04-23,99.6,100.6,97,99.3,124072,0
2013-04-24,101.6,103.4,98.4,102.4,101427,0
2013-04-25,108.1,118.3,107.6,117.2,216373,0
2013-04-26,116.9,120.2,107.6,111.4,230048,0
2013-04-29,115.8,119.1,113.5,117.4,95694,0
2013-04-30,116.6,117.1,112.7,116.3,106012,0
2013-05-01,105,110.5,101.6,107.2,180491,0
2013-05-02,111.6,112.4,107.9,109.2,122243,0
2013-05-03,110.3,117.1,109.3,112.7,151768,0
2013-05-06,112.3,112.7,109.5,111.7,57633,0
2013-05-07,105.7,111.1,104.4,110.4,91601,0
2013-05-08,110.2,111.7,107.2,110.5,88253,0
2013-05-09,108.6,111.2,105.3,107.3,77041,0
2013-05-10,101.6,109.1,100.3,108.5,126150,0
2013-05-13,108.2,108.9,106,106.1,39253,0
2013-05-14,102.2,106.5,102,102.6,106878,0
2013-05-15,97,98.2,91.3,91.3,292310,0
2013-05-16,90.8,95.2,90.2,93.8,89188,0
2013-05-17,92.6,93.3,87,87.2,133810,0
2013-05-20,80,100.2,79.5,97.6,294374,0
2013-05-21,87.9,92.6,85.9,89.6,251820,0
2013-05-22,94.1,101,87.5,88.6,235000,0
2013-05-23,90,93.3,87.6,92.6,110386,0
2013-05-24,89.9,92.1,88.8,89.3,86386,0
2013-05-28,89.6,92.8,87,88.4,75027,0
2013-05-29,89.5,91,88.5,90.7,49826,0
2013-05-30,96.3,98.3,93.3,93.8,93470,0
2013-05-31,89.2,90,87,87,167225,0
2013-06-03,89.6,96.2,88.7,93.6,142603,0
2013-06-04,90.1,91.2,88,91,72090,0
2013-06-05,91.3,93.7,90.2,91,63917,0
2013-06-06,90.7,95.4,89.6,92.8,99932,0
2013-06-07,84.2,86.7,79.6,79.7,406776,0
2013-06-10,81.3,84.9,80.9,82.9,165572,0
2013-06-11,78.8,81.5,78,79.8,133516,0
2013-06-12,80.6,83.9,80.2,81.1,66215,0
2013-06-13,81,83.2,79,81.5,66598,0
2013-06-14,84.1,85.5,83.2,84.3,96047,0
2013-06-17,82,83.1,81.4,82.3,62193,0
2013-06-18,81.2,81.9,78.5,79.5,93966,0
2013-06-19,80.2,81.6,75.4,76.5,160728,0
2013-06-20,60.2,63.2,58.3,58.4,475752,0
2013-06-21,61,62.5,60,61.6,190767,0
2013-06-24,59,59.9,56.2,57.5,143322,0
2013-06-25,58.1,58.9,56.9,57.3,99629,0
2013-06-26,51,51.8,47.8,47.8,307929,0
2013-06-27,50.1,51.2,46.9,47.8,198215,0
2013-06-28,48.7,57,48.6,56.7,316385,0
2013-07-01,57,58.5,55.6,56.8,193455,0
2013-07-02,57.2,57.2,53.6,54.2,125596,0
2013-07-03,56.4,58.7,56.3,57,111357,0
2013-07-05,51,51.1,48.6,49.7,272387,0
2013-07-08,51.7,52.3,51.4,51.4,94283,0
2013-07-09,52.7,53.8,52,52.7,116897,0
2013-07-10,52.7,54.4,51.7,52.2,123020,0
2013-07-11,59.5,60.8,58.2,60.8,234628,0
2013-07-12,57.9,58.7,57.2,58.2,134523,0
2013-07-15,57.8,59.1,57.5,58.7,165636,0
2013-07-16,58.9,59.6,58.4,59.3,227333,0
2013-07-17,59.5,60.3,52.6,53.2,305192,0
2013-07-18,54.2,55,52.6,53.6,147180,0
2013-07-19,54.6,55.2,54,54.8,107868,0
2013-07-22,61.1,63.9,60.9,62.9,240553,0
2013-07-23,60.8,62.9,60.2,62.6,169118,0
2013-07-24,61.2,61.6,58.5,60,174590,0
2013-07-25,59.7,60.8,59.4,60.5,118820,0
2013-07-26,58.5,59.5,55.6,58.7,241837,0
2013-07-29,57.7,58.2,56.9,57,117359,0
2013-07-30,56.2,56.6,55.6,55.9,95461,0
2013-07-31,55.8,59.4,53.2,56.7,282181,0
2013-08-01,56.5,56.5,54.9,55.3,121275,0
2013-08-02,58,58.2,56.7,56.7,151600,0
2013-08-05,55.9,56.5,55.2,55.7,96945,0
2013-08-06,55,55,53.8,53.9,110240,0
2013-08-07,53.3,55,53.2,54.2,73553,0
2013-08-08,57.1,61,56.9,60.7,206709,0
2013-08-09,60.9,63.3,60.4,62.4,284970,0
2013-08-12,69.7,71.5,69.2,70.4,333718,0
2013-08-13,71.8,72.1,69.8,71.6,318555,0
2013-08-14,72,75.4,71.8,75.2,204195,0
2013-08-15,74.9,89.1,74.9,86.5,516569,0
2013-08-16,90.1,91.9,86.7,89.2,405812,0
2013-08-19,89.9,90,86.7,88.9,240659,0
2013-08-20,87.2,90.5,87,87,266613,0
2013-08-21,86.4,91.3,85.1,86.4,337660,0
2013-08-22,89,90.9,87.3,88.2,124095,0
2013-08-23,88.7,99.9,88.4,98.5,404936,0
2013-08-26,100.9,103.9,97.8,102.5,506442,0
2013-08-27,105.5,107.5,104.2,104.3,373775,0
2013-08-28,104.5,105.2,101.3,101.9,270039,0
2013-08-29,98.8,100,94.9,96.5,483074,0
2013-08-30,91.97,94.85,90.59,91.24,348081,0
2013-09-03,103.06,103.24,100.74,100.86,339614,0
2013-09-04,91.43,91.8,89.34,91.56,255805,0
2013-09-05,90.03,90.45,85.6,87.83,186955,0
2013-09-06,94.34,96,93.82,94.81,315844,0
2013-09-09,93.12,94.31,92.34,93.11,115396,0
2013-09-10,85.28,85.92,82.78,84.5,259377,0
2013-09-11,86.12,86.86,85.75,86.23,92209,0
2013-09-12,76.12,77.15,72.3,72.31,408119,0
2013-09-13,72.2,75.86,69.91,75.71,253905,0
2013-09-16,74.58,75.07,70.72,70.86,222163,0
2013-09-17,71.83,72.27,70.72,70.9,142886,0
2013-09-18,68.26,85.33,65.8,84.47,821484,0
2013-09-19,85.27,87.07,82.84,83.26,450163,0
2013-09-20,78.43,79.18,69.12,69.43,605890,0
2013-09-23,68.85,70.71,67.26,67.33,238776,0
2013-09-24,66.15,69.84,66.01,68.08,233751,0
2013-09-25,68.84,70.83,68.27,69.19,189041,0
2013-09-26,69.63,70.36,68.09,68.78,101788,0
2013-09-27,68.82,70.54,68.82,68.9,118799,0
2013-09-30,66.53,71.8,66.3,68.28,208197,0
2013-10-01,61.48,64.4,58.58,63.43,488412,0
2013-10-02,64.69,71,64.64,68.22,322649,0
2013-10-03,67.85,69.28,66.37,68.13,172026,0
2013-10-04,68.99,69.04,66.48,68.28,145822,0
2013-10-07,70.49,75.24,69.88,74.01,481149,0
2013-10-08,74.67,75.58,73.43,73.63,202769,0
2013-10-09,70,70.94,68.25,69.08,202500,0
2013-10-10,69.66,70.29,66.76,66.9,134033,0
2013-10-11,63.46,64.04,62.37,63.86,242550,0
2013-10-14,65.82,66,63.46,63.49,119434,0
2013-10-15,61.99,65.65,61.95,64.05,192716,0
2013-10-16,63.76,64.94,62.38,63.49,147639,0
2013-10-17,67.69,69.75,67.69,68.37,217591,0
2013-10-18,68.99,69.77,68.64,69.14,97690,0
2013-10-21,72.7,72.99,71.92,72.05,98822,0
2013-10-22,74.72,77.98,74.64,76.7,213649,0
2013-10-23,75.71,76.64,75.5,75.63,113097,0
2013-10-24,77.24,78.5,76.66,76.66,123297,0
2013-10-25,73.05,76.69,72.79,75.03,164493,0
2013-10-28,74.92,76.33,74.41,74.73,111503,0
2013-10-29,75.17,75.92,74.42,74.72,81732,0
2013-10-30,80,80.39,74,76.69,297057,0
2013-10-31,69.63,70.45,67.63,68.17,302505,0
2013-11-01,68.17,69.99,67.14,67.92,132174,0
2013-11-04,67.42,67.77,65.61,65.66,117591,0
2013-11-05,66.12,66.65,65.52,66.34,56959,0
2013-11-06,67.94,68.32,66.84,67.25,76744,0
2013-11-07,65.36,66.54,64.99,65.5,100240,0
2013-11-08,64,64.4,62.3,64.36,160197,0
2013-11-11,63.42,63.5,62.58,63.38,72122,0
2013-11-12,61.3,61.51,56.5,57.82,377510,0
2013-11-13,57.28,57.74,55.15,55.9,459270,0
2013-11-14,57.15,58.5,56.92,58.05,221634,0
2013-11-15,57.23,57.9,57.23,57.68,87521,0
2013-11-18,56.57,56.8,53.94,54.67,183810,0
2013-11-19,54.42,55.4,54.02,54.1,103889,0
2013-11-20,53.73,54.32,49.95,50.37,308123,0
2013-11-21,50,51.84,49.31,51.35,245502,0
2013-11-22,51.21,51.4,50.06,50.45,124625,0
2013-11-25,50.04,52.31,50.03,51.64,168811,0
2013-11-26,50.94,51.34,49.95,50.32,145972,0
2013-11-27,50.72,50.96,48.65,48.87,136998,0
2013-11-29,51.18,51.85,50.89,51.22,133417,0
2013-12-02,48.19,48.59,44.64,44.81,400800,0
2013-12-03,43.98,45.03,43.53,44.34,340300,0
2013-12-04,45.58,49.72,45.47,48.6,338300,0
2013-12-05,45.65,48.53,45.12,46.09,219900,0
2013-12-06,47.28,48,46.187,46.67,123309,0
2013-12-09,48.25,50.44,48.16,49.48,302500,0
2013-12-10,53.6,53.68,52.41,53.59,418882,0
2013-12-11,53.64,53.85,52.32,52.7,212400,0
2013-12-12,46.8,46.97,45.9,46.41,368807,0
2013-12-13,47.03,48.08,46.76,47.62,167314,0
2013-12-16,47.62,52.05,47.32,49.55,256500,0
2013-12-17,48.5,50.75,48.3,48.92,199700,0
2013-12-18,49.76,51.89,47.29,48.55,576400,0
2013-12-19,44.08,44.48,43.43,43.81,751900,0
2013-12-20,44.33,46.01,43.81,44.81,364026,0
2013-12-23,45.38,45.98,45,45.45,147100,0
2013-12-24,45.41,46.36,45.34,45.81,77947,0
2013-12-26,49.43,49.52,47.6,47.7,184200,0
2013-12-27,49.88,50.15,49.48,49.7,192500,0
2013-12-30,47,47.58,45.66,46.49,241900,0
2013-12-31,42.06,48.01,41.91,45.21,867200,0
2014-01-02,49.95,50.75,48.88,48.92,296217,0
2014-01-03,50.03,50.84,49.74,50.49,169027,0
2014-01-06,50.43,51.66,49,50.21,445300,0
2014-01-07,47.01,48.29,46.44,48.02,314875,0
2014-01-08,44.87,46.15,44.12,45.83,603507,0
2014-01-09,45.37,46.92,44.8,45.88,226507,0
2014-01-10,49.45,50.77,49,49.98,372104,0
2014-01-13,49.31,52.41,49.3,52.29,272398,0
2014-01-14,51.31,53.49,50,50.32,402700,0
2014-01-15,48.82,50.55,48.73,50.08,126800,0
2014-01-16,50.14,50.27,49.23,49.58,161000,0
2014-01-17,51,52,50.73,51.02,217051,0
2014-01-21,47.05,48.35,47,48.02,340400,0
2014-01-22,47.86,48.16,47.12,47.12,317571,0
2014-01-23,49.95,51,48.69,48.82,314600,0
2014-01-24,49.74,50.26,46.78,48.04,400416,0
2014-01-27,47.5,47.97,45.63,45.97,210900,0
2014-01-28,46.67,46.8,44.97,45.64,301900,0
2014-01-29,47.71,48,45,47.06,364300,0
2014-01-30,42.56,43.41,42.3,42.82,857900,0
2014-01-31,43.9,44.23,42.4,42.79,282402,0
2014-02-03,44.02,45.88,43.66,43.84,363855,0
2014-02-04,43.69,45.08,43.63,44.75,138775,0
2014-02-05,47.99,48.089,46.631,47.27,396551,0
2014-02-06,48.41,48.78,47.42,47.89,213391,0
2014-02-07,47.18,48.65,47.09,48.575,309657,0
2014-02-10,49.92,50.3,48.69,48.85,260279,0
2014-02-11,48.5,50.71,48.44,49.88,272291,0
2014-02-12,50.44,51.43,49.77,49.84,365963,0
2014-02-13,50.2,52.35,50.14,52.34,318599,0
2014-02-14,57.18,59.46,57.12,59.46,604479,0
2014-02-18,61.43,63.79,60.67,63.65,618297,0
2014-02-19,62.49,63.02,58.56,59.49,767031,0
2014-02-20,61.21,63,60.74,62.6,351568,0
2014-02-21,61.96,63.6,61.04,62.37,262607,0
2014-02-24,64.17,65.19,63.74,63.98,290037,0
2014-02-25,61.9,63.974,61.75,62.65,272546,0
2014-02-26,60.13,60.33,56.02,57.25,521172,0
2014-02-27,57.66,58.779,56.82,57.46,183539,0
2014-02-28,58.1,58.1,55.84,56.5,197889,0
2014-03-03,59.15,60.5,58.36,58.73,341831,0
2014-03-04,56,57.44,55.34,56.65,180067,0
2014-03-05,56.92,57.63,56.31,56.5,142472,0
2014-03-06,58.22,60.32,57.7,58.87,193756,0
2014-03-07,53.23,55.28,53.04,54.14,372516,0
2014-03-10,53.89,54.69,53.3,53.49,135296,0
2014-03-11,56.15,56.44,52.35,53.54,221872,0
2014-03-12,55.54,58.18,54.933,57.01,274587,0
2014-03-13,56.14,57.5,56.05,56.1,222759,0
2014-03-14,60.71,60.81,57.2,58.07,406569,0
2014-03-17,57.46,58.17,55.68,55.7,309526,0
2014-03-18,52.83,54.11,52.62,53.28,262815,0
2014-03-19,52.52,54,50.86,51.36,386296,0
2014-03-20,49.79,50.47,49.16,49.28,345027,0
2014-03-21,50.58,50.62,49.15,49.29,159302,0
2014-03-24,48.24,48.65,46.64,46.93,347804,0
2014-03-25,47.6,48.23,46.89,47.12,188999,0
2014-03-26,47.1,47.31,44.98,45.4,262600,0
2014-03-27,45.14,45.532,44.51,45.31,240760,0
2014-03-28,45.92,46.38,45.27,45.73,601572,0
2014-03-31,45.94,46.365,45.22,45.6,204547,0
2014-04-01,45.6,45.95,44.94,45.75,147923,0
2014-04-02,47.36,47.73,46.69,46.69,159434,0
2014-04-03,45.69,46.23,45.41,45.77,113817,0
2014-04-04,48,48.449,45.89,46.47,214288,0
2014-04-07,45.77,46.94,45.77,46.11,109024,0
2014-04-08,47.8,47.839,46.81,47.04,122711,0
2014-04-09,45.12,46.52,44.9,46.11,263934,0
2014-04-10,48,48.54,47.13,47.13,210462,0
2014-04-11,46.85,47.25,46.4,46.51,124051,0
2014-04-14,46.97,47.46,46.6,46.73,117047,0
2014-04-15,43.05,44.262,42.589,44.07,499902,0
2014-04-16,44.19,44.44,43.69,44.32,154944,0
2014-04-17,44.3,44.43,43.8,44.15,125753,0
2014-04-21,42.61,42.8,42.32,42.74,277969,0
2014-04-22,42.77,43,42,42.77,277775,0
2014-04-23,42.9,43.09,42.67,42.79,126383,0
2014-04-24,41.97,45.938,41.97,44.32,309267,0
2014-04-25,44.86,45.28,44.04,44.64,152036,0
2014-04-28,44.09,44.09,43.21,43.91,122726,0
2014-04-29,42.82,43.52,42.71,43.16,191189,0
2014-04-30,40.96,41.72,40.26,41.06,688044,0
2014-05-01,39.33,40.7,39.01,40.26,426440,0
2014-05-02,40.86,44.101,40.33,42.65,464363,0
2014-05-05,43.95,44,43.25,43.84,150982,0
2014-05-06,43.96,44.06,43.18,43.3,92526,0
2014-05-07,43.05,43.07,41.54,41.6,159110,0
2014-05-08,41.25,41.5,40.4,40.69,165333,0
2014-05-09,41.12,41.12,40.01,40.7,385244,0
2014-05-12,43.57,43.77,42.96,43.26,348053,0
2014-05-13,43.074,43.521,42.851,43.02,83833,0
2014-05-14,44.82,45.2,44.14,44.62,220271,0
2014-05-15,43.31,43.62,42.44,42.63,235166,0
2014-05-16,41.75,42.1,41.31,41.82,146558,0
2014-05-19,42.95,43.09,41.66,41.96,246816,0
2014-05-20,41.35,42.46,41.25,42.18,156592,0
2014-05-21,41.95,42.5,41.3,42.1,144592,0
2014-05-22,43.69,43.75,42.531,42.74,209196,0
2014-05-23,42.33,42.5,41.88,41.88,101821,0
2014-05-27,40.49,40.54,39.6,39.91,574890,0
2014-05-28,39.55,40.03,39.3,39.59,273642,0
2014-05-29,38.92,40.03,38.85,39.71,254586,0
2014-05-30,39.5,39.5,37.12,38.09,605112,0
2014-06-02,38,38.52,37.52,37.89,197712,0
2014-06-03,38.09,38.42,37.69,38.3,88178,0
2014-06-04,38.612,38.612,37.938,38.04,72037,0
2014-06-05,39.22,39.92,39.14,39.43,412939,0
2014-06-06,39.44,39.639,38.58,39.41,320116,0
2014-06-09,39.87,40.069,39.631,39.77,45493,0
2014-06-10,40.27,40.73,40.27,40.69,211998,0
2014-06-11,40.93,41.02,40.32,40.61,93428,0
2014-06-12,41.17,42.83,41.06,42.75,368185,0
2014-06-13,42.78,43.93,42.61,43.76,251704,0
2014-06-16,43.33,43.9,42.91,43.22,209847,0
2014-06-17,43.2,43.97,42.96,43.78,207146,0
2014-06-18,44.07,44.8,43.81,44.66,262340,0
2014-06-19,46.84,52.13,46.84,50.85,832617,0
2014-06-20,51.4,52.55,51.041,51.65,429014,0
2014-06-23,51.9,52.26,51.18,51.92,327331,0
2014-06-24,52.77,53.34,51.85,52.07,253563,0
2014-06-25,52.56,54,52.41,52.86,209918,0
2014-06-26,52.56,53.699,52.56,53.34,159286,0
2014-06-27,53.56,53.87,52.7,52.7,256689,0
2014-06-30,51.22,53.559,50.839,53.45,482715,0
2014-07-01,53.78,54.37,52.8,52.97,213064,0
2014-07-02,53.62,54.81,53.52,53.87,202700,0
2014-07-03,53.09,53.91,52.78,53.554,73933,0
2014-07-07,52.22,52.71,51.25,52.71,756014,0
2014-07-08,53.43,53.83,51.96,52.99,238910,0
2014-07-09,53.65,54.35,52.601,53.59,209149,0
2014-07-10,56.18,56.46,55.52,55.57,370551,0
2014-07-11,55.55,56.25,55.38,56.05,147251,0
2014-07-14,51.78,52.3,51.39,51.96,365833,0
2014-07-15,52.02,53.1,50.01,50.2,445614,0
2014-07-16,50.49,51.279,50.109,50.57,158531,0
2014-07-17,51.13,54.19,50.8,53.59,437088,0
2014-07-18,51.51,51.82,50.448,51.39,211466,0
2014-07-21,52.32,52.32,51.511,51.96,79141,0
2014-07-22,52.15,52.93,51.25,51.95,128199,0
2014-07-23,51.9,52.431,51.73,51.83,88420,0
2014-07-24,51.08,51.08,47.25,47.64,393168,0
2014-07-25,48,50.22,47.72,50.09,181695,0
2014-07-28,49.24,49.94,48.69,49.48,585744,0
2014-07-29,49.81,49.98,48.36,49.33,302634,0
2014-07-30,49.3,49.65,48.48,49.22,178083,0
2014-07-31,48.92,48.92,47.37,47.68,272964,0
2014-08-01,48.49,48.78,46.72,47.14,168998,0
2014-08-04,47.51,47.67,45.924,46.19,204606,0
2014-08-05,44.94,45.11,43.37,43.6,630165,0
2014-08-06,44.95,45.63,44.82,45.01,242346,0
2014-08-07,44.33,45.04,44.23,44.68,198205,0
2014-08-08,44.59,45.11,44.07,44.73,188842,0
2014-08-11,44.59,45.48,44.373,45.1,165778,0
2014-08-12,45.05,45.42,43.85,44.45,183332,0
2014-08-13,44.76,44.82,42.781,43.52,269221,0
2014-08-14,44,44.52,43.669,43.97,154146,0
2014-08-15,42,43.11,41.44,42.1,403454,0
2014-08-18,41.83,42.5,41.72,42.37,155437,0
2014-08-19,41.85,41.85,40.5,41.07,319498,0
2014-08-20,41.7,41.9,40.75,41.2,161762,0
2014-08-21,40.55,41.19,40.38,40.96,180538,0
2014-08-22,40.8,41.4,40.09,41.01,157235,0
2014-08-25,40.63,40.751,40.11,40.32,202197,0
2014-08-26,41.52,41.75,40.42,40.51,186467,0
2014-08-27,40.87,40.99,40.07,40.8,108302,0
2014-08-28,42.06,42.2,41.31,41.4,243433,0
2014-08-29,41.53,41.98,40.858,41.02,200063,0
2014-09-02,39.47,39.73,38.51,38.94,530545,0
2014-09-03,38.9,39.23,38.75,39.23,141424,0
2014-09-04,39.71,40.06,38.13,38.42,268331,0
2014-09-05,38.37,39.14,38.229,39.08,187340,0
2014-09-08,38.64,38.72,37.37,37.98,358017,0
2014-09-09,37.59,38.44,37.12,38.34,216838,0
2014-09-10,37.89,38.124,37.22,37.8,242454,0
2014-09-11,36,36.2,35.4,36.02,667865,0
2014-09-12,35.24,35.799,34.95,35.6,313917,0
2014-09-15,35.59,35.9,35.16,35.84,107617,0
2014-09-16,36.12,37,35.43,35.97,219523,0
2014-09-17,35.75,36.26,34.75,34.76,252767,0
2014-09-18,34.22,35.48,34.05,34.82,207856,0
2014-09-19,34.06,34.16,30.83,31.2,731725,0
2014-09-22,30.02,31.14,29.81,30.73,395354,0
2014-09-23,30.92,31.07,30.35,30.74,246004,0
2014-09-24,29.64,30.75,29.34,30.2,361077,0
2014-09-25,28.76,29.91,28.31,29.36,364201,0
2014-09-26,29.29,29.82,29.06,29.82,143949,0
2014-09-29,29.35,29.72,28.92,29.2,259686,0
2014-09-30,28.12,28.73,26.12,26.98,727514,0
2014-10-01,27.64,28.85,27.38,27.64,285205,0
2014-10-02,27.16,27.42,26.47,27.14,402629,0
2014-10-03,26.1,26.56,25.34,25.85,437399,0
2014-10-06,27,28.38,26.69,28.13,374270,0
2014-10-07,28.05,28.25,27.11,27.52,210381,0
2014-10-08,28.22,28.86,26.86,28.59,297999,0
2014-10-09,29.04,29.95,28.16,28.23,478341,0
2014-10-10,28.23,28.55,27.74,28.34,201174,0
2014-10-13,28.55,28.84,28,28.84,164544,0
2014-10-14,28.9,28.97,28.2,28.47,157514,0
2014-10-15,28.83,30.54,28.535,28.7,296503,0
2014-10-16,27.85,28.794,27.601,28.37,167284,0
2014-10-17,28.24,28.35,27.66,27.86,136589,0
2014-10-20,28.64,29.11,28.18,28.74,119770,0
2014-10-21,29.01,29.579,28.946,29.03,202680,0
2014-10-22,27.75,27.85,27.12,27.3,230757,0
2014-10-23,27.26,27.714,27.06,27.59,140414,0
2014-10-24,28.19,28.22,27.2,27.42,112626,0
2014-10-27,27.16,27.65,27.09,27.12,108491,0
2014-10-28,27.98,28.17,27.34,27.46,98488,0
2014-10-29,27.52,28.03,26.6,26.75,128059,0
2014-10-30,24.82,24.89,23.33,23.95,554772,0
2014-10-31,21.3,22.53,21.2,22.44,798603,0
2014-11-03,22.05,22.76,21.85,22.45,227198,0
2014-11-04,21.8,22.23,21.58,21.92,259225,0
2014-11-05,19.21,20.12,18.91,18.97,964157,0
2014-11-06,19.1,19.63,19.07,19.58,389078,0
2014-11-07,20.03,20.88,19.99,20.73,302905,0
2014-11-10,20.51,20.559,19.763,20.016,283312,0
2014-11-11,20.03,21.34,19.78,20.69,224440,0
2014-11-12,20.23,20.6,20.18,20.34,176812,0
2014-11-13,20.51,20.6,20.01,20.17,170756,0
2014-11-14,19.47,23.23,19.31,22.81,699449,0
2014-11-17,22.05,22.39,21.678,22.27,250269,0
2014-11-18,22.53,22.6,22.1,22.58,255311,0
2014-11-19,22.6,23.88,21.18,22.18,477944,0
2014-11-20,22.39,22.7,22.07,22.68,167755,0
2014-11-21,23.5,24.12,22.734,23.53,298992,0
2014-11-24,23.47,23.58,22.92,23.47,147662,0
2014-11-25,24.12,24.42,23.64,24.38,221444,0
2014-11-26,23.92,24.25,23.7,23.8,143367,0
2014-11-28,20.67,20.96,19,19.11,626292,0
2014-12-01,20.79,24.03,20.64,22.75,708637,0
2014-12-02,22.11,22.94,21.6,22.7,278736,0
2014-12-03,22.72,23.14,22.11,22.49,156049,0
2014-12-04,23.15,23.31,22.61,22.61,293680,0
2014-12-05,22.32,22.4,21.62,21.919,167528,0
2014-12-08,21.99,22.47,21.672,22.35,182112,0
2014-12-09,23.86,25.7,23.75,24.96,586542,0
2014-12-10,25.43,25.74,24.97,25.2,310878,0
2014-12-11,24.82,25.746,24.7,25.06,254349,0
2014-12-12,25.19,25.43,24.812,24.92,239999,0
2014-12-15,24.05,24.31,21.03,21.15,552829,0
2014-12-16,21.67,21.78,18.61,19.48,521625,0
2014-12-17,19.71,20.55,19.02,19.59,440177,0
2014-12-18,20.66,20.8,19.8,20.11,260266,0
2014-12-19,20.16,20.8,20,20.59,219155,0
2014-12-22,20.28,20.34,18.61,19.1,365191,0
2014-12-23,19.25,19.69,19.14,19.25,160341,0
2014-12-24,19.38,19.5,19.22,19.41,96205,0
2014-12-26,20.97,21,20.39,20.39,253137,0
2014-12-29,20.58,20.58,19.23,19.42,386079,0
2014-12-30,20.31,21.97,20.26,21.28,610773,0
2014-12-31,20.19,20.31,18.55,18.99,953325,0
2015-01-02,18.66,20.27,18.38,19.28,599114,0
2015-01-05,20.08,20.99,19.74,20.8,637754,0
2015-01-06,21.12,22.77,20.91,22.04,576020,0
2015-01-07,21.51,22.5,21.46,22.13,343945,0
2015-01-08,21.99,22.53,21.154,21.26,204766,0
2015-01-09,21.54,22.35,21.43,21.72,190219,0
2015-01-12,22,22.48,21.76,22.23,244673,0
2015-01-13,24.34,24.75,23.56,23.93,663426,0
2015-01-14,23.6,24.22,23.17,23.22,343249,0
2015-01-15,24.18,24.74,23.151,23.3,562225,0
2015-01-16,24.52,27.42,24.45,26.9,900928,0
2015-01-20,27.42,28.339,27.21,27.99,828592,0
2015-01-21,30.21,30.53,28.3,28.99,1004894,0
2015-01-22,29.89,30.51,29.05,30.12,812503,0
2015-01-23,29.4,29.88,28.72,29.69,556814,0
2015-01-26,28.75,28.93,27.6,27.68,485158,0
2015-01-27,27.92,29.25,27.92,28.66,409358,0
2015-01-28,28.09,28.89,27.911,28.17,391410,0
2015-01-29,25.64,25.71,22.22,23.03,1204609,0
2015-01-30,22.83,24.5,22.5,24.27,468261,0
2015-02-02,23.69,24.64,23.52,23.97,240704,0
2015-02-03,24.55,25.19,23.48,24.32,369682,0
2015-02-04,24.89,25.95,24.67,24.71,346312,0
2015-02-05,23.62,24.49,23.05,24.49,244353,0
2015-02-06,22.67,22.97,21.27,22,798925,0
2015-02-09,22.72,23.53,22.72,23.15,242957,0
2015-02-10,22.78,23.4,22.39,22.61,150550,0
2015-02-11,22.76,22.78,21.87,22.13,148961,0
2015-02-12,22.46,22.66,21.9,22.3,120589,0
2015-02-13,23.97,24.707,23.81,24.06,416167,0
2015-02-17,20.44,20.86,19.99,20.85,1504802,0
2015-02-18,20.51,21.07,19.86,20.52,688566,0
2015-02-19,20.77,20.94,20.18,20.33,574076,0
2015-02-20,20.46,20.659,19.56,19.7,548214,0
2015-02-23,20.37,21.12,19.8,20,487150,0
2015-02-24,19.8,20.62,19.2,19.71,626825,0
2015-02-25,20.77,20.92,20.46,20.75,482851,0
2015-02-26,21.51,21.57,20.7,20.8,235519,0
2015-02-27,21.16,21.28,20.74,20.87,284786,0
2015-03-02,20.85,21,20.06,20.1,203500,0
2015-03-03,20.53,20.8,19.36,19.7,460600,0
2015-03-04,19.81,19.83,19,19.44,284200,0
2015-03-05,19.63,20.05,19.3,19.53,188500,0
2015-03-06,18.3,18.51,17.89,18.25,1024800,0
2015-03-09,18.06,18.23,17.91,17.98,275700,0
2015-03-10,17.9,18.12,17.48,17.6,377900,0
2015-03-11,17.35,17.36,16.25,16.93,712600,0
2015-03-12,17.37,17.43,16.91,17.24,250000,0
2015-03-13,17.26,17.35,16.89,17.22,205900,0
2015-03-16,17.65,17.66,17,17.43,281500,0
2015-03-17,16.7,17.7,16.64,17.12,173900,0
2015-03-18,17.03,18.8,16.85,18.8,610700,0
2015-03-19,18.39,19.24,18.21,19.01,333000,0
2015-03-20,19.69,21.75,19.56,21.12,939400,0
2015-03-23,21.53,22.53,21.43,22.34,476800,0
2015-03-24,21.94,22.16,21.45,22.15,287300,0
2015-03-25,22.58,22.65,21.93,22.01,235200,0
2015-03-26,22.54,22.76,22.17,22.38,360400,0
2015-03-27,22.5,22.55,21.6,21.97,645100,0
2015-03-30,21.27,21.33,20.69,21,256200,0
2015-03-31,20.84,21.41,20.42,20.749,168194,0
2015-04-01,21.05,22.37,21.05,21.85,265400,0
2015-04-02,21.16,21.49,20.47,20.98,277300,0
2015-04-06,22.71,23.18,21.89,21.94,378500,0
2015-04-07,21.48,21.56,21.1,21.483,160811,0
2015-04-08,21.26,21.27,19.65,20.13,470700,0
2015-04-09,18.9,19.18,18.693,18.89,437308,0
2015-04-10,20.25,20.57,19.61,19.92,418600,0
2015-04-13,19.39,19.5,19.19,19.23,170100,0
2015-04-14,19,19.5,18.85,18.88,300700,0
2015-04-15,18.922,19.61,18.8,19.31,303333,0
2015-04-16,19.62,19.767,18.66,19.16,316267,0
2015-04-17,19.22,19.4,18.95,19.07,376500,0
2015-04-20,18.27,18.33,17.67,18.09,934350,0
2015-04-21,18.08,18.433,17.901,18.18,408941,0
2015-04-22,17.93,18.02,17.07,17.42,691704,0
2015-04-23,17.4,17.88,17.3,17.72,310700,0
2015-04-24,17.49,17.52,16.79,17.21,661238,0
2015-04-27,18.07,19.64,17.97,19.29,1083700,0
2015-04-28,19.59,20.39,19.441,20.13,597669,0
2015-04-29,20.24,20.5,19.71,19.77,497300,0
2015-04-30,17.78,18.54,17.22,18.3,1234600,0
2015-05-01,18.04,18.5,17.68,18.42,766900,0
2015-05-04,20.06,20.18,19.16,19.29,998800,0
2015-05-05,20.15,20.22,19.63,19.74,425600,0
2015-05-06,20,20.12,19.32,19.6,506530,0
2015-05-07,19.49,19.49,18.83,18.88,400692,0
2015-05-08,19.45,19.55,19,19.49,316300,0
2015-05-11,19.53,19.73,18.55,18.75,380000,0
2015-05-12,19.08,19.909,19.04,19.69,450776,0
2015-05-13,21.53,22.15,21.33,21.7,985460,0
2015-05-14,22.99,23.51,22.68,22.94,718900,0
2015-05-15,23.14,23.5,23,23.38,785422,0
2015-05-18,23.96,24.21,23.55,23.97,409645,0
2015-05-19,22.8,22.95,20.675,21.68,728545,0
2015-05-20,21.89,22.22,21.46,21.61,222580,0
2015-05-21,21.56,21.96,21.49,21.75,177100,0
2015-05-22,21.49,21.92,21.28,21.46,206000,0
2015-05-26,20.2,20.73,20.1,20.18,521528,0
2015-05-27,20,20.18,19.76,19.97,352000,0
2015-05-28,19.96,20.1,19.48,19.97,408314,0
2015-05-29,20.18,20.42,19.99,20.12,248600,0
2015-06-01,21.07,21.71,19.93,20.13,447366,0
2015-06-02,20.15,20.44,20.04,20.35,194910,0
2015-06-03,19.6,19.79,18.88,19.38,737900,0
2015-06-04,18.4,18.61,17.87,18.11,1561800,0
2015-06-05,17.42,18.05,17.4,17.74,1029800,0
2015-06-08,17.6,17.63,17.21,17.5,856900,0
2015-06-09,17.65,17.71,17.32,17.36,837160,0
2015-06-10,17.85,17.96,17.35,17.5,569501,0
2015-06-11,17.41,17.62,17,17.54,610701,0
2015-06-12,17.08,17.35,16.98,17.25,751900,0
2015-06-15,17.43,18.25,17.42,17.76,734200,0
2015-06-16,17.28,17.53,17.03,17.47,599400,0
2015-06-17,17.55,18.3,17.25,17.97,604700,0
2015-06-18,18.72,18.77,17.85,18,1047400,0
2015-06-19,18,18.04,17.08,17.77,512100,0
2015-06-22,17.51,18.22,17.51,18,396500,0
2015-06-23,16.8,17.08,16.52,16.8,2050523,0
2015-06-24,16.95,17.09,16.76,16.97,553000,0
2015-06-25,16.68,16.98,16.59,16.85,413200,0
2015-06-26,16.45,16.71,16.34,16.63,713300,0
2015-06-29,16.65,16.77,16.27,16.37,502400,0
2015-06-30,16,16.826,15.584,16.34,1146114,0
2015-07-01,15.92,16.19,15.78,15.94,529300,0
2015-07-02,16.14,16.26,15.87,16.09,312300,0
2015-07-06,15.86,16.72,15.81,16.21,591600,0
2015-07-07,14.69,14.78,13,14.31,2440100,0
2015-07-08,14.48,14.69,14.2,14.33,466100,0
2015-07-09,15.44,15.55,14.97,15.28,593500,0
2015-07-10,15.36,15.93,15.25,15.7,790500,0
2015-07-13,15.02,15.57,14.97,15.43,269900,0
2015-07-14,15.34,15.35,14.91,15.07,485924,0
2015-07-15,14.17,14.37,14.04,14.3,673508,0
2015-07-16,14.02,14.48,13.95,14.06,327400,0
2015-07-17,13.79,13.82,13.53,13.69,486000,0
2015-07-20,13.5,14,13.12,13.21,645800,0
2015-07-21,13.54,13.88,13.35,13.42,300900,0
2015-07-22,13.12,13.68,13.03,13.42,386000,0
2015-07-23,13.42,13.45,12.84,13.03,459900,0
2015-07-24,12.48,13.22,12.25,13.09,574900,0
2015-07-27,13.05,13.24,12.73,12.76,427200,0
2015-07-28,13.04,13.17,13,13.05,229600,0
2015-07-29,13.16,13.72,13.04,13.48,401000,0
2015-07-30,13.23,13.52,13.11,13.23,198500,0
2015-07-31,13.81,13.92,13.14,13.19,250200,0
2015-08-03,13.19,13.2,12.43,12.66,289761,0
2015-08-04,12.79,12.96,12.63,12.8,156600,0
2015-08-05,12.93,13.16,12.69,12.88,208800,0
2015-08-06,12.87,13.32,12.85,12.97,186724,0
2015-08-07,13.38,14,13.26,13.32,409500,0
2015-08-10,13.73,15.01,13.64,14.55,738200,0
2015-08-11,14.75,14.9,14.42,14.87,612925,0
2015-08-12,15.12,15.61,15.12,15.39,512000,0
2015-08-13,15.04,15.31,14.85,15.05,277200,0
2015-08-14,15.36,15.66,14.38,14.53,501900,0
2015-08-17,15,15,14.68,14.79,175000,0
2015-08-18,13.33,13.61,13.04,13.4,705600,0
2015-08-19,14.06,14.75,14.06,14.49,504600,0
2015-08-20,15.41,15.45,15.12,15.15,690300,0
2015-08-21,14.89,15.02,14.11,14.58,334000,0
2015-08-24,12.92,14.09,12.82,13.09,870522,0
2015-08-25,13.15,13.15,12.5,12.7,456200,0
2015-08-26,11.54,11.57,10.94,11.44,1068300,0
2015-08-27,11.49,12.45,11.35,12.09,549700,0
2015-08-28,12.17,12.68,12.12,12.45,418800,0
2015-08-31,12.2,12.69,11.98,12.57,387700,0
2015-09-01,12.55,12.65,12.24,12.45,247200,0
2015-09-02,12.75,13.05,12.06,12.7,380400,0
2015-09-03,12.6,13.39,12.49,12.67,492400,0
2015-09-04,12.35,12.55,12.25,12.42,332500,0
2015-09-08,12.79,13.23,12.5,12.97,285200,0
2015-09-09,12.62,12.8,12.4,12.45,220100,0
2015-09-10,12.98,13.017,12.54,12.58,135415,0
2015-09-11,11.95,12.51,11.62,12.47,513900,0
2015-09-14,11.95,12.05,11.78,11.98,272100,0
2015-09-15,11.7,11.96,11.68,11.96,256600,0
2015-09-16,12.72,13.33,12.68,13.15,794000,0
2015-09-17,13.14,14.19,13.12,13.78,640284,0
2015-09-18,14.24,14.31,13.69,13.9,464400,0
2015-09-21,13.9,14.11,13.87,13.94,172100,0
2015-09-22,12.93,12.94,12.7,12.86,402300,0
2015-09-23,13.13,13.16,12.75,12.77,242146,0
2015-09-24,13.14,13.876,13.09,13.71,475610,0
2015-09-25,13.71,13.89,13.45,13.61,412300,0
2015-09-28,12.26,12.4,11.99,12.22,647715,0
2015-09-29,12.17,12.55,12.15,12.31,382500,0
2015-09-30,12.06,12.6,11.91,12.07,573000,0
2015-10-01,12.33,12.47,11.96,12.1,464000,0
2015-10-02,12.93,14.03,12.93,13.85,1664200,0
2015-10-05,14.91,15.18,14.53,14.88,826730,0
2015-10-06,15.57,16.27,15.36,15.42,1095600,0
2015-10-07,15.79,16.33,15.61,16.055,530617,0
2015-10-08,14.82,15.5,14.76,15.07,722300,0
2015-10-09,15.56,15.62,15.18,15.45,236000,0
2015-10-12,16.09,16.11,15.39,15.5,233614,0
2015-10-13,15.64,15.93,15.58,15.66,244300,0
2015-10-14,16.15,16.57,16.1,16.44,573600,0
2015-10-15,16.24,16.56,16.08,16.35,291700,0
2015-10-16,16.25,16.43,15.95,16,224900,0
2015-10-19,15.82,15.84,15.18,15.41,353580,0
2015-10-20,15.5,15.8,15.2,15.66,253200,0
2015-10-21,15.15,15.16,14.81,15,372500,0
2015-10-22,15.25,15.65,15.25,15.43,139400,0
2015-10-23,15.52,15.55,15.1,15.46,205500,0
2015-10-26,15.71,15.8,15.46,15.47,171400,0
2015-10-27,15.45,15.74,15.36,15.55,81900,0
2015-10-28,16.23,17,15.05,15.86,826600,0
2015-10-29,14.97,15.16,14.45,14.56,561900,0
2015-10-30,14.53,14.6,14.27,14.39,145900,0
2015-11-02,13.98,14.2,13.67,14.1,384998,0
2015-11-03,13.79,13.855,13.53,13.688,256788,0
2015-11-04,13.66,13.676,13.13,13.15,214056,0
2015-11-05,12.92,13.08,12.78,12.93,221900,0
2015-11-06,12.38,12.45,12.19,12.28,429300,0
2015-11-09,11.99,12,11.5,11.78,692282,0
2015-11-10,11.25,11.54,11.18,11.42,839800,0
2015-11-11,11.34,11.35,11.08,11.13,518200,0
2015-11-12,11.02,11.6,10.9,11.16,791600,0
2015-11-13,10.96,11.03,10.81,10.98,493100,0
2015-11-16,11.05,11.11,10.9,11.06,472600,0
2015-11-17,11.06,11.06,10.68,10.9,400000,0
2015-11-18,10.73,10.93,10.5,10.81,642200,0
2015-11-19,11.02,11.35,11,11.03,576900,0
2015-11-20,10.98,11,10.6,10.75,404500,0
2015-11-23,10.55,10.83,10.52,10.65,304600,0
2015-11-24,10.93,11.1,10.78,10.81,515400,0
2015-11-25,10.62,10.87,10.54,10.83,327100,0
2015-11-27,10.5,10.74,10.41,10.61,177000,0
2015-11-30,10.65,10.74,10.52,10.6,343100,0
2015-12-01,10.81,10.81,10.59,10.8,309779,0
2015-12-02,10.58,10.59,10.21,10.44,530568,0
2015-12-03,10.58,10.74,10.32,10.63,612794,0
2015-12-04,11.11,11.79,11.05,11.64,1087000,0
2015-12-07,11.45,11.48,10.91,11,645200,0
2015-12-08,10.94,10.96,10.58,10.69,237209,0
2015-12-09,11.07,11.08,10.67,10.68,294800,0
2015-12-10,10.64,10.73,10.58,10.58,155400,0
2015-12-11,9.92,10.26,9.88,10.19,642000,0
2015-12-14,9.92,9.95,9.62,9.63,619408,0
2015-12-15,9.78,9.93,9.63,9.77,291200,0
2015-12-16,10.53,11,10.22,10.63,1040300,0
2015-12-17,9.92,9.92,9.55,9.61,619900,0
2015-12-18,9.99,10.65,9.97,10.44,621200,0
2015-12-21,10.79,10.95,10.68,10.8,387100,0
2015-12-22,10.93,10.989,10.77,10.81,173045,0
2015-12-23,10.75,11,10.7,10.92,213500,0
2015-12-24,11,11.109,11,11,115385,0
2015-12-28,10.28,10.3,9.88,9.99,670146,0
2015-12-29,10.22,10.27,10,10.01,313833,0
2015-12-30,9.83,9.88,9.75,9.84,293460,0
2015-12-31,9.85,9.95,9.7501,9.81,288900,0
2016-01-04,10.46,10.56,9.83,9.84,695490,0
2016-01-05,10.07,10.2,9.933,10.12,210585,0
2016-01-06,10.25,10.46,9.99,10.19,405736,0
2016-01-07,10.47,11,10.32,10.85,778889,0
2016-01-08,10.29,10.3399,9.86,10.03,538021,0
2016-01-11,10.21,10.2187,9.74,9.81,436147,0
2016-01-12,9.71,9.8072,9.5744,9.71,1897070,0
2016-01-13,10.09,10.548,10.0201,10.49,810623,0
2016-01-14,9.78,9.8199,9.55,9.73,913613,0
2016-01-15,10.28,10.28,9.81,9.855,639860,0
2016-01-19,10.31,10.37,10.09,10.14,624400,0
2016-01-20,10.28,10.51,10.16,10.41,568358,0
2016-01-21,9.98,10.36,9.8,10.36,488426,0
2016-01-22,10.49,10.83,10.14,10.15,417389,0
2016-01-25,10.54,10.65,10.4916,10.6,322450,0
2016-01-26,10.86,11.31,10.82,11.22,674025,0
2016-01-27,11.13,11.34,10.87,11.18,629886,0
2016-01-28,10.55,10.6699,10.5,10.58,409427,0
2016-01-29,10.5,10.688,10.4,10.6,509262,0
2016-02-01,10.71,10.9597,10.58,10.82,570372,0
2016-02-02,10.83,10.9,10.56,10.72,397621,0
2016-02-03,10.97,11.8399,10.96,11.48,1086454,0
2016-02-04,11.97,12.1,11.77,12.02,624391,0
2016-02-05,11.56,12.44,11.53,12.44,544032,0
2016-02-08,12.82,13.42,12.74,13.1,1202652,0
2016-02-09,13.18,13.4,12.73,12.84,901883,0
2016-02-10,12.84,13.01,12.44,12.99,1367582,0
2016-02-11,14,14.68,13.58,14.04,1340144,0
2016-02-12,14,14.3,13.87,14.11,494411,0
2016-02-16,13.23,13.275,12.77,12.79,1015739,0
2016-02-17,12.84,13.177,12.84,12.9,389595,0
2016-02-18,12.85,13.6,12.81,13.48,430941,0
2016-02-19,13.21,13.32,13.05,13.14,457668,0
2016-02-22,12.22,12.8199,12.2,12.59,554749,0
2016-02-23,12.75,12.9598,12.72,12.84,1317044,0
2016-02-24,13.32,13.645,12.6201,12.75,939417,0
2016-02-25,12.36,12.67,12.26,12.47,577982,0
2016-02-26,12.27,12.27,11.32,11.41,1223786,0
2016-02-29,11.47,11.9,11.46,11.88,585234,0
2016-03-01,11.9,11.9,11.42,11.76,647667,0
2016-03-02,11.8,12.12,11.75,11.97,463714,0
2016-03-03,12,12.84,12,12.64,2176683,0
2016-03-04,13.08,14.065,13.05,13.27,2575317,0
2016-03-07,13.54,13.86,13.36,13.68,882633,0
2016-03-08,13.49,13.55,12.8136,12.89,2133857,0
2016-03-09,12.54,13.07,12.47,12.64,650989,0
2016-03-10,13.11,13.56,13.1,13.37,628736,0
2016-03-11,13.56,13.65,13.13,13.15,563592,0
2016-03-14,13.98,13.995,12.69,12.8,982069,0
2016-03-15,12.55,12.7661,12.4548,12.65,448085,0
2016-03-16,12.55,13.57,12.46,13.52,670168,0
2016-03-17,14.11,14.55,13.85,14.18,1780436,0
2016-03-18,14.06,14.21,13.72,13.91,794578,0
2016-03-21,13.94,14.109,13.8002,14.01,310656,0
2016-03-22,14.03,14.36,13.8,14.12,686399,0
2016-03-23,12.78,12.8092,12.3601,12.4,1791559,0
2016-03-24,12.45,12.58,12.18,12.2,582289,0
2016-03-28,12.52,12.67,12.17,12.24,437270,0
2016-03-29,12.42,12.6399,12.04,12.6,682583,0
2016-03-30,12.57,12.83,12.22,12.27,634432,0
2016-03-31,12.88,12.99,12.655,12.79,586582,0
2016-04-01,11.64,11.96,11.18,11.94,1653529,0
2016-04-04,11.89,11.933,11.55,11.58,334638,0
2016-04-05,12.09,12.1552,11.932,12.05,634595,0
2016-04-06,11.8,12.1999,11.71,11.93,547117,0
2016-04-07,12.45,12.5955,12.1,12.23,741864,0
2016-04-08,12.32,12.65,12.2501,12.58,732366,0
2016-04-11,13.46,14.12,13.46,13.93,1458026,0
2016-04-12,14.38,14.7791,14.1475,14.7,1395663,0
2016-04-13,14.96,15.06,14.411,14.81,1359727,0
2016-04-14,14.7,14.87,14.4101,14.55,635522,0
2016-04-15,14.69,15.18,14.41,14.79,638301,0
2016-04-18,14.88,15.079,14.7199,14.75,524962,0
2016-04-19,16.94,16.99,16.5528,16.74,1730165,0
2016-04-20,17.11,17.5,16.77,16.87,1824940,0
2016-04-21,17.72,17.76,16.13,17.02,2311702,0
2016-04-22,17.49,17.97,16.4502,16.85,1318816,0
2016-04-25,16.96,17.3,16.6801,16.89,666567,0
2016-04-26,17.11,17.35,16.85,17.24,725700,0
2016-04-27,17.5,17.84,17.02,17.56,1808419,0
2016-04-28,17.94,18.8499,17.8038,18.72,1414713,0
2016-04-29,19.41,19.87,19.13,19.44,1732877,0
2016-05-02,19.37,19.3799,18.3,18.37,1666134,0
2016-05-03,18.65,18.65,17.75,18.09,1328067,0
2016-05-04,17.95,18.2,17.5,17.82,1029696,0
2016-05-05,18.59,18.65,17.56,17.84,962167,0
2016-05-06,17.92,18.6,17.83,18.16,972246,0
2016-05-09,16.99,17.1,16.5201,16.62,1176417,0
2016-05-10,17,17.21,16.795,17.04,604788,0
2016-05-11,18.05,18.29,17.56,17.94,1035102,0
2016-05-12,17.89,17.96,16.76,16.9499,1119372,0
2016-05-13,16.69,17.08,16.45,17.02,808995,0
2016-05-16,17.7,17.9,17.02,17.145,877173,0
2016-05-17,17.13,17.74,17.081,17.43,740349,0
2016-05-18,16.66,17.1901,15.82,16.202,1230236,0
2016-05-19,14.8,15.25,14.69,15.15,1797670,0
2016-05-20,15.51,15.5774,14.97,15.22,597522,0
2016-05-23,14.75,15.0489,14.66,14.9,544952,0
2016-05-24,14.63,15,14.359,14.45,642599,0
2016-05-25,14.55,14.77,14.4526,14.63,641763,0
2016-05-26,15.21,15.27,14.63,14.72,822179,0
2016-05-27,14.6,14.61,14.1899,14.33,584866,0
2016-05-31,13.9,14.06,13.703,13.75,779095,0
2016-06-01,13.74,13.89,13.36,13.76,763524,0
2016-06-02,13.8,13.89,13.7,13.83,463697,0
2016-06-03,14.88,14.97,14.64,14.8998,1267823,0
2016-06-06,14.92,15.07,14.75,15.05,946948,0
2016-06-07,14.74,14.97,14.67,14.81,549906,0
2016-06-08,16.5,16.725,16.28,16.61,1803024,0
2016-06-09,16.68,17.41,16.631,17.36,2292008,0
2016-06-10,17.38,17.54,17.0357,17.4099,1538186,0
2016-06-13,17.57,17.8,17.35,17.71,1196180,0
2016-06-14,17.8,17.8,17.35,17.62,903014,0
2016-06-15,17.81,18.28,17.74,18.06,1362906,0
2016-06-16,18.77,18.8625,16.86,16.96,2504118,0
2016-06-17,17.77,17.89,17.2101,17.85,906397,0
2016-06-20,17.55,18.12,17.486,17.97,500550,0
2016-06-21,17.35,17.4574,16.97,17.12,793751,0
2016-06-22,17.23,17.4299,17.1603,17.24,352104,0
2016-06-23,17.31,17.52,17.25,17.38,545443,0
2016-06-24,19.16,19.24,18.47,18.66,1910821,0
2016-06-27,18.71,18.83,18.37,18.7,1064828,0
2016-06-28,18.68,18.94,18.5601,18.75,1704046,0
2016-06-29,20.28,20.84,20.104,20.33,2951564,0
2016-06-30,20.87,22.2,20.65,22.1001,2802084,0
2016-07-01,23.73,26.0101,23.64,25.3,3750672,0
2016-07-05,25.73,26.62,25,26.17,3804252,0
2016-07-06,26.24,27.272,25.82,26.71,4453640,0
2016-07-07,25.82,25.83,24.13,25.07,3380632,0
2016-07-08,25.73,27.1382,25.01,27.08,3137389,0
2016-07-11,27.18,28.05,27.1201,27.3708,2083459,0
2016-07-12,27.69,28,26.075,26.57,2161488,0
2016-07-13,27.51,27.8684,26.9,27.82,1729322,0
2016-07-14,26.67,27.44,26.584,27.25,1490448,0
2016-07-15,26.55,26.92,26.2,26.57,1329537,0
2016-07-18,25.84,26.67,25.84,26.62,1422420,0
2016-07-19,25.88,26.2512,25.75,25.91,844366,0
2016-07-20,24.05,24.58,23.73,23.85,2129497,0
2016-07-21,23.57,25.69,23.57,25.62,1567684,0
2016-07-22,24.75,25.079,24.5,24.75,645307,0
2016-07-25,24.03,25.01,23.48,24.28,1077573,0
2016-07-26,24.76,24.934,24.63,24.77,610271,0
2016-07-27,26.17,27.75,25.3111,27.65,2728684,0
2016-07-28,27.37,27.52,26.56,27.01,1663667,0
2016-07-29,27.13,27.73,26.51,27.49,1800093,0
2016-08-01,27.97,28.43,27.55,27.86,2802641,0
2016-08-02,28.84,29.09,28.459,28.56,1566016,0
2016-08-03,28.25,28.25,27.51,27.68,1254257,0
2016-08-04,27.15,27.83,27.12,27.46,760756,0
2016-08-05,25.56,25.65,24.72,24.76,2276893,0
2016-08-08,24.93,25.3999,24.8055,24.9,1082474,0
2016-08-09,25.26,25.4299,25.021,25.34,888081,0
2016-08-10,27.04,27.18,26.39,26.53,1473810,0
2016-08-11,26.48,26.93,25.614,25.68,1640286,0
2016-08-12,26.42,26.54,24.48,24.64,2458085,0
2016-08-15,24.85,25.3,24.82,25.11,498200,0
2016-08-16,24.89,25.5224,24.6798,25.04,685912,0
2016-08-17,24.59,24.95,23.4,24.5,1262394,0
2016-08-18,24.92,25.14,24.57,24.78,787899,0
2016-08-19,23.34,23.667,23.085,23.2,1120048,0
2016-08-22,21.9,21.94,21.4799,21.67,1512552,0
2016-08-23,22,22.1299,21.51,21.55,596459,0
2016-08-24,20.96,20.96,20.32,20.39,1295821,0
2016-08-25,20.29,20.6099,20.26,20.36,541890,0
2016-08-26,20.88,22,20.26,20.6,1621192,0
2016-08-29,20.45,21.3463,20,21.23,680615,0
2016-08-30,20.96,21.09,20.37,20.43,675667,0
2016-08-31,20.6,20.86,20.49,20.6,691983,0
2016-09-01,20.66,21.5,20.5,21.31,792262,0
2016-09-02,22.55,23.23,22.25,23.18,1072829,0
2016-09-06,24.09,25.79,23.9301,25.5176,1875118,0
2016-09-07,25.22,25.25,24.27,24.45,1084880,0
2016-09-08,24.45,24.77,23.6,23.82,1161329,0
2016-09-09,23.25,23.26,21.81,21.828,1451635,0
2016-09-12,21.11,22.15,20.83,22,2295469,0
2016-09-13,21.74,21.78,20.85,21.15,1368280,0
2016-09-14,21.55,21.87,21.38,21.49,640780,0
2016-09-15,21.45,21.94,20.92,21.56,1127967,0
2016-09-16,20.59,20.94,20.48,20.87,1313287,0
2016-09-19,22.36,22.535,22.015,22.08,1186711,0
2016-09-20,21.93,22.44,21.78,22.34,568582,0
2016-09-21,23.61,24.62,23.31,24.46,1833673,0
2016-09-22,25,25.3,24.54,24.67,1580171,0
2016-09-23,24.33,24.5199,23.53,23.83,875638,0
2016-09-26,23.64,23.758,22.68,22.84,864637,0
2016-09-27,22.25,22.39,21.31,21.89,1338248,0
2016-09-28,21.54,22.1,21.11,21.95,1080191,0
2016-09-29,21.72,22.08,21.4,21.68,523513,0
2016-09-30,23.6,23.69,21.7507,21.98,1275336,0
2016-10-03,21.52,21.5955,20.35,20.73,1430481,0
2016-10-04,19.68,19.68,17.08,17.41,2542247,0
2016-10-05,17.59,17.61,16.6,17.18,1541676,0
2016-10-06,16.13,16.27,15.3492,15.89,2218668,0
2016-10-07,16.7,16.7797,15.35,16.35,1881168,0
2016-10-10,16.82,17.0428,16.7,16.75,1123506,0
2016-10-11,16.64,16.734,16.22,16.26,832912,0
2016-10-12,16.38,16.66,16.11,16.47,830104,0
2016-10-13,16.35,16.48,16.14,16.37,836987,0
2016-10-14,16.2,16.6,15.99,16.22,593638,0
2016-10-17,16.13,16.28,16.03,16.19,576350,0
2016-10-18,16.6,16.91,16.38,16.67,671987,0
2016-10-19,16.92,17.02,16.5,16.85,1645288,0
2016-10-20,16.9,16.9466,16.1601,16.4,867069,0
2016-10-21,16.38,16.45,16.17,16.41,391263,0
2016-10-24,17.32,17.39,16.38,16.56,1060305,0
2016-10-25,16.84,17.2,16.76,17.03,814807,0
2016-10-26,16.93,17.0374,16.4902,16.62,405564,0
2016-10-27,16.69,16.75,16.46,16.68,353103,0
2016-10-28,16.9,17.48,16.6554,17.06,747226,0
2016-10-31,17.25,17.47,17.072,17.4,931670,0
2016-11-01,18.62,19.15,18.46,18.71,1802691,0
2016-11-02,19.44,19.901,19.14,19.16,1804110,0
2016-11-03,18.16,18.91,18.07,18.66,982021,0
2016-11-04,18.81,19.05,18.59,18.8,622157,0
2016-11-07,18.29,18.3438,17.6,18.21,816238,0
2016-11-08,18.45,19.7721,18.4,18.59,1325852,0
2016-11-09,20.11,20.11,18.6031,18.775,1278168,0
2016-11-10,19.44,19.865,18.845,19.07,1349534,0
2016-11-11,18.79,18.83,14.93,15.35,3690217,0
2016-11-14,14.6,14.6858,13.45,14.03,3033157,0
2016-11-15,14.23,14.78,14.1123,14.61,1097213,0
2016-11-16,14.64,14.6499,14.0801,14.33,674476,0
2016-11-17,14.4,14.57,13.4,13.67,1350211,0
2016-11-18,13.49,13.66,13.05,13.41,884807,0
2016-11-21,13.49,13.73,13.251,13.42,919827,0
2016-11-22,13.77,13.82,13.3,13.6,906261,0
2016-11-23,12.83,13.0798,12.38,12.81,1021532,0
2016-11-25,13.26,13.3,13,13.13,323821,0
2016-11-28,13.32,13.59,13.12,13.44,852958,0
2016-11-29,12.97,13.6322,12.91,13.4,572822,0
2016-11-30,13.44,13.53,12.88,13.06,919032,0
2016-12-01,12.76,13.509,12.6,13.09,1101314,0
2016-12-02,13.18,13.82,13.1599,13.54,934724,0
2016-12-05,13.32,13.97,13.1,13.67,787836,0
2016-12-06,13.61,14,13.5502,13.58,709905,0
2016-12-07,14.4,14.875,14.39,14.59,1611309,0
2016-12-08,14.33,14.47,14.18,14.3,675655,0
2016-12-09,14.34,14.4199,13.75,13.86,922448,0
2016-12-12,14.56,14.71,14.37,14.43,977446,0
2016-12-13,14.42,14.5704,13.65,14.01,899815,0
2016-12-14,14.52,14.7822,13.57,13.71,1673220,0
2016-12-15,11.86,11.97,11.34,11.6,2997202,0
2016-12-16,11.75,12.16,11.52,11.82,965718,0
2016-12-19,11.76,11.78,11.4,11.56,873128,0
2016-12-20,10.87,11.79,10.84,11.73,1458244,0
2016-12-21,11.83,11.9068,11.39,11.5,662716,0
2016-12-22,11.32,11.67,11.1,11.18,834097,0
2016-12-23,11.07,11.18,10.93,11.01,1210871,0
2016-12-27,11.18,11.5263,11.15,11.48,837268,0
2016-12-28,11.4,11.68,11.31,11.64,1095200,0
2016-12-29,11.68,12.1,11.6,11.93,1331741,0
2016-12-30,12.03,12.1418,11.21,11.43,1869346,0
2017-01-03,11.69,12.63,11.61,12.2,2088274,0
2017-01-04,12.52,12.6993,12.28,12.52,1798895,0
2017-01-05,12.87,13.14,12.7,12.92,2821019,0
2017-01-06,12.42,12.77,12.4,12.63,1710800,0
2017-01-09,12.76,13.1,12.6501,12.8,1704401,0
2017-01-10,13.01,13.58,13.01,13.31,1447820,0
2017-01-11,12.92,13.47,12.66,13.14,1205407,0
2017-01-12,13.45,13.658,13.13,13.23,918453,0
2017-01-13,12.99,13.33,12.79,13.29,1081847,0
2017-01-17,13.98,14.2539,13.905,14.19,2764159,0
2017-01-18,14.15,14.566,13.8101,13.94,2034921,0
2017-01-19,13.24,13.83,13.05,13.7,1615969,0
2017-01-20,13.72,14.14,13.47,13.91,1199548,0
2017-01-23,14.02,14.21,13.9259,14.16,1011367,0
2017-01-24,14.13,14.41,13.76,13.99,1451481,0
2017-01-25,13.29,13.7042,13.1544,13.68,1239543,0
2017-01-26,13.24,13.43,12.97,13.21,1937508,0
2017-01-27,13.13,14.27,13.02,14,2160146,0
2017-01-30,14.13,14.36,13.84,13.99,1357669,0
2017-01-31,14.85,15.17,14.7001,15.07,2848669,0
2017-02-01,14.74,15.26,14.51,14.95,1391916,0
2017-02-02,15.25,15.34,14.6501,14.81,1480704,0
2017-02-03,14.62,14.97,14.565,14.79,1589598,0
2017-02-06,15.21,15.54,15.07,15.5,1951919,0
2017-02-07,15.32,15.6299,15.306,15.39,1588951,0
2017-02-08,15.64,15.82,15.33,15.54,1911662,0
2017-02-09,15.65,15.7398,15.14,15.28,1358198,0
2017-02-10,15.31,16.17,15.3055,16.02,2091934,0
2017-02-13,15.87,15.9,15.48,15.66,1464695,0
2017-02-14,16.29,16.3112,15.44,16,1841146,0
2017-02-15,15.72,16.1,15.66,16.07,1395105,0
2017-02-16,16.31,16.51,16.21,16.39,1707229,0
2017-02-17,16.15,16.33,16.0799,16.12,1145909,0
2017-02-21,15.8,16.33,15.66,16.02,1689025,0
2017-02-22,16.07,16.21,15.875,16.2,2170120,0
2017-02-23,16.59,16.69,16.24,16.56,1490155,0
2017-02-24,16.97,17.18,16.7286,17.02,1718395,0
2017-02-27,17.03,17.4,16.64,16.68,2184313,0
2017-02-28,17.08,17.3,16.8701,16.95,1705260,0
2017-03-01,16.82,17.31,16.82,17.13,1539498,0
2017-03-02,16.85,17.04,15.08,15.26,3096094,0
2017-03-03,15.23,15.86,15.0175,15.73,1253681,0
2017-03-06,15.56,15.57,15.14,15.31,1186704,0
2017-03-07,14.76,14.9,14.53,14.56,1175762,0
2017-03-08,14.18,14.232,13.9132,13.96,1465144,0
2017-03-09,13.92,13.97,13.255,13.29,1876028,0
2017-03-10,13.31,13.49,13.105,13.48,1284630,0
2017-03-13,13.28,13.42,13.25,13.3,943465,0
2017-03-14,13.22,13.4,13.04,13.07,1042800,0
2017-03-15,13.16,14.19,12.94,14.14,2944018,0
2017-03-16,14.49,14.52,13.93,14.09,1715127,0
2017-03-17,14.14,14.34,14.1,14.25,579378,0
2017-03-20,14.3,14.41,14.18,14.36,745063,0
2017-03-21,14.62,14.8,14.53,14.63,1224152,0
2017-03-22,14.63,14.75,14.5053,14.63,887557,0
2017-03-23,14.92,15.0001,14.6504,14.76,1297260,0
2017-03-24,14.87,15.26,14.82,15.17,1110376,0
2017-03-27,16.02,16.15,15.81,16.1,1896169,0
2017-03-28,16.23,16.42,15.9989,16.15,2538789,0
2017-03-29,16.05,16.44,16.03,16.41,1230946,0
2017-03-30,16.155,16.58,16.08,16.11,1482601,0
2017-03-31,16.325,16.49,16.22,16.35,1389362,0
2017-04-03,16.24,16.48,16.24,16.38,1003490,0
2017-04-04,16.59,16.7599,16.32,16.62,1265669,0
2017-04-05,16.29,16.6,16.13,16.57,1830697,0
2017-04-06,16.23,16.49,16.19,16.38,1007145,0
2017-04-07,16.73,16.8,15.37,15.68,2297667,0
2017-04-10,15.35,15.64,15.02,15.56,1632508,0
2017-04-11,15.89,16.5798,15.87,16.49,2054940,0
2017-04-12,16.59,16.88,16.35,16.87,1507792,0
2017-04-13,17.21,17.24,16.81,17.11,1382601,0
2017-04-17,17.1,17.23,16.671,16.8,1239340,0
2017-04-18,16.74,16.7993,15.86,16.52,2143902,0
2017-04-19,16.33,16.35,15.93,16,1662594,0
2017-04-20,15.85,16.07,15.29,15.68,2082151,0
2017-04-21,15.44,15.52,15.13,15.52,2025033,0
2017-04-24,15.07,15.45,14.9145,15.42,1278093,0
2017-04-25,14.75,14.91,14.45,14.62,1681285,0
2017-04-26,14.3,14.37,13.87,14.29,3033020,0
2017-04-27,14.09,14.09,13.73,13.79,2155065,0
2017-04-28,13.61,13.82,13.48,13.62,2885884,0
2017-05-01,13.39,13.57,12.6,12.78,4260876,0
2017-05-02,12.75,12.7795,12.563,12.66,2165114,0
2017-05-03,12.33,12.34,11.83,11.86,3956294,0
2017-05-04,11.57,11.7899,11.28,11.48,3511231,0
2017-05-05,11.47,11.64,11.32,11.63,2936613,0
2017-05-08,11.45,11.52,11.35,11.43,2940056,0
2017-05-09,11.28,11.28,10.96,11.14,3011886,0
2017-05-10,11.34,11.3562,11.19,11.28,2832706,0
2017-05-11,11.3,11.51,11.26,11.49,3485183,0
2017-05-12,11.74,11.83,11.64,11.74,3277477,0
2017-05-15,12.44,12.44,12.07,12.14,2840997,0
2017-05-16,12.32,12.65,12.26,12.56,2322486,0
2017-05-17,12.9,13.02,12.42,12.68,4454535,0
2017-05-18,12.39,12.4143,11.66,12.05,3714078,0
2017-05-19,12.56,12.6,12.339,12.55,1964761,0
2017-05-22,12.97,13.4,12.93,13.25,3496918,0
2017-05-23,13.55,13.63,12.98,13.085,3991958,0
2017-05-24,12.97,13.375,12.95,13.36,3001807,0
2017-05-25,13.41,13.4659,13.2,13.26,1248366,0
2017-05-26,13.64,13.8,13.46,13.67,2107841,0
2017-05-30,13.65,13.96,13.63,13.86,2302983,0
2017-05-31,13.52,13.885,13.49,13.63,1693162,0
2017-06-01,13.03,13.6499,12.96,13.59,2205595,0
2017-06-02,13.8,14.26,13.76,14.13,2089654,0
2017-06-05,14.27,14.42,14.14,14.23,934505,0
2017-06-06,14.51,14.66,14.42,14.55,1488270,0
2017-06-07,14.39,14.63,14.08,14.29,1915447,0
2017-06-08,14.34,14.34,13.55,13.85,1713021,0
2017-06-09,13.41,13.49,13.25,13.35,1416443,0
2017-06-12,12.91,13.09,12.63,12.74,2096790,0
2017-06-13,12.28,12.64,12.23,12.54,2420852,0
2017-06-14,13.35,13.53,12.45,12.5,4147695,0
2017-06-15,12.16,12.42,12.08,12.25,2066641,0
2017-06-16,12.1,12.13,11.99,12.05,1644547,0
2017-06-19,11.82,11.8619,11.62,11.64,1636697,0
2017-06-20,11.56,11.64,11.43,11.56,1707980,0
2017-06-21,11.45,11.57,11.38,11.5,1784779,0
2017-06-22,11.8,11.91,11.7,11.81,3357021,0
2017-06-23,12.13,12.1664,11.99,12.06,2085202,0
2017-06-26,11.84,11.91,11.73,11.79,1125446,0
2017-06-27,11.9,12.18,11.79,12.04,1558134,0
2017-06-28,12.27,12.3399,12.1,12.33,2019031,0
2017-06-29,11.86,12.15,11.84,11.88,2414150,0
2017-06-30,11.83,11.95,11.81,11.84,1796586,0
2017-07-03,10.98,11.125,10.68,10.77,4456151,0
2017-07-05,10.32,10.5675,10.27,10.55,3719360,0
2017-07-06,10.5,10.52,10.34,10.51,1934283,0
2017-07-07,10.09,10.09,9.19,9.61,6488888,0
2017-07-10,9.04,9.89,9.03,9.76,5715095,0
2017-07-11,9.79,10.11,9.64,10.11,2689011,0
2017-07-12,10.28,10.36,10.165,10.24,2911237,0
2017-07-13,10.2,10.22,9.8,9.85,3141004,0
2017-07-14,10.4,10.56,10.145,10.31,3146029,0
2017-07-17,10.67,10.78,10.6,10.62,2881089,0
2017-07-18,10.87,11.04,10.79,10.94,2433832,0
2017-07-19,11.02,11.12,10.8008,10.97,2299147,0
2017-07-20,10.89,11.23,10.72,10.99,2731368,0
2017-07-21,11.32,11.44,11.22,11.3691,1878981,0
2017-07-24,11.53,11.5399,11.28,11.37,1917980,0
2017-07-25,11.43,11.645,11.31,11.37,3359767,0
2017-07-26,11.27,11.8,11.225,11.76,3940618,0
2017-07-27,12,12.04,11.51,11.59,5620625,0
2017-07-28,11.74,11.92,11.7,11.88,2890055,0
2017-07-31,12.04,12.21,11.99,12.09,3343309,0
2017-08-01,11.88,12.1199,11.82,11.83,2318819,0
2017-08-02,11.56,11.96,11.53,11.55,2949265,0
2017-08-03,11.62,11.8,11.6144,11.69,1751385,0
2017-08-04,11.23,11.2899,10.73,10.87,2943701,0
2017-08-07,10.64,10.95,10.64,10.81,1179024,0
2017-08-08,11.16,11.32,10.8544,11.27,2291914,0
2017-08-09,11.93,12.26,11.88,12.2,4119998,0
2017-08-10,12.86,12.9,12.48,12.66,2944557,0
2017-08-11,12.41,12.67,12.3,12.66,1997611,0
2017-08-14,12.56,12.76,12.4337,12.58,1521733,0
2017-08-15,11.55,11.8579,11.5064,11.65,2344407,0
2017-08-16,11.72,12.63,11.71,12.59,2370714,0
2017-08-17,12.65,12.7426,12.3377,12.48,2010938,0
2017-08-18,12.73,12.7927,12.34,12.45,2511565,0
2017-08-21,12.5,12.65,12.335,12.38,1264532,0
2017-08-22,12.52,12.56,12.105,12.37,1425510,0
2017-08-23,12.5,12.57,12.31,12.56,1182096,0
2017-08-24,12.31,12.37,12.08,12.27,1835760,0
2017-08-25,12.66,12.7053,11.79,12.47,3060322,0
2017-08-28,12.79,13.45,12.71,13.41,2964271,0
2017-08-29,13.83,13.84,12.95,13.19,2671824,0
2017-08-30,13.21,13.38,13.17,13.26,863007,0
2017-08-31,13.26,13.75,13.26,13.75,2086579,0
2017-09-01,13.86,14.04,13.49,13.97,1892937,0
2017-09-05,14.46,14.67,14.22,14.4,3992813,0
2017-09-06,14.57,14.62,14.19,14.31,3020077,0
2017-09-07,14.58,14.96,14.52,14.88,2892274,0
2017-09-08,14.9,14.93,14.371,14.63,1985215,0
2017-09-11,14.17,14.4148,13.98,14.04,2118080,0
2017-09-12,14.15,14.47,14.09,14.29,2074677,0
2017-09-13,14.12,14.13,13.79,14,2370883,0
2017-09-14,13.85,14.09,13.821,14.01,2060873,0
2017-09-15,13.87,13.87,13.61,13.66,1828852,0
2017-09-18,13.03,13.09,12.38,12.7,3495809,0
2017-09-19,12.72,12.96,12.66,12.91,1738809,0
2017-09-20,12.82,13.07,12.1599,12.53,3209636,0
2017-09-21,11.94,12.3,11.92,12.14,2541025,0
2017-09-22,12.07,12.245,12.02,12.15,1397634,0
2017-09-25,11.93,12.57,11.85,12.55,2437120,0
2017-09-26,12.11,12.11,11.72,11.84,2268009,0
2017-09-27,11.65,11.971,11.63,11.665,1950848,0
2017-09-28,11.78,11.94,11.6,11.86,1385495,0
2017-09-29,11.73,11.801,11.389,11.43,1792250,0
2017-10-02,11.46,11.5799,11.271,11.29,1141110,0
2017-10-03,11.35,11.44,11.3,11.38,672756,0
2017-10-04,11.42,11.47,11.1847,11.33,1791271,0
2017-10-05,11.51,11.59,11.28,11.33,1684665,0
2017-10-06,11.27,11.86,10.75,11.69,3884484,0
2017-10-09,11.93,12.11,11.88,12.07,1818790,0
2017-10-10,12.55,12.67,12.36,12.38,2745110,0
2017-10-11,12.45,12.64,12.26,12.6,1569515,0
2017-10-12,12.51,12.685,12.37,12.63,1159125,0
2017-10-13,12.87,12.99,12.73,12.99,2843469,0
2017-10-16,13.04,13.1559,12.345,12.6,2574374,0
2017-10-17,12.23,12.35,12.01,12.19,2738026,0
2017-10-18,12.09,12.1762,12,12.09,1122794,0
2017-10-19,12.12,12.67,12.09,12.62,1704450,0
2017-10-20,12.38,12.559,11.93,12.17,1763851,0
2017-10-23,11.9,12.319,11.779,12.29,1702353,0
2017-10-24,12.01,12.16,11.82,12,1613761,0
2017-10-25,12.04,12.045,11.81,11.97,1119620,0
2017-10-26,11.88,11.94,11.53,11.61,1613931,0
2017-10-27,11.35,11.76,11.2691,11.73,1366636,0
2017-10-30,11.6038,11.84,11.515,11.73,1050365,0
2017-10-31,11.55,11.61,11.31,11.47,950431,0
2017-11-01,11.8,12.44,11.7776,12.34,2832811,0
2017-11-02,12.34,12.55,12.11,12.28,1560096,0
2017-11-03,12.36,12.4099,11.53,11.68,2338844,0
2017-11-06,11.76,12.55,11.75,12.53,2874717,0
2017-11-07,12.02,12.1,11.81,11.89,2109049,0
2017-11-08,12.18,12.52,11.98,12.009,1921642,0
2017-11-09,11.9,12.07,11.82,11.98,1852889,0
2017-11-10,12.07,12.15,11.52,11.72,2068374,0
