Date,Open,High,Low,Close,Volume,OpenInt
2010-11-16,49.689,49.689,48.833,48.833,5016,0
2010-11-17,49.099,49.368,48.983,49.252,29190,0
2010-11-18,49.85,50.331,49.822,50.048,8664,0
2010-11-19,49.923,50.304,49.671,50.279,12298,0
2010-11-22,49.994,50.297,49.689,50.199,9389,0
2010-11-23,49.814,49.895,49.467,49.751,9838,0
2010-11-24,50.323,50.815,50.323,50.755,23859,0
2010-11-26,50.522,50.815,50.522,50.637,16427,0
2010-11-29,50.297,50.665,49.985,50.665,39465,0
2010-11-30,50.012,50.405,49.877,50.093,25542,0
2010-12-01,51.094,51.3,51.04,51.229,29794,0
2010-12-02,51.211,51.783,51.174,51.783,25834,0
2010-12-03,51.73,52.185,51.494,52.185,5226,0
2010-12-06,52.069,52.508,51.971,52.455,15428,0
2010-12-07,53.088,53.088,52.669,52.687,19229,0
2010-12-08,52.875,52.954,52.578,52.695,20424,0
2010-12-09,53.035,53.035,52.721,52.963,27506,0
2010-12-10,52.99,53.66,52.911,53.564,17526,0
2010-12-13,53.606,53.805,53.374,53.374,14812,0
2010-12-14,53.464,53.643,53.285,53.339,10425,0
2010-12-15,53.257,53.759,53.051,53.06,25188,0
2010-12-16,53.018,53.018,53.018,53.018,112,0
2010-12-17,53.366,53.572,53.151,53.519,17999,0
2010-12-20,53.643,54.027,53.625,53.787,3352,0
2010-12-21,54.073,54.448,54.02,54.377,11926,0
2010-12-22,54.509,54.779,54.509,54.583,5814,0
2010-12-23,54.645,54.725,54.448,54.457,3178,0
2010-12-27,53.911,54.413,53.911,54.395,12745,0
2010-12-28,54.215,54.386,54.064,54.259,12071,0
2010-12-29,54.342,54.421,54.342,54.358,6597,0
2010-12-30,54.528,54.528,54.332,54.332,5082,0
2010-12-31,54.241,54.421,53.942,53.987,33649,0
2011-01-03,54.43,55.189,54.43,55.075,38122,0
2011-01-04,55.324,55.324,53.714,54.171,2705,0
2011-01-05,54.491,54.565,54.377,54.565,2349,0
2011-01-06,54.342,54.342,54.342,54.342,194,0
2011-01-07,54.565,54.565,54.01,54.01,755,0
2011-01-10,53.893,54.099,53.893,54.099,615,0
2011-01-11,54.483,54.519,54.483,54.509,2349,0
2011-01-12,55.057,55.057,54.706,54.904,1431,0
2011-01-13,54.94,54.958,54.904,54.912,1341,0
2011-01-18,55.405,55.405,55.101,55.367,1279,0
2011-01-19,55.442,55.45,54.054,54.054,1678,0
2011-01-20,53.643,53.911,53.643,53.902,1376,0
2011-01-21,53.529,53.529,53.529,53.529,279,0
2011-01-24,53.919,53.928,53.919,53.928,2236,0
2011-01-25,53.597,53.938,53.597,53.938,2651,0
2011-01-26,54.555,54.921,54.555,54.843,1789,0
2011-01-28,54.565,54.565,53.83,53.83,966,0
2011-01-31,54.241,54.249,54.005,54.032,3616,0
2011-02-03,54.895,55.028,54.377,54.958,14510,0
2011-02-04,54.904,54.904,54.592,54.592,5921,0
2011-02-07,54.734,55.629,54.734,55.341,3318,0
2011-02-08,55.359,55.611,55.315,55.602,2429,0
2011-02-09,55.763,55.763,55.584,55.584,894,0
2011-02-10,55.359,55.629,55.307,55.514,1971,0
2011-02-11,55.638,55.968,55.638,55.968,2349,0
2011-02-15,56.399,56.424,56.176,56.176,2682,0
2011-02-16,56.541,56.657,56.361,56.622,2507,0
2011-02-18,57.347,57.347,57.14,57.14,1380,0
2011-02-22,56.577,56.586,55.906,55.906,639,0
2011-02-23,55.888,55.888,54.877,55.236,2468,0
2011-02-24,54.912,54.912,54.868,54.912,559,0
2011-02-28,56.336,56.336,56.336,56.336,939,0
2011-03-01,56.414,56.586,55.709,55.709,4779,0
2011-03-02,55.621,55.621,55.539,55.611,470,0
2011-03-03,56.791,56.791,56.791,56.791,448,0
2011-03-04,56.351,56.351,56.351,56.351,112,0
2011-03-07,56.246,56.246,55.763,55.763,559,0
2011-03-08,55.621,56.185,55.557,56.185,1374,0
2011-03-09,56.523,56.523,56.399,56.523,1321,0
2011-03-10,55.038,55.171,55.038,55.171,1118,0
2011-03-11,55.153,55.153,55.153,55.153,363,0
2011-03-14,54.413,54.787,54.413,54.787,320,0
2011-03-15,53.724,54.43,53.643,54.413,1474,0
2011-03-16,53.893,53.928,53.491,53.572,5366,0
2011-03-17,54.188,54.25,54.188,54.25,2613,0
2011-03-18,54.611,54.611,54.611,54.611,112,0
2011-03-21,55.584,55.754,55.567,55.672,10888,0
2011-03-22,55.986,55.986,55.547,55.681,2460,0
2011-03-23,55.171,55.728,55.136,55.719,3577,0
2011-03-24,55.85,55.85,55.567,55.763,2627,0
2011-03-25,56.094,56.738,56.094,56.532,3404,0
2011-03-28,56.399,56.514,56.085,56.085,448,0
2011-03-29,56.506,56.506,56.113,56.506,336,0
2011-03-30,57.103,57.214,57.103,57.214,784,0
2011-03-31,57.457,57.465,57.449,57.465,1678,0
2011-04-01,57.954,57.954,57.669,57.747,672,0
2011-04-04,57.91,57.964,57.847,57.886,2571,0
2011-04-05,58.079,58.142,58.069,58.142,1365,0
2011-04-06,58.258,58.267,58.132,58.258,3801,0
2011-04-07,57.893,57.973,57.838,57.973,1565,0
2011-04-08,58.151,58.151,57.205,57.223,9380,0
2011-04-11,56.567,56.567,56.567,56.567,448,0
2011-04-12,56.532,56.532,55.933,55.933,7266,0
2011-04-13,56.004,56.004,55.567,55.842,2797,0
2011-04-14,55.514,56.085,55.514,56.085,8910,0
2011-04-15,56.351,56.55,56.336,56.541,8383,0
2011-04-18,55.665,55.888,55.432,55.709,8206,0
2011-04-19,56.049,56.049,55.539,55.772,2807,0
2011-04-20,56.647,56.685,56.344,56.523,3005,0
2011-04-21,56.82,56.846,56.72,56.846,2124,0
2011-04-25,56.906,56.916,56.694,56.916,1902,0
2011-04-26,57.042,57.829,57.042,57.705,6496,0
2011-04-27,57.631,57.705,57.56,57.613,4359,0
2011-04-28,57.954,58.142,57.937,58.142,11491,0
2011-04-29,58.198,58.461,58.081,58.362,10676,0
2011-05-02,58.464,58.58,57.705,57.705,8027,0
2011-05-03,57.623,57.724,56.87,57.266,8383,0
2011-05-04,57.205,57.258,56.424,56.559,9612,0
2011-05-05,56.308,56.711,56.031,56.122,672,0
2011-05-09,56.72,56.72,56.72,56.72,559,0
2011-05-10,57.631,57.631,57.14,57.542,1231,0
2011-05-11,57.292,57.292,56.889,56.889,849,0
2011-05-13,56.406,57.024,56.406,56.424,336,0
2011-05-16,56.326,56.326,55.995,55.995,451,0
2011-05-17,55.772,55.772,55.236,55.575,2238,0
2011-05-18,56.185,56.336,56.176,56.336,1542,0
2011-05-19,56.424,56.506,56.406,56.443,726,0
2011-05-20,56.264,56.336,55.925,56.013,8417,0
2011-05-23,55.387,55.413,55.189,55.189,5505,0
2011-05-24,54.994,55.048,54.994,55.048,336,0
2011-05-25,55.396,55.396,55.281,55.281,559,0
2011-05-26,55.423,56.075,55.405,56.075,559,0
2011-05-27,56.351,56.443,56.351,56.443,559,0
2011-05-31,57.121,57.121,57.121,57.121,336,0
2011-06-01,57.13,57.13,55.592,55.592,963,0
2011-06-02,55.746,55.746,55.539,55.539,1118,0
2011-06-03,54.851,55.028,54.806,54.806,2405,0
2011-06-06,54.833,54.833,54.073,54.107,2768,0
2011-06-07,54.314,54.547,54.296,54.386,4929,0
2011-06-08,54.064,54.064,53.759,53.759,971,0
2011-06-09,53.597,54.001,53.597,54.001,1452,0
2011-06-10,53.311,53.311,52.687,52.892,2907,0
2011-06-13,52.792,52.867,52.784,52.867,1732,0
2011-06-14,53.304,53.418,53.304,53.418,1196,0
2011-06-16,53.142,53.276,52.911,53.276,5202,0
2011-06-17,53.787,53.902,53.41,53.464,1195,0
2011-06-20,53.294,54.001,53.294,53.938,3019,0
2011-06-21,54.358,54.904,54.358,54.904,1264,0
2011-06-22,55.136,55.181,55.136,55.153,1678,0
2011-06-23,53.787,54.117,53.321,54.117,2767,0
2011-06-24,54.404,54.404,53.938,54.127,784,0
2011-06-27,54.152,54.395,54.152,54.395,448,0
2011-06-29,55.171,55.199,55.144,55.144,1789,0
2011-06-30,55.824,55.963,55.824,55.963,1792,0
2011-07-01,56.004,56.775,56.004,56.72,1371,0
2011-07-05,56.729,56.738,56.647,56.657,1599,0
2011-07-06,56.703,56.889,56.523,56.889,1255,0
2011-07-07,57.783,57.783,57.783,57.783,112,0
2011-07-08,57.205,57.205,57.205,57.205,499,0
2011-07-11,56.657,56.889,56.158,56.176,6105,0
2011-07-12,56.122,56.122,56.122,56.122,224,0
2011-07-13,56.97,57.095,56.87,56.87,4806,0
2011-07-14,56.613,56.613,55.672,55.672,672,0
2011-07-18,55.602,55.7,54.994,54.994,1452,0
2011-07-19,55.468,56.104,55.468,56.067,4975,0
2011-07-20,56.013,56.022,55.86,55.879,3914,0
2011-07-21,56.361,56.889,56.361,56.846,4918,0
2011-07-22,56.667,56.748,56.496,56.748,7546,0
2011-07-25,55.968,56.424,55.915,56.318,5913,0
2011-07-26,56.075,56.075,55.832,55.995,1628,0
2011-07-27,55.332,55.332,54.215,54.215,2460,0
2011-07-28,54.324,54.787,54.215,54.215,1506,0
2011-07-29,53.427,54.386,53.427,54.135,7490,0
2011-08-01,54.761,54.761,53.392,53.839,11713,0
2011-08-02,53.777,53.983,52.283,52.283,2881,0
2011-08-03,51.909,52.365,51.442,52.365,2407,0
2011-08-05,49.905,50.485,48.642,49.295,10260,0
2011-08-08,47.434,47.568,44.627,44.627,5335,0
2011-08-09,46.613,46.648,44.252,46.648,1312,0
2011-08-10,46.058,46.238,45.028,45.028,3787,0
2011-08-11,45.601,46.101,45.002,45.888,2907,0
2011-08-12,47.659,47.659,47.105,47.211,5142,0
2011-08-15,47.864,48.642,47.676,48.642,21056,0
2011-08-16,48.016,48.115,47.606,47.775,3021,0
2011-08-17,48.276,48.34,47.587,47.936,1296,0
2011-08-18,46.46,46.52,45.332,45.577,2700,0
2011-08-19,44.554,45.628,44.019,44.734,5351,0
2011-08-22,46.05,46.05,44.502,44.502,2018,0
2011-08-23,44.85,46.478,44.572,46.478,11133,0
2011-08-24,46.46,47.311,46.46,47.211,7289,0
2011-08-25,47.992,47.992,45.907,46.165,3236,0
2011-08-26,45.7,46.959,45.7,46.959,1789,0
2011-08-30,48.955,49.305,48.553,49.295,4285,0
2011-08-31,49.802,49.884,49.004,49.004,1529,0
2011-09-01,49.018,49.68,47.954,47.982,2251,0
2011-09-02,47.293,47.293,46.304,46.304,2609,0
2011-09-06,44.715,46.003,44.715,46.003,1741,0
2011-09-07,47.14,47.864,47.14,47.83,1483,0
2011-09-08,47.927,47.927,47.219,47.219,798,0
2011-09-09,46.496,46.496,45.664,45.691,2603,0
2011-09-12,45.278,46.058,45.278,46.058,559,0
2011-09-13,46.307,46.675,46.264,46.675,2944,0
2011-09-14,46.371,46.63,46.361,46.63,5942,0
2011-09-15,47.694,47.854,47.596,47.596,448,0
2011-09-16,48.526,48.553,48.313,48.553,336,0
2011-09-19,47.167,47.167,47.167,47.167,672,0
2011-09-20,47.382,47.382,46.72,46.72,894,0
2011-09-21,46.666,46.808,45.019,45.019,1341,0
2011-09-22,43.517,44.297,43.133,43.231,12413,0
2011-09-28,45.976,45.976,44.715,44.715,1230,0
2011-09-29,44.365,44.904,44.304,44.904,561,0
2011-09-30,44.157,44.693,43.977,43.977,894,0
2011-10-03,43.481,43.481,41.977,41.977,780,0
2011-10-05,44.512,44.521,44.512,44.521,329,0
2011-10-06,44.752,45.683,44.609,45.683,1592,0
2011-10-07,45.719,45.719,45.118,45.118,2851,0
2011-10-11,46.622,46.639,46.496,46.496,1230,0
2011-10-12,47.479,47.479,47.479,47.479,168,0
2011-10-13,46.799,47.293,46.799,47.293,743,0
2011-10-14,47.899,47.899,47.899,47.899,112,0
2011-10-17,47.838,47.838,46.622,46.622,576,0
2011-10-18,46.361,46.415,46.307,46.415,559,0
2011-10-19,48.124,48.322,47.284,47.284,1452,0
2011-10-20,47.041,47.354,46.701,47.354,1854,0
2011-10-21,48.419,48.419,48.392,48.392,224,0
2011-10-25,49.305,49.305,49,49.037,1975,0
2011-11-01,48.553,48.786,48.553,48.786,1524,0
2011-11-02,49.099,49.125,49.099,49.125,657,0
2011-11-03,49.994,50.593,49.994,50.593,1118,0
2011-11-04,50.617,50.617,50.617,50.617,346,0
2011-11-09,49.858,49.858,49.645,49.645,863,0
2011-11-10,49.511,49.511,49.116,49.215,559,0
2011-11-11,50.039,50.262,50.039,50.262,336,0
2011-11-14,50.11,50.11,49.627,49.627,2154,0
2011-11-15,49.868,49.868,49.868,49.868,152,0
2011-11-17,49.009,49.009,49.009,49.009,777,0
2011-11-18,48.858,48.858,48.858,48.858,504,0
2011-11-21,48.212,48.221,47.793,48.17,2093,0
2011-11-25,45.674,46.361,45.674,46.361,776,0
2011-11-28,47.311,47.328,46.952,47.124,2194,0
2011-11-30,49.105,49.185,49.105,49.185,763,0
2011-12-01,50.039,50.039,50.039,50.039,196,0
2011-12-06,50.789,50.789,50.789,50.789,802,0
2011-12-07,50.372,50.673,50.372,50.673,601,0
2011-12-08,50.316,50.316,50.316,50.316,363,0
2011-12-09,50.299,50.299,50.299,50.299,1367,0
2011-12-14,48.492,48.749,48.492,48.739,2066,0
2011-12-15,48.749,49.277,48.749,49.277,1235,0
2011-12-19,49.305,49.305,48.92,48.92,1148,0
2011-12-20,50.262,50.323,50.217,50.297,1733,0
2011-12-21,50.369,50.618,50.369,50.618,714,0
2011-12-22,51.512,51.512,51.512,51.512,448,0
2011-12-23,51.595,51.595,51.269,51.351,1913,0
2011-12-27,51.396,51.767,51.396,51.65,4526,0
2011-12-28,51.216,51.216,50.806,51.015,5117,0
2011-12-29,50.797,51.142,50.727,51.142,3086,0
2011-12-30,51.334,51.334,51.334,51.334,344,0
2012-01-03,52.175,52.175,52.175,52.175,327,0
2012-01-04,51.522,51.55,51.441,51.441,720,0
2012-01-05,51.307,51.958,51.08,51.832,18590,0
2012-01-09,51.922,51.922,51.532,51.804,1110,0
2012-01-10,52.482,52.482,52.482,52.482,221,0
2012-01-12,52.762,52.762,52.762,52.762,939,0
2012-01-13,52.482,52.482,52.221,52.339,1492,0
2012-01-20,53.67,53.779,53.67,53.779,1220,0
2012-01-24,53.887,53.932,53.887,53.932,890,0
2012-01-25,54.04,54.467,54.04,54.467,1786,0
2012-01-26,54.439,54.439,54.276,54.276,4284,0
2012-01-30,54.024,54.024,54.024,54.024,310,0
2012-01-31,54.088,54.341,54.088,54.285,2870,0
2012-02-01,55.238,55.418,54.72,55.418,774,0
2012-02-02,55.644,55.644,55.618,55.644,260,0
2012-02-03,56.834,56.834,56.834,56.834,111,0
2012-02-06,56.677,56.677,56.505,56.505,716,0
2012-02-07,56.432,56.432,56.432,56.432,166,0
2012-02-08,56.397,56.397,56.397,56.397,903,0
2012-02-13,55.889,55.889,55.889,55.889,111,0
2012-02-14,55.978,55.978,55.978,55.978,111,0
2012-02-16,56.523,56.523,56.523,56.523,275,0
2012-02-17,56.677,56.677,56.677,56.677,442,0
2012-02-21,56.639,56.639,56.639,56.639,943,0
2012-02-22,55.998,55.998,55.762,55.762,459,0
2012-02-27,55.628,56.28,55.265,56.28,2344,0
2012-02-28,56.153,56.153,55.824,55.851,2292,0
2012-02-29,55.554,55.708,55.554,55.708,20646,0
2012-03-01,55.481,55.935,55.481,55.88,1022,0
2012-03-02,54.639,54.648,54.35,54.448,2005,0
2012-03-05,54.404,54.521,54.195,54.521,436,0
2012-03-06,53.571,54.169,53.571,53.571,716,0
2012-03-07,54.132,54.132,54.132,54.132,111,0
2012-03-08,54.539,54.793,54.132,54.784,11305,0
2012-03-09,54.802,55.754,54.802,55.491,585,0
2012-03-12,55.653,55.653,55.427,55.437,732,0
2012-03-13,56.306,56.334,56.306,56.334,442,0
2012-03-15,56.006,56.677,56.006,56.677,1248,0
2012-03-16,56.713,56.713,56.614,56.632,2760,0
2012-03-23,56.195,56.568,55.945,56.568,6624,0
2012-03-26,57.518,57.518,57.509,57.509,883,0
2012-03-27,57.601,57.601,57.601,57.601,192,0
2012-03-28,57.129,57.129,57.129,57.129,176,0
2012-03-29,56.359,56.975,56.342,56.975,2870,0
2012-04-02,56.687,57.484,56.687,57.43,2495,0
2012-04-04,56.27,56.27,56.043,56.098,2098,0
2012-04-05,55.963,55.963,55.898,55.898,791,0
2012-04-09,55.153,55.153,55.111,55.111,707,0
2012-04-10,54.675,54.675,54.675,54.675,442,0
2012-04-11,54.475,54.475,54.475,54.475,221,0
2012-04-12,55.427,55.446,55.427,55.446,2807,0
2012-04-13,54.639,54.72,54.639,54.657,530,0
2012-04-16,54.621,54.621,54.621,54.621,111,0
2012-04-17,55.815,55.988,55.698,55.698,2634,0
2012-04-19,55.238,55.238,54.938,54.938,2210,0
2012-04-20,55.163,55.255,55.163,55.255,6524,0
2012-04-23,54.35,54.35,54.015,54.323,1731,0
2012-04-24,54.395,55.011,54.395,54.965,1184,0
2012-04-27,56.306,56.596,56.261,56.596,1758,0
2012-04-30,56.614,56.614,55.945,55.945,1554,0
2012-05-01,55.798,56.705,55.798,56.251,3500,0
2012-05-03,55.599,55.718,55.172,55.172,3214,0
2012-05-04,54.304,54.692,54.304,54.304,332,0
2012-05-07,53.571,54.521,53.571,54.521,776,0
2012-05-08,53.987,54.266,53.987,54.266,1422,0
2012-05-09,53.969,54.367,53.969,54.367,982,0
2012-05-10,54.739,54.739,54.605,54.605,389,0
2012-05-11,54.493,54.493,54.439,54.439,2433,0
2012-05-14,53.77,53.977,53.77,53.951,3787,0
2012-05-15,53.605,53.969,53.605,53.905,1068,0
2012-05-17,52.828,52.973,52.502,52.502,5499,0
2012-05-18,52.203,52.203,51.869,51.869,553,0
2012-05-21,52.231,52.284,52.231,52.284,1395,0
2012-05-22,52.521,52.555,52.521,52.555,500,0
2012-05-24,52.429,52.429,52.312,52.312,664,0
2012-05-30,52.692,52.81,52.357,52.357,21222,0
2012-05-31,51.869,52.284,51.869,52.247,872,0
2012-06-01,51.441,51.595,51.415,51.459,2032,0
2012-06-04,51.198,51.198,50.608,50.832,755,0
2012-06-06,52.274,52.6,52.274,52.6,696,0
2012-06-07,53.397,53.397,52.401,52.401,2200,0
2012-06-08,52.019,53.061,52.019,53.046,2523,0
2012-06-11,53.028,53.028,52.411,52.411,372,0
2012-06-12,52.047,52.319,52.047,52.319,442,0
2012-06-13,52.357,52.429,52.076,52.076,2430,0
2012-06-14,52.394,52.421,52.394,52.394,2098,0
2012-06-15,52.61,53.233,52.61,53.233,2114,0
2012-06-18,53.036,53.109,52.926,53.109,442,0
2012-06-20,54.132,54.132,53.779,53.896,1254,0
2012-06-21,53.261,53.261,52.727,52.736,6106,0
2012-06-22,53.154,53.154,53.046,53.154,3441,0
2012-06-25,52.563,52.61,52.521,52.61,7286,0
2012-06-27,53.271,53.299,53.261,53.299,1909,0
2012-06-28,53.397,53.424,52.91,52.91,827,0
2012-06-29,54.53,55.066,54.53,55.066,553,0
2012-07-05,56.342,56.388,56.342,56.388,1383,0
2012-07-06,55.727,55.745,55.572,55.572,442,0
2012-07-09,55.427,55.455,55.427,55.455,950,0
2012-07-10,55.535,55.609,55.191,55.191,1352,0
2012-07-11,54.71,54.71,54.667,54.667,464,0
2012-07-12,54.249,54.71,54.249,54.71,772,0
2012-07-13,55.427,55.427,55.427,55.427,221,0
2012-07-17,55.219,55.353,55.219,55.283,2104,0
2012-07-18,55.365,55.365,55.365,55.365,772,0
2012-07-19,55.255,55.255,55.246,55.246,658,0
2012-07-20,54.614,54.72,54.614,54.71,1302,0
2012-07-23,53.751,53.942,53.587,53.806,1105,0
2012-07-25,53.389,53.389,53.118,53.118,3111,0
2012-07-26,53.833,53.833,53.461,53.461,2634,0
2012-07-27,54.05,55.037,54.05,54.984,4823,0
2012-07-31,54.848,55.057,54.438,54.439,5120,0
2012-08-01,55.51,55.51,54.06,54.06,514,0
2012-08-02,53.109,53.351,53.109,53.118,1123,0
2012-08-03,54.692,54.692,54.692,54.692,111,0
2012-08-06,55.228,55.228,55.182,55.191,1764,0
2012-08-07,55.455,55.745,55.327,55.327,9769,0
2012-08-08,55.599,55.628,55.283,55.353,11854,0
2012-08-09,55.391,55.628,55.381,55.628,1671,0
2012-08-10,55.2,55.535,55.2,55.535,41581,0
2012-08-13,55.371,55.408,55.037,55.075,13642,0
2012-08-14,55.824,55.824,55.057,55.119,5189,0
2012-08-15,55.111,55.727,55.111,55.727,12310,0
2012-08-16,55.754,56.342,55.464,56.306,12360,0
2012-08-17,56.406,56.568,56.406,56.568,737,0
2012-08-20,56.677,56.731,56.324,56.731,10012,0
2012-08-21,57.004,57.474,56.705,56.705,13372,0
2012-08-22,56.324,56.514,56.315,56.315,4359,0
2012-08-23,56.406,56.406,55.806,55.889,4316,0
2012-08-24,55.815,56.143,55.636,56.006,5005,0
2012-08-27,56.368,56.368,56.163,56.163,1236,0
2012-08-28,55.971,56.378,55.971,56.378,6295,0
2012-08-29,56.532,56.687,56.267,56.559,1138,0
2012-08-30,55.935,55.988,55.935,55.988,4085,0
2012-08-31,56.18,56.18,56.153,56.153,4526,0
2012-09-04,55.861,56.795,55.824,56.795,4936,0
2012-09-05,56.824,56.824,56.809,56.809,2039,0
2012-09-06,57.929,57.937,57.929,57.937,1442,0
2012-09-07,58.244,58.362,58.244,58.362,1577,0
2012-09-10,58.271,58.271,58.271,58.271,221,0
2012-09-11,58.126,58.517,58.126,58.276,18690,0
2012-09-12,58.49,58.507,58.275,58.275,808,0
2012-09-13,58.546,59.431,58.546,59.431,920,0
2012-09-14,59.91,60.32,59.784,60.32,1252,0
2012-09-17,59.856,59.929,59.649,59.649,1987,0
2012-09-18,59.367,59.557,59.295,59.502,4221,0
2012-09-19,59.492,59.747,59.492,59.492,1628,0
2012-09-20,58.988,59.232,58.796,59.232,1323,0
2012-09-21,59.512,59.512,59.512,59.512,384,0
2012-09-25,59.649,59.702,59.015,59.015,1088,0
2012-09-26,58.652,58.652,57.973,57.973,221,0
2012-10-02,58.526,58.526,58.307,58.307,777,0
2012-10-03,58.335,58.624,58.335,58.335,1542,0
2012-10-04,58.372,58.372,58.372,58.372,308,0
2012-10-05,59.394,59.394,59.171,59.178,1001,0
2012-10-08,58.288,58.461,58.109,58.461,563,0
2012-10-09,58.307,58.307,57.745,57.745,669,0
2012-10-11,58.416,58.416,58.006,58.117,3280,0
2012-10-12,57.927,57.927,57.927,57.927,3313,0
2012-10-15,57.518,57.656,57.066,57.656,1307,0
2012-10-16,58.026,58.117,58.026,58.117,978,0
2012-10-17,58.697,58.761,58.413,58.742,27125,0
2012-10-18,58.814,58.824,58.555,58.624,2496,0
2012-10-19,58,58,57.367,57.509,1216,0
2012-10-22,57.376,57.43,57.157,57.26,4507,0
2012-10-23,56.795,56.795,56.514,56.677,664,0
2012-10-24,56.975,56.975,56.975,56.975,553,0
2012-10-25,57.302,57.302,56.912,56.957,1188,0
2012-10-26,57.412,57.412,57.03,57.103,2538,0
2012-10-31,57.083,57.358,54.395,57.022,4494,0
2012-11-01,57.484,58.089,57.484,57.964,11223,0
2012-11-02,58.198,58.218,57.348,57.348,4085,0
2012-11-05,57.223,57.518,57.11,57.465,5983,0
2012-11-06,57.78,58.009,57.78,57.91,12854,0
2012-11-07,57.231,57.231,56.189,56.315,3741,0
2012-11-08,56.496,56.496,55.683,55.683,2642,0
2012-11-09,55.344,55.344,55.344,55.344,221,0
2012-11-14,55.163,55.21,54.199,54.199,2085,0
2012-11-15,53.896,54.069,53.679,53.679,1323,0
2012-11-16,53.354,54.285,53.335,54.285,3863,0
2012-11-19,55.172,55.2,55.011,55.153,2319,0
2012-11-21,55.572,55.628,55.554,55.628,1435,0
2012-11-23,56.251,56.251,56.093,56.093,1032,0
2012-11-26,56.368,56.406,56.297,56.297,3261,0
2012-11-27,56.659,56.775,56.659,56.689,1017,0
2012-11-28,55.954,56.705,55.945,56.705,1323,0
2012-11-29,57.348,57.591,57.348,57.583,1470,0
2012-12-03,57.518,57.601,57.457,57.457,2694,0
2012-12-04,57.666,57.666,57.44,57.44,537,0
2012-12-05,57.819,57.964,57.339,57.772,4472,0
2012-12-06,57.729,57.856,57.518,57.856,2078,0
2012-12-07,57.737,57.836,57.737,57.836,2136,0
2012-12-10,58.009,58.009,58.009,58.009,111,0
2012-12-11,58.507,58.67,58.507,58.67,2484,0
2012-12-12,58.796,58.799,58.302,58.382,14340,0
2012-12-13,58.372,58.47,57.828,57.885,6590,0
2012-12-14,58.089,58.225,58.089,58.225,772,0
2012-12-17,58.295,58.627,58.279,58.627,899,0
2012-12-18,59.042,59.658,59.042,59.658,4391,0
2012-12-19,59.658,59.975,59.658,59.961,9245,0
2012-12-20,59.839,60.191,59.839,60.191,3222,0
2012-12-21,59.259,59.595,59.259,59.577,6733,0
2012-12-24,59.786,59.786,59.537,59.602,1787,0
2012-12-26,59.777,59.777,59.324,59.418,10054,0
2012-12-27,59.389,59.389,58.523,58.806,7097,0
2012-12-28,59.15,59.168,58.89,58.89,12400,0
2012-12-31,58.91,59.658,58.91,59.658,4070,0
2013-01-02,61.523,61.734,61.475,61.725,4059,0
2013-01-03,62.233,62.233,61.558,61.558,3330,0
2013-01-04,62.168,62.215,62.168,62.215,1618,0
2013-01-07,61.825,61.825,61.743,61.816,3134,0
2013-01-08,61.772,61.791,61.506,61.651,3781,0
2013-01-09,62.02,62.02,61.883,61.887,1461,0
2013-01-10,61.873,62.105,61.873,62.105,1398,0
2013-01-11,62.084,62.113,61.781,61.854,11698,0
2013-01-14,61.854,61.854,61.854,61.854,253,0
2013-01-15,61.558,62.148,61.558,62.14,8617,0
2013-01-16,61.964,62.103,61.873,62.059,3867,0
2013-01-17,62.233,62.606,62.233,62.606,1353,0
2013-01-18,62.619,62.741,62.553,62.741,4833,0
2013-01-22,62.778,63.303,62.741,63.303,3416,0
2013-01-23,63.311,63.311,63.1,63.118,2275,0
2013-01-24,63.285,63.588,63.175,63.303,10708,0
2013-01-25,63.562,63.562,63.249,63.499,2211,0
2013-01-28,63.709,63.801,63.534,63.792,6240,0
2013-01-29,63.82,63.82,63.727,63.782,1913,0
2013-01-30,63.682,63.682,63.1,63.1,7705,0
2013-01-31,63.082,63.636,63.082,63.578,4390,0
2013-02-01,64.39,64.39,64.318,64.332,1258,0
2013-02-04,63.811,63.858,63.462,63.478,4155,0
2013-02-05,63.628,64.042,63.598,64.042,2491,0
2013-02-06,63.044,64.131,63.044,64.131,11651,0
2013-02-07,63.755,63.841,63.636,63.841,2437,0
2013-02-08,64.108,64.117,64.108,64.117,541,0
2013-02-11,64.071,64.179,64.071,64.179,652,0
2013-02-12,64.788,64.788,64.788,64.788,652,0
2013-02-13,64.825,64.872,64.715,64.805,5487,0
2013-02-14,64.835,65.25,64.835,65.234,7623,0
2013-02-15,65.181,65.317,65.132,65.142,2608,0
2013-02-19,65.327,65.769,65.327,65.769,11993,0
2013-02-20,65.934,65.934,64.744,64.744,2735,0
2013-02-21,64.263,64.3,63.781,63.82,1680,0
2013-02-22,64.293,64.448,64.226,64.35,1723,0
2013-02-25,63.996,63.996,63.212,63.212,22753,0
2013-02-26,63.562,63.691,63.118,63.622,1624,0
2013-02-27,63.543,64.48,63.543,64.154,7505,0
2013-02-28,64.162,64.633,64.099,64.218,12558,0
2013-03-01,63.682,64.375,63.311,64.329,8282,0
2013-03-04,64.365,64.605,63.968,64.551,15390,0
2013-03-05,64.956,65.27,64.956,65.27,14377,0
2013-03-06,65.337,65.39,65.142,65.353,5633,0
2013-03-07,65.399,65.537,65.307,65.537,4772,0
2013-03-08,66.016,66.016,65.863,65.991,652,0
2013-03-11,66.026,66.146,65.972,66.036,2939,0
2013-03-12,66.016,66.091,65.881,65.928,2644,0
2013-03-13,66.258,66.277,66.222,66.222,865,0
2013-03-14,66.47,66.985,66.47,66.985,1854,0
2013-03-15,66.905,67.144,66.896,67.07,3488,0
2013-03-18,66.433,66.97,66.433,66.581,2085,0
2013-03-19,66.831,66.831,66.452,66.452,554,0
2013-03-20,66.821,66.867,66.739,66.867,4463,0
2013-03-21,66.636,66.792,66.47,66.526,2491,0
2013-03-22,66.672,66.672,66.617,66.617,386,0
2013-03-25,67.084,67.084,66.464,66.773,3001,0
2013-03-26,66.877,66.941,66.636,66.937,3514,0
2013-03-27,66.535,66.932,66.388,66.932,4584,0
2013-03-28,67.109,67.109,66.812,66.812,3793,0
2013-04-01,65.925,66.802,65.862,65.871,2726,0
2013-04-02,66.414,66.414,65.925,65.925,6583,0
2013-04-03,65.905,65.905,64.663,64.673,4245,0
2013-04-04,64.706,65.072,64.697,65.072,6182,0
2013-04-05,64.3,64.984,64.3,64.984,4097,0
2013-04-08,65.241,65.676,65.142,65.676,2889,0
2013-04-09,65.649,65.915,65.621,65.915,1405,0
2013-04-10,65.889,66.748,65.835,66.743,2381,0
2013-04-11,66.775,67.056,66.775,67.056,1187,0
2013-04-12,66.599,66.758,66.324,66.359,1840,0
2013-04-15,65.464,65.464,65.371,65.38,541,0
2013-04-16,64.505,64.933,64.293,64.779,16786,0
2013-04-17,64.449,64.587,63.47,63.792,3600,0
2013-04-18,63.877,63.996,63.311,63.502,4770,0
2013-04-19,63.553,64.309,63.379,64.309,3976,0
2013-04-22,64.495,64.542,63.571,64.458,3205,0
2013-04-23,64.909,65.464,64.909,65.464,1299,0
2013-04-24,65.739,65.991,65.694,65.991,3032,0
2013-04-25,66.128,66.609,66.064,66.526,3156,0
2013-04-26,66.119,66.128,65.779,65.858,2805,0
2013-04-29,66.241,66.414,66.241,66.414,2159,0
2013-04-30,66.369,66.812,66.359,66.812,2704,0
2013-05-01,66.518,66.518,65.149,65.149,8246,0
2013-05-02,65.547,66.23,65.547,66.23,2989,0
2013-05-03,67.024,67.632,67.024,67.275,5568,0
2013-05-06,67.347,67.783,67.284,67.726,2917,0
2013-05-07,67.9,67.947,67.717,67.947,5395,0
2013-05-08,68.207,68.381,68.187,68.366,2854,0
2013-05-09,68.289,68.547,68.269,68.344,4446,0
2013-05-10,68.446,68.658,68.344,68.629,7294,0
2013-05-13,68.547,68.547,68.307,68.362,3309,0
2013-05-14,68.466,69.165,68.466,69.165,2410,0
2013-05-15,69.026,69.528,69.018,69.525,877,0
2013-05-16,69.351,69.535,69.13,69.13,3041,0
2013-05-17,69.564,69.857,69.564,69.857,865,0
2013-05-20,69.802,70.245,69.802,70.126,2647,0
2013-05-21,70.262,70.318,70.079,70.318,5060,0
2013-05-22,70.394,71.012,68.704,69.045,3813,0
2013-05-23,68.391,68.992,68.221,68.992,4552,0
2013-05-24,68.639,68.973,68.325,68.973,2190,0
2013-05-28,70.016,70.367,70.016,70.337,1359,0
2013-05-29,69.462,69.462,69.022,69.174,5316,0
2013-05-30,69.536,69.802,69.342,69.543,13568,0
2013-05-31,69.165,69.405,68.935,68.935,2387,0
2013-06-03,68.852,68.961,68.511,68.961,2275,0
2013-06-04,68.852,68.879,68.4,68.879,2649,0
2013-06-05,68.639,68.742,67.964,68.04,4513,0
2013-06-06,67.957,68.371,67.735,68.371,1661,0
2013-06-07,68.909,69.073,68.649,69.073,8096,0
2013-06-10,69.314,69.397,68.944,69.397,1402,0
2013-06-11,68.612,69.01,68.362,68.634,17516,0
2013-06-12,68.844,68.844,67.764,67.764,3581,0
2013-06-13,67.641,68.909,67.641,68.824,2189,0
2013-06-14,69.111,69.202,68.686,68.713,2371,0
2013-06-17,69.275,69.37,68.668,68.723,5064,0
2013-06-18,69.275,70.035,69.092,69.82,3335,0
2013-06-19,69.545,69.646,68.918,68.918,11218,0
2013-06-20,67.891,67.984,66.877,66.877,5099,0
2013-06-21,67.245,67.431,66.912,67.347,2833,0
2013-06-24,66.202,66.858,65.879,66.452,2325,0
2013-06-25,67.044,67.338,66.839,67.338,4228,0
2013-06-26,67.792,67.828,67.552,67.579,5668,0
2013-06-27,68.207,68.668,68.207,68.649,3920,0
2013-06-28,68.574,68.909,68.353,68.353,6213,0
2013-07-01,69.083,69.424,68.862,69.165,3192,0
2013-07-02,69.342,69.656,68.983,68.983,5435,0
2013-07-03,69.121,69.554,69.026,69.481,3884,0
2013-07-05,69.858,69.987,69.528,69.98,1840,0
2013-07-08,70.412,70.735,70.384,70.541,16411,0
2013-07-09,70.763,71.337,70.763,71.169,4156,0
2013-07-10,71.337,71.4,71.096,71.133,3174,0
2013-07-11,72.249,72.249,71.816,72.054,4378,0
2013-07-12,72.174,72.424,72.131,72.351,3845,0
2013-07-15,72.536,72.933,72.526,72.902,2402,0
2013-07-16,72.961,72.961,72.551,72.69,9691,0
2013-07-17,73.043,73.312,72.906,72.979,6096,0
2013-07-18,73.199,73.838,73.199,73.562,8055,0
2013-07-19,73.579,73.774,73.562,73.774,3262,0
2013-07-22,73.791,74.14,73.791,74.012,3889,0
2013-07-23,74.299,74.299,73.967,74.004,15865,0
2013-07-24,74.392,74.392,73.476,73.57,2707,0
2013-07-25,73.356,73.985,73.256,73.91,2375,0
2013-07-26,73.57,73.643,73.256,73.489,1030,0
2013-07-29,73.451,73.458,73.103,73.103,3915,0
2013-07-30,73.209,73.265,72.942,72.951,2641,0
2013-07-31,73.09,73.432,73.09,73.199,2035,0
2013-08-01,73.671,73.718,73.534,73.594,4528,0
2013-08-02,73.375,73.649,73.365,73.57,2351,0
2013-08-05,73.587,73.781,73.466,73.562,3443,0
2013-08-06,73.265,73.265,72.896,72.964,9127,0
2013-08-07,72.831,72.867,72.57,72.638,2152,0
2013-08-08,73.199,73.199,72.704,72.97,5130,0
2013-08-09,73.071,73.071,72.811,72.811,6711,0
2013-08-12,72.453,73.108,72.453,73.108,4089,0
2013-08-13,73.246,73.246,72.554,72.924,5347,0
2013-08-14,73.173,73.173,72.69,72.729,6216,0
2013-08-15,71.926,71.973,71.364,71.483,7288,0
2013-08-16,71.234,71.501,71.03,71.096,5179,0
2013-08-19,71.206,71.206,70.301,70.301,2967,0
2013-08-20,70.422,71.377,70.379,71.355,5257,0
2013-08-21,71.039,71.38,70.579,71.38,4549,0
2013-08-22,70.838,74.113,70.838,71.623,4500,0
2013-08-23,71.683,71.843,71.547,71.843,2668,0
2013-08-26,72.054,72.054,71.686,71.686,5324,0
2013-08-27,71.022,71.022,70.211,70.245,4645,0
2013-08-28,70.328,70.57,70.236,70.43,4007,0
2013-08-29,70.855,70.855,70.579,70.579,865,0
2013-08-30,70.902,70.902,69.618,69.692,18403,0
2013-09-03,70.755,70.755,69.618,69.961,1137,0
2013-09-04,69.97,70.513,69.839,70.422,5105,0
2013-09-05,70.735,70.846,70.504,70.587,7224,0
2013-09-06,71.003,71.106,69.887,70.838,1082,0
2013-09-09,71.104,71.537,71.104,71.537,1407,0
2013-09-10,72.202,72.379,72.174,72.379,9140,0
2013-09-11,72.379,72.545,72.343,72.471,1506,0
2013-09-12,72.489,72.497,72.018,72.018,3986,0
2013-09-13,72.211,72.388,72.211,72.323,1769,0
2013-09-16,73.302,73.302,72.507,72.507,7125,0
2013-09-17,72.747,73.173,72.738,73.173,790,0
2013-09-18,73.256,74.299,72.831,74.067,3033,0
2013-09-19,74.289,74.289,73.606,73.829,3304,0
2013-09-20,74.087,74.087,73.847,73.91,2990,0
2013-09-23,73.671,73.838,73.516,73.829,1454,0
2013-09-24,73.451,74.355,73.451,74.355,541,0
2013-09-25,74.326,74.392,73.977,74.004,1407,0
2013-09-26,73.774,74.077,73.774,74.067,3574,0
2013-09-27,73.643,73.948,73.606,73.689,5418,0
2013-09-30,73.071,73.709,72.989,73.606,3468,0
2013-10-01,73.689,74.392,73.689,74.227,1733,0
2013-10-02,74.188,74.188,73.939,74.096,3790,0
2013-10-03,73.892,73.892,72.906,73.312,3683,0
2013-10-04,73.432,73.838,73.432,73.829,1516,0
2013-10-07,73.008,73.422,72.906,73.274,2381,0
2013-10-08,72.933,73.154,72.202,72.202,2164,0
2013-10-09,72.036,72.536,71.899,72.231,1407,0
2013-10-10,73.144,73.726,73.099,73.726,2817,0
2013-10-11,73.596,74.891,73.596,74.891,9209,0
2013-10-14,74.485,74.584,74.485,74.494,1733,0
2013-10-15,74.891,75.076,74.843,74.882,1840,0
2013-10-16,74.972,75.314,74.972,75.304,3250,0
2013-10-17,75.139,76.062,75.139,76.062,8557,0
2013-10-18,76.385,76.812,76.357,76.636,20908,0
2013-10-21,77.132,77.132,76.699,76.727,5515,0
2013-10-22,77.364,77.364,76.92,77.161,3033,0
2013-10-23,76.551,76.986,76.514,76.976,4549,0
2013-10-24,76.986,77.291,76.859,77.253,3574,0
2013-10-25,77.319,77.328,77.078,77.206,3356,0
2013-10-28,77.364,77.42,77.187,77.187,4332,0
2013-10-29,77.438,77.438,76.986,77.161,2275,0
2013-10-30,77.291,77.31,76.551,76.57,5200,0
2013-10-31,76.523,76.681,76.118,76.294,7268,0
2013-11-01,76.053,76.194,75.332,75.768,8340,0
2013-11-04,76.044,76.636,76.034,76.636,3900,0
2013-11-05,76.413,76.551,76.118,76.45,2599,0
2013-11-06,76.884,76.884,76.053,76.155,4007,0
2013-11-07,76.375,76.375,75.047,75.047,756,0
2013-11-08,75.49,76.194,75.49,76.165,1192,0
2013-11-11,76.062,76.247,75.858,76.247,1299,0
2013-11-12,75.877,76.053,75.657,76.053,1624,0
2013-11-13,75.548,76.504,75.548,76.423,1840,0
2013-11-14,76.783,76.812,76.476,76.773,4007,0
2013-11-15,76.717,77.106,76.717,76.976,7040,0
2013-11-18,76.993,77.262,76.598,76.598,5910,0
2013-11-19,76.626,76.821,75.997,75.997,3790,0
2013-11-20,76.495,76.699,75.997,75.997,652,0
2013-11-21,76.385,77.401,76.385,77.345,2056,0
2013-11-22,77.401,77.881,77.235,77.881,7366,0
2013-11-25,78.029,78.094,77.835,77.881,2275,0
2013-11-26,78.094,78.564,78.065,78.519,2608,0
2013-11-27,78.333,78.905,78.288,78.896,3574,0
2013-11-29,79.018,79.292,78.979,78.979,3790,0
2013-12-02,79.145,79.145,77.966,77.966,2599,0
2013-12-03,77.918,78.175,77.529,77.529,2827,0
2013-12-04,77.521,78.203,77.003,77.743,5200,0
2013-12-05,77.642,77.697,77.513,77.697,1082,0
2013-12-06,78.452,78.574,78.332,78.399,1736,0
2013-12-09,78.019,78.372,78.019,78.075,19314,0
2013-12-10,78.019,78.23,77.51,77.715,5888,0
2013-12-11,77.476,77.476,76.598,76.626,3250,0
2013-12-12,76.655,76.911,76.46,76.911,3033,0
2013-12-13,76.976,77.021,76.532,76.911,2137,0
2013-12-16,77.31,77.826,77.31,77.697,14090,0
2013-12-17,77.319,77.668,77.187,77.623,4007,0
2013-12-18,77.918,78.684,77.42,78.665,2817,0
2013-12-19,78.343,78.372,78.141,78.185,1840,0
2013-12-20,78.407,79.366,78.407,79.356,4384,0
2013-12-23,79.737,80.069,79.663,80.031,2699,0
2013-12-24,80.298,80.56,80.251,80.484,3257,0
2013-12-26,80.923,80.923,80.494,80.494,4546,0
2013-12-27,80.699,80.699,80.232,80.418,6834,0
2013-12-30,80.514,80.514,80.409,80.427,1709,0
2013-12-31,80.56,80.748,80.484,80.484,9824,0
2014-01-02,80.083,80.083,79.408,79.587,5783,0
2014-01-03,79.915,79.994,79.675,79.782,4754,0
2014-01-06,80.166,80.166,79.445,79.445,3737,0
2014-01-07,79.669,80.166,79.669,79.838,2049,0
2014-01-08,79.65,79.791,79.418,79.418,3557,0
2014-01-09,79.829,79.838,79.25,79.558,2629,0
2014-01-10,79.595,79.65,79.474,79.587,3310,0
2014-01-13,79.587,79.595,78.864,78.92,6692,0
2014-01-14,79.116,79.622,79.116,79.595,5981,0
2014-01-15,79.977,80.194,79.977,80.11,4165,0
2014-01-16,80.137,80.203,80.034,80.11,1174,0
2014-01-17,80.146,80.146,79.915,79.915,1952,0
2014-01-21,80.418,80.418,80.278,80.362,534,0
2014-01-22,80.568,81.009,80.568,80.907,3631,0
2014-01-23,80.532,80.532,79.95,79.95,2457,0
2014-01-24,79.763,79.763,78.34,78.499,11534,0
2014-01-27,78.639,78.686,77.46,77.863,3310,0
2014-01-28,77.704,78.078,77.59,78.078,5553,0
2014-01-29,77.609,77.684,77.095,77.095,3524,0
2014-01-30,77.711,78.34,77.629,78.021,1495,0
2014-01-31,77.441,77.694,77.441,77.47,4032,0
2014-02-03,77.225,77.235,74.799,75.034,4631,0
2014-02-04,75.55,75.981,75.494,75.709,3208,0
2014-02-05,75.277,75.418,74.613,75.166,16162,0
2014-02-06,75.895,75.905,75.581,75.727,2206,0
2014-02-07,76.102,76.317,76.052,76.261,1332,0
2014-02-10,75.792,76.364,75.775,76.327,4700,0
2014-02-11,76.59,77.423,76.503,77.338,2400,0
2014-02-12,77.423,77.731,77.413,77.498,2943,0
2014-02-13,76.88,78.519,76.88,78.499,4544,0
2014-02-14,78.303,78.78,78.235,78.78,4382,0
2014-02-18,78.976,79.529,78.976,79.509,2878,0
2014-02-19,79.22,79.464,78.995,78.995,1846,0
2014-02-20,78.686,79.26,78.686,79.25,5507,0
2014-02-21,79.323,79.509,79.22,79.368,1486,0
2014-02-24,79.436,80.494,79.408,80.357,2852,0
2014-02-25,79.933,80.227,79.809,79.819,2297,0
2014-02-26,79.8,80.334,79.782,80.251,3354,0
2014-02-27,80.146,80.686,80.146,80.56,4388,0
2014-02-28,80.933,81.487,80.933,81.069,2827,0
2014-03-03,80.514,80.523,79.983,80.523,5778,0
2014-03-04,81.618,82.797,81.448,82.376,5312,0
2014-03-05,82.35,82.35,82.001,82.253,2972,0
2014-03-06,82.515,82.515,82.273,82.34,2117,0
2014-03-07,82.563,82.61,82.075,82.321,5202,0
2014-03-10,82.199,82.301,81.972,82.147,2340,0
2014-03-11,81.907,81.907,81.467,81.467,1677,0
2014-03-12,81.252,81.565,81.206,81.565,1445,0
2014-03-13,82.067,82.08,80.729,81.046,3616,0
2014-03-14,81.383,81.532,81.233,81.233,4419,0
2014-03-17,81.935,82.199,81.72,81.72,13075,0
2014-03-18,81.786,82.367,81.748,82.367,999,0
2014-03-19,82.525,82.525,82.386,82.386,917,0
2014-03-20,82.487,82.704,82.132,82.525,2540,0
2014-03-21,82.863,83.476,82.553,82.553,3176,0
2014-03-24,82.199,82.846,81.477,82.085,2204,0
2014-03-25,82.34,82.713,81.824,82.02,4200,0
2014-03-26,82.59,82.59,81.196,81.196,2991,0
2014-03-27,80.848,81.019,80.241,80.39,6758,0
2014-03-28,80.56,81.178,80.39,80.484,5867,0
2014-03-31,81.16,81.972,80.857,81.907,3683,0
2014-04-01,82.18,82.853,82.18,82.769,1801,0
2014-04-02,83.209,83.209,82.797,83.209,3923,0
2014-04-03,83.077,83.189,82.571,82.704,3626,0
2014-04-04,83.125,83.125,81.112,81.233,6027,0
2014-04-07,80.923,80.923,79.95,79.95,24322,0
2014-04-08,80.324,81.102,80.324,80.792,5474,0
2014-04-09,81,81.299,80.466,81.299,4950,0
2014-04-10,81.224,81.224,79.375,79.548,4240,0
2014-04-11,79.053,79.519,78.529,78.79,10322,0
2014-04-14,79.193,79.548,78.37,78.92,13055,0
2014-04-15,79.304,79.613,78.255,79.313,19549,0
2014-04-16,79.538,80.014,79.5,79.987,11238,0
2014-04-17,79.763,80.79,79.669,80.523,10095,0
2014-04-21,80.586,80.748,80.399,80.541,7786,0
2014-04-22,80.907,81.561,80.653,81.542,10144,0
2014-04-23,81.187,81.532,81.073,81.187,7184,0
2014-04-24,81.289,81.355,80.541,80.838,7109,0
2014-04-25,80.709,80.709,79.674,79.674,3467,0
2014-04-28,79.968,80.025,79.153,79.153,6429,0
2014-04-29,79.905,79.968,79.548,79.558,2855,0
2014-04-30,79.323,79.819,79.015,79.819,2469,0
2014-05-01,79.613,80.006,78.934,79.368,12353,0
2014-05-02,79.538,80.427,79.538,79.782,19989,0
2014-05-05,79.25,79.577,79.116,79.116,2326,0
2014-05-06,79.035,79.408,78.432,78.452,2348,0
2014-05-07,78.397,78.77,78.261,78.751,3216,0
2014-05-08,78.676,79.509,78.676,78.911,2824,0
2014-05-09,78.303,78.872,78.04,78.826,4848,0
2014-05-12,79.519,80.776,79.276,80.532,2741,0
2014-05-13,80.504,80.504,79.915,79.915,1538,0
2014-05-14,79.538,79.538,78.565,78.565,2253,0
2014-05-15,77.721,77.967,77.105,77.967,5842,0
2014-05-16,77.975,78.32,77.432,78.32,4294,0
2014-05-19,78.154,78.967,78.011,78.967,2452,0
2014-05-20,78.845,78.845,77.693,77.694,2172,0
2014-05-21,78.406,78.432,78.406,78.406,707,0
2014-05-22,78.854,78.995,78.854,78.882,2001,0
2014-05-23,79.081,79.679,79.081,79.679,3117,0
2014-05-27,80.278,80.802,80.258,80.56,7491,0
2014-05-28,80.362,80.522,80.203,80.314,4041,0
2014-05-29,80.504,80.504,80.24,80.389,1873,0
2014-05-30,80.586,80.586,80.162,80.372,8315,0
2014-06-02,80.362,80.399,79.649,80.017,9369,0
2014-06-03,79.587,79.967,79.359,79.885,6339,0
2014-06-04,79.454,80.091,79.445,79.987,2585,0
2014-06-05,80.353,81.739,80.251,81.702,1824,0
2014-06-06,82.113,82.606,82.113,82.543,1030,0
2014-06-09,82.497,83.388,82.497,83.096,2656,0
2014-06-10,82.873,82.938,82.6,82.749,3631,0
2014-06-11,82.511,82.511,82.18,82.18,2689,0
2014-06-12,82.057,82.123,81.665,81.694,3599,0
2014-06-13,81.665,82.075,81.552,81.947,5721,0
2014-06-16,81.767,81.954,81.655,81.655,4318,0
2014-06-18,82.544,83.172,82.403,83.172,2970,0
2014-06-19,83.406,83.406,82.911,83.172,8433,0
2014-06-20,83.162,83.5,83.162,83.5,12122,0
2014-06-23,83.79,83.79,83.152,83.18,3835,0
2014-06-24,83.077,83.228,82.46,82.515,2464,0
2014-06-25,82.047,83.152,82.047,83.152,7779,0
2014-06-26,82.525,83,82.525,83,1370,0
2014-06-27,82.996,83.445,82.996,83.209,6380,0
2014-06-30,83.293,83.808,83.144,83.808,783,0
2014-07-01,84.248,85.24,84.248,84.678,4321,0
2014-07-02,84.577,84.698,84.258,84.258,1495,0
2014-07-03,84.596,84.634,84.586,84.586,2308,0
2014-07-07,84.53,84.53,83.5,83.5,3928,0
2014-07-08,83.219,83.246,82.686,82.834,3404,0
2014-07-09,83.162,83.162,82.816,83.029,1221,0
2014-07-10,81.477,82.253,81.477,82.214,2007,0
2014-07-11,81.935,81.935,81.615,81.796,2086,0
2014-07-14,82.34,82.477,82.292,82.301,1356,0
2014-07-15,82.422,82.422,81.552,81.748,1769,0
2014-07-16,81.777,81.833,81.27,81.646,2491,0
2014-07-17,81.307,81.307,80.357,80.427,3028,0
2014-07-18,80.578,81.637,80.514,81.447,2114,0
2014-07-21,81.028,81.183,80.923,81.183,1612,0
2014-07-22,81.646,81.864,81.646,81.864,1473,0
2014-07-23,81.307,81.532,81.307,81.487,3310,0
2014-07-24,81.196,81.729,81.196,81.196,444,0
2014-07-25,80.661,80.661,80.409,80.578,3076,0
2014-07-28,80.484,80.484,79.791,80.278,3847,0
2014-07-29,80.278,80.564,80.137,80.236,2666,0
2014-07-30,80.194,80.194,80.064,80.156,1448,0
2014-07-31,79.782,79.8,78.76,78.76,3289,0
2014-08-01,78.743,78.92,78.189,78.417,4424,0
2014-08-04,78.864,78.864,78.193,78.57,1598,0
2014-08-05,78.594,79.193,78.423,78.499,2343,0
2014-08-06,78.594,79.22,78.442,79.22,577,0
2014-08-07,79.398,79.398,78.452,78.48,2203,0
2014-08-08,78.629,79.141,78.603,79.09,3117,0
2014-08-11,79.622,80.399,79.613,79.997,6923,0
2014-08-12,79.905,79.923,79.436,79.436,2628,0
2014-08-13,79.782,80.166,79.739,79.915,4066,0
2014-08-14,80.186,80.203,80.009,80.184,3928,0
2014-08-15,80.729,80.729,79.368,79.997,5257,0
2014-08-18,81.421,81.421,80.681,80.881,4299,0
2014-08-19,81.214,81.448,81.214,81.387,1284,0
2014-08-20,81.037,81.155,80.877,80.972,3089,0
2014-08-21,81.233,81.665,80.907,81.646,14341,0
2014-08-22,81.355,81.739,81.224,81.523,2961,0
2014-08-25,81.814,82.067,81.458,81.694,3183,0
2014-08-26,81.888,82.198,81.888,82.198,529,0
2014-08-27,82.376,82.376,82.114,82.157,1966,0
2014-08-28,81.824,81.843,81.467,81.702,4687,0
2014-09-02,82.226,82.633,82.137,82.478,6322,0
2014-09-03,82.929,82.929,81.945,82.001,4686,0
2014-09-04,82.515,82.544,81.767,81.769,2278,0
2014-09-05,81.646,82.091,81.542,82.091,2141,0
2014-09-08,82.132,82.18,81.871,81.935,4450,0
2014-09-09,81.467,81.514,81.196,81.196,1675,0
2014-09-10,81.28,81.496,81.019,81.496,1384,0
2014-09-11,81.17,82.047,81.14,82.047,9274,0
2014-09-12,81.637,81.637,80.887,81.079,3474,0
2014-09-15,80.748,80.867,80.298,80.298,2221,0
2014-09-16,80.494,80.696,80.078,80.523,3147,0
2014-09-17,81.009,81.019,80.907,81.014,1401,0
2014-09-18,80.9,81.206,80.838,80.907,1024,0
2014-09-19,81.206,81.27,80.144,80.144,1859,0
2014-09-22,79.193,79.193,78.985,78.985,7202,0
2014-09-23,78.864,78.911,78.307,78.461,3888,0
2014-09-24,78.274,78.592,78.097,78.529,1432,0
2014-09-25,77.338,77.57,77.338,77.47,2875,0
2014-09-26,77.489,77.919,77.48,77.881,2276,0
2014-09-29,77.131,77.964,77.131,77.647,3365,0
2014-09-30,77.489,77.543,76.728,76.728,3155,0
2014-10-01,76.475,76.584,75.606,75.615,5110,0
2014-10-02,75.792,76.561,75.709,76.327,14516,0
2014-10-03,76.925,77.206,76.853,76.853,2809,0
2014-10-06,77.047,77.047,76.458,76.458,9840,0
2014-10-07,75.782,76.191,75.305,75.305,8361,0
2014-10-08,75.193,75.504,74.781,75.1,18222,0
2014-10-09,76.673,76.673,74.931,74.931,4590,0
2014-10-10,74.913,75.362,74.332,74.332,5836,0
2014-10-13,74.238,75.157,74.163,74.163,8424,0
2014-10-14,75.305,75.774,74.789,75.137,18281,0
2014-10-15,75.044,75.494,73.695,75.423,10626,0
2014-10-16,74.931,76.676,74.576,76.516,17818,0
2014-10-17,77.282,77.357,75.782,76.165,32657,0
2014-10-20,75.615,76.607,75.615,76.555,13688,0
2014-10-21,77.076,77.967,77.076,77.967,21600,0
2014-10-22,78.097,78.235,77.056,77.056,7231,0
2014-10-23,77.75,78.538,77.75,78.18,3037,0
2014-10-24,78.235,78.424,77.975,78.34,6583,0
2014-10-27,77.863,78.161,77.376,78.161,3548,0
2014-10-28,78.629,80.308,78.529,80.251,15933,0
2014-10-29,80.532,80.532,79.548,80.334,7621,0
2014-10-30,80.083,81.092,79.98,80.724,8114,0
2014-10-31,81.532,82.208,81.458,81.628,6207,0
2014-11-03,82.142,82.412,81.708,81.72,3593,0
2014-11-04,81.786,81.786,81.178,81.52,2358,0
2014-11-05,81.739,81.879,81.522,81.879,3214,0
2014-11-06,81.761,81.888,81.758,81.888,1071,0
2014-11-07,82.113,82.196,81.926,82.045,3076,0
2014-11-10,82.35,82.581,82.142,82.442,6707,0
2014-11-11,82.553,82.59,82.442,82.581,17439,0
2014-11-12,82.506,82.759,82.506,82.759,1860,0
2014-11-13,83.125,83.125,82.113,82.113,29900,0
2014-11-14,82.311,82.432,82.142,82.151,2441,0
2014-11-17,82.094,82.094,81.588,81.628,3982,0
2014-11-18,81.853,81.982,81.853,81.863,2717,0
2014-11-19,81.438,81.438,80.409,80.739,3823,0
2014-11-20,80.475,81.675,80.475,81.675,7814,0
2014-11-21,83.322,83.322,81.962,81.962,6161,0
2014-11-24,82.386,82.46,82.316,82.46,2708,0
2014-11-25,82.769,82.948,82.548,82.657,1938,0
2014-11-26,82.69,82.896,82.69,82.896,3024,0
2014-11-28,82.581,82.59,81.637,81.646,1670,0
2014-12-01,80.776,81.748,80.606,80.606,7094,0
2014-12-02,80.963,81.462,80.907,81.294,11007,0
2014-12-03,81.467,82.113,81.214,82.048,6609,0
2014-12-04,81.871,81.892,81.451,81.49,1530,0
2014-12-05,81.907,82.301,81.907,82.047,4009,0
2014-12-08,82.075,82.451,81.151,81.327,3038,0
2014-12-09,80.494,82.46,80.494,82.376,4055,0
2014-12-10,81.926,82.103,80.792,80.792,7693,0
2014-12-11,81.17,81.861,80.982,81.073,3705,0
2014-12-12,80.578,80.586,79.942,79.942,5728,0
2014-12-15,80.268,80.504,79.062,79.202,9003,0
2014-12-16,79.202,80.447,78.967,79.269,9179,0
2014-12-17,79.622,80.991,79.482,80.991,3745,0
2014-12-18,82.581,82.581,81.786,82.571,13018,0
2014-12-19,82.497,82.996,82.367,82.986,6419,0
2014-12-22,82.874,83.263,82.745,83.263,4395,0
2014-12-23,83.55,83.93,83.55,83.73,3171,0
2014-12-24,83.71,83.833,83.7,83.833,4866,0
2014-12-26,84.016,84.501,84.016,84.446,3697,0
2014-12-29,84.598,85.054,84.326,84.797,8800,0
2014-12-30,84.74,84.925,84.554,84.554,7690,0
2014-12-31,84.872,84.872,83.854,83.854,3348,0
2015-01-02,84.416,84.416,82.816,83.444,2525,0
2015-01-05,83.014,83.014,82.026,82.385,4640,0
2015-01-06,81.977,82.016,80.567,81.178,7813,0
2015-01-07,81.645,81.645,81.207,81.282,5986,0
2015-01-08,82.292,82.806,82.292,82.715,6394,0
2015-01-09,82.674,82.693,82.073,82.226,2746,0
2015-01-12,81.949,81.958,81.387,81.405,5442,0
2015-01-13,82.149,82.912,81.091,81.091,4585,0
2015-01-14,80.872,81.443,80.483,81.377,4755,0
2015-01-15,81.626,81.626,80.186,80.264,4159,0
2015-01-16,80.131,81.606,80.131,81.598,15876,0
2015-01-20,81.577,81.797,80.606,80.614,11569,0
2015-01-21,80.644,81.149,80.424,80.786,6438,0
2015-01-22,81.111,82.455,80.721,82.445,4888,0
2015-01-23,82.501,82.501,82.225,82.225,9617,0
2015-01-26,81.949,82.74,81.835,82.693,10063,0
2015-01-27,82.082,82.718,81.9,82.425,7079,0
2015-01-28,82.51,82.51,80.769,80.91,31142,0
2015-01-29,81.254,81.919,80.628,81.919,24484,0
2015-01-30,81.396,81.396,80.176,80.176,9950,0
2015-02-02,80.531,81.197,79.758,81.197,7074,0
2015-02-03,81.939,82.913,81.939,82.893,4918,0
2015-02-04,82.654,82.796,82.331,82.387,2499,0
2015-02-05,82.73,83.427,82.73,83.427,2106,0
2015-02-06,83.493,83.788,83.164,83.175,4479,0
2015-02-09,83.168,83.553,82.587,82.668,5803,0
2015-02-10,82.063,82.864,82.063,82.797,3902,0
2015-02-11,82.634,82.812,82.244,82.634,8523,0
2015-02-12,83.292,83.511,82.989,83.464,4795,0
2015-02-13,83.635,83.959,83.487,83.94,7006,0
2015-02-17,83.959,84.007,83.763,83.94,8783,0
2015-02-18,83.903,83.914,83.635,83.824,4300,0
2015-02-19,83.95,84.016,83.606,83.873,7071,0
2015-02-20,83.7,83.93,83.206,83.93,13960,0
2015-02-23,83.436,83.978,83.407,83.978,2881,0
2015-02-24,84.168,84.464,83.978,84.234,18311,0
2015-02-25,84.234,84.313,84.178,84.246,3044,0
2015-02-26,84.043,84.293,83.855,84.168,1763,0
2015-02-27,84.206,84.388,84.051,84.051,2405,0
2015-03-02,84.026,84.491,84.026,84.215,4724,0
2015-03-03,84.33,84.482,83.903,84.084,5353,0
2015-03-04,83.824,83.824,83.454,83.559,2939,0
2015-03-05,83.436,83.635,83.436,83.615,2101,0
2015-03-06,83.321,83.436,82.396,82.415,14172,0
2015-03-09,82.693,83.063,82.624,83.063,2205,0
2015-03-10,82.207,82.207,81.778,82.13,7454,0
2015-03-11,82.225,82.225,82.225,82.225,315,0
2015-03-12,83.006,84.074,82.969,84.074,8818,0
2015-03-13,83.824,83.968,82.797,83.54,4830,0
2015-03-16,84.178,84.178,83.978,84.178,2101,0
2015-03-17,83.94,84.084,83.854,84.084,3989,0
2015-03-18,84.094,84.978,83.911,84.891,5773,0
2015-03-19,84.911,85.006,84.71,84.835,5039,0
2015-03-20,85.234,85.978,85.14,85.978,5563,0
2015-03-23,86.064,86.303,86.008,86.102,5563,0
2015-03-24,86.027,86.178,85.874,86.178,3466,0
2015-03-25,86.027,86.027,84.397,84.491,16168,0
2015-03-26,84.244,84.378,84.14,84.254,2101,0
2015-03-27,84.215,84.358,84.158,84.358,2205,0
2015-03-30,84.825,85.732,84.825,85.732,23831,0
2015-03-31,85.169,85.569,85.169,85.569,5209,0
2015-04-01,85.589,85.589,84.74,85.341,7139,0
2015-04-02,85.407,86.008,85.407,86.008,3358,0
2015-04-06,85.341,86.283,85.341,86.283,9028,0
2015-04-07,86.102,86.149,85.732,85.732,6469,0
2015-04-08,85.692,85.998,85.692,85.969,3148,0
2015-04-09,85.969,85.969,84.863,85.35,1865,0
2015-04-10,85.777,85.884,85.777,85.874,5459,0
2015-04-13,85.722,86.207,85.722,85.874,4304,0
2015-04-14,86.054,86.054,85.606,85.845,9974,0
2015-04-15,86.34,86.791,86.216,86.551,3182,0
2015-04-16,86.255,86.568,86.149,86.435,4929,0
2015-04-17,86.111,86.111,84.825,84.911,7033,0
2015-04-20,85.521,86.008,85.331,85.807,2903,0
2015-04-21,85.874,85.874,85.549,85.549,2451,0
2015-04-22,85.539,85.797,85.025,85.797,4955,0
2015-04-23,85.645,86.13,85.645,86.13,1261,0
2015-04-24,85.826,85.874,85.826,85.874,733,0
2015-04-27,86.092,86.236,84.911,85.094,13542,0
2015-04-28,85.453,85.93,85.293,85.911,2519,0
2015-04-29,85.683,85.683,85.15,85.15,7243,0
2015-04-30,84.75,84.76,83.436,83.512,9448,0
2015-05-01,83.645,83.94,83.54,83.884,3148,0
2015-05-04,83.844,84.501,83.759,84.113,3885,0
2015-05-05,83.521,83.521,82.826,83.091,5984,0
2015-05-06,83.006,83.221,82.654,83.221,4284,0
2015-05-07,82.922,83.606,82.857,83.531,9328,0
2015-05-08,84.007,84.094,83.968,84.094,1051,0
2015-05-11,84.541,84.541,84.13,84.33,2205,0
2015-05-12,83.502,83.93,82.998,83.93,1588,0
2015-05-13,83.968,84.206,83.815,83.824,5773,0
2015-05-14,84.348,84.692,84.303,84.569,10290,0
2015-05-15,84.618,84.618,84.273,84.551,4018,0
2015-05-18,84.454,85.453,84.33,85.321,4940,0
2015-05-19,85.13,85.321,85.075,85.254,3148,0
2015-05-20,84.959,85.111,84.959,85.111,1681,0
2015-05-21,85.159,85.483,85.14,85.14,1681,0
2015-05-22,85.14,85.178,84.598,84.817,4619,0
2015-05-26,84.234,84.303,83.663,83.681,4915,0
2015-05-27,83.749,84.464,83.749,84.464,3989,0
2015-05-28,84.263,84.72,84.263,84.72,2220,0
2015-05-29,84.388,84.628,83.874,84.551,1889,0
2015-06-01,83.911,84.788,83.911,84.482,2098,0
2015-06-02,84.122,84.988,84.113,84.75,4983,0
2015-06-03,84.891,85.453,84.881,85.436,4934,0
2015-06-04,84.959,84.959,84.473,84.501,6508,0
2015-06-05,84.436,84.901,83.997,84.901,7033,0
2015-06-08,84.75,84.872,84.482,84.702,6090,0
2015-06-09,84.482,84.634,84.482,84.491,3625,0
2015-06-10,84.807,85.76,84.807,85.751,5184,0
2015-06-11,85.569,85.797,85.569,85.702,1893,0
2015-06-12,85.483,85.483,85.387,85.483,2205,0
2015-06-15,84.911,85.274,84.358,85.159,9974,0
2015-06-16,85.378,85.777,85.208,85.777,2311,0
2015-06-17,86.008,86.092,85.579,85.579,3148,0
2015-06-18,85.911,86.523,85.911,86.503,5250,0
2015-06-19,86.283,86.484,86.283,86.484,733,0
2015-06-22,86.874,86.94,86.75,86.835,3989,0
2015-06-23,86.816,87.161,86.816,87.101,1772,0
2015-06-24,86.654,86.654,86.578,86.578,946,0
2015-06-25,86.825,86.825,86.149,86.149,3045,0
2015-06-26,86.732,86.732,86.102,86.274,3569,0
2015-06-29,85.712,86.121,84.491,84.491,12177,0
2015-06-30,84.94,84.959,84.254,84.293,7025,0
2015-07-01,85.084,85.094,84.446,84.446,1889,0
2015-07-02,84.311,84.311,84.311,84.311,524,0
2015-07-06,83.645,84.196,83.493,83.645,2939,0
2015-07-07,83.321,83.427,83.311,83.378,946,0
2015-07-08,83.368,83.671,82.777,82.95,13962,0
2015-07-09,83.815,83.921,82.979,83.245,3779,0
2015-07-10,83.834,84.064,83.681,84.064,9869,0
2015-07-13,84.692,84.692,84.311,84.682,3885,0
2015-07-14,85.015,85.116,84.986,85.116,8556,0
2015-07-15,84.854,84.872,84.603,84.603,2236,0
2015-07-16,84.978,85.254,84.844,84.844,5039,0
2015-07-17,84.551,84.551,84.206,84.206,1261,0
2015-07-20,84.303,84.303,83.606,83.606,8609,0
2015-07-21,84.178,84.234,83.311,83.311,14068,0
2015-07-22,83.149,83.483,83.149,83.483,1051,0
2015-07-23,83.502,83.502,82.351,82.351,5459,0
2015-07-24,82.378,82.378,81.225,81.339,5669,0
2015-07-27,81.026,81.035,80.644,80.653,13753,0
2015-07-28,80.825,81.234,80.244,81.234,8713,0
2015-07-29,81.339,81.89,80.969,81.89,3045,0
2015-07-30,81.529,81.806,81.434,81.806,1051,0
2015-07-31,81.9,82.454,81.816,81.816,8293,0
2015-08-03,81.996,82.063,81.254,81.396,4929,0
2015-08-04,81.881,82.026,81.244,81.244,5039,0
2015-08-05,81.89,82.234,81.17,81.291,9134,0
2015-08-06,81.492,81.577,80.282,80.843,7758,0
2015-08-07,80.559,80.805,80.138,80.225,4304,0
2015-08-10,80.691,81.426,80.691,81.301,2835,0
2015-08-11,80.815,81.071,80.614,80.929,3009,0
2015-08-12,80.196,80.55,79.795,80.329,3989,0
2015-08-13,80.624,80.852,80.405,80.852,1154,0
2015-08-14,80.387,81.101,80.387,81.101,3569,0
2015-08-17,80.91,81.749,80.741,81.568,1785,0
2015-08-18,81.577,81.577,81.31,81.31,524,0
2015-08-19,80.464,80.691,80.044,80.55,11654,0
2015-08-20,79.672,79.672,78.834,78.834,5039,0
2015-08-21,77.902,78.642,77.767,78.043,7243,0
2015-08-24,71.891,77.815,69.328,74.765,46710,0
2015-08-25,76.207,77.348,74.062,74.3,22990,0
2015-08-26,75.357,75.804,74.242,75.683,4934,0
2015-08-27,76.443,77.492,75.977,77.091,5143,0
2015-08-28,77.348,77.758,77.348,77.758,2205,0
2015-08-31,77.805,78.121,77.805,78.005,2101,0
2015-09-01,76.691,77.091,75.692,75.72,7978,0
2015-09-02,76.577,76.577,75.758,76.463,9343,0
2015-09-03,77.244,77.244,76.909,77.042,2311,0
2015-09-04,76.262,76.47,76.071,76.071,7243,0
2015-09-08,77.052,77.585,76.966,77.585,4619,0
2015-09-09,77.758,77.785,77.663,77.785,1154,0
2015-09-10,76.738,77.388,76.738,76.976,1870,0
2015-09-11,76.596,77.321,76.499,77.321,2729,0
2015-09-14,77.52,77.52,76.855,77.072,733,0
2015-09-15,77.615,77.615,77.348,77.348,3989,0
2015-09-16,77.902,78.597,77.825,78.31,2519,0
2015-09-17,78.852,79.376,78.521,78.665,2466,0
2015-09-18,77.701,77.949,77.224,77.224,2205,0
2015-09-21,78.312,78.417,77.733,77.956,2591,0
2015-09-22,77.115,77.115,76.496,76.768,9948,0
2015-09-23,76.999,76.999,76.266,76.467,1451,0
2015-09-24,76.112,76.624,75.82,76.624,3139,0
2015-09-25,77.434,77.434,76.142,76.306,3627,0
2015-09-28,75.939,75.939,74.742,74.838,22956,0
2015-09-29,74.606,74.888,74.606,74.626,2487,0
2015-09-30,75.041,75.272,74.683,75.263,3939,0
2015-10-01,74.838,75.061,74.655,75.013,3007,0
2015-10-02,74.326,75.339,73.96,75.339,5907,0
2015-10-05,77.568,77.805,77.568,77.768,1184,0
2015-10-06,78.012,78.381,78.003,78.13,2071,0
2015-10-07,78.737,79.037,78.515,79.037,934,0
2015-10-08,79.103,79.672,79.103,79.672,829,0
2015-10-09,80.503,80.569,80.069,80.069,4560,0
2015-10-12,80.19,80.242,79.939,80.167,3417,0
2015-10-13,79.934,80.532,79.345,79.345,6218,0
2015-10-14,79.442,79.577,78.563,78.563,2799,0
2015-10-15,78.737,79.702,78.697,79.702,1451,0
2015-10-16,79.952,79.952,79.442,79.442,1140,0
2015-10-20,79.915,80.078,79.915,80.078,353,0
2015-10-21,80.088,80.088,79.259,79.259,2178,0
2015-10-22,79.643,80.154,79.587,79.692,1763,0
2015-10-23,79.961,80.3,79.924,80.3,1037,0
2015-10-26,80.28,80.434,79.778,79.807,5389,0
2015-10-27,79.412,79.412,78.341,78.525,3213,0
2015-10-28,78.727,80.328,78.727,80.328,4870,0
2015-10-29,80.474,80.588,79.97,80.009,7668,0
2015-10-30,79.905,79.934,79.587,79.587,1660,0
2015-11-02,79.527,80.858,79.527,80.858,728,0
2015-11-03,80.705,81.592,80.705,81.592,934,0
2015-11-04,81.187,81.273,80.82,81.004,6183,0
2015-11-05,81.197,81.592,80.858,81.534,2902,0
2015-11-06,81.265,81.854,80.946,81.854,6010,0
2015-11-09,81.525,81.525,80.616,80.743,2574,0
2015-11-10,80.735,80.888,80.735,80.888,9948,0
2015-11-11,80.936,80.956,80.588,80.588,3108,0
2015-11-12,79.875,79.875,79.488,79.498,2591,0
2015-11-13,78.851,78.91,78.157,78.785,10363,0
2015-11-16,78.436,79.219,78.436,79.21,3627,0
2015-11-17,79.422,79.606,78.88,78.88,8085,0
2015-11-18,79.121,80.144,78.833,80.144,3731,0
2015-11-19,79.934,79.934,79.633,79.875,3422,0
2015-11-20,80.117,80.561,80.117,80.27,3108,0
2015-11-23,80.3,80.898,80.252,80.627,2178,0
2015-11-24,80.348,81.273,80.338,81.265,6735,0
2015-11-25,81.457,81.612,81.457,81.612,724,0
2015-11-27,81.642,81.834,81.642,81.795,934,0
2015-11-30,82.182,82.192,81.708,81.727,3316,0
2015-12-01,82.191,82.257,81.815,82.172,1982,0
2015-12-02,82.093,82.093,81.095,81.146,2533,0
2015-12-03,81.351,81.602,79.788,79.924,7437,0
2015-12-04,79.915,80.627,79.866,80.569,10468,0
2015-12-07,80.503,80.503,78.997,79.239,12332,0
2015-12-08,78.717,78.89,78.204,78.524,10830,0
2015-12-09,78.427,79.007,77.8,77.993,4870,0
2015-12-10,77.8,78.351,77.656,78.022,34615,0
2015-12-11,77.425,77.425,76.181,76.46,16892,0
2015-12-14,76.46,76.663,75.514,76.025,8628,0
2015-12-15,76.43,77.174,76.266,77.154,3731,0
2015-12-16,77.627,77.627,77.115,77.309,3213,0
2015-12-17,78.39,78.39,77.29,77.338,5492,0
2015-12-18,77.211,77.211,76.112,76.401,13576,0
2015-12-21,76.844,76.958,76.183,76.183,7303,0
2015-12-22,76.696,77.58,76.61,77.58,22315,0
2015-12-23,78.028,78.699,78.028,78.699,6276,0
2015-12-24,79.021,79.108,78.613,78.836,6001,0
2015-12-28,78.495,78.495,77.815,78.416,12494,0
2015-12-29,78.845,79.241,78.593,79.205,104001,0
2015-12-30,79.255,79.291,78.466,78.476,18403,0
2015-12-31,78.164,78.36,77.531,77.531,20497,0
2016-01-04,76.163,76.25,75.238,75.909,14263,0
2016-01-05,76.054,76.183,75.579,76.134,9547,0
2016-01-06,75.296,75.729,75.045,75.326,7292,0
2016-01-07,74.063,74.374,73.344,73.37,16476,0
2016-01-08,73.595,73.722,72.011,72.011,11244,0
2016-01-11,72.45,72.45,71.613,72.294,12533,0
2016-01-12,72.605,72.69,70.868,71.7,33194,0
2016-01-13,72.175,72.175,69.678,69.718,17882,0
2016-01-14,70.009,71.176,69.672,70.671,13113,0
2016-01-15,68.921,69.509,68.026,69.358,11385,0
2016-01-19,70.057,70.057,68.152,68.912,7407,0
2016-01-20,67.755,69.011,66.226,68.687,5827,0
2016-01-21,68.464,69.62,68.464,68.764,34882,0
2016-01-22,69.649,70.211,69.553,70.176,5381,0
2016-01-25,69.745,69.824,68.396,68.444,7365,0
2016-01-26,68.774,70.186,68.774,69.901,4179,0
2016-01-27,69.853,70.299,69.279,69.299,27397,0
2016-01-28,70.019,70.573,69.863,69.961,17805,0
2016-01-29,70.369,71.554,70.096,71.476,10322,0
2016-02-01,71.632,71.985,71.186,71.671,135116,0
2016-02-02,70.836,70.903,70.156,70.309,8826,0
2016-02-03,70.524,70.661,69.951,70.661,6363,0
2016-02-04,70.388,71.593,70.388,70.718,3324,0
2016-02-05,70.553,70.622,70,70,4789,0
2016-02-08,68.823,69.026,68.046,68.969,7713,0
2016-02-09,68.279,68.755,68.27,68.502,1277,0
2016-02-10,68.862,69.309,68.366,68.366,6874,0
2016-02-11,67.316,67.777,66.928,67.777,4477,0
2016-02-12,68.307,68.784,67.978,68.706,3034,0
2016-02-16,69.745,70.25,69.505,70.25,5066,0
2016-02-17,70.651,71.322,70.651,70.95,12346,0
2016-02-18,71.069,71.069,70.651,70.883,3942,0
2016-02-19,70.524,71.186,70.524,71.02,21521,0
2016-02-22,71.623,72.04,71.593,71.943,4763,0
2016-02-23,71.652,71.652,71.234,71.342,3345,0
2016-02-24,70.524,71.739,70.26,71.739,4831,0
2016-02-25,71.7,72.425,71.7,72.371,3566,0
2016-02-26,72.857,73.158,72.653,72.653,7047,0
2016-02-29,72.88,73.519,72.671,72.671,8083,0
2016-03-01,73.217,73.916,73.031,73.877,4188,0
2016-03-02,74.119,74.646,74.11,74.646,1547,0
2016-03-03,75.065,75.657,74.86,75.657,5048,0
2016-03-04,75.921,76.62,75.745,76.094,2969,0
2016-03-07,76.094,77.191,76.094,77.191,6490,0
2016-03-08,76.675,76.675,75.462,75.472,4461,0
2016-03-09,75.745,75.949,75.456,75.773,3424,0
2016-03-10,76.143,76.143,74.918,75.403,6671,0
2016-03-11,76.045,76.923,76.045,76.867,17013,0
2016-03-14,76.775,76.775,76.23,76.696,7292,0
2016-03-15,76.104,76.104,75.637,75.641,12124,0
2016-03-16,75.627,76.356,75.608,76.245,5528,0
2016-03-17,76.25,77.795,76.203,77.775,5467,0
2016-03-18,78.106,78.456,78.106,78.281,6204,0
2016-03-21,78.155,78.213,77.805,78.019,3027,0
2016-03-22,77.727,78.058,77.338,77.756,8211,0
2016-03-23,77.65,77.65,76.714,76.723,1032,0
2016-03-24,76.042,76.685,75.731,76.685,7702,0
2016-03-28,76.773,76.967,76.306,76.753,2259,0
2016-03-29,76.344,78.437,76.344,78.437,1405,0
2016-03-30,78.983,78.983,78.632,78.926,7359,0
2016-03-31,78.799,78.973,78.555,78.895,4475,0
2016-04-01,78.213,78.681,77.874,78.681,1846,0
2016-04-04,78.866,78.866,77.897,77.897,11697,0
2016-04-05,77.505,77.505,76.997,77.065,3665,0
2016-04-06,77.007,77.437,76.733,77.437,2783,0
2016-04-07,77.085,77.143,76.061,76.442,1089,0
2016-04-08,76.987,77.113,76.849,76.997,3314,0
2016-04-11,77.765,77.854,77.163,77.163,1372,0
2016-04-12,77.2,78.193,77.123,78.193,1799,0
2016-04-13,78.516,79.475,78.516,79.475,3494,0
2016-04-14,79.665,79.695,79.402,79.508,2476,0
2016-04-15,79.268,79.724,79.268,79.645,3109,0
2016-04-18,79.276,80.125,79.238,80.086,1360,0
2016-04-19,80.24,80.677,80.24,80.618,1430,0
2016-04-20,80.464,80.938,80.464,80.58,1464,0
2016-04-21,80.533,80.57,79.782,79.938,2907,0
2016-04-22,79.938,80.657,79.938,80.464,2411,0
2016-04-25,80.22,80.22,79.91,80.17,9146,0
2016-04-26,81.213,81.213,81.019,81.175,2199,0
2016-04-27,81.389,81.727,81.094,81.723,6168,0
2016-04-28,81.487,81.759,80.737,80.892,3556,0
2016-04-29,80.657,80.911,80.092,80.23,1744,0
2016-05-02,80.737,80.981,80.425,80.902,2010,0
2016-05-03,80.464,80.464,79.578,79.84,2587,0
2016-05-04,79.528,80.054,79.458,79.489,1693,0
2016-05-05,79.87,79.87,79.294,79.45,3271,0
2016-05-06,79.043,79.85,79.043,79.85,1503,0
2016-05-09,79.87,79.87,79.314,79.314,1296,0
2016-05-10,80.123,80.737,80.035,80.523,3407,0
2016-05-11,80.493,80.493,80.005,80.005,3682,0
2016-05-12,80.055,80.141,79.062,79.062,777,0
2016-05-13,79.238,79.558,78.779,78.924,2113,0
2016-05-16,79.053,79.986,79.053,79.791,4591,0
2016-05-17,79.885,79.894,78.39,78.49,6999,0
2016-05-18,78.185,79.188,78.185,78.512,2607,0
2016-05-19,78.272,78.447,77.555,78.165,1452,0
2016-05-20,78.496,79.252,78.496,79.109,4973,0
2016-05-23,79.314,79.412,79.208,79.286,1460,0
2016-05-24,79.46,80.762,79.46,80.648,4301,0
2016-05-25,81.205,81.223,80.961,81.175,1430,0
2016-05-26,81.3,81.359,81.047,81.136,3615,0
2016-05-27,81.301,81.534,81.301,81.487,2052,0
2016-05-31,81.827,82.188,81.583,81.583,1906,0
2016-06-01,81.576,82.368,81.576,82.314,3692,0
2016-06-02,82.002,82.477,81.953,82.45,5248,0
2016-06-03,82.567,82.567,81.623,82.31,7434,0
2016-06-06,82.334,83.209,82.334,83.209,1075,0
2016-06-07,83.288,83.657,83.132,83.415,2959,0
2016-06-08,83.608,84.193,83.608,84.193,3525,0
2016-06-09,83.892,83.892,83.385,83.794,3582,0
2016-06-10,83.122,83.317,82.694,82.694,2902,0
2016-06-13,82.557,82.781,81.758,81.797,7584,0
2016-06-14,81.797,81.797,81.194,81.525,1192,0
2016-06-15,81.719,82.168,81.613,82.168,4642,0
2016-06-16,81.047,81.29,81.047,81.232,1646,0
2016-06-17,81.583,81.904,81.358,81.583,5472,0
2016-06-20,82.741,82.976,82.588,82.588,3808,0
2016-06-21,82.131,82.423,81.954,82.423,1214,0
2016-06-22,82.403,82.766,81.925,81.925,4163,0
2016-06-23,82.914,83.253,82.894,83.253,1964,0
2016-06-24,79.657,81.427,79.657,80.558,7789,0
2016-06-27,79.657,79.657,77.482,77.779,10828,0
2016-06-28,78.483,79.063,78.462,78.933,3639,0
2016-06-29,79.765,80.625,79.735,80.459,9931,0
2016-06-30,80.595,81.682,80.469,81.682,5089,0
2016-07-01,82.228,82.463,82.053,82.463,15780,0
2016-07-05,83.294,83.294,80.663,80.918,4149,0
2016-07-06,80.791,81.373,80.582,81.24,1072,0
2016-07-07,81.925,81.925,81.221,81.42,842,0
2016-07-08,82.737,83.459,82.599,83.332,1532,0
2016-07-11,83.704,84.566,83.704,84.476,5818,0
2016-07-12,84.996,86.149,84.996,85.973,4669,0
2016-07-13,85.777,85.777,85.209,85.445,1391,0
2016-07-14,86.325,86.432,85.886,86.027,2819,0
2016-07-15,86.041,86.159,85.784,85.913,3262,0
2016-07-18,85.993,86.413,85.777,86.169,6477,0
2016-07-19,86.217,86.217,85.542,85.74,4858,0
2016-07-20,86.253,86.266,86.081,86.159,6032,0
2016-07-21,86.443,86.443,85.765,85.797,842,0
2016-07-22,85.797,86.387,85.748,86.387,4659,0
2016-07-25,86.129,86.188,85.915,86.149,3793,0
2016-07-26,85.944,86.551,85.944,86.477,12956,0
2016-07-27,86.667,86.667,86.231,86.462,1729,0
2016-07-28,86.462,86.462,86.241,86.34,840,0
2016-07-29,86.208,86.208,86.208,86.208,102,0
2016-08-01,86.345,86.492,86.001,86.08,1639,0
2016-08-02,85.642,85.668,85.034,85.299,78749,0
2016-08-03,85.23,85.915,85.132,85.797,2451,0
2016-08-04,86.091,86.247,86.091,86.231,708,0
2016-08-05,87.211,87.655,87.07,87.538,4410,0
2016-08-08,87.587,87.898,87.498,87.567,2272,0
2016-08-09,87.597,87.812,87.387,87.606,15371,0
2016-08-10,87.694,87.694,86.893,87.049,2791,0
2016-08-11,87.302,87.597,87.135,87.597,939,0
2016-08-12,87.216,87.606,87.068,87.401,3545,0
2016-08-15,87.382,88.349,87.382,88.262,1867,0
2016-08-16,87.87,88.027,87.675,87.832,1230,0
2016-08-17,87.704,87.704,87.087,87.087,797,0
2016-08-18,87.977,88.223,87.733,88.1,6283,0
2016-08-19,87.948,88.212,87.884,88.202,5355,0
2016-08-22,88.193,88.359,87.832,88.234,1214,0
2016-08-23,88.731,89.268,88.731,89.112,2998,0
2016-08-24,88.917,88.917,88.262,88.305,3970,0
2016-08-25,88.262,88.75,88.262,88.583,5049,0
2016-08-26,88.907,89.351,87.987,87.987,3375,0
2016-08-29,88.917,89.063,88.847,89.004,2279,0
2016-08-30,89.142,89.175,88.847,88.976,4542,0
2016-08-31,88.966,89.073,88.329,88.877,1453,0
2016-09-01,88.682,88.736,87.822,88.468,43079,0
2016-09-02,89.336,89.336,89.034,89.228,3419,0
2016-09-06,89.572,89.572,88.835,89.346,3126,0
2016-09-07,89.346,89.953,89.288,89.953,4862,0
2016-09-08,89.777,89.963,89.65,89.893,9015,0
2016-09-09,89.043,89.043,87.01,87.01,3995,0
2016-09-12,86.599,87.987,86.561,87.987,6923,0
2016-09-13,87.533,87.533,85.993,86.492,4278,0
2016-09-14,86.57,86.579,86.063,86.247,2305,0
2016-09-15,86.581,87.107,86.581,86.968,3558,0
2016-09-16,86.628,86.913,86.581,86.902,6094,0
2016-09-19,87.898,87.978,87.047,87.342,3700,0
2016-09-20,87.934,87.934,87.365,87.365,1544,0
2016-09-21,87.285,88.418,87.285,88.418,5523,0
2016-09-22,88.977,89.784,88.977,89.784,8350,0
2016-09-23,89.794,89.794,89.252,89.423,5217,0
2016-09-26,88.997,88.997,88.24,88.24,8202,0
2016-09-27,88.053,88.387,88.053,88.387,1378,0
2016-09-28,88.859,89.409,88.131,89.409,4327,0
2016-09-29,89.262,89.262,88.191,88.191,3563,0
2016-09-30,88.662,89.66,88.662,89.598,2369,0
2016-10-03,89.036,89.036,88.554,88.809,1898,0
2016-10-04,88.934,89.191,88.161,88.423,4919,0
2016-10-05,88.751,89.469,88.751,89.331,2189,0
2016-10-06,89.056,89.056,88.496,88.985,2034,0
2016-10-07,88.976,88.976,88.009,88.427,1068,0
2016-10-10,89.351,89.396,89.351,89.381,644,0
2016-10-11,89.232,89.232,87.472,87.712,1305,0
2016-10-12,88.151,88.417,88.121,88.121,41167,0
2016-10-13,86.853,87.507,86.853,87.35,1430,0
2016-10-14,87.871,87.871,86.991,86.991,6961,0
2016-10-17,87.011,87.335,87.001,87.079,2213,0
2016-10-18,87.934,87.934,87.338,87.65,7008,0
2016-10-19,87.875,88.427,87.553,88.171,1535,0
2016-10-20,88.141,88.141,87.641,87.96,6348,0
2016-10-21,87.295,87.933,87.265,87.818,1942,0
2016-10-24,88.476,88.486,88.23,88.437,2875,0
2016-10-25,88.447,88.447,87.68,87.827,6169,0
2016-10-26,87.472,87.973,87.214,87.323,2218,0
2016-10-27,87.075,87.075,86.323,86.382,3067,0
2016-10-28,86.342,86.589,85.875,86.155,4795,0
2016-10-31,86.184,86.448,86.008,86.448,4993,0
2016-11-01,86.313,86.313,85.103,85.319,70640,0
2016-11-02,85.319,85.339,84.375,84.375,5498,0
2016-11-03,84.745,84.745,84.241,84.483,2391,0
2016-11-04,84.445,85.241,84.445,84.641,4600,0
2016-11-07,85.92,86.706,85.92,86.646,9896,0
2016-11-08,86.765,87.074,86.194,86.787,2553,0
2016-11-09,86.303,89.694,86.303,89.655,9237,0
2016-11-10,90.972,91.686,90.108,91.288,6195,0
2016-11-11,91.573,93.51,91.573,93.51,18169,0
2016-11-14,94.661,95.302,94.661,95.133,12248,0
2016-11-15,94.906,95.605,94.385,95.398,8750,0
2016-11-16,95.31,95.635,95.044,95.526,10971,0
2016-11-17,95.909,96.309,95.743,95.899,7425,0
2016-11-18,96.244,96.558,96.133,96.499,8604,0
2016-11-21,96.824,97.009,96.294,96.882,15783,0
2016-11-22,97.433,98.239,97.391,98.23,28971,0
2016-11-23,98.172,98.793,97.787,98.644,22388,0
2016-11-25,98.901,99.011,98.733,99.011,9223,0
2016-11-28,99.05,99.05,97.886,97.886,23509,0
2016-11-29,98.407,98.407,97.925,97.925,2533,0
2016-11-30,98.493,98.683,97.887,98.002,7309,0
2016-12-01,98.523,98.523,97.556,98.014,67928,0
2016-12-02,97.856,98.349,97.694,97.817,7273,0
2016-12-05,98.773,99.71,98.773,99.67,10347,0
2016-12-06,100.04,100.91,99.388,100.71,21904,0
2016-12-07,100.9,102.03,100.64,101.85,25803,0
2016-12-08,102.13,103.79,101.91,103.38,27412,0
2016-12-09,104.31,104.31,103.44,103.95,30948,0
2016-12-12,104.04,104.34,102.62,102.72,43995,0
2016-12-13,103.48,103.48,102.21,102.69,35029,0
2016-12-14,102.56,103.03,101.1,101.24,55549,0
2016-12-15,101.42,102.84,101.24,102.19,34388,0
2016-12-16,102.06,103.15,101.7,101.72,15121,0
2016-12-19,102.1,102.68,102.03,102.68,7136,0
2016-12-20,103.2,103.82,103.07,103.82,17780,0
2016-12-21,103.84,103.85,103.24,103.24,17452,0
2016-12-22,103.28,103.32,102.15,102.49,8362,0
2016-12-23,102.57,102.72,102.49,102.72,2489,0
2016-12-27,103.01,103.58,102.86,103.18,15937,0
2016-12-28,103.55,103.55,102.03,102.31,15262,0
2016-12-29,102.46,103,101.9,102.35,8894,0
2016-12-30,102.74,102.74,101.85,102.02,13933,0
2017-01-03,103.23,103.47,101.83,102.65,47305,0
2017-01-04,103.12,104.24,103.08,104.22,34599,0
2017-01-05,104.02,104.02,102.39,102.8,22393,0
2017-01-06,102.78,102.98,102.2,102.26,13106,0
2017-01-09,102.06,102.06,101.01,101.01,20119,0
2017-01-10,101.14,102.29,101.14,102.2,12519,0
2017-01-11,102.29,102.5,101.92,102.49,9502,0
2017-01-12,102.39,102.39,100.31,101.33,7053,0
2017-01-13,101.53,102.57,101.53,102.02,10804,0
2017-01-17,101.87,101.87,100.55,100.6,8429,0
2017-01-18,100.94,101.07,100.5,101.07,4359,0
2017-01-19,101.3,101.3,99.91,100.15,5883,0
2017-01-20,100.73,100.99,100.53,100.8,5500,0
2017-01-23,100.68,100.8,99.93,100.46,16682,0
2017-01-24,100.84,102.35,100.81,102.07,11519,0
2017-01-25,102.98,103.25,102.85,103.03,13252,0
2017-01-26,103.08,103.25,102.64,102.88,28157,0
2017-01-27,103.02,103.02,101.98,102.29,11111,0
2017-01-30,101.69,101.69,100.02,100.7,31129,0
2017-01-31,100.34,101.34,99.93,101.12,10345,0
2017-02-01,101.73,102.13,100.8,101.19,16776,0
2017-02-02,100.83,101.43,100.65,100.82,7716,0
2017-02-03,101.74,102.47,101.44,102.47,8046,0
2017-02-06,102.25,102.44,101.52,101.56,6715,0
2017-02-07,101.74,101.99,100.85,101.03,12417,0
2017-02-08,100.65,100.69,99.93,100.56,6715,0
2017-02-09,101.83,102.12,101.83,101.92,22516,0
2017-02-10,102.5,102.93,102.34,102.89,5091,0
2017-02-13,103.39,103.6,103.1,103.28,10317,0
2017-02-14,103.05,103.83,102.84,103.75,18661,0
2017-02-15,103.4,104.2,103.21,104.19,12194,0
2017-02-16,104.22,104.22,103.37,103.95,8857,0
2017-02-17,103.28,103.69,103.21,103.69,10909,0
2017-02-21,103.93,104.51,103.93,104.46,11858,0
2017-02-22,104.42,104.42,103.88,104.2,9410,0
2017-02-23,104.4,104.4,102.98,103.7,8206,0
2017-02-24,102.74,103.29,102.58,103.16,11596,0
2017-02-27,102.92,104.11,102.92,104.04,10736,0
2017-02-28,103.81,103.81,102.41,102.51,13136,0
2017-03-01,103.88,104.89,103.88,104.76,17666,0
2017-03-02,104.62,104.62,102.79,102.82,90140,0
2017-03-03,102.83,103.37,102.27,102.84,7027,0
2017-03-06,102.29,102.29,101.65,102.14,5709,0
2017-03-07,102.08,102.08,101.4,101.51,4968,0
2017-03-08,101.68,101.72,100.39,100.39,3315,0
2017-03-09,100.32,100.75,99.72,99.98,19450,0
2017-03-10,100.48,100.48,99.358,100.07,16501,0
2017-03-13,100.12,100.77,100.05,100.46,10752,0
2017-03-14,100.04,100.05,99.229,100.02,10469,0
2017-03-15,100.4,101.55,100.36,101.42,9636,0
2017-03-16,101.83,102.02,101.51,101.75,6390,0
2017-03-17,101.9,102.28,101.4,102.28,4922,0
2017-03-20,102.21,102.21,101.43,101.43,13191,0
2017-03-21,102.09,102.09,98.503,98.503,27784,0
2017-03-22,98.397,98.635,97.703,98.367,4834,0
2017-03-23,98.228,99.58,98.089,99.189,9256,0
2017-03-24,99.348,99.78,98.69,99.07,3289,0
2017-03-27,97.584,99.149,97.584,99.099,4801,0
2017-03-28,98.813,100.2,98.813,100.18,81217,0
2017-03-29,100.04,100.55,99.94,100.39,5067,0
2017-03-30,100.56,101.6,100.56,101.55,3725,0
2017-03-31,101.68,102.08,101.31,101.68,22185,0
2017-04-03,101.84,101.97,100.38,100.61,8494,0
2017-04-04,100.44,100.83,100.24,100.6,6778,0
2017-04-05,101.21,101.67,99.239,99.418,11614,0
2017-04-06,99.378,100.41,99.089,100.41,6155,0
2017-04-07,100.25,100.59,99.91,100.31,2999,0
2017-04-10,100.01,101.05,100.01,100.41,6480,0
2017-04-11,100.16,101.4,100.16,101.4,5481,0
2017-04-12,99.95,100.32,99.83,99.94,4623,0
2017-04-13,99.69,99.85,98.65,98.65,10228,0
2017-04-17,99.119,99.478,98.633,99.478,6094,0
2017-04-18,99.209,99.9,99.199,99.9,4867,0
2017-04-19,100.12,100.77,100.08,100.1,9284,0
2017-04-20,100.43,101.36,100.43,101.36,4953,0
2017-04-21,101,101.4,100.99,101.3,3404,0
2017-04-24,102.6,102.83,102.29,102.44,6531,0
2017-04-25,103.27,103.82,103.27,103.37,6547,0
2017-04-26,103.38,104.84,103.38,104.4,6384,0
2017-04-27,104.49,104.49,103.35,103.7,4282,0
2017-04-28,103.35,103.35,102.07,102.08,4730,0
2017-05-01,102.36,102.5,101.61,102.45,75898,0
2017-05-02,102.7,102.7,101.64,101.87,4448,0
2017-05-03,101.43,101.51,101.14,101.48,6632,0
2017-05-04,101.6,101.6,100.62,101.06,5292,0
2017-05-05,101.73,101.73,100.93,101.61,5177,0
2017-05-08,101.65,101.69,101.02,101.51,6783,0
2017-05-09,101.77,101.77,101.17,101.17,5239,0
2017-05-10,100.74,101.79,100.74,101.69,5778,0
2017-05-11,101.26,101.26,100.16,100.86,27889,0
2017-05-12,100.55,100.55,100.01,100.13,8027,0
2017-05-15,100.7,101.39,100.7,100.85,4413,0
2017-05-16,100.96,100.96,100.32,100.92,6673,0
2017-05-17,99.219,99.51,98.302,98.654,9306,0
2017-05-18,98.04,98.703,97.861,98.635,8938,0
2017-05-19,98.843,99.478,98.843,99.033,5354,0
2017-05-22,99.279,99.86,99.279,99.79,54179,0
2017-05-23,99.65,100.3,99.59,99.89,3366,0
2017-05-24,100.35,100.6,99.299,100.07,26188,0
2017-05-25,100.67,100.67,99.68,99.94,18643,0
2017-05-26,99.78,100.02,99.6,99.86,3077,0
2017-05-30,99.52,99.71,99.004,99.149,8365,0
2017-05-31,99.06,99.06,97.731,98.921,8127,0
2017-06-01,99.239,100.73,98.911,100.73,3798,0
2017-06-02,100.9,101.94,100.9,101.08,5871,0
2017-06-05,101.14,101.19,100.84,100.84,7121,0
2017-06-06,99.92,100.86,99.81,100.36,3968,0
2017-06-07,100.48,100.69,100.08,100.36,4455,0
2017-06-08,100.35,102.55,100.25,102.04,19671,0
2017-06-09,102.6,103.92,102.6,103.43,13249,0
2017-06-12,103.76,104.15,103.07,103.24,6097,0
2017-06-13,103.89,103.91,103.44,103.88,5070,0
2017-06-14,103.64,103.64,102.5,102.93,5344,0
2017-06-15,101.96,102.98,101.96,102.63,8540,0
2017-06-16,102.35,102.35,101.84,102.27,3855,0
2017-06-19,102.2,102.77,102.2,102.59,5649,0
2017-06-20,102.15,102.15,101.34,101.34,7396,0
2017-06-21,101.51,101.61,100.5,100.5,11617,0
2017-06-22,100.57,100.89,100.29,100.84,7549,0
2017-06-23,100.82,101.35,100.61,101.27,5013,0
2017-06-26,101.63,102.11,101.37,101.68,8042,0
2017-06-27,101.74,102.11,101.36,101.38,9224,0
2017-06-28,101.79,103.05,101.79,102.57,10204,0
2017-06-29,103.15,103.15,101.55,102.57,4059,0
2017-06-30,102.71,102.71,102.16,102.35,9435,0
2017-07-03,102.64,103.86,102.64,103.72,3696,0
2017-07-05,103.52,103.52,102.33,102.91,10961,0
2017-07-06,102.33,102.49,101.45,101.45,7648,0
2017-07-07,101.81,102.31,101.38,102.2,5414,0
2017-07-10,101.78,102.25,101.57,101.7,4309,0
2017-07-11,101.33,101.81,100.98,101.68,7380,0
2017-07-12,102.09,102.93,102.09,102.31,4868,0
2017-07-13,102.01,102.48,102.01,102.48,1779,0
2017-07-14,102.59,102.85,102.55,102.77,2200,0
2017-07-17,102.47,103.42,102.47,102.96,5486,0
2017-07-18,102.66,102.78,102.37,102.78,2835,0
2017-07-19,102.79,103.85,102.79,103.85,3210,0
2017-07-20,104,104.06,103.89,103.93,2033,0
2017-07-21,103.6,103.84,103.21,103.32,8277,0
2017-07-24,103.28,103.61,102.87,103.14,6200,0
2017-07-25,103.76,104.6,103.76,104.45,19376,0
2017-07-26,104.43,104.43,103.59,103.63,9107,0
2017-07-27,103.97,103.97,103.22,103.3,3639,0
2017-07-28,103.45,103.45,102.84,103.2,8974,0
2017-07-31,103.68,103.68,102.53,103.01,25649,0
2017-08-01,103.53,103.53,102.73,103.35,30178,0
2017-08-02,103.25,103.28,102.1,102.38,26190,0
2017-08-03,102.52,102.52,101.39,101.7,13587,0
2017-08-04,101.88,102.38,101.88,102.34,8122,0
2017-08-07,102.38,102.49,101.86,102.06,22159,0
2017-08-08,102.3,103.18,101.8,101.95,15547,0
2017-08-09,101.42,101.42,100.56,100.8,12591,0
2017-08-10,100.59,100.59,99.358,99.358,9432,0
2017-08-11,99.279,99.468,98.651,98.95,16777,0
2017-08-14,99.84,100.45,99.55,100.39,6515,0
2017-08-15,100.72,100.72,99.55,99.55,22604,0
2017-08-16,99.89,100.18,99.348,99.448,11568,0
2017-08-17,99.239,99.56,97.696,97.696,9326,0
2017-08-18,97.397,97.915,96.889,97.596,8462,0
2017-08-21,97.706,97.775,97.203,97.686,7961,0
2017-08-22,97.935,98.572,97.935,98.512,4269,0
2017-08-23,98.074,98.825,98.074,98.592,3485,0
2017-08-24,99.05,99.056,98.691,98.91,5595,0
2017-08-25,99.279,99.64,99.05,99.488,5591,0
2017-08-28,99.398,99.65,99.046,99.428,21892,0
2017-08-29,98.612,99.428,98.552,99.328,7933,0
2017-08-30,99.249,99.78,99.02,99.73,10824,0
2017-08-31,99.99,100.6,99.98,100.52,5224,0
2017-09-01,100.69,101.2,100.65,101.2,4016,0
2017-09-05,101.25,101.31,99.83,99.93,8141,0
2017-09-06,100.4,100.4,100.05,100.12,9963,0
2017-09-07,100.36,100.36,99.468,99.72,7241,0
2017-09-08,99.398,100.12,99.378,99.81,13030,0
2017-09-11,100.75,101.34,100.75,101.08,8946,0
2017-09-12,101.53,102.1,101.35,101.92,6068,0
2017-09-13,101.94,102.62,101.74,102.4,7527,0
2017-09-14,102.82,102.82,102.2,102.36,5010,0
2017-09-15,102.23,102.83,102.23,102.83,3189,0
2017-09-18,103.03,103.57,103.03,103.36,13916,0
2017-09-19,103.62,103.62,103.39,103.55,3452,0
2017-09-20,103.67,104.19,103.47,104.05,13731,0
2017-09-21,104.19,104.27,103.91,103.91,9625,0
2017-09-22,103.83,104.62,103.83,104.61,7218,0
2017-09-25,104.62,105.2,104.46,105.01,6567,0
2017-09-26,105.02,105.8,105.02,105.57,4801,0
2017-09-27,106.44,107.52,105.71,107.36,5240,0
2017-09-28,107.36,107.74,106.93,107.67,4731,0
2017-09-29,107.86,107.94,107.6,107.72,14152,0
2017-10-02,107.7,108.74,107.54,108.74,12254,0
2017-10-03,109.21,109.21,108.477,109.13,12881,0
2017-10-04,108.9,109.09,108.221,108.52,17681,0
2017-10-05,108.7,109.298,108.55,109.04,3726,0
2017-10-06,108.82,108.84,108.5,108.71,3334,0
2017-10-09,108.94,108.94,108.213,108.39,7003,0
2017-10-10,108.83,108.9,108.61,108.84,4389,0
2017-10-11,108.895,108.895,108.607,108.76,1738,0
2017-10-12,108.66,108.66,108.51,108.51,5493,0
2017-10-13,108.69,109.01,108.43,108.43,5473,0
2017-10-16,108.86,109.17,108.311,108.48,4825,0
2017-10-17,108.41,108.69,108.01,108.01,7474,0
2017-10-18,108.52,108.87,108.398,108.64,6648,0
2017-10-19,108.1,108.57,107.96,108.55,15646,0
2017-10-20,109.2,109.2,108.82,108.84,4958,0
2017-10-23,109.03,109.03,107.97,107.97,8352,0
2017-10-24,108.21,108.47,108.21,108.21,4011,0
2017-10-25,108.11,108.11,106.959,107.76,5577,0
2017-10-26,108.07,108.26,107.8,108.01,5282,0
2017-10-27,107.92,108.57,107.66,108.54,4183,0
2017-10-30,108.14,108.23,106.91,107.15,4366,0
2017-10-31,107.37,108.18,107.37,108.08,4802,0
2017-11-01,108.51,108.51,107.025,107.28,8631,0
2017-11-02,107.25,107.967,107.25,107.967,13460,0
2017-11-03,107.58,107.58,107.22,107.22,18651,0
2017-11-06,107.22,107.75,107.22,107.57,2633,0
2017-11-07,106.67,106.81,105.946,106.1,22050,0
2017-11-08,105.83,106,105,105.92,8440,0
2017-11-09,105.28,106.14,104.819,105.566,7134,0
2017-11-10,105.66,106.02,105.62,105.9,3751,0
